@relation SyntheticData-N_1200-D_4-Nmin_100-Zmin_32-CL_1_3-R_0
@attribute X0 real [-3.61, 4.21]
@attribute X1 real [-4.46, 4.92]
@attribute X2 real [-4.15, 3.97]
@attribute X3 real [-5.07, 6.30]
@attribute cluster_idx {0,1,2,3}
@attribute is_noise {0,1}
@attribute Class {0,1}
@inputs X0,X1,X2,X3,cluster_idx,is_noise
@output Class
@data
-0.9,-0.05,0.32,0.74,0,0,1
2.28,1.55,-1.23,0.18,0,0,1
0.13,1.56,-0.36,0.3,0,0,1
-0.94,-1.56,0.05,0.99,0,0,1
-1.93,-1.4,1.31,0.76,0,0,1
0.62,0.36,-1.04,0.36,0,0,1
2.33,0.72,-3.0,0.88,0,0,1
-1.61,0.06,1.55,-2.5,0,0,1
1.28,0.2,-1.94,1.54,0,0,1
-0.89,-0.7,0.84,0.15,0,0,1
-0.61,-2.35,-0.55,1.59,0,0,1
1.72,0.76,-0.51,-0.19,0,0,1
-0.58,0.53,2.71,-2.66,0,0,1
2.16,0.18,-1.28,-0.16,0,0,1
-0.63,-1.06,-0.47,0.75,0,0,1
0.3,-1.47,-0.31,0.64,0,0,1
-0.22,-1.84,-1.51,1.31,0,0,1
-1.8,-0.79,0.92,0.21,0,0,1
-0.41,0.18,0.47,-0.3,0,0,1
-0.2,-0.67,0.78,-0.46,0,0,1
1.24,2.04,-1.95,1.57,0,0,1
0.84,0.55,-1.78,1.83,0,0,1
-0.22,0.82,0.79,-1.35,0,0,1
0.74,1.0,-0.42,-0.09,0,0,1
-0.1,-0.66,-0.18,3.94,0,0,1
-1.34,-0.84,0.92,0.33,0,0,1
-0.25,1.36,0.97,-0.8,0,0,1
0.53,0.41,-0.42,-0.42,0,0,1
1.96,-0.42,-1.7,1.15,0,0,1
-1.54,-1.84,0.13,1.22,0,0,1
1.19,-2.38,-1.03,1.48,0,0,1
-0.79,-0.51,-0.29,1.09,0,0,1
-0.63,-1.63,0.2,0.57,0,0,1
-3.17,-0.26,2.34,-0.42,0,0,1
-1.84,-1.32,0.44,1.86,0,0,1
2.23,0.87,-0.64,-1.83,0,0,1
1.58,1.41,-0.98,0.11,0,0,1
1.2,1.52,-0.26,0.3,0,0,1
1.42,1.09,-1.26,-0.93,0,0,1
0.44,-1.14,-0.04,1.13,0,0,1
-2.02,-0.8,1.28,1.53,0,1,0
-0.22,-0.11,0.88,-1.29,0,0,1
0.2,0.85,-0.12,-0.59,0,0,1
0.03,-0.04,-1.41,3.14,0,0,1
0.13,1.87,1.18,-0.1,0,0,1
0.35,2.11,-0.43,1.14,0,0,1
0.19,0.01,0.85,-0.73,0,0,1
-0.55,-0.8,0.26,0.43,0,0,1
-0.52,0.37,-0.16,0.46,0,0,1
-0.99,0.34,0.8,-1.66,0,0,1
0.75,1.2,-0.36,-0.61,0,0,1
-2.11,-0.38,1.67,0.75,0,0,1
-0.0,-0.07,1.1,-1.76,0,0,1
1.2,0.7,-0.39,-0.81,0,0,1
1.62,1.45,-0.97,-0.8,0,0,1
0.86,0.37,-0.81,0.97,0,0,1
-1.54,-0.03,1.13,-0.29,0,0,1
-2.81,0.01,2.64,-1.63,0,0,1
3.08,1.56,-3.31,1.24,0,0,1
-0.69,0.35,-0.03,1.22,0,0,1
-1.02,-0.22,0.46,-1.5,0,0,1
1.3,0.3,-1.5,0.65,0,0,1
0.49,0.21,0.53,-0.53,0,0,1
1.3,0.97,-0.82,0.63,0,0,1
-1.1,0.02,1.32,-1.38,0,0,1
-1.76,-0.15,0.84,0.19,0,0,1
2.88,0.75,-2.11,0.63,0,0,1
2.36,1.38,-2.25,0.76,0,0,1
2.86,1.17,-3.2,0.77,0,0,1
2.52,0.17,-2.76,1.97,0,0,1
-1.02,-2.19,1.25,-0.6,0,0,1
-0.6,-0.58,-0.34,1.53,0,0,1
-2.29,-0.63,2.78,-0.67,0,0,1
-0.66,-0.8,-0.19,1.15,0,0,1
1.22,2.34,-0.73,-1.2,0,0,1
1.08,1.23,-0.74,-0.04,0,0,1
-0.88,1.46,-0.41,1.74,0,0,1
-0.06,0.05,-0.32,0.06,0,0,1
0.28,0.67,-1.06,1.82,0,0,1
0.14,2.21,-1.27,0.27,0,0,1
-0.43,1.4,-0.02,0.73,0,0,1
-0.93,-1.22,0.93,0.2,0,0,1
1.7,-0.03,-2.37,1.99,0,0,1
2.23,0.76,-1.46,0.23,0,0,1
0.75,1.54,-1.21,1.77,0,0,1
0.65,-0.78,-1.32,1.67,0,0,1
2.24,1.85,-1.18,-1.73,0,0,1
-2.02,-1.47,1.32,0.87,0,0,1
0.58,0.58,0.58,-0.17,0,0,1
2.01,-0.29,-1.52,-0.67,0,0,1
0.21,-0.67,-0.59,0.44,0,0,1
0.44,0.56,-0.18,-0.75,0,0,1
0.56,-0.32,-1.68,1.29,0,0,1
0.05,0.0,0.55,-1.77,0,0,1
-0.91,-1.45,1.2,-0.32,0,0,1
-1.78,-1.49,0.81,1.44,0,0,1
0.65,0.04,-0.27,0.29,0,0,1
0.77,-0.78,-0.45,-0.09,0,0,1
-1.64,-2.15,1.73,-0.57,0,0,1
-0.69,-1.11,0.49,-0.83,0,0,1
0.87,0.66,0.2,-0.33,1,0,0
1.32,-0.4,-0.66,-1.81,1,0,0
1.18,0.59,0.03,-1.27,1,1,1
0.0,-1.49,-0.55,-0.46,1,0,0
-0.29,-3.71,-2.03,-0.66,1,0,0
-1.05,-0.69,0.18,1.15,1,0,0
-0.09,3.38,2.47,2.04,1,0,0
0.52,0.32,-0.02,-0.61,1,0,0
-0.64,-2.2,-0.87,-0.01,1,0,0
0.36,2.21,1.63,0.28,1,0,0
0.46,0.83,0.51,-0.03,1,0,0
1.68,2.37,1.06,-1.62,1,0,0
-0.42,-1.08,-0.2,0.48,1,0,0
0.43,-1.72,-1.41,-0.91,1,0,0
-0.09,-0.52,-0.14,-0.09,1,0,0
-0.16,-0.15,0.3,0.8,1,0,0
-0.18,-1.52,-0.81,0.19,1,0,0
1.29,-2.0,-1.65,-3.16,1,0,0
-0.17,0.41,0.6,1.24,1,0,0
-1.14,-1.21,-0.01,1.67,1,0,0
-0.3,0.81,1.04,1.22,1,0,0
-0.16,-0.21,0.21,1.24,1,0,0
-1.21,0.24,1.1,1.36,1,0,0
-0.35,0.99,1.14,1.17,1,0,0
0.85,1.77,0.8,0.29,1,0,0
-1.74,-0.75,0.39,1.65,1,0,0
-0.09,-0.79,-0.27,-0.29,1,0,0
0.05,-0.78,-0.2,-0.26,1,0,0
-0.22,-1.86,-0.83,0.31,1,0,0
0.48,0.82,0.54,-0.38,1,0,0
0.49,0.35,0.35,-0.22,1,0,0
-0.4,1.09,1.1,1.39,1,0,0
0.21,-0.07,0.18,0.28,1,0,0
0.9,0.73,0.15,-0.37,1,0,0
-0.99,0.32,1.04,2.31,1,0,0
1.09,-0.19,-0.43,-1.2,1,0,0
0.74,0.85,0.68,0.35,1,0,0
-0.88,0.14,0.84,2.09,1,0,0
-0.24,-0.74,-0.13,0.42,1,0,0
-0.91,0.86,1.66,1.7,1,0,0
1.62,1.57,0.67,-1.24,1,0,0
0.15,0.95,0.74,0.64,1,0,0
0.84,0.9,0.44,-0.1,1,0,0
-1.16,-4.46,-2.3,-0.4,1,0,0
0.61,0.29,0.1,-0.59,1,0,0
0.1,-2.46,-1.49,-1.05,1,0,0
0.14,0.78,0.86,0.43,1,0,0
-1.28,-0.35,0.54,1.94,1,0,0
1.79,-1.56,-1.65,-2.84,1,0,0
0.53,0.56,0.31,-0.62,1,0,0
-0.92,-3.12,-1.66,0.33,1,0,0
-0.8,-1.2,-0.3,1.07,1,0,0
0.47,1.39,1.0,0.52,1,0,0
-1.68,1.02,1.7,3.56,1,0,0
0.6,3.38,2.38,1.51,1,0,0
-0.33,-1.75,-0.85,0.35,1,0,0
-0.14,2.69,2.11,0.86,1,0,0
-0.9,0.94,1.26,2.38,1,0,0
-0.61,-1.35,-0.39,0.52,1,0,0
-1.14,0.02,0.81,1.98,1,0,0
0.22,1.64,1.08,0.76,1,1,1
1.62,-1.86,-2.02,-2.6,1,0,0
-0.18,-0.96,-0.59,0.03,1,0,0
-0.37,-1.4,-0.63,-0.18,1,0,0
1.28,0.13,-0.48,-1.47,1,0,0
-1.27,-2.6,-0.96,1.61,1,0,0
0.57,-0.92,-0.63,-1.47,1,0,0
0.47,0.74,0.38,-0.74,1,0,0
0.74,-1.28,-0.9,-0.27,1,0,0
0.51,0.37,0.03,0.15,1,1,1
0.61,2.07,1.27,0.02,1,0,0
-0.19,-1.61,-0.7,0.44,1,0,0
-0.88,0.1,0.47,2.0,1,1,1
-1.1,1.0,1.56,2.55,1,0,0
-1.98,-1.23,0.41,3.18,1,0,0
0.12,1.24,1.02,0.81,1,0,0
0.24,-0.47,-0.36,0.36,1,0,0
1.61,2.35,1.08,-0.64,1,0,0
-0.54,-0.88,-0.03,0.86,1,0,0
0.67,3.55,2.79,0.67,1,1,1
-0.21,-0.97,-0.36,0.84,1,0,0
-0.92,1.41,1.53,1.19,1,0,0
-0.26,1.95,1.73,1.33,1,1,1
-0.01,1.14,0.99,1.04,1,0,0
-1.01,-2.19,-0.91,1.09,1,0,0
-1.22,-0.22,0.7,1.63,1,0,0
0.36,-0.06,0.15,0.49,1,0,0
0.45,0.18,0.26,0.16,1,0,0
1.1,1.48,0.85,-0.65,1,0,0
0.4,3.4,2.48,1.49,1,0,0
0.76,-0.96,-0.96,-0.38,1,0,0
-0.38,1.48,1.41,1.61,1,0,0
-1.09,-2.43,-0.87,1.44,1,0,0
0.07,-0.45,0.04,-0.13,1,0,0
-0.3,-0.35,0.07,0.75,1,0,0
-1.15,-1.16,-0.12,1.98,1,0,0
0.78,-1.36,-1.2,-1.36,1,0,0
0.35,-2.56,-1.63,-1.76,1,0,0
0.96,-1.11,-0.98,-2.09,1,0,0
0.43,1.25,0.89,0.09,1,0,0
-0.08,-0.5,-0.27,-0.2,1,0,0
0.42,-0.14,-0.06,-0.91,1,0,0
-0.11,-0.41,0.28,0.28,1,0,0
-0.28,-0.25,0.27,0.57,1,0,0
-0.45,1.17,1.33,0.84,1,0,0
0.56,2.05,1.34,0.58,1,0,0
0.97,-0.06,-0.19,-1.32,1,0,0
0.34,-0.5,-0.51,-0.18,1,0,0
-0.32,0.65,0.74,1.81,1,0,0
-1.28,0.58,1.43,3.23,1,0,0
0.68,1.29,0.9,-0.27,1,0,0
0.53,-1.0,-0.93,-0.74,1,0,0
0.37,-2.05,-1.46,-1.02,1,0,0
-0.74,-0.11,0.55,2.01,1,0,0
0.79,2.93,1.98,-0.74,1,0,0
0.41,0.53,0.56,-0.72,1,0,0
0.03,-2.44,-1.43,-0.88,1,0,0
-0.75,-1.4,-0.57,0.8,1,0,0
0.52,0.96,0.85,0.39,1,0,0
0.29,1.33,0.87,0.11,1,0,0
1.6,-0.51,-1.03,-2.59,1,0,0
0.19,-2.84,-1.93,-0.99,1,0,0
2.22,-0.39,-0.97,-2.94,1,0,0
0.4,-0.36,-0.04,-0.76,1,0,0
1.6,-0.83,-1.22,-2.62,1,0,0
0.13,0.47,0.65,0.67,1,0,0
0.09,-0.93,-0.46,0.3,1,0,0
-0.83,0.25,0.62,1.59,1,0,0
0.09,-0.19,0.07,0.21,1,0,0
-0.17,0.16,0.31,0.54,1,0,0
1.3,-0.69,-0.93,-2.39,1,0,0
1.11,-2.19,-1.95,-2.01,1,1,1
-0.19,-1.42,-0.56,0.12,1,0,0
0.06,0.56,0.49,0.76,1,0,0
-0.29,0.6,0.78,1.61,1,0,0
0.12,0.36,0.19,0.52,1,0,0
0.24,-0.83,-0.43,0.24,1,0,0
1.32,-0.01,-0.59,-1.65,1,0,0
1.65,-0.99,-0.98,-2.28,1,0,0
-0.13,0.96,0.79,1.3,1,0,0
-0.73,2.73,2.67,1.87,1,0,0
0.86,-0.29,-0.35,-0.46,1,0,0
-0.16,-0.24,0.28,0.23,1,0,0
0.48,1.95,1.41,1.22,1,0,0
-1.33,1.27,1.79,2.75,1,0,0
-0.05,2.19,1.51,1.68,1,0,0
-1.13,0.02,0.82,2.99,1,0,0
0.03,-0.07,0.19,0.57,1,0,0
-1.66,-0.46,0.61,2.77,1,0,0
0.75,-0.19,-0.36,-0.89,1,0,0
0.67,-0.08,-0.13,-0.52,1,0,0
-0.19,-0.21,0.21,0.07,1,0,0
1.7,1.81,0.37,-2.15,1,0,0
0.55,-1.66,-1.3,-1.0,1,0,0
0.36,0.27,0.14,-0.14,1,0,0
-0.06,0.19,0.41,-0.17,1,0,0
2.29,0.68,-0.53,-2.22,1,0,0
1.66,-0.27,-0.81,-3.57,1,0,0
-0.91,-1.06,-0.02,1.29,1,0,0
-1.37,2.06,2.17,2.84,1,0,0
-0.6,-1.46,-0.49,1.21,1,0,0
-0.34,0.03,0.32,1.96,1,0,0
-1.49,1.15,1.92,3.59,1,0,0
0.3,0.05,0.02,0.02,1,0,0
-0.7,-0.43,0.2,1.19,1,0,0
0.82,-0.47,-0.52,-0.33,1,0,0
1.44,0.44,-0.19,-1.31,1,0,0
-0.59,1.05,1.1,1.22,1,0,0
-0.82,1.52,1.92,2.03,1,0,0
-0.29,-1.39,-0.64,-0.45,1,0,0
-0.58,1.05,1.1,1.11,1,0,0
0.01,-1.43,-0.77,-0.07,1,0,0
-0.14,0.64,0.88,0.22,1,1,1
-0.36,-0.41,0.2,0.62,1,0,0
-1.22,-0.4,0.48,1.47,1,0,0
1.83,0.5,-0.51,-2.63,1,0,0
-0.84,2.43,2.31,3.56,1,0,0
0.18,-0.15,-0.03,0.06,1,0,0
0.08,2.02,1.01,0.7,1,0,0
-0.85,-2.16,-0.97,0.55,1,0,0
-1.49,-0.24,0.75,2.27,1,0,0
0.94,2.54,1.5,-0.36,1,0,0
0.54,1.27,0.62,-0.49,1,0,0
0.03,-1.11,-0.52,-0.09,1,0,0
-0.22,0.45,0.51,0.75,1,0,0
-0.19,2.23,1.93,2.2,1,0,0
1.18,-0.19,-0.63,-1.97,1,0,0
-0.4,0.31,0.57,0.69,1,0,0
-0.28,-3.88,-2.46,-0.25,1,0,0
-0.07,1.71,1.31,1.46,1,0,0
-0.83,-0.18,0.44,1.2,1,0,0
0.33,-0.06,-0.25,-0.63,1,0,0
-0.28,0.51,0.69,0.67,1,0,0
-0.54,0.3,0.64,1.4,1,0,0
-0.35,0.93,1.09,2.53,1,0,0
0.69,-2.99,-1.97,-1.3,1,0,0
1.23,-0.21,-0.58,-0.68,1,0,0
-1.46,-0.07,0.86,2.99,1,0,0
-1.09,-2.96,-1.42,0.77,1,0,0
-0.07,0.2,0.29,-0.08,1,0,0
0.8,0.48,0.33,0.04,1,1,1
0.36,0.34,0.29,0.02,1,0,0
0.02,-1.14,-0.57,-0.51,1,0,0
1.13,-1.13,-0.87,-2.23,1,0,0
0.2,2.17,1.73,1.0,1,0,0
-0.21,0.38,0.71,1.57,1,0,0
0.61,0.92,0.58,0.33,1,0,0
-0.81,-1.64,-0.66,1.23,1,0,0
0.15,-0.96,-0.63,-1.18,1,0,0
1.37,0.71,0.06,-0.81,1,0,0
0.18,0.55,0.64,0.45,1,0,0
0.74,-1.45,-1.0,-1.06,1,0,0
-0.87,-0.91,-0.1,1.79,1,0,0
0.53,0.07,-0.0,-0.67,1,0,0
0.46,1.46,0.99,0.75,1,0,0
-0.48,-0.57,0.17,0.8,1,0,0
-1.01,-0.53,0.2,2.12,1,0,0
1.17,-0.2,-0.49,-1.42,1,0,0
-0.09,0.82,0.64,1.03,1,0,0
1.17,-0.54,-0.84,-1.64,1,0,0
0.59,0.27,0.08,0.06,1,0,0
0.84,1.95,1.14,-0.74,1,1,1
0.92,1.88,1.11,-0.29,1,0,0
0.38,1.59,0.87,0.06,1,0,0
0.22,0.31,0.17,-0.19,1,0,0
0.51,-0.33,-0.18,-0.39,1,0,0
-0.3,0.32,0.46,0.12,1,0,0
-0.38,-0.46,-0.15,0.56,1,0,0
1.19,1.52,0.44,-1.41,1,0,0
0.05,0.78,0.95,0.56,1,0,0
-0.82,-1.79,-0.52,0.62,1,0,0
-0.46,-1.93,-0.92,0.04,1,0,0
0.04,-1.21,-0.5,-0.54,1,1,1
0.8,0.79,0.36,-0.46,1,0,0
-0.8,-0.86,0.23,0.83,1,0,0
-0.63,-2.41,-0.85,0.08,1,0,0
-0.64,-0.26,0.59,1.96,1,0,0
0.48,-0.55,-0.54,-0.98,1,0,0
0.59,1.15,0.67,-0.22,1,0,0
0.33,-0.28,-0.1,-0.93,1,0,0
-0.45,-0.62,0.26,1.32,1,0,0
0.88,0.46,0.02,-1.13,1,0,0
-0.14,1.01,1.09,0.75,1,0,0
-0.54,0.34,0.83,0.64,1,0,0
0.66,1.05,0.66,-0.47,1,0,0
0.84,1.01,0.32,-0.27,1,0,0
1.3,-0.38,-0.48,-2.15,1,0,0
0.3,-1.13,-0.62,-0.37,1,0,0
-0.41,0.44,0.85,0.97,1,0,0
0.14,0.86,0.73,0.72,1,0,0
1.67,0.69,-0.26,-2.88,1,0,0
0.52,-1.88,-1.43,-1.49,1,0,0
1.04,-0.96,-1.12,-1.2,1,0,0
-0.89,-0.65,0.17,1.27,1,0,0
0.12,0.09,0.22,0.51,1,0,0
-0.27,-0.07,0.1,0.3,1,0,0
-2.19,-1.73,0.07,3.11,1,0,0
-0.53,-0.11,0.61,1.62,1,0,0
0.14,-1.85,-1.29,-0.87,1,0,0
-0.5,0.1,0.61,1.43,1,0,0
-0.54,0.56,0.98,1.74,1,0,0
1.09,-0.71,-0.77,-0.99,1,0,0
1.08,1.19,0.46,-0.71,1,0,0
-0.64,0.75,0.99,1.85,1,0,0
-0.65,-1.15,-0.32,1.48,1,0,0
0.25,1.25,0.93,0.38,1,0,0
1.96,0.4,-0.49,-1.81,1,0,0
-1.03,-1.3,-0.09,1.55,1,0,0
-0.08,-2.06,-1.04,-0.2,1,0,0
0.29,1.5,0.89,0.21,1,0,0
-1.16,-0.86,0.23,2.16,1,0,0
0.26,0.38,0.31,0.11,1,0,0
0.16,0.36,0.28,-0.03,1,0,0
1.24,-1.59,-1.41,-2.01,1,0,0
-1.16,-0.61,0.54,1.69,1,0,0
0.21,-0.42,-0.14,-1.05,1,0,0
-0.3,-0.94,-0.27,0.56,1,0,0
-0.73,-0.4,0.13,0.28,1,0,0
2.01,-2.67,-2.5,-3.97,1,0,0
-0.34,0.25,0.31,1.28,1,1,1
0.23,-0.54,-0.33,0.22,1,0,0
-0.13,0.06,0.25,0.83,1,0,0
0.68,1.38,0.76,-0.22,1,0,0
-0.85,2.7,2.18,2.4,1,0,0
1.21,-0.25,-0.53,-2.01,1,0,0
-1.09,-1.13,-0.03,0.64,1,0,0
1.05,-1.02,-1.06,-1.42,1,0,0
-0.62,-2.69,-1.09,0.67,1,0,0
0.67,-0.59,-0.48,-0.5,1,0,0
-0.35,-0.87,-0.16,0.76,1,0,0
-1.13,1.69,1.88,2.37,1,0,0
0.78,0.63,0.41,0.02,1,0,0
0.8,-1.75,-1.31,-1.91,1,0,0
-0.84,-1.98,-0.71,0.82,1,0,0
-0.42,0.06,0.76,0.75,1,0,0
0.29,0.19,0.26,0.23,1,0,0
0.37,-0.61,-0.46,-0.74,1,0,0
1.21,0.46,-0.06,-1.79,1,0,0
-0.88,1.9,2.38,1.88,1,0,0
0.77,-0.09,-0.06,-0.36,1,0,0
1.12,0.3,0.12,-1.03,1,0,0
0.97,0.52,-0.09,-0.61,1,0,0
-1.04,2.89,2.99,2.54,1,0,0
-0.13,-0.36,-0.07,0.71,1,0,0
-0.21,-1.96,-0.86,-0.75,1,0,0
-0.11,-0.18,0.03,0.37,1,0,0
-0.33,1.08,1.22,0.51,1,0,0
0.35,-0.82,-0.7,-1.1,1,0,0
-0.9,0.04,0.64,0.89,1,0,0
0.1,2.0,1.63,0.89,1,0,0
0.76,0.77,0.35,-0.56,1,0,0
0.36,1.09,0.64,0.01,1,0,0
0.52,1.41,1.03,0.59,1,0,0
0.42,-1.23,-0.67,-0.84,1,0,0
1.08,-0.26,-0.31,-1.14,1,1,1
0.75,-1.38,-0.64,-1.43,1,0,0
0.4,-2.36,-1.6,-0.97,1,1,1
0.05,-0.51,-0.0,0.14,1,0,0
-0.16,-0.54,0.07,0.07,1,0,0
0.77,-2.07,-1.71,-1.88,1,0,0
-0.14,-1.46,-0.62,0.35,1,0,0
-1.18,2.03,2.41,3.06,1,0,0
-0.29,-1.04,-0.23,0.11,1,0,0
-0.66,-0.33,0.78,1.83,1,0,0
0.66,0.28,-0.26,0.47,1,0,0
1.39,1.07,0.03,-1.11,1,0,0
-0.15,-1.18,-0.65,0.24,1,0,0
-0.49,-2.23,-1.26,0.03,1,0,0
-0.13,0.11,0.09,0.5,1,0,0
-0.54,-0.7,-0.11,1.09,1,0,0
0.89,1.48,0.83,-0.42,1,0,0
-0.06,-0.98,-0.62,0.01,1,0,0
0.02,0.89,0.59,1.39,1,0,0
-0.1,-1.71,-0.96,-0.23,1,0,0
-0.06,2.87,2.33,1.01,1,0,0
-1.02,-2.13,-0.82,0.91,1,0,0
-0.73,-1.17,0.01,1.34,1,0,0
-1.04,-2.91,-1.48,1.77,1,0,0
-0.53,1.14,1.35,1.44,1,0,0
-0.57,-1.69,-0.51,0.78,1,0,0
-1.51,-1.87,-0.14,2.04,1,0,0
0.46,-0.96,-0.72,-0.97,1,1,1
-0.29,0.1,0.33,-0.52,1,0,0
1.09,0.13,-0.36,-1.3,1,0,0
0.51,-1.03,-0.92,-0.74,1,0,0
-0.99,1.06,1.61,2.07,1,0,0
-0.52,1.82,1.6,2.28,1,0,0
-0.72,0.32,0.88,1.86,1,0,0
0.72,2.26,1.34,0.78,1,0,0
1.36,0.49,-0.27,-1.39,1,0,0
0.27,-1.99,-1.23,-0.79,1,0,0
-0.2,-1.07,-0.56,0.28,1,0,0
-0.12,-1.59,-0.81,-0.08,1,0,0
-0.01,-0.32,-0.24,0.96,1,0,0
0.62,-0.9,-0.77,-1.31,1,0,0
0.84,-0.29,-0.34,-0.39,1,0,0
-0.61,0.04,0.49,1.06,1,0,0
-0.57,0.57,1.06,1.09,1,0,0
1.18,0.35,-0.42,-1.5,1,0,0
-0.49,1.14,1.23,1.79,1,1,1
0.33,-1.68,-0.97,-0.84,1,0,0
0.09,-0.53,0.14,0.59,1,0,0
-0.62,1.77,1.63,1.76,1,0,0
-0.12,0.25,0.75,0.24,1,0,0
-0.9,0.05,0.48,2.11,1,0,0
0.33,0.43,0.3,-0.17,1,0,0
0.32,-0.34,-0.29,-0.56,1,0,0
1.64,-0.04,0.71,-0.23,2,0,0
-1.23,-0.09,1.74,0.67,2,0,0
1.23,-1.71,-2.88,-1.61,2,0,0
-1.21,-2.64,2.11,-0.54,2,0,0
-1.12,2.47,0.86,0.53,2,0,0
1.2,-0.56,0.89,0.39,2,0,0
0.06,0.14,0.02,-0.1,2,0,0
0.33,0.61,0.09,0.67,2,0,0
-0.8,-2.24,-2.9,-0.85,2,0,0
0.51,-3.05,-2.39,-2.5,2,0,0
-0.83,-1.7,0.61,-0.98,2,0,0
-1.51,0.7,-0.98,-0.4,2,0,0
-0.86,1.25,1.86,0.55,2,0,0
-2.53,0.66,1.5,0.66,2,0,0
1.4,3.05,-1.8,-0.23,2,0,0
0.88,0.7,-2.0,0.03,2,0,0
1.15,1.59,-0.4,1.03,2,0,0
0.76,-1.29,-1.35,-0.59,2,0,0
1.32,-0.33,-0.97,0.12,2,0,0
-0.41,-1.64,1.34,-0.38,2,0,0
0.22,-1.26,0.97,-0.69,2,0,0
-0.77,0.26,0.55,0.1,2,0,0
0.68,1.87,0.51,0.28,2,0,0
-0.85,1.86,-0.75,1.18,2,0,0
-0.22,0.86,1.78,0.53,2,0,0
0.12,-0.61,-1.13,-0.59,2,0,0
-1.32,-3.08,-0.84,-0.8,2,0,0
-1.13,0.59,2.66,0.9,2,0,0
0.26,0.57,-0.82,-0.57,2,0,0
-0.59,-2.25,0.02,0.01,2,0,0
0.24,0.74,1.22,0.72,2,0,0
1.29,-3.06,-2.91,-2.83,2,0,0
1.55,0.99,-0.63,-0.07,2,0,0
0.85,0.33,0.83,-0.29,2,0,0
-0.08,2.16,0.28,1.26,2,0,0
0.84,0.76,0.28,0.55,2,0,0
-1.39,-0.38,1.04,-0.26,2,0,0
-0.45,-2.12,0.91,-0.69,2,0,0
2.05,-0.75,-3.24,-1.73,2,0,0
0.56,0.45,-1.25,-0.01,2,1,1
-0.24,2.06,0.93,1.4,2,0,0
-2.27,-3.14,0.32,-0.86,2,0,0
0.74,1.29,-0.97,-0.01,2,0,0
-0.28,-3.1,-0.35,-1.37,2,0,0
0.55,0.8,0.79,0.63,2,0,0
0.04,1.99,0.68,0.93,2,0,0
0.69,1.57,1.38,0.3,2,0,0
0.6,-2.08,1.18,-1.53,2,0,0
0.59,-0.06,0.65,-0.22,2,0,0
1.62,0.09,0.89,-0.38,2,0,0
1.28,-0.11,-0.52,-0.25,2,0,0
0.66,0.33,-1.91,-0.17,2,0,0
0.25,-0.32,0.77,-0.19,2,0,0
-0.08,-2.97,-1.28,-1.44,2,0,0
-0.78,-0.3,1.2,-0.35,2,0,0
-0.69,2.65,2.19,1.32,2,0,0
-1.01,-2.27,-1.24,-1.46,2,0,0
1.31,1.15,-3.17,-0.52,2,0,0
-0.72,0.65,-0.43,-0.09,2,0,0
-0.34,2.3,0.67,1.22,2,0,0
-1.7,-0.84,-0.85,-0.1,2,0,0
-1.41,0.4,1.58,1.01,2,0,0
-2.11,-0.43,0.13,-0.4,2,0,0
0.32,1.53,0.57,0.77,2,0,0
0.87,-0.36,-0.73,-0.45,2,0,0
-0.18,-0.88,-1.07,-0.96,2,0,0
-0.7,-0.22,0.77,-0.39,2,0,0
0.6,-0.67,0.67,-0.45,2,0,0
2.02,1.58,-1.05,0.5,2,0,0
-0.98,-0.38,0.71,-0.76,2,0,0
-0.83,-2.04,1.63,-0.54,2,0,0
0.9,1.12,-2.24,-0.61,2,0,0
-0.04,0.26,0.88,-0.12,2,0,0
-2.16,0.0,1.05,0.09,2,0,0
-0.9,0.13,0.57,0.41,2,0,0
0.04,-1.77,-1.49,-0.62,2,0,0
0.35,0.22,-0.02,0.45,2,0,0
1.51,3.09,-1.19,1.04,2,0,0
-1.2,0.26,0.05,0.06,2,0,0
-0.5,0.46,1.0,0.72,2,0,0
-1.15,0.39,1.48,-0.17,2,0,0
-0.83,-0.52,0.01,-0.38,2,0,0
-1.12,-0.91,1.51,-0.02,2,0,0
0.35,-0.58,-1.22,-1.16,2,0,0
0.67,3.05,1.21,1.33,2,0,0
-1.58,-0.81,1.44,-0.04,2,0,0
-2.23,-1.88,2.53,-0.35,2,0,0
-0.08,0.29,-0.79,-0.01,2,0,0
0.1,2.44,-0.16,0.47,2,0,0
0.9,0.36,-1.5,-0.7,2,0,0
-0.87,-1.47,1.68,-0.48,2,0,0
-0.23,-3.1,1.28,-0.52,2,0,0
0.02,-0.27,0.54,-0.27,2,0,0
0.2,1.15,-0.21,0.36,2,0,0
1.42,0.46,-1.72,-0.77,2,0,0
-0.5,-0.66,1.19,0.16,2,0,0
0.21,-0.75,0.07,-0.57,2,0,0
0.11,0.08,-0.03,-0.21,2,0,0
-1.28,0.05,-0.72,-0.31,2,0,0
0.72,0.13,-2.14,-0.67,2,0,0
-1.65,0.88,0.63,0.1,2,0,0
-0.31,-0.79,0.52,-0.55,2,0,0
1.69,0.46,-0.08,0.19,2,0,0
-1.28,0.57,-0.51,-0.71,2,0,0
1.78,-0.54,-1.16,-1.5,2,0,0
1.07,1.22,-2.02,0.17,2,0,0
-1.09,-0.95,1.23,-1.11,2,0,0
-0.88,0.37,0.87,-0.02,2,0,0
-1.98,-0.97,0.8,0.32,2,0,0
-0.2,1.9,2.11,0.98,2,0,0
-1.06,1.26,1.53,0.73,2,0,0
-1.75,-3.01,0.2,-0.87,2,0,0
-0.07,-1.66,-2.0,-1.22,2,0,0
-1.71,-1.65,0.43,0.17,2,0,0
1.0,0.17,-1.28,-0.09,2,0,0
1.04,0.95,0.16,-0.65,2,0,0
1.11,0.77,-0.15,-0.35,2,0,0
1.01,2.0,0.84,0.28,2,0,0
-0.15,2.11,-0.45,1.12,2,0,0
0.46,-1.52,0.01,-0.7,2,0,0
0.59,1.53,-0.5,0.75,2,0,0
0.12,0.13,1.99,-0.42,2,0,0
0.78,4.21,0.43,1.19,2,0,0
1.74,1.17,-1.12,-0.14,2,0,0
1.03,-2.14,-3.08,-1.79,2,0,0
0.37,-0.87,-0.52,-0.77,2,0,0
-0.41,0.58,1.59,0.31,2,0,0
1.65,-2.52,-4.15,-1.82,2,0,0
-0.75,2.11,0.91,1.11,2,0,0
-0.03,-1.35,0.12,-0.17,2,0,0
-0.08,-2.33,1.1,-1.25,2,0,0
-0.9,-0.59,-0.24,-0.39,2,0,0
-0.24,-0.41,-0.59,-0.03,2,0,0
-0.71,-1.22,0.61,-0.52,2,0,0
1.17,1.7,-0.92,-0.14,2,0,0
0.27,2.36,-0.61,0.43,2,0,0
-1.22,0.34,1.97,0.76,2,0,0
-0.88,-0.29,0.03,0.87,2,0,0
0.3,-0.9,-1.16,-0.05,2,0,0
0.45,-0.81,-0.24,-0.37,2,0,0
0.54,-1.84,-0.45,-0.61,2,0,0
-0.23,-0.81,1.35,-0.15,2,0,0
1.21,2.59,-0.38,1.39,2,0,0
0.61,-1.19,-0.06,-0.43,2,0,0
-1.18,-1.02,0.8,0.29,2,0,0
1.2,-1.77,0.76,-0.71,2,0,0
-0.68,-2.91,-1.12,-1.22,2,0,0
-0.3,1.1,1.01,0.35,2,0,0
0.79,0.94,0.19,0.79,2,0,0
-0.56,-2.49,-1.14,-1.45,2,0,0
1.75,-0.88,-3.34,-1.44,2,0,0
-0.46,-0.75,-0.39,-0.73,2,0,0
-1.54,0.47,1.51,0.57,2,0,0
2.12,1.08,-3.89,-0.73,2,0,0
-1.49,-0.12,0.89,1.11,2,0,0
0.89,0.41,1.33,0.79,2,0,0
0.6,-0.24,-0.32,0.37,2,0,0
0.3,0.51,-0.21,-0.4,2,0,0
2.1,1.01,-1.47,0.52,2,0,0
-0.68,-0.27,0.64,0.41,2,0,0
0.93,1.56,-0.94,0.42,2,0,0
-0.23,-1.98,-1.68,-1.29,2,0,0
-1.05,-2.64,0.37,-0.78,2,0,0
0.16,-1.5,-0.49,-0.72,2,0,0
1.88,2.21,-0.45,0.6,2,0,0
0.94,2.49,-1.52,0.48,2,0,0
0.63,0.36,-1.34,0.05,2,0,0
-1.0,0.92,-1.79,0.09,2,0,0
0.89,1.64,-1.68,0.51,2,0,0
0.38,-0.62,-1.06,-1.07,2,0,0
-1.55,-0.69,-0.52,-0.88,2,0,0
1.14,0.63,-1.88,0.54,2,0,0
-0.91,1.44,-0.26,0.34,2,0,0
-0.93,-0.62,0.51,0.15,2,0,0
1.01,-0.14,-0.7,-0.43,2,0,0
-1.13,-2.78,-1.41,-1.15,2,0,0
0.97,1.62,-2.37,-0.22,2,0,0
-0.57,-1.58,1.04,-0.38,2,0,0
-0.97,-1.61,0.41,0.1,2,0,0
0.43,-2.15,0.11,-0.45,2,0,0
-0.45,-1.49,-0.38,-0.99,2,0,0
-0.22,-2.32,2.16,0.47,2,0,0
-0.08,-1.88,0.5,-0.7,2,0,0
-0.1,1.38,0.06,0.38,2,0,0
1.17,-0.52,1.72,-0.13,2,0,0
-0.1,2.04,0.19,1.12,2,0,0
-1.07,-0.5,-0.12,0.33,2,0,0
-0.2,-2.13,0.45,-0.62,2,0,0
-0.87,-0.33,1.46,0.86,2,0,0
1.05,4.92,-0.8,1.6,2,0,0
-0.07,0.24,-0.11,0.01,2,1,1
-0.03,-0.92,0.9,-0.29,2,0,0
-0.02,-0.25,1.4,-0.84,2,0,0
-0.91,2.91,0.53,1.68,2,0,0
-0.32,-0.32,-2.48,-1.22,2,0,0
-1.62,-0.92,-0.21,-0.36,2,0,0
0.07,-1.58,-0.68,-1.05,2,0,0
0.19,1.34,-0.76,-0.62,2,0,0
0.19,1.49,1.56,0.16,2,0,0
-1.8,-0.13,2.64,0.69,2,0,0
0.51,-0.05,3.97,0.23,2,0,0
-0.4,-2.93,-2.3,-2.14,2,0,0
2.86,0.14,-2.64,-2.02,2,0,0
-0.52,-0.11,0.27,0.68,2,0,0
1.01,1.23,-2.16,0.08,2,0,0
-0.11,-0.29,-0.69,-0.08,2,0,0
-2.11,0.21,1.36,-0.2,2,0,0
-1.54,-0.36,2.77,0.1,2,0,0
-1.24,0.38,1.65,0.62,2,0,0
-0.14,0.99,-1.47,0.08,2,0,0
0.88,-0.56,-1.83,-0.76,2,0,0
0.06,1.05,-0.48,0.41,2,0,0
-0.17,2.32,-0.58,1.23,2,1,1
-1.61,1.0,3.35,1.1,2,0,0
1.46,-0.54,-0.21,-0.63,2,0,0
-0.19,-0.12,-0.62,-0.54,2,0,0
0.17,2.07,-1.7,0.38,2,0,0
-1.46,-1.64,-0.56,-1.08,2,0,0
-0.22,2.64,-0.5,2.03,2,0,0
1.8,-1.23,-0.66,-0.1,2,0,0
0.32,-0.41,-2.17,0.01,2,0,0
0.77,0.26,0.45,-0.13,2,0,0
2.0,2.27,-0.86,0.87,2,0,0
-1.31,-1.3,1.91,-0.38,2,0,0
-0.41,0.74,-0.36,1.03,2,0,0
-0.26,2.44,2.6,1.68,2,0,0
-0.76,1.35,-0.19,0.98,2,0,0
1.37,-0.6,-1.85,-1.06,2,0,0
1.9,0.14,-0.5,-0.28,2,0,0
-0.83,1.06,-0.35,0.04,2,0,0
1.32,0.18,0.47,0.75,2,0,0
0.75,1.49,0.14,0.38,2,0,0
-0.9,0.25,-1.15,-0.34,2,0,0
-1.4,0.71,-0.46,0.77,2,0,0
0.65,1.91,2.19,0.95,2,0,0
1.95,1.95,-2.31,-0.47,2,0,0
-1.07,1.11,1.08,1.36,2,0,0
1.16,0.78,-1.07,0.35,2,0,0
0.15,-0.37,0.4,0.02,2,0,0
-2.56,-1.25,3.11,1.02,2,0,0
0.05,-2.4,-0.83,-1.86,2,0,0
-0.84,-0.98,0.73,0.46,2,0,0
-0.48,-2.45,0.54,-0.35,2,0,0
-0.29,-0.58,0.15,-0.18,2,0,0
1.68,3.21,-2.21,0.86,2,0,0
-0.51,-0.47,3.32,1.64,2,0,0
-0.33,-1.54,-0.66,-1.25,2,0,0
-0.7,-0.13,-0.75,0.34,2,0,0
0.49,-0.46,-0.05,-0.36,2,0,0
-0.08,-0.64,2.72,0.71,2,0,0
0.39,-1.34,-1.79,-1.27,2,0,0
-0.86,-1.0,0.71,0.4,2,0,0
1.88,0.32,-1.58,-0.65,2,0,0
2.72,0.55,-2.31,-0.69,2,0,0
-0.46,1.01,1.04,0.52,2,0,0
1.15,-0.45,-1.57,-0.98,2,0,0
0.46,0.36,-3.05,-0.77,2,0,0
1.05,3.07,-1.23,1.89,2,0,0
-1.37,-0.72,1.3,0.04,2,0,0
0.29,0.52,0.83,0.35,2,0,0
-3.61,-1.86,1.63,-0.07,2,0,0
0.71,-2.34,-1.36,-1.47,2,0,0
-1.42,-1.8,-0.02,-0.97,2,0,0
-0.79,0.46,-0.11,-0.3,2,0,0
1.04,0.3,1.48,-0.22,2,0,0
0.04,0.09,-1.56,0.01,2,0,0
-0.25,-1.76,0.51,-0.92,2,0,0
0.94,-2.82,0.79,-1.25,2,0,0
-0.35,-0.51,1.19,0.31,2,0,0
0.01,2.16,0.88,0.29,2,0,0
1.66,0.55,-0.63,-0.1,2,0,0
1.43,-1.45,-2.27,-1.14,2,0,0
1.29,-1.13,-0.56,-0.8,2,0,0
0.89,1.05,0.43,0.15,2,0,0
-0.88,-0.58,0.24,0.34,2,0,0
-0.25,-0.06,1.2,-0.05,2,0,0
-0.72,0.0,0.4,-0.11,2,0,0
0.41,0.76,-1.12,0.47,2,0,0
-1.71,0.58,1.47,0.62,2,0,0
0.72,0.53,0.24,0.06,2,0,0
-0.32,0.6,0.11,0.46,2,0,0
1.48,1.62,-1.61,0.35,2,0,0
-0.8,-1.14,0.65,-0.35,2,0,0
1.13,0.41,-3.19,-1.33,2,0,0
-0.81,0.63,1.08,0.7,2,0,0
0.43,1.92,-0.26,0.48,2,0,0
0.51,0.26,-0.25,-0.52,2,0,0
-0.65,-1.65,0.07,-0.46,2,0,0
0.71,1.87,1.29,0.54,2,0,0
0.93,0.4,-0.43,-1.18,2,0,0
0.09,0.42,-1.91,-0.38,2,0,0
-0.02,3.27,-0.42,0.88,2,0,0
0.66,-1.96,0.9,-0.68,2,0,0
0.26,2.17,1.75,1.47,2,0,0
0.22,-1.35,-1.26,-0.88,2,0,0
1.06,2.79,-0.47,0.15,2,0,0
0.88,0.59,-0.84,0.09,2,0,0
-0.83,-4.05,-1.23,-1.74,2,0,0
1.19,3.12,-2.07,0.46,2,0,0
-0.76,-2.02,1.55,-0.59,2,0,0
0.73,0.51,-1.24,-0.51,2,0,0
1.81,-2.75,-1.73,-1.95,2,0,0
0.15,0.08,-0.48,0.44,2,0,0
1.48,-0.83,-2.0,-0.89,2,0,0
-1.04,1.74,0.26,0.44,2,0,0
-2.58,1.01,2.53,0.97,2,0,0
0.18,1.21,-0.39,-0.11,2,0,0
-1.32,-1.9,0.15,-1.68,2,0,0
0.58,1.62,-0.18,0.32,2,0,0
-0.22,0.09,0.74,0.79,2,0,0
-0.73,-2.17,-2.02,-0.89,2,0,0
-0.03,1.06,-0.1,0.57,2,0,0
-0.57,-0.53,-0.04,0.1,2,0,0
0.26,-2.01,-1.7,-1.1,2,0,0
-1.22,0.56,-0.21,-0.27,2,0,0
0.17,-0.55,-0.68,-0.85,2,0,0
-0.99,-0.82,0.64,-0.44,2,0,0
0.34,-2.0,0.93,-0.73,2,0,0
-2.11,0.3,0.25,-0.3,2,0,0
-0.29,0.94,-0.34,0.54,2,0,0
-0.01,-0.89,0.21,-0.71,2,0,0
-1.51,-2.02,2.26,-0.78,2,0,0
-0.01,-0.09,-1.33,0.28,2,0,0
-0.97,-0.71,2.38,-0.25,2,0,0
0.97,0.85,-2.08,0.3,2,0,0
1.43,-0.93,-1.75,-1.04,2,1,1
0.16,-1.4,0.77,-1.39,2,0,0
0.96,-0.61,0.52,0.18,2,0,0
-0.63,-3.14,1.08,-0.93,2,0,0
1.99,0.62,-0.48,-0.35,2,0,0
-1.07,-1.37,0.75,0.47,2,0,0
-1.06,0.84,0.02,0.62,2,0,0
2.37,0.72,-0.82,-0.21,2,0,0
0.16,0.85,1.0,0.83,2,0,0
-1.01,0.51,1.03,-0.0,2,0,0
-0.15,0.16,0.6,0.16,2,0,0
-0.41,0.96,1.91,1.29,2,0,0
-1.16,-0.43,1.21,-0.25,2,0,0
1.77,-1.95,-2.4,-1.42,2,0,0
-0.3,0.36,1.45,0.06,2,0,0
0.63,-0.04,-0.4,0.1,2,0,0
1.41,0.24,0.34,0.31,2,0,0
-0.48,1.45,-0.73,0.74,2,0,0
-1.04,0.19,-0.7,0.36,2,0,0
0.04,-0.9,-0.36,-0.71,2,0,0
0.44,-0.97,2.68,-0.02,2,0,0
1.09,0.22,-0.3,-0.49,2,0,0
-1.52,0.18,-0.16,-0.13,2,0,0
-0.88,-0.22,-0.49,-0.29,2,0,0
-0.18,0.43,0.27,0.45,2,0,0
-2.91,-0.4,2.1,0.58,2,0,0
1.01,0.1,-1.08,-1.0,2,0,0
1.52,-0.58,-2.09,-0.81,2,0,0
0.0,0.25,-1.58,-0.3,2,0,0
-0.62,0.11,1.22,-0.06,2,0,0
0.78,0.82,0.06,-0.16,2,1,1
1.11,-0.12,-1.13,-0.63,2,0,0
-0.44,-2.87,0.03,-1.35,2,0,0
0.2,-1.26,-0.24,-0.68,2,0,0
-2.09,0.01,1.76,-0.22,2,0,0
1.35,0.61,1.08,0.52,2,0,0
1.68,0.18,-2.08,0.61,2,0,0
1.49,1.01,-2.76,-0.1,2,0,0
-0.71,0.2,1.27,1.06,2,0,0
-0.33,-1.95,0.55,-0.49,2,0,0
-0.57,-0.82,-0.12,-0.36,2,0,0
1.23,-1.85,-2.74,-0.73,2,0,0
0.93,1.42,0.63,1.96,3,0,0
-1.03,-0.7,0.03,-1.29,3,0,0
0.27,0.7,-0.14,1.22,3,0,0
-0.27,-0.6,-0.77,-0.26,3,0,0
1.01,1.49,-0.07,2.46,3,0,0
-0.48,-0.87,-1.12,-0.65,3,0,0
-0.19,-0.33,-0.88,0.2,3,0,0
0.1,0.15,-0.29,0.62,3,0,0
-0.93,0.31,-0.74,0.51,3,0,0
-0.38,0.23,-0.29,0.51,3,0,0
-1.9,-1.75,-1.94,-1.9,3,0,0
0.84,0.83,-0.23,1.76,3,0,0
-1.16,-1.28,-2.36,-0.7,3,0,0
-0.64,0.28,-0.34,0.24,3,0,0
-0.27,0.55,-0.64,0.92,3,0,0
-0.43,-1.01,-0.06,-1.16,3,0,0
1.6,1.65,0.83,2.54,3,0,0
0.61,1.1,0.38,1.6,3,0,0
-0.84,-0.56,-0.97,-0.41,3,0,0
-0.36,0.41,-0.8,1.02,3,0,0
0.05,0.47,-0.15,0.87,3,1,1
-0.45,0.18,-0.89,0.71,3,0,0
1.2,2.04,0.96,2.73,3,0,0
-0.24,-1.03,0.05,-1.14,3,0,0
0.98,1.27,-0.19,2.28,3,0,0
0.22,0.45,0.96,0.31,3,0,0
0.7,1.8,0.82,2.4,3,0,0
-0.25,-0.24,0.51,-0.45,3,0,0
0.53,0.19,-0.22,0.75,3,0,0
-1.24,-0.39,-1.72,-0.05,3,0,0
0.23,0.14,0.08,0.34,3,0,0
0.04,0.46,0.37,0.59,3,0,0
-0.28,-0.62,-0.87,-0.25,3,0,0
0.81,1.46,0.94,1.94,3,0,0
1.9,2.5,1.67,3.25,3,0,0
0.12,0.7,0.79,0.66,3,0,0
-1.36,-1.54,-1.52,-1.73,3,0,0
-0.99,-0.86,-1.66,-0.54,3,0,0
0.62,0.97,-0.01,1.68,3,0,0
-0.75,-0.02,-1.57,0.53,3,0,0
-1.06,-1.01,-0.89,-1.21,3,0,0
0.35,0.39,0.6,0.45,3,0,0
0.58,1.32,0.94,1.53,3,0,0
-0.44,-0.98,-0.89,-0.71,3,0,0
1.3,1.91,-0.19,3.3,3,0,0
-0.07,0.46,-0.45,0.99,3,0,0
-1.43,-1.06,-1.11,-1.34,3,0,0
-1.03,-0.57,-1.87,-0.15,3,0,0
-0.69,-0.51,-1.92,0.19,3,0,0
0.66,0.2,-0.24,0.76,3,0,0
-0.83,0.57,-0.87,0.97,3,0,0
0.46,0.42,-0.47,1.13,3,0,0
-0.13,0.51,-0.49,0.99,3,0,0
1.4,2.98,0.88,3.99,3,0,0
-0.0,0.52,1.0,0.21,3,0,0
1.43,2.62,1.59,3.2,3,0,0
-0.24,-1.29,-0.58,-1.18,3,0,0
-0.18,0.69,-1.16,1.47,3,0,0
0.94,1.32,0.47,2.09,3,0,0
-0.83,-0.49,-1.11,-0.2,3,0,0
-0.9,-1.01,-0.77,-0.97,3,0,0
-1.29,-1.14,-0.25,-1.72,3,0,0
0.45,1.26,0.57,1.66,3,0,0
-0.5,-0.26,-0.58,-0.04,3,0,0
-0.12,-0.69,-0.83,-0.41,3,0,0
-0.01,-0.49,0.7,-0.74,3,0,0
0.87,1.41,1.1,1.65,3,0,0
-0.94,-0.19,-0.21,-0.42,3,0,0
-0.27,0.22,-0.4,0.42,3,0,0
-0.02,-0.46,0.27,-0.54,3,0,0
-1.66,-1.51,-0.81,-2.09,3,0,0
-0.3,0.21,-1.22,0.93,3,0,0
2.38,3.13,2.92,3.68,3,1,1
-0.76,-0.5,0.22,-0.9,3,0,0
-0.63,-0.64,-0.29,-0.74,3,0,0
0.73,0.92,0.77,1.25,3,0,0
-0.31,-0.38,-0.55,-0.25,3,0,0
-0.17,-0.26,0.03,-0.28,3,0,0
0.53,0.45,-0.35,1.27,3,0,0
-1.47,-2.29,-1.65,-2.57,3,0,0
-0.14,-0.14,-0.7,0.29,3,0,0
-1.08,-1.68,-0.92,-1.99,3,0,0
-1.71,-1.85,-1.13,-2.31,3,0,0
0.75,-0.07,-0.01,0.47,3,0,0
-0.89,-1.18,-0.07,-1.7,3,0,0
-0.3,-0.53,-0.01,-0.52,3,0,0
-1.46,-1.59,-1.05,-1.97,3,0,0
-2.25,-3.93,-1.46,-5.07,3,0,0
-0.57,0.07,-0.07,0.03,3,0,0
-1.51,-0.98,-0.87,-1.36,3,0,0
-0.15,-0.49,-0.51,-0.25,3,0,0
1.39,2.42,0.26,3.73,3,0,0
0.87,1.14,0.56,1.63,3,0,0
2.05,3.03,1.29,4.24,3,0,0
1.5,1.94,1.85,2.23,3,0,0
-1.72,-1.1,-1.7,-1.04,3,0,0
-0.23,-1.37,-1.37,-0.91,3,1,1
1.09,1.41,0.62,2.07,3,0,0
0.41,0.82,0.37,1.19,3,0,0
-0.47,-0.74,-0.81,-0.6,3,0,0
-1.32,-1.57,-0.71,-1.99,3,0,0
-1.1,-0.8,-0.86,-0.95,3,0,0
-0.52,-0.89,-0.89,-0.66,3,0,0
-1.1,-0.91,-0.27,-1.42,3,0,0
-0.07,-0.01,-0.48,0.31,3,0,0
-1.03,-1.12,-1.33,-1.08,3,0,0
-0.21,0.91,0.23,0.92,3,0,0
1.39,2.61,1.63,3.23,3,0,0
-2.04,-2.75,-1.11,-3.81,3,0,0
-0.01,-0.61,0.66,-0.85,3,0,0
-0.47,-0.82,-0.93,-0.55,3,0,0
0.74,1.45,1.06,1.69,3,0,0
1.09,1.5,2.08,1.39,3,0,0
-1.24,-0.94,-1.04,-1.07,3,0,0
0.28,0.27,0.05,0.65,3,0,0
2.65,3.38,1.99,4.47,3,0,0
-0.5,-1.09,-1.05,-0.84,3,0,0
0.16,0.12,0.36,0.16,3,0,0
-0.97,-0.53,0.07,-0.95,3,0,0
0.21,1.42,-0.32,2.31,3,0,0
-1.77,-1.2,-0.91,-1.7,3,0,0
-0.62,-1.11,-1.22,-0.89,3,0,0
1.64,1.81,1.88,2.22,3,0,0
-0.25,-0.29,-0.74,0.11,3,0,0
0.17,0.47,1.0,0.3,3,0,0
-0.14,0.36,-0.17,0.66,3,0,0
-0.47,0.49,-0.39,0.65,3,0,0
-0.94,-0.86,0.35,-1.51,3,0,0
-0.7,0.07,-0.03,0.0,3,0,0
0.95,1.04,0.29,1.88,3,0,0
0.77,0.44,0.35,0.9,3,0,0
-1.09,-0.11,-0.31,-0.29,3,0,0
-0.17,0.68,0.26,0.78,3,0,0
-0.22,-0.42,-0.26,-0.35,3,0,0
-1.34,0.05,-1.01,0.04,3,0,0
-1.92,-1.81,-1.44,-2.24,3,0,0
0.51,0.52,0.66,0.62,3,1,1
-0.84,-0.46,-1.28,-0.18,3,1,1
-0.63,-0.29,-0.59,-0.25,3,0,0
-0.65,-0.41,-0.42,-0.3,3,0,0
0.71,1.67,0.71,2.11,3,0,0
0.05,-0.42,-0.1,-0.33,3,0,0
-2.33,-2.08,-1.81,-2.65,3,0,0
0.56,-0.12,0.16,0.34,3,0,0
0.29,-0.26,-0.59,0.39,3,0,0
0.69,0.73,1.26,0.72,3,0,0
0.89,1.04,-0.3,2.08,3,0,0
-0.67,-1.09,-1.11,-0.89,3,0,0
-0.24,-0.03,-0.6,0.2,3,0,0
-1.51,-1.27,-0.68,-1.8,3,0,0
0.51,1.45,0.3,2.02,3,0,0
-0.15,0.34,-0.02,0.52,3,0,0
0.04,0.77,1.0,0.58,3,0,0
-0.5,-0.09,0.09,-0.28,3,0,0
0.69,0.32,1.35,0.13,3,0,0
-0.05,-0.14,-0.01,-0.06,3,0,0
-0.24,1.51,0.09,1.86,3,0,0
0.98,0.59,0.27,1.3,3,0,0
4.21,4.25,2.25,6.3,3,0,0
0.78,0.42,0.33,0.92,3,0,0
-0.04,0.52,-0.09,0.97,3,0,0
-0.05,0.58,0.03,0.94,3,0,0
0.6,-0.29,1.31,-0.66,3,0,0
0.62,0.42,-0.79,1.38,3,0,0
-2.54,-2.57,-1.78,-3.25,3,0,0
0.59,1.7,0.44,2.4,3,0,0
0.4,1.04,-0.02,1.49,3,0,0
0.15,0.74,0.03,1.15,3,0,0
-0.66,0.2,0.3,-0.05,3,0,0
-0.06,-0.26,0.49,-0.6,3,0,0
-0.44,0.46,-0.56,0.75,3,0,0
0.36,0.71,0.51,1.01,3,0,0
-0.86,-0.56,0.05,-0.94,3,0,0
0.81,1.95,0.73,2.54,3,0,0
0.17,0.72,0.58,0.89,3,0,0
-0.21,-0.43,0.03,-0.5,3,0,0
1.04,1.56,1.46,1.89,3,0,0
0.59,-0.02,0.31,0.43,3,0,0
0.64,1.75,0.06,2.8,3,0,0
-0.91,-0.58,-0.65,-0.76,3,0,0
-0.63,0.4,-1.4,0.97,3,0,0
0.61,1.14,-0.37,2.08,3,0,0
0.58,0.9,0.23,1.44,3,0,0
-0.26,-0.19,-0.6,0.24,3,0,0
2.41,2.96,1.67,4.13,3,0,0
0.66,0.19,-0.32,0.88,3,0,0
0.77,0.22,0.32,0.57,3,0,0
1.14,1.99,0.23,3.05,3,0,0
-1.92,-2.31,-1.43,-2.9,3,0,0
-0.61,-0.88,-0.67,-0.9,3,0,0
-0.21,-1.27,-0.68,-1.26,3,1,1
0.95,1.25,0.48,1.92,3,0,0
1.29,1.09,0.61,1.69,3,0,0
-0.18,-0.07,-0.33,0.24,3,0,0
-0.26,0.81,-0.94,1.52,3,0,0
-1.3,-0.36,-0.4,-0.73,3,0,0
-1.23,-0.39,-0.01,-0.98,3,0,0
-0.64,-0.92,-0.91,-0.84,3,0,0
-0.07,-0.54,-0.69,-0.24,3,0,0
0.25,0.6,-0.92,1.48,3,0,0
0.85,1.88,0.45,2.62,3,0,0
-0.46,-0.49,-0.62,-0.44,3,0,0
0.95,0.27,0.41,0.65,3,0,0
0.01,-0.56,0.18,-0.6,3,0,0
1.06,1.62,0.21,2.55,3,0,0
0.34,0.08,0.2,0.36,3,0,0
-1.28,-1.21,-1.13,-1.43,3,0,0
-0.16,0.53,0.05,0.57,3,0,0
0.33,0.18,-1.14,1.08,3,0,0
-1.67,-1.77,-1.47,-2.08,3,0,0
-0.58,-0.37,-1.02,-0.06,3,0,0
0.06,-1.21,-0.13,-1.15,3,0,0
-1.01,-0.4,-1.07,-0.12,3,0,0
-0.71,-0.72,-0.17,-1.07,3,0,0
-0.75,-0.67,-0.14,-0.88,3,0,0
-0.76,-1.09,-0.47,-1.35,3,0,0
-0.94,-1.28,-2.03,-0.88,3,0,0
-1.36,-2.56,-0.79,-3.23,3,0,0
-0.51,-1.21,-0.84,-1.08,3,0,0
0.36,-0.28,-0.33,0.14,3,0,0
-1.27,-0.13,-1.34,0.15,3,0,0
-1.19,-0.15,-0.67,-0.32,3,0,0
0.78,0.53,0.52,0.87,3,0,0
-0.3,-1.07,-1.65,-0.44,3,0,0
-0.81,-0.62,0.17,-1.14,3,0,0
1.01,1.67,1.7,1.83,3,0,0
-0.72,-1.54,-0.58,-1.67,3,0,0
0.41,0.36,1.06,0.2,3,0,0
0.71,-0.22,-0.49,0.53,3,1,1
0.45,1.04,0.8,1.27,3,0,0
-1.75,-1.32,-0.67,-2.02,3,0,0
0.72,1.55,0.6,2.08,3,0,0
0.62,0.65,-0.73,1.56,3,0,0
-0.85,-0.15,-0.41,-0.26,3,0,0
0.22,0.55,-0.15,0.96,3,0,0
-1.13,-0.67,0.22,-1.42,3,0,0
-1.06,0.12,-0.49,0.05,3,0,0
0.04,0.28,0.2,0.37,3,0,0
-1.08,-0.81,-1.5,-0.53,3,0,0
1.89,1.66,0.82,2.64,3,0,0
0.47,0.7,-0.36,1.42,3,0,0
0.34,0.73,-1.17,1.75,3,0,0
-0.47,-0.17,-0.97,0.17,3,0,0
-0.81,-0.26,-0.76,-0.22,3,0,0
-1.1,-0.99,0.28,-1.85,3,0,0
0.58,-0.03,-0.11,0.52,3,0,0
-0.42,-0.1,0.2,-0.21,3,0,0
0.9,1.34,0.74,1.85,3,0,0
2.05,1.92,0.99,2.97,3,0,0
-0.53,-0.01,-0.11,-0.02,3,0,0
0.3,0.71,1.36,0.48,3,1,1
-0.01,0.62,0.58,0.6,3,0,0
-0.35,-0.22,-0.78,0.19,3,0,0
0.79,1.23,0.48,1.81,3,0,0
-2.36,-3.07,-1.55,-3.95,3,0,0
-0.7,-0.95,-1.01,-0.77,3,0,0
0.62,0.61,0.48,0.92,3,0,0
0.39,0.49,1.24,0.27,3,0,0
-0.07,0.68,-0.02,1.06,3,0,0
-0.83,1.1,0.71,0.64,3,0,0
-0.21,-0.08,-0.12,-0.01,3,0,0
0.9,1.07,1.22,1.24,3,0,0
0.91,1.28,0.98,1.66,3,0,0
0.64,0.83,0.7,1.16,3,0,0
-1.39,-1.21,-1.23,-1.45,3,0,0
-1.34,-1.05,-1.07,-1.19,3,0,0
1.31,2.23,0.61,3.28,3,0,0
0.04,1.05,1.32,0.79,3,0,0
0.07,0.75,-0.19,1.19,3,0,0
-1.25,-2.27,-1.04,-2.69,3,0,0
0.41,0.88,0.39,1.27,3,0,0
1.76,2.36,1.12,3.35,3,0,0
-0.92,-1.48,-0.49,-1.9,3,0,0
-0.76,-0.54,-0.09,-0.88,3,0,0
-2.22,-1.76,-1.47,-2.4,3,1,1
-0.69,0.66,0.65,0.17,3,0,0
0.04,0.76,0.27,0.98,3,0,0
-0.62,0.25,0.12,0.12,3,0,0
-0.08,0.54,0.69,0.39,3,0,0
-0.21,0.18,0.16,0.24,3,0,0
0.89,0.35,0.52,0.79,3,0,0
0.27,1.09,0.4,1.49,3,0,0
-0.62,-0.8,-0.78,-0.72,3,0,0
0.97,1.4,1.13,1.74,3,0,0
-0.73,0.08,0.4,-0.38,3,0,0
-0.04,0.57,0.66,0.53,3,0,0
-0.3,-0.22,0.03,-0.31,3,0,0
-0.16,-0.5,-0.84,-0.21,3,0,0
2.29,2.35,1.79,3.26,3,0,0
-1.43,-1.63,-0.41,-2.32,3,0,0
0.89,1.03,0.95,1.47,3,0,0
1.63,2.36,0.64,3.44,3,0,0
0.18,0.25,0.77,0.11,3,0,0
-0.76,-0.86,-0.16,-1.1,3,0,0
-1.16,-1.29,-1.91,-0.91,3,0,0
0.49,0.44,0.94,0.42,3,0,0
2.42,1.7,0.98,2.98,3,0,0
-0.57,-0.97,-0.94,-0.79,3,0,0
-0.46,-1.14,0.15,-1.63,3,0,0
-0.54,0.29,-0.75,0.62,3,0,0
-1.93,-0.28,-1.56,-0.32,3,0,0
1.27,1.84,-0.19,3.14,3,0,0
0.06,0.44,-0.25,0.83,3,0,0
0.23,0.43,0.65,0.39,3,0,0
0.04,0.2,0.13,0.4,3,0,0
-0.68,-1.21,-2.05,-0.64,3,0,0
-1.06,-0.91,-1.75,-0.56,3,0,0
0.72,0.56,0.72,0.74,3,0,0
0.33,1.14,-0.6,2.05,3,0,0
0.3,-0.33,-0.54,0.17,3,0,0
0.5,0.97,1.17,0.91,3,0,0
0.17,0.8,0.41,0.95,3,0,0
0.68,0.82,1.55,0.69,3,1,1
-0.58,-1.08,-0.65,-1.12,3,0,0
0.84,1.2,-0.34,2.17,3,0,0
0.65,0.11,-0.75,1.01,3,0,0
0.7,0.71,0.83,1.09,3,0,0
0.77,1.26,0.52,1.88,3,0,0
-0.91,-0.39,-1.71,0.11,3,0,0
-0.37,-0.44,-0.25,-0.44,3,0,0
-1.16,-1.2,-0.57,-1.61,3,0,0
-0.03,-0.01,-1.32,0.83,3,0,0
-1.2,-0.16,-0.95,-0.16,3,0,0
1.43,0.87,0.36,1.77,3,0,0
0.26,0.95,0.73,0.94,3,0,0
-0.36,0.71,-0.26,1.0,3,0,0
2.28,2.84,2.07,3.7,3,0,0
0.74,-0.05,-0.85,0.82,3,0,0
1.08,0.99,0.69,1.5,3,0,0
-0.34,-0.05,-1.28,0.51,3,0,0
-0.76,-0.81,-0.42,-0.97,3,0,0
0.46,0.67,0.57,0.9,3,0,0
1.16,1.63,0.05,2.77,3,0,0
-1.5,-1.91,-1.87,-1.87,3,0,0
0.64,-0.16,0.97,-0.23,3,0,0
-1.29,-0.95,-1.58,-0.7,3,0,0
1.09,2.36,0.72,3.26,3,0,0
1.79,2.45,0.15,3.98,3,0,0
0.66,0.13,0.08,0.61,3,0,0
2.02,1.31,2.02,1.7,3,0,0
0.54,0.53,0.16,1.1,3,0,0
-0.57,-0.02,-0.01,-0.21,3,0,0
-0.26,0.83,0.14,1.01,3,0,0
-2.3,-2.33,-1.88,-2.86,3,0,0
0.08,-0.24,-0.87,0.34,3,0,0
-0.82,0.58,-0.78,0.84,3,0,0
0.7,0.23,0.43,0.54,3,0,0
0.16,0.9,1.17,0.76,3,0,0
1.69,2.17,2.1,2.56,3,0,0
-0.77,0.47,-0.78,0.66,3,0,0
-0.48,0.18,-0.25,0.34,3,0,0
2.19,3.18,2.46,3.9,3,0,0
-0.4,-0.21,-1.49,0.41,3,0,0
0.84,1.94,0.48,2.75,3,0,0
-0.65,-1.03,-0.56,-1.12,3,0,0
-0.57,0.1,-0.98,0.42,3,0,0
-0.42,1.36,1.16,1.02,3,0,0
1.76,1.63,1.58,2.15,3,0,0
-1.84,-2.4,-1.33,-2.96,3,0,0
-0.57,-0.02,-0.82,0.35,3,0,0
-0.32,0.92,-0.76,1.49,3,0,0
-0.77,-0.03,-0.44,0.04,3,0,0
1.15,2.44,2.04,2.62,3,0,0
1.76,1.86,1.26,2.58,3,0,0
1.15,0.72,-0.83,2.08,3,0,0
-1.18,-0.54,-0.49,-0.83,3,0,0
