@relation SyntheticData-N_1200-D_8-Nmin_100-Zmin_32-CL_2_2-R_0
@attribute X0 real [-6.00, 4.77]
@attribute X1 real [-5.82, 5.26]
@attribute X2 real [-8.24, 6.71]
@attribute X3 real [-6.73, 6.73]
@attribute X4 real [-5.83, 6.02]
@attribute X5 real [-5.28, 5.85]
@attribute X6 real [-6.72, 5.58]
@attribute X7 real [-6.71, 6.71]
@attribute cluster_idx {0,1,2,3}
@attribute is_noise {0,1}
@attribute Class {0,1}
@inputs X0,X1,X2,X3,X4,X5,X6,X7,cluster_idx,is_noise
@output Class
@data
1.85,0.05,-1.08,0.09,1.67,-0.21,0.42,-0.31,0,0,1
1.9,1.7,-0.98,2.81,1.33,0.87,1.77,1.22,0,0,1
4.15,1.5,-0.63,2.15,4.13,-0.56,4.14,3.1,0,0,1
0.29,0.99,-1.14,1.68,-0.87,1.74,-0.67,-0.55,0,0,1
-0.44,-0.53,-2.0,4.37,-3.28,1.56,-4.68,-5.33,0,1,0
0.15,0.05,0.72,2.27,0.07,-1.48,-0.4,-0.41,0,0,1
1.46,-0.87,1.46,3.77,1.32,2.55,-0.98,-1.49,0,0,1
-0.31,1.3,0.88,2.38,-0.8,0.99,0.34,0.32,0,0,1
2.29,0.36,-2.6,0.35,0.38,0.56,-0.6,-0.75,0,0,1
2.19,-0.22,-0.33,1.66,2.99,-3.18,1.16,0.48,0,0,1
1.93,1.36,-0.63,4.09,0.72,1.92,0.67,0.25,0,0,1
1.18,1.38,-1.13,-1.5,0.57,0.95,1.18,1.06,0,0,1
0.05,0.7,0.97,-0.66,1.04,1.09,1.09,0.72,0,0,1
-0.34,-1.51,0.91,-1.68,0.68,-4.24,-1.17,-1.08,0,0,1
3.42,-1.32,-1.07,5.44,1.13,2.59,-2.03,-2.32,0,0,1
1.52,-0.34,0.68,1.06,2.17,-0.43,0.76,0.08,0,0,1
-3.86,1.88,0.28,0.12,-2.83,-0.95,-0.99,-0.12,0,0,1
0.5,0.19,-1.2,0.13,1.39,-3.19,0.42,-0.25,0,0,1
1.53,0.07,-1.11,0.38,0.59,-1.52,-0.34,-0.46,0,0,1
3.3,-0.32,0.04,1.71,1.97,4.28,0.11,-0.45,0,0,1
0.6,1.42,1.67,-0.78,2.35,0.1,3.2,2.39,0,0,1
-0.25,1.24,-0.83,-0.52,-0.15,-1.04,0.36,-0.27,0,0,1
-0.72,2.24,-0.95,-1.13,-0.32,1.14,0.8,0.29,0,0,1
-3.07,2.47,-1.57,-0.03,-2.84,0.27,-0.94,-0.83,0,0,1
2.55,-1.09,-0.61,1.22,0.8,0.63,-1.1,-0.79,0,0,1
-0.21,0.17,-1.81,0.98,-0.72,-0.71,-1.69,-2.7,0,0,1
2.5,-0.03,-0.73,-0.59,2.91,0.81,1.26,-0.35,0,0,1
0.06,0.17,0.71,1.23,-0.22,2.94,-0.76,-1.39,0,0,1
-0.28,2.59,1.28,0.97,0.27,0.64,2.32,3.11,0,0,1
1.03,1.56,0.73,-2.15,2.96,-0.56,3.78,2.48,0,0,1
3.14,-2.94,0.7,2.91,2.19,-0.88,-2.1,-1.64,0,0,1
0.64,-0.37,0.51,1.71,0.76,1.06,-0.51,-0.88,0,0,1
-0.88,3.46,-1.22,-0.55,0.92,-1.45,3.12,1.86,0,0,1
1.3,0.11,-1.27,-0.15,1.06,0.44,0.12,-0.92,0,0,1
0.62,2.58,-2.14,1.08,0.96,-0.52,2.34,0.82,0,0,1
-2.04,0.27,0.19,-1.43,-2.67,2.3,-2.48,-1.42,0,0,1
1.8,-1.08,0.28,-1.28,1.82,-0.85,-0.17,-0.36,0,0,1
1.31,0.69,-2.39,-2.25,0.16,1.16,-0.14,-0.96,0,0,1
2.94,1.4,-2.49,0.81,3.26,-1.78,2.51,1.04,0,0,1
1.24,-0.81,-1.66,2.82,0.23,-2.39,-1.74,-3.48,0,0,1
-0.14,0.8,1.38,0.54,1.54,-1.7,1.63,0.85,0,0,1
-0.27,1.57,0.78,-0.28,0.49,1.64,1.48,1.61,0,0,1
-2.75,2.01,2.05,-1.65,-0.37,-2.1,1.96,1.81,0,0,1
-1.79,1.61,-0.15,-0.78,-0.58,-0.46,0.07,0.13,0,0,1
2.12,-2.5,-0.45,2.24,0.41,0.31,-3.1,-3.63,0,0,1
0.27,1.58,-0.45,-1.66,0.67,0.05,1.69,1.06,0,0,1
-0.85,-0.21,0.9,-1.07,0.2,0.56,-0.51,-0.25,0,0,1
0.26,1.05,-1.67,1.16,-0.7,-0.54,-0.59,-0.54,0,0,1
0.61,0.3,0.39,-0.41,1.11,1.58,0.69,0.19,0,0,1
-0.52,1.23,-1.21,-0.52,-0.95,1.99,-0.66,-0.03,0,0,1
1.19,0.78,0.1,-0.04,0.22,-0.58,-1.35,-0.68,1,0,1
-1.29,0.45,4.45,1.06,0.58,-0.2,-1.58,-0.06,1,0,1
-0.76,1.53,0.39,3.97,2.2,2.95,-0.91,-1.47,1,0,1
1.42,0.39,-0.5,0.41,0.67,-0.71,-0.35,0.89,1,0,1
3.64,2.25,0.13,-1.08,-0.66,-0.8,-0.13,0.43,1,0,1
0.52,-0.27,2.77,-1.09,0.02,-3.49,-2.35,1.87,1,0,1
1.1,1.13,-0.44,0.35,-0.61,0.95,1.81,-0.84,1,0,1
1.72,1.71,1.7,0.94,0.88,-0.21,-1.24,0.51,1,0,1
0.17,1.04,-0.18,-1.48,-2.24,-2.53,0.27,-3.44,1,0,1
0.88,-0.07,0.44,-2.88,-1.88,-2.03,0.11,-0.04,1,0,1
0.34,0.59,-1.27,0.22,-0.43,1.04,-0.36,-1.48,1,0,1
2.41,1.89,3.63,0.11,0.22,-0.81,-1.05,0.57,1,0,1
-0.61,-0.44,2.3,0.08,-0.06,-1.27,-1.09,-0.03,1,0,1
-0.5,-0.85,0.16,-1.36,-0.74,-0.24,0.74,0.53,1,0,1
-0.71,-0.34,0.28,-1.67,-0.6,-2.02,-1.16,0.16,1,0,1
-0.34,1.38,0.08,3.23,1.62,2.71,-0.21,-0.79,1,0,1
0.66,3.03,-0.86,2.59,2.09,2.93,-2.72,-1.97,1,0,1
2.19,5.26,-0.68,2.11,1.27,3.75,-3.14,-2.25,1,0,1
1.47,0.55,-0.74,0.96,-0.19,1.72,1.16,-0.65,1,0,1
-0.54,1.73,6.43,-0.58,-0.39,-1.35,-2.72,-0.55,1,0,1
0.67,1.57,2.83,-1.84,-0.81,-1.9,-2.12,-0.26,1,0,1
1.97,1.45,0.6,1.2,1.41,1.65,-1.18,1.23,1,0,1
2.74,1.27,0.41,-1.5,-0.84,-3.62,-1.33,-0.24,1,0,1
1.88,-2.55,0.04,0.42,0.9,1.13,1.1,3.73,1,0,1
-1.06,0.97,-0.13,1.57,0.6,2.88,-1.09,-2.22,1,0,1
1.77,3.58,4.3,-1.21,-0.43,-3.32,-3.96,-0.69,1,0,1
1.18,0.5,-0.37,2.12,0.82,3.2,1.45,0.58,1,0,1
1.33,0.65,-0.87,0.04,-0.74,1.61,1.09,-0.91,1,0,1
0.76,1.7,-0.13,-1.07,-0.81,-0.14,0.24,-0.07,1,0,1
1.83,1.23,-2.08,-1.35,-1.11,-1.45,-0.33,-0.9,1,0,1
0.81,1.31,1.16,-0.04,0.07,-0.7,-1.65,-0.14,1,0,1
-0.8,-2.13,3.0,-2.48,-1.55,-5.28,0.77,2.06,1,0,1
-1.26,1.83,0.65,1.71,0.31,3.19,-0.75,-3.48,1,0,1
1.16,-1.03,0.22,-0.66,0.11,-2.4,-1.31,1.48,1,0,1
2.71,1.14,0.27,-0.14,0.91,0.04,-2.05,1.58,1,0,1
0.08,-1.18,2.02,-2.05,-1.43,-1.73,1.75,1.75,1,0,1
2.0,-0.19,0.59,1.23,0.35,1.09,0.83,0.42,1,0,1
0.72,0.3,0.62,-2.82,-1.7,-3.02,0.03,0.93,1,0,1
4.13,4.51,2.3,0.33,0.93,-0.73,-4.79,-0.21,1,0,1
-0.31,1.07,2.08,-0.59,0.33,-0.53,-1.69,0.74,1,0,1
1.11,1.45,2.76,-1.18,0.12,-2.71,-2.9,0.06,1,0,1
-2.54,-1.17,2.1,0.5,-0.69,0.79,1.25,-1.13,1,0,1
2.41,0.83,0.52,0.09,0.65,-0.08,-1.21,1.87,1,0,1
2.8,2.52,-0.57,1.66,1.03,-0.43,-1.99,-0.6,1,0,1
4.77,2.19,-1.83,-2.79,-1.07,-1.15,-1.34,0.43,1,0,1
-0.06,2.17,1.54,0.76,-0.63,-1.26,-0.09,-1.84,1,0,1
-0.38,-1.11,-0.79,-0.75,-1.14,-0.23,1.55,-0.89,1,0,1
-0.77,1.26,1.42,1.32,0.06,0.04,-1.57,-1.84,1,0,1
1.55,1.13,-0.67,-0.13,-0.48,-0.59,0.29,-0.32,1,0,1
0.71,-0.94,-0.86,0.77,0.17,0.17,1.46,0.79,1,0,1
3.21,0.7,-2.07,-2.87,-1.27,0.49,0.15,6.71,2,0,0
-0.23,0.94,2.85,-0.11,1.38,0.77,-1.03,-3.79,2,0,0
0.02,3.52,4.16,2.23,-0.31,1.45,0.34,-1.31,2,0,0
-1.22,-2.31,-0.15,-1.96,2.61,-1.24,-1.39,0.58,2,0,0
-0.0,0.19,-0.78,-2.45,0.54,-1.06,0.13,3.07,2,0,0
2.37,0.58,0.41,-1.28,-3.05,1.52,0.4,1.85,2,0,0
-0.5,1.09,1.02,-0.33,0.61,2.37,-1.18,0.87,2,0,0
0.82,-1.85,-0.47,1.42,-1.25,-1.69,0.93,0.84,2,0,0
-0.36,-2.42,-1.75,1.47,-3.09,-4.91,3.19,3.63,2,1,1
-0.17,-1.43,-0.36,3.01,-1.36,-2.27,2.48,-2.04,2,0,0
1.16,-0.74,1.32,0.21,0.6,3.19,-1.94,-3.66,2,0,0
-0.08,-2.51,0.94,-0.28,1.27,0.5,-1.84,-2.66,2,0,0
-0.18,-2.07,2.0,-1.95,0.69,1.5,-3.01,0.23,2,0,0
1.04,-3.18,-2.05,0.81,-0.75,-1.84,1.39,-0.76,2,0,0
2.11,-1.32,-1.29,1.52,-2.23,-0.66,1.92,-1.8,2,0,0
-1.89,-2.59,-0.46,1.36,0.35,-2.73,0.91,0.87,2,0,0
-1.84,0.95,2.39,3.58,2.45,1.32,-1.19,-3.06,2,0,0
-1.01,3.83,2.98,0.5,1.25,1.19,-0.34,0.15,2,0,0
-5.64,0.28,2.7,0.8,4.33,0.28,-2.33,-0.54,2,0,0
-2.31,0.95,0.67,0.34,0.55,-0.19,0.08,2.9,2,0,0
0.54,1.36,0.75,0.35,1.34,-0.3,0.22,1.16,2,0,0
-0.36,-3.88,-2.62,0.89,-0.05,-2.92,1.3,-0.63,2,0,0
-0.26,-2.3,-1.04,-0.01,0.98,-2.12,0.4,1.85,2,0,0
0.33,-1.87,-1.95,-1.2,-1.33,0.07,0.08,2.93,2,0,0
1.5,-1.15,-2.18,0.59,-0.78,-0.59,1.45,-0.5,2,0,0
1.31,1.33,-1.46,-1.36,-1.11,0.66,1.05,1.94,2,0,0
-0.65,-2.23,-3.2,-1.13,-1.25,-0.67,0.79,1.21,2,0,0
1.13,1.06,0.72,1.08,-1.66,1.96,0.53,-2.39,2,0,0
-0.74,0.04,-0.37,-0.28,1.29,0.67,-0.58,1.8,2,0,0
0.4,0.58,0.56,0.86,-1.74,-0.18,1.46,1.32,2,0,0
-2.84,-1.86,3.5,-0.72,3.49,0.06,-3.28,-1.79,2,0,0
0.16,-1.65,-1.08,1.31,0.3,-0.68,0.25,-1.61,2,0,0
0.64,0.37,-1.61,0.64,0.46,-0.26,1.18,-0.46,2,0,0
1.34,1.21,0.33,-0.37,-0.65,3.27,-0.65,1.01,2,0,0
-0.61,1.11,1.33,1.05,0.36,0.36,0.35,1.31,2,1,1
-0.46,-1.66,0.86,-0.86,2.45,-2.35,-0.92,2.79,2,0,0
-2.63,-1.4,2.77,1.27,1.5,-0.07,-1.47,-2.21,2,0,0
1.26,-1.4,-1.78,-1.45,-0.33,0.15,-0.06,1.49,2,0,0
-0.81,0.18,1.75,0.42,1.95,0.99,-1.09,-1.8,2,0,0
-0.08,-2.35,-0.89,1.42,-2.37,-1.23,1.55,0.81,2,0,0
0.6,0.73,0.51,-0.54,-0.32,0.51,0.26,0.31,2,0,0
0.35,3.46,4.17,0.43,-0.08,3.7,-1.42,-2.02,2,0,0
-1.47,0.26,2.29,0.11,2.86,0.65,-1.74,-1.6,2,0,0
-0.25,-1.89,-2.33,-1.56,0.06,-1.45,0.36,2.99,2,0,0
1.13,2.78,-1.41,0.23,-2.45,1.25,2.33,4.01,2,0,0
0.68,2.15,-0.22,2.11,-0.9,0.41,1.97,0.9,2,0,0
-1.29,0.99,0.21,0.82,0.82,-1.32,1.17,0.28,2,0,0
-2.08,-1.98,0.2,1.62,0.27,-1.91,0.74,-1.06,2,0,0
-0.03,1.36,2.29,-0.09,-0.11,1.63,-1.18,1.07,2,0,0
0.66,-0.43,-1.24,0.28,-3.77,-2.14,2.54,3.71,2,0,0
-1.47,-1.29,0.81,-1.82,3.88,-0.25,-2.12,-0.42,2,0,0
4.04,-4.4,-2.75,-0.79,-2.25,-0.09,0.23,-1.7,2,0,0
-1.9,1.79,3.04,1.28,2.0,1.66,-1.65,0.11,2,0,0
2.17,0.22,-0.66,-3.21,-0.89,1.67,-0.62,2.22,2,0,0
-0.74,-2.9,2.17,-1.37,2.87,-1.37,-2.68,2.44,2,0,0
-0.15,-1.61,1.26,-0.52,0.18,-0.9,-0.84,2.41,2,0,0
-0.86,-0.35,1.53,-0.75,4.48,0.76,-2.63,-0.65,2,0,0
-2.21,-2.13,0.08,0.13,0.94,-1.01,-0.54,-1.05,2,0,0
-1.66,-1.08,1.85,-0.93,1.02,1.92,-2.4,-2.99,2,0,0
0.25,0.71,-1.19,1.64,-1.42,-0.91,2.6,2.35,2,0,0
-4.49,0.81,5.04,1.93,2.77,-1.21,-1.47,0.8,2,0,0
3.11,-2.04,-2.24,-2.53,-3.33,0.79,0.56,1.16,2,0,0
-1.16,-2.84,-0.76,-1.57,1.66,-1.06,-1.3,-1.35,2,0,0
-2.66,-5.03,1.0,2.34,2.98,-3.26,-1.09,-2.08,2,0,0
-0.37,-0.17,4.21,0.31,0.32,2.61,-2.77,-2.5,2,0,0
3.22,-0.38,-1.78,-1.22,-0.79,1.76,0.25,0.54,2,0,0
-1.66,-4.03,0.66,0.97,1.76,-3.53,-0.32,-2.58,2,0,0
-2.48,0.94,2.52,-0.39,1.54,1.14,-1.66,1.55,2,0,0
-1.71,-1.72,-1.18,1.86,-0.43,-0.57,1.02,-3.22,2,0,0
0.53,-2.28,-0.99,-1.62,-1.43,-0.22,0.03,0.83,2,0,0
1.64,-0.49,-2.91,-1.66,-1.99,-0.02,1.3,3.23,2,0,0
1.04,-0.33,1.46,2.2,-3.71,1.38,1.24,-3.99,2,0,0
-2.83,-1.77,1.98,0.66,2.65,1.16,-2.4,-2.81,2,0,0
-0.07,-1.09,-2.1,-1.03,-1.15,0.6,0.27,-1.58,2,0,0
-1.36,1.61,1.09,1.6,1.34,-0.2,0.6,0.29,2,0,0
-0.83,-2.51,0.81,-0.89,1.85,-1.15,-1.16,-2.74,2,0,0
-3.96,0.68,3.83,1.77,1.41,0.09,-1.63,-0.42,2,0,0
2.4,-0.37,-1.92,-1.23,-0.79,1.78,0.3,-1.03,2,0,0
-2.27,1.17,2.07,1.64,1.57,-1.74,0.79,0.65,2,1,1
-0.28,-0.59,-0.18,0.74,1.04,-1.18,0.54,0.85,2,0,0
-2.02,0.0,3.45,2.61,1.18,-0.86,-0.31,-0.76,2,0,0
-1.6,-0.38,2.14,-1.06,2.19,2.46,-3.09,-0.56,2,0,0
-1.19,0.18,1.44,-0.23,-0.21,0.32,-0.43,-0.89,2,0,0
1.19,1.82,2.7,-0.24,0.32,0.72,-0.48,1.94,2,0,0
-3.71,2.04,3.84,0.71,5.4,2.11,-3.08,-0.61,2,0,0
-0.91,-1.15,1.05,4.93,1.44,0.97,-0.07,-5.09,2,0,0
-0.9,2.37,1.37,0.79,-0.96,1.09,0.15,2.06,2,0,0
-2.9,-2.28,0.32,-1.58,2.75,-1.03,-1.87,2.67,2,0,0
0.19,0.34,-1.96,-0.83,-0.27,-0.44,1.29,2.14,2,0,0
0.12,3.16,2.12,0.89,1.93,1.47,-0.49,0.52,2,0,0
0.47,-0.2,0.01,-0.45,-1.19,0.5,0.2,0.7,2,0,0
-2.64,-2.83,0.31,2.43,0.17,-2.64,0.72,-0.84,2,0,0
-1.37,-0.97,2.17,1.53,-0.24,-0.21,-0.4,0.24,2,0,0
-0.18,0.48,1.44,0.58,-1.65,0.48,-0.0,0.7,2,0,0
-2.06,2.09,3.86,-1.19,2.7,1.8,-2.35,0.05,2,0,0
-0.1,2.68,-0.52,0.38,-1.48,-1.09,2.7,1.89,2,0,0
-1.01,-1.47,-0.41,-2.95,0.76,0.34,-1.49,3.02,2,0,0
-1.84,-2.66,-2.95,0.09,-2.2,-3.6,2.59,3.69,2,0,0
-0.96,1.28,4.29,1.13,2.8,2.52,-2.47,-1.86,2,0,0
-2.16,0.13,2.55,1.25,2.98,-0.07,-1.45,0.37,2,0,0
-0.08,1.15,0.48,-1.79,2.0,0.37,-0.7,4.14,2,0,0
1.0,-0.13,-1.44,-1.91,1.69,0.08,-0.13,0.41,2,0,0
-2.02,1.89,2.24,2.7,1.39,0.54,0.49,-2.15,2,0,0
-1.81,1.4,1.82,3.31,1.83,0.65,0.42,-1.93,2,0,0
-0.24,-4.42,-4.96,-0.61,-0.71,-4.88,2.6,3.82,2,0,0
-0.55,2.4,5.9,4.14,0.59,3.68,-1.26,-4.69,2,0,0
-2.83,1.09,2.15,-0.72,2.81,0.8,-1.97,-0.53,2,0,0
1.06,-1.06,1.41,-1.65,-0.67,2.57,-2.07,0.76,2,0,0
-4.72,0.98,4.64,1.4,0.22,0.47,-1.51,-1.18,2,0,0
1.15,2.5,-0.7,-2.27,-1.04,-0.71,1.78,6.09,2,0,0
1.38,0.22,-0.95,-1.77,-2.9,1.31,0.49,3.0,2,0,0
-3.12,0.54,2.03,-1.13,3.48,0.62,-2.18,1.84,2,0,0
-1.43,0.74,2.12,2.18,-0.15,-0.34,0.78,-0.35,2,0,0
1.92,5.06,2.3,-1.13,-1.53,4.41,-0.49,2.04,2,0,0
-2.25,0.07,2.77,0.08,1.48,0.1,-1.6,0.05,2,0,0
1.4,2.44,-1.93,1.03,-2.31,-0.12,3.26,1.82,2,0,0
-2.37,-1.76,1.04,-1.2,3.15,-1.13,-2.12,1.51,2,0,0
-1.55,0.81,0.73,3.83,-0.34,-1.16,1.76,1.05,2,0,0
-3.42,-3.62,-0.26,0.46,1.71,-1.03,-1.55,-0.39,2,0,0
-6.0,-3.57,1.67,4.52,2.5,-4.9,0.8,-3.15,2,0,0
1.0,-1.89,0.2,-0.74,-2.96,0.12,0.34,-1.01,2,0,0
1.5,-3.33,-0.76,-2.29,-0.76,-0.78,-1.05,1.54,2,0,0
0.26,-2.88,-1.04,-0.68,0.47,-0.53,-0.95,1.82,2,0,0
-2.7,-4.33,-0.54,-2.18,-0.62,-2.51,-0.55,0.42,2,0,0
0.01,-0.89,-1.65,-0.56,1.58,0.34,-0.28,-1.0,2,0,0
-0.58,-3.64,-4.1,-0.5,-0.96,-3.55,2.63,-1.41,2,0,0
-3.25,0.59,4.12,2.88,0.86,-0.39,-0.69,0.01,2,0,0
-1.88,0.55,1.79,-3.38,0.55,1.61,-2.45,2.21,2,0,0
-2.8,0.02,0.92,1.52,0.11,-0.34,0.42,-0.88,2,0,0
-0.74,0.2,0.77,-1.19,1.95,0.3,-1.29,1.86,2,0,0
0.66,0.05,1.25,1.84,0.2,2.32,-0.93,-5.1,2,0,0
-0.34,-1.34,0.38,1.57,0.79,0.44,-0.27,-0.09,2,0,0
-3.48,-1.06,3.07,2.29,4.08,-1.63,-1.24,-3.85,2,1,1
-1.11,0.65,0.79,2.35,-0.05,-0.16,1.07,-0.27,2,0,0
0.72,-1.29,3.64,1.35,0.91,2.08,-2.71,-2.65,2,0,0
-0.13,-1.62,-2.88,-2.71,0.19,-1.15,0.27,3.27,2,0,0
2.04,-1.1,-2.26,-0.28,-0.77,-0.67,1.5,-0.61,2,0,0
-0.21,0.73,1.35,0.09,1.15,0.63,-0.39,0.6,2,0,0
1.42,-4.81,-2.29,-1.93,-2.95,-1.74,0.61,1.35,2,0,0
-1.18,-2.89,1.58,0.93,-2.22,-0.38,-0.68,-1.48,2,0,0
2.94,-1.39,-1.7,-1.29,-3.87,-0.45,1.53,5.36,2,0,0
0.24,-0.01,-1.53,0.03,-0.38,-1.93,2.02,2.22,2,0,0
0.31,-1.13,-0.35,0.51,0.23,0.06,0.32,-1.42,2,0,0
-0.89,2.42,2.21,0.75,1.25,1.34,-0.22,-2.14,2,0,0
-1.61,0.65,2.2,0.12,0.42,1.13,-1.01,0.29,2,0,0
-3.08,-2.26,1.69,-2.24,2.43,-0.07,-2.36,-2.26,2,0,0
-0.97,-1.74,-0.84,0.73,0.11,-1.04,0.58,-2.37,2,0,0
-2.44,-1.69,-0.18,-0.27,1.05,-2.51,0.11,2.1,2,0,0
2.16,0.52,-0.55,-1.41,-0.16,0.35,0.17,1.09,2,0,0
-0.07,-1.75,-1.55,-0.14,-0.38,-1.4,1.11,-1.11,2,0,0
-0.4,-0.36,3.17,1.71,0.24,0.11,-1.29,-1.1,2,0,0
-2.72,-1.99,0.68,-1.09,3.93,-2.93,-1.32,2.5,2,0,0
-1.54,-1.12,0.47,-0.98,1.93,-0.89,-0.83,2.04,2,0,0
-1.95,-1.45,3.24,0.23,3.75,2.02,-3.55,-3.96,2,0,0
-0.88,-2.19,-2.98,-0.79,-0.27,-3.17,1.79,2.17,2,0,0
-1.13,-2.02,1.83,0.15,1.89,0.17,-1.64,-4.53,2,0,0
-2.9,-1.52,0.78,1.68,2.45,-2.72,0.49,-1.92,2,0,0
-0.12,-1.0,-0.4,1.04,-1.47,0.68,0.48,-1.03,2,0,0
1.54,-2.79,-3.63,-0.26,-1.44,-3.03,2.36,2.76,2,0,0
2.17,-1.38,-1.58,-1.06,-0.56,2.47,-0.69,-0.93,2,0,0
-2.58,-0.86,2.89,2.44,-0.19,0.82,-0.94,-2.73,2,0,0
-1.94,-0.28,0.64,0.07,2.11,-0.89,-0.64,1.85,2,0,0
0.76,-3.12,-3.66,0.35,0.4,-1.65,1.14,0.52,2,0,0
0.04,-2.16,-1.31,2.15,0.26,-1.31,1.41,-0.49,2,0,0
0.62,-2.77,-1.27,0.8,-0.66,-0.45,0.44,-1.37,2,0,0
-0.41,2.75,1.82,-0.08,-0.81,1.21,0.73,-0.05,2,0,0
-0.08,0.12,0.03,-0.08,2.53,0.52,-0.92,0.85,2,0,0
-1.04,-1.12,-1.29,2.21,-0.42,-0.79,1.1,0.1,2,0,0
1.05,-2.62,0.48,-1.36,1.25,1.33,-2.22,-1.48,2,0,0
-1.49,-3.56,-0.82,1.93,2.15,-1.18,-0.41,-2.45,2,0,0
-0.23,-0.79,-0.02,-0.38,0.69,-0.35,-0.16,1.46,2,0,0
-1.33,-0.98,-0.48,-1.42,0.49,-1.86,0.37,1.05,2,0,0
1.73,-1.55,-0.26,-1.36,-1.85,0.91,-0.18,-3.81,2,0,0
1.27,-0.62,-2.83,-2.11,-1.75,-2.25,2.26,4.42,2,0,0
0.93,0.51,2.48,0.85,0.37,2.0,-0.88,-3.26,2,0,0
-3.14,0.62,1.78,2.24,1.67,-1.24,0.64,-0.64,2,0,0
0.28,-0.09,0.05,-0.23,-2.03,0.36,0.48,1.53,2,0,0
-1.18,-1.4,0.86,-2.17,-0.85,2.63,-2.41,0.5,2,0,0
0.94,-2.15,-0.94,-0.06,-0.62,0.75,-0.11,-1.69,2,0,0
-2.88,-1.98,2.37,2.25,2.78,-2.63,-0.14,0.18,2,0,0
0.39,-3.35,-0.94,2.21,-1.44,-0.91,0.45,-1.92,2,0,0
-0.52,-1.06,1.52,-0.71,0.66,0.76,-1.85,0.63,2,1,1
-2.89,-2.68,-0.27,0.33,3.21,-3.73,-0.38,3.13,2,0,0
-1.44,0.21,1.7,-1.58,2.09,-0.81,-1.62,2.04,2,0,0
1.61,1.02,2.76,-0.34,-4.08,2.1,-0.33,0.92,2,1,1
-0.83,-0.41,1.61,-0.14,3.1,1.69,-2.32,-2.17,2,0,0
-1.14,-1.89,0.73,1.53,0.32,-1.47,0.53,-3.62,2,0,0
-3.18,-1.08,3.0,0.59,1.34,-1.87,-0.75,-0.94,2,0,0
0.2,-4.68,-0.94,-1.09,0.36,-0.9,-1.28,-0.78,2,0,0
-1.28,4.92,3.66,0.46,0.9,3.4,-0.92,0.52,2,0,0
-0.17,-0.22,0.69,-0.3,2.25,0.07,-0.48,0.07,2,0,0
1.28,-2.18,-0.57,-1.47,0.6,-0.3,-0.71,1.11,2,0,0
-0.58,3.83,2.82,2.84,-0.42,0.7,1.34,1.5,2,0,0
0.33,-0.07,1.1,-0.77,2.89,-1.03,-0.69,2.58,2,0,0
-2.17,3.21,3.61,2.06,3.4,1.87,-1.29,-3.06,2,0,0
-2.06,-2.52,0.77,-0.48,2.0,0.3,-2.17,-0.39,2,0,0
-3.25,-1.05,2.33,2.31,0.64,-0.38,-0.91,0.04,2,0,0
-1.65,-4.08,-0.66,-2.42,2.94,-1.49,-2.05,0.69,2,0,0
2.85,-1.56,-1.18,-1.1,-1.33,2.67,-0.87,-0.19,2,0,0
-0.05,0.15,1.47,0.28,0.59,0.04,-0.7,0.56,2,0,0
-1.57,-0.63,1.25,-0.23,-1.24,0.24,-0.08,-1.24,2,0,0
-1.98,-0.94,4.42,2.2,2.17,0.83,-2.4,-1.31,2,0,0
0.51,-3.74,-2.38,-0.27,-1.53,-3.79,2.21,0.11,2,0,0
-0.17,-2.9,-3.78,-2.7,-1.28,-2.59,1.4,2.07,2,0,0
-0.98,-2.66,0.19,-0.34,-1.09,-0.88,-0.19,-1.0,2,0,0
-0.63,-4.55,0.07,-0.96,2.81,-1.62,-1.98,-2.18,2,0,0
-2.62,0.65,2.63,-0.3,1.75,0.05,-1.27,0.01,2,0,0
-1.28,0.88,2.36,2.79,0.37,-0.75,0.58,-0.66,2,0,0
-0.73,-0.49,0.91,-0.52,2.26,-1.26,-0.38,0.59,2,0,0
-1.08,4.45,3.67,1.78,-0.45,2.72,0.06,-1.01,2,0,0
0.12,2.97,1.95,-1.82,-0.53,0.08,0.12,2.88,2,0,0
-0.25,-0.21,1.46,1.76,2.46,2.38,-1.59,-3.95,2,0,0
-0.78,0.67,-0.41,2.24,-2.15,-0.85,2.05,1.97,2,0,0
0.17,-0.0,2.38,0.33,-1.16,3.05,-1.61,-2.31,2,0,0
0.18,-0.13,1.44,-1.17,-0.4,2.7,-1.35,-2.7,2,0,0
1.06,-0.64,-3.57,1.06,-3.87,-0.24,3.39,0.85,2,0,0
-0.43,4.43,3.24,-0.43,0.35,3.06,-0.94,0.96,2,0,0
1.85,-1.61,-1.95,0.81,-2.56,-0.79,1.77,-0.83,2,0,0
1.85,-2.73,0.41,-1.97,-1.74,1.08,-1.23,0.41,2,0,0
-2.64,3.63,3.32,0.15,3.53,-0.02,-0.62,1.3,2,0,0
-1.92,-0.89,0.46,0.98,-0.37,0.09,-0.12,-0.39,2,0,0
-0.93,-1.65,-1.51,-1.52,0.34,-0.24,-0.6,2.15,2,0,0
-0.41,-0.25,1.52,0.98,-0.53,0.92,-0.46,-0.67,2,0,0
-3.38,2.43,6.45,1.02,4.33,2.38,-3.81,-1.95,2,0,0
1.77,-0.1,-1.78,-1.6,-1.0,0.09,1.03,0.85,2,0,0
-4.36,-1.75,0.8,1.49,0.49,-3.06,0.89,-0.14,2,0,0
0.07,-2.99,-0.09,-3.03,1.24,0.13,-2.16,-0.61,2,0,0
-0.87,-2.48,-1.44,-0.1,-1.14,-0.54,0.17,-0.88,2,0,0
-1.81,-2.64,2.33,-0.47,2.55,-0.42,-2.11,-3.34,2,0,0
-1.79,-2.62,0.16,0.85,0.8,-0.93,-0.72,-0.25,2,0,0
1.16,-0.46,-2.19,-1.21,0.48,-0.34,0.53,2.33,2,0,0
0.03,-2.55,-0.07,-1.26,-1.65,-2.4,0.38,4.71,2,0,0
-3.15,2.7,4.54,0.42,1.28,1.09,-1.35,-0.98,2,0,0
-1.58,-1.99,0.23,-0.2,-1.19,-1.12,-0.21,-0.27,2,0,0
-1.92,0.06,0.37,0.3,1.45,0.26,-0.21,-1.05,2,0,0
-0.25,-1.44,-0.5,1.46,0.58,-1.86,0.72,0.84,2,0,0
-1.38,-3.77,0.53,0.73,-2.18,-0.79,-0.53,-1.5,2,0,0
-1.11,-1.73,1.18,-1.54,-0.14,-0.96,-1.3,0.69,2,0,0
-1.09,-1.53,0.31,-0.17,1.03,-0.82,-0.59,1.41,2,0,0
-2.53,-0.75,2.7,0.89,0.49,0.34,-0.95,-1.41,2,0,0
0.47,1.66,0.87,0.25,2.08,-0.91,0.63,3.93,2,1,1
-1.46,-0.15,0.92,2.92,0.33,-0.19,1.01,-3.91,2,0,0
0.17,-1.7,-1.27,0.01,-3.4,-1.39,1.73,1.26,2,0,0
-2.83,-1.02,0.95,0.79,4.02,-2.6,-0.61,-0.53,2,0,0
1.29,-0.5,-0.48,3.48,-3.83,-0.25,2.69,-1.37,2,0,0
-0.28,1.12,1.59,1.48,-2.17,0.22,1.25,1.7,2,0,0
-4.09,0.41,3.62,2.61,1.53,-0.62,-0.38,-0.0,2,0,0
-1.3,-0.17,0.21,0.31,-0.72,-0.57,0.79,0.01,2,1,1
-0.64,2.35,1.98,0.45,1.43,0.76,0.05,0.48,2,0,0
0.68,-1.28,-0.1,1.37,-0.81,0.52,0.3,0.07,2,0,0
-0.76,-2.69,-0.66,-2.32,1.4,-2.83,-0.49,2.73,2,0,0
-2.37,-0.03,3.63,4.47,0.24,0.43,-0.29,-4.36,2,0,0
0.23,-2.08,-3.24,-0.19,-0.29,-1.22,1.58,0.2,2,0,0
-0.95,1.82,3.98,-0.85,-0.12,0.81,-1.15,2.1,2,0,0
0.88,-0.16,-2.19,-1.03,-1.8,1.46,0.72,0.83,2,0,0
-1.32,-2.25,2.01,-2.16,2.67,1.44,-3.8,-0.13,2,0,0
1.58,-0.18,-0.51,-0.65,-0.2,0.96,-0.42,1.9,2,0,0
-0.42,0.23,2.43,3.35,-0.77,1.08,0.02,-2.7,2,0,0
0.65,2.71,2.45,1.87,-2.0,1.13,0.9,3.28,2,0,0
-1.34,0.07,2.58,-1.98,1.52,0.63,-1.56,-0.39,2,0,0
-2.36,1.13,2.38,5.13,2.94,-2.21,1.97,-4.31,2,0,0
-0.17,2.48,3.04,0.49,1.55,-0.78,0.07,1.64,2,0,0
-2.62,-2.86,-0.49,2.74,0.44,-4.18,1.51,-1.42,2,0,0
1.2,0.99,0.41,0.99,-0.86,0.48,1.03,-1.41,2,0,0
-1.47,-2.04,-0.38,0.15,-0.37,-2.64,0.8,0.98,2,0,0
-0.99,-1.02,2.53,-0.11,-0.12,-0.26,-0.65,-1.99,2,0,0
-1.25,2.78,1.87,-0.35,3.44,2.31,-1.45,-1.41,2,0,0
0.52,-0.38,1.6,3.37,0.24,0.14,0.38,-3.68,2,0,0
0.31,3.11,1.36,2.8,-0.67,0.79,1.66,-1.31,2,0,0
-1.7,-1.28,-0.62,2.78,2.3,-2.6,1.15,-2.02,2,0,0
1.68,2.68,-1.15,1.86,-2.48,3.16,1.41,1.8,2,0,0
1.25,-2.28,-2.54,-1.77,-0.83,-1.26,0.64,1.01,2,0,0
-1.42,-2.02,-0.12,1.0,0.48,-0.3,-0.2,-0.41,2,0,0
-0.57,-1.59,1.32,-1.87,-0.65,0.46,-1.43,-2.85,2,0,0
2.08,0.02,0.71,-1.02,-0.56,0.71,-0.11,-0.59,2,0,0
-1.99,0.4,4.86,1.16,1.33,1.84,-2.88,1.71,2,0,0
0.7,-1.23,-1.35,1.02,-1.08,-1.11,1.33,2.29,2,0,0
-1.47,-0.27,1.13,1.72,1.66,-0.94,-0.07,-0.47,2,0,0
0.53,1.12,1.4,-2.1,0.73,-1.18,0.1,5.29,2,0,0
-4.78,-2.02,1.17,1.16,3.01,-2.99,-0.82,1.84,2,0,0
1.43,-2.48,-3.05,-1.21,-2.6,-0.63,1.37,1.05,2,0,0
-1.56,-0.39,-0.81,2.4,0.47,-1.25,1.15,-0.84,2,0,0
0.19,1.62,0.91,0.06,-2.11,0.4,1.32,0.31,2,0,0
1.79,4.81,-0.22,1.6,-4.05,2.87,2.47,1.41,2,0,0
-0.22,-2.04,0.98,-1.42,0.97,-0.83,-1.75,1.33,2,0,0
-2.6,-5.82,-4.36,-4.02,1.13,-4.82,0.17,4.09,2,0,0
1.45,-1.7,-1.1,-1.76,-0.88,-2.12,0.93,4.08,2,1,1
1.13,-2.77,-3.04,0.61,-2.74,-0.61,1.39,1.81,2,0,0
-1.16,-0.66,-0.23,4.38,-0.18,-2.48,2.55,-0.3,2,0,0
1.06,1.99,-1.17,0.83,-1.56,0.36,1.89,3.4,2,0,0
-2.93,2.43,3.89,-0.57,2.11,-0.44,-1.16,4.35,2,0,0
2.24,-1.86,-2.19,-0.51,0.56,1.44,-0.47,-1.02,2,0,0
-1.6,-0.78,0.31,-0.83,0.23,-1.33,-0.13,3.98,2,0,0
-0.26,1.65,1.03,-0.29,-0.16,2.2,-0.54,-0.44,2,0,0
-1.17,-0.68,0.74,-0.71,2.14,-1.5,-0.51,2.68,2,0,0
-3.84,-2.7,1.76,2.71,1.56,-1.19,-1.03,-1.51,2,0,0
-0.6,2.25,3.33,1.37,0.33,2.36,-0.87,-0.24,2,0,0
-0.46,-2.89,1.17,1.4,-0.3,-1.22,-0.9,-0.23,2,0,0
-1.47,-2.02,2.68,-1.78,3.42,-0.39,-3.01,-1.09,2,0,0
-2.24,-2.04,0.68,0.71,0.27,-3.5,0.69,2.31,2,0,0
-0.75,-3.86,-1.4,-0.41,0.23,-1.52,-0.5,1.19,2,0,0
1.12,-1.28,-2.02,3.05,-1.69,-0.01,1.88,-2.41,2,0,0
-1.57,-0.95,0.18,-0.55,0.13,0.41,-0.8,-2.19,2,0,0
-1.14,-0.65,-0.75,0.51,2.42,-2.35,0.96,-1.02,2,1,1
1.21,1.69,-0.37,-0.61,-0.95,-1.16,1.55,2.66,2,0,0
-1.28,-0.09,0.09,0.8,0.7,-0.69,0.96,1.4,2,0,0
1.2,-1.49,0.53,-0.44,-0.4,0.41,-0.94,-0.58,2,0,0
-3.23,-1.82,1.66,2.12,3.0,0.2,-1.75,-3.29,2,0,0
1.01,-1.77,-0.54,-0.95,-0.81,0.02,-0.11,-0.23,2,0,0
-0.27,2.24,0.83,2.58,-1.44,-2.45,3.13,2.78,2,0,0
-0.67,-1.73,-2.0,0.6,0.28,-2.29,1.67,-0.4,2,0,0
-0.4,2.03,5.55,0.54,1.66,2.9,-2.86,-0.38,2,0,0
-2.21,-1.87,-0.41,2.77,1.14,-1.9,0.38,-0.82,2,0,0
1.9,-3.49,-4.08,0.06,-2.17,-0.21,1.23,-1.74,2,0,0
2.5,0.61,0.26,-2.87,-0.9,1.91,-0.58,1.96,2,0,0
-2.02,0.95,3.0,2.35,-0.43,0.04,0.39,-1.92,2,0,0
0.3,-1.57,-0.36,-1.62,-2.23,0.75,-0.28,1.85,2,0,0
-0.98,-0.91,1.2,0.77,-0.9,-0.74,0.35,-0.2,2,0,0
-0.97,-1.83,0.71,-0.22,-0.25,0.93,-1.35,-2.2,2,0,0
-0.92,-2.79,0.34,-0.72,-0.51,-1.74,-0.42,1.38,2,0,0
-2.42,-1.43,2.53,2.63,0.85,-0.34,-0.58,-1.9,2,0,0
2.34,-0.08,-2.75,-0.49,-3.15,-0.19,1.92,3.42,2,0,0
-0.31,-0.53,-0.47,-1.94,2.36,0.62,-1.07,0.07,2,0,0
-0.74,-1.65,-0.08,1.08,1.2,-2.49,0.31,3.06,2,0,0
-3.26,0.64,2.83,1.1,2.1,0.13,-1.01,0.49,2,1,1
-0.57,0.97,0.49,1.43,1.44,0.23,0.46,-0.35,2,0,0
3.3,0.6,-3.76,-1.65,-3.98,0.6,2.6,0.46,2,0,0
-0.01,1.1,1.09,1.34,-1.57,-1.1,2.09,-0.2,2,0,0
-1.17,-1.54,-0.87,1.02,0.2,-2.11,1.15,-0.55,2,0,0
-1.73,-1.82,1.46,-2.97,1.17,-1.57,-1.59,2.44,2,0,0
-0.34,-2.13,-1.37,-1.06,1.03,-2.4,0.19,2.3,2,0,0
-0.3,-0.86,1.05,1.31,-0.6,0.75,-0.19,-1.29,2,0,0
-1.36,-0.82,-2.99,0.72,2.07,-4.44,2.54,1.35,2,0,0
-0.93,-0.73,-2.26,-0.86,0.66,0.36,0.43,0.1,2,0,0
0.35,-0.18,0.9,-0.06,0.45,-0.38,-0.11,-0.27,2,0,0
0.44,1.86,0.98,-1.72,-2.09,0.26,0.61,3.74,2,0,0
-1.42,-3.66,-0.69,2.27,0.85,-2.93,0.77,-1.22,2,0,0
3.72,-0.67,-0.98,-2.07,-2.71,0.38,-0.07,3.59,2,0,0
0.78,-0.23,-2.24,-1.75,0.13,0.32,0.02,1.13,2,0,0
-2.26,-1.86,1.37,-3.28,-0.13,0.62,-2.34,2.3,2,0,0
2.31,-2.42,-2.54,-3.23,-0.48,-0.4,0.0,2.29,2,0,0
-1.32,0.09,1.79,-0.75,-0.19,0.37,-0.49,-4.34,2,0,0
0.32,-0.7,-0.1,0.3,0.14,-0.49,0.26,0.09,2,0,0
-2.09,0.38,2.55,-0.62,3.24,1.03,-2.61,1.7,2,0,0
-2.76,-1.82,2.99,1.41,4.08,0.66,-3.19,-3.05,2,0,0
-2.77,1.56,1.7,2.33,1.57,-0.47,0.95,-2.09,2,0,0
-0.91,1.7,3.5,1.54,0.96,-0.63,-0.2,-1.45,2,0,0
-0.64,-0.23,-0.18,-0.62,1.38,-0.43,-0.16,3.0,2,0,0
3.15,-1.3,-3.92,-1.14,-3.48,-0.85,2.38,0.56,2,0,0
-1.96,0.7,3.12,0.33,2.86,1.15,-1.6,-1.46,2,0,0
-1.73,0.61,1.22,-0.31,-1.17,1.28,-0.11,-0.57,2,0,0
-5.15,0.1,3.01,-1.6,6.02,0.14,-3.4,-0.13,2,0,0
3.63,-1.01,-1.71,-0.77,-2.59,-0.98,1.76,1.64,2,0,0
-2.57,-2.72,-0.7,1.97,-0.54,-1.72,0.97,-3.34,2,0,0
-3.72,-1.9,0.49,-0.64,1.48,0.23,-1.91,3.71,2,0,0
-2.83,-1.83,0.8,1.21,3.63,-0.39,-1.21,-2.06,2,0,0
0.64,-0.87,-0.48,3.29,0.09,0.68,1.01,-2.28,2,0,0
1.13,1.85,0.03,0.6,-0.17,1.79,0.25,1.88,2,0,0
0.99,-2.61,-1.86,-0.23,-0.77,-0.11,0.1,0.94,2,0,0
-0.7,-1.43,-1.66,-0.01,1.04,0.04,-0.12,-0.36,2,0,0
-0.24,0.54,0.77,2.07,0.4,0.7,0.43,-2.28,2,0,0
0.07,-2.04,0.38,-0.55,1.23,1.16,-1.92,-1.87,2,0,0
-1.27,-1.48,-0.7,-2.16,1.89,0.66,-1.53,0.25,2,0,0
-0.23,-1.34,1.59,-1.32,-1.68,-2.59,0.53,3.86,2,0,0
-1.2,0.19,1.29,2.06,-1.03,0.64,0.24,0.41,2,0,0
-0.18,-0.1,0.12,2.13,-1.44,-0.83,1.62,-0.09,2,0,0
-0.84,-1.8,-0.54,-0.43,1.46,-1.54,-0.27,2.2,2,0,0
-1.78,-1.84,-0.34,-0.62,0.45,-1.19,0.13,-0.47,2,0,0
2.44,1.32,1.81,-0.01,-2.61,2.14,0.66,-1.66,2,0,0
0.33,-0.64,1.0,-0.13,2.16,2.71,-2.29,-1.72,2,0,0
-0.77,-0.45,1.29,-0.64,0.49,1.69,-1.43,-0.08,2,0,0
-4.17,-1.13,2.94,1.08,4.32,1.01,-2.92,-5.25,2,0,0
1.95,-1.02,-1.39,-0.53,-1.27,1.85,-0.29,-0.52,2,0,0
-1.87,0.25,0.14,2.8,1.25,-0.07,0.83,-2.64,2,0,0
-0.96,-1.54,0.15,1.11,0.88,-1.23,0.08,1.05,2,0,0
3.23,-0.73,-2.4,-0.87,-3.63,1.5,1.53,0.1,2,0,0
-2.52,-1.08,1.68,-1.08,1.41,-0.28,-1.78,0.22,2,0,0
-1.57,-0.75,2.02,-1.3,1.0,0.47,-1.68,1.77,2,0,0
-1.36,-1.12,-0.01,-0.58,0.59,-0.25,-0.66,2.34,2,0,0
-1.67,-1.89,2.32,-0.15,0.38,0.67,-2.02,-0.29,2,0,0
-3.18,-0.37,3.08,-0.17,4.26,-1.15,-2.06,-0.59,2,0,0
0.31,-1.09,-2.37,-1.9,1.27,-2.07,0.73,1.94,2,0,0
-0.53,0.16,1.38,0.6,3.85,-0.71,-0.8,-0.68,2,0,0
0.47,1.08,-1.12,1.41,-1.38,1.68,1.58,-2.07,2,0,0
0.72,2.93,0.34,1.61,-2.25,-0.09,2.99,1.31,2,0,0
-2.6,-1.51,-0.66,-1.49,1.32,-2.78,0.43,3.1,2,0,0
1.33,-0.63,-0.45,-2.17,0.1,1.39,-1.3,3.25,2,0,0
-1.55,-3.82,-2.57,-1.06,0.44,-2.91,0.53,1.0,2,0,0
-1.56,-0.51,0.32,-0.11,3.57,-1.83,-0.42,0.67,2,0,0
-3.85,-3.0,2.85,3.83,5.56,-2.32,-1.85,-5.79,2,0,0
0.99,-3.78,0.5,-1.22,0.28,0.74,-2.17,-0.5,2,0,0
2.5,-1.46,-0.97,-0.27,-3.71,1.23,0.85,-0.04,2,0,0
-1.66,-3.08,2.1,2.12,1.56,-0.43,-1.42,-4.46,2,0,0
0.11,0.06,-0.94,2.27,-0.57,-0.18,1.85,-2.21,2,0,0
-2.19,0.05,1.4,2.17,-0.58,-1.2,0.85,0.91,2,0,0
-1.08,-0.35,1.6,0.12,0.2,0.01,-0.37,-0.28,2,0,0
-1.87,0.55,0.92,0.34,2.23,-0.6,-0.36,-0.06,2,0,0
-2.89,-2.93,0.51,1.71,1.78,0.24,-1.8,-3.51,2,0,0
-0.6,1.07,1.27,-1.18,1.58,1.34,-1.13,-2.03,2,0,0
-0.54,-0.81,-0.08,1.51,-1.05,-0.97,1.4,0.04,2,0,0
-0.7,1.68,2.31,0.43,-0.37,0.56,-0.21,0.62,2,0,0
0.63,-1.06,-0.72,-1.55,-1.03,-0.46,0.39,2.33,2,0,0
-1.47,-0.6,5.17,0.28,2.53,0.49,-2.69,-2.73,2,0,0
0.02,-3.5,-1.78,-0.57,-1.25,-1.73,0.06,2.56,2,0,0
-1.43,0.59,2.11,0.36,0.51,-0.0,-0.65,-0.22,2,0,0
-2.53,0.07,1.1,1.83,2.28,0.79,-1.03,-1.69,2,0,0
-0.43,1.86,2.18,0.57,0.68,3.55,-1.49,-1.01,2,0,0
-1.23,-1.22,3.66,-1.68,1.42,2.69,-3.93,-0.92,2,0,0
0.67,-1.32,-2.58,2.36,-0.07,-1.36,2.22,0.19,2,0,0
-2.53,3.26,3.13,3.55,0.95,2.15,0.05,-3.17,2,0,0
-2.58,-2.55,0.68,-3.34,0.95,0.26,-2.66,3.81,2,0,0
-3.35,-0.6,1.76,1.95,1.9,0.03,-0.81,-2.04,2,0,0
1.29,0.05,-0.36,1.1,-4.34,-0.76,2.58,1.58,2,0,0
-1.45,-2.86,-0.58,0.58,0.6,-2.67,0.38,-1.55,2,0,0
-2.96,1.22,2.01,2.38,2.37,-0.23,-0.1,0.15,2,0,0
0.85,-1.21,0.15,1.41,0.01,1.03,-0.56,-1.03,2,0,0
-0.28,-0.13,-0.46,-2.73,0.94,0.64,-1.01,3.36,2,0,0
1.88,-2.29,-4.28,0.68,-4.2,-2.47,4.18,-0.76,2,0,0
-1.14,-1.73,0.69,-0.48,0.47,-0.24,-0.66,-0.87,2,0,0
0.2,-3.06,2.02,-4.1,1.01,1.49,-4.26,1.96,2,0,0
1.35,-3.3,-2.7,-1.61,-2.13,-1.89,1.19,-0.39,2,0,0
-2.2,0.63,-1.24,-0.76,3.89,-3.0,0.88,3.93,2,0,0
0.84,-2.47,-0.53,1.72,-2.04,0.52,0.35,-4.18,2,0,0
-2.39,-3.48,-0.08,-1.27,3.95,-2.16,-1.89,0.92,2,0,0
1.26,0.89,-0.06,-0.3,0.72,2.11,-0.91,-0.54,2,0,0
-0.78,3.31,2.49,0.45,0.68,2.11,-0.45,-0.72,2,0,0
-2.87,0.5,0.76,-0.23,2.79,-0.85,-0.65,3.61,2,0,0
1.7,-0.18,-3.47,1.53,-1.3,-1.36,2.92,-0.59,2,0,0
3.09,-1.07,-3.74,0.46,-1.99,-1.36,2.74,1.99,2,0,0
3.01,-0.76,-2.48,-0.01,-0.07,-0.97,1.76,-0.66,2,0,0
-1.57,-0.59,3.0,2.66,-0.25,-0.43,-0.26,-1.77,2,0,0
0.66,1.7,1.82,3.29,-0.52,0.58,1.24,-0.52,2,0,0
-0.89,2.01,1.71,-0.33,2.26,0.46,-0.69,1.92,2,0,0
-1.16,3.19,3.99,4.55,-0.01,2.81,-0.54,-1.3,2,0,0
0.75,-1.12,-1.06,-2.6,1.01,-0.41,-0.9,1.65,2,0,0
0.39,-0.28,-0.96,0.87,-0.44,1.38,0.27,0.22,2,1,1
-1.22,0.91,3.28,2.29,0.49,0.92,-0.79,-1.86,2,0,0
0.59,-1.1,-1.71,0.21,-0.6,-1.85,1.69,0.97,2,0,0
-0.45,1.55,0.36,-0.27,1.86,0.19,-0.25,1.96,2,0,0
-1.95,-1.03,2.92,2.67,2.22,0.35,-1.49,-2.33,2,0,0
-1.91,-3.29,-2.12,-1.37,1.31,-3.76,1.07,-1.88,2,0,0
-2.27,-1.32,1.99,1.81,2.31,-0.36,-1.11,-2.65,2,0,0
0.41,-1.61,-0.64,-0.44,0.15,0.53,-0.51,0.03,2,0,0
-1.28,-4.11,-0.2,2.87,-0.75,-3.96,1.71,-1.48,2,0,0
-1.56,-2.6,0.32,0.15,2.65,-1.9,-0.8,-1.81,2,0,0
-1.0,-2.55,-0.87,2.03,0.09,-1.64,1.15,-2.3,2,0,0
-0.08,4.32,4.81,0.26,0.06,4.35,-2.24,-0.97,2,0,0
-3.3,-1.89,-0.09,1.25,-1.18,-0.56,0.61,0.35,2,0,0
-0.55,-0.62,0.19,-3.65,0.57,0.79,-1.82,3.73,2,0,0
1.68,-2.52,-0.73,0.9,-2.0,0.18,0.65,-1.14,2,0,0
-2.03,0.69,1.43,0.33,2.11,0.01,-1.2,0.53,2,0,0
-2.36,1.75,2.57,1.83,1.42,0.2,-0.33,1.01,2,0,0
-1.26,3.71,1.19,2.24,-0.99,2.0,1.23,-1.02,2,0,0
-2.17,-1.18,1.19,-0.49,-0.05,-1.83,-0.53,3.81,2,0,0
-1.83,-1.01,1.38,0.34,1.89,-0.01,-1.07,-1.75,2,0,0
0.55,2.74,2.51,0.52,0.05,1.5,0.05,1.32,2,1,1
-2.06,-2.24,-2.38,-0.39,1.76,-3.36,0.82,0.23,2,0,0
1.51,-0.97,-2.02,0.05,-0.74,-0.66,1.52,0.9,2,0,0
-3.07,2.94,3.78,3.45,2.24,1.44,-0.99,-1.14,2,0,0
-1.47,-1.99,-0.69,0.42,2.73,-3.43,0.94,-0.17,2,0,0
0.96,0.79,3.16,-0.57,0.15,1.56,-1.39,-0.03,2,0,0
-1.14,-4.22,-2.7,2.32,-1.91,-1.55,1.71,-4.72,2,0,0
-0.51,-1.77,0.01,-1.04,1.08,0.55,-1.32,-0.91,2,0,0
-0.61,-4.82,-2.19,-0.69,1.15,-2.44,-0.68,1.67,2,0,0
-3.52,-1.02,2.86,0.63,0.82,0.53,-2.06,-1.2,2,0,0
-0.85,-2.71,-1.29,-1.91,0.69,-1.78,-0.65,4.85,2,0,0
0.34,-2.48,1.69,0.13,-3.88,0.75,-0.76,0.08,2,0,0
3.12,0.19,0.7,2.04,-1.15,0.24,0.97,1.52,2,0,0
-1.69,2.86,4.2,1.4,2.81,2.26,-2.06,-0.88,2,0,0
-3.03,-0.97,0.5,0.28,1.16,0.1,-1.17,-1.08,2,0,0
-2.11,-1.73,0.93,-0.19,0.25,0.15,-1.31,-0.38,2,0,0
0.03,-0.4,0.48,1.09,-0.25,0.06,0.35,0.2,2,0,0
-0.86,-1.84,-1.9,-1.21,0.6,-1.82,0.38,1.92,2,0,0
-3.17,0.85,3.79,1.74,2.38,0.66,-1.62,-0.62,2,0,0
-0.02,-0.86,-0.98,-1.99,0.47,1.83,-1.45,2.04,2,0,0
-1.64,-1.55,2.53,0.77,2.61,-1.24,-1.51,-0.68,2,0,0
-1.25,0.14,3.87,-0.13,-0.09,2.6,-3.07,1.93,2,0,0
1.24,-0.29,-0.73,-0.01,0.77,0.34,0.01,-0.96,2,0,0
-1.07,1.88,1.91,0.83,2.68,1.54,-1.07,-1.38,2,0,0
1.22,-1.43,-0.09,-2.13,0.24,2.19,-2.0,1.23,2,0,0
0.6,1.4,2.7,0.78,0.35,2.83,-1.11,-3.82,2,0,0
1.12,-2.23,-0.64,-1.54,-2.35,-2.04,1.3,2.42,2,0,0
1.11,0.06,-1.3,-1.16,0.24,0.13,0.39,3.09,2,0,0
-3.12,-1.76,0.41,2.25,2.04,-2.23,-0.04,-3.31,2,0,0
-3.71,-1.57,1.95,1.76,3.24,-2.99,-0.1,-1.2,2,0,0
0.55,-0.45,1.56,1.9,2.21,1.95,-1.85,-2.79,2,0,0
0.61,1.71,1.89,-0.36,0.02,2.79,-1.16,-1.72,2,0,0
-0.15,0.06,1.49,-1.2,-0.61,0.61,-0.55,-3.61,2,0,0
-2.06,-1.55,1.51,0.55,2.84,-1.17,-1.39,-1.12,2,0,0
-4.23,-0.56,3.84,-0.83,2.35,2.47,-3.65,-1.02,2,0,0
-0.26,0.44,0.92,-0.53,2.29,0.6,-1.11,0.82,2,0,0
-0.76,-4.07,-2.08,-1.5,1.83,-1.25,-1.04,-0.88,2,0,0
-0.39,-2.49,-0.05,-0.43,-0.83,-0.64,-0.32,-1.14,2,0,0
-2.58,-1.39,2.14,4.4,3.05,-2.51,0.18,-3.91,2,0,0
-2.31,-1.39,1.63,-0.51,1.22,-0.79,-0.97,0.74,2,0,0
-0.87,3.15,3.61,0.51,-0.93,2.87,-0.66,0.19,2,0,0
-0.04,-2.96,1.68,0.03,1.13,-0.79,-1.84,-0.33,2,0,0
-0.18,-2.45,-0.93,-2.18,2.43,-1.54,-1.31,2.36,2,0,0
-1.2,-1.43,0.53,2.37,-0.18,-0.72,0.6,-1.25,2,0,0
-1.31,-1.19,1.27,-2.02,-0.6,0.75,-1.55,1.15,2,0,0
-1.03,-2.52,1.3,1.08,-4.41,1.48,-0.61,-1.36,2,0,0
-1.61,1.47,2.07,1.63,0.13,-1.1,0.93,2.55,2,0,0
-1.42,-0.91,0.79,0.58,3.04,-0.45,-0.93,-1.56,2,0,0
-2.75,-1.69,1.27,-1.22,2.65,-1.44,-1.43,0.56,2,0,0
-0.36,-1.62,-2.37,0.93,-1.23,-1.11,1.52,0.57,2,0,0
-0.11,0.91,0.57,1.52,-2.47,0.26,1.64,1.16,2,0,0
2.24,-0.06,-3.86,-2.89,-2.05,-0.01,1.68,4.5,2,0,0
-1.96,-0.81,4.32,-2.41,0.8,3.85,-4.33,-2.81,2,0,0
-1.43,-1.22,-1.05,1.16,0.83,-3.39,1.49,1.08,2,0,0
-2.71,0.67,3.02,1.15,0.77,0.53,-0.97,2.44,2,0,0
-1.72,0.62,0.42,0.52,1.68,-1.3,0.45,1.75,2,0,0
-1.39,-0.9,1.06,-1.8,2.72,-0.33,-2.02,0.66,2,0,0
-1.04,-0.48,-0.01,0.57,1.85,0.12,-0.42,-1.38,2,0,0
-1.31,0.03,0.83,3.64,-1.68,-0.08,1.34,-2.57,2,0,0
-0.81,-0.49,0.95,2.08,-0.53,-1.01,0.81,1.39,2,0,0
0.93,-2.06,-2.64,-0.89,0.57,-1.72,0.9,1.38,2,0,0
-1.01,0.2,1.35,1.38,2.65,0.4,-0.66,-0.62,2,0,0
-2.49,-1.97,2.32,1.19,3.39,-0.69,-1.95,-3.05,2,0,0
-1.81,0.94,2.63,1.66,1.75,0.84,-0.38,-4.0,2,0,0
0.02,0.67,-0.87,2.81,-0.45,1.04,0.93,-0.04,2,0,0
-0.5,0.66,0.57,-0.42,0.78,0.76,-0.32,2.14,2,0,0
-2.73,-2.96,-0.15,-0.05,4.54,-1.41,-1.92,-1.42,2,0,0
-0.7,0.5,1.36,-0.4,2.06,-0.73,-0.86,-0.12,2,0,0
-0.45,3.19,0.85,0.48,3.1,-1.18,1.08,5.02,2,0,0
0.26,-1.41,0.62,-0.92,-1.06,-0.96,0.14,1.11,2,0,0
-1.42,-3.4,2.19,0.85,0.13,0.03,-1.8,0.39,2,0,0
-1.18,-2.89,-2.5,0.09,0.78,-0.25,-0.27,-1.41,2,0,0
-0.4,1.33,1.7,6.73,-2.65,2.66,1.72,-6.71,2,0,0
0.35,-1.5,0.6,0.75,-1.4,-0.32,0.46,0.42,2,0,0
-1.44,1.77,2.1,3.09,-1.32,-0.46,1.7,0.4,2,0,0
0.27,3.48,2.55,2.69,-0.7,1.81,0.66,-0.75,2,0,0
-0.4,0.72,-0.08,1.78,0.28,1.47,0.2,-0.96,2,0,0
-0.78,-2.22,2.8,-1.68,0.81,2.85,-3.68,-3.08,2,0,0
0.86,0.86,-1.99,3.39,-0.93,0.31,2.48,-1.07,2,0,0
0.39,1.92,2.43,1.69,0.37,2.56,-0.62,-3.31,2,0,0
-2.35,-1.33,5.06,1.87,1.78,1.12,-2.94,-2.85,2,0,0
-1.54,0.86,1.94,3.37,0.76,1.92,-0.04,-6.2,2,0,0
0.11,1.14,0.51,-0.27,1.68,1.37,-0.85,1.74,2,0,0
-1.64,-2.33,0.76,1.78,-1.17,-2.63,0.88,0.63,2,0,0
-1.91,-1.71,0.83,0.13,2.3,-2.71,-0.61,1.14,2,0,0
1.49,-1.57,-1.75,-0.85,0.85,-1.63,0.64,1.2,2,0,0
-0.7,-4.94,-0.52,0.22,-0.88,-1.95,-0.67,0.22,2,0,0
-0.71,-2.78,0.71,-0.01,-2.25,-0.41,-0.26,-0.12,2,0,0
-1.94,-0.83,0.73,-0.17,-0.36,0.2,-0.61,0.48,2,1,1
-3.54,0.59,3.74,2.34,0.61,-0.97,-0.15,-1.01,2,0,0
3.4,-1.35,-3.92,-0.48,-2.48,-1.5,2.84,2.24,2,0,0
1.85,-3.66,-3.28,0.27,-2.22,-1.58,1.8,-0.24,2,0,0
0.3,1.04,-0.16,2.2,-1.01,0.44,1.57,-0.83,2,0,0
0.7,1.13,0.73,0.93,-0.48,0.58,0.36,3.53,2,0,0
1.47,-0.63,-1.93,1.03,-2.61,-0.43,2.41,-0.16,2,0,0
-4.42,0.5,0.97,-5.45,2.62,-0.07,0.92,-0.78,3,0,0
1.37,1.4,-1.23,-0.09,-1.68,-0.22,3.11,0.16,3,0,0
-0.21,0.21,0.42,-0.7,-0.19,0.13,2.1,0.72,3,0,0
-1.61,-0.69,0.5,-3.1,-0.55,-0.12,-1.5,-1.73,3,0,0
-1.48,-0.19,-3.42,1.92,-0.31,1.13,-0.92,0.71,3,0,0
-2.77,0.34,-2.85,-1.32,1.1,-1.59,-1.1,-0.1,3,0,0
-3.03,-2.1,-0.29,-1.93,1.41,-1.96,-3.23,-0.36,3,0,0
-1.81,2.69,-3.21,-1.11,-3.08,3.5,-1.23,-2.62,3,0,0
-3.09,-1.79,0.26,-0.58,1.19,-0.99,-2.01,0.55,3,0,0
-0.45,-1.75,-0.18,2.59,0.35,-0.52,0.13,2.24,3,0,0
1.02,2.92,0.32,-1.63,-3.4,1.55,3.98,-1.78,3,0,0
-4.23,-3.84,0.07,-2.71,2.51,-4.43,-5.46,-0.39,3,0,0
-4.68,-0.15,1.05,-3.56,0.18,-0.15,-0.61,-1.51,3,0,0
0.99,-0.21,-1.27,0.93,-1.61,0.03,2.43,0.36,3,0,0
-0.08,1.68,-0.99,-2.38,-0.21,1.18,2.7,-0.69,3,0,0
2.28,-1.1,-3.39,4.42,-4.06,-0.39,-2.12,0.04,3,0,0
-0.81,-1.49,0.76,-0.06,-1.75,-1.85,-0.19,-0.41,3,0,0
-2.32,1.5,-2.68,-3.32,1.91,-1.81,0.71,-0.47,3,0,0
-1.68,-2.29,1.58,-0.94,-0.35,-0.33,-3.13,-0.35,3,0,0
-0.25,-1.36,1.59,0.72,-2.2,-1.6,1.32,-0.11,3,0,0
-0.2,1.18,-1.4,0.32,-2.13,2.13,0.5,-0.7,3,0,0
-2.39,0.8,-1.55,-2.73,0.22,-2.29,2.17,-1.03,3,0,0
-1.04,-2.94,2.61,-1.15,-1.99,-2.34,-0.32,-1.22,3,0,0
-0.45,0.29,-0.24,-1.46,-1.52,2.78,1.06,-1.41,3,0,0
-1.33,-1.27,0.6,0.14,0.7,-1.53,0.66,1.43,3,0,0
-2.31,-0.9,1.52,-2.98,1.07,-1.39,0.25,-0.35,3,0,0
1.07,-0.16,-1.58,-0.66,-0.77,1.29,-0.08,-0.12,3,0,0
0.47,-1.57,0.42,0.43,-1.74,-2.63,0.4,-0.03,3,0,0
-2.41,1.14,1.53,-3.55,0.31,1.42,0.79,-0.75,3,0,0
-2.81,-3.76,4.65,-1.43,-0.06,-3.7,-1.12,0.3,3,0,0
-1.21,-3.55,0.52,0.87,-0.57,-1.85,-4.15,0.29,3,0,0
-3.66,-1.38,-1.93,0.15,1.68,2.01,-2.43,0.7,3,0,0
-0.94,0.57,-1.24,-1.95,0.3,-2.48,1.58,-0.39,3,0,0
-0.65,-0.08,-1.95,0.08,-2.04,0.67,-2.79,-1.45,3,0,0
0.64,-2.71,2.68,1.71,-1.24,-4.85,2.55,1.93,3,0,0
2.31,0.43,1.03,-0.29,-0.46,-3.68,4.41,1.61,3,0,0
-0.06,-0.19,-2.76,0.95,-1.26,2.79,-0.97,-0.28,3,0,0
0.34,-2.11,0.2,2.39,-1.64,-0.37,1.43,1.08,3,0,0
-0.7,-1.67,0.75,-0.65,-0.91,-1.59,-1.66,-0.49,3,0,0
-0.59,-2.63,0.12,0.54,0.69,-2.52,-2.27,0.87,3,0,0
-0.06,-1.57,-2.63,3.19,0.76,0.1,-0.73,2.68,3,0,0
-3.62,-1.52,0.1,-3.02,-0.1,-1.03,-2.75,-1.84,3,0,0
0.47,2.77,-1.45,-2.57,0.37,1.43,3.7,0.24,3,0,0
0.34,0.86,-1.69,1.0,-1.76,3.66,0.69,-0.06,3,0,0
-2.08,0.22,-4.1,-0.53,1.66,3.04,-0.71,0.43,3,0,0
1.21,1.96,-4.61,0.23,-1.46,2.53,1.6,-0.88,3,0,0
-0.51,-0.23,-3.38,0.83,1.89,1.15,-1.41,1.82,3,0,0
-2.41,-1.8,0.52,-1.36,0.49,-4.5,-0.45,-0.39,3,0,0
-3.37,0.93,-1.42,-2.31,1.17,0.32,0.62,-0.2,3,0,0
0.17,-3.51,1.46,2.59,-1.52,-2.98,-0.51,1.12,3,0,0
-1.14,1.13,0.39,-1.23,-0.83,2.1,2.2,0.1,3,0,0
1.98,1.52,-0.03,-0.3,-1.28,-0.08,3.84,0.88,3,0,0
-2.32,-1.78,-0.35,-0.46,0.17,-0.92,-2.32,-0.44,3,0,0
1.05,0.34,0.06,0.35,-3.41,1.59,1.81,-1.06,3,0,0
1.53,2.24,-6.06,1.14,-1.28,3.86,-1.56,-0.27,3,0,0
-2.8,1.59,-3.69,-4.22,1.76,1.79,-2.03,-1.6,3,0,0
0.79,3.66,-4.63,-0.45,0.79,3.18,3.09,0.95,3,0,0
-1.6,-0.29,-4.91,1.05,1.32,3.13,-2.15,0.75,3,0,0
-0.26,-1.64,3.72,-2.36,-3.65,-2.26,2.61,-2.23,3,0,0
-1.14,-0.12,1.16,-1.56,-1.76,-0.14,-1.11,-1.43,3,0,0
-2.58,-1.48,2.84,-2.6,-0.75,-1.6,0.23,-0.92,3,0,0
-1.18,-1.74,3.37,-0.93,-1.25,-1.29,1.36,0.16,3,0,0
-2.38,-0.26,-0.92,-1.65,0.02,-0.05,-1.33,-1.12,3,0,0
-0.93,0.4,0.92,-1.04,-2.42,-1.59,1.52,-1.27,3,0,0
-2.92,0.01,-0.28,-2.13,0.05,3.06,-3.16,-1.28,3,0,0
-2.34,-2.83,0.93,0.67,0.86,-1.37,-0.79,1.39,3,0,0
-0.31,3.13,-2.02,-1.26,-2.33,3.73,1.07,-1.56,3,0,0
-0.6,1.41,-3.7,-1.72,1.91,1.25,0.29,0.97,3,0,0
-1.08,1.2,-1.34,-3.12,1.98,-0.61,3.93,0.43,3,0,0
-1.72,-0.27,-1.13,-1.38,0.34,0.17,-0.84,-0.29,3,0,0
0.06,1.49,-4.41,1.57,-0.2,2.8,1.59,1.07,3,0,0
-2.39,-0.75,-2.34,-0.95,1.86,-1.97,-1.06,0.73,3,0,0
-3.15,0.64,-2.84,-0.64,1.84,3.72,-1.69,0.23,3,0,0
1.61,0.71,-1.42,0.7,-2.35,0.26,-0.05,-0.27,3,0,0
0.6,0.22,-4.22,1.89,-1.82,1.68,-2.46,-0.48,3,0,0
1.14,-2.96,-0.25,1.33,-1.48,-1.79,-1.72,0.61,3,0,0
-3.29,-0.69,-1.85,-1.65,3.5,0.26,-0.35,1.16,3,0,0
0.09,-0.21,1.15,0.91,-2.87,-1.32,1.44,-0.38,3,0,0
1.03,2.2,-3.61,-0.19,-1.63,1.89,0.44,-0.75,3,0,0
0.89,-1.44,2.77,1.4,-4.31,-3.81,1.32,-0.43,3,0,0
-2.19,3.13,-3.42,-2.39,-1.46,4.77,-0.23,-2.51,3,0,0
0.32,0.14,-1.06,0.21,-3.25,3.94,-0.79,-1.47,3,0,0
-0.83,-2.63,-0.69,2.03,1.05,-0.79,0.06,2.24,3,0,0
-2.52,-2.05,0.49,-1.92,-1.68,0.28,-2.7,-2.44,3,0,0
0.05,2.0,-5.56,1.76,-3.56,4.48,-2.96,-1.99,3,0,0
-0.34,-0.93,-1.19,1.16,-3.28,0.16,-1.01,-1.02,3,0,0
-1.08,1.85,-3.81,-0.47,-0.66,4.01,-0.04,-0.88,3,0,0
-3.29,0.24,-0.56,-1.68,2.15,-1.06,1.12,0.99,3,0,0
-0.8,1.79,-2.41,-0.14,-0.21,2.84,0.81,-0.02,3,0,0
-2.79,-2.33,-2.67,-0.09,4.05,-3.34,-0.51,2.43,3,0,0
0.16,0.54,-3.92,0.46,-0.64,5.85,-2.15,-0.45,3,0,0
-0.65,-1.76,-0.96,0.59,-1.2,1.16,-2.12,-0.45,3,0,0
-2.07,-0.45,-3.02,1.14,-0.61,3.33,-2.06,-0.26,3,0,0
-3.27,0.09,-3.24,-1.85,1.65,0.15,-1.59,-0.59,3,0,0
-0.09,-0.35,-1.58,0.16,1.28,-4.57,2.91,1.82,3,0,0
-1.09,-0.79,-2.22,2.26,2.09,-1.3,-0.49,2.95,3,0,0
2.65,2.65,-0.78,-1.29,-2.66,2.78,3.68,-1.04,3,0,0
-0.13,-0.15,1.49,-1.61,-0.17,-1.13,2.96,0.73,3,0,0
-3.04,-0.76,-0.58,-2.64,-0.07,1.2,-2.06,-1.69,3,0,0
-0.83,1.27,-1.45,-1.13,0.46,2.17,2.33,0.2,3,0,0
1.65,2.48,-3.5,1.12,-1.85,3.94,1.35,-0.22,3,0,0
-3.21,-2.08,-2.16,0.54,2.54,0.25,-2.87,1.65,3,0,0
-0.02,-2.92,-0.77,2.73,-0.91,-2.84,-1.39,1.16,3,0,0
-1.5,-2.39,2.22,-1.47,-2.01,-1.04,-1.9,-1.54,3,0,0
-2.48,-4.04,1.72,0.51,1.89,-3.9,-1.83,2.21,3,0,0
0.14,-2.11,0.69,0.89,-2.39,-1.01,-1.49,-0.38,3,0,0
-0.34,0.46,-2.59,0.34,0.68,-1.18,1.45,1.26,3,0,0
-3.66,-2.59,2.31,-1.08,2.28,-1.99,0.21,0.92,3,0,0
-1.46,1.7,-0.87,-3.99,1.13,0.06,-0.21,-0.58,3,0,0
-0.51,-1.28,-2.61,1.27,0.87,1.65,-2.25,1.19,3,0,0
-3.79,-2.34,1.66,-2.05,2.7,-0.86,-3.03,0.86,3,0,0
-0.89,-0.21,-0.12,-0.28,-2.3,1.38,-0.55,-1.31,3,0,0
-0.11,3.29,-2.17,-0.18,-0.42,4.79,4.6,0.41,3,0,0
-1.04,-2.95,0.6,-0.06,2.39,-3.03,-0.67,1.91,3,0,0
-3.16,-1.35,0.85,0.04,1.44,0.59,-1.4,1.01,3,0,0
-2.81,0.53,-4.6,-2.29,0.3,2.05,-4.23,-2.06,3,0,0
0.34,0.17,1.35,-1.13,-1.24,0.79,1.29,-0.34,3,0,0
-0.96,0.76,-0.06,-2.17,2.26,-1.04,1.83,1.11,3,0,0
-0.84,-2.74,2.37,-0.94,-1.18,-1.8,-0.41,-0.22,3,0,0
-1.04,-0.62,0.71,-1.01,-0.9,-1.83,1.37,-0.68,3,0,0
1.69,0.01,-3.39,0.63,0.34,0.95,-0.45,1.29,3,0,0
-1.83,0.34,-3.15,-0.72,0.27,0.3,-2.47,-0.72,3,0,0
0.46,0.25,1.54,-1.73,-2.1,0.74,1.71,-0.7,3,0,0
-1.29,2.68,-4.94,-1.77,1.27,0.69,2.72,-0.35,3,0,0
-0.89,0.82,0.62,-1.98,-2.27,-1.34,2.27,-1.44,3,0,0
1.17,2.92,-1.13,-1.7,-2.85,2.62,4.22,-1.82,3,0,0
-2.28,-0.99,1.83,-1.67,-0.33,-1.02,0.3,-0.18,3,0,0
-1.27,-3.34,-1.13,2.27,-0.69,-0.94,-5.13,0.35,3,0,0
-1.33,0.73,-3.19,-1.88,0.96,0.68,-1.19,-0.28,3,0,0
-0.53,2.7,-1.93,-2.89,0.16,0.67,0.71,-0.99,3,0,0
-2.65,-0.19,-3.61,-1.12,0.16,3.33,-3.26,-1.14,3,0,0
-2.93,-0.57,-0.38,-0.88,1.95,1.98,-0.3,0.85,3,0,0
1.79,-0.34,-2.69,2.85,-4.23,2.68,-0.59,-0.75,3,0,0
0.11,-1.61,2.55,-2.85,-0.96,-2.25,-0.0,-0.68,3,0,0
-1.53,-1.13,3.2,-1.36,-1.95,-3.45,2.41,-0.19,3,0,0
-0.17,-2.87,5.61,-1.98,-3.52,-1.57,-1.84,-2.15,3,0,0
0.69,1.1,-4.47,0.09,-0.04,3.27,-0.41,0.3,3,0,0
0.28,3.36,-5.48,-1.17,-1.92,3.01,0.47,-1.85,3,0,0
0.59,1.24,-1.99,0.07,-0.26,1.35,1.29,0.75,3,0,0
0.77,-1.16,-0.61,1.48,-2.8,0.19,1.0,-0.06,3,0,0
1.73,-0.35,-0.65,1.08,-2.26,0.67,0.05,0.19,3,0,0
0.31,2.16,-3.57,0.51,-1.68,4.34,0.14,-0.56,3,0,0
1.51,-1.15,-0.51,1.06,-2.9,0.14,-0.27,-0.61,3,0,0
0.66,-1.07,0.51,-0.89,-0.96,0.65,0.95,-0.16,3,0,0
-0.87,1.33,-2.57,0.14,-0.78,-0.04,1.78,0.11,3,0,0
1.67,-1.78,2.44,0.62,-2.54,-3.23,3.31,0.77,3,0,0
1.48,-2.5,2.3,1.58,0.49,-3.0,2.48,2.97,3,0,0
-0.95,-0.84,2.53,-2.3,-1.67,1.59,0.83,-1.14,3,0,0
-1.02,-2.79,5.3,-0.94,-3.87,-5.16,0.2,-1.95,3,0,0
-0.69,-0.36,-2.47,-0.68,0.03,0.62,-2.83,-0.12,3,0,0
-0.93,-0.61,-0.42,1.67,-2.49,2.93,-0.93,-0.33,3,0,0
-0.25,-0.45,-1.45,-1.46,0.17,-1.33,0.02,-0.46,3,0,0
-0.5,-1.21,0.99,-0.93,-1.68,-0.65,0.12,-0.86,3,0,0
-1.78,1.43,-4.11,-0.58,-0.18,4.6,-2.7,-1.0,3,0,0
-0.46,0.5,-2.64,0.84,-1.92,4.43,-1.56,-0.91,3,0,0
0.49,-3.91,6.71,-2.53,-2.72,-4.24,1.16,-1.11,3,0,0
1.31,-2.01,-0.18,2.66,-0.46,-1.07,1.53,2.02,3,0,0
-0.23,-2.67,-1.2,0.6,1.35,0.8,-2.12,1.44,3,1,1
-1.52,-1.34,-1.6,1.01,-1.24,3.23,-1.43,-0.12,3,0,0
-3.91,-2.76,0.95,-3.06,2.64,-5.07,-2.55,-0.03,3,0,0
0.87,-2.64,3.43,1.12,-3.5,-1.35,0.4,-0.45,3,0,0
0.1,-1.87,-0.54,1.26,-1.08,0.03,-0.9,0.74,3,0,0
-0.1,-0.83,-2.52,2.39,-0.86,3.28,-1.91,0.7,3,0,0
0.02,-0.92,2.76,-1.58,-1.25,-1.6,2.29,-0.19,3,0,0
-3.09,-0.18,-1.52,-0.29,0.46,0.13,0.2,-0.05,3,0,0
-1.8,1.94,-0.2,-2.25,-1.85,0.85,1.81,-1.74,3,0,0
0.53,-1.32,1.22,0.53,-3.69,-0.32,0.33,-0.9,3,0,0
-0.16,-2.4,-1.47,2.2,1.62,0.1,-2.03,2.42,3,0,0
0.75,-2.45,0.68,1.92,-2.07,0.18,-0.7,0.5,3,0,0
-2.64,-0.3,1.58,-3.36,0.03,-1.29,1.23,-1.09,3,0,0
-0.75,-0.67,-1.87,-0.65,-1.33,-1.54,-2.84,-1.27,3,0,0
-0.67,-1.75,-2.08,-0.46,-1.09,-0.73,-3.58,-1.15,3,0,0
-0.86,1.05,-3.74,-0.12,2.48,0.39,0.93,1.57,3,0,0
-0.74,-1.95,-3.02,2.07,1.34,1.73,-3.08,1.14,3,0,0
1.56,-0.01,0.06,0.54,-2.28,1.72,1.9,0.16,3,0,0
-1.53,-1.39,0.37,-1.44,-0.11,-0.05,-1.4,-0.57,3,0,0
0.68,-3.36,1.8,1.4,-2.41,-3.8,0.88,0.35,3,0,0
-0.42,-1.06,3.65,-0.19,-4.37,-0.63,1.85,-1.43,3,0,0
-1.26,2.07,-3.29,-1.59,-1.18,0.61,0.57,-1.58,3,0,0
-0.99,-3.21,1.03,1.52,-0.98,-1.15,-0.85,0.26,3,0,0
2.5,-5.74,2.17,5.06,-4.18,-2.35,-2.64,1.16,3,0,0
3.83,1.29,-2.22,2.5,-4.63,0.92,2.99,-0.51,3,0,0
-2.25,0.42,0.5,-3.18,3.24,-0.19,3.33,1.71,3,0,0
-0.49,2.04,-2.72,-1.56,0.18,3.12,0.49,-0.26,3,0,0
-1.77,-0.31,2.16,-0.54,-1.99,-1.36,2.13,-0.71,3,0,0
-1.55,-2.42,-0.08,-1.19,0.26,-1.42,-2.75,-0.65,3,0,0
-0.25,0.96,-0.12,-1.16,-1.25,0.76,0.58,-0.38,3,0,0
-0.19,0.39,-2.41,-0.52,-0.51,1.46,-1.5,-0.59,3,0,0
1.13,-2.71,-0.33,3.16,-0.02,-0.3,0.48,2.49,3,0,0
-1.64,0.74,1.65,-2.58,-1.75,0.77,2.73,-1.71,3,0,0
1.13,-0.22,-1.39,0.47,-4.19,2.1,-1.42,-1.95,3,0,0
-0.87,-0.05,-2.22,0.26,-0.77,2.4,-2.06,-0.42,3,0,0
0.67,0.98,-1.76,1.95,-1.51,-0.29,2.68,0.88,3,0,0
-2.89,-2.49,0.46,-0.0,0.24,-0.99,-1.78,0.24,3,0,0
-0.25,-0.76,-3.06,1.28,-0.4,2.77,-3.03,0.08,3,0,0
0.14,0.51,-2.58,0.49,-0.51,1.19,1.27,0.49,3,0,0
-0.58,-0.72,2.21,-0.99,-1.81,0.7,0.1,-0.67,3,0,0
-0.98,-0.78,2.47,-0.82,0.45,-2.4,3.24,1.34,3,0,0
-0.48,-0.59,-0.12,0.46,-0.64,-1.55,0.81,0.39,3,0,0
0.81,-2.52,1.3,0.59,-2.5,-1.62,-0.34,-0.51,3,0,0
-1.76,-2.39,-0.22,-0.05,-0.26,-0.73,-2.0,-0.26,3,0,0
-0.47,-1.25,-4.35,1.72,2.47,1.39,-1.94,2.24,3,0,0
-1.91,1.78,2.43,-5.59,-0.17,-1.03,2.96,-1.91,3,1,1
3.7,0.67,-0.54,1.02,-4.15,2.19,2.45,-0.75,3,0,0
0.58,-0.41,-1.48,0.2,-2.03,0.18,-1.63,-0.92,3,1,1
-2.38,-2.39,2.77,-3.23,-0.39,-1.01,-2.57,-1.6,3,0,0
-0.49,0.09,3.88,-2.86,-2.76,-1.42,4.32,-1.03,3,0,0
-2.28,0.91,-3.68,-1.93,-0.92,2.19,-2.75,-2.28,3,0,0
-0.86,3.32,-3.3,-1.53,-1.64,3.41,2.72,-1.65,3,0,0
-1.9,-0.71,0.45,-2.29,0.36,-2.23,0.91,-0.56,3,0,0
0.54,-0.14,-3.82,1.8,-1.62,-2.69,0.19,0.12,3,0,0
2.09,-2.47,-0.87,3.47,-1.38,0.54,-1.23,2.42,3,0,0
-2.11,0.13,-1.36,-0.38,0.55,-1.78,0.26,0.67,3,0,0
-2.3,-1.15,0.95,0.33,-0.16,0.79,0.13,1.03,3,0,0
-0.74,1.41,-2.45,-1.02,0.08,0.24,1.78,0.45,3,0,0
0.78,-3.37,-0.37,3.45,-0.05,-2.29,-0.62,2.46,3,0,0
-2.76,-2.28,0.87,0.1,1.04,-1.06,-0.87,1.13,3,0,0
-0.55,-3.87,1.79,2.82,-0.64,-3.09,-0.34,1.78,3,0,0
2.35,0.44,-1.74,0.37,-1.86,1.79,-0.17,-0.05,3,0,0
-2.07,-1.3,3.02,-2.12,-1.7,-1.12,-0.53,-1.52,3,0,0
-0.3,-2.74,-5.34,3.72,1.82,0.09,-3.75,2.32,3,0,0
-1.94,-3.71,3.08,-0.89,1.18,-4.58,-0.57,1.07,3,0,0
0.45,-2.58,-0.5,2.49,-0.27,0.71,-0.79,1.59,3,0,0
-1.87,1.62,-0.9,-4.41,-2.06,2.52,-0.49,-3.41,3,0,0
0.57,-0.53,-0.04,-0.45,0.6,-3.87,3.13,1.17,3,0,0
-2.15,-3.77,0.77,-0.16,0.57,-4.0,-3.44,-0.09,3,0,0
1.29,-4.05,2.73,2.74,-2.04,-3.42,1.6,1.6,3,0,0
-0.23,-4.19,-2.27,5.06,-0.35,1.41,-4.26,2.24,3,0,0
1.25,3.42,-4.44,-1.57,-1.46,4.58,0.56,-1.58,3,0,0
-0.64,2.07,-1.21,-1.38,0.1,1.36,3.9,0.48,3,0,0
-2.15,-2.25,-0.2,-0.03,1.28,-2.42,-1.6,0.88,3,0,0
-0.67,-1.2,1.76,-2.23,-1.21,-1.16,-0.4,-1.1,3,0,0
0.32,-2.23,4.62,-1.56,-3.26,-4.43,1.12,-1.21,3,1,1
1.29,0.59,0.36,-2.44,-2.18,-0.15,1.12,-1.59,3,0,0
-1.12,2.44,-1.93,-3.62,-0.65,4.69,0.5,-1.89,3,0,0
-0.23,-1.85,-0.54,1.45,-1.24,0.26,-1.52,0.47,3,0,0
0.31,-2.27,5.35,-0.63,-4.08,-2.89,1.4,-1.31,3,0,0
0.4,-1.01,-0.83,0.6,-1.15,-0.28,0.11,0.4,3,0,0
-1.41,-1.19,-0.27,-0.05,-0.09,-0.66,-1.39,0.62,3,0,0
1.11,-1.08,-1.47,2.52,-0.96,-0.54,0.9,1.37,3,0,0
1.87,1.54,-1.03,1.36,-2.1,1.75,3.51,0.7,3,0,0
-0.83,0.87,-0.43,-2.51,-0.23,-1.14,1.64,-0.78,3,0,0
2.99,0.88,0.75,0.64,-3.81,0.74,2.31,-0.54,3,0,0
0.83,0.41,-1.78,0.9,0.16,0.85,2.67,1.64,3,0,0
-1.24,1.94,-3.46,-1.51,0.39,0.14,1.46,-0.7,3,0,0
-0.47,0.63,1.04,-0.73,1.15,-0.31,4.54,1.85,3,0,0
-0.88,1.97,-0.02,-1.52,-1.49,3.88,0.45,-1.21,3,0,0
1.62,1.53,-3.03,0.07,-3.48,1.7,1.31,-1.22,3,0,0
0.27,-0.29,-3.28,2.15,1.2,3.52,0.39,2.2,3,0,0
1.25,1.45,-2.95,-0.4,-2.68,2.8,-1.37,-1.63,3,0,0
0.11,-3.32,0.7,2.86,-1.16,-4.81,-1.57,1.42,3,0,0
0.65,-1.08,-0.48,1.1,-1.22,-1.96,0.76,0.6,3,0,0
-0.86,-2.0,-0.89,1.96,-0.87,0.59,-1.69,0.74,3,0,0
-0.36,-3.9,1.41,1.25,-1.45,-3.42,0.53,0.82,3,0,0
-2.64,-1.11,-1.54,0.38,2.29,-1.58,-0.27,1.6,3,1,1
-3.16,-0.29,-0.33,-3.91,0.53,-0.55,-0.99,-1.74,3,0,0
-2.44,-1.96,-1.32,0.44,2.38,-3.25,-1.74,1.95,3,0,0
-1.13,2.38,-3.04,-1.1,0.36,0.47,0.54,-0.19,3,0,0
-1.13,2.58,-2.12,-3.16,0.4,1.88,0.39,-0.97,3,0,0
-2.41,0.14,-1.94,-3.61,2.01,-0.14,-0.98,-0.23,3,0,0
-0.37,0.11,-1.07,0.47,0.13,-0.86,0.87,0.85,3,0,0
1.03,-4.22,1.84,2.24,-0.32,-3.17,-0.15,2.27,3,0,0
-1.58,0.0,-0.82,-1.45,0.8,2.22,0.15,0.42,3,0,0
-0.11,-1.59,-0.74,2.3,-1.18,2.08,-0.86,0.63,3,0,0
0.33,0.13,-0.31,0.08,0.02,1.74,0.91,1.11,3,1,1
-0.44,1.91,-1.44,-2.34,1.01,-0.76,3.06,0.38,3,0,0
-0.69,-4.39,1.35,2.72,-1.37,-2.72,-3.16,1.13,3,0,0
2.02,-1.19,2.1,-0.3,-2.88,-0.35,0.69,-0.63,3,0,0
1.62,-0.05,-3.94,3.22,-1.88,4.82,-0.34,0.87,3,0,0
0.29,-3.52,-1.01,2.48,-0.46,-3.06,-0.81,1.76,3,0,0
-3.14,-1.82,1.72,-2.99,1.29,-0.09,-0.76,-0.02,3,0,0
-1.07,-1.09,0.15,1.47,-2.24,2.28,-2.41,-0.8,3,1,1
-0.07,-0.6,-2.6,0.35,-1.98,0.13,-1.07,-1.14,3,0,0
-0.36,-0.86,2.46,0.29,-3.4,-1.12,2.16,-0.86,3,0,0
-0.11,-2.92,1.16,0.73,-1.8,-1.23,-2.25,-0.54,3,0,0
-3.9,-1.21,2.02,-2.4,2.62,-0.31,-0.72,0.9,3,0,0
-2.89,-1.83,2.36,-2.07,0.75,-1.81,-0.22,0.02,3,0,0
0.14,-0.02,-0.91,0.48,-1.28,1.26,0.99,0.16,3,0,0
-0.99,-1.47,4.84,-1.57,-3.41,-1.5,0.15,-2.04,3,0,0
-1.08,0.76,-2.99,-0.95,1.02,1.3,-0.43,0.89,3,0,0
1.92,1.08,-2.64,1.17,-1.39,2.18,2.25,0.44,3,0,0
1.02,1.19,-0.37,-0.4,-2.87,0.31,1.92,-1.21,3,0,0
0.22,1.07,1.19,-2.07,-2.37,-0.94,2.1,-1.44,3,1,1
-1.25,-0.82,-4.09,1.35,-0.1,0.23,-1.11,0.03,3,1,1
-4.41,2.24,-4.69,-3.27,0.83,3.51,-4.75,-2.7,3,0,0
0.2,2.62,-3.31,-0.63,-0.89,4.1,1.98,-0.19,3,0,0
-0.27,-1.24,-0.92,0.46,-1.43,1.93,-3.25,-0.34,3,0,0
-1.5,1.94,-3.44,-1.09,-0.1,0.16,0.67,-0.63,3,0,0
1.98,2.79,-4.72,0.45,-0.52,0.48,3.65,0.81,3,0,0
-1.59,-1.54,3.6,-0.18,0.72,-4.38,3.33,1.99,3,0,0
-0.8,-1.34,-1.58,1.03,1.8,0.06,0.23,1.74,3,0,0
2.4,-2.24,1.04,2.01,-2.33,-0.81,1.56,1.24,3,0,0
0.92,0.81,-1.85,0.41,-3.02,1.41,-0.91,-1.37,3,0,0
0.59,-0.54,0.81,0.1,-0.71,-2.12,1.21,0.58,3,0,0
-0.26,-2.48,-2.17,2.27,0.98,-2.14,-1.77,1.79,3,0,0
-2.99,-3.95,1.32,-1.4,2.36,-3.72,-3.66,1.05,3,1,1
-0.54,-0.14,-1.56,-1.67,-2.08,1.82,-2.93,-2.04,3,0,0
-3.75,-3.66,-1.5,0.54,1.0,0.26,-5.16,0.21,3,0,0
0.28,-3.1,-0.21,2.11,-0.62,-1.32,-1.56,0.98,3,0,0
-1.11,-2.96,0.27,0.02,0.65,-0.57,-2.57,0.42,3,0,0
-0.72,-4.65,-0.6,3.2,1.41,-2.05,-1.15,2.92,3,0,0
1.04,2.58,-2.21,-0.09,-4.18,2.08,2.45,-2.13,3,0,0
-0.08,0.33,-0.21,-1.97,-2.65,1.3,0.27,-2.02,3,0,0
-2.16,1.27,-1.8,-0.54,1.36,2.14,2.89,1.33,3,0,0
-0.59,-1.14,2.09,-1.29,-1.35,0.51,-0.12,-0.46,3,0,0
-0.35,1.02,0.33,-0.67,-2.54,2.71,2.46,-1.48,3,0,0
0.29,-3.25,1.08,0.11,1.47,-3.23,-0.2,2.19,3,0,0
-0.06,2.44,-4.14,-0.19,-1.18,2.9,0.88,-0.45,3,0,0
-0.38,-2.82,-1.18,1.37,2.87,-2.83,-1.51,3.09,3,0,0
-3.81,1.19,-3.4,-2.62,3.0,-0.5,-0.06,-0.09,3,0,0
2.95,0.44,0.89,0.51,-4.08,0.81,2.99,-0.75,3,0,0
-1.15,0.04,-2.81,0.7,-1.11,2.07,-1.58,-0.55,3,0,0
0.23,2.72,-3.09,0.48,0.24,2.94,3.63,1.48,3,0,0
1.76,-0.38,-3.13,2.32,-1.48,1.71,0.45,0.81,3,0,0
-1.42,1.54,-0.73,-3.15,-2.05,0.22,0.14,-2.66,3,0,0
-1.62,-0.67,-1.95,-1.07,1.35,2.37,-2.08,-0.2,3,0,0
-1.82,-2.22,0.01,-0.69,1.03,-2.36,-1.88,0.98,3,0,0
-2.35,-1.14,-1.09,-0.71,0.43,-1.41,-3.2,-0.38,3,0,0
-0.26,-3.02,0.99,2.01,-1.83,-0.18,-0.65,0.67,3,0,0
-3.19,-0.2,0.18,-3.61,-1.5,0.38,-3.25,-3.24,3,0,0
1.67,0.64,0.55,0.13,-3.2,-0.78,1.61,-1.04,3,0,0
0.86,0.28,-3.22,1.53,-0.64,4.29,-0.46,0.89,3,0,0
-2.16,-1.16,2.17,-2.12,-0.87,-3.06,1.35,-0.78,3,0,0
-1.01,-4.19,0.46,2.65,1.11,-3.86,-0.43,2.79,3,0,0
-2.1,2.43,-0.16,-5.5,-1.58,-1.13,3.09,-3.34,3,0,0
-2.5,0.51,0.75,-3.19,-2.01,-0.9,0.16,-2.57,3,0,0
1.09,1.26,-4.38,1.33,-1.7,3.54,-0.71,-0.19,3,0,0
-2.99,-0.39,0.08,-1.88,2.38,-2.28,1.18,1.3,3,0,0
2.46,-1.32,-0.52,1.98,-1.41,-2.04,1.12,1.28,3,0,0
-3.4,-0.95,-1.93,-0.69,0.46,2.22,-1.36,-0.41,3,0,0
-3.41,-2.79,-3.03,-1.08,0.35,1.63,-6.72,-1.67,3,0,0
-1.28,0.18,-0.43,-3.89,0.39,-0.25,-0.23,-1.31,3,0,0
1.99,-1.46,-0.8,2.58,-1.32,-2.02,1.49,1.6,3,0,0
2.28,-3.07,0.39,3.49,-4.77,-1.08,-2.37,-0.09,3,0,0
-3.28,-1.29,-1.42,-1.65,0.67,0.37,-3.57,-0.87,3,0,0
-1.87,-0.05,-0.51,-2.13,-0.11,1.0,-0.24,-0.72,3,0,0
-1.75,-4.2,1.84,0.6,1.23,-1.21,-2.91,1.61,3,0,0
-0.31,-2.49,-0.71,0.77,1.06,-2.07,0.15,1.69,3,0,0
-0.47,-2.25,0.0,1.05,0.8,-1.14,-0.12,1.87,3,0,0
-0.47,-0.1,-1.51,0.15,0.41,-1.41,-0.06,0.96,3,0,0
-1.98,1.29,3.48,-5.77,-1.63,0.47,1.97,-2.55,3,0,0
0.51,0.93,-4.38,2.8,1.18,1.22,1.28,2.47,3,0,0
-4.65,1.49,-1.79,-6.73,2.75,1.63,-1.21,-2.16,3,0,0
2.51,0.58,-0.84,1.45,-3.5,0.24,1.11,-0.13,3,0,0
1.01,3.96,-3.13,-0.93,-3.15,5.6,2.46,-1.85,3,0,0
-2.22,-2.0,-3.04,1.77,2.58,-0.96,-1.3,2.17,3,0,0
2.37,-1.59,0.73,1.32,-3.21,-1.6,0.78,0.28,3,0,0
-1.37,-0.33,0.53,-3.37,1.33,-0.38,0.59,-0.36,3,0,0
0.68,-2.65,-0.98,2.79,-1.75,-1.68,-1.19,0.75,3,0,0
-1.65,0.01,-0.76,-0.68,0.9,-0.93,-0.29,0.59,3,0,0
-0.63,-1.04,2.14,-0.71,-1.61,-2.35,1.18,-0.07,3,1,1
4.59,-1.53,-2.42,5.54,-4.57,-1.96,1.18,1.45,3,0,0
1.63,-2.2,-0.2,1.42,-2.98,0.57,-2.19,-0.44,3,0,0
-0.23,-2.35,-3.54,3.41,-1.3,2.24,-3.66,0.3,3,0,0
0.3,-3.5,-0.1,2.88,-2.65,-2.69,-2.97,-0.02,3,0,0
-0.25,2.15,-0.2,-3.57,-1.81,1.0,2.61,-1.66,3,0,0
0.34,-2.25,2.35,0.64,-2.08,-3.25,-0.68,0.22,3,0,0
-0.9,-0.3,0.25,-1.69,-0.82,1.07,-0.35,-0.81,3,0,0
-0.52,-2.91,-0.81,1.91,-1.57,-0.25,-4.32,-0.09,3,0,0
0.26,-0.32,-1.8,0.89,-1.62,0.95,-1.06,0.04,3,0,0
-0.47,-2.4,-1.47,2.6,1.09,-2.05,0.36,2.6,3,0,0
-1.48,3.86,-3.42,-3.83,-0.7,4.19,0.86,-2.15,3,0,0
-2.58,-1.79,2.04,-1.63,0.94,-0.42,0.12,0.36,3,0,0
-1.73,1.62,-2.22,-1.19,-0.08,-0.06,0.45,-0.5,3,0,0
-0.02,0.44,0.51,0.02,0.33,-0.59,3.48,1.18,3,0,0
-0.63,-1.46,-1.86,1.36,-0.21,0.23,-1.84,0.42,3,0,0
0.8,-2.24,0.09,1.77,-0.12,0.11,-0.89,2.03,3,0,0
0.97,2.15,-1.28,-0.67,-2.77,2.45,1.55,-1.12,3,0,0
1.49,0.85,-0.93,0.59,-3.56,2.73,1.62,-1.29,3,0,0
-1.23,-1.17,1.59,-2.24,-2.64,0.11,-0.15,-2.06,3,0,0
-1.96,-1.2,-3.03,0.19,-1.22,-0.27,-2.95,-1.58,3,0,0
-4.37,-0.96,-0.9,-2.96,1.14,-0.44,-3.28,-1.4,3,0,0
1.28,-0.34,0.32,-0.1,-4.17,2.29,-0.18,-1.91,3,0,0
-1.39,-1.77,0.29,-0.46,0.84,-1.76,-0.57,0.07,3,0,0
-1.65,-2.04,-1.83,0.61,2.55,-2.12,-0.76,2.31,3,0,0
-2.58,-1.58,1.25,-1.59,-1.2,-2.75,-0.7,-1.44,3,0,0
0.59,2.04,-8.24,2.67,-0.8,4.88,-1.63,0.54,3,0,0
1.12,-0.95,-1.25,1.27,-1.2,0.12,0.79,0.63,3,0,0
-0.15,-2.19,3.59,-1.91,-3.21,-0.51,0.79,-1.78,3,0,0
-1.32,-0.94,0.69,-1.1,1.88,-1.69,1.4,1.36,3,0,0
-1.2,-0.72,-2.19,0.54,0.63,-0.87,-2.13,0.6,3,0,0
-0.45,-1.41,-3.89,2.95,0.63,-0.17,-0.67,1.8,3,0,0
-2.05,0.2,3.19,-3.2,-0.58,2.79,1.47,-0.74,3,0,0
-0.08,-3.13,3.24,0.45,-3.17,-2.34,-0.46,-0.65,3,0,0
-2.82,1.29,-1.86,-3.48,0.96,0.35,0.1,-1.03,3,0,0
-0.58,0.04,-2.89,-0.39,-0.98,0.68,-0.61,-1.07,3,0,0
-1.77,1.04,2.46,-3.23,-1.42,1.26,1.89,-1.59,3,0,0
-2.12,-1.05,1.42,-0.18,-0.77,0.65,0.86,0.07,3,0,0
-3.16,-1.71,4.78,-4.59,-1.03,-0.86,-0.31,-1.97,3,0,0
-0.78,0.78,-1.17,-0.68,0.18,-3.54,2.42,0.38,3,0,0
-2.35,-3.75,-0.34,0.87,0.57,-0.64,-3.04,0.65,3,0,0
-1.4,-4.56,0.58,0.77,1.55,-0.91,-2.53,1.76,3,0,0
-1.83,-0.48,-1.02,-0.71,0.49,1.22,-0.57,0.08,3,0,0
-1.3,-2.31,-1.46,0.71,-0.94,1.77,-3.94,-0.52,3,0,0
-0.61,-0.89,-2.36,2.47,-1.02,-1.38,0.85,0.76,3,0,0
-0.9,-2.82,-2.64,4.05,1.55,0.32,-2.75,2.64,3,0,0
1.54,-4.0,0.91,2.59,-0.01,-3.85,-0.39,2.41,3,0,0
-0.75,-3.6,1.52,0.72,-1.19,-1.85,-1.57,0.19,3,0,0
1.14,-1.29,-2.13,2.65,-1.76,-1.36,-2.91,0.24,3,0,0
0.83,-3.21,-0.25,3.41,-0.26,-2.64,-0.51,2.43,3,0,0
-1.04,-2.11,-0.79,1.1,-1.45,-1.05,-1.35,-0.06,3,0,0
-0.41,-0.26,-1.67,-1.8,1.52,-2.69,-0.38,0.31,3,0,0
-1.96,1.03,0.73,-3.27,1.03,-2.59,2.09,-0.5,3,0,0
-1.67,-1.22,-4.06,-1.02,4.82,-1.34,-1.75,2.19,3,0,0
1.9,-4.03,2.85,2.43,-2.88,-2.18,-0.99,0.93,3,0,0
-1.19,-1.92,-1.9,2.52,-0.99,0.87,-2.07,0.73,3,0,0
-0.94,1.68,-3.67,-1.76,0.12,5.19,-1.11,-0.92,3,0,0
-0.57,-0.98,-4.91,3.28,1.18,0.85,-2.17,1.86,3,0,0
-2.29,1.2,-0.27,-2.64,0.7,1.91,2.03,-0.2,3,0,0
-0.96,3.32,-4.32,-2.1,0.61,1.65,1.44,-0.31,3,0,0
-1.41,-2.1,0.2,-2.26,2.34,-3.76,-1.24,1.01,3,0,0
-1.96,0.62,-2.55,-2.33,1.41,2.84,-0.89,-0.19,3,0,0
-2.99,0.28,-3.46,-0.2,3.41,-1.34,-0.23,1.79,3,0,0
0.67,-0.21,-2.25,0.81,-3.41,0.33,-0.68,-1.65,3,0,0
-4.07,-2.35,-0.66,0.46,0.77,-2.07,-2.11,0.3,3,0,0
-1.86,-1.51,-1.56,-0.53,2.67,-2.18,0.49,1.75,3,0,0
-0.72,-2.25,-2.39,1.26,1.04,-1.18,-2.28,1.02,3,1,1
-2.88,0.0,2.24,-4.53,-0.25,1.81,-0.2,-2.07,3,0,0
-2.58,-3.42,0.03,1.94,2.68,-3.1,-2.04,2.82,3,0,0
-1.23,-3.05,2.6,1.59,-2.7,-1.73,-1.2,-0.2,3,0,0
-0.3,-2.63,1.39,2.27,-1.97,-1.16,-1.0,0.73,3,0,0
-0.2,0.97,1.57,-2.43,-4.09,0.32,0.43,-2.44,3,0,0
-0.7,-1.76,-1.51,0.11,0.41,-1.47,-1.0,0.4,3,0,0
-1.31,1.36,-2.02,-1.85,-1.36,-0.14,-0.37,-1.59,3,0,0
-0.71,-2.92,0.0,2.09,-0.69,-0.6,-0.45,1.18,3,0,0
-3.56,1.93,-2.74,-3.27,1.2,1.79,-2.28,-1.63,3,0,0
-0.27,-0.96,1.81,-0.2,-2.0,-1.68,2.58,-0.01,3,0,0
0.11,-2.85,0.63,1.27,-0.93,-2.5,-1.96,0.45,3,0,0
-1.81,-0.37,1.88,-2.73,-0.8,0.66,-0.92,-1.01,3,0,0
-0.86,-0.87,-3.24,0.4,-1.4,0.13,-2.5,-1.46,3,0,0
1.8,1.41,0.1,-1.01,-1.06,-1.07,4.31,0.62,3,0,0
2.22,0.89,-5.29,1.65,-0.44,1.13,0.41,0.89,3,0,0
-0.15,-2.03,2.33,0.14,-2.76,-1.06,1.12,-0.48,3,0,0
-1.39,-1.01,-2.02,-0.49,-0.56,0.41,-1.11,-0.48,3,0,0
1.3,1.98,-0.94,0.25,-2.07,1.23,4.37,0.53,3,0,0
-0.64,-3.96,0.8,0.75,-0.79,-2.6,-1.93,-0.2,3,0,0
-0.68,1.76,-0.26,-1.54,-0.82,-0.29,1.32,-0.64,3,0,0
-1.58,-2.87,3.9,0.4,-2.38,-2.47,-0.24,-0.47,3,0,0
-1.92,0.21,-2.38,-0.3,0.71,0.72,-0.56,0.45,3,0,0
-2.48,-2.43,1.3,-1.95,-0.2,-2.73,-1.75,-1.1,3,0,0
1.29,1.12,2.43,-1.82,-4.09,-1.19,3.95,-2.04,3,0,0
1.86,2.21,-1.14,0.49,-2.86,1.89,2.66,-0.49,3,0,0
-0.71,-2.38,-0.2,2.02,0.18,-0.58,-0.98,1.93,3,1,1
-0.84,2.2,-1.61,-2.24,-0.54,-0.59,2.09,-1.04,3,0,0
-0.18,-0.21,-5.66,0.33,1.87,1.01,-1.99,1.0,3,0,0
-2.42,-2.56,-1.06,1.0,2.2,1.42,-4.14,1.13,3,0,0
-2.59,2.86,-2.12,-2.19,0.85,1.07,1.61,0.13,3,0,0
-0.79,2.09,-2.38,-2.68,0.98,1.28,1.35,-0.15,3,0,0
1.88,1.46,-1.4,0.12,-3.15,3.11,1.27,-0.94,3,0,0
-0.16,3.47,-1.59,-3.86,-0.98,0.57,4.13,-1.75,3,0,0
-3.52,-0.49,1.71,-3.92,0.01,-2.39,-0.64,-1.54,3,0,0
-2.34,-0.89,1.17,-0.38,-0.72,-0.15,-1.24,-0.31,3,0,0
0.46,-0.92,-3.31,2.25,0.09,-0.44,-1.89,1.76,3,0,0
-0.87,1.04,-2.77,1.14,1.98,2.3,2.22,2.31,3,0,0
-2.11,0.17,-3.51,-0.87,2.42,3.96,-1.89,0.59,3,0,0
-3.51,0.74,-5.77,-0.12,4.06,0.5,-1.87,1.52,3,0,0
0.35,-3.96,2.63,1.26,-3.26,-2.36,-0.79,-0.18,3,0,0
-1.41,-3.17,1.64,-0.01,-0.88,-1.54,-2.76,-0.2,3,0,0
1.1,-1.73,-1.17,1.78,-3.03,0.74,-2.68,-0.74,3,0,0
-1.72,0.84,-4.75,-1.09,1.07,1.17,-1.94,-0.35,3,1,1
-0.31,-1.28,2.03,-0.17,-1.6,1.11,2.37,0.46,3,0,0
0.29,-0.18,0.76,-0.76,-1.43,-0.08,0.43,-0.52,3,0,0
-2.69,-0.34,-4.62,0.16,0.96,0.36,-2.18,0.01,3,0,0
-0.35,0.74,0.44,-1.39,-0.33,-0.9,1.98,0.22,3,0,0
0.32,-1.46,-0.55,0.82,-0.03,-0.66,1.13,1.42,3,0,0
-1.64,-2.88,3.83,-0.43,-0.16,-1.33,0.11,0.57,3,1,1
-2.32,-3.34,1.01,0.04,2.26,-2.41,-1.32,1.79,3,0,0
0.23,1.04,-0.03,0.51,-4.05,1.73,1.78,-1.48,3,0,0
1.32,1.08,2.87,-1.85,-3.11,-0.6,3.36,-1.15,3,0,0
-0.98,-0.02,1.82,-2.31,-0.61,-1.35,1.96,-0.32,3,0,0
-0.67,-0.31,-4.96,1.45,1.54,0.56,0.33,1.84,3,0,0
0.62,-2.41,-1.9,2.99,-0.56,-0.88,-1.33,0.96,3,0,0
1.46,0.26,-1.36,0.63,-0.44,-1.69,2.71,1.11,3,0,0
-0.26,-1.46,0.95,-0.93,0.56,-3.13,2.26,1.15,3,0,0
0.88,2.21,1.03,-2.9,-2.17,2.04,3.68,-1.54,3,0,0
-2.45,1.76,0.06,-4.93,1.76,-0.46,2.01,-1.22,3,0,0
-2.22,-1.61,0.49,0.65,0.87,-1.24,1.81,1.46,3,0,0
1.94,0.54,2.01,-0.29,-3.94,-2.92,4.93,-0.5,3,0,0
-2.31,-2.15,-0.13,1.53,-1.16,0.37,-1.37,-0.05,3,0,0
0.39,-1.14,0.05,0.17,-0.76,-4.37,1.74,0.77,3,0,0
-0.83,-1.21,-0.34,0.3,-1.4,-0.45,-1.44,-0.56,3,0,0
-2.14,-1.02,-2.73,1.36,1.12,0.28,-1.76,1.41,3,0,0
-1.45,-2.36,0.47,0.96,-0.65,-1.71,0.34,0.45,3,0,0
-0.9,0.54,-2.75,-0.07,-1.15,0.06,-1.53,-0.87,3,0,0
-2.27,-1.75,1.16,-2.4,3.23,-2.3,-0.99,1.41,3,0,0
1.35,0.76,2.62,0.84,-4.6,-0.61,5.58,-0.36,3,0,0
-1.07,-1.36,1.92,-2.35,-0.13,-0.33,0.76,-0.5,3,0,0
-2.45,-0.52,2.87,-3.15,-0.31,-1.65,1.28,-0.94,3,0,0
-0.18,1.76,-0.39,-1.71,-1.89,2.5,1.81,-1.44,3,0,0
-0.37,-1.07,2.76,-0.69,-1.47,-2.6,2.32,0.21,3,0,0
-0.33,-1.4,-0.91,-0.12,0.16,-2.07,-0.8,0.88,3,0,0
-0.22,-1.96,0.55,1.27,0.67,-0.87,0.2,1.83,3,0,0
1.8,-0.23,-1.9,1.6,-1.09,-1.87,1.82,1.3,3,0,0
-2.63,0.3,-2.02,-1.82,-0.43,1.47,-3.6,-1.64,3,0,0
-1.86,-1.64,-0.51,-0.28,1.66,0.18,-0.98,1.28,3,0,0
-0.29,0.14,0.94,-1.82,-0.26,-0.48,2.3,-0.09,3,0,0
-3.02,-2.25,-3.8,1.43,5.32,0.68,-3.84,3.1,3,0,0
0.91,1.54,-1.25,-1.84,0.9,-0.8,5.23,1.13,3,0,0
-0.77,-2.6,0.39,0.8,-0.64,-0.94,-0.77,0.48,3,0,0
-0.67,0.87,-1.12,-0.93,-0.95,-0.52,0.95,-0.81,3,0,0
-1.89,0.69,0.04,-3.24,-2.12,-0.04,-1.65,-2.74,3,0,0
0.11,-0.35,-3.51,1.42,1.93,0.11,0.24,2.24,3,0,0
1.35,0.01,2.01,-1.04,-5.83,3.43,0.79,-2.84,3,0,0
1.3,-1.39,1.54,0.49,-2.46,0.94,2.78,0.35,3,0,0
-2.88,-2.36,-1.03,-0.88,1.58,-1.63,-2.96,0.27,3,0,0
0.07,0.3,-2.62,-0.7,0.38,1.61,-0.23,0.22,3,0,0
-3.31,-2.09,1.77,-0.29,1.09,-0.83,-1.84,0.7,3,0,0
-3.86,0.82,-1.64,-2.72,0.92,-0.9,0.38,-1.06,3,0,0
-0.23,-1.41,-2.76,0.99,-1.02,-1.19,-2.31,-0.2,3,0,0
-2.02,0.28,-4.5,0.18,1.21,2.23,-0.69,0.41,3,0,0
1.24,0.06,-4.4,2.6,-1.54,1.04,0.64,0.82,3,0,0
-1.04,0.96,-3.66,-0.7,0.76,1.7,-0.85,-0.36,3,0,0
1.42,0.36,-2.73,1.06,-0.35,2.94,-0.3,0.83,3,0,0
0.46,-2.06,-0.85,2.48,-2.63,-1.58,-1.56,-0.18,3,0,0
0.26,1.14,-5.0,2.1,-0.38,4.28,0.88,0.87,3,0,0
-1.18,1.27,-2.17,-1.7,-0.9,-0.34,1.4,-0.84,3,0,0
-0.68,-0.61,-1.15,1.17,-0.63,0.61,0.29,0.29,3,0,0
-0.75,-2.79,2.1,1.69,-0.01,-0.85,0.46,1.77,3,0,0
-1.1,0.82,1.82,-2.42,-3.01,0.88,2.75,-2.11,3,1,1
-2.38,-2.19,0.52,-1.18,0.31,-1.0,-3.02,-0.09,3,0,0
-2.66,-0.75,-0.44,-1.81,-0.32,-1.51,-0.89,-1.49,3,0,0
-1.59,1.7,-1.82,-1.49,0.47,4.54,1.45,-0.23,3,0,0
0.09,-2.57,0.63,0.91,-3.23,-0.59,-0.45,-1.03,3,0,0
-1.9,-0.69,-0.73,-1.26,1.44,0.76,-0.89,0.68,3,0,0
-0.15,2.69,-2.32,-1.66,-0.3,2.06,2.7,-0.26,3,0,0
1.18,0.77,-2.35,-0.82,0.02,-0.07,1.39,0.43,3,0,0
-1.26,-1.52,3.86,-2.24,-1.04,-1.35,1.15,-0.48,3,0,0
-0.74,-1.35,0.32,0.21,2.5,-0.78,3.35,2.85,3,0,0
-0.26,-1.08,-0.16,-0.26,-1.75,-0.34,-0.8,-0.85,3,0,0
-0.13,-0.57,3.59,-2.1,-2.99,-3.87,2.75,-1.43,3,0,0
-1.23,-1.94,1.22,0.27,-1.62,-2.73,-0.59,-0.21,3,0,0
0.15,-1.18,0.04,-1.36,-1.54,-1.24,0.15,-0.64,3,0,0
-2.78,-2.25,1.76,-2.5,-1.09,-1.84,-5.03,-2.11,3,0,0
-1.71,-2.04,0.64,-1.73,-0.38,-2.37,-1.48,-0.72,3,0,0
1.75,0.13,-2.5,1.51,-1.34,0.85,1.87,1.0,3,0,0
-1.23,-2.73,-1.09,0.93,-0.41,-2.77,-3.99,-0.29,3,0,0
-1.33,-0.24,-2.12,-0.17,2.88,-0.93,2.65,2.18,3,0,0
-1.3,0.6,-0.37,-1.8,0.52,0.85,2.34,-0.13,3,1,1
-1.89,0.64,-0.25,-3.15,-0.54,1.26,-0.62,-1.69,3,0,0
-0.29,-1.95,0.6,-0.05,-1.86,-1.81,-0.13,-0.63,3,0,0
-1.87,-0.04,-3.39,0.14,2.24,-1.16,0.39,1.33,3,0,0
0.85,-2.33,-2.03,3.64,-1.08,-0.48,-0.79,1.34,3,0,0
0.05,0.83,-5.31,1.84,-1.13,4.94,-0.27,-0.22,3,0,0
2.17,-1.71,-1.38,3.13,-1.76,0.08,-0.48,0.93,3,0,0
-0.15,0.5,-0.24,-1.34,0.26,-0.91,2.2,0.59,3,0,0
1.53,4.94,-2.81,-3.0,-1.58,3.4,5.36,-1.23,3,0,0
-1.36,0.6,-1.9,-1.74,-0.76,-0.06,-0.37,-1.17,3,0,0
0.92,0.94,-1.69,1.83,-1.64,0.96,2.65,0.82,3,0,0
1.53,-0.7,-0.56,2.56,-3.68,-0.46,-0.04,-0.17,3,0,0
0.44,-0.4,0.81,0.47,-2.71,1.09,1.52,-0.4,3,0,0
