@relation SyntheticData-N_1200-D_8-Nmin_140-Zmin_16-CL_2_1-R_0
@attribute X0 real [-3.28, 3.55]
@attribute X1 real [-7.40, 6.00]
@attribute X2 real [-4.33, 4.25]
@attribute X3 real [-5.14, 4.96]
@attribute X4 real [-4.52, 4.25]
@attribute X5 real [-6.26, 6.45]
@attribute X6 real [-5.92, 6.15]
@attribute X7 real [-5.68, 5.75]
@attribute cluster_idx {0,1,2}
@attribute is_noise {0,1}
@attribute Class {0,1}
@inputs X0,X1,X2,X3,X4,X5,X6,X7,cluster_idx,is_noise
@output Class
@data
2.58,0.63,1.63,-0.5,-2.5,0.34,0.64,-1.2,0,0,1
2.94,-2.23,1.39,-0.09,-1.35,1.98,-1.11,-1.8,0,0,1
2.62,-3.11,3.03,0.82,0.98,2.12,-0.87,0.09,0,0,1
2.42,1.24,1.66,0.77,-1.39,1.29,1.51,-2.72,0,0,1
0.96,-0.41,1.99,1.96,1.4,1.95,-0.36,-0.26,0,0,1
0.06,-0.91,-1.62,0.05,-2.96,2.45,-1.06,-3.94,0,0,1
2.14,-3.13,1.64,0.8,-0.44,2.6,-1.85,-1.17,0,0,1
2.41,-3.26,1.67,0.94,-0.17,2.63,-0.1,-2.65,0,0,1
1.94,0.94,1.23,-1.78,-1.45,-1.52,0.1,-0.56,0,0,1
1.82,-2.2,1.46,-0.55,0.2,0.93,-3.0,0.85,0,0,1
0.28,0.82,-0.52,-1.82,-1.32,-1.9,-0.81,0.05,0,0,1
2.2,-2.94,1.1,0.17,-0.68,2.57,-1.72,-1.6,0,0,1
-2.66,-0.05,-1.76,-0.88,1.36,-0.64,1.07,-0.73,0,0,1
0.55,-0.35,-0.02,-1.79,-1.06,-0.63,0.35,-2.26,0,0,1
-0.48,-1.23,0.39,0.14,1.59,-0.09,-3.69,0.54,0,0,1
-1.18,-1.08,0.8,-0.65,2.15,-0.83,-0.34,1.25,0,0,1
-3.19,-0.39,-1.39,-2.21,1.76,-2.69,0.26,1.71,0,0,1
0.77,-0.86,0.42,-1.09,-0.79,-0.07,-1.89,0.0,0,0,1
0.16,0.92,0.73,-2.14,-0.88,-2.49,2.36,-0.31,0,0,1
-0.13,-1.43,1.24,1.68,2.45,1.16,-1.16,0.05,0,0,1
0.19,-2.1,0.48,-0.02,1.57,0.95,-2.65,0.58,0,0,1
-0.24,-2.51,0.15,2.42,0.89,3.75,2.09,-3.14,0,0,1
-0.84,-1.17,-0.23,-1.78,0.81,-1.25,-0.46,0.37,0,0,1
-0.76,-1.08,1.63,1.14,2.3,1.01,-0.23,1.14,0,0,1
0.01,-0.75,2.22,0.47,2.04,0.47,0.25,1.79,0,0,1
2.53,1.29,1.04,-2.11,-3.74,-1.83,3.35,-0.52,0,0,1
2.43,-2.93,1.9,0.65,0.28,2.24,0.57,-1.04,0,0,1
-1.29,-0.26,0.52,-1.87,1.76,-2.48,-1.8,3.16,0,0,1
-0.5,0.0,-1.27,-1.27,-1.02,-0.45,-1.21,-1.54,0,0,1
1.31,-2.46,1.01,-0.67,0.32,0.25,-4.98,1.79,0,0,1
1.8,-1.76,1.54,-0.86,0.08,0.31,-3.31,0.65,0,0,1
1.79,-1.67,0.99,0.76,-0.45,2.06,-0.02,-2.02,0,0,1
-0.19,0.11,1.53,0.5,1.18,-0.11,0.85,0.78,0,0,1
-2.15,2.39,-0.83,-1.13,-0.48,-2.33,1.57,0.94,0,0,1
0.33,0.01,-1.24,-2.1,-2.34,-1.17,0.33,-2.03,0,0,1
0.32,-1.75,1.64,0.88,1.67,1.16,-0.56,0.15,0,0,1
1.57,-0.96,1.1,0.17,-0.75,0.55,1.81,-1.13,0,0,1
-2.26,0.05,-2.38,-1.63,-0.1,-1.45,-0.6,-0.85,0,0,1
0.53,-2.56,1.55,-0.89,1.6,-0.89,-1.84,3.15,0,0,1
0.47,-0.7,1.23,-0.42,0.82,-0.46,-2.29,1.16,0,0,1
0.15,-0.91,0.96,0.6,0.22,0.93,1.0,-0.01,0,0,1
0.38,-3.26,-0.06,-0.8,0.82,0.99,-0.94,-1.04,0,0,1
-2.11,2.01,-2.15,-1.62,-0.94,-1.71,1.45,-0.74,0,0,1
-1.59,4.17,-1.58,-3.2,-1.75,-4.38,2.2,-0.69,0,0,1
2.08,1.69,1.96,-1.2,-0.94,-1.42,1.01,0.12,0,0,1
3.55,-1.22,3.4,0.32,-0.6,1.07,0.51,0.16,0,0,1
0.43,-1.19,1.22,-0.38,1.1,-0.14,-1.03,0.37,0,0,1
-0.65,-0.0,-0.95,-0.28,-0.92,0.59,-0.31,-2.24,0,0,1
1.54,-1.16,0.53,-1.62,-0.77,-0.35,-1.44,-0.96,0,0,1
1.24,-1.56,0.71,-1.44,-0.33,-0.72,-1.3,2.08,0,0,1
-1.09,-0.58,-0.64,-0.93,0.06,-0.09,-0.27,-0.47,0,0,1
-2.35,1.37,-0.83,-2.87,-0.09,-3.98,1.23,3.22,0,0,1
-0.48,-1.18,-0.73,-0.92,-0.22,0.34,0.49,-1.66,0,0,1
1.3,-1.54,1.27,0.72,-0.01,1.6,-1.55,-0.64,0,0,1
1.89,-1.41,3.21,3.03,1.69,3.78,-0.54,-1.63,0,0,1
0.7,-2.05,1.84,0.51,1.26,1.15,2.02,0.11,0,0,1
-0.18,0.72,0.23,-1.2,-0.96,-1.04,3.03,-1.69,0,0,1
-1.91,0.58,-1.08,-1.81,0.54,-2.51,-0.38,0.58,0,0,1
-0.25,-0.07,0.82,-0.37,0.46,-0.58,0.35,1.12,0,0,1
-1.32,0.27,-1.38,-2.99,-0.44,-3.28,-0.79,0.51,0,0,1
1.69,0.1,1.47,-1.6,-0.12,-1.36,-0.08,0.18,0,0,1
3.43,-0.56,3.21,1.34,0.06,1.5,-1.63,-0.36,0,0,1
0.08,0.71,-0.35,-2.47,-1.09,-2.13,-1.55,0.97,0,0,1
0.4,2.42,-0.78,-3.88,-1.43,-4.36,-0.49,0.5,0,0,1
1.06,-0.64,1.92,1.6,0.75,2.07,0.15,-1.06,0,0,1
-1.56,2.15,-1.41,-2.23,-0.74,-2.74,2.59,-0.64,0,0,1
1.34,-1.23,0.66,0.02,-0.64,0.78,0.25,-1.07,0,0,1
1.86,1.4,1.29,-0.0,-2.11,-0.07,2.46,-0.7,0,0,1
-0.29,0.57,-0.12,-2.51,-0.23,-3.1,1.89,1.7,0,0,1
-1.86,-0.91,-0.1,0.45,2.18,0.11,-1.13,0.83,0,0,1
-0.45,2.24,0.71,-0.04,-1.16,-0.22,1.64,0.47,1,0,1
-0.04,-1.95,-0.71,-1.16,1.26,-0.57,-1.72,0.01,1,0,1
-1.95,0.11,-1.44,0.03,-0.28,0.94,0.93,-1.33,1,0,1
-2.0,4.48,0.42,1.45,-0.19,6.45,2.29,-1.43,1,0,1
3.23,-0.6,0.14,-2.33,0.46,2.51,-0.25,-3.6,1,0,1
1.62,-1.15,1.83,-1.31,1.06,-0.82,-0.55,-0.74,1,0,1
0.94,-0.14,1.25,-2.98,-1.13,-1.27,2.12,-1.93,1,0,1
-1.48,1.63,-0.59,0.97,-1.19,0.54,1.85,-0.73,1,0,1
-2.69,-0.48,-0.54,-0.08,0.26,-0.69,0.18,0.82,1,0,1
1.36,0.61,1.62,-0.92,-0.82,1.53,1.07,-1.38,1,0,1
-2.36,0.18,-1.97,3.6,-1.09,-2.05,-0.96,2.94,1,0,1
-1.54,1.74,0.3,-1.09,-1.21,2.12,2.61,-1.52,1,0,1
-2.9,0.19,-1.44,2.89,0.01,1.4,-0.64,1.16,1,0,1
1.88,-2.42,0.28,-1.2,1.26,-1.82,-2.75,1.04,1,0,1
-3.28,3.23,-1.96,4.1,-0.41,0.23,0.19,2.53,1,0,1
-2.22,0.0,-1.08,1.03,-0.57,0.03,1.35,-1.1,1,0,1
-2.21,2.53,-1.64,2.28,-2.77,-0.69,2.32,0.64,1,0,1
-1.45,0.46,0.11,0.97,-1.05,-2.23,0.87,1.34,1,0,1
1.82,2.9,2.0,1.99,0.89,2.14,-0.0,-0.51,1,0,1
0.88,-1.04,2.02,-2.93,1.14,1.99,-0.32,-1.12,1,0,1
1.31,1.06,0.04,-1.22,-0.35,0.74,0.73,-1.56,1,0,1
0.28,-0.28,1.57,-1.02,1.28,0.04,-0.91,0.82,1,0,1
1.35,-1.04,2.24,-2.02,-0.25,-0.52,1.32,-1.97,1,0,1
2.15,-1.93,-2.25,0.33,0.14,-3.91,-1.78,-0.49,1,0,1
-2.75,0.3,-1.58,1.7,1.01,1.75,-1.41,1.6,1,0,1
0.62,0.35,0.61,1.96,0.09,-0.33,-0.9,0.81,1,0,1
-0.55,0.39,1.71,0.98,-0.61,-0.97,0.13,1.88,1,0,1
-0.99,1.01,-0.04,-1.42,0.27,1.86,0.96,-1.08,1,0,1
-1.17,0.14,-1.1,-0.11,-0.05,-1.07,0.17,0.23,1,0,1
1.13,-0.45,-0.6,-0.81,0.85,-0.1,-0.98,-0.78,1,0,1
-0.71,3.93,0.6,2.6,-0.85,3.89,1.24,0.19,1,0,1
0.61,-2.82,2.14,-1.9,0.93,-2.2,-0.99,0.54,1,0,1
0.17,-0.29,2.89,-0.67,-1.03,0.12,1.38,-0.07,1,0,1
0.38,-1.84,0.62,-2.09,1.23,0.9,-1.16,-0.57,1,0,1
1.05,-3.91,-1.62,-3.8,-0.06,-3.74,-0.15,-2.37,1,1,0
1.82,0.85,1.24,1.98,-1.64,0.72,1.07,-1.43,1,0,1
2.46,-0.99,0.81,-2.55,-0.31,-1.02,1.22,-3.21,1,0,1
-0.22,-0.38,0.46,-0.29,-0.24,-0.89,0.06,0.36,1,0,1
-1.61,-0.07,0.17,-0.54,-0.38,-1.04,0.94,0.15,1,0,1
-1.47,0.23,0.86,1.79,-1.89,-2.01,1.68,0.72,1,0,1
0.96,-1.08,0.08,1.66,1.29,-1.59,-2.19,0.86,1,0,1
-0.24,-1.27,-1.59,-1.49,1.49,-0.71,-1.29,-0.48,1,0,1
0.31,0.27,-0.59,-0.38,0.44,-0.1,-0.43,-0.26,1,0,1
-1.42,2.79,-1.43,4.96,-0.35,2.15,-0.14,0.56,1,0,1
-0.43,-2.24,-1.76,-3.19,0.91,-2.12,-0.82,-0.58,1,0,1
2.85,-3.36,0.75,-1.93,1.54,-1.87,-2.78,-0.37,1,0,1
0.79,2.25,1.42,0.64,-1.08,1.16,2.41,-1.98,1,0,1
-0.42,-1.37,0.03,-0.07,0.03,-2.78,-0.5,0.86,1,0,1
0.35,-1.19,-1.18,-0.54,-0.23,-0.01,-0.36,-1.36,1,0,1
-2.73,2.26,-0.36,0.43,-1.06,0.09,1.79,1.11,1,0,1
0.57,-0.87,-0.02,1.26,0.15,-2.71,-1.67,1.92,1,0,1
-3.08,1.79,-2.43,4.07,-1.54,-1.34,0.81,1.68,1,0,1
-0.38,0.9,-0.11,2.86,-0.41,-1.7,-0.25,1.32,1,0,1
-0.8,-0.51,-3.13,0.26,0.96,-0.25,-1.07,-0.93,1,0,1
0.14,0.06,-0.95,-0.12,-0.19,0.33,-0.16,-0.73,1,0,1
-1.32,-2.26,-4.26,1.77,1.42,-3.68,-3.77,2.45,1,0,1
1.12,-0.04,1.86,-0.37,0.62,0.95,0.48,-1.64,1,0,1
-0.44,0.94,0.81,-0.75,0.3,0.02,0.35,0.48,1,0,1
-0.75,-2.67,-2.12,-3.32,0.35,-3.27,-0.26,-0.9,1,0,1
2.34,-0.86,3.3,-4.13,0.77,2.29,0.65,-2.55,1,0,1
-0.05,-1.51,-0.14,1.26,-0.82,-1.29,-1.25,1.38,1,0,1
1.02,0.74,0.24,-2.47,0.23,2.19,2.01,-4.13,1,0,1
2.17,-0.63,1.79,-2.04,-1.15,-0.75,1.21,-1.88,1,0,1
-0.45,-1.72,0.76,-1.19,1.53,-0.76,-1.59,1.05,1,0,1
0.98,1.6,1.26,1.74,-1.34,-0.09,1.06,-0.16,1,0,1
0.51,1.84,1.01,2.9,-0.51,1.12,0.19,0.32,1,0,1
1.35,0.07,1.57,-0.12,-1.27,-0.17,0.25,0.24,1,0,1
0.89,1.14,3.73,-0.55,-0.54,1.16,1.34,0.08,1,0,1
-1.98,-0.53,-1.61,-1.38,1.16,0.82,-0.35,-0.61,1,0,1
-1.48,0.85,-0.37,1.46,0.77,0.05,-0.78,1.51,1,0,1
0.34,-0.72,-2.49,-0.8,1.58,0.39,0.27,-2.19,2,0,0
-0.66,-1.13,-1.69,0.83,1.13,-0.76,-1.32,-0.29,2,0,0
-0.22,3.47,-1.12,1.55,2.22,-0.21,1.41,2.2,2,0,0
-0.71,0.89,-0.12,1.78,0.43,-1.6,-0.72,1.33,2,0,0
0.29,-0.74,-2.83,-0.49,-0.54,-1.25,-1.98,1.73,2,0,0
0.88,-1.49,0.44,1.48,1.28,2.15,0.88,0.59,2,0,0
-0.83,-3.13,0.36,-1.68,-3.52,-2.53,-3.2,-0.39,2,0,0
-0.65,1.39,0.27,0.58,1.15,-1.22,1.92,-1.86,2,0,0
0.46,-2.76,-2.14,0.01,0.7,1.15,-1.96,-1.03,2,0,0
-0.8,1.55,-0.28,0.25,-0.18,-1.96,-0.39,1.26,2,0,0
0.78,2.41,0.81,0.63,2.06,2.46,3.72,-1.61,2,0,0
-0.15,-1.52,-0.9,-0.48,-1.42,-1.29,-2.18,1.66,2,0,0
0.39,1.38,1.17,1.2,-0.19,1.09,0.79,0.61,2,0,0
2.04,-2.83,-2.66,-2.48,1.15,3.18,1.25,-1.95,2,0,0
0.51,-0.39,0.68,0.47,-0.63,0.93,0.15,1.73,2,0,0
-1.27,0.42,-0.01,1.15,0.88,-2.58,0.29,0.53,2,0,0
-0.08,1.68,-1.59,-0.72,0.22,-0.92,-0.16,2.22,2,0,0
0.5,-3.56,-0.05,-3.52,0.21,1.09,2.28,-4.91,2,0,0
0.39,1.79,1.21,-0.93,0.45,0.94,3.25,-1.15,2,0,0
-0.89,-0.42,0.29,-0.73,-0.29,-2.02,0.59,-0.12,2,0,0
1.07,1.39,-0.39,-0.34,2.9,2.66,4.48,-3.78,2,0,0
-0.44,0.6,-1.16,-1.19,-0.29,-1.99,0.35,0.02,2,0,0
-0.96,1.7,0.55,-1.41,0.08,-2.64,2.25,0.03,2,0,0
-0.97,3.76,1.39,1.79,-0.69,-2.02,-0.14,2.9,2,0,0
-0.32,-0.89,0.32,0.19,-0.74,-0.93,-0.76,-0.42,2,1,1
0.73,1.99,2.0,2.44,1.69,2.59,3.46,-0.67,2,0,0
-0.0,-0.67,-0.11,0.26,-0.29,-0.09,-0.19,0.12,2,0,0
-1.06,0.32,1.28,0.48,-2.56,-3.26,-1.88,2.42,2,0,0
1.07,-0.85,0.8,-2.36,-1.1,1.78,1.93,-0.71,2,0,0
1.32,-4.05,-4.07,-1.54,0.85,2.12,-1.82,-1.59,2,0,0
-0.31,0.62,-0.64,-0.49,1.91,-0.04,2.03,-2.31,2,0,0
-1.07,1.89,0.74,2.18,-0.19,-1.77,-1.02,1.7,2,0,0
-0.16,0.48,-1.22,0.04,0.49,-0.64,-0.37,0.82,2,0,0
-0.75,2.61,1.5,0.56,-0.7,-1.81,1.28,1.52,2,0,0
0.81,-0.53,0.16,-0.75,-0.51,0.39,1.47,-1.34,2,0,0
2.04,-0.39,1.18,1.08,-1.92,4.04,-0.96,2.53,2,0,0
2.06,0.1,-0.04,-3.37,-0.09,2.96,3.92,-0.94,2,0,0
-0.2,-0.44,1.98,0.01,-1.64,-0.65,0.35,-0.15,2,0,0
0.54,-0.98,0.94,2.08,1.18,1.97,1.22,-1.39,2,0,0
1.41,-4.41,-2.44,-3.33,-1.95,1.43,-2.42,1.02,2,0,0
0.14,-4.22,-1.06,-3.45,-1.9,-0.88,-1.09,0.23,2,0,0
-1.56,1.95,-0.41,2.53,2.34,-2.0,0.49,-1.33,2,0,0
1.78,1.81,-1.25,-1.35,-0.41,2.64,1.09,1.02,2,0,0
-0.58,1.25,1.91,1.57,-1.39,-0.77,-0.67,0.53,2,0,0
1.19,-0.91,-1.48,0.37,1.23,2.42,0.43,0.34,2,0,0
1.04,2.08,-0.43,0.13,1.81,2.6,2.7,-0.31,2,0,0
0.78,0.99,2.85,2.59,-0.6,1.82,1.17,-1.01,2,0,0
-0.83,4.84,0.79,-0.19,0.86,-2.32,3.16,1.22,2,0,0
-1.88,2.68,0.12,0.29,-2.13,-5.63,-1.85,4.45,2,0,0
2.31,1.43,0.05,0.82,1.04,4.51,2.76,-0.37,2,0,0
1.75,-0.75,0.3,0.4,2.68,4.48,3.7,-3.23,2,0,0
0.88,0.21,2.46,3.15,1.56,2.96,2.64,-3.27,2,0,0
0.99,1.4,-1.27,0.15,0.2,1.15,0.33,1.95,2,0,0
-0.12,-0.09,-1.66,-0.26,0.25,-1.0,-0.51,2.27,2,0,0
1.35,0.73,-0.34,0.82,-0.56,2.42,-0.2,1.73,2,0,0
0.42,-1.02,-0.56,-1.25,-0.28,0.2,0.77,-1.95,2,0,0
0.14,-2.38,-0.07,-0.04,-0.37,0.66,-0.59,-0.42,2,0,0
-0.77,-0.97,-1.07,0.84,1.01,-1.82,-0.22,-0.59,2,1,1
0.8,-0.67,-0.87,-0.33,0.2,1.03,0.33,-0.66,2,0,0
0.41,0.83,-0.71,-1.39,-0.77,-0.54,0.39,-0.47,2,0,0
0.82,-0.66,-0.36,0.11,1.06,1.64,1.42,0.03,2,0,0
-0.26,4.6,1.09,0.63,-1.94,-1.55,0.1,5.36,2,0,0
1.63,-0.83,1.04,-0.76,0.32,3.55,2.7,-1.77,2,0,0
1.12,-2.58,-4.08,-3.94,0.22,1.0,-0.49,-0.24,2,0,0
-0.52,-0.53,-2.06,-0.48,2.16,-0.64,0.52,-1.3,2,0,0
0.37,1.98,2.35,0.68,0.41,1.44,3.15,-1.42,2,0,0
0.49,-0.53,-0.63,-0.07,-0.19,0.25,-0.39,1.36,2,0,0
-1.03,-2.6,-0.62,0.51,-1.71,-2.48,-3.85,1.39,2,0,0
0.56,-0.05,-2.4,0.09,2.05,0.67,0.96,-1.59,2,0,0
0.7,0.15,-0.51,1.8,0.98,1.73,0.27,-0.81,2,0,0
0.67,-1.57,0.23,-0.03,-1.58,0.47,-1.07,-1.05,2,0,0
1.43,0.07,-1.09,-0.49,1.49,2.82,2.26,-1.73,2,0,0
1.1,-1.52,0.04,2.34,-0.37,2.2,-1.64,2.12,2,0,0
-0.32,-2.27,-0.24,0.19,-1.58,-1.27,-2.09,-0.25,2,0,0
0.56,1.55,0.42,-0.81,-1.69,0.01,0.11,0.94,2,0,0
1.21,3.45,0.13,2.56,1.62,2.68,2.28,1.71,2,0,0
0.81,-2.27,-1.6,-0.54,1.09,1.53,0.27,-0.76,2,0,0
0.02,3.01,2.82,1.04,-2.48,-0.39,0.22,2.99,2,0,0
0.52,-1.8,0.03,1.14,1.55,2.05,0.69,-3.17,2,0,0
1.35,-2.87,-1.13,0.84,0.02,2.5,-0.71,-0.71,2,0,0
0.84,-2.71,-3.49,-2.68,1.59,1.42,0.35,-2.45,2,0,0
1.39,-1.28,-0.71,0.15,1.06,3.46,0.72,-1.6,2,0,0
1.93,-0.38,-0.56,-3.61,-1.11,2.26,2.12,0.69,2,0,0
-1.18,-1.13,2.21,1.39,-3.35,-3.16,-3.06,0.26,2,0,0
-0.13,-2.25,-1.23,-0.58,0.06,-0.29,-1.15,-1.84,2,0,0
-0.4,1.08,-1.64,-2.34,-1.08,-2.94,-0.12,1.71,2,0,0
0.77,-3.25,-1.68,-2.44,0.46,0.91,0.91,-3.47,2,0,0
-0.92,-0.48,0.1,0.5,-1.22,-2.9,-1.57,1.63,2,0,0
0.31,-1.1,-2.04,-0.6,0.41,0.18,-0.58,-1.35,2,0,0
0.21,-0.86,-0.2,0.32,-0.48,0.33,-0.79,1.16,2,0,0
0.92,-2.05,-3.79,-2.12,0.62,1.11,-1.3,-0.38,2,0,0
-0.63,2.18,1.75,-0.14,1.12,-0.93,3.61,-2.31,2,0,0
-0.64,-0.35,-0.01,-2.15,-1.53,-2.39,0.09,-1.2,2,0,0
0.05,0.15,0.09,0.4,-0.13,0.18,-0.05,1.29,2,0,0
-1.6,1.1,0.37,1.04,0.37,-3.22,0.1,0.06,2,0,0
-0.4,0.58,-3.2,-1.22,0.57,-1.9,-1.03,1.01,2,0,0
-1.15,2.64,-0.45,0.98,2.3,-1.54,1.61,-2.61,2,0,0
0.35,1.96,0.27,-0.79,-0.08,0.34,1.92,-1.11,2,0,0
0.27,-2.72,-0.11,0.08,0.3,1.44,-0.51,-0.48,2,0,0
0.92,0.5,-0.49,-3.1,-0.67,0.48,2.2,-1.61,2,0,0
-0.68,1.12,-1.47,0.42,-0.9,-2.84,-1.41,2.55,2,0,0
0.25,-0.35,-2.09,1.25,1.99,0.62,-0.68,0.99,2,0,0
0.46,-2.06,-0.31,-1.36,-2.27,-0.11,-1.8,2.77,2,0,0
0.25,-1.56,0.05,-1.12,-1.15,-0.42,-0.1,-0.29,2,0,0
-0.13,-1.47,3.54,0.06,-3.54,-0.7,-0.99,1.69,2,0,0
-0.12,0.28,-0.57,-0.11,-0.7,-0.45,-1.01,1.42,2,0,0
1.22,0.85,1.81,-0.54,0.08,2.31,3.2,-0.07,2,0,0
0.89,-0.95,-1.26,-1.56,0.58,0.85,1.43,-1.03,2,0,0
0.87,-2.88,-1.73,-3.62,-0.47,0.59,0.81,-2.62,2,0,0
-0.37,-0.83,-0.8,-1.06,-0.84,-1.64,-0.82,-0.39,2,0,0
-0.18,1.6,-1.49,0.03,2.8,0.0,2.23,0.49,2,0,0
0.41,1.0,-0.89,1.13,0.36,0.83,-0.41,0.44,2,0,0
0.49,1.45,0.25,2.01,1.29,1.87,1.01,-0.38,2,0,0
0.61,0.53,1.03,0.52,-0.3,1.02,1.45,0.65,2,0,0
-0.66,-0.46,-0.83,2.19,-0.33,-1.47,-2.63,0.73,2,0,0
-0.26,-0.76,0.88,-0.12,-1.32,-0.98,-0.05,-0.65,2,0,0
0.24,-0.58,-0.29,-1.67,-0.63,-0.2,0.47,0.77,2,0,0
1.64,-0.06,-0.42,2.15,2.38,4.52,1.24,0.19,2,0,0
-0.04,-1.89,-1.77,-1.59,0.61,-0.71,0.05,-1.65,2,0,0
-0.26,-1.5,0.9,-0.1,-1.24,-1.06,-0.57,-0.88,2,0,0
-0.45,0.77,0.51,0.55,-1.6,-1.51,-0.94,1.2,2,0,0
2.62,-5.83,-1.53,-1.42,-1.24,4.9,-1.62,-1.24,2,0,0
-0.51,2.52,0.92,1.4,0.78,-0.64,1.56,-0.83,2,0,0
0.5,2.8,1.1,2.61,0.92,1.41,1.64,0.9,2,0,0
2.04,-1.84,-1.5,-0.77,0.41,3.8,0.58,0.15,2,0,0
-0.19,0.31,0.6,0.97,-1.02,-0.37,-0.61,-1.33,2,0,0
0.65,-1.42,-3.0,-1.42,1.55,1.25,0.2,-0.58,2,0,0
-0.24,2.6,1.6,3.18,-1.18,-0.98,-0.88,3.35,2,0,0
0.42,0.8,2.09,0.3,-1.52,0.7,0.75,1.88,2,0,0
0.16,-1.27,1.04,-0.73,-3.08,-0.4,-2.28,0.92,2,0,0
0.12,1.05,-1.7,-1.02,1.97,-0.64,2.28,-1.27,2,0,0
-0.5,-1.31,-0.88,-1.49,-0.28,-2.0,-0.01,0.77,2,0,0
-0.62,-0.62,-2.21,-1.53,0.35,-2.08,-0.44,-0.63,2,0,0
0.13,2.51,0.16,-0.44,0.7,-0.45,2.93,-1.56,2,0,0
0.3,-2.57,-2.54,-2.51,1.08,-0.22,0.9,-2.47,2,0,0
-1.9,1.34,2.58,1.49,-1.09,-3.22,-0.16,0.2,2,0,0
-0.19,-1.45,0.31,-2.3,-2.43,-2.17,-0.54,0.45,2,0,0
0.9,-1.98,-1.02,-1.38,-1.81,0.64,-1.55,1.07,2,0,0
-0.74,-1.36,-0.69,1.96,0.56,-1.11,-1.56,-0.92,2,0,0
0.53,-0.16,0.74,1.43,0.0,1.56,0.07,0.69,2,0,0
-0.47,0.35,-1.13,-0.99,-0.8,-2.12,-0.63,0.29,2,0,0
-0.31,1.71,-0.8,0.65,1.85,-0.87,1.6,-0.94,2,0,0
1.51,-0.36,-0.65,0.32,-0.3,2.61,-0.22,0.84,2,0,0
0.8,0.34,-1.9,-2.0,-0.16,0.62,0.48,-1.06,2,0,0
1.1,-0.93,0.51,0.68,-0.05,2.75,-0.0,-1.05,2,0,0
1.61,-2.18,-3.6,-3.11,1.93,1.85,2.06,-1.71,2,0,0
0.75,-2.2,-1.79,-2.96,-2.99,-0.62,-2.56,3.69,2,0,0
-0.08,-0.68,-2.57,-4.23,-0.52,-2.26,0.73,0.18,2,0,0
0.27,-2.69,-0.94,-1.14,0.07,0.05,-0.2,-3.13,2,0,0
1.65,-2.04,-0.19,-0.91,2.5,4.29,3.88,-3.81,2,0,0
0.17,0.03,-0.23,0.05,-0.18,-0.02,0.17,1.12,2,0,0
0.61,-2.83,-2.01,-2.47,0.89,0.92,1.02,-4.97,2,0,0
-0.71,5.35,4.2,1.55,-0.62,-1.26,3.84,-0.41,2,0,0
-1.17,1.48,-0.3,-0.47,0.07,-2.57,0.18,-0.19,2,0,0
1.37,-2.73,-0.32,0.38,0.03,2.95,-0.18,-0.27,2,0,0
-0.76,-0.47,1.21,1.94,-0.43,-1.35,-0.28,-0.8,2,0,0
-0.48,-0.49,-0.32,0.84,0.73,-0.58,-0.21,0.28,2,0,0
0.65,-3.56,-2.47,-1.13,-0.45,0.65,-2.19,0.81,2,0,0
1.13,0.54,-0.51,0.3,1.92,2.46,2.69,-1.95,2,0,0
1.88,0.56,0.57,-1.43,-1.23,2.98,1.46,0.64,2,0,0
0.02,3.81,3.44,0.19,-0.83,-0.19,3.41,1.25,2,0,0
0.62,-0.84,-2.31,0.46,1.6,1.37,-0.39,-0.75,2,0,0
1.49,-0.21,-1.65,1.78,1.45,3.36,-0.4,0.87,2,0,0
-0.58,2.0,0.86,0.27,0.63,-1.05,2.24,-0.34,2,0,0
-0.72,-1.63,-0.6,0.53,-2.53,-2.32,-4.44,3.11,2,0,0
-1.37,1.05,-0.21,-1.38,-2.95,-5.07,-1.81,1.59,2,0,0
1.38,-1.92,-1.72,-1.54,1.03,2.37,1.27,-2.1,2,0,0
-0.17,2.45,0.33,0.14,2.92,0.35,4.21,-1.7,2,0,0
0.42,-2.2,-2.25,-0.11,0.72,0.73,-1.47,0.59,2,0,0
1.29,1.97,1.72,0.36,2.16,2.61,6.0,-4.34,2,0,0
2.02,-3.28,-2.61,-1.85,0.2,3.13,-0.91,-1.6,2,0,0
1.13,-1.28,-0.59,-0.53,0.07,1.98,0.41,-0.87,2,1,1
0.12,0.51,-1.29,0.68,1.08,0.04,0.11,0.27,2,0,0
0.22,-2.37,1.71,0.75,-2.33,0.67,-1.99,0.2,2,0,0
-0.14,-0.98,-3.02,-1.88,1.47,-1.88,1.04,-1.39,2,0,0
-0.56,0.17,-0.5,1.02,0.17,-1.4,-0.37,-0.58,2,0,0
1.76,-1.89,-2.14,-1.74,1.57,3.08,1.71,0.75,2,0,0
-1.9,-3.12,-1.56,-2.85,-3.74,-6.26,-4.32,2.03,2,0,0
1.29,-2.44,-2.16,-3.43,-1.82,0.9,-0.9,0.31,2,0,0
2.13,-6.26,-3.69,-3.64,0.79,4.11,-0.73,-2.99,2,0,0
0.94,-1.97,-1.35,-1.56,2.16,1.56,2.82,-2.9,2,0,0
0.79,0.2,0.02,0.91,-0.12,1.57,-0.17,1.62,2,0,0
0.25,-0.79,0.5,-0.9,-2.12,-0.05,-1.25,2.6,2,0,0
-0.7,4.63,1.78,2.43,0.47,-1.03,1.93,2.29,2,0,0
-0.2,-0.14,1.29,1.77,1.24,0.65,1.59,-1.71,2,0,0
-1.67,-1.18,-1.22,0.37,-0.48,-4.15,-2.01,1.74,2,0,0
-0.46,-1.45,-3.06,-1.74,-0.53,-2.62,-1.74,1.54,2,0,0
0.01,-1.01,-0.41,-0.28,0.5,-0.14,0.51,-0.87,2,0,0
1.05,-3.04,-0.81,-1.76,0.69,2.13,1.12,-2.62,2,0,0
1.01,-0.99,-0.15,0.01,-0.87,1.6,-0.41,0.42,2,0,0
0.88,-2.01,-2.63,-2.8,0.51,0.37,0.6,-0.7,2,0,0
-0.46,0.27,0.29,0.34,-0.33,-1.02,0.09,0.51,2,0,0
-0.03,-1.28,-0.61,-0.26,1.43,-0.28,1.65,-1.03,2,0,0
1.21,0.69,0.54,0.84,1.13,3.09,1.91,0.81,2,0,0
0.59,-2.34,-0.57,-1.83,-0.81,0.15,0.56,-2.19,2,0,0
0.21,-3.22,0.26,-0.93,-0.51,0.32,0.17,-0.96,2,0,0
-1.06,0.08,-1.42,-0.73,0.2,-2.14,-0.82,0.37,2,0,0
0.26,-0.18,0.71,0.06,-0.62,-0.2,0.92,0.17,2,0,0
0.24,0.76,-2.09,-0.6,0.69,-0.31,-0.09,3.22,2,0,0
-1.63,2.69,0.73,-0.43,1.4,-2.88,3.0,-2.64,2,0,0
-0.01,2.09,-0.94,-1.05,-0.17,-1.04,0.73,0.61,2,0,0
0.14,-1.7,-2.12,-0.34,1.92,0.8,0.07,-0.57,2,0,0
-0.5,0.12,-1.92,-2.38,0.03,-1.77,-0.03,-0.42,2,0,0
1.17,0.97,-0.55,1.0,2.06,3.53,1.89,-2.38,2,0,0
-2.1,2.48,0.27,0.7,0.7,-3.84,0.34,0.67,2,0,0
1.21,1.24,-0.66,-2.06,0.12,0.89,2.94,-0.69,2,0,0
1.51,-2.06,-3.11,-3.44,0.05,1.65,0.29,-0.35,2,0,0
1.61,-1.96,0.05,-1.33,-1.05,2.47,0.66,-0.14,2,0,0
-0.33,-5.07,-2.01,-1.29,-0.04,-0.92,-1.84,-2.62,2,0,0
0.68,-1.89,-0.53,0.12,-1.26,1.04,-1.86,0.87,2,0,0
1.87,-0.79,1.39,-0.68,0.98,4.23,4.08,-3.39,2,0,0
1.01,-3.76,-3.2,-2.24,0.12,1.66,-1.84,-0.15,2,0,0
-0.7,-0.42,0.32,2.02,-1.09,-1.8,-2.58,2.01,2,0,0
-0.39,-0.08,-0.41,0.74,-1.55,-1.75,-1.98,0.68,2,0,0
0.23,3.31,-0.88,0.78,2.63,0.89,3.15,-1.9,2,0,0
0.64,-2.72,-0.34,0.61,0.53,2.0,-0.58,-0.29,2,0,0
0.79,-1.89,-1.38,-1.64,-3.02,0.1,-3.11,2.1,2,0,0
0.46,0.77,1.11,0.68,1.38,1.55,3.15,-2.52,2,0,0
0.62,-3.16,-0.31,-0.28,-1.88,0.47,-2.46,0.9,2,0,0
-0.08,-2.39,-0.34,-0.21,0.85,0.48,0.28,-2.75,2,0,0
1.96,1.16,-1.55,0.74,2.05,3.85,1.94,-0.65,2,0,0
-1.56,1.25,0.69,0.58,0.4,-2.82,0.85,-0.65,2,0,0
0.01,3.16,0.72,0.32,0.18,-0.99,2.2,-0.57,2,0,0
1.14,-1.67,-1.56,0.57,0.73,1.83,-0.46,1.41,2,0,0
0.28,0.69,0.82,1.63,-0.49,0.62,-0.39,0.39,2,1,1
0.38,-0.88,1.71,1.99,-0.45,0.95,-0.22,-1.31,2,0,0
0.43,-3.04,0.92,0.9,-1.01,1.22,-1.24,-0.41,2,0,0
-0.79,-0.67,-1.57,0.06,0.39,-1.91,-1.55,0.01,2,0,0
-1.85,0.19,-1.32,-1.41,-3.02,-5.9,-3.95,4.05,2,0,0
0.04,0.46,0.02,3.54,0.45,0.89,-1.66,1.32,2,0,0
0.56,-0.51,-1.54,-1.72,-0.22,0.16,-0.18,-1.32,2,0,0
0.46,3.24,0.32,3.14,1.07,1.73,0.55,-0.22,2,0,0
1.0,-2.54,-1.26,0.42,0.09,2.06,-1.29,0.77,2,0,0
0.01,-3.2,-0.99,1.2,-0.08,0.27,-2.63,0.09,2,0,0
1.02,-2.2,-1.81,-2.85,0.43,0.87,1.48,-2.05,2,0,0
-1.11,1.07,-0.85,-1.35,-1.4,-3.53,-1.0,2.57,2,0,0
1.14,-1.7,-2.12,-0.4,1.72,1.96,1.06,-1.64,2,0,0
-0.81,4.5,2.04,1.37,0.38,-1.03,2.43,-0.06,2,0,0
0.73,1.69,0.26,-0.32,0.85,1.11,2.43,-0.06,2,0,0
1.34,-1.28,-1.38,-0.66,-0.13,1.87,-0.05,-0.0,2,0,0
-0.56,1.35,-0.01,0.07,-2.09,-2.06,-1.8,3.37,2,0,0
1.07,-4.87,-2.16,-2.84,-1.34,1.29,-1.7,-1.8,2,0,0
0.51,1.02,-1.86,-1.69,-1.14,-0.87,-0.45,2.65,2,0,0
-0.43,2.41,0.66,-0.48,-0.78,-2.05,1.35,0.92,2,0,0
0.9,-3.2,-1.02,-1.27,1.63,2.2,1.79,-5.17,2,0,0
0.53,0.35,-1.04,1.13,0.46,1.17,-0.93,1.54,2,0,0
-0.55,-1.72,-2.57,-1.81,-0.56,-1.93,-2.21,0.15,2,0,0
1.75,-0.89,-1.29,-2.02,-0.3,2.71,1.06,-2.3,2,0,0
-0.87,-0.44,1.81,0.78,-1.03,-1.61,-0.29,-0.93,2,0,0
1.17,-1.66,-3.0,-1.38,0.8,1.91,-0.43,-2.0,2,0,0
-0.11,-0.95,0.17,0.94,0.28,0.3,-0.02,0.42,2,0,0
-0.82,-2.44,-3.53,-4.82,-0.7,-3.36,-0.67,-1.71,2,0,0
0.06,0.87,-1.19,0.63,-0.74,-0.71,-1.88,2.26,2,0,0
1.71,-3.44,-1.73,-3.82,-1.06,2.27,0.39,-1.52,2,0,0
1.09,0.05,-0.18,-0.99,0.24,2.2,1.96,-2.31,2,0,0
-0.42,-2.78,-0.9,-1.48,-1.53,-2.16,-1.5,-0.75,2,0,0
0.9,0.42,0.33,0.96,1.42,2.63,2.11,-1.44,2,0,0
0.21,1.48,-1.12,-1.58,1.3,-0.41,2.79,-1.65,2,0,0
-0.32,0.68,-0.97,-0.25,0.06,-1.36,-0.2,-0.51,2,0,0
0.13,-0.86,-1.35,-1.17,-0.87,-0.69,-1.24,1.75,2,0,0
0.92,-1.6,-0.68,-0.21,-0.17,1.52,-0.31,-0.52,2,0,0
-0.84,-0.19,0.01,0.23,0.75,-1.99,0.79,-0.69,2,0,0
-0.94,0.76,-1.62,0.01,-0.84,-2.92,-1.95,2.78,2,0,0
-1.51,-0.36,-0.32,1.19,1.17,-2.85,-0.3,-2.3,2,0,0
0.75,0.74,-0.9,-0.37,0.63,1.11,1.44,0.14,2,0,0
-0.49,0.86,0.59,2.98,1.29,-0.44,0.51,0.12,2,0,0
-0.92,-1.35,2.73,1.8,-3.23,-2.72,-2.33,0.13,2,0,0
-0.86,6.0,1.91,1.18,0.44,-1.76,3.0,2.47,2,0,0
1.36,-5.71,-2.05,-2.57,-0.89,1.37,-1.19,-1.93,2,0,0
-0.49,-0.34,0.04,-1.08,-0.4,-1.73,0.8,-2.58,2,0,0
-0.93,0.6,0.25,1.2,-0.57,-2.28,-0.99,1.13,2,0,0
1.23,-2.09,0.21,0.89,0.04,2.7,-0.11,0.07,2,0,0
-0.72,0.51,0.07,1.7,0.76,-1.27,-0.13,0.99,2,0,0
1.29,-2.05,-2.11,-0.37,-0.3,1.98,-1.62,0.68,2,0,0
-0.39,1.06,-0.69,1.88,-0.18,-1.6,-0.85,1.24,2,0,0
-0.07,3.9,2.81,-0.39,-3.7,-2.2,0.53,3.64,2,0,0
-0.97,-1.01,0.63,2.51,0.24,-1.17,-1.48,0.15,2,0,0
0.08,2.82,-0.46,0.55,1.81,0.17,2.65,0.87,2,0,0
-1.05,1.12,0.74,0.77,-1.13,-2.38,-0.9,1.12,2,0,0
0.45,-0.93,-1.53,1.33,3.19,1.87,1.46,-3.42,2,0,0
-0.65,-2.03,2.34,2.72,-1.29,-1.08,-1.5,1.06,2,0,0
0.53,-0.04,1.08,2.7,1.75,2.45,1.11,-2.7,2,0,0
0.28,2.76,2.51,1.62,1.31,1.43,3.77,-0.71,2,0,0
-0.48,0.36,-0.44,2.07,-0.66,-1.28,-2.48,0.34,2,0,0
-0.4,1.27,2.56,1.67,-0.9,-0.33,0.56,0.36,2,0,0
-0.61,0.75,0.75,0.51,-1.3,-1.86,-0.54,0.34,2,0,0
-0.57,1.89,-0.37,1.04,-0.87,-1.33,-1.99,4.59,2,0,0
-0.7,0.36,-0.19,1.22,-1.51,-2.03,-2.47,0.6,2,0,0
-2.08,4.2,1.33,2.25,0.28,-3.82,0.25,3.32,2,0,0
-0.51,1.43,-0.53,-1.08,-0.58,-1.88,0.15,1.82,2,0,0
0.14,2.63,-0.46,-1.67,-2.37,-1.46,-0.53,5.23,2,0,0
0.85,-3.86,-3.3,-1.12,0.58,1.25,-2.01,0.17,2,0,0
1.16,-0.26,-2.48,-2.83,0.54,0.79,1.56,-0.96,2,0,0
0.54,-2.72,-1.38,-1.32,-0.27,0.04,-0.6,-0.78,2,0,0
0.56,-0.04,1.78,0.44,-1.7,1.21,-0.02,-0.55,2,0,0
0.31,-1.42,-0.39,-0.25,-0.46,0.23,-0.56,0.0,2,0,0
0.16,1.6,-1.26,-0.09,0.81,-0.44,0.96,0.13,2,0,0
0.48,0.66,-1.82,0.1,0.66,0.3,-0.21,0.87,2,0,0
0.44,-3.33,-2.18,0.3,-0.63,0.55,-3.04,0.82,2,0,0
0.8,0.94,0.82,0.45,-0.11,1.38,1.47,0.03,2,0,0
-0.48,2.82,1.86,4.67,1.18,0.34,0.46,0.95,2,0,0
0.8,-2.05,-1.76,-2.09,0.19,1.13,0.14,0.5,2,0,0
-0.04,-2.47,-1.57,-1.03,0.7,-0.34,-0.48,-1.29,2,0,0
1.19,-0.84,-0.77,-1.72,0.52,1.88,2.13,-2.64,2,0,0
1.6,2.83,-0.47,-1.26,1.34,2.61,3.74,-0.59,2,0,0
-0.16,-1.47,-1.64,-2.35,-0.73,-1.35,-0.93,-0.76,2,0,0
-0.57,0.15,-1.7,-0.35,-0.41,-1.96,-1.54,0.56,2,0,0
0.99,0.1,-1.26,0.5,1.19,2.67,0.22,-0.68,2,0,0
-0.76,-0.22,-1.27,-1.2,-1.74,-3.48,-1.67,0.09,2,0,0
0.7,-2.84,1.14,0.97,-0.34,2.08,0.1,-2.92,2,0,0
-0.22,-0.75,0.42,1.05,0.31,-0.28,-0.05,-0.92,2,0,0
0.81,-1.46,-3.74,-4.42,-1.0,-0.81,-0.53,0.29,2,0,0
0.65,3.87,-0.05,0.29,1.46,0.36,3.43,1.24,2,0,0
-1.16,0.6,-1.37,-0.64,-0.74,-2.85,-1.81,1.67,2,0,0
-0.48,-0.84,-1.05,-1.0,-0.59,-2.02,-0.73,-1.67,2,0,0
0.22,-1.56,-2.17,-1.45,1.42,0.01,0.66,-0.18,2,0,0
0.62,-0.5,-2.42,-2.11,1.12,0.39,0.96,-0.76,2,0,0
0.01,-0.2,2.49,2.29,1.06,1.46,1.97,-3.13,2,0,0
0.41,1.64,0.05,-0.63,0.21,-0.04,2.12,-0.02,2,1,1
0.82,0.27,-1.5,-2.04,-0.89,0.26,0.33,1.7,2,0,0
-0.19,-1.83,0.38,-0.78,-1.91,-1.67,-1.01,0.0,2,0,0
-0.52,-0.19,2.08,0.76,-0.81,-1.19,1.3,-1.09,2,0,0
1.2,-0.38,0.0,-1.65,-0.14,2.15,1.7,-1.25,2,0,0
-1.19,-1.68,-0.54,1.1,-0.72,-2.9,-2.71,0.38,2,0,0
0.38,1.34,0.59,1.8,-1.31,0.21,-1.36,2.99,2,0,0
-0.33,-0.32,2.26,1.51,-1.17,-0.21,-0.25,-0.64,2,0,0
1.08,0.59,-1.44,-0.68,0.04,1.27,0.45,1.16,2,0,0
-0.17,1.69,1.0,0.38,0.98,-0.4,2.93,-0.78,2,0,0
-0.56,-1.79,-2.25,-1.88,-0.42,-2.23,-1.41,1.18,2,0,0
0.9,0.84,1.25,-1.73,-0.15,1.19,3.43,-1.38,2,0,0
-0.78,-1.08,-2.01,0.35,0.2,-2.19,-2.33,0.55,2,0,0
0.92,1.4,-1.86,-0.17,3.48,2.24,3.58,-3.21,2,0,0
0.69,-2.3,-3.32,-2.04,-0.07,0.51,-1.68,-0.43,2,0,0
1.81,-2.67,-4.28,-3.88,0.71,2.61,0.31,-2.15,2,0,0
0.55,-2.82,-3.3,-2.76,-0.3,0.05,-1.72,0.1,2,0,0
0.72,0.31,-2.14,-2.44,0.28,0.21,1.19,0.66,2,0,0
-0.28,3.81,0.19,-0.61,1.87,-0.57,4.07,-2.31,2,0,0
0.67,-1.14,0.47,-2.54,-1.06,0.29,1.63,-0.28,2,0,0
0.02,-0.23,-1.16,-2.06,0.64,-0.28,1.25,0.24,2,0,0
-0.12,-0.09,1.25,-2.21,-2.54,-1.49,0.44,-0.02,2,0,0
0.47,-6.5,-4.28,-0.88,0.83,0.75,-3.76,-3.28,2,0,0
1.48,1.01,-0.52,-0.71,0.11,2.25,1.69,-0.34,2,0,0
-0.49,1.13,3.62,3.02,-1.26,-0.35,0.37,2.18,2,0,0
1.74,0.25,2.67,0.86,-0.12,4.28,2.61,-2.39,2,0,0
1.31,-0.23,-2.33,-0.41,1.47,2.3,0.87,-0.93,2,0,0
0.46,1.05,-1.82,-2.59,0.84,0.1,2.25,-0.11,2,0,0
0.24,-0.94,-0.57,1.15,0.66,0.67,-0.16,0.29,2,0,0
1.1,-2.52,-2.59,-5.14,-0.2,1.11,1.19,-0.59,2,0,0
0.79,0.12,0.35,-1.34,0.55,1.34,2.77,-0.96,2,0,0
1.47,1.21,0.05,0.1,0.05,2.61,1.38,0.49,2,0,0
1.63,-0.18,-0.29,-2.21,-1.39,1.73,1.03,3.01,2,0,0
-0.09,-1.94,-0.84,-1.29,-2.02,-1.62,-1.87,1.6,2,0,0
-0.75,2.77,1.33,-1.09,-1.5,-2.93,1.15,2.39,2,0,0
-0.09,-1.91,0.85,1.09,-0.54,0.07,-0.51,-1.58,2,0,0
-0.68,3.8,4.25,-0.11,-2.24,-2.19,3.06,-0.35,2,0,0
0.1,2.07,-0.55,-3.31,-1.05,-1.65,2.0,2.2,2,0,0
2.43,0.74,-0.45,-0.05,2.79,5.53,4.19,-3.11,2,0,0
-0.21,-1.14,0.01,0.85,0.05,-0.14,-0.89,1.1,2,0,0
1.79,-3.11,-1.02,-2.11,-0.89,2.96,-0.03,-0.43,2,0,0
0.65,3.98,-0.5,2.01,2.33,1.49,2.41,0.58,2,0,0
0.45,-4.78,-3.67,-1.93,-0.05,-0.04,-2.84,-0.31,2,0,0
-1.87,-4.45,0.16,-0.41,-2.08,-4.68,-3.2,-2.18,2,0,0
1.05,1.01,-1.21,-0.91,1.66,1.78,2.41,-1.69,2,0,0
-0.13,1.5,-1.27,-1.2,0.0,-1.47,0.68,1.21,2,0,0
-0.15,-2.02,1.14,1.17,-0.98,0.03,-1.67,0.38,2,0,0
0.21,0.5,0.9,0.03,-0.36,-0.09,1.34,0.53,2,0,0
-0.73,-2.36,-0.26,0.0,-3.88,-2.51,-5.1,4.55,2,0,0
0.1,0.6,-0.23,-0.31,-0.33,-0.68,0.5,-0.18,2,0,0
-0.53,-2.56,1.79,-0.58,-1.61,-1.05,0.01,-2.09,2,0,0
2.36,-0.1,-1.35,-3.18,0.9,4.1,3.5,-1.58,2,0,0
-0.84,2.26,0.81,-0.59,-0.83,-2.41,0.97,0.86,2,0,0
0.64,-4.18,-1.66,-3.93,-0.68,0.63,-0.06,-2.36,2,0,0
0.96,-1.5,-2.92,-3.88,-0.29,0.21,0.32,-0.63,2,0,0
-1.11,-1.62,-0.96,-1.98,-1.07,-3.48,-0.91,-0.49,2,0,0
0.04,1.78,-0.04,-0.32,0.76,-0.38,2.25,-0.69,2,0,0
-0.22,1.78,0.22,0.05,-2.57,-2.3,-1.4,1.64,2,0,0
0.02,1.13,-0.21,0.76,1.11,-0.11,1.55,-0.4,2,0,0
-0.9,2.67,-0.38,-0.0,1.13,-1.8,1.09,-0.38,2,0,0
-0.08,0.52,-2.03,0.43,1.39,-0.31,0.07,0.03,2,0,0
-0.55,1.58,-0.09,2.51,0.78,-0.5,-0.83,2.25,2,0,0
0.41,2.08,-1.96,-1.4,0.85,-0.6,1.6,0.42,2,0,0
0.41,1.45,-1.44,-1.15,0.32,0.17,1.02,0.33,2,0,0
0.5,-1.12,-0.13,1.3,0.62,1.26,0.33,-0.34,2,0,0
1.44,2.08,-0.05,-1.03,-0.5,1.59,1.88,1.89,2,0,0
-1.82,0.46,1.37,3.41,-0.08,-2.8,-1.87,0.45,2,0,0
-0.25,-0.36,-0.63,-2.02,0.16,-1.09,1.67,-3.19,2,0,0
1.3,-2.28,-1.55,0.11,0.37,2.16,-0.77,0.48,2,0,0
-0.68,-0.46,-1.76,1.91,1.69,-0.95,-1.1,0.74,2,0,0
1.81,-1.74,-1.13,-0.68,0.82,3.24,1.48,-1.29,2,0,0
-0.2,1.5,1.14,0.36,-0.54,-0.58,1.01,-0.78,2,0,0
-0.51,0.33,0.91,2.36,-0.12,-0.75,-0.94,1.98,2,0,0
0.99,-0.8,-0.99,-2.93,0.1,0.59,2.39,-1.29,2,0,0
0.39,1.87,0.48,0.35,0.94,1.1,1.85,-1.09,2,0,0
0.97,1.56,-3.0,-2.88,1.11,0.63,2.04,-1.08,2,0,0
1.95,-2.79,-0.85,-2.52,-1.67,2.44,0.37,-1.12,2,0,0
0.17,-3.02,-2.02,-0.09,0.11,-0.58,-1.86,-1.91,2,0,0
1.13,-0.06,-0.69,-0.15,1.83,2.64,2.39,-3.41,2,0,0
-0.31,0.85,1.54,-0.9,-0.73,-0.95,1.79,0.43,2,0,0
-0.7,-3.91,-0.63,2.63,-2.02,-1.41,-5.92,1.23,2,1,1
-0.23,-2.57,-1.37,-0.26,-1.59,-1.57,-2.83,0.76,2,0,0
0.23,0.76,1.26,-1.34,-2.38,-0.54,0.12,1.45,2,0,0
1.08,1.19,0.02,-0.56,-0.66,1.42,0.89,1.21,2,0,0
-0.67,1.85,2.79,1.97,-0.01,-1.25,2.36,-0.51,2,0,0
-0.44,-1.12,-0.54,1.86,0.8,-0.23,-1.25,0.49,2,0,0
-0.06,-0.46,0.91,0.54,1.14,0.77,1.7,-3.0,2,0,0
-0.95,-0.27,-1.08,-0.3,0.48,-1.83,-0.64,0.84,2,0,0
-0.19,1.46,-0.83,-0.24,1.54,-0.73,1.99,-1.05,2,0,0
1.84,1.64,-0.26,-1.62,0.77,3.22,3.84,-0.75,2,0,0
-0.27,1.14,-0.79,-1.73,-1.16,-2.9,0.8,1.15,2,0,0
0.05,1.8,-0.16,-1.3,-0.76,-0.92,0.87,1.21,2,0,0
1.12,-1.96,-4.14,-3.59,-0.65,-0.05,-1.45,0.4,2,0,0
-0.92,-0.49,-0.56,0.04,-0.56,-2.5,-1.18,-0.01,2,0,0
1.3,2.63,-0.73,-1.21,-0.11,1.53,2.31,0.22,2,0,0
-0.37,-3.78,1.84,2.33,-2.0,0.0,-3.22,-0.72,2,0,0
-0.56,2.62,0.28,0.47,0.93,-1.22,2.17,-1.0,2,0,0
-0.07,3.71,-2.49,-1.83,1.25,-1.67,1.96,2.0,2,0,0
-0.24,1.54,0.07,1.81,0.97,-1.05,1.08,0.0,2,0,0
0.19,-0.98,-1.12,-0.31,-0.82,-0.4,-1.2,1.52,2,0,0
0.55,0.5,-1.14,-1.95,0.02,0.41,0.9,1.9,2,0,0
1.91,-3.27,-2.69,-2.18,1.38,3.6,1.14,-3.0,2,0,0
-0.29,-3.97,-0.92,0.09,-0.04,-0.19,-1.6,-1.35,2,0,0
0.8,1.61,0.13,-0.94,-0.63,0.84,1.5,0.3,2,0,0
-0.58,0.59,0.01,0.9,-0.93,-1.98,-1.23,1.57,2,0,0
0.28,-5.34,-2.14,-0.98,-0.35,0.55,-2.7,-1.01,2,0,0
-0.08,-0.24,3.44,0.14,-1.92,-0.42,1.44,-2.05,2,0,0
0.84,-2.68,-0.49,-2.28,-1.46,0.86,-0.26,-1.95,2,0,0
0.93,-3.23,-0.21,0.27,-0.39,2.32,-1.39,0.85,2,0,0
2.12,-2.96,-2.22,-1.32,-0.42,3.23,-0.63,-0.47,2,0,0
-0.82,2.39,1.85,-0.12,1.11,-0.55,3.55,-4.59,2,0,0
0.69,3.1,-0.26,-1.56,-1.33,0.17,1.32,2.65,2,0,0
0.81,2.14,1.43,0.63,-0.1,1.53,1.89,0.31,2,0,0
-0.34,-1.29,-0.41,1.66,0.92,-0.24,-0.64,-1.18,2,0,0
1.2,-2.85,-0.42,-2.34,-0.98,1.99,0.4,-3.21,2,0,0
1.09,-0.79,-1.92,-2.37,0.28,1.78,0.37,-1.02,2,0,0
0.95,-4.97,-4.02,-2.39,0.48,1.06,-2.07,-1.71,2,0,0
0.1,0.04,0.23,2.03,-1.36,-0.05,-2.59,2.95,2,0,0
-1.31,1.6,1.02,1.93,-0.52,-2.5,-0.54,-0.14,2,0,0
-0.71,1.22,0.66,1.85,0.65,-0.79,0.52,-0.18,2,0,0
0.3,1.7,1.24,-1.94,-1.28,-0.34,2.54,-0.51,2,0,0
0.58,1.25,0.46,2.4,1.39,1.49,1.47,-0.67,2,0,0
1.65,-1.94,-3.05,-3.6,-1.14,1.52,-0.5,-0.16,2,0,0
0.1,-1.44,-0.06,0.76,1.11,0.63,0.6,-2.68,2,0,0
0.15,-1.34,-1.34,-0.33,0.94,0.31,0.42,-2.25,2,0,0
0.81,-1.34,-3.32,-1.23,1.19,0.87,-0.63,0.77,2,0,0
0.21,0.59,0.06,2.33,1.04,1.37,0.19,-0.51,2,0,0
-0.87,2.73,2.44,1.36,-0.39,-1.36,1.69,0.21,2,0,0
1.18,1.14,2.08,-0.74,1.06,3.28,4.82,-2.22,2,0,0
-0.63,3.5,1.6,1.99,-0.14,-0.98,0.72,2.99,2,0,0
-1.34,0.53,0.48,-1.45,-0.31,-3.64,1.5,-2.01,2,0,0
-1.3,0.47,1.14,2.07,-0.0,-2.03,-0.67,1.27,2,0,0
-0.37,-0.3,-1.04,1.76,1.17,-0.84,-0.17,-0.94,2,0,0
-1.97,1.18,-1.2,0.39,0.98,-3.76,-0.78,2.6,2,0,0
1.0,-3.05,-1.67,-1.08,0.57,2.03,-0.09,-3.3,2,0,0
-0.07,3.39,-0.96,-0.89,4.25,-0.23,6.15,-4.31,2,0,0
0.62,0.03,-2.95,-1.7,1.43,0.95,0.56,0.06,2,0,0
1.32,-0.42,0.09,-0.96,0.59,2.54,2.33,-0.9,2,0,0
1.0,1.47,0.2,0.1,0.88,1.67,2.45,0.07,2,0,0
-0.22,-1.05,2.61,2.48,0.88,0.44,1.91,-3.6,2,0,0
2.81,0.73,0.58,1.67,0.67,5.36,2.26,1.54,2,0,0
1.15,-1.35,-2.08,-4.59,0.1,1.13,2.11,-3.61,2,0,0
1.04,-2.0,-3.46,-3.17,-0.35,0.27,-0.73,0.57,2,0,0
-1.12,0.12,1.15,-0.09,-2.68,-2.68,-1.89,1.63,2,1,1
-0.18,-3.46,1.0,0.52,-2.75,-0.16,-3.49,1.37,2,0,0
-2.83,2.49,2.38,3.51,0.87,-4.49,0.53,-0.89,2,0,0
0.25,-1.8,-2.05,-1.99,0.01,-0.36,-0.32,-0.14,2,0,0
-0.67,0.43,-1.67,-1.63,0.0,-2.39,0.04,0.92,2,0,0
1.76,-1.49,-0.91,-1.55,-0.95,2.37,0.51,1.81,2,0,0
0.56,-1.89,-1.1,-1.81,-0.17,0.77,0.11,-1.25,2,0,0
0.02,1.61,-1.18,-0.69,2.01,0.59,2.35,-0.81,2,0,0
2.85,-2.0,-2.03,-3.75,2.65,5.82,5.05,-3.82,2,0,0
1.03,-1.2,-1.8,0.44,0.6,1.75,-0.68,-0.45,2,0,0
-0.43,-1.49,-0.6,-1.15,0.86,-1.09,1.42,-1.89,2,0,0
-0.48,-1.45,-2.98,-0.0,-0.11,-2.05,-2.89,-0.15,2,0,0
1.63,-3.55,-1.48,-2.69,-0.03,2.0,1.1,-2.46,2,0,0
1.47,-0.05,-0.44,-2.39,1.84,3.18,4.14,-3.04,2,0,0
0.5,1.19,-0.54,-0.19,1.29,1.0,1.95,-0.45,2,0,0
0.33,0.69,2.06,0.61,-0.3,1.17,1.76,-0.92,2,0,0
0.72,-2.97,-3.34,-3.01,0.55,0.75,-0.28,-1.54,2,0,0
-0.25,0.84,0.26,-0.13,-0.54,-1.35,0.26,0.89,2,0,0
1.07,-1.9,-4.09,-0.94,1.59,1.44,-1.13,0.99,2,0,0
0.47,-0.63,-2.18,-1.22,1.76,0.99,1.03,-1.51,2,0,0
-1.5,-2.98,-2.68,-1.63,-0.42,-3.83,-2.58,-0.66,2,0,0
-1.54,2.46,3.73,-0.32,-2.79,-4.18,1.43,1.33,2,0,0
0.61,0.34,1.39,-0.36,-2.12,0.83,-0.26,0.27,2,0,0
-0.25,0.49,-1.7,-2.12,-0.47,-2.13,-0.13,2.56,2,0,0
0.31,-1.3,-1.21,-1.06,-0.54,-0.23,-0.65,1.0,2,0,0
1.84,-3.31,3.27,-1.28,-3.85,2.67,0.2,-0.92,2,0,0
0.59,-0.28,0.82,0.7,-0.09,0.79,1.02,-0.14,2,0,0
-2.08,2.89,0.48,1.97,-0.9,-4.54,-1.6,1.51,2,0,0
1.2,2.24,2.36,2.09,-0.98,3.25,0.32,1.0,2,0,0
0.67,-0.09,-1.06,-1.17,-0.08,0.63,0.59,-0.6,2,0,0
0.16,-1.44,-2.08,-1.32,0.62,0.22,-0.28,-1.17,2,0,0
0.3,1.84,-1.12,0.13,-0.46,-0.23,-0.83,3.43,2,0,0
-1.18,0.13,-1.64,1.27,0.08,-2.73,-2.55,1.78,2,0,0
-0.6,-0.39,-0.15,0.97,-0.12,-1.38,-1.03,0.89,2,0,0
-0.02,0.37,2.6,0.88,-0.93,0.02,1.63,-0.39,2,0,0
0.51,0.36,1.84,2.51,0.37,1.86,0.93,-2.77,2,0,0
0.58,3.32,0.66,2.64,3.38,2.47,4.05,-1.31,2,0,0
0.67,0.34,-2.86,-1.33,-0.98,0.01,-1.94,1.49,2,0,0
-0.05,-0.7,2.56,0.17,-0.27,0.66,1.96,-3.01,2,0,0
0.56,-3.45,-1.77,-0.38,0.25,1.17,-1.21,-2.59,2,0,0
0.23,-1.68,-1.15,-0.85,-2.05,-0.67,-2.63,1.22,2,0,0
1.81,2.57,-0.27,1.72,2.77,4.19,3.65,-0.29,2,0,0
0.36,1.33,-2.31,-1.09,-0.03,-0.42,-0.43,1.17,2,0,0
0.09,-1.14,0.57,1.06,-2.57,-0.31,-2.84,2.5,2,0,0
0.38,3.48,0.53,0.68,2.8,1.91,4.55,-1.86,2,0,0
-0.33,1.63,-4.27,0.46,0.77,-2.58,-2.04,3.33,2,0,0
0.75,0.1,0.35,1.41,-0.72,1.23,-0.95,2.15,2,0,0
-0.6,1.1,2.32,2.89,-0.67,-1.17,-0.15,1.04,2,0,0
1.32,-2.96,-1.75,2.28,0.83,2.96,-2.48,0.59,2,0,0
0.58,-1.18,1.28,1.19,-1.23,0.92,-0.77,1.04,2,0,0
1.78,-1.57,-0.76,-3.18,-2.52,1.88,0.07,0.78,2,0,0
0.51,-1.49,-0.93,-0.47,0.74,1.41,0.24,-0.86,2,0,0
2.19,-3.14,-0.15,-1.96,-2.24,3.39,-0.96,2.85,2,0,0
-0.26,-0.86,-2.57,-0.21,-0.86,-1.75,-2.88,1.42,2,0,0
0.08,0.79,0.23,0.37,0.62,0.4,1.25,-0.9,2,0,0
1.27,2.79,-0.24,-3.54,-0.42,0.91,3.75,0.15,2,0,0
-0.22,4.72,1.18,1.86,-0.09,-0.99,1.56,2.49,2,0,0
-0.35,1.7,-1.73,-0.37,3.66,-0.52,3.55,-1.98,2,0,0
0.19,-0.28,-1.69,-0.25,1.0,0.53,-0.46,0.14,2,0,0
0.35,1.88,-2.25,0.01,2.16,0.72,1.27,-0.02,2,0,0
2.34,0.1,-0.9,-1.35,-0.2,4.32,1.35,-0.81,2,0,0
-0.16,2.41,1.08,2.53,0.73,-0.24,1.38,-0.32,2,0,0
-0.76,-1.99,-0.1,1.71,-0.91,-1.24,-3.03,1.76,2,0,0
1.56,-0.95,-1.73,-1.21,2.09,2.85,2.71,-3.3,2,0,0
0.08,0.48,-2.29,-1.89,0.57,-0.77,0.49,-0.31,2,0,0
1.33,1.42,0.76,0.85,-0.61,2.72,0.4,2.21,2,0,0
-1.31,-3.01,-0.74,0.03,0.57,-2.02,-1.59,-0.24,2,0,0
0.22,-1.08,3.57,1.18,-2.32,0.91,-0.19,0.14,2,0,0
-1.21,1.97,1.26,-0.11,-0.48,-3.31,1.62,0.4,2,0,0
0.86,0.78,-0.2,-1.73,0.16,0.76,2.77,-1.73,2,0,0
0.14,-2.79,-1.89,-1.02,1.83,0.94,0.14,-3.05,2,0,0
-0.09,5.46,1.02,1.47,0.51,-0.71,2.46,2.49,2,0,0
0.34,-1.83,0.4,0.37,1.0,1.56,0.71,-2.1,2,0,0
1.14,-0.92,-0.08,-0.13,0.66,2.48,1.32,-0.63,2,0,0
0.68,0.74,0.23,-1.46,-0.94,0.42,0.91,1.96,2,0,0
2.24,0.01,-0.83,-0.64,-1.59,3.51,-0.81,3.11,2,0,0
1.08,-2.31,-2.42,-1.4,2.61,2.69,1.76,-5.68,2,0,0
0.5,-3.87,0.09,-1.62,-1.48,0.91,-1.02,-2.44,2,1,1
-1.3,1.89,0.61,2.41,-2.19,-3.11,-3.29,5.75,2,0,0
0.21,-1.37,0.63,0.68,0.33,0.69,0.64,-0.96,2,1,1
0.62,-1.19,-0.16,-2.59,-1.22,0.13,0.89,-1.27,2,0,0
0.15,0.84,-0.85,0.37,1.56,0.6,1.18,-0.97,2,0,0
1.56,-2.3,-4.33,-2.05,1.4,2.31,-0.45,-0.87,2,0,0
0.76,0.8,1.37,1.95,0.77,1.96,1.5,0.17,2,0,0
-0.79,-0.09,1.13,-3.36,-3.24,-3.45,0.03,-0.01,2,0,0
-0.05,2.61,-0.21,1.04,-1.36,-1.22,-1.18,1.05,2,0,0
0.75,-2.01,1.57,-1.54,-2.93,0.51,-0.37,0.26,2,0,0
0.8,0.25,-2.35,-1.05,1.59,1.11,1.44,-1.87,2,0,0
-0.21,1.62,-1.45,-0.81,-0.22,-1.39,-0.11,0.58,2,0,0
0.02,-0.65,-3.05,-0.97,0.54,-0.68,-0.84,-1.62,2,0,0
0.49,1.94,-0.63,-0.17,0.8,1.24,1.33,0.89,2,1,1
-0.27,-3.41,-2.23,-0.47,0.07,-0.78,-2.31,-0.73,2,0,0
1.74,0.77,0.79,-0.53,0.27,3.65,2.57,0.03,2,0,0
-1.14,0.57,2.98,0.53,-0.93,-2.0,1.16,-0.93,2,0,0
2.4,0.93,-2.08,-2.18,1.35,3.88,3.1,0.33,2,0,0
1.2,2.75,0.18,1.5,-0.29,1.97,0.49,2.31,2,0,0
-0.76,-0.92,-0.63,-0.88,-0.23,-2.24,-0.16,-1.23,2,1,1
-0.59,1.9,0.22,1.23,0.63,-1.15,0.71,-0.05,2,0,0
0.81,-0.97,-0.88,-0.94,0.44,1.45,0.81,-1.53,2,0,0
-1.11,2.15,0.46,-2.1,-2.46,-3.83,-0.27,3.66,2,0,0
-0.65,-2.56,0.45,-0.99,-2.23,-2.32,-1.72,0.68,2,0,0
-1.0,1.27,1.07,1.3,-0.49,-1.51,-0.67,0.91,2,0,0
-0.33,-4.36,-0.07,-0.77,-2.59,-0.78,-3.61,0.2,2,0,0
-0.51,1.23,0.13,-0.33,0.19,-1.87,1.25,0.31,2,0,0
0.05,-0.85,-0.42,-0.94,0.08,-0.56,0.78,-1.48,2,0,0
1.73,0.21,-2.75,-2.08,2.68,3.34,2.96,-3.12,2,0,0
0.38,3.42,0.47,1.95,-0.29,0.24,0.07,2.81,2,0,0
-0.76,-3.56,-1.58,-0.63,-2.07,-3.16,-3.96,1.28,2,0,0
-0.76,-0.22,1.63,2.41,-1.09,-1.63,-1.32,-0.15,2,0,0
0.35,-2.34,1.08,-0.68,-0.81,1.01,0.51,-2.54,2,0,0
0.9,-2.27,-0.21,-1.07,-1.99,0.82,-1.48,-0.13,2,0,0
0.69,2.04,1.27,0.01,0.1,1.04,2.74,0.5,2,0,0
0.13,-0.06,-1.28,-1.07,0.14,-0.57,0.32,-0.7,2,0,0
1.19,-0.28,-2.89,-3.71,-1.46,0.52,-0.82,1.77,2,0,0
0.05,2.36,1.81,-0.71,-0.3,-0.65,3.09,0.32,2,0,0
-1.45,-1.24,-1.75,2.14,0.91,-2.32,-3.31,0.19,2,0,0
0.17,-2.52,0.33,-0.71,-2.52,0.16,-2.42,0.56,2,0,0
1.52,-0.63,0.29,-1.25,-0.48,2.7,1.52,-0.64,2,0,0
1.65,-0.35,-2.85,-1.63,2.73,3.71,2.12,-1.36,2,0,0
1.44,-2.93,-1.85,-1.0,-1.19,1.74,-2.02,0.61,2,0,0
0.86,-0.01,-1.56,0.46,1.62,1.9,1.14,-1.54,2,0,0
-0.59,0.42,1.72,1.72,-0.37,-0.4,-0.23,-0.67,2,0,0
-0.91,1.22,0.24,1.07,1.06,-1.57,1.16,-0.55,2,0,0
-0.73,0.65,-0.47,-1.51,-0.84,-2.24,-0.25,0.47,2,0,0
-0.55,-3.14,-2.12,-1.56,-1.09,-2.84,-2.09,-1.4,2,0,0
0.04,0.95,-0.64,0.23,0.31,-0.72,0.72,0.66,2,0,0
1.66,-1.9,-1.44,-3.23,-1.61,2.06,-0.18,-0.79,2,0,0
-0.11,0.62,-0.77,1.93,0.6,-0.47,-0.84,0.99,2,0,0
-0.41,1.63,0.68,0.9,-0.99,-1.58,0.02,0.25,2,0,0
0.58,1.85,-1.06,2.38,1.87,1.91,0.53,0.65,2,0,0
1.01,-3.5,-1.45,-0.55,-0.19,2.04,-1.56,-1.65,2,0,0
0.99,-0.91,-0.95,-1.05,0.13,1.81,0.69,-0.94,2,0,0
1.5,2.32,0.54,0.1,0.68,2.97,3.31,-2.92,2,0,0
1.8,0.33,-2.6,-1.45,1.15,2.44,1.71,0.36,2,0,0
-1.67,-0.6,-1.07,0.46,-0.06,-3.76,-1.9,-0.87,2,0,0
-0.27,0.23,-0.27,-2.01,-1.56,-1.52,-0.48,1.17,2,0,0
-0.6,2.15,1.53,0.46,-1.41,-2.14,0.37,1.4,2,0,0
0.34,-1.61,-0.01,-1.22,0.35,0.24,1.8,-2.25,2,0,0
-0.66,-1.38,-2.69,-1.83,0.09,-2.34,-1.42,2.53,2,0,0
0.45,0.81,-0.34,-1.1,0.4,0.7,1.64,-0.88,2,0,0
0.27,-4.26,-2.19,-2.83,-1.32,-0.92,-1.44,-2.17,2,0,0
1.54,-5.44,-1.39,-2.45,-0.46,2.61,-0.47,-1.71,2,0,0
-0.33,2.04,0.04,2.99,1.56,0.27,0.4,0.54,2,0,0
-0.63,-2.46,-0.25,0.52,-0.27,-1.44,-1.38,-1.54,2,0,0
0.06,-0.79,-0.44,-1.45,-0.44,-0.44,0.33,0.5,2,0,0
-0.43,-0.31,1.41,1.77,0.22,-0.37,0.33,-0.21,2,0,0
0.11,2.16,-1.46,-0.79,-2.03,-1.94,-2.01,4.6,2,0,0
1.04,-2.48,-3.91,-3.71,1.87,1.18,1.65,-3.29,2,0,0
-1.07,0.71,-0.3,-1.45,-0.15,-2.64,0.75,-1.76,2,0,0
-1.46,1.31,-1.1,-0.3,0.03,-3.21,-0.68,1.22,2,0,0
-1.02,-1.81,-1.75,0.95,-0.42,-2.33,-3.42,1.77,2,0,0
0.7,-2.38,-1.9,-1.27,-0.63,0.09,-1.09,-0.93,2,0,0
-1.21,4.37,0.28,3.43,2.66,-1.34,1.84,-0.43,2,0,0
1.14,-2.55,-0.13,-2.97,-2.72,1.28,-0.54,-1.1,2,0,0
0.55,-4.19,-0.45,-0.1,-0.48,1.38,-1.75,-1.43,2,0,0
-0.72,0.37,1.68,3.4,-1.38,-1.17,-2.08,2.06,2,0,0
-0.08,-2.37,-2.01,0.05,-0.66,-0.49,-3.09,-0.46,2,0,0
0.88,-0.67,-1.94,0.01,2.39,2.1,1.37,-2.9,2,0,0
-0.12,-3.0,1.32,0.11,-2.08,-0.53,-1.69,-1.17,2,0,0
-0.61,-0.09,1.59,0.61,1.18,0.07,1.97,-3.79,2,0,0
0.26,-1.31,-0.04,1.12,-0.01,0.69,-0.98,0.56,2,0,0
-0.19,0.4,1.85,4.24,0.18,0.98,-0.93,0.34,2,0,0
0.64,-2.4,-2.17,-2.07,1.02,1.09,0.59,-1.98,2,0,0
-0.18,-0.11,-0.88,-0.07,-2.34,-1.63,-2.63,2.2,2,0,0
-0.63,-2.58,-0.98,-1.0,-0.59,-2.1,-1.37,-0.46,2,0,0
-0.18,1.43,2.28,0.94,-1.31,-0.58,0.71,0.99,2,0,0
-0.54,-2.18,0.6,0.58,-0.92,-1.02,-1.75,-1.46,2,0,0
-0.25,-0.65,-0.19,0.03,-0.32,-0.64,-0.32,-0.56,2,0,0
0.52,-0.77,-1.71,-2.6,-0.2,0.54,0.5,-0.69,2,0,0
0.29,-2.58,-1.52,-1.55,-1.14,-0.02,-1.78,0.25,2,0,0
1.45,-1.27,0.36,-3.03,-1.46,1.88,1.58,-1.79,2,0,0
0.15,0.68,0.01,-0.84,0.08,-0.26,1.27,-0.26,2,0,0
-0.36,-0.82,0.09,-1.62,0.34,-0.66,1.79,-2.83,2,0,0
0.82,-6.32,-3.38,1.12,0.2,2.03,-5.02,1.6,2,0,0
0.35,-1.86,-0.82,-0.14,-0.68,0.14,-1.38,0.31,2,0,0
0.6,-1.16,-2.38,-1.09,1.23,1.68,-0.06,-1.81,2,0,0
-1.37,1.53,-0.39,0.18,0.94,-2.11,-0.09,1.55,2,0,0
0.92,-4.05,-1.04,-1.44,2.14,2.89,1.81,-5.31,2,0,0
-0.81,1.58,1.05,1.92,-0.6,-1.6,-0.48,0.05,2,0,0
-0.79,2.22,2.27,0.4,-1.29,-1.59,0.9,-0.97,2,0,0
-0.03,-4.25,-3.19,-0.84,-0.02,-0.78,-2.81,-2.99,2,0,0
0.48,1.92,-1.18,1.84,1.92,0.98,0.79,0.79,2,0,0
-0.21,-0.88,-0.18,0.97,0.35,-0.48,-0.38,-2.05,2,0,0
0.61,-2.28,-0.17,-0.39,-0.54,1.02,-0.29,-0.7,2,0,0
0.01,0.3,0.81,-0.08,1.48,0.4,3.27,-4.2,2,0,0
0.13,0.38,-2.18,-1.47,0.82,0.25,-0.22,0.2,2,0,0
0.67,-0.65,-0.35,1.05,0.47,1.77,0.13,-0.6,2,0,0
-0.44,-1.28,-0.15,0.46,-1.63,-1.66,-2.07,-0.33,2,0,0
0.55,-2.78,0.36,-0.99,-1.33,0.61,-0.22,-2.56,2,0,0
0.26,1.58,0.43,-0.3,0.51,-0.37,2.53,-0.56,2,0,0
0.38,-3.97,-2.17,-2.39,-1.04,-0.1,-1.81,-0.6,2,0,0
0.84,0.88,-0.31,-0.33,0.09,1.19,1.18,-0.08,2,0,0
-0.7,-2.23,-1.55,-1.24,-0.19,-1.86,-1.3,0.6,2,0,0
0.45,-1.61,-2.4,-3.03,0.16,-0.56,1.03,-1.07,2,0,0
-0.63,0.89,0.83,0.96,-0.77,-1.41,-0.26,0.86,2,0,0
0.13,-2.02,-1.82,-0.46,0.66,-0.31,0.0,-2.36,2,1,1
-1.82,1.99,2.07,3.98,-0.73,-3.78,-1.08,1.28,2,0,0
0.81,-0.94,-1.3,-1.27,-0.93,0.12,-0.75,-0.66,2,0,0
0.08,-3.04,-0.89,-1.85,-1.74,-0.45,-1.93,-1.38,2,0,0
-0.21,0.38,-1.37,2.48,0.85,-0.1,-2.12,1.72,2,0,0
0.64,-2.54,0.38,-0.42,-1.91,0.67,-1.16,0.43,2,0,0
2.25,-2.28,-2.66,-3.03,1.25,3.22,2.32,-1.05,2,0,0
-0.81,-1.6,-0.43,2.94,0.57,-1.45,-1.97,-0.4,2,0,0
1.14,-1.13,-1.09,-0.49,0.15,2.08,0.15,0.85,2,0,0
-0.18,-0.85,0.41,-1.42,-2.62,-1.62,-1.18,1.97,2,1,1
-0.02,-3.48,-0.94,-1.62,-1.5,-0.63,-2.2,-1.43,2,0,0
-1.29,3.56,4.04,1.47,-2.2,-2.43,0.86,1.32,2,0,0
0.43,0.73,0.93,0.09,-1.26,0.32,0.3,2.05,2,0,0
-0.06,-0.33,-1.85,-2.02,1.43,-0.7,1.61,-1.23,2,0,0
-0.29,-1.36,-0.09,0.14,-0.06,-0.91,-0.48,0.07,2,0,0
1.52,-3.04,-1.79,-1.4,-1.2,2.06,-1.68,0.94,2,0,0
1.42,-2.65,-4.23,-3.77,1.03,1.91,0.29,-0.94,2,0,0
0.13,1.57,0.29,-1.37,0.37,0.37,2.63,-0.97,2,0,0
-1.14,2.36,-0.99,-0.78,2.59,-2.09,2.99,-1.62,2,0,0
1.59,-2.24,-0.83,0.67,0.34,3.63,-0.61,-0.43,2,0,0
0.23,2.48,2.26,1.13,0.11,0.41,2.55,-0.31,2,0,0
-0.7,-1.69,1.6,0.59,-1.69,-1.7,-0.88,-1.89,2,0,0
-0.16,-0.44,1.81,1.62,-0.01,-0.04,0.3,-1.69,2,0,0
-0.68,2.06,0.22,1.2,-2.04,-2.54,-2.17,5.11,2,0,0
-1.49,-1.32,0.73,2.15,-2.02,-3.76,-3.37,2.67,2,0,0
0.19,-1.87,-1.75,-1.14,-0.7,-0.23,-2.01,1.67,2,0,0
0.02,1.81,0.61,-1.11,-0.43,-0.31,1.97,-1.47,2,0,0
0.14,3.57,2.29,1.41,1.32,1.26,4.07,-1.11,2,0,0
0.71,-2.19,-0.06,0.99,-0.39,1.89,-1.53,-1.15,2,0,0
-0.92,-0.7,-0.7,0.18,-0.69,-2.72,-1.52,1.25,2,0,0
-0.36,-2.03,-0.07,1.93,0.42,-0.05,-1.74,-2.54,2,0,0
0.75,-0.45,-2.44,-0.24,1.54,0.58,0.57,1.01,2,0,0
0.27,-1.97,-0.69,-0.01,-0.45,0.96,-1.58,-0.08,2,0,0
-0.59,-4.4,-1.56,-2.67,-2.05,-2.78,-2.39,-0.5,2,0,0
-0.28,-0.89,-2.86,-3.98,-0.07,-1.89,0.24,-0.68,2,0,0
-0.73,-2.19,-3.41,-2.34,-0.84,-3.12,-2.84,0.28,2,0,0
-0.96,1.11,0.69,-0.75,-1.73,-2.61,-0.59,0.46,2,0,0
-0.24,0.92,1.88,1.18,-0.15,-0.07,1.26,-0.15,2,0,0
-1.41,-0.42,1.31,-1.37,-1.35,-3.39,0.47,-0.95,2,0,0
-0.59,-0.65,1.31,-1.62,-1.42,-1.36,0.46,-2.85,2,0,0
-0.93,0.56,-0.05,-1.25,0.3,-2.75,1.74,-1.17,2,0,0
-1.01,-1.78,1.45,1.72,-0.08,-1.31,-0.64,-1.91,2,0,0
2.0,-3.5,-1.21,-1.31,-1.34,3.19,-1.03,0.72,2,0,0
1.15,-1.34,-0.63,0.94,1.34,2.68,0.89,-2.3,2,0,0
0.72,0.31,-0.1,1.24,0.85,1.53,0.69,0.82,2,0,0
-1.55,-2.48,-2.41,0.17,-0.09,-3.11,-3.67,0.4,2,0,0
1.0,0.87,0.92,-1.23,0.82,1.59,4.0,-2.64,2,0,0
0.89,-2.5,-0.04,1.47,0.25,2.17,-0.61,-1.47,2,0,0
0.82,0.38,-1.22,1.27,0.32,0.97,-0.63,3.36,2,0,0
0.64,3.74,-0.54,0.25,1.49,1.21,2.82,1.6,2,0,0
0.83,-1.18,-3.78,-2.83,1.84,0.62,0.87,-0.51,2,0,0
-1.62,2.16,1.94,1.38,-0.9,-3.07,-0.21,1.98,2,0,0
-1.02,-0.62,1.75,1.4,-1.68,-1.99,-1.4,-0.81,2,0,0
0.08,-4.5,-0.79,-1.19,-0.74,0.64,-1.8,-3.23,2,0,0
-1.19,-1.51,-0.49,0.21,-0.86,-2.56,-1.98,-0.55,2,0,0
-1.81,5.73,0.56,0.79,0.23,-4.68,1.97,0.89,2,0,0
0.45,-0.31,-1.76,-0.47,-1.14,-0.52,-2.09,2.23,2,0,0
0.02,0.45,2.21,3.95,0.28,1.23,0.11,-0.19,2,0,0
0.14,0.0,-1.38,0.06,1.65,0.31,0.98,-0.95,2,0,0
0.21,-0.47,-1.29,-1.45,-0.05,-0.18,0.14,-0.37,2,0,0
1.67,1.07,-0.42,-0.04,-0.3,2.86,0.68,1.28,2,0,0
1.98,1.08,-1.5,0.13,3.08,4.54,3.38,-1.12,2,0,0
1.11,-3.33,-3.97,-4.06,1.55,1.48,0.87,-3.24,2,0,0
-0.57,-0.51,-2.43,0.66,0.71,-1.4,-2.23,1.46,2,0,0
0.33,-1.3,-1.63,-1.1,1.37,0.29,1.89,-2.28,2,0,0
0.77,1.14,0.2,-0.92,-0.98,0.61,1.13,1.01,2,0,0
0.07,-3.3,-0.41,-0.79,-2.51,-0.64,-3.24,2.76,2,0,0
0.41,-2.06,-0.98,0.84,-0.91,0.55,-2.18,0.88,2,0,0
0.47,-2.84,-0.94,-0.53,0.58,1.05,0.07,-1.94,2,0,0
-1.07,0.98,2.34,3.06,-1.86,-1.98,-2.21,3.95,2,0,0
0.64,-2.45,-2.43,0.53,1.42,1.73,-1.15,-0.13,2,1,1
-0.65,-4.88,-1.25,0.33,-0.9,-1.38,-3.88,-0.67,2,0,0
2.08,-1.31,-3.15,-3.26,-0.0,3.07,0.3,1.67,2,0,0
0.71,-1.95,1.5,1.24,-0.76,1.48,-0.14,0.05,2,1,1
0.92,-3.22,-0.68,-1.45,-0.97,1.38,-0.59,-0.81,2,0,0
-1.76,-2.09,0.69,1.63,-1.26,-3.1,-3.24,-0.03,2,0,0
0.48,0.04,1.33,-0.25,-2.64,0.08,-0.8,2.28,2,0,0
-1.0,-0.99,-0.22,-0.17,-2.23,-2.59,-2.86,2.01,2,0,0
0.32,1.51,-0.1,1.95,3.09,1.88,2.64,-1.8,2,0,0
0.32,-4.19,-1.28,-1.93,1.01,0.31,1.03,-5.62,2,0,0
1.28,1.82,-1.23,-1.36,-0.96,0.99,0.44,3.54,2,0,0
-0.27,4.01,1.2,-1.39,-0.3,-1.67,3.49,0.65,2,0,0
0.59,-0.22,-2.29,0.34,2.55,1.51,1.2,-2.56,2,0,0
0.24,1.11,-1.5,1.32,2.38,0.6,1.39,-0.73,2,0,0
0.54,-1.0,-0.6,-0.62,0.03,0.95,-0.11,-1.35,2,0,0
-0.7,-1.2,-0.4,0.9,-0.01,-0.81,-1.28,0.81,2,0,0
0.55,-2.24,-2.22,-2.6,-1.54,-0.75,-1.77,1.96,2,0,0
-0.09,2.51,-2.17,-0.56,2.58,-0.65,2.69,-0.43,2,0,0
-0.54,-1.34,-1.86,-1.69,1.11,-1.17,0.29,-1.37,2,0,0
2.15,-3.29,-1.04,-1.82,-1.13,3.42,-0.42,-0.91,2,0,0
0.72,-1.32,-2.14,-1.31,-1.25,-0.39,-1.53,1.28,2,0,0
0.93,-3.38,-0.65,-2.64,-2.26,0.34,-1.28,1.94,2,0,0
1.17,1.66,0.33,-0.3,0.21,2.18,2.0,0.58,2,0,0
-1.1,-0.08,0.79,1.86,1.07,-1.51,0.56,-3.81,2,0,0
-0.82,-0.07,-1.03,0.83,-0.63,-2.41,-2.25,0.97,2,0,0
1.67,-0.58,-2.45,-1.11,0.41,2.53,0.13,0.87,2,0,0
1.39,0.56,-0.01,1.08,1.67,3.54,1.94,-0.57,2,0,0
1.49,-0.61,0.57,-1.15,-0.13,3.07,1.75,0.93,2,1,1
-0.63,-1.43,-2.22,-1.15,-0.38,-2.62,-1.56,1.88,2,0,0
0.43,-3.51,-2.83,-1.3,-0.58,-0.32,-2.4,0.09,2,0,0
1.38,1.11,0.32,0.4,0.38,2.93,1.88,-1.11,2,0,0
0.1,-3.0,-0.68,0.56,-2.3,-0.67,-3.72,0.48,2,1,1
0.38,1.41,0.01,-0.67,-0.73,-0.06,0.95,-0.28,2,0,0
-0.25,0.19,0.47,0.04,0.4,-0.6,1.16,-1.3,2,0,0
0.41,2.57,-0.12,-0.54,0.14,0.58,1.58,1.18,2,0,0
-0.45,-2.53,-2.11,-0.04,-2.34,-2.39,-4.87,2.29,2,0,0
-0.49,-0.79,0.71,0.48,0.12,-1.27,0.59,-2.31,2,0,0
1.21,1.49,-0.12,0.79,1.51,3.15,1.99,0.21,2,0,0
0.84,0.4,1.07,-0.64,0.18,1.83,2.56,-0.73,2,0,0
-0.17,-1.94,-1.58,-2.68,-0.8,-1.57,-0.3,-1.48,2,0,0
-0.09,0.35,-0.88,0.22,0.15,-0.04,-0.15,-1.86,2,0,0
-1.27,2.23,0.07,0.45,0.28,-2.76,0.68,0.31,2,0,0
0.22,-0.64,0.21,-1.85,-2.12,-0.02,-1.31,2.84,2,0,0
-0.48,3.3,1.03,-1.61,-1.88,-1.92,1.01,1.36,2,0,0
1.5,-0.75,-1.49,-0.3,1.33,2.69,1.63,-1.82,2,0,0
-1.55,-0.64,-0.58,-0.35,0.04,-2.75,-0.93,-1.09,2,0,0
0.82,0.81,1.33,1.57,0.82,1.73,2.2,-1.63,2,0,0
0.29,-2.85,-0.94,-1.96,-1.14,0.27,-1.4,0.48,2,0,0
0.53,1.07,0.65,0.45,1.59,1.08,3.05,-2.48,2,0,0
-0.1,4.06,2.99,3.98,0.89,0.76,2.47,1.24,2,0,0
0.41,1.21,-0.43,-0.15,0.84,0.61,1.54,-1.84,2,0,0
0.22,-2.18,0.99,0.76,-0.17,0.85,-0.19,-0.43,2,0,0
0.27,-1.62,-0.18,-0.28,-1.65,-0.22,-1.4,0.77,2,0,0
2.15,-1.18,-2.81,-1.11,0.54,3.26,-0.03,0.46,2,0,0
-0.18,0.76,-0.7,-1.09,-0.43,-1.67,0.56,-0.42,2,0,0
0.05,-3.26,-1.66,-0.84,-1.38,-0.75,-2.94,2.36,2,0,0
0.97,-1.05,-0.09,-0.91,-0.07,1.31,1.43,-0.88,2,0,0
-0.17,-0.98,1.9,1.56,-0.54,0.15,-0.09,-0.36,2,0,0
0.41,-7.22,-2.44,-5.07,-2.34,-0.53,-2.77,-1.09,2,0,0
-0.32,0.25,1.42,2.5,0.39,0.06,-0.05,-0.73,2,0,0
-0.02,0.46,-1.09,-1.18,0.34,-0.47,0.83,1.18,2,0,0
0.74,1.39,-0.52,1.05,0.26,0.76,0.42,1.34,2,0,0
-0.3,-1.02,1.43,-0.29,-1.81,-1.27,0.34,-0.56,2,0,0
1.11,-1.95,-0.86,-1.76,-0.93,0.92,0.52,-1.92,2,0,0
1.16,0.28,-1.34,-1.97,-0.07,1.17,1.55,-0.31,2,0,0
0.21,3.83,2.21,-1.57,-2.29,-1.36,2.79,2.12,2,0,0
0.72,-0.32,-2.08,-1.28,1.99,0.91,2.26,-1.6,2,0,0
0.73,0.78,-0.75,-2.42,-1.37,0.02,0.72,0.08,2,0,0
0.75,-1.4,-1.44,1.71,-0.02,1.58,-2.87,1.55,2,0,0
0.48,-1.13,-1.31,-2.25,-0.21,0.08,0.51,-0.48,2,0,0
0.69,-2.11,-3.19,-2.16,1.81,0.79,0.97,-4.78,2,0,0
0.77,1.5,-1.5,-1.4,-0.99,0.17,-0.17,2.18,2,0,0
0.37,-3.74,0.48,1.43,-1.77,1.49,-3.52,0.21,2,0,0
1.32,-2.82,-0.84,-0.72,-0.85,2.01,-0.5,-1.1,2,0,0
-0.4,0.62,-1.74,-0.23,0.47,-0.73,-0.84,-0.9,2,0,0
-0.23,3.06,0.68,2.15,0.87,-0.22,0.94,-0.21,2,0,0
-0.29,-1.05,0.77,-0.62,-1.25,-0.74,-0.43,-1.93,2,0,0
0.1,-1.98,-2.72,-3.63,0.36,-1.35,0.57,-1.09,2,0,0
0.27,-2.07,-0.53,-2.49,-0.47,-0.06,0.75,-1.79,2,0,0
0.3,-4.84,-2.34,-1.09,0.13,0.5,-2.29,-2.06,2,0,0
0.61,-2.39,-0.97,-2.45,-0.83,0.56,0.04,-1.64,2,0,0
-0.84,1.04,1.75,0.31,-2.52,-1.94,-1.74,2.88,2,0,0
0.09,2.66,-0.83,-0.86,1.3,-0.41,2.49,0.48,2,0,0
-0.18,3.83,-0.01,1.99,0.37,-0.67,0.6,2.39,2,0,0
-0.38,0.46,0.57,0.91,-0.12,-0.64,0.28,-0.88,2,0,0
-0.72,-0.09,1.07,0.8,-0.65,-1.85,-0.22,-0.41,2,0,0
0.77,-1.12,-2.25,-2.78,-0.27,0.07,0.35,-1.22,2,0,0
0.36,-2.93,-0.74,-1.6,-1.57,0.05,-1.48,0.57,2,0,0
-0.13,-3.97,-2.05,-0.19,0.77,-0.85,-1.28,-1.86,2,0,0
0.22,-4.88,-1.25,-3.19,-3.21,-1.21,-3.17,1.9,2,0,0
1.21,-3.1,-2.05,-1.62,2.15,2.64,1.56,-3.48,2,0,0
0.24,0.18,-1.07,0.68,1.72,0.53,1.35,-1.65,2,0,0
-0.07,1.52,0.03,1.13,1.82,0.38,2.08,-1.1,2,0,0
-1.05,1.25,-1.03,-0.64,-0.62,-3.1,-0.85,2.36,2,0,0
0.22,0.84,-0.4,1.72,2.25,1.1,2.11,-1.79,2,0,0
-0.52,-0.71,1.22,1.27,-2.71,-1.3,-2.65,0.87,2,0,0
1.45,0.1,-3.37,-1.64,1.67,2.35,0.79,0.69,2,0,0
0.94,-1.52,-1.35,-1.14,0.71,1.89,0.69,-2.29,2,0,0
0.33,-2.42,0.82,2.46,0.63,1.9,-0.79,-1.78,2,0,0
-0.41,-2.34,-1.64,-0.32,-0.63,-1.62,-1.99,0.15,2,0,0
-0.72,-1.62,-1.49,-0.72,-0.99,-2.25,-2.04,0.89,2,0,0
1.37,1.01,0.24,-0.28,-0.93,2.24,0.44,2.4,2,0,0
0.91,-0.89,0.19,-0.17,-0.74,1.8,-0.62,1.51,2,0,0
-0.7,2.35,-1.46,1.16,2.06,-1.47,0.88,-1.03,2,0,0
1.23,-1.0,-0.48,0.11,-1.32,2.16,-1.39,2.16,2,0,0
-0.24,-2.94,-3.19,-0.18,-0.45,-1.34,-3.79,2.04,2,0,0
-0.2,-1.37,-1.14,-0.39,0.28,-1.22,-0.07,-0.2,2,0,0
-0.75,0.96,-0.59,-0.6,-0.77,-2.59,-0.62,0.77,2,0,0
-0.44,-0.85,-1.13,1.46,-0.46,-1.81,-2.34,0.44,2,0,0
-1.54,-2.15,-0.62,-0.88,-1.35,-3.96,-2.1,-0.26,2,0,0
0.26,4.06,3.64,0.74,-1.32,0.64,2.69,1.42,2,0,0
-0.38,0.98,0.55,-1.37,-1.32,-1.4,0.41,1.33,2,0,0
0.38,-2.16,-1.57,-0.87,0.17,0.41,-0.79,-1.32,2,0,0
-0.73,-0.07,-2.22,-0.85,0.19,-2.36,-1.27,1.44,2,0,0
1.31,0.4,-2.09,0.78,1.69,2.32,0.62,-0.44,2,0,0
-0.02,4.6,2.74,1.13,0.41,0.21,3.95,-1.38,2,0,0
0.26,-2.73,-0.73,-3.28,-2.08,-1.0,-0.72,-0.16,2,0,0
0.53,-0.64,-0.72,0.11,0.2,0.83,-0.2,0.94,2,0,0
1.3,0.39,-1.3,-1.15,-0.15,1.69,0.59,1.02,2,0,0
0.36,1.03,1.88,2.27,-2.4,0.92,-1.94,2.77,2,0,0
-0.01,2.86,-0.78,-0.2,-0.28,-1.29,0.5,2.04,2,0,0
0.81,-0.96,0.82,0.99,-1.36,1.41,-0.86,-0.79,2,0,0
0.4,-1.66,-1.0,-2.1,0.05,0.27,0.94,-0.97,2,0,0
-1.33,-1.13,-1.0,-2.22,-1.87,-4.03,-2.07,0.71,2,0,0
1.03,-4.28,-2.69,-0.64,0.64,2.18,-1.89,-2.18,2,0,0
2.5,-2.67,-2.34,-4.17,0.32,3.51,2.29,-1.6,2,0,0
-0.35,-0.01,-1.1,-0.4,1.37,-0.85,1.08,-1.46,2,0,0
0.4,-0.28,-1.02,0.29,-0.22,0.31,-0.87,1.51,2,0,0
0.78,-0.18,0.93,0.17,1.03,1.38,2.95,-3.16,2,0,0
1.03,-0.54,-0.58,-0.69,1.43,2.28,1.98,-1.83,2,0,0
0.6,-1.26,-1.15,-1.5,-2.23,-0.36,-2.0,2.1,2,0,0
-0.13,2.2,0.92,0.49,0.0,-0.78,1.43,0.08,2,0,0
0.09,-0.04,1.4,1.06,0.36,0.38,1.67,-1.98,2,0,0
-0.35,-0.34,-1.14,-1.86,-1.26,-2.32,-0.78,-0.2,2,0,0
-0.17,0.52,2.11,1.2,-2.85,-1.66,-1.17,1.0,2,0,0
-0.0,-2.96,-1.45,-1.33,-0.16,-0.68,-0.79,-1.67,2,0,0
0.32,-0.63,-0.63,0.67,-0.77,0.05,-1.5,0.42,2,0,0
0.45,2.36,0.7,1.22,2.53,1.38,3.77,-0.38,2,0,0
0.64,-4.82,-1.0,-1.17,-1.33,0.8,-1.88,-0.73,2,0,0
-0.34,-0.63,-2.56,-1.05,1.73,-1.07,0.38,-1.19,2,0,0
0.09,0.33,-1.67,-1.29,2.11,0.13,1.98,0.0,2,0,0
0.22,-0.46,0.61,-0.63,-3.24,-0.81,-2.38,3.12,2,0,0
-0.25,-0.82,-2.27,1.37,0.85,-1.13,-1.54,1.6,2,0,0
0.7,-3.29,-0.25,-1.68,-0.86,0.74,-0.16,-1.53,2,0,0
0.66,-2.45,-0.81,0.56,0.86,2.02,-0.34,-0.69,2,0,0
-0.05,0.45,0.55,3.45,1.3,0.69,-0.09,-0.06,2,0,0
1.64,-3.67,-2.3,-4.47,0.91,2.63,2.32,-2.64,2,0,0
1.76,-1.58,-1.41,-0.96,0.5,3.68,0.0,0.16,2,0,0
-0.68,-1.46,-0.27,-1.2,-0.61,-1.98,-0.07,-2.0,2,0,0
-0.56,-1.07,-1.72,-1.23,-1.22,-1.98,-2.37,2.5,2,0,0
-0.32,-3.4,-1.91,-3.86,-0.91,-1.66,-0.59,-2.0,2,0,0
-0.71,-2.46,0.03,1.36,-1.5,-1.97,-2.76,0.5,2,0,0
0.06,3.07,-0.11,0.19,0.3,-0.43,1.19,1.19,2,0,0
0.42,-0.95,-0.5,4.05,1.56,1.76,-1.47,1.33,2,0,0
0.41,0.1,-1.58,-1.07,0.81,0.6,0.48,-0.25,2,0,0
0.25,-1.42,0.97,-1.43,-0.84,0.56,1.0,-1.38,2,0,0
-0.12,-2.09,-2.28,-0.02,0.87,-0.26,-1.23,-0.02,2,0,0
-0.81,-0.56,-0.41,0.81,-0.31,-2.29,-0.8,-0.63,2,0,0
0.09,-4.27,-4.21,-2.26,0.13,-0.64,-2.86,-2.5,2,0,0
1.58,1.07,-0.39,-0.75,0.85,2.75,2.55,-1.2,2,0,0
0.82,1.14,0.16,1.1,1.77,2.08,2.24,-1.72,2,0,0
1.11,-2.5,-2.22,0.82,0.66,2.42,-2.08,0.19,2,0,0
-0.04,0.11,2.41,0.99,-2.0,-0.08,-0.63,1.77,2,0,0
-0.76,-1.34,0.68,1.72,-0.59,-1.18,-1.97,-0.9,2,0,0
-0.24,-0.42,0.07,2.08,2.32,0.42,1.56,-4.2,2,0,0
0.29,-2.43,1.71,-1.13,-1.79,0.34,-0.01,-0.99,2,0,0
-0.59,1.35,0.61,1.29,-0.14,-1.08,-0.12,0.69,2,0,0
1.06,0.25,-0.04,-1.76,-1.09,0.86,1.2,-1.43,2,0,0
0.48,-3.19,-1.04,-1.66,-2.48,-0.7,-2.45,-0.6,2,0,0
0.2,2.2,1.73,1.4,0.1,0.77,2.06,-0.07,2,0,0
0.78,-1.83,-1.49,-1.79,-0.72,0.93,-0.45,-0.8,2,0,0
0.81,-2.0,0.16,-0.23,-0.69,1.55,-0.27,-0.36,2,0,0
-0.34,1.08,2.8,1.79,-1.8,-0.93,-0.02,0.53,2,0,0
1.09,-0.97,0.02,-2.15,-2.8,0.75,-1.0,2.58,2,0,0
-0.35,-1.07,-0.44,0.85,0.33,-1.03,-0.5,-0.64,2,1,1
1.4,-1.62,-2.72,-2.0,0.31,2.19,-0.3,0.63,2,0,0
-0.67,-7.4,-2.33,-3.27,-1.3,-1.89,-3.27,-3.11,2,0,0
0.98,-0.02,-1.78,0.02,0.98,1.81,0.41,0.15,2,0,0
-0.44,-1.19,0.63,0.47,-1.46,-1.7,-1.08,1.49,2,0,0
0.99,-2.32,-1.76,-0.18,0.1,2.03,-1.55,-0.12,2,0,0
-1.0,2.88,-0.26,2.07,0.63,-1.84,-0.64,2.79,2,0,0
0.14,-2.6,-1.61,0.46,1.33,0.65,-0.29,-2.41,2,0,0
-0.05,1.64,2.05,1.5,0.1,-0.31,2.13,-1.15,2,0,0
-0.31,-1.05,1.92,0.82,-2.32,-1.34,-0.83,-0.48,2,0,0
-0.38,-1.57,-1.66,-0.15,-0.41,-1.36,-2.08,0.48,2,0,0
0.84,-1.06,-0.88,1.11,1.24,2.07,0.11,-0.35,2,1,1
1.95,-1.92,0.23,-0.4,0.78,4.06,2.16,-2.23,2,0,0
0.42,-0.72,-3.58,-2.23,0.45,-0.1,-0.98,1.29,2,0,0
-0.17,2.17,-0.04,2.84,1.12,0.57,-0.43,0.58,2,0,0
0.04,2.71,0.56,-0.51,0.43,-0.32,2.86,-1.34,2,0,0
-1.03,-3.45,-0.26,-0.57,-1.75,-2.98,-2.67,0.47,2,0,0
1.06,1.49,-0.83,1.95,3.58,3.44,2.86,-1.65,2,0,0
-1.01,-4.77,0.5,-1.3,-4.52,-3.16,-5.1,0.78,2,0,0
0.13,-0.81,-1.12,-1.01,0.48,-0.31,0.45,0.01,2,0,0
-0.22,-1.86,-1.85,-2.92,-2.79,-2.75,-2.17,1.5,2,0,0
0.0,-4.1,-3.53,-0.8,1.17,0.01,-2.15,-1.42,2,0,0
-0.12,0.03,-2.36,-1.94,0.28,-1.75,0.33,1.27,2,0,0
-2.01,-0.89,2.47,0.47,-2.5,-4.81,-1.42,-1.45,2,0,0
-0.54,1.22,2.34,1.49,0.06,-0.06,1.35,-0.47,2,0,0
-1.51,0.88,0.83,3.12,-0.71,-2.8,-2.44,1.95,2,0,0
1.54,3.03,-0.03,-0.59,1.32,3.06,3.71,1.62,2,0,0
-1.26,0.05,0.44,0.44,-1.35,-3.52,-0.95,-1.08,2,0,0
-0.86,0.44,1.34,1.08,-0.08,-1.16,0.37,-0.19,2,0,0
-0.25,1.82,1.86,0.9,2.27,0.48,4.2,-1.79,2,0,0
1.97,-3.17,-3.28,-2.63,1.06,3.24,0.33,-2.39,2,0,0
-1.39,0.17,1.59,-1.12,-1.09,-3.15,0.84,-1.06,2,0,0
0.32,-0.02,-2.22,-0.76,3.43,0.92,2.87,-2.38,2,0,0
-0.93,2.84,1.3,0.37,-1.39,-2.49,0.11,2.5,2,0,0
-1.08,2.06,-1.65,-1.15,-1.49,-4.64,-1.26,2.78,2,0,0
0.24,0.58,1.31,1.04,-0.55,0.1,0.66,0.28,2,0,0
0.4,-0.23,3.24,0.93,-1.28,1.1,1.24,-1.16,2,0,0
-0.19,4.84,2.56,-0.56,-1.47,-1.14,3.19,1.07,2,0,0
-0.08,2.55,0.05,2.15,-0.1,-0.24,-0.5,1.03,2,0,0
-0.0,-1.87,0.74,-1.82,-2.41,-0.85,-0.46,-0.2,2,0,0
0.43,0.33,-0.07,-2.84,-2.13,-0.69,0.61,0.06,2,0,0
-0.26,-0.35,-0.51,-0.96,0.2,-0.96,0.65,-0.09,2,0,0
1.88,-3.04,-1.1,-0.31,0.45,3.96,0.23,-1.76,2,0,0
-0.38,-0.05,-0.66,1.84,-0.79,-0.56,-2.81,0.67,2,0,0
-0.47,2.07,0.9,-0.42,-0.15,-1.66,2.24,-1.3,2,0,0
-0.78,4.72,2.66,1.23,-1.45,-2.29,1.7,2.75,2,0,0
0.6,0.39,0.45,-1.04,-0.63,0.21,1.84,-2.06,2,0,0
-0.41,1.01,-0.28,-1.37,-0.07,-1.69,1.29,-0.21,2,0,0
-2.09,2.49,-0.49,1.85,-0.42,-4.72,-1.92,1.9,2,0,0
-0.09,0.53,-0.71,-0.33,0.25,-0.63,0.77,0.24,2,0,0
0.2,3.08,-1.72,-1.2,1.64,-0.44,2.47,0.88,2,0,0
-1.44,-0.04,0.4,1.08,-0.36,-3.43,-0.67,0.09,2,0,0
-1.35,0.36,3.02,-0.71,-1.05,-2.91,2.45,-3.18,2,0,0
0.44,1.22,-1.07,-1.65,1.0,0.46,2.36,-1.83,2,0,0
1.01,-1.6,0.13,-2.91,-1.42,0.87,1.29,-2.56,2,0,0
0.82,-3.41,-4.18,-1.5,1.4,1.22,-1.34,-1.32,2,0,0
0.16,1.5,-0.25,-1.81,-0.18,-0.27,1.75,-2.06,2,0,0
0.97,-0.18,0.74,-0.04,-0.63,1.82,0.87,0.83,2,0,0
-0.59,2.29,2.05,2.3,-1.71,-1.66,-0.73,4.26,2,0,0
0.04,-1.39,-2.79,-2.76,-0.69,-1.29,-1.41,-0.3,2,0,0
-2.03,-0.63,2.48,2.1,-1.89,-3.4,-2.21,1.58,2,0,0
-0.83,-0.49,0.75,-1.34,-2.7,-2.51,-1.54,2.34,2,0,0
-0.3,1.65,0.89,0.4,-0.75,-0.68,0.18,0.0,2,0,0
0.12,-1.85,-0.19,-1.97,0.31,0.41,1.18,-1.14,2,0,0
0.33,-3.03,-1.1,-2.06,-1.89,-0.12,-1.94,1.55,2,0,0
0.49,-0.63,0.66,0.83,-1.35,0.82,-1.13,1.55,2,0,0
-0.17,-1.42,-1.0,-0.69,1.86,0.32,1.19,-2.77,2,0,0
0.77,-0.8,-0.13,-0.39,-2.02,0.28,-1.67,2.88,2,0,0
0.32,0.31,-0.57,0.85,-0.27,0.73,-1.18,2.63,2,0,0
0.05,0.53,-0.58,-1.33,-1.78,-1.58,-0.57,2.09,2,0,0
-0.61,0.18,-1.32,-0.07,1.62,-0.98,0.86,-1.55,2,0,0
-0.03,0.17,1.34,0.86,-0.19,-0.16,1.09,-1.64,2,0,0
1.34,1.06,0.33,1.29,0.3,2.91,0.6,1.47,2,0,0
-0.6,1.36,-0.8,-1.25,0.61,-2.01,1.41,-0.2,2,0,0
1.1,-4.12,-1.7,2.45,1.27,3.33,-2.31,-0.59,2,0,0
-0.82,0.89,0.84,1.42,-0.45,-2.04,-0.21,1.22,2,0,0
-0.39,-0.91,0.18,1.36,-0.27,-0.19,-1.68,1.33,2,0,0
-0.02,-0.61,1.72,-1.48,-1.55,-0.82,1.35,-0.75,2,0,0
0.87,-3.36,-2.15,-2.4,-0.92,0.63,-1.2,-1.31,2,0,0
1.15,-2.16,-2.6,-2.01,0.02,0.79,-0.0,0.28,2,0,0
0.21,-2.32,-0.41,2.18,-0.4,0.2,-2.25,-0.31,2,0,0
0.61,3.22,0.31,1.78,3.5,1.86,4.91,-2.93,2,0,0
0.93,-0.86,-0.26,-0.72,-0.46,1.73,0.4,-1.42,2,0,0
1.13,-3.79,0.25,1.04,-1.38,2.45,-2.43,-0.11,2,0,0
1.45,3.12,-1.07,-1.64,-0.05,1.61,2.45,0.54,2,0,0
0.72,-1.28,-2.03,-2.34,1.04,1.64,1.01,-1.03,2,0,0
1.55,-0.26,-0.58,-1.58,1.85,2.73,4.1,-4.11,2,0,0
-0.26,5.21,1.93,2.83,-0.55,-0.38,0.92,2.81,2,0,0
2.31,2.3,-0.31,0.6,0.74,4.32,1.81,1.99,2,0,0
-0.29,0.78,0.32,0.34,-1.19,-1.12,-0.56,1.74,2,0,0
1.08,-1.46,-1.82,-0.94,1.8,1.65,2.1,-3.07,2,1,1
0.37,1.86,1.24,1.71,-0.71,0.73,0.28,1.41,2,0,0
-0.19,3.84,1.94,-0.03,0.38,-0.52,3.57,-1.17,2,0,0
-1.11,-2.42,0.03,-0.94,-0.84,-2.13,-1.47,-0.09,2,0,0
0.05,-0.71,-1.77,-1.46,-0.35,-1.18,-0.85,0.67,2,0,0
0.48,-2.75,-0.8,0.08,1.16,1.25,0.36,-3.23,2,0,0
-1.21,1.67,-1.69,-2.28,1.09,-3.45,2.18,-1.9,2,0,0
-0.57,1.02,-0.47,1.7,-0.45,-1.39,-1.95,2.29,2,0,0
2.1,3.53,1.18,2.4,3.0,5.12,4.9,-0.64,2,0,0
-0.81,0.32,0.37,-0.63,-1.05,-1.92,-0.27,-1.36,2,0,0
0.77,1.51,-2.88,-4.54,1.09,0.01,2.89,-1.37,2,0,0
0.04,-1.14,-0.81,-1.78,-0.82,-1.44,0.27,0.43,2,0,0
-2.17,1.4,1.71,1.76,-0.44,-3.74,-0.85,0.55,2,0,0
-0.13,-0.26,-2.96,-1.5,0.79,-1.56,-0.02,-0.27,2,0,0
-0.4,-3.15,1.58,-0.55,-1.89,-0.93,-0.82,-1.28,2,0,0
0.93,-1.15,-2.93,-0.66,1.1,1.58,-0.8,0.14,2,0,0
1.06,-0.11,-1.41,0.89,0.3,1.85,-0.71,3.03,2,0,0
0.9,-3.22,-1.4,-2.17,-0.66,1.51,-0.76,-1.66,2,0,0
-0.46,2.0,2.28,1.58,0.6,-0.65,2.58,-0.28,2,0,0
0.21,-0.31,0.26,-4.56,-0.76,-0.84,3.62,-2.71,2,0,0
0.05,-1.13,0.95,-0.43,-0.24,0.45,0.94,-0.48,2,0,0
-0.16,1.94,0.79,-0.83,-0.41,-0.53,1.42,1.12,2,0,0
0.4,0.2,-0.99,-0.5,0.68,0.71,0.81,-0.99,2,0,0
1.72,2.43,0.15,-0.62,2.57,3.88,5.42,-3.21,2,0,0
1.0,-0.4,-0.65,-2.63,-0.99,1.18,0.77,0.61,2,0,0
-0.08,0.77,-1.39,0.2,1.0,-0.57,0.08,1.51,2,0,0
-0.36,3.68,2.07,2.65,-0.49,-0.5,0.53,1.82,2,0,0
-0.85,-0.71,-0.65,1.36,-1.43,-2.09,-3.58,0.04,2,0,0
-0.17,-0.49,-0.72,0.85,0.68,-0.27,-0.41,-0.65,2,0,0
0.7,-1.22,-0.3,-0.69,2.09,2.29,2.98,-3.74,2,1,1
1.92,-1.77,-2.49,-2.65,-0.22,3.08,-0.26,-0.4,2,0,0
-0.38,-0.56,-0.31,0.78,1.22,-0.5,0.66,-1.96,2,0,0
2.29,-2.82,-2.05,-1.96,0.06,3.83,0.37,0.44,2,0,0
-0.68,2.6,-0.03,0.09,0.62,-1.41,1.36,0.87,2,0,0
-0.69,-0.48,0.87,2.48,-1.47,-1.49,-2.68,1.9,2,0,0
0.88,-1.14,-2.8,-0.14,2.98,2.5,1.41,-2.58,2,0,0
-0.27,-0.12,-0.47,2.13,1.35,0.28,-0.28,-1.04,2,0,0
-0.96,0.51,0.85,1.74,-0.82,-2.25,-1.06,0.36,2,0,0
0.71,-2.2,-2.9,-3.07,0.2,0.31,-0.09,-1.13,2,0,0
0.54,-2.41,-2.03,-0.67,0.15,0.44,-0.94,-1.17,2,0,0
0.98,1.86,0.98,-1.97,-0.75,0.85,3.25,-0.13,2,0,0
-0.47,-3.89,-0.54,-1.88,-0.61,-1.17,-0.98,-1.28,2,0,0
-0.18,-4.87,-0.68,-0.81,-2.1,-0.72,-3.31,-1.33,2,0,0
1.16,-0.72,-1.78,-0.57,0.85,1.93,0.75,1.23,2,0,0
1.62,1.23,-0.46,-0.97,0.87,3.15,2.53,-0.62,2,0,0
0.47,-2.07,-3.17,-1.51,-0.87,-1.08,-2.28,0.3,2,0,0
-1.28,0.85,-0.84,0.84,-0.21,-3.22,-1.39,1.84,2,0,0
0.19,0.27,-1.06,1.31,1.41,0.5,0.51,-1.52,2,0,0
0.64,1.57,2.84,-0.27,-1.62,1.21,1.75,-0.57,2,0,0
-0.15,1.56,0.04,1.61,0.49,0.01,0.22,0.18,2,0,0
0.13,-2.11,-2.41,-4.17,-0.07,-1.83,1.14,-1.77,2,0,0
-1.03,2.03,-0.97,-0.65,-0.51,-3.22,-0.41,1.52,2,0,0
0.13,-1.82,-1.61,-0.11,-0.43,0.01,-2.07,1.33,2,0,0
-1.21,5.08,0.24,-0.99,0.7,-3.15,2.95,-0.68,2,0,0
-1.07,-2.19,-1.52,-1.84,-1.48,-3.61,-2.17,-0.06,2,0,0
1.5,-3.26,-1.42,-3.26,-0.27,2.49,0.65,-1.41,2,0,0
1.32,-1.37,-1.66,0.03,0.82,2.83,-0.31,-0.5,2,0,0
1.14,1.6,0.1,0.37,2.22,2.59,3.91,-0.51,2,0,0
-0.21,0.93,0.37,-1.41,-1.45,-1.81,0.72,0.49,2,0,0
0.32,3.65,-1.47,1.64,2.71,0.65,1.94,1.35,2,0,0
0.11,-2.34,-1.9,-0.24,0.81,-0.23,-0.39,-1.95,2,0,0
0.24,1.06,0.98,-1.42,-1.77,-0.62,1.18,-0.57,2,0,0
0.3,-0.66,-0.23,-0.97,-0.86,0.07,-0.04,-0.54,2,0,0
-0.56,0.56,-1.54,-0.83,-0.31,-2.1,-0.46,0.68,2,0,0
1.34,0.36,1.06,-0.79,-0.96,2.38,1.45,1.16,2,0,0
2.03,-1.06,0.76,2.5,2.05,5.46,1.95,-1.44,2,0,0
0.9,1.59,-1.28,0.08,1.08,1.52,1.02,1.83,2,0,0
0.29,-1.75,-0.04,0.48,-0.94,0.16,-1.17,0.71,2,0,0
0.78,-0.9,-1.91,-1.17,0.98,1.04,0.79,-0.96,2,0,0
-0.35,-1.08,1.27,0.3,-1.4,-1.05,-0.49,-1.11,2,0,0
