@relation SyntheticData-N_1200-D_8-Nmin_100-Zmin_8-CL_2_3-R_0
@attribute X0 real [-7.55, 6.48]
@attribute X1 real [-5.35, 4.75]
@attribute X2 real [-5.62, 6.76]
@attribute X3 real [-4.95, 7.19]
@attribute X4 real [-5.32, 4.45]
@attribute X5 real [-5.59, 5.77]
@attribute X6 real [-5.91, 5.35]
@attribute X7 real [-5.00, 6.70]
@attribute cluster_idx {0,1,2,3,4}
@attribute is_noise {0,1}
@attribute Class {0,1}
@inputs X0,X1,X2,X3,X4,X5,X6,X7,cluster_idx,is_noise
@output Class
@data
2.49,-1.25,0.4,-0.01,-1.46,0.54,-1.08,-0.64,0,0,1
1.02,1.44,-1.47,0.64,0.4,-0.86,1.14,0.45,0,0,1
-0.5,0.62,-0.33,-2.62,-1.87,0.2,-0.4,-1.34,0,0,1
-0.28,-3.64,-3.71,1.52,-0.61,2.85,0.96,-1.78,0,0,1
-1.78,1.67,-0.84,0.2,0.19,0.3,1.49,0.67,0,0,1
-1.89,-0.41,-1.07,0.38,0.18,0.24,-1.46,0.76,0,0,1
3.42,1.68,-1.04,-2.12,-5.2,2.08,0.45,-3.09,0,0,1
2.44,-2.85,-0.32,-1.61,-3.32,-1.18,-3.94,-0.23,0,0,1
-0.47,0.26,-0.59,-0.77,-0.28,0.39,0.98,-0.57,0,0,1
-3.5,-0.02,2.13,-0.69,0.8,0.28,-0.73,1.53,0,0,1
2.79,2.1,0.69,3.55,1.44,0.46,0.76,1.54,0,0,1
0.94,2.2,2.34,-1.56,-1.13,-0.09,1.35,-0.07,0,0,1
0.57,-1.27,-0.13,0.56,-0.87,0.04,-0.95,0.71,0,0,1
-2.44,0.14,-0.77,-0.71,-1.47,1.5,-1.0,-0.16,0,0,1
-0.93,-2.47,-3.27,0.41,1.78,1.19,0.56,-1.86,0,0,1
1.12,-2.11,1.12,2.35,2.01,-0.95,-3.35,2.15,0,0,1
0.87,0.04,1.59,-1.55,-0.26,-1.53,-2.0,0.43,0,0,1
-0.63,-1.63,1.29,-1.94,-1.93,-0.07,-3.68,0.09,0,0,1
0.08,-2.48,-0.18,1.52,-0.89,0.86,-0.77,1.08,0,0,1
0.47,-0.61,-0.42,-1.11,-3.16,1.99,-0.5,-1.48,0,0,1
-1.62,1.47,2.82,-2.34,1.55,0.47,0.39,-0.87,0,0,1
-2.46,-0.62,-0.29,1.22,3.37,-1.11,-0.97,1.95,0,0,1
-1.77,-1.92,0.88,-2.65,-1.93,0.35,-2.45,-0.5,0,0,1
-0.26,-0.21,3.69,-2.56,1.24,-1.16,-0.81,-0.0,0,0,1
0.98,-0.83,-1.24,-1.42,-1.03,-0.59,0.41,-1.02,0,0,1
-1.87,1.4,-1.26,-1.11,0.75,-0.59,3.11,-0.06,0,0,1
0.66,1.66,-0.18,3.03,3.78,-0.07,3.05,1.25,0,0,1
-1.46,0.76,-0.13,-1.51,1.2,-2.21,0.65,0.92,0,0,1
-1.68,0.27,-3.34,1.66,-1.04,1.52,0.92,0.4,0,0,1
0.77,3.56,0.61,-1.71,-0.5,-0.33,2.7,-0.73,0,0,1
0.52,1.26,3.31,-2.36,0.96,-0.07,1.87,-0.97,0,0,1
0.88,-0.95,-1.84,1.29,2.09,-2.35,-1.9,1.36,0,0,1
2.14,0.51,3.37,-3.83,-1.03,0.19,-0.75,-2.49,0,0,1
4.1,1.15,-1.12,4.36,0.19,0.63,0.03,1.21,0,0,1
2.1,2.07,1.87,-0.55,2.72,-2.78,0.97,0.82,0,0,1
1.98,-0.54,3.8,-1.25,1.8,-1.59,-1.83,0.31,0,0,1
-1.46,-0.01,-4.72,-1.8,-1.53,-1.87,1.21,-0.29,0,0,1
1.77,0.33,-0.77,3.17,1.1,-0.34,0.87,1.81,0,0,1
1.1,-0.61,-2.45,-1.61,-2.08,-0.43,0.49,-1.36,0,0,1
-2.09,-0.39,0.02,1.87,-0.83,2.22,-0.85,1.37,0,0,1
0.18,-0.81,0.93,-1.03,-1.51,0.78,-2.82,-0.41,0,0,1
-1.33,-1.07,-1.33,1.1,0.86,1.15,-0.59,0.11,0,0,1
0.85,-0.2,0.52,0.67,0.54,1.19,0.55,-0.47,0,0,1
2.3,-0.13,0.75,0.2,-2.82,0.76,-4.54,0.15,0,0,1
-0.03,-0.34,-1.65,-0.81,0.58,0.07,2.05,-1.26,0,0,1
0.7,0.72,-0.38,2.45,2.45,-2.35,-0.01,2.94,0,0,1
2.6,1.44,-0.37,-0.52,-1.02,-1.18,1.22,-0.06,0,0,1
2.34,-0.09,1.71,0.24,-1.65,0.93,-2.0,-0.07,0,0,1
-4.1,0.99,-2.18,0.74,0.79,-0.91,0.78,2.37,0,0,1
-0.34,2.4,1.18,0.25,0.37,0.71,0.79,0.46,0,0,1
-0.35,-1.65,2.05,0.53,-0.69,0.79,0.04,-0.24,1,0,1
0.87,0.78,2.09,-4.35,-2.02,2.28,-1.54,0.81,1,0,1
-1.19,0.98,-0.39,-0.18,-1.63,0.79,-0.3,-1.0,1,0,1
-0.38,0.07,2.73,-1.09,-2.99,3.74,0.08,-2.31,1,0,1
-3.83,-0.03,1.66,1.27,-1.0,3.01,-1.91,-1.27,1,0,1
1.61,-0.59,0.55,-0.44,0.09,0.61,0.95,-0.38,1,0,1
-0.05,2.69,0.21,-3.13,-1.55,1.21,-1.46,-1.37,1,0,1
-2.55,-0.21,-3.81,5.1,3.28,-3.22,0.03,0.45,1,0,1
-0.29,0.07,0.38,0.08,-1.44,1.21,-1.43,-0.5,1,0,1
0.32,-0.08,2.01,-0.88,-1.25,0.53,1.24,-1.37,1,0,1
1.35,0.32,-0.16,-2.27,0.25,-0.27,-2.62,1.76,1,0,1
-0.13,2.64,1.48,-3.36,-0.84,1.71,0.9,-1.79,1,0,1
0.05,1.81,0.35,-2.51,-0.05,2.1,-0.83,-1.07,1,0,1
3.71,-4.04,5.54,-2.44,-2.06,2.35,-1.94,1.26,1,0,1
1.98,-2.76,2.4,-0.34,-2.7,1.75,-0.17,0.46,1,0,1
1.04,0.85,-0.37,-1.91,-0.33,1.03,-1.78,-0.23,1,0,1
0.05,2.39,-3.27,0.39,0.24,-1.5,-1.69,-0.45,1,0,1
0.72,0.27,-1.01,1.87,0.4,-0.96,1.73,-1.4,1,0,1
2.39,0.73,-0.21,-2.42,1.42,-1.85,-0.1,1.91,1,0,1
-1.4,-2.66,1.65,2.77,-1.6,1.12,0.09,-0.07,1,0,1
-2.07,0.76,1.67,-0.73,1.17,-0.02,0.64,-0.31,1,0,1
-1.76,-0.37,-0.09,1.01,2.84,-0.75,0.03,0.75,1,0,1
3.1,0.97,-0.88,-1.27,-0.9,-0.89,0.29,-0.42,1,0,1
0.79,-1.57,-1.14,1.82,-0.4,-1.16,0.56,1.63,1,0,1
-2.3,-1.52,2.64,0.26,-2.13,3.36,-2.66,-0.22,1,0,1
1.56,2.41,-3.72,-0.39,0.61,-2.09,1.38,-0.66,1,0,1
-0.99,0.87,1.82,-1.85,-2.7,2.32,-0.03,-1.44,1,0,1
-0.42,-2.92,1.02,2.71,0.63,1.94,-3.24,1.02,1,1,0
1.99,-1.1,-0.03,0.4,0.25,-1.03,-1.32,0.84,1,0,1
2.29,-2.95,1.29,0.53,2.04,-1.71,-0.84,2.24,1,0,1
1.82,2.45,-1.04,-1.89,-0.76,-0.17,0.65,-1.31,1,0,1
0.9,-1.09,2.3,-1.4,-0.31,0.29,-0.26,1.02,1,0,1
1.15,-1.0,-0.22,0.78,1.51,-1.27,0.36,1.22,1,0,1
2.06,-1.65,2.55,-0.65,-0.41,-0.19,0.55,0.37,1,0,1
4.21,-2.25,4.56,-3.55,-0.73,1.35,-0.83,0.64,1,0,1
0.37,2.64,-1.51,-2.85,-0.37,-1.31,0.71,0.39,1,0,1
-3.33,0.93,-1.53,2.46,0.91,-0.34,3.35,-1.28,1,0,1
-3.25,1.71,-0.91,1.8,2.51,-0.03,1.55,-2.12,1,0,1
-2.32,-3.1,2.7,2.29,0.24,4.0,-3.29,-0.4,1,0,1
-2.67,0.62,-0.3,2.6,1.94,-0.36,0.75,-1.84,1,0,1
1.34,-0.05,-0.11,-0.51,1.54,-1.81,-0.28,0.87,1,0,1
3.06,0.29,-0.63,-2.08,-0.15,-1.04,-2.77,1.03,1,0,1
-3.01,2.82,-2.04,1.17,0.43,0.8,0.68,-1.81,1,0,1
0.26,-0.55,1.02,-0.69,0.35,0.68,1.53,-0.23,1,0,1
-0.08,-2.83,2.14,-0.56,2.14,-1.39,-0.35,3.06,1,0,1
1.42,-1.27,4.51,-3.45,-3.92,2.18,0.65,-0.3,1,0,1
-1.47,0.29,-1.52,2.98,2.26,-0.02,-0.07,-0.88,1,0,1
3.32,1.43,-0.64,-4.77,0.1,-0.86,-1.98,1.58,1,0,1
-2.94,0.7,-0.86,2.16,2.52,0.61,-0.84,-1.17,1,0,1
-0.52,1.67,0.65,-1.69,1.52,1.31,-1.88,-0.4,1,0,1
-0.1,0.4,0.42,0.21,-0.77,-1.4,-1.19,-1.06,2,0,0
-1.05,-1.65,-0.27,1.42,3.93,-0.25,-0.84,1.77,2,0,0
1.89,-0.22,0.37,-0.78,0.06,-1.84,-2.03,-0.71,2,0,0
1.92,-2.55,1.13,-1.14,1.34,-1.24,-0.54,-1.72,2,0,0
3.53,0.13,0.44,1.27,1.55,1.68,-0.75,1.41,2,0,0
3.16,0.33,-1.06,-0.44,-1.15,0.45,-1.1,1.13,2,0,0
0.28,-1.04,1.58,0.5,0.29,-2.7,-0.4,-1.52,2,0,0
-0.91,-0.27,1.65,0.22,-1.57,-1.2,0.52,-1.36,2,0,0
1.17,1.09,2.43,1.56,-1.01,-0.59,-0.35,-1.98,2,0,0
1.87,2.42,0.49,-0.01,-1.59,-0.35,0.2,1.35,2,0,0
0.82,0.69,-4.06,-2.68,-0.06,0.34,-3.9,3.88,2,0,0
2.59,-0.06,-1.22,0.48,1.05,1.24,-1.49,1.96,2,0,0
1.83,-0.37,1.99,-1.39,-1.75,1.34,0.23,-1.53,2,0,0
0.34,-0.15,0.96,0.25,0.53,-0.93,-0.59,0.04,2,0,0
0.91,-1.98,0.11,-0.04,1.45,-4.84,-1.88,-1.68,2,0,0
-1.53,-2.33,3.03,-1.15,2.39,-0.04,0.85,-1.56,2,0,0
-1.24,-0.32,-0.2,-0.41,1.4,-2.01,-1.68,0.34,2,1,1
0.42,-0.76,2.88,0.5,0.42,-2.98,0.5,-2.29,2,0,0
-1.05,0.13,-0.12,-0.37,0.27,-1.01,-1.31,0.18,2,0,0
0.11,2.16,-0.04,3.27,-2.07,-0.44,0.03,0.47,2,0,0
0.25,2.28,-0.2,-0.79,-1.95,-0.44,-0.98,0.84,2,0,0
0.61,0.54,2.08,-1.42,-0.7,-1.62,0.06,-1.35,2,0,0
1.14,-0.0,2.11,-0.02,-1.16,0.65,0.41,-1.84,2,0,0
0.07,0.15,-0.56,-4.14,0.01,1.44,-0.53,2.8,2,0,0
2.25,2.64,0.54,-3.47,-3.78,1.82,-1.33,-0.21,2,0,0
0.73,0.25,1.21,-4.13,-0.5,-1.22,-1.23,0.15,2,0,0
2.47,1.7,-0.08,-2.7,-2.23,3.19,-1.17,1.58,2,0,0
-2.15,1.14,-0.18,-1.96,-2.27,-0.12,-1.63,-0.43,2,0,0
-2.68,0.85,0.08,2.1,0.34,1.11,-1.01,0.61,2,0,0
0.18,-1.42,3.75,0.29,0.7,-1.13,0.37,-3.73,2,0,0
3.06,0.0,-1.44,-2.39,0.04,4.45,-2.19,2.42,2,0,0
-0.62,0.87,4.36,-1.18,-2.48,3.23,3.43,-1.58,2,0,0
2.21,2.09,1.07,-0.22,-1.75,0.42,0.02,0.77,2,0,0
0.12,-1.42,3.67,3.33,2.52,-2.42,1.26,-2.39,2,0,0
-1.45,0.12,-2.64,-0.96,1.26,-0.69,-2.92,2.03,2,0,0
-0.1,-0.72,1.99,-3.54,-1.52,-0.07,0.03,-1.69,2,0,0
0.04,1.87,0.42,-1.67,-1.73,5.01,0.55,2.06,2,0,0
-1.11,-1.86,-0.71,-1.43,2.47,0.27,-1.29,1.37,2,0,0
-1.02,0.08,-1.21,2.33,1.26,2.58,0.52,3.22,2,0,0
-1.63,-0.08,1.79,-1.5,-0.29,0.64,-0.18,-0.79,2,0,0
0.28,1.21,0.16,-0.86,-1.83,1.63,0.04,1.21,2,0,0
-0.01,-0.39,-0.22,-2.7,-0.91,0.19,-1.47,-0.42,2,0,0
-3.71,1.18,0.16,0.94,-1.11,0.1,-0.04,0.64,2,0,0
-0.99,0.7,0.35,0.65,-0.66,1.99,-0.48,0.2,2,0,0
1.27,1.6,1.03,-0.05,-0.54,-0.6,-0.12,1.11,2,0,0
2.07,1.46,-0.21,-0.98,-2.72,0.84,-0.59,0.7,2,0,0
-1.78,0.48,-1.37,-1.72,0.29,4.27,-2.3,1.97,2,0,0
0.02,2.07,1.97,-0.03,-1.34,-1.18,0.68,-0.11,2,0,0
1.32,-1.32,2.38,-0.37,1.15,0.31,0.42,-1.54,2,0,0
-2.15,-1.13,1.25,-0.93,1.82,-1.05,-1.06,-0.68,2,0,0
0.72,-2.91,4.4,1.25,2.32,0.42,3.29,-1.94,2,0,0
0.0,3.93,-1.44,0.07,-1.84,1.13,-1.19,3.55,2,0,0
2.11,0.36,-1.54,-1.08,-0.46,1.18,-1.53,2.22,2,0,0
-0.94,-0.57,1.95,0.19,1.37,-1.57,0.96,-0.01,2,0,0
-1.82,0.74,1.08,2.43,1.04,-1.83,0.07,0.5,2,0,0
2.25,-1.53,1.52,0.68,0.79,0.27,0.06,-1.13,2,0,0
-3.94,-1.47,-0.88,-0.73,3.89,-1.84,-1.07,2.3,2,0,0
2.89,1.09,1.46,-1.12,-1.66,-1.16,-0.23,-0.21,2,0,0
2.54,1.76,1.26,-1.01,-2.4,2.05,1.38,1.07,2,0,0
1.68,2.44,2.86,0.9,-3.16,0.87,0.95,-1.94,2,0,0
1.25,-0.67,0.98,2.74,0.19,-4.21,0.85,-0.93,2,0,0
-1.42,-0.28,-1.46,-3.66,0.87,1.39,-2.52,2.22,2,0,0
-0.61,-0.64,-1.78,-2.06,1.83,0.46,-2.33,2.63,2,0,0
-1.26,1.06,0.79,3.16,1.63,0.13,-0.1,0.46,2,0,0
2.18,2.16,0.32,1.19,-2.99,-0.34,0.47,0.93,2,0,0
-1.21,1.22,1.48,1.67,-0.21,0.8,0.78,0.31,2,0,0
1.67,1.75,0.15,-1.09,-2.06,-0.24,-0.44,1.19,2,0,0
2.91,1.68,1.04,0.82,-2.3,0.46,-0.25,-0.66,2,0,0
3.38,-0.4,1.69,-0.76,-2.54,0.09,0.47,-2.15,2,0,0
0.83,1.54,1.62,-0.29,-2.05,-0.79,-0.48,-1.09,2,0,0
-0.81,0.07,-2.49,-1.03,-0.61,-0.28,-2.2,1.42,2,0,0
2.64,3.0,0.17,0.41,-2.67,2.08,-0.19,1.89,2,0,0
-1.37,-0.28,2.87,-0.35,0.62,-0.97,1.04,-1.33,2,0,0
-1.54,-0.1,-0.57,-4.37,-2.29,1.57,-2.44,-1.38,2,0,0
0.03,-2.34,0.31,0.87,1.65,-4.39,-1.26,-1.9,2,0,0
2.66,2.05,-0.68,-2.65,-2.6,2.17,-1.88,1.43,2,0,0
0.88,-0.31,3.17,0.54,-2.5,-2.91,0.06,-5.0,2,0,0
0.73,1.98,1.69,-1.51,-2.7,1.43,1.82,1.45,2,0,0
-0.43,-1.97,-1.33,-3.17,2.97,-0.68,-3.52,1.08,2,0,0
-0.51,-3.48,1.23,0.15,3.81,0.05,-0.19,-0.29,2,0,0
0.66,-2.2,2.64,0.52,1.5,-0.58,1.38,-1.67,2,0,0
-0.9,0.39,-1.06,-0.42,0.34,-1.11,-2.5,0.61,2,0,0
-0.07,0.32,1.85,-1.22,1.16,0.09,0.17,0.3,2,0,0
-0.13,-0.08,0.53,-0.12,-0.34,0.72,-0.47,-0.16,2,0,0
0.72,1.74,1.22,-0.61,-0.15,1.48,0.13,1.39,2,0,0
-4.2,0.83,0.43,-1.93,0.05,0.09,-1.13,0.44,2,0,0
0.77,0.13,1.0,-0.38,0.9,2.88,-0.41,0.93,2,0,0
0.24,1.2,2.04,1.7,-2.39,-1.12,1.36,-2.03,2,0,0
3.02,1.61,2.24,1.82,-1.55,1.53,1.2,-0.46,2,0,0
-1.6,-0.21,0.25,-0.89,0.9,0.43,-1.01,0.96,2,0,0
-2.29,-0.7,-0.05,-1.19,2.02,-1.35,-2.17,0.16,2,0,0
3.0,1.77,-0.46,-0.69,-2.36,0.42,-1.79,0.38,2,0,0
1.48,-0.02,2.0,2.75,2.35,-0.95,-0.3,-0.32,2,0,0
-0.12,-2.22,1.13,0.99,0.41,-2.66,0.55,-1.89,2,0,0
5.01,1.77,0.48,-1.77,-2.67,0.47,-0.49,0.69,2,0,0
0.51,0.39,-0.19,-1.91,-1.84,2.1,-0.87,0.77,2,0,0
-2.68,2.88,0.39,-3.53,-3.41,-1.24,-1.23,0.3,2,0,0
1.97,0.13,0.24,-1.97,0.47,-1.44,-1.39,1.14,2,0,0
0.46,-0.31,1.01,-0.22,0.0,1.06,0.15,-0.04,2,0,0
-3.53,3.01,-1.48,1.11,-2.33,-0.01,-1.28,1.79,2,0,0
0.59,1.17,-0.61,0.79,-0.06,0.72,-1.21,2.03,2,0,0
-0.09,1.01,-0.81,0.77,1.5,0.29,-2.89,1.09,2,0,0
0.13,-2.36,2.07,1.3,3.13,-1.37,0.93,-0.49,2,0,0
0.51,0.04,-1.29,-2.97,1.38,5.43,-1.89,3.42,2,0,0
-0.36,-1.18,2.59,-0.07,1.87,-2.03,0.61,-0.94,2,0,0
2.42,-0.44,0.96,0.11,-1.36,-0.9,0.88,-1.2,2,0,0
0.11,-1.79,3.49,-2.59,1.17,0.89,2.0,-1.08,2,0,0
-1.48,-0.5,2.48,1.98,-0.26,-0.8,1.25,-2.5,2,0,0
-2.97,-2.18,2.24,0.75,-0.11,-2.62,2.11,-2.29,2,0,0
-0.75,1.7,-0.75,-1.56,0.78,1.01,-1.64,3.22,2,0,0
-2.32,-0.86,0.26,-0.79,2.44,1.56,-0.03,1.97,2,0,0
-0.67,0.48,-0.21,-0.42,1.72,2.12,-1.11,2.16,2,0,0
-1.22,0.16,0.23,-0.36,0.6,4.17,0.75,2.57,2,0,0
-1.52,0.79,-1.15,-2.88,0.11,0.95,-3.0,1.76,2,0,0
-0.37,-0.7,0.91,-4.45,-0.95,0.63,-0.89,-0.26,2,0,0
2.98,1.05,-1.32,-2.16,-2.25,0.58,-1.88,1.36,2,0,0
-0.2,-0.9,0.46,-1.92,0.92,0.09,-1.31,-0.32,2,0,0
0.35,0.35,1.79,2.89,-0.58,-1.03,0.42,-1.61,2,0,0
3.18,-0.92,3.7,0.04,-0.59,-0.87,1.25,-2.75,2,0,0
-0.05,-1.97,0.17,0.89,2.53,-1.89,-1.9,-0.76,2,0,0
-2.28,-1.22,-0.13,-2.26,2.69,1.88,-1.85,1.15,2,0,0
-2.06,0.41,1.26,0.36,-1.62,-2.5,-0.0,-2.29,2,0,0
1.63,1.02,0.33,-0.17,0.48,0.91,-0.59,1.23,2,0,0
1.46,-3.14,5.25,-0.74,0.72,-0.3,3.39,-3.36,2,0,0
0.06,2.47,-1.76,-1.27,-2.42,0.55,-2.54,1.79,2,0,0
0.73,1.03,0.82,-1.18,-1.88,1.45,0.34,0.38,2,0,0
1.7,2.07,-0.25,-0.04,-3.73,-1.01,-1.04,-0.69,2,0,0
-4.1,-2.63,-2.38,-1.36,3.0,-1.31,-2.91,1.28,2,0,0
-0.51,-0.65,-1.19,-1.87,1.65,-1.37,-3.28,0.75,2,0,0
1.45,1.04,2.16,-0.71,-0.45,0.99,0.84,0.6,2,0,0
0.04,-0.92,0.22,-1.76,1.41,-0.0,-2.05,-0.18,2,0,0
0.73,1.6,-0.45,-1.66,-1.37,-0.81,-2.02,0.61,2,0,0
-1.13,1.93,-0.34,1.83,0.18,0.36,-0.57,2.06,2,0,0
2.23,-1.62,-0.88,-0.9,1.12,0.09,-1.71,0.63,2,0,0
-1.27,1.29,-0.68,-0.4,-0.32,2.22,-0.39,2.65,2,0,0
-1.39,-1.54,0.8,0.19,1.8,-1.57,-0.01,-0.19,2,0,0
1.68,-0.72,2.16,0.04,-0.81,-1.18,0.87,-1.7,2,0,0
3.03,-1.0,3.12,-0.83,-1.97,-0.4,0.95,-3.21,2,0,0
1.52,2.73,1.42,-2.56,-4.72,0.63,0.2,-0.14,2,0,0
-0.66,-2.08,1.25,-0.52,1.58,-1.28,0.95,-0.56,2,0,0
-0.29,-1.19,-0.63,0.96,1.24,-1.39,0.8,1.59,2,0,0
-2.61,0.79,0.19,-2.87,-1.17,-0.0,-0.22,1.21,2,0,0
-3.55,1.45,-0.71,-0.12,-0.75,0.11,-1.73,0.98,2,0,0
-2.4,-1.5,-1.74,-0.66,4.32,2.08,-2.34,3.31,2,0,0
-0.62,-1.09,1.55,-2.27,2.53,1.17,-1.81,-0.2,2,0,0
0.03,0.28,-0.85,-0.97,-0.18,-0.25,-2.2,0.9,2,0,0
1.34,-0.15,-0.57,0.15,1.03,-0.88,-2.82,0.3,2,0,0
0.19,0.31,1.97,0.86,-1.38,-1.32,1.12,-1.28,2,0,0
0.66,-2.17,1.6,-0.17,1.17,-0.78,-0.29,-1.74,2,0,0
1.73,-0.69,1.8,-0.22,1.09,1.74,0.52,0.49,2,0,0
2.79,1.01,-3.68,-2.14,-1.28,1.74,-3.57,3.2,2,0,0
-0.24,-1.13,0.18,-0.1,1.7,0.15,-0.94,0.46,2,0,0
-2.26,1.68,2.91,-0.49,-1.63,0.6,1.53,-0.93,2,0,0
-1.58,0.17,-1.0,-0.08,-0.18,1.26,-1.3,1.23,2,0,0
-2.57,0.9,-2.69,-3.6,-0.64,1.55,-2.27,3.23,2,0,0
-0.45,1.66,3.8,-1.03,-3.36,-0.47,3.17,-1.71,2,0,0
0.54,-0.51,2.49,0.09,-0.55,-1.2,1.63,-1.38,2,0,0
-1.33,-2.14,-0.8,-2.36,3.16,0.96,-2.64,1.13,2,0,0
3.34,-0.88,-0.31,-1.1,0.29,-0.02,-1.68,-0.25,2,0,0
-0.53,-1.87,-0.44,-0.7,0.53,-2.4,-0.87,-0.67,2,0,0
0.02,0.68,3.6,1.49,-3.69,-2.1,2.34,-3.66,2,0,0
0.42,1.58,-1.03,-0.5,-1.81,0.17,-1.23,1.58,2,0,0
-0.63,-0.55,0.7,1.75,2.58,-2.0,-1.0,0.35,2,0,0
-1.17,0.74,0.87,0.46,0.52,-0.42,-0.71,0.09,2,0,0
0.1,0.62,3.76,1.03,-1.62,-2.6,0.76,-3.65,2,0,0
-0.41,-2.89,3.57,0.45,2.44,-0.03,1.4,-2.74,2,0,0
0.42,0.7,-0.9,-0.96,-1.62,-0.26,-1.01,0.92,2,0,0
3.17,0.43,-3.71,-4.17,-1.68,0.41,-3.5,3.14,2,0,0
-1.9,-0.02,3.47,0.01,-1.54,1.93,2.62,-2.25,2,0,0
-1.88,1.09,0.3,-2.0,-0.68,3.73,0.12,2.02,2,0,0
-0.22,-2.1,3.88,0.4,0.82,-3.13,2.08,-2.97,2,0,0
-4.49,-0.2,-1.77,-2.69,1.38,0.9,-2.71,2.32,2,0,0
-1.55,3.24,1.17,2.6,-1.79,-0.74,-0.91,-1.0,2,0,0
-0.74,3.18,-2.21,-0.09,-3.17,-0.62,-1.93,2.01,2,0,0
2.97,0.26,3.78,-2.04,-2.41,3.9,1.5,-1.82,2,0,0
1.62,-0.3,4.22,3.64,-0.27,-1.73,2.6,-3.61,2,0,0
-1.26,2.26,1.07,-2.02,-1.94,4.27,1.26,2.6,2,0,0
-1.24,1.86,-0.49,-0.4,-0.98,-0.07,-2.17,0.32,2,0,0
2.41,-0.18,1.58,-1.36,-2.09,-0.18,-0.68,-1.89,2,0,0
0.42,-1.4,3.73,0.94,1.56,0.22,1.31,-2.52,2,0,0
-1.24,-0.67,0.18,-1.41,0.83,2.99,0.18,2.05,2,0,0
1.09,-1.12,2.07,-0.68,-0.03,-2.42,0.49,-1.81,2,0,0
0.08,-0.05,2.09,0.37,1.2,0.48,0.28,-0.64,2,0,0
-0.46,0.21,-1.87,-0.18,1.86,-0.38,-2.91,2.17,2,0,0
1.12,-0.65,1.38,-1.98,-1.2,1.28,0.08,-0.88,2,0,0
0.82,-1.19,0.52,-1.55,1.38,-2.56,-3.0,-1.36,2,0,0
0.73,0.49,-0.36,-0.62,-0.98,-0.66,-1.37,0.48,2,0,0
1.2,1.67,3.15,0.48,-4.4,-0.56,2.13,-2.62,2,0,0
-1.19,-2.24,-0.66,0.93,2.05,-3.47,-1.9,-1.25,2,0,0
-1.08,-0.03,1.39,0.76,-0.69,-2.9,0.8,-0.99,2,0,0
1.75,1.49,2.25,-0.58,-3.01,0.13,0.67,-1.22,2,0,0
-4.05,1.7,0.55,-0.18,-1.97,-2.32,-0.09,-0.27,2,0,0
-1.47,1.29,-1.02,-2.33,1.07,5.58,-1.64,3.98,2,0,0
0.14,1.31,-1.92,-0.16,0.91,2.55,-2.2,3.63,2,0,0
2.81,3.14,0.52,-2.23,-4.51,3.22,-0.83,0.86,2,0,0
-2.88,-0.09,2.02,-0.0,-1.05,-1.49,1.35,-1.22,2,0,0
0.95,-1.11,4.46,0.36,-0.19,-1.36,1.43,-3.37,2,0,0
0.64,0.03,-0.16,1.68,0.48,-0.92,0.12,1.25,2,0,0
-2.19,-1.36,-0.7,2.07,3.26,-3.44,-2.24,-0.19,2,0,0
-1.13,0.06,0.92,-0.42,0.85,0.92,0.16,0.73,2,0,0
3.19,-0.36,-0.81,-2.64,0.38,1.87,-1.61,2.55,2,0,0
-0.15,2.76,0.67,2.06,-1.56,-0.15,0.49,1.54,2,0,0
-0.97,0.49,0.7,0.74,0.55,-2.13,-1.0,-0.04,2,0,0
-1.28,-2.16,1.45,2.04,1.95,-2.48,1.38,-0.83,2,0,0
2.68,0.4,0.98,2.02,0.52,0.24,0.01,0.22,2,0,0
1.0,-1.11,2.77,-2.65,0.26,-2.26,-1.28,-3.25,2,0,0
-1.15,-0.97,-0.67,-1.24,1.45,-0.82,-2.17,0.63,2,0,0
1.36,-1.42,1.31,0.09,0.66,-4.66,0.07,-1.85,2,0,0
-3.4,1.36,2.32,1.04,-0.45,-0.96,0.99,-0.65,2,0,0
0.32,-0.54,0.89,-1.12,0.38,0.19,-0.01,-0.05,2,0,0
0.33,-0.46,-0.51,-0.49,0.07,0.93,-0.65,0.86,2,0,0
1.24,-1.0,3.1,2.81,2.3,-1.94,0.3,-2.12,2,0,0
1.93,-3.33,0.06,-2.61,2.1,-0.59,-1.85,-0.83,2,0,0
-0.41,0.12,-0.33,0.54,0.19,-1.12,-2.39,-0.45,2,0,0
-1.48,-3.56,-0.79,0.38,2.8,-5.59,-1.96,-1.52,2,0,0
-1.16,0.61,-0.31,-0.66,0.12,0.05,-2.34,-0.02,2,0,0
-2.96,-0.96,1.43,0.16,1.6,0.63,0.57,-0.51,2,0,0
-2.19,0.23,1.96,0.82,0.18,-1.99,0.94,-0.84,2,0,0
2.05,1.44,-3.0,-2.17,-0.93,3.04,-3.33,3.24,2,0,0
4.3,2.25,2.01,-0.7,-4.03,1.98,-0.13,-0.9,2,0,0
-0.36,2.33,0.16,0.13,-2.01,0.21,-0.0,1.49,2,0,0
0.42,2.46,-0.64,-0.32,-1.32,1.1,-1.44,1.77,2,0,0
0.81,0.23,1.0,-1.71,1.06,1.95,-0.45,1.29,2,0,0
-0.22,2.08,-3.73,-2.76,-2.21,1.38,-3.45,3.88,2,0,0
1.65,-0.42,-0.2,-4.82,-1.16,0.49,-1.3,0.84,2,0,0
1.06,-0.7,-0.68,-0.39,2.48,3.57,-0.71,3.18,2,0,0
-0.28,2.26,0.83,0.28,-2.61,2.43,1.39,1.61,2,0,0
0.68,-0.31,2.95,-0.07,0.49,0.9,0.9,-1.36,2,0,0
0.88,1.02,0.64,0.9,-0.02,-0.85,-0.85,0.17,2,0,0
-0.74,-2.21,-0.07,-3.07,1.34,0.92,-1.85,-0.5,2,0,0
-0.53,0.14,1.73,0.3,-0.59,1.07,0.05,-1.17,2,0,0
-0.54,1.15,-0.46,1.7,-0.26,-1.25,-1.11,0.99,2,0,0
3.51,-0.99,2.66,-1.4,-1.13,1.77,0.89,-1.91,2,0,0
-2.27,-1.09,-0.6,-2.98,0.75,-1.19,-1.67,0.6,2,0,0
0.43,2.36,-2.31,-1.63,0.58,3.2,-3.58,4.16,2,0,0
0.47,0.55,-0.52,-0.03,-1.6,-0.34,-1.13,-0.02,2,0,0
1.21,-0.41,2.85,-0.11,-2.94,-1.11,2.58,-2.39,2,0,0
2.24,-0.31,2.2,0.49,1.13,1.06,1.52,0.33,2,0,0
3.13,-0.78,-1.31,-0.76,0.51,-2.39,-3.56,-0.26,2,0,0
0.57,-1.12,-0.09,1.03,0.88,-1.83,-1.31,-0.44,2,0,0
0.19,-1.46,-0.07,-0.55,0.2,-0.01,-1.69,-0.86,2,0,0
0.5,-0.41,1.66,0.52,1.23,-0.93,-1.09,-1.35,2,0,0
-1.81,-2.43,-1.84,-2.05,2.14,-0.07,-3.66,0.28,2,0,0
2.58,-0.33,-0.11,-0.23,-1.76,-0.42,-1.3,-0.94,2,0,0
-1.86,-1.0,0.35,0.73,1.42,-2.79,-1.8,-1.24,2,0,0
0.8,0.87,2.31,-0.54,-2.2,1.63,1.95,0.05,2,0,0
-1.15,0.75,-0.28,-0.75,-1.52,0.24,-0.8,0.43,2,0,0
2.23,0.44,-0.31,-2.34,-1.49,0.7,-1.09,0.41,2,0,0
0.76,-0.27,0.79,-3.05,-0.9,1.57,-0.83,-0.16,2,0,0
2.17,2.8,2.57,1.39,-3.84,-0.28,1.58,-1.47,2,0,0
-0.55,-0.28,0.84,-0.74,-0.4,2.8,1.18,0.87,2,0,0
0.31,0.14,0.2,1.37,-0.82,-0.31,-0.34,-0.23,2,0,0
1.23,1.91,3.45,1.46,-1.95,1.52,1.71,-1.06,2,0,0
1.46,-1.16,-0.12,2.23,1.78,-1.42,-0.97,0.27,2,0,0
1.67,1.49,3.04,-0.57,-2.35,1.13,1.47,-0.93,2,0,0
0.59,2.42,0.23,-0.04,-2.99,3.05,0.29,1.36,2,0,0
-0.0,0.06,-1.14,-1.04,0.69,1.96,-2.74,0.82,2,0,0
-0.7,0.58,-4.57,0.35,2.13,0.24,-4.67,4.58,2,0,0
0.17,1.05,-2.48,0.08,0.16,-0.14,-2.1,3.03,2,0,0
2.11,-2.06,2.73,-0.05,0.47,-0.18,0.94,-2.71,2,0,0
-0.2,0.07,0.33,0.53,0.44,2.03,-0.22,0.73,2,0,0
1.22,2.89,0.17,0.57,-3.72,1.92,-0.11,0.93,2,0,0
2.3,1.33,2.6,-0.31,-2.32,-0.28,-0.4,-2.08,2,0,0
2.18,1.95,4.12,0.43,-2.03,2.61,2.52,-1.37,2,0,0
-0.23,0.13,0.38,-1.73,-1.02,0.2,-0.01,0.86,2,0,0
0.27,1.27,1.9,1.39,-1.39,-1.5,-0.44,-1.72,2,0,0
-1.82,0.16,-2.08,-2.3,-0.05,1.71,-2.18,2.41,2,0,0
2.54,-0.89,0.61,-0.37,-0.94,0.39,-0.63,-1.35,2,0,0
1.97,1.86,1.51,-0.22,-3.85,0.08,-0.35,-1.66,2,0,0
0.79,1.27,3.0,-0.73,-0.52,4.06,0.86,-0.01,2,0,0
2.17,-3.79,-1.05,-0.4,3.16,-2.09,-1.2,0.32,2,0,0
-2.82,0.01,0.96,-0.43,1.0,-0.39,0.62,1.01,2,0,0
-2.71,-0.81,-1.48,0.94,-0.1,-1.41,-2.69,-0.35,2,0,0
1.63,-0.71,1.22,-0.42,-0.88,-1.74,-0.07,-1.07,2,0,0
-2.74,-1.38,3.06,1.49,0.75,1.23,1.9,-2.42,2,0,0
-1.33,-3.05,3.34,-3.0,2.34,1.87,1.59,-0.97,2,0,0
1.55,0.7,-2.18,-2.74,-2.12,-1.89,-4.51,-0.25,2,0,0
-1.57,-0.36,-0.31,-2.53,1.32,-0.15,-2.88,1.08,2,0,0
-0.54,-1.96,2.72,-1.5,1.34,-0.61,-0.39,-3.11,2,0,0
0.33,0.18,-0.09,-1.15,-0.82,-0.44,-1.4,-0.31,2,0,0
2.57,2.18,1.37,2.93,-1.5,-1.61,0.61,0.31,2,0,0
3.02,1.78,5.18,1.68,-0.94,3.54,2.05,-1.66,2,0,0
-2.15,1.35,2.37,4.13,-0.09,-3.15,-0.07,-2.56,2,0,0
0.05,0.34,6.73,0.3,-0.99,-0.23,3.48,-3.68,2,0,0
-1.67,1.34,-1.44,1.55,0.52,2.43,-2.19,1.79,2,0,0
-2.78,-0.71,2.44,-1.46,0.77,1.08,1.21,-0.57,2,0,0
0.51,1.53,1.92,-0.28,-2.09,-1.38,0.39,-1.3,2,0,0
-1.06,-1.98,1.1,-1.26,2.62,3.01,0.24,1.19,2,0,0
-1.6,-2.91,2.12,-0.57,3.55,0.09,0.39,-1.33,2,0,0
2.98,0.52,-1.04,-1.69,-0.58,1.33,-1.73,2.26,2,0,0
0.1,0.62,2.85,1.52,0.5,-0.87,1.03,-0.76,2,0,0
-2.19,-0.77,0.4,-2.48,2.03,-1.21,-1.63,0.1,2,0,0
-1.29,0.91,0.51,0.26,-0.26,1.35,-0.22,1.12,2,0,0
-0.13,-0.81,-1.76,0.18,2.35,-0.87,-2.45,1.45,2,0,0
-1.91,-1.39,2.06,0.28,1.38,1.99,0.51,-1.09,2,0,0
-1.59,-0.48,-1.11,-1.9,0.18,-1.08,-1.79,0.59,2,0,0
-1.28,-1.67,2.49,0.22,0.01,-0.67,0.89,-2.84,2,0,0
0.21,-0.05,0.06,-2.19,-0.05,0.59,-1.71,0.15,2,0,0
-2.12,0.17,-1.27,0.87,1.39,1.85,-1.85,1.74,2,1,1
3.25,-1.23,1.54,-2.17,-1.02,-0.84,0.36,-1.32,2,0,0
-0.88,2.01,2.06,0.24,-3.31,-3.34,1.0,-2.18,2,0,0
-2.03,0.99,0.28,0.93,0.5,0.2,-1.09,0.61,2,0,0
2.91,-2.35,2.0,-0.84,1.51,-3.09,-1.21,-3.37,2,0,0
-0.57,0.92,-1.62,-0.27,-1.86,-2.44,-1.7,1.11,2,0,0
-3.48,-0.28,-1.51,-1.38,1.93,0.2,-1.95,2.74,2,0,0
2.36,-1.3,0.59,-3.17,0.66,2.03,-1.72,0.15,2,0,0
-1.21,3.73,-0.27,3.52,-3.02,0.11,-0.59,0.94,2,0,0
0.69,-0.59,0.15,-0.29,-0.06,0.42,0.34,0.91,2,0,0
2.04,-1.45,-0.14,0.37,1.78,-1.64,-1.79,0.27,2,0,0
-0.63,2.56,0.13,-2.03,-2.18,-0.42,-1.84,0.02,2,0,0
1.66,1.45,-2.44,-1.47,-0.02,2.4,-4.0,2.61,2,0,0
2.05,1.14,3.22,2.44,-1.74,-0.01,1.6,-2.05,2,0,0
0.57,3.25,0.63,-1.78,-2.54,2.88,0.1,2.54,2,0,0
0.84,1.02,-4.21,-2.06,0.46,-1.03,-5.91,2.84,2,0,0
-0.38,-1.01,-0.92,-1.59,1.18,1.65,-2.15,0.8,2,0,0
0.16,0.4,0.67,-1.07,-1.14,-0.46,-0.5,-0.52,2,0,0
-0.54,1.06,0.42,-1.82,-0.59,-0.96,-0.48,1.35,2,0,0
1.08,0.21,-0.92,-1.87,0.14,2.2,-0.62,2.37,2,0,0
-0.06,-0.36,3.51,0.82,-0.53,-1.3,1.24,-3.05,2,0,0
-0.58,-1.44,0.84,-2.12,-0.91,-1.89,-1.41,-2.33,2,0,0
2.21,-0.2,-0.43,-2.92,0.48,2.88,-1.5,2.19,2,0,0
-0.34,0.8,2.33,0.45,-1.23,0.06,1.34,-0.32,2,0,0
-0.69,-0.79,-0.68,-0.13,1.18,-2.03,-1.9,0.17,2,0,0
-1.68,-1.77,2.33,-1.04,1.92,0.61,1.08,-0.64,2,0,0
-2.33,1.17,0.76,-0.51,0.17,0.71,-0.84,0.73,2,0,0
0.04,-0.37,-0.01,-1.16,1.14,1.69,-0.7,1.79,2,0,0
-0.16,-0.77,4.27,1.27,0.95,-0.88,2.45,-2.21,2,0,0
1.72,-2.76,0.8,-1.31,1.88,-2.11,-1.55,-2.0,2,0,0
1.86,-0.41,-0.23,-2.4,0.98,1.96,-1.96,1.66,2,0,0
2.81,1.83,2.63,-1.29,-3.96,1.0,0.57,-2.19,2,0,0
0.1,0.57,1.16,0.04,-0.47,0.45,0.65,0.28,2,0,0
-0.71,-2.62,1.43,0.19,2.79,-0.5,-0.05,-0.97,2,0,0
-2.31,-0.2,2.27,0.35,0.83,-1.66,0.3,-0.99,2,0,0
-0.02,-1.23,4.03,0.57,0.9,-1.89,2.26,-2.22,2,0,0
-1.5,-1.73,-1.16,-1.24,2.29,-0.26,-0.7,1.9,2,0,0
0.86,0.62,1.06,-2.08,-1.85,-0.01,-0.76,-0.99,2,0,0
1.14,-2.88,2.92,-2.3,1.78,2.11,0.33,-1.84,2,0,0
-0.4,1.59,-2.34,-0.85,-1.65,1.03,-2.32,1.91,2,0,0
2.13,-0.41,0.59,-2.57,-2.31,0.02,-0.92,-1.2,2,0,0
-0.08,0.12,2.63,1.91,0.82,0.25,2.07,-0.44,2,0,0
-1.5,-1.27,2.76,-1.07,2.73,1.1,1.05,-0.27,2,0,0
-0.28,0.15,0.66,0.61,0.02,-1.51,-0.44,-0.53,2,0,0
-1.88,0.77,-0.28,-0.19,-2.93,-1.91,-0.99,-1.13,2,0,0
-3.73,-0.74,-1.61,-2.02,3.38,0.47,-3.0,2.56,2,0,0
0.66,0.95,2.69,-0.13,-1.06,0.31,0.35,-1.52,2,0,0
-2.28,1.2,-3.65,-1.22,-0.22,1.4,-4.19,2.8,2,0,0
-1.28,0.24,2.13,0.04,0.95,0.45,0.56,-0.49,2,0,0
0.86,-2.2,1.98,-2.5,0.65,-2.22,-0.87,-2.39,2,0,0
0.9,0.04,1.13,-0.55,-1.04,2.71,0.69,0.16,2,0,0
2.55,-1.19,2.58,1.27,-0.17,-0.57,1.47,-1.96,2,0,0
-3.46,0.94,-2.23,-2.29,1.66,3.82,-3.62,3.65,2,0,0
0.46,1.83,0.25,0.05,-3.37,1.33,0.0,-0.28,2,0,0
1.77,-1.87,-1.45,-2.23,0.66,-1.45,-2.18,0.71,2,0,0
-1.23,-2.33,0.22,-0.06,0.47,-3.12,-1.66,-2.22,2,0,0
0.06,1.84,1.34,2.07,-3.56,-0.73,0.65,-1.92,2,0,0
-0.46,-2.65,-0.65,1.01,4.45,-2.5,-2.58,0.43,2,0,0
1.79,-0.22,-1.7,-2.13,1.96,3.85,-2.08,3.52,2,0,0
-0.7,2.16,-0.57,2.29,-0.43,-0.66,-2.29,1.02,2,0,0
-2.05,-0.9,1.78,0.38,2.93,1.0,0.17,0.57,2,0,0
-1.26,1.21,1.77,-0.66,-0.53,2.63,1.54,1.73,2,0,0
0.1,-0.07,0.85,-2.16,-2.93,-0.88,0.22,-0.86,2,0,0
3.12,-1.53,3.81,0.66,-0.73,-3.3,1.11,-4.53,2,0,0
0.85,-2.38,2.5,-0.28,-0.2,-1.76,-0.28,-4.01,2,0,0
2.71,-1.06,-0.59,-4.94,-1.67,-2.14,-2.87,-1.19,2,0,0
-0.3,-2.57,-0.39,-1.48,2.83,-3.78,-1.81,-0.19,2,0,0
1.61,1.2,-0.03,0.9,-1.2,-2.34,-0.54,0.37,2,0,0
-0.24,0.68,-0.88,1.32,-0.95,-0.54,-0.04,1.75,2,0,0
-0.55,0.79,0.56,-0.15,0.39,-0.51,-1.85,-0.08,3,0,0
-1.89,-3.19,-1.82,-3.06,0.34,2.21,4.21,2.62,3,0,0
0.48,0.15,-1.28,-0.61,1.76,-2.16,1.87,2.03,3,0,0
-2.77,-1.98,-1.14,-2.21,-0.98,2.24,-1.58,-3.01,3,0,0
0.21,0.36,0.75,-0.71,-0.71,1.39,-0.71,-0.76,3,0,0
2.33,-2.14,1.71,-1.11,-2.17,-0.78,0.81,0.8,3,0,0
0.96,1.32,-0.37,1.9,0.86,-0.91,0.66,-0.53,3,0,0
0.85,0.61,-0.02,-0.46,1.06,-1.75,-0.59,1.99,3,0,0
-1.99,-0.55,1.36,1.84,-0.48,2.16,-2.06,-3.87,3,0,0
0.47,1.01,-0.43,1.06,0.96,-1.93,0.11,0.08,3,0,0
4.11,3.57,2.17,1.7,0.53,-2.64,-0.48,0.83,3,0,0
0.41,0.02,-2.22,-0.25,-1.39,-0.67,1.36,0.52,3,0,0
2.4,2.66,-0.37,1.34,-0.91,-0.44,1.29,0.7,3,0,0
-1.5,0.7,-3.28,-4.64,0.52,-0.76,-1.07,3.43,3,0,0
-1.72,0.58,-0.79,0.22,-0.09,-0.22,-2.57,-1.2,3,0,0
-1.45,-0.22,0.26,-0.65,-0.15,0.82,-1.53,1.38,3,0,0
1.72,0.96,-3.34,-2.05,-1.06,-0.51,2.57,0.29,3,0,0
-1.24,2.05,-1.17,2.47,-0.79,-0.54,-3.88,-2.41,3,0,0
1.43,-0.08,0.17,-1.7,-1.77,-0.57,-0.95,1.3,3,0,0
-1.2,-1.1,1.77,2.43,-0.13,1.12,0.22,-0.38,3,0,0
-3.82,-0.47,0.73,1.1,2.06,1.4,-2.32,-0.5,3,0,0
-2.14,-1.92,-0.18,-0.13,-0.56,1.54,0.75,-0.58,3,0,0
1.85,1.14,-0.18,0.38,1.05,-0.89,2.08,0.36,3,0,0
2.62,-1.34,2.29,0.24,-0.46,0.03,2.86,0.42,3,0,0
-0.47,-1.52,2.08,-2.02,0.46,-0.44,-1.34,1.28,3,0,0
-0.76,-0.87,0.09,-0.76,-0.49,0.43,-0.41,0.46,3,0,0
-0.98,-0.2,-2.25,-0.01,2.62,-0.88,3.09,2.49,3,0,0
-0.99,-0.19,0.56,0.79,1.4,0.44,0.56,-0.24,3,0,0
-2.12,0.46,-0.68,1.66,1.75,-0.5,-1.75,-1.89,3,0,0
1.66,1.52,-1.06,-1.58,0.34,-0.89,1.16,0.87,3,0,0
-4.17,-2.29,-2.65,-2.2,1.83,1.53,2.08,2.71,3,0,0
0.45,0.76,0.28,-0.81,0.08,0.1,-0.11,1.23,3,1,1
1.1,-1.71,1.6,-1.14,-0.46,0.04,1.66,1.37,3,0,0
1.35,1.02,-1.18,-1.56,1.94,-2.37,0.63,2.78,3,0,0
0.42,0.45,1.89,-1.71,-0.32,0.44,-1.58,1.88,3,0,0
-1.68,1.03,-0.89,0.45,2.63,-0.66,-0.28,0.83,3,0,0
-1.32,-0.89,-0.62,-1.41,-1.99,2.14,0.84,1.3,3,0,0
-0.54,-1.2,-1.14,0.38,-2.27,-0.18,0.22,-0.3,3,0,0
2.61,-0.53,1.87,-0.28,0.27,-0.54,1.8,0.48,3,1,1
2.39,-0.32,4.47,2.08,1.92,-0.74,1.84,0.14,3,0,0
0.65,-0.68,1.02,0.84,-2.66,0.5,-1.28,-1.47,3,0,0
-1.24,0.58,-3.4,-2.47,-2.28,0.93,-0.45,0.64,3,0,0
1.34,0.26,1.68,2.13,-0.2,0.26,1.58,-1.8,3,0,0
2.18,3.07,0.69,1.23,-1.05,-1.03,-2.33,-0.78,3,0,0
-2.79,-0.26,-3.71,-2.25,-0.84,1.21,-1.12,-0.15,3,0,0
1.07,-0.6,1.49,1.53,-2.45,0.28,-0.35,-2.44,3,0,0
0.15,1.02,0.87,3.26,1.24,-1.11,-0.98,-4.03,3,0,0
0.28,0.34,1.55,-0.98,0.39,0.55,-0.88,0.04,3,0,0
2.35,-1.21,-0.33,-0.4,-2.34,0.13,3.68,-0.01,3,0,0
2.42,-3.9,2.63,-2.61,-2.56,0.97,3.68,0.22,3,0,0
0.27,-2.17,2.47,-0.88,-1.1,0.92,0.46,-1.33,3,0,0
0.14,1.05,-1.49,-0.93,1.09,-1.55,0.32,1.67,3,0,0
2.52,-1.23,-0.52,0.82,-1.59,-1.73,2.67,-1.84,3,0,0
-1.11,-1.4,0.84,1.87,-2.58,0.11,-2.6,-3.62,3,0,0
-1.47,-1.34,0.44,-0.1,0.3,-0.06,-0.42,-0.03,3,0,0
3.18,-0.88,2.51,3.36,0.65,-1.21,5.18,1.29,3,0,0
-3.8,-0.67,-1.32,-0.81,2.47,1.26,-0.15,0.89,3,0,0
-2.09,-1.92,-0.53,0.6,-0.99,0.09,-0.62,-0.78,3,0,0
2.45,0.7,-0.75,0.46,-3.01,-1.85,-0.36,-1.33,3,0,0
1.26,-2.25,0.38,-2.31,-0.74,0.04,2.54,1.99,3,0,0
-0.75,0.32,-2.16,-1.24,-1.53,1.1,-0.14,-0.14,3,0,0
1.25,-0.89,-0.88,0.13,-1.95,0.09,1.65,-0.75,3,0,0
-0.93,-1.68,-1.58,-1.34,-1.52,-0.59,-0.18,1.64,3,0,0
0.25,-1.74,1.78,-0.2,1.26,-0.04,1.04,-0.63,3,0,0
-0.24,1.04,-0.51,1.29,2.53,-0.16,2.92,1.37,3,0,0
1.06,-1.79,1.25,-1.16,-0.06,-0.84,1.11,0.53,3,0,0
-0.94,0.65,1.21,-0.77,-1.34,0.38,-3.75,-1.41,3,0,0
-2.4,-1.68,0.04,-1.2,1.2,2.4,0.5,-0.27,3,0,0
-1.11,-0.83,1.49,2.31,1.02,0.35,-0.25,-0.72,3,0,0
-3.47,0.38,-0.49,-1.33,0.62,2.07,-2.06,0.08,3,0,0
-1.88,0.05,-0.61,1.34,-0.23,0.06,-1.04,-0.45,3,0,0
2.57,-0.63,2.44,-0.9,-0.73,-0.66,1.05,1.44,3,0,0
2.36,1.58,0.01,-1.15,-1.25,-0.82,-0.1,0.55,3,0,0
1.69,-1.0,-0.55,-3.38,-1.57,0.22,1.88,3.02,3,0,0
3.01,-2.11,2.27,0.62,-0.67,-0.91,4.53,0.87,3,0,0
-1.33,0.22,-0.95,-1.91,-1.1,1.18,-1.22,0.99,3,0,0
-1.66,-0.01,0.39,-0.74,0.63,1.44,0.52,2.0,3,0,0
0.37,-0.06,-0.4,-0.19,0.95,0.56,3.68,2.25,3,0,0
1.2,-0.25,-0.51,0.03,-0.87,-0.1,2.66,0.95,3,0,0
-1.41,0.33,-3.68,-1.08,-2.45,0.38,0.15,1.16,3,0,0
-1.08,-0.38,-0.42,-0.01,1.51,0.57,1.12,1.04,3,0,0
1.29,-0.74,0.78,1.9,-0.94,-1.47,0.86,-1.8,3,0,0
1.02,0.48,-1.5,0.44,-1.3,-1.16,-0.0,-0.87,3,0,0
1.73,1.6,1.66,1.04,-1.56,-0.8,-2.12,-1.47,3,0,0
-1.62,-1.74,-1.18,-1.06,-1.02,2.75,1.18,-1.76,3,0,0
1.97,-0.14,1.05,-0.44,0.22,-0.33,2.25,0.96,3,0,0
1.23,0.97,2.25,-0.29,0.24,-0.43,0.32,1.66,3,0,0
-4.19,-1.54,-1.49,-2.07,-0.95,1.71,-3.75,-0.55,3,0,0
-2.17,-1.83,0.46,-2.54,-0.15,1.5,-0.8,3.02,3,0,0
-0.45,1.98,-0.58,-0.92,0.67,-0.06,-2.72,-0.56,3,0,0
0.95,0.23,0.8,0.52,1.38,-2.47,0.5,1.58,3,0,0
-1.11,0.7,-1.19,0.05,0.09,0.58,-1.08,-2.81,3,0,0
0.6,2.44,-4.33,-0.91,-2.11,-0.7,0.87,0.96,3,0,0
0.72,-2.98,2.12,-0.79,-0.17,1.78,2.57,-0.85,3,0,0
1.65,-0.06,0.4,-0.2,-0.75,-0.69,1.59,0.76,3,0,0
-0.89,0.85,-1.31,0.02,1.03,-0.25,-0.59,0.04,3,0,0
0.19,-1.43,2.72,1.87,-0.37,0.16,0.63,0.34,3,0,0
-2.48,1.85,-2.26,3.48,-0.63,-0.42,-3.16,-4.24,3,0,0
-2.49,0.79,-1.01,-0.66,1.17,0.11,-1.38,1.97,3,0,0
2.31,-2.73,5.36,1.02,-2.89,1.13,-0.07,-2.68,3,0,0
2.85,1.94,-1.42,-1.33,1.09,-3.67,1.03,2.28,3,0,0
-0.17,2.08,3.35,2.06,3.69,0.18,-1.3,-0.48,3,0,0
-2.28,0.92,-0.65,0.5,-2.14,1.78,-3.36,-1.69,3,0,0
-2.75,0.62,0.65,0.2,0.0,0.85,-5.2,-2.59,3,0,0
-2.44,-0.73,-1.95,-1.74,-1.03,1.66,-1.48,-0.4,3,0,0
1.52,-1.9,4.06,3.11,3.03,-1.29,2.9,-0.83,3,0,0
-1.23,2.56,-1.6,1.45,1.52,-0.48,-0.96,-0.09,3,0,0
1.53,-2.42,-0.75,0.39,-0.65,-0.58,3.9,-1.96,3,0,0
-0.16,0.88,2.21,2.89,-0.06,1.08,-1.68,-3.27,3,0,0
0.12,0.34,-0.29,0.5,0.51,-0.14,1.43,1.12,3,0,0
0.63,-1.4,0.06,-0.39,-1.84,0.43,1.41,0.88,3,0,0
0.03,-0.53,0.75,1.11,0.38,0.3,0.82,-0.43,3,0,0
-1.59,-1.01,0.36,1.42,0.8,0.49,1.13,0.21,3,0,0
-0.81,-1.09,-0.23,0.53,-0.91,0.16,-1.15,-2.31,3,0,0
4.07,0.13,2.55,2.22,-1.85,-1.6,1.97,-0.94,3,0,0
-1.26,3.64,-3.39,0.03,3.62,-3.06,-0.67,3.78,3,0,0
-1.0,-1.82,0.98,-0.11,1.67,0.8,0.6,-1.12,3,0,0
-1.05,-1.38,-0.96,1.22,-2.01,0.49,-1.24,-4.76,3,0,0
3.4,-1.95,-0.45,-1.93,-2.28,-1.17,5.35,3.12,3,0,0
1.81,1.31,2.22,1.71,-0.46,-0.09,-0.58,-1.4,3,0,0
-1.69,-0.05,-1.42,-0.99,-2.02,0.85,-2.57,-1.73,3,0,0
2.63,0.82,0.53,-0.96,-0.92,-1.28,0.21,1.77,3,0,0
-1.95,-0.29,1.07,-0.74,1.07,1.24,-1.58,0.65,3,0,0
-0.63,-0.68,-1.01,0.07,-1.42,1.3,0.83,-1.06,3,0,0
-2.22,-0.39,-1.31,-1.44,0.7,0.96,-0.53,0.7,3,0,0
0.68,0.72,1.6,2.01,-1.51,1.06,-0.94,-3.13,3,0,0
-1.87,-1.21,-0.59,-0.05,-0.63,1.96,-0.36,-1.48,3,0,0
3.29,-0.11,2.26,-0.85,-0.5,0.16,3.25,3.05,3,0,0
-1.31,-0.63,0.18,-1.48,-2.13,1.77,-1.77,-0.57,3,0,0
-1.8,-1.06,-2.31,0.79,-1.25,1.31,0.81,-2.5,3,0,0
0.56,0.89,-0.03,-0.64,-1.81,0.09,-0.65,0.71,3,0,0
2.41,-0.29,0.11,-0.99,-0.66,-1.55,1.77,0.24,3,0,0
-1.28,-0.16,-1.59,1.46,-1.72,0.74,-1.44,-4.52,3,0,0
-1.44,-1.55,1.69,3.23,0.79,0.46,0.16,-4.19,3,0,0
-2.63,0.08,-1.1,0.44,1.53,-0.58,-2.84,-2.47,3,0,0
-1.57,0.2,-1.08,1.18,0.44,1.05,0.02,-1.76,3,0,0
-0.17,2.19,-0.5,0.96,0.4,-0.84,-2.06,0.24,3,0,0
-0.6,-3.69,1.04,-1.3,-3.18,1.46,0.01,0.45,3,0,0
2.17,0.23,0.32,-0.46,0.56,-1.46,1.83,1.11,3,0,0
-0.54,-2.21,-2.27,-2.66,0.29,-0.07,3.0,2.39,3,0,0
-1.9,1.28,-1.82,-1.19,1.81,-0.24,-0.87,2.5,3,0,0
-2.14,-2.16,-0.5,-0.23,0.04,1.63,1.94,0.54,3,0,0
0.64,-1.57,3.78,1.67,-0.3,-0.11,-0.93,-2.37,3,0,0
-2.31,0.41,0.24,-1.08,2.11,0.28,-1.91,2.08,3,0,0
0.29,-0.94,3.03,-0.78,1.28,0.32,-0.19,0.63,3,0,0
0.4,3.74,1.68,2.3,2.91,-2.8,-2.92,0.72,3,0,0
-2.84,1.63,-3.62,-1.16,0.3,-0.28,-1.98,0.8,3,0,0
3.99,-0.42,5.42,2.5,1.25,-2.27,2.28,1.81,3,0,0
0.93,2.16,-0.61,0.03,1.0,-1.49,-0.29,0.25,3,0,0
-1.87,-0.01,-1.79,-0.98,0.7,-0.58,-1.14,0.54,3,0,0
3.79,-0.27,1.85,-0.02,-2.56,-0.3,2.41,0.28,3,0,0
0.8,1.22,-2.2,-0.91,-1.89,0.06,0.4,0.08,3,0,0
2.92,0.52,3.33,-0.22,1.95,-0.91,1.66,1.01,3,0,0
0.94,-2.42,2.39,-0.33,0.88,-0.92,1.94,0.69,3,0,0
-0.68,0.71,-1.54,1.19,-1.22,0.29,-0.08,-1.5,3,0,0
-0.87,-2.47,2.42,-0.9,-0.56,1.24,0.1,0.35,3,0,0
-1.12,0.06,-4.44,-2.57,-0.6,0.64,1.38,1.12,3,0,0
-2.97,-1.34,-1.05,-0.93,-2.39,4.16,0.12,-1.08,3,0,0
-2.29,0.09,-1.53,-1.43,3.03,0.17,0.4,0.95,3,0,0
1.34,0.23,-0.31,0.39,-0.32,-0.98,1.52,0.92,3,0,0
1.25,0.67,0.28,-0.32,-0.86,-0.25,-0.48,-0.96,3,0,0
-1.37,-2.07,1.96,2.2,-0.62,1.34,-0.52,-2.67,3,0,0
0.79,-1.44,1.85,-0.23,0.68,0.75,2.52,2.03,3,0,0
1.56,-1.67,1.79,-0.11,-0.52,-0.87,1.68,0.95,3,0,0
-0.1,3.12,-0.87,0.86,3.03,-3.17,-2.25,1.21,3,0,0
0.86,0.58,0.89,2.3,-0.43,-0.86,0.3,-0.05,3,0,0
2.35,-0.2,1.02,0.49,-2.73,-0.43,0.21,-2.08,3,0,0
-1.06,-0.72,0.59,1.1,0.17,-0.37,-0.64,-0.51,3,0,0
3.86,2.26,-0.0,-2.27,0.67,-2.42,1.2,3.69,3,0,0
3.87,0.98,0.58,1.54,-1.58,-1.44,2.5,0.35,3,0,0
1.8,-0.1,-1.38,-4.09,-0.34,-1.38,2.9,6.7,3,0,0
0.08,-1.69,3.62,1.26,1.11,-0.05,0.19,-0.69,3,1,1
3.54,-0.34,6.76,1.57,2.15,0.04,1.27,-0.19,3,0,0
0.04,-0.97,1.04,0.41,-0.72,0.62,0.04,-1.63,3,0,0
0.52,-1.08,0.65,-1.37,-1.45,1.43,0.67,-0.87,3,0,0
-0.32,-0.15,2.71,3.18,2.09,0.06,0.46,-0.97,3,0,0
-2.94,-0.06,-2.76,-1.55,-0.11,1.75,-0.55,-0.01,3,0,0
-0.42,-0.26,-1.11,0.03,0.97,-0.02,2.22,1.64,3,0,0
2.7,0.75,-1.65,0.23,-0.94,-2.07,2.82,0.46,3,0,0
-0.52,1.18,-0.79,-1.43,-0.58,1.25,-1.13,-0.18,3,0,0
2.69,-0.32,-0.2,-0.51,-0.14,-1.28,3.3,1.46,3,0,0
-2.06,0.76,-1.14,-1.17,0.96,-0.21,-2.41,0.71,3,0,0
-0.51,-0.42,2.23,1.37,-0.37,0.21,-2.53,-1.43,3,0,0
-0.39,-0.77,0.72,0.15,-1.26,0.99,-0.15,-0.86,3,0,0
0.38,-1.01,1.27,1.69,0.63,-0.22,1.49,-1.62,3,0,0
2.8,-0.47,-0.22,-1.57,-1.85,-1.09,2.73,1.92,3,0,0
0.1,0.02,1.79,0.91,-0.26,1.36,-0.41,-2.17,3,0,0
0.34,-1.46,-0.6,-1.27,-1.61,0.16,1.34,0.31,3,0,0
-0.21,0.68,0.14,-0.62,1.3,0.21,0.31,1.63,3,0,0
0.37,0.23,0.17,0.7,0.63,0.41,2.11,0.93,3,0,0
0.17,1.18,-1.71,0.46,0.03,-1.98,-0.98,-1.33,3,0,0
-0.68,-0.16,1.28,0.09,1.5,1.35,1.5,1.7,3,0,0
-4.97,-0.82,-0.11,-0.54,-0.24,3.38,-4.19,-1.53,3,0,0
0.41,0.87,-0.51,2.66,0.51,-0.56,2.16,-1.53,3,0,0
0.93,1.52,1.27,1.23,0.43,-1.0,-0.89,1.02,3,0,0
2.38,-1.5,3.12,1.53,1.74,-1.77,3.3,0.72,3,0,0
0.79,0.22,-2.79,-2.1,-3.28,0.24,0.03,1.12,3,0,0
-4.69,-0.75,-4.09,-1.58,1.93,0.9,-0.01,0.62,3,0,0
2.08,-0.79,1.46,-1.77,0.37,-1.39,1.47,1.04,3,0,0
-3.84,0.8,-3.17,-1.64,0.42,3.33,-0.52,1.15,3,0,0
-1.22,1.37,-2.33,2.66,-0.7,-0.36,-0.84,-2.25,3,0,0
-2.65,1.07,-2.11,-0.18,-0.49,1.04,-1.65,0.04,3,0,0
0.45,-0.3,-1.05,-2.04,-0.44,-1.73,0.02,2.04,3,0,0
0.59,0.13,1.12,-1.52,-0.85,0.66,-0.07,2.16,3,0,0
0.13,0.52,0.06,0.24,0.02,0.28,0.66,0.34,3,0,0
-1.42,0.66,-0.97,-2.22,0.2,1.21,-0.88,0.33,3,0,0
1.28,2.55,1.58,0.5,1.64,-0.74,-0.87,1.25,3,0,0
1.53,-0.66,3.85,1.82,-0.36,-0.96,-0.71,-1.08,3,0,0
-0.95,-0.42,-0.43,-0.24,0.58,0.98,0.55,-1.59,3,0,0
-2.75,1.48,-4.43,-1.43,1.3,-0.62,-0.45,0.78,3,0,0
-2.27,-0.46,-0.31,-0.94,0.28,1.53,0.17,-0.84,3,0,0
-1.46,-0.04,0.5,0.04,0.81,0.26,-0.63,0.52,3,0,0
-0.52,0.33,0.14,2.02,0.6,-1.3,-1.41,-2.75,3,0,0
-2.02,0.35,-0.31,1.39,0.11,-0.31,-2.82,-1.64,3,0,0
1.25,-0.32,-0.19,-1.62,0.04,-0.7,1.4,0.83,3,0,0
2.12,0.97,1.73,1.1,2.67,-1.97,1.84,1.23,3,0,0
-0.33,2.49,-1.55,0.53,-0.55,-0.53,-2.71,-1.34,3,0,0
-3.4,1.05,-1.66,1.02,1.49,0.81,-1.48,-0.35,3,0,0
-0.9,-0.76,-0.08,1.99,1.85,-1.14,1.44,-0.25,3,0,0
0.61,1.54,1.05,1.41,0.63,-1.33,-1.22,0.35,3,0,0
2.0,-2.5,1.82,-1.4,0.81,-0.88,2.68,2.42,3,0,0
3.74,2.84,0.66,0.22,-1.13,-0.86,0.84,1.32,3,0,0
-1.8,-0.9,-0.32,2.51,-0.78,0.56,-1.28,-4.45,3,0,0
3.17,1.21,0.73,-0.77,-0.72,-1.88,-0.74,0.03,3,0,0
-1.47,0.28,1.31,2.44,1.96,0.72,-0.36,-1.92,3,0,0
-3.37,-0.09,-2.18,1.15,0.97,1.17,-0.42,-0.67,3,0,0
0.54,3.14,-0.23,2.97,2.32,-1.9,-1.49,-0.49,3,0,0
-0.11,0.24,-1.77,-1.94,-0.51,0.05,1.79,2.56,3,0,0
1.66,0.98,1.13,-0.82,0.08,-0.79,1.06,3.0,3,0,0
1.18,0.8,3.62,3.51,1.4,-0.61,-0.83,-1.93,3,0,0
-2.58,-0.98,-0.31,-0.72,0.75,1.2,0.65,1.38,3,0,0
0.92,0.09,1.32,1.23,1.71,-1.16,2.14,0.61,3,0,0
-1.05,-0.38,1.95,-0.32,0.49,1.05,-2.19,-0.72,3,0,0
-1.4,1.2,-1.95,-0.88,0.36,-0.37,-0.39,1.86,3,0,0
1.49,-1.32,0.59,-0.53,-1.64,-0.68,1.44,1.25,3,0,0
0.1,-1.95,1.33,-0.68,-0.93,0.72,1.6,0.05,3,0,0
1.56,-0.57,2.46,-1.42,-0.83,0.05,0.61,2.1,3,0,0
1.4,0.46,-2.05,-0.29,-1.52,-0.82,1.26,-0.27,3,0,0
-2.56,0.27,-3.73,-3.0,0.88,-0.08,0.01,3.0,3,0,0
-0.37,0.25,0.02,-0.09,-3.85,2.21,-1.34,-2.27,3,0,0
1.76,-0.57,1.65,1.47,-0.14,-0.3,1.33,-1.04,3,0,0
-1.39,-0.69,0.36,-0.7,0.41,-0.67,-1.68,1.13,3,0,0
-1.64,-0.4,0.18,-0.89,-0.42,1.88,-1.24,-0.61,3,0,0
2.84,2.11,-1.47,-1.02,-2.62,-0.95,0.94,1.14,3,0,0
3.19,2.94,0.46,0.25,-1.13,-1.67,-0.75,-0.67,3,0,0
0.43,-1.15,-0.39,-1.52,-0.62,-1.19,0.46,3.26,3,0,0
-3.5,-1.6,-1.62,-0.2,-2.14,2.68,-2.5,-4.12,3,0,0
0.15,-1.51,0.84,-0.18,-1.92,0.1,-0.77,-0.42,3,0,0
-0.13,-1.29,1.58,-0.29,-0.31,0.64,0.66,0.38,3,0,0
0.22,1.81,-1.78,0.78,0.16,-1.34,-1.32,-1.81,3,0,0
2.71,-2.01,2.56,0.11,0.02,-0.53,4.07,1.99,3,0,0
-2.88,-0.79,-3.79,-1.74,-2.06,0.41,-2.41,-0.94,3,0,0
-0.48,-0.19,-0.23,-0.46,1.73,-0.51,1.21,2.72,3,0,0
0.39,-2.35,0.43,-2.12,-1.34,1.57,2.25,0.73,3,0,0
-0.24,-1.31,0.57,-2.0,-1.85,0.99,-1.35,-1.21,3,0,0
-0.62,-0.23,-0.9,0.99,-0.75,-1.13,-1.16,-1.27,3,0,0
-2.18,0.09,0.8,0.42,1.97,0.72,-1.42,0.33,3,0,0
0.31,-2.4,-1.03,-2.89,2.39,-1.36,4.41,5.01,3,0,0
1.7,0.02,3.36,1.81,-0.98,-1.44,-2.71,-2.77,3,0,0
0.77,-1.55,3.28,2.32,0.08,0.29,1.6,-1.55,3,0,0
-2.66,-1.91,0.33,-1.24,0.85,2.2,0.51,0.76,3,0,0
-3.5,0.03,-2.72,-0.52,-0.84,0.98,-1.91,0.05,3,0,0
0.22,-2.12,5.07,1.91,0.48,-0.3,-1.92,-1.35,3,0,0
2.37,0.42,2.21,0.89,-2.51,0.6,-0.67,-1.16,3,0,0
1.77,1.13,-0.07,-1.02,-0.53,-0.13,0.99,1.19,3,0,0
2.71,-1.23,5.1,-0.53,1.22,1.49,2.97,0.19,3,0,0
-1.97,-0.74,0.17,-1.16,0.12,1.83,-0.98,-0.11,3,0,0
-0.41,-1.01,0.78,-0.22,-0.35,1.47,0.47,-1.06,3,0,0
-0.85,-0.35,2.23,2.08,1.99,1.05,-0.04,-2.97,3,0,0
-3.25,-0.74,-1.32,-0.15,2.21,-0.12,-1.23,1.18,3,0,0
0.17,-0.14,-0.51,-0.43,-0.94,0.2,-0.28,-0.61,3,0,0
-0.17,-2.1,-1.03,-0.45,-1.23,-0.52,0.9,-0.95,3,0,0
-1.95,-0.77,-0.65,0.41,0.72,0.49,0.12,1.04,3,0,0
-1.18,0.88,-0.17,1.43,0.16,-0.53,-2.21,-1.5,3,0,0
-1.55,-1.17,1.86,-0.26,1.75,0.44,-0.12,1.25,3,0,0
-0.23,-0.31,-4.04,-3.88,0.26,-0.46,2.83,2.44,3,0,0
-3.28,-0.49,-1.89,-0.3,0.88,0.91,-1.04,-1.53,3,0,0
3.31,2.96,1.45,0.9,-2.16,-1.97,-1.69,0.3,3,0,0
-0.59,1.33,1.2,3.39,1.61,-0.8,-1.04,-0.27,3,0,0
-1.19,0.19,-0.11,0.79,0.41,1.16,-1.41,-2.0,3,0,0
-2.35,-0.51,0.59,-0.14,-0.08,1.42,-2.39,-1.76,3,0,0
-0.56,-0.12,0.55,0.21,-0.32,-0.61,-2.21,-0.71,3,0,0
-0.67,-1.49,0.62,-1.84,0.92,0.35,1.13,1.53,3,0,0
0.95,-0.56,-0.08,0.01,-1.78,-0.89,-0.72,-1.74,3,0,0
-2.14,1.65,-0.91,-0.31,3.53,-0.76,-0.54,2.24,3,0,0
0.32,1.97,-3.12,-1.72,1.37,-1.62,0.53,2.02,3,0,0
0.88,-0.42,3.06,1.99,-0.97,0.65,-0.52,-2.86,3,0,0
-1.09,0.33,0.39,1.07,2.08,0.87,1.15,-0.97,3,0,0
-1.85,0.36,-2.94,-1.06,-1.08,0.55,-0.51,0.67,3,0,0
0.02,-1.05,2.02,0.35,-0.66,0.72,-0.37,-0.91,3,0,0
1.93,2.43,2.42,0.99,1.46,-2.13,-0.72,0.81,3,0,0
3.56,1.1,3.94,2.71,0.23,-1.97,0.11,-1.46,3,0,0
2.01,-0.78,0.43,-0.78,-0.62,-0.42,3.28,1.34,3,0,0
-0.42,-1.51,-0.6,-0.21,0.42,0.69,2.58,0.13,3,0,0
-1.08,-1.56,-0.51,0.63,0.85,-0.27,1.95,-0.95,3,0,0
1.27,1.01,1.79,0.89,-0.23,-0.54,-1.35,-0.32,3,0,0
-1.29,2.06,-2.43,0.73,-1.98,0.16,-1.89,-0.88,3,0,0
-1.8,-0.58,1.39,0.3,-0.24,0.97,-3.27,-0.42,3,0,0
-0.37,-1.13,1.72,0.31,-2.39,-0.36,-3.74,-2.44,3,0,0
1.89,1.24,0.78,-0.22,0.77,-1.1,0.62,1.75,3,0,0
2.68,-0.19,2.08,-0.05,-2.47,0.0,0.47,-0.9,3,0,0
0.87,-0.79,1.64,-1.76,0.8,-0.67,0.17,0.74,3,0,0
-3.17,-1.03,-0.97,1.12,-0.6,1.6,-1.24,-1.82,3,0,0
1.25,2.77,-0.97,1.06,2.8,-2.05,1.79,1.84,3,0,0
-0.32,-0.03,0.47,2.05,1.04,-0.92,-0.35,-1.36,3,0,0
-1.44,-0.73,0.01,1.41,2.48,-1.23,0.72,0.83,3,0,0
0.63,1.24,0.39,0.63,1.86,-1.5,0.19,0.46,3,0,0
-0.42,1.11,-1.81,-0.88,1.07,-0.95,0.99,2.81,3,0,0
2.21,1.3,1.02,-0.14,-1.74,1.08,1.12,-0.99,3,0,0
-0.03,-2.35,1.61,0.59,-1.77,0.43,-0.17,-2.63,3,0,0
0.2,-0.43,2.46,1.68,-0.49,1.75,0.71,-1.19,3,1,1
0.58,-1.51,0.02,-0.78,-0.58,1.67,3.63,0.38,3,0,0
-0.38,0.11,0.15,-0.26,1.11,0.22,-0.03,0.97,3,0,0
2.98,0.79,1.86,2.23,1.94,-2.85,1.85,0.89,3,0,0
0.4,0.65,0.06,0.72,-1.91,-0.02,-1.15,-0.21,3,0,0
-2.21,0.23,0.09,0.74,-0.13,0.99,-2.18,-1.22,3,0,0
0.96,1.79,1.12,0.9,3.35,-1.44,1.37,0.97,3,0,0
-1.44,1.57,-3.98,-3.26,0.66,-0.22,-0.62,3.25,3,0,0
-1.49,-1.47,1.43,0.16,0.43,0.02,-0.66,0.51,3,0,0
1.83,0.88,0.39,1.82,-1.75,-0.42,-0.15,-1.64,3,0,0
-0.76,0.23,1.91,0.91,-0.36,2.08,-2.02,-1.93,3,0,0
-1.41,1.22,-2.07,1.92,-1.05,-0.47,-1.84,-1.23,3,0,0
4.7,-0.64,2.93,2.41,-1.05,-1.72,3.99,-0.74,3,0,0
3.02,1.45,0.96,-0.73,0.11,-0.37,2.46,2.05,3,0,0
-3.4,-0.57,-4.16,-1.33,-1.22,0.7,-1.27,-0.24,3,0,0
-0.65,0.16,-1.49,-2.69,-1.32,-0.13,-0.88,2.48,3,0,0
-0.41,-1.54,-1.05,-1.71,-1.96,0.9,-0.12,-1.01,3,0,0
2.35,0.36,3.09,2.34,-1.38,-0.81,-0.84,-2.46,3,0,0
-0.71,-0.81,-1.26,-1.19,-1.61,0.38,-1.0,-0.52,3,0,0
-0.42,-0.53,-1.32,-1.56,-2.15,2.39,0.93,-0.36,3,0,0
2.6,-0.98,1.16,0.5,0.03,-1.55,3.06,1.35,3,0,0
1.34,1.14,4.35,0.4,1.6,-1.06,-1.66,1.75,3,0,0
1.06,0.74,-0.65,-0.33,-0.23,0.37,1.56,-0.48,3,0,0
3.93,1.16,2.27,1.78,-2.38,-1.03,0.26,-0.5,3,0,0
-0.15,-1.39,2.11,0.35,-0.99,1.45,-0.42,-1.92,3,0,0
-0.85,0.64,0.98,1.84,1.97,-0.91,-0.67,-0.11,3,0,0
-2.41,-0.92,0.75,0.46,1.15,1.51,-1.38,-1.25,3,0,0
0.96,-0.42,-0.03,-0.77,-2.04,-0.22,-0.43,-0.47,3,0,0
-0.53,0.27,0.56,1.19,0.19,-0.0,-1.82,-2.86,3,0,0
-0.46,-0.15,-0.82,-0.98,1.63,1.0,3.53,3.47,3,0,0
-0.64,2.85,-3.28,-0.3,0.98,-0.04,0.16,0.8,3,0,0
0.4,1.98,2.04,2.5,1.54,-0.42,-0.6,0.03,3,0,0
-0.12,0.82,-0.59,-0.25,-1.13,-0.11,-1.41,-1.62,3,0,0
-0.18,0.81,-0.98,0.78,0.68,-1.21,0.55,1.35,3,0,0
-0.82,0.69,-0.02,1.05,0.62,0.76,0.05,-0.53,3,0,0
4.52,1.08,-0.2,-0.53,-2.53,-1.17,2.99,2.27,3,0,0
3.39,0.45,2.89,1.11,0.99,-0.91,2.16,-0.47,3,0,0
-1.83,-1.4,-1.07,-0.16,1.04,1.19,2.25,1.57,3,0,0
-1.96,-0.86,-2.53,-2.44,-0.49,1.38,-0.41,-0.2,3,0,0
0.24,0.91,-1.47,-0.72,0.34,-0.28,1.39,-0.23,3,0,0
-0.45,-0.27,1.63,0.37,0.37,-0.72,-2.14,0.28,3,0,0
-1.09,1.05,1.07,2.05,1.46,0.14,-1.4,-1.78,3,0,0
-2.39,1.45,-4.25,-0.47,-0.18,0.02,-0.38,1.93,3,0,0
0.61,1.58,0.12,-1.35,0.54,-0.8,-1.06,2.01,3,0,0
0.04,0.47,-0.43,1.12,-1.93,-0.42,-1.75,-2.16,3,0,0
0.58,-2.47,0.89,-1.55,-4.56,1.98,0.51,0.02,3,0,0
-0.01,-0.46,0.26,-0.68,-0.5,1.25,1.09,0.2,3,0,0
-2.44,-1.6,0.71,-0.2,2.76,0.12,1.14,1.73,3,0,0
1.38,1.99,-1.38,1.26,-1.24,-0.36,0.99,-0.83,3,0,0
-0.1,-0.01,-1.93,1.23,0.74,0.05,3.63,0.01,3,0,0
-1.15,-0.18,-2.4,1.21,-1.15,-0.79,0.23,0.48,3,0,0
-0.04,-1.19,0.72,-0.26,1.95,0.21,2.38,0.12,3,0,0
-0.64,0.99,-1.17,1.3,-0.29,-0.82,-1.12,-3.16,3,0,0
-1.39,-0.46,-0.19,2.82,-0.14,0.99,0.61,-3.48,3,0,0
-0.68,-1.71,-0.39,0.39,-0.47,1.79,3.12,-0.15,3,0,0
-1.0,0.6,-1.33,0.48,2.1,-1.53,-0.28,-0.33,3,0,0
0.03,-0.82,-2.0,-0.23,-1.64,0.35,1.14,-1.74,3,0,0
-3.6,0.8,0.78,-1.89,0.4,0.37,1.18,0.25,4,0,0
-0.37,-1.54,-0.44,2.67,0.37,-0.16,-0.12,-0.32,4,0,0
1.12,-2.14,-0.55,0.58,2.29,-0.73,0.92,-1.64,4,0,0
0.34,-1.41,2.35,0.03,1.8,2.52,1.67,-3.62,4,0,0
-0.99,-2.2,0.69,-0.63,0.95,-1.73,1.46,-0.24,4,0,0
2.45,-1.59,-1.26,-1.27,1.53,-2.1,-0.27,-0.04,4,0,0
-1.51,0.21,-0.35,-0.9,0.44,-0.2,0.74,-0.29,4,0,0
-2.05,0.45,-3.39,2.26,-0.15,-2.83,-2.26,3.65,4,0,0
-0.92,-0.15,-0.36,-0.35,-0.18,-0.59,1.26,0.69,4,0,0
-0.49,-1.52,-0.02,2.9,-0.45,-0.38,0.1,0.58,4,0,0
1.76,2.65,-1.42,3.18,-3.01,2.99,-2.75,1.72,4,0,0
5.62,1.33,0.46,-0.74,-0.83,3.03,-2.05,-0.07,4,0,0
-1.57,1.22,2.02,-0.67,-0.65,2.73,-0.21,0.07,4,0,0
-4.19,3.75,-2.16,2.41,-2.5,1.18,-1.79,2.26,4,0,0
-3.72,-2.84,1.59,0.38,1.79,-0.83,3.08,-0.65,4,0,0
-1.86,-1.72,-0.94,0.38,1.1,-2.52,0.5,-0.15,4,0,0
0.19,-0.47,-1.57,0.92,0.6,-0.41,0.92,-0.11,4,0,0
-0.48,0.14,0.82,-0.83,0.02,1.12,1.77,-1.3,4,0,0
1.66,-0.47,2.34,-0.59,0.47,2.2,-0.28,-0.78,4,0,0
-1.64,-1.14,-2.43,1.4,0.47,-2.72,0.23,0.95,4,0,0
2.67,1.04,0.18,2.11,-2.96,2.54,-0.79,0.93,4,0,0
2.07,0.31,-1.57,2.63,-1.24,1.07,-0.36,1.2,4,0,0
0.06,-1.52,-0.36,1.25,-0.06,-0.46,1.83,-1.87,4,0,0
2.96,-1.03,2.74,-4.22,2.31,1.07,0.88,-1.73,4,0,0
2.33,-1.86,0.06,0.75,0.4,-1.23,-1.03,-0.55,4,0,0
-1.77,1.19,-1.42,1.0,-0.01,0.9,1.08,-0.5,4,0,0
-2.08,-3.75,3.58,-1.73,3.06,-1.24,1.64,-0.78,4,0,0
1.75,0.46,0.85,0.06,0.27,3.21,1.0,-1.78,4,0,0
-0.99,0.8,-1.41,1.46,-0.02,0.55,-0.02,-0.53,4,0,0
1.7,-0.17,-2.0,2.31,-1.25,-1.43,-1.99,0.94,4,0,0
1.76,-1.18,0.76,-3.37,2.74,-1.07,-0.15,-1.51,4,0,0
-0.21,2.95,-0.21,-1.59,-1.04,1.87,-0.76,0.04,4,0,0
-0.07,-0.52,-1.68,0.41,-0.48,-1.52,0.85,-0.14,4,0,0
0.52,-2.18,-1.72,2.75,1.57,-0.44,1.64,-0.84,4,0,0
1.29,-3.27,-0.71,1.38,0.7,-2.7,1.09,0.23,4,0,0
2.95,1.08,0.49,-1.05,-1.25,1.99,0.03,-1.21,4,0,0
0.43,1.82,-1.64,-0.08,-0.24,1.04,0.46,-0.3,4,0,0
1.97,0.1,-0.74,1.74,-0.66,0.67,-1.86,0.18,4,0,0
-1.92,-0.45,-4.1,2.17,-0.21,-3.36,0.68,1.22,4,0,0
2.9,1.18,4.86,-4.95,0.63,4.53,1.05,-3.58,4,0,0
-3.92,-0.44,2.48,-2.39,1.2,0.12,2.32,-1.33,4,0,0
4.06,0.69,0.29,-0.96,0.21,2.64,0.39,-2.78,4,0,0
-1.05,-1.07,2.53,-2.43,1.34,-0.02,0.96,-1.17,4,0,0
-4.28,-1.2,1.25,-2.53,3.24,-1.21,1.37,-0.74,4,0,0
-1.45,-0.15,-0.91,1.02,0.22,-0.68,-0.59,0.93,4,0,0
1.65,-0.77,-1.37,1.06,1.62,-0.78,-1.0,-0.69,4,0,0
2.46,1.48,4.39,-3.5,0.59,5.77,0.32,-2.25,4,0,0
-0.8,1.72,-0.11,-0.47,-1.34,0.7,-0.55,1.08,4,0,0
1.3,-1.97,1.52,-0.59,0.76,-0.44,0.6,-1.11,4,0,0
-1.51,-3.72,1.18,-1.16,3.36,-2.1,2.97,-2.96,4,0,0
-1.0,1.46,-0.73,4.2,-2.41,2.0,-2.21,1.93,4,0,0
1.08,-3.02,1.39,0.68,1.89,-0.97,-0.82,-0.87,4,0,0
2.47,-1.66,-0.7,0.57,1.39,-1.01,-1.09,-1.18,4,0,0
2.64,-1.39,0.73,-0.19,0.09,-0.05,0.43,-0.93,4,0,0
2.39,0.61,-0.75,-1.63,-2.28,-0.93,-0.05,1.33,4,0,0
-0.29,2.7,1.62,-1.38,-1.51,3.1,-1.21,1.2,4,0,0
-5.0,3.56,-1.28,-0.79,-1.28,0.15,-0.44,2.15,4,0,0
0.24,4.25,-1.31,-1.67,-3.45,1.31,-1.0,1.45,4,0,0
1.21,-0.93,0.04,0.67,-0.19,0.48,1.02,-0.28,4,0,0
-1.03,3.07,-0.45,0.1,-2.84,1.94,-0.62,1.21,4,0,0
-3.15,-0.0,1.01,-2.92,0.51,-1.7,0.7,1.18,4,0,0
-1.42,1.43,0.52,0.68,-1.37,1.0,-1.75,2.43,4,0,0
-0.23,0.67,1.6,-1.92,0.52,1.46,0.35,-0.52,4,0,0
0.37,-1.63,3.5,-3.79,1.71,0.17,1.43,-1.01,4,0,0
1.24,3.01,-0.82,1.02,-2.17,2.81,-1.27,1.64,4,0,0
-3.5,-2.08,-4.77,2.49,1.4,-4.42,3.62,-1.4,4,0,0
3.21,-0.63,1.49,-3.61,2.47,0.82,0.77,-2.37,4,0,0
1.77,1.6,-0.03,-1.08,-1.19,1.46,-1.05,-0.22,4,0,0
1.09,1.9,-0.2,-1.8,-1.05,1.04,-0.1,-0.49,4,0,0
2.46,-4.12,0.38,-0.94,4.01,-1.89,1.93,-3.65,4,0,0
1.41,1.62,-4.14,2.22,-2.51,-1.56,-2.21,1.83,4,0,0
-0.82,-0.74,1.89,-2.64,1.64,0.88,2.63,-2.58,4,0,0
0.26,1.63,-1.25,1.98,-0.73,2.44,-0.06,-1.08,4,0,0
-2.32,-0.94,2.31,-2.34,1.97,0.22,1.47,-1.2,4,0,0
-1.91,2.03,-0.09,-1.67,-1.91,-0.28,-0.31,1.92,4,0,0
1.74,-0.05,1.51,-3.37,0.38,0.0,-0.14,-0.26,4,0,0
-0.75,-1.39,-0.24,1.12,-0.18,-1.53,-0.62,1.76,4,0,0
-2.25,0.79,-0.99,-0.58,-0.77,-0.59,1.09,1.38,4,0,0
-1.31,1.07,-5.56,3.54,-0.99,-2.42,-0.83,2.2,4,0,0
0.53,-0.04,-0.79,1.56,-0.9,0.38,0.51,-0.29,4,0,0
-0.35,2.5,-3.19,1.99,-3.06,-0.4,-0.91,2.29,4,0,0
2.77,0.91,1.6,-2.33,0.15,2.83,0.44,-1.04,4,0,0
0.57,0.62,-1.07,1.15,-0.57,1.69,1.27,-0.56,4,0,0
1.38,1.12,0.91,-1.53,-0.99,1.63,-0.13,-0.13,4,0,0
3.29,-1.29,-2.25,2.04,0.01,-1.0,-0.1,0.02,4,0,0
-1.31,-1.19,-0.48,2.27,-0.03,-0.41,0.95,0.5,4,0,0
-2.24,-1.33,1.67,-1.78,1.88,-0.07,2.5,-0.72,4,0,0
-3.39,1.56,-0.02,-2.14,-0.15,-0.06,0.99,1.21,4,0,0
-3.99,3.97,-1.44,2.85,-5.32,1.68,-0.09,4.53,4,0,0
-0.4,3.64,-1.72,3.11,-3.02,3.49,-0.55,1.52,4,0,0
0.75,2.24,-1.4,0.79,-2.11,1.45,-0.44,1.58,4,0,0
2.25,0.16,0.11,-2.16,-0.33,0.52,1.66,-1.59,4,0,0
2.62,3.08,-2.82,4.56,-4.5,3.81,0.1,0.31,4,0,0
0.28,-5.35,1.6,-1.55,3.43,-3.39,2.45,-1.54,4,0,0
2.25,-1.52,0.83,-2.45,1.39,-0.87,0.23,-0.24,4,0,0
3.52,-1.15,-2.27,0.09,0.61,-2.3,-0.94,-0.09,4,0,0
-1.7,-0.59,-1.59,-0.82,1.92,-1.98,1.83,-1.83,4,0,0
-1.22,-3.41,0.41,-2.48,3.44,-3.22,3.04,-1.66,4,0,0
3.39,2.43,-1.58,-0.84,-0.64,2.72,0.1,-1.94,4,0,0
0.15,0.87,1.22,-1.5,0.64,2.01,0.14,-1.2,4,0,0
-0.78,1.15,-0.96,-0.37,-0.92,-0.27,0.3,0.28,4,0,0
-0.76,-1.77,-4.34,4.44,-0.66,-4.21,-0.66,2.0,4,0,0
3.16,-0.71,0.51,-2.37,1.13,-0.35,-0.32,-1.8,4,0,0
1.41,-2.22,-1.31,1.43,1.16,-1.63,0.9,-0.82,4,0,0
-2.27,2.3,-0.51,1.58,-2.08,1.36,-1.69,1.64,4,0,0
-2.07,1.21,0.56,-1.56,-0.99,0.05,0.26,1.06,4,0,0
0.26,-0.29,0.71,0.52,0.07,0.78,-0.45,0.43,4,0,0
-1.02,0.6,0.4,0.74,-1.44,1.53,1.13,-0.05,4,0,0
-1.37,-0.22,1.41,0.15,-0.01,1.41,1.2,-0.23,4,0,0
1.04,1.1,-1.2,0.3,-0.78,0.59,-1.22,-0.29,4,0,0
0.54,0.1,-1.86,3.27,-0.74,0.76,0.08,0.64,4,0,0
1.83,-0.07,1.27,-0.98,-0.34,1.21,0.18,-2.41,4,0,0
-0.6,-2.16,-2.58,0.75,1.18,-3.75,0.77,-0.02,4,0,0
-0.22,-0.06,-3.56,1.22,-0.7,-3.03,-0.17,0.51,4,0,0
-5.79,-0.77,-1.77,2.63,-0.92,-2.19,2.77,1.21,4,0,0
1.7,-1.28,2.53,-1.8,0.12,1.33,1.95,-1.22,4,0,0
0.2,0.87,-1.33,0.62,-1.72,-0.19,-0.17,1.32,4,0,0
-5.4,-3.15,0.72,-0.31,1.31,-3.03,4.03,0.24,4,0,0
0.78,-1.41,-0.73,2.1,0.98,-0.05,-0.21,-0.41,4,0,0
3.42,1.58,0.57,-0.62,-0.32,3.47,-0.44,-1.32,4,0,0
-6.47,-2.37,-1.85,5.1,0.04,-2.91,1.31,2.66,4,0,0
-0.33,3.13,0.05,3.08,-4.11,3.89,-1.56,0.96,4,0,0
1.11,-2.47,1.57,-0.78,2.47,-0.52,0.2,-0.64,4,0,0
2.05,-1.2,-1.27,-1.59,1.67,-1.27,0.95,-1.57,4,0,0
0.22,-2.99,0.73,1.86,1.88,0.12,0.86,-1.71,4,0,0
-1.22,0.58,-1.36,1.11,-1.68,-0.88,0.03,1.74,4,0,0
-2.02,1.01,-0.31,0.56,-1.19,-0.18,-0.99,2.02,4,0,0
0.69,1.57,2.23,-2.98,-1.08,1.56,-1.09,1.47,4,0,0
1.62,-0.22,1.13,-3.2,1.37,0.07,-0.5,0.21,4,0,0
-0.62,-3.19,-3.27,3.87,2.67,-2.98,-0.58,0.24,4,0,0
-1.1,0.18,-0.85,-1.15,-0.19,-1.23,1.0,0.72,4,0,0
0.51,-1.46,2.4,-1.09,1.59,1.69,1.48,-2.22,4,0,0
-2.58,1.87,-1.13,0.01,-2.48,0.04,0.8,0.19,4,0,0
-0.27,2.29,0.57,-2.3,-0.03,1.17,-2.05,1.85,4,0,0
-0.57,-0.72,-2.05,0.03,2.05,-1.74,0.25,-0.72,4,0,0
-0.01,2.73,-0.52,-0.39,-1.69,1.93,-0.55,0.64,4,0,0
2.32,0.94,1.99,-0.64,-0.44,3.53,-0.05,-1.83,4,0,0
-1.91,2.02,-0.78,0.42,-0.37,1.69,-0.19,0.82,4,0,0
0.86,-1.25,0.73,0.26,0.9,-0.47,-1.36,0.49,4,0,0
-1.13,2.1,-1.3,-1.17,-1.45,-0.67,-0.88,1.17,4,0,0
-2.35,-0.37,1.16,0.53,0.23,0.56,0.99,-0.47,4,0,0
1.47,3.32,0.78,-0.4,-2.54,3.85,-1.07,-0.72,4,0,0
1.85,-0.07,-2.83,2.94,-1.85,-0.5,-0.44,1.51,4,0,0
-0.3,-0.91,1.67,-1.53,1.19,0.85,2.12,-0.92,4,0,0
0.32,0.74,4.36,-3.88,-0.32,3.08,1.03,-1.51,4,0,0
-1.77,1.47,1.7,-0.05,-1.95,1.92,-0.19,1.13,4,0,0
-0.68,-3.06,-0.83,2.18,1.4,-1.72,1.8,-2.23,4,0,0
-0.93,0.78,-1.04,0.53,-0.63,0.3,0.39,-0.1,4,0,0
-0.66,0.72,-1.65,-1.01,-0.56,-1.19,0.76,1.55,4,0,0
1.66,0.08,-2.23,1.57,-0.6,-1.09,-1.56,0.44,4,0,0
-3.0,0.32,0.2,-0.02,-0.02,-0.98,-0.88,2.1,4,0,0
2.14,-2.58,0.87,-1.23,2.84,-0.43,0.59,-2.29,4,0,0
-0.25,-3.1,2.78,-1.18,2.72,-1.28,-0.22,-0.24,4,0,0
0.73,0.48,-1.76,1.68,-0.47,-0.33,-0.99,0.86,4,0,0
3.15,-1.37,0.92,-2.76,1.06,-0.51,1.15,-1.56,4,0,0
0.25,-2.03,3.01,-1.96,2.82,1.58,2.49,-4.04,4,0,0
1.37,-4.01,-1.77,1.75,1.64,-3.15,1.95,-1.42,4,0,0
0.63,-0.69,0.8,0.03,0.44,0.77,0.64,-0.69,4,0,0
1.04,2.09,0.26,-2.35,-0.49,1.56,-0.1,-0.36,4,0,0
-2.17,-1.14,1.76,0.84,0.76,0.98,0.91,-1.12,4,0,0
2.25,1.74,0.51,-0.68,-0.8,3.28,0.46,-1.03,4,0,0
1.14,-2.21,3.52,-0.35,2.03,2.18,0.52,-2.92,4,0,0
-1.06,-0.25,-0.11,-0.7,1.82,0.21,0.92,-0.8,4,0,0
1.92,0.89,-2.02,-1.09,0.46,-0.62,-0.35,-0.17,4,0,0
1.53,0.85,-0.84,-1.2,0.77,0.84,-0.45,0.41,4,0,0
-0.39,-2.38,-1.54,1.87,0.29,-3.42,-0.62,1.3,4,0,0
2.11,-0.39,0.26,-0.14,-0.07,0.13,-1.27,-0.2,4,0,0
2.34,-1.35,0.61,-0.16,0.75,-0.1,-0.8,1.07,4,0,0
-2.13,-1.54,-1.16,-1.33,1.56,-2.8,2.55,-0.44,4,0,0
1.33,1.18,0.07,-0.22,0.05,1.89,-0.33,-0.09,4,0,0
1.55,-3.0,-1.62,0.53,3.16,-2.62,-0.01,-0.39,4,0,0
1.15,0.2,0.47,-1.96,1.21,1.04,1.45,-2.55,4,0,0
1.04,-2.23,0.86,-0.94,1.19,-0.94,1.56,-1.39,4,0,0
-1.25,1.04,1.04,-0.27,-0.13,2.34,1.13,-0.2,4,0,0
-1.24,1.95,-1.27,1.12,-2.47,1.05,0.81,0.68,4,0,0
3.73,-0.15,-2.55,2.46,-0.48,-0.11,-1.57,-1.18,4,0,0
-0.43,0.44,-0.88,-0.32,-0.87,-1.21,-0.49,0.22,4,0,0
-2.03,-1.39,2.51,-2.08,0.76,-0.5,1.81,-2.09,4,0,0
-2.44,1.59,0.23,-0.88,0.0,1.32,1.06,-0.13,4,0,0
-1.85,1.37,-0.63,1.16,-1.33,1.49,1.1,0.62,4,0,0
-0.14,-1.64,-0.49,1.12,-0.06,-1.84,-0.86,-0.07,4,0,0
-0.06,0.88,1.16,0.34,-1.83,0.96,-1.33,1.61,4,0,0
-0.83,-0.96,0.68,-0.16,0.69,-0.55,-0.29,-0.15,4,0,0
-0.67,-0.29,0.81,-0.39,0.03,1.09,2.05,-0.31,4,0,0
1.03,1.21,0.08,0.22,-0.18,2.52,-0.29,-0.04,4,0,0
0.31,-2.85,0.26,-1.59,2.25,-2.69,1.13,-1.96,4,0,0
0.95,1.69,-1.88,1.44,-1.46,1.52,-0.49,1.49,4,0,0
-0.62,3.23,1.65,-0.76,-2.15,3.45,-1.12,1.12,4,0,0
-0.56,-3.0,-1.77,3.54,0.76,-2.69,0.25,-0.73,4,0,0
-4.31,1.01,-2.12,1.28,-1.17,-1.26,1.28,0.72,4,0,0
0.46,-0.14,-1.2,1.14,-1.12,0.0,0.82,0.26,4,0,0
-0.94,2.31,-0.0,-2.45,-0.85,1.02,0.99,1.03,4,0,0
0.93,1.38,-0.67,0.41,-2.24,0.77,-0.12,0.34,4,0,0
-0.09,-1.64,-1.52,1.93,1.43,-1.34,-0.51,0.11,4,0,0
4.44,1.77,0.48,-0.79,-1.49,3.38,-0.2,-1.22,4,0,0
1.37,-0.78,-0.24,-1.09,0.59,-1.22,0.16,-1.6,4,0,0
1.31,-1.58,3.56,-3.28,2.86,1.58,1.0,-2.42,4,0,0
-2.46,2.06,-0.24,2.97,-1.89,3.08,0.09,-0.48,4,0,0
-1.42,-1.19,-2.17,1.53,0.07,-2.82,-0.45,1.43,4,0,0
2.48,0.91,0.38,-0.41,0.27,2.81,0.25,-2.53,4,0,0
-3.69,1.85,0.3,-1.86,-1.77,0.74,3.3,-0.24,4,0,0
1.15,-2.03,2.29,-2.31,1.73,-0.51,0.05,-0.01,4,0,0
-1.35,0.59,-0.8,2.17,-0.54,2.02,2.25,-1.17,4,0,0
-0.62,-2.3,-2.02,-0.18,3.15,-2.51,2.14,-1.8,4,0,0
3.8,0.43,-0.27,-0.97,0.11,0.86,-0.56,-1.61,4,0,0
-1.32,0.71,0.67,1.68,-1.18,1.5,-1.13,1.55,4,0,0
-1.1,2.08,-2.94,0.57,-1.38,-0.7,-0.53,1.06,4,0,0
0.47,0.49,2.07,-2.74,0.21,0.85,-0.75,-0.32,4,0,0
-2.89,-0.61,1.22,-0.55,0.43,-0.54,-0.68,0.63,4,0,0
-3.27,-1.37,-1.68,2.27,1.06,-1.83,1.11,-0.08,4,0,0
0.37,0.79,0.29,-0.48,0.07,1.75,0.32,0.04,4,0,0
-1.6,-0.01,-2.34,0.69,-0.55,-1.49,1.99,1.23,4,0,0
-7.55,-0.9,2.09,0.22,0.2,-0.21,3.42,0.37,4,0,0
-0.41,0.27,1.12,-1.59,1.51,1.48,1.29,-1.89,4,0,0
-0.47,-0.2,-1.2,1.26,0.64,-0.63,-1.03,1.32,4,0,0
1.46,-0.0,-0.41,-2.23,0.47,-0.43,1.99,-2.39,4,0,0
-3.15,1.25,-0.3,1.07,0.08,1.69,1.06,-0.35,4,0,0
3.06,0.87,3.09,-2.77,0.06,4.12,1.02,-2.55,4,0,0
2.58,-1.1,2.97,-3.66,1.53,1.17,1.27,-2.32,4,0,0
1.76,-0.85,-2.95,2.07,-0.48,-2.61,-0.92,0.8,4,0,0
2.13,-0.06,-2.13,0.86,-0.09,-0.64,0.2,-0.49,4,0,0
-1.54,-2.81,-0.34,-0.23,1.76,-2.93,1.61,0.29,4,0,0
0.99,0.77,2.17,-2.87,-1.05,2.24,2.25,-0.5,4,0,0
-2.31,0.98,1.4,-1.08,-0.49,0.55,-0.99,0.38,4,0,0
-1.84,-3.21,1.47,0.69,1.13,-2.82,-0.37,0.54,4,0,0
-0.54,0.27,-0.66,1.16,-0.24,0.43,-0.25,-0.19,4,0,0
-0.21,-2.12,0.83,-2.31,2.37,-0.57,3.68,-3.05,4,0,0
1.42,-2.06,2.23,-0.13,1.76,2.35,3.08,-2.9,4,0,0
1.39,1.84,-1.93,-0.12,-0.42,0.43,-0.79,0.17,4,0,0
0.96,-2.11,-0.13,-1.37,1.76,-2.57,-0.15,-0.53,4,0,0
-2.3,1.68,-1.89,-0.04,-1.0,-1.32,-2.28,2.98,4,0,0
0.78,0.68,-1.18,1.19,-0.44,0.79,-0.06,0.16,4,0,0
0.02,0.49,-0.62,3.66,-2.38,1.65,-0.38,1.4,4,0,0
-3.65,4.75,-4.16,2.64,-4.13,0.11,-1.28,2.98,4,0,0
0.07,1.35,-0.83,1.53,-1.8,1.52,0.11,0.58,4,0,0
-2.28,0.04,3.53,-1.25,0.25,2.37,1.0,-1.26,4,0,0
0.78,4.37,0.51,-2.79,-2.59,2.65,-1.49,0.93,4,0,0
-1.27,-1.93,-0.83,1.5,1.64,-0.45,2.6,-0.58,4,0,0
2.6,-0.92,0.6,-0.44,0.03,0.44,-0.35,-0.06,4,0,0
1.22,2.45,1.4,-3.45,-1.5,2.22,-0.21,-0.02,4,0,0
1.4,-0.57,-1.19,-0.51,-0.48,-1.18,0.69,0.38,4,0,0
0.86,2.86,-2.77,1.21,-2.97,0.88,-0.5,2.07,4,0,0
-2.05,-0.66,-1.85,2.32,0.13,-1.72,0.11,1.01,4,0,0
3.0,-2.93,0.77,1.98,2.61,2.41,2.32,-3.76,4,0,0
-2.24,-1.11,-2.26,-0.03,1.64,-3.34,0.3,0.71,4,0,0
-1.82,-1.18,-1.34,-3.04,2.46,-3.29,2.71,-1.79,4,0,0
-0.74,3.77,-3.0,1.1,-3.8,0.42,-0.86,2.14,4,0,0
-0.16,-0.56,-2.11,1.3,-1.03,-2.03,0.32,0.38,4,0,0
3.84,-4.67,3.0,-2.08,3.59,-0.49,1.89,-3.18,4,0,0
1.89,1.84,-2.42,0.95,-1.4,-0.37,-2.8,0.84,4,0,0
-1.43,1.82,-2.6,1.18,-1.48,-1.06,-0.97,1.97,4,0,0
0.82,-1.35,-0.48,2.03,0.09,0.22,1.37,-1.45,4,0,0
-0.44,-2.93,0.42,-1.79,3.33,-2.03,2.39,-2.33,4,0,0
0.7,-1.82,1.36,-1.44,2.63,0.19,1.31,-2.8,4,0,0
-0.09,-0.43,-0.02,-0.4,0.36,-0.99,-0.94,0.32,4,0,0
2.81,-0.4,-1.48,-0.77,1.03,-0.46,0.79,-0.37,4,0,0
-1.33,-0.97,2.03,-2.42,0.98,-0.05,2.28,-0.73,4,0,0
1.51,0.37,-0.17,0.37,-0.99,2.17,1.78,-0.63,4,0,0
0.33,1.31,-0.54,1.35,-1.33,1.22,-1.08,1.65,4,0,0
-0.19,-0.4,-0.12,-0.51,0.38,-0.11,0.94,-0.05,4,0,0
-0.68,-0.73,-2.33,1.53,-0.35,-1.76,1.76,-0.91,4,0,0
-0.37,1.86,-2.76,1.08,-1.04,0.39,0.32,0.65,4,0,0
-0.29,1.62,2.66,-0.97,-0.29,4.4,0.13,-2.08,4,0,0
1.16,-1.56,1.04,-1.07,1.19,0.02,1.05,-1.32,4,0,0
1.36,0.99,0.26,1.02,-2.19,1.99,-0.54,-0.1,4,0,0
2.93,3.76,2.87,-4.54,-0.56,4.74,-2.24,-1.33,4,0,0
-3.42,0.03,-1.38,1.39,-0.58,-1.67,0.49,0.46,4,0,0
-4.0,1.7,2.53,-1.3,-0.16,3.31,2.46,-2.54,4,0,0
1.72,0.23,-4.09,1.88,-0.14,-1.77,-1.74,1.15,4,0,0
0.44,1.77,-1.03,-1.36,-0.77,-0.45,-1.18,-0.36,4,0,0
0.26,0.47,2.95,-2.89,0.31,1.93,0.27,-1.19,4,0,0
1.79,1.22,-2.3,0.78,-2.48,-1.42,-1.95,2.42,4,0,0
2.6,-3.2,1.76,-1.36,2.49,-0.04,2.32,-3.89,4,0,0
-1.06,2.49,-0.19,1.71,-2.82,1.67,-3.12,2.7,4,0,0
0.5,1.15,-0.75,0.76,-0.64,1.14,-0.62,0.74,4,0,0
-2.25,-0.31,-1.84,0.39,0.01,-2.0,1.24,-0.48,4,0,0
-2.41,0.79,-0.19,1.03,-1.4,-0.21,-0.65,1.94,4,0,0
1.32,0.97,0.99,1.24,-1.22,2.89,-0.76,-0.21,4,0,0
-2.45,-5.11,2.23,-1.27,3.85,-2.06,3.7,-2.0,4,0,0
-1.97,0.15,-1.55,3.05,-2.66,-0.79,0.15,2.54,4,0,0
-3.34,-3.39,-1.15,1.49,2.14,-3.36,3.24,-1.83,4,0,0
-1.75,0.35,-1.96,2.94,-0.9,0.53,1.32,-0.24,4,0,0
0.51,-0.45,-0.36,0.96,-1.43,-0.81,0.35,0.73,4,0,0
0.96,2.33,1.46,-0.45,-2.16,3.04,-2.15,1.31,4,0,0
-1.29,-0.91,-1.54,-0.4,0.89,-3.13,-1.05,1.05,4,0,0
-4.03,-0.36,2.46,-2.93,1.44,0.28,2.54,0.82,4,0,0
-1.84,-1.03,-2.19,2.78,-0.17,-1.09,1.43,0.24,4,0,0
-1.61,-0.52,1.44,-1.67,-0.4,-1.46,0.33,0.64,4,0,0
4.77,2.42,-0.97,-2.01,-1.36,1.36,-1.54,-0.35,4,0,0
-0.96,0.32,-2.03,1.84,-1.45,-0.55,1.34,0.54,4,0,0
2.75,-1.42,-1.59,2.06,-0.36,-0.75,-0.1,0.77,4,0,0
-1.64,-0.47,-0.27,-0.36,1.21,-0.22,1.69,-1.53,4,0,0
-1.52,1.64,-2.0,-1.18,-1.35,-1.39,0.92,0.71,4,0,0
0.06,0.45,-0.16,-1.44,0.06,-0.13,0.55,-0.84,4,0,0
-2.38,-3.52,0.14,0.13,1.77,-4.09,0.87,1.11,4,0,0
0.34,-1.29,-3.24,-0.44,2.03,-3.46,0.83,-0.45,4,0,0
0.84,-1.16,2.85,-0.95,1.69,2.27,0.98,-0.49,4,0,0
-0.13,-0.51,-1.1,1.94,0.5,-0.03,-0.81,-0.13,4,0,0
0.61,4.27,-2.22,0.85,-4.68,0.63,-3.55,4.1,4,0,0
3.21,1.33,0.93,-3.39,0.32,2.23,0.55,-1.49,4,0,0
-1.08,1.28,0.07,2.17,-3.06,1.06,-0.81,1.92,4,0,0
0.8,1.56,-0.2,0.88,-2.0,1.65,-0.82,1.57,4,0,0
-4.79,-2.12,3.48,1.1,1.3,1.98,3.16,-1.5,4,0,0
-1.3,-3.56,-1.0,1.6,2.57,-2.02,3.01,-2.02,4,0,0
0.6,0.87,-1.54,1.54,-0.61,0.42,-1.58,0.97,4,0,0
-0.66,2.33,3.29,-2.16,-0.67,4.79,0.92,-1.17,4,0,0
2.37,0.35,-2.1,2.98,-0.73,1.2,-1.33,-0.11,4,0,0
3.95,1.51,1.09,-0.06,-0.95,3.36,-2.34,0.14,4,0,0
-1.9,1.26,-1.2,2.39,-1.94,-0.27,-2.03,3.44,4,0,0
-1.39,1.36,-1.21,2.36,-0.28,1.54,-0.9,1.62,4,0,0
0.15,4.66,-2.01,0.71,-2.82,3.4,-1.24,1.05,4,1,1
1.05,0.93,-2.56,2.37,-0.7,0.43,-1.35,0.47,4,0,0
1.68,1.73,-2.68,1.74,-2.9,-1.07,-2.28,1.38,4,0,0
-3.25,-4.78,0.83,-0.13,2.73,-4.93,1.0,0.58,4,0,0
1.89,-0.88,-0.66,-0.41,0.86,-0.09,0.83,-0.53,4,0,0
1.68,0.23,0.29,0.11,-1.03,0.99,0.23,-0.23,4,0,0
0.37,3.56,-4.77,2.94,-3.18,0.15,-1.94,2.61,4,0,0
1.34,0.13,-2.5,1.29,-0.71,-1.49,-1.09,0.1,4,0,0
1.09,2.1,-0.0,-1.07,-1.62,1.1,-1.7,1.37,4,0,0
0.54,-0.47,-1.17,2.53,-1.17,-0.1,-0.52,0.4,4,0,0
1.76,-0.82,0.15,1.97,0.6,1.11,-0.78,-0.16,4,0,0
1.6,2.75,1.52,-3.3,-0.94,3.51,0.29,-0.95,4,0,0
-5.05,-5.13,1.98,0.54,3.21,-3.95,1.91,-0.1,4,0,0
-2.42,1.01,-1.96,0.59,-0.64,-0.11,2.17,-0.01,4,0,0
0.71,2.52,0.25,1.9,-2.46,3.03,-2.71,1.64,4,0,0
2.8,0.73,-0.38,-2.14,-1.09,-0.85,-1.42,-0.17,4,0,0
1.11,-0.08,2.39,-2.45,2.08,2.77,0.96,-2.09,4,0,0
-1.49,0.88,-0.87,0.16,-0.13,-0.11,-0.11,-0.52,4,0,0
-0.82,1.4,3.78,-2.18,-1.58,2.63,-1.01,1.2,4,0,0
1.42,1.58,-0.45,0.81,-2.44,0.37,-2.74,1.33,4,0,0
0.37,-2.63,3.65,-2.63,3.33,1.34,2.71,-2.8,4,0,0
0.05,-0.37,-0.24,-0.5,-0.73,-1.38,0.35,0.1,4,0,0
-1.98,1.44,-1.56,0.38,-1.17,-0.3,0.14,1.24,4,0,0
2.19,-1.82,-0.3,0.15,1.8,-0.33,1.07,-2.15,4,0,0
-2.78,0.3,-1.92,0.6,0.7,-1.48,0.17,1.88,4,0,0
-1.89,-0.73,-1.92,2.41,0.98,-1.03,-0.11,1.11,4,0,0
-1.45,-2.44,-0.56,3.06,1.04,-0.25,3.19,-1.85,4,0,0
2.48,-0.6,2.21,0.45,-0.36,1.59,-2.04,0.05,4,0,0
1.59,3.25,-1.65,-0.49,-2.29,1.51,-1.11,0.64,4,0,0
-3.21,-0.09,-5.62,7.19,-2.31,-3.55,-2.02,2.67,4,0,0
6.48,1.29,-1.61,2.09,-2.4,1.82,-2.52,-0.13,4,0,0
2.47,0.41,-1.44,-1.14,-0.33,0.05,1.41,-1.12,4,0,0
-0.4,1.59,-0.7,-2.15,-0.67,-0.69,-0.63,1.87,4,0,0
0.8,2.04,0.11,-0.96,-0.17,3.2,0.38,-1.11,4,0,0
-1.44,-2.63,1.23,-1.21,2.35,-1.45,2.18,-1.24,4,0,0
-1.93,0.77,2.48,-0.03,-2.18,2.06,0.61,0.11,4,0,0
-0.16,-1.1,0.23,1.46,0.68,0.28,0.11,0.13,4,0,0
-0.79,-0.5,1.61,-0.39,0.23,0.97,1.26,-1.76,4,0,0
-1.41,1.03,-0.5,0.96,-0.76,0.56,-0.59,0.61,4,0,0
-4.54,0.76,-2.91,2.09,-2.91,-3.17,0.7,3.07,4,0,0
-0.54,-3.68,-1.1,0.54,2.79,-3.37,1.59,-2.08,4,0,0
1.0,-2.88,-1.36,2.32,1.03,-3.26,-2.22,0.98,4,0,0
2.3,0.23,1.76,-1.48,0.43,2.77,1.11,-2.52,4,0,0
2.7,-1.76,0.98,-1.89,2.17,0.32,1.87,-2.78,4,0,0
0.12,2.81,-1.02,-0.83,-3.27,-0.11,-1.49,3.1,4,0,0
0.37,-0.03,0.01,-1.68,1.45,0.1,0.84,-1.34,4,0,0
1.46,2.53,0.86,-0.56,-3.09,2.38,-1.77,1.93,4,0,0
-3.56,-1.65,1.14,-0.73,2.12,-1.69,0.83,-0.53,4,0,0
-0.52,-2.68,0.42,-2.2,3.6,-0.87,4.0,-3.52,4,0,0
-0.4,0.69,-4.44,-0.24,-0.16,-3.92,-0.27,0.91,4,0,0
1.31,-1.15,-2.11,4.98,-0.22,0.72,-0.51,0.53,4,0,0
-3.14,1.27,-2.38,1.39,0.01,-1.21,-0.32,2.69,4,0,0
1.8,1.29,1.15,-0.71,-0.39,2.99,0.18,-0.77,4,0,0
2.85,1.27,-0.4,-0.26,-0.79,1.43,-1.27,1.54,4,0,0
-3.78,2.3,1.71,-0.83,-2.41,1.87,0.88,1.07,4,0,0
-0.8,-2.18,2.46,1.36,2.36,2.03,0.4,-1.06,4,0,0
