@relation SyntheticData-N_600-D_16-Nmin_100-Zmin_16-CL_3_3-R_0
@attribute X0 real [-6.10, 8.28]
@attribute X1 real [-10.16, 7.81]
@attribute X2 real [-9.67, 6.59]
@attribute X3 real [-6.97, 6.94]
@attribute X4 real [-7.25, 7.18]
@attribute X5 real [-8.33, 6.91]
@attribute X6 real [-8.53, 7.54]
@attribute X7 real [-8.61, 5.99]
@attribute X8 real [-6.83, 6.48]
@attribute X9 real [-7.12, 7.34]
@attribute X10 real [-7.34, 6.37]
@attribute X11 real [-7.57, 6.37]
@attribute X12 real [-7.14, 6.58]
@attribute X13 real [-7.82, 7.79]
@attribute X14 real [-7.12, 6.37]
@attribute X15 real [-8.16, 7.76]
@attribute cluster_idx {0,1,2,3,4,5}
@attribute is_noise {0,1}
@attribute Class {0,1}
@inputs X0,X1,X2,X3,X4,X5,X6,X7,X8,X9,X10,X11,X12,X13,X14,X15,cluster_idx,is_noise
@output Class
@data
-3.24,-0.9,-3.34,-0.5,-2.45,-2.12,0.12,2.0,-3.77,0.38,-0.37,2.96,1.17,2.8,1.4,-2.45,0,0,1
3.87,1.94,1.16,-2.09,-0.68,-0.84,-1.13,1.37,3.4,2.24,-2.65,-0.62,-4.85,-3.05,-4.25,1.42,0,0,1
0.11,-1.59,-5.19,0.19,-7.11,-8.33,6.71,5.67,-1.13,5.42,1.84,0.64,-2.13,4.33,1.58,-3.2,0,0,1
5.57,-3.33,-0.18,-1.99,-2.36,0.74,-0.44,-5.57,-0.12,0.56,-1.45,-3.23,-3.91,2.05,-3.57,4.08,0,0,1
-2.87,0.64,1.24,-4.08,-2.9,-0.71,3.63,-1.14,-3.29,3.28,0.56,1.44,6.06,2.56,1.86,-0.58,0,0,1
-0.54,2.51,2.7,-3.97,-0.97,-2.57,-2.56,-6.55,1.19,0.03,-1.15,-2.35,-1.71,5.02,4.14,4.61,0,0,1
-0.33,-1.31,2.55,-4.14,2.77,2.93,-0.4,0.37,-1.0,-1.0,-2.36,3.84,0.46,-0.41,1.56,2.16,0,0,1
-1.96,-0.16,-3.79,3.49,-6.05,-0.22,4.59,5.92,-1.83,3.61,1.25,-0.59,1.18,0.73,-2.23,-4.35,0,0,1
1.4,1.12,-0.52,-1.39,1.25,-2.84,-0.41,-1.02,-0.1,-0.19,0.86,-0.99,-0.81,2.56,-1.1,0.03,0,0,1
0.55,-0.61,0.33,-2.09,-1.64,-0.08,-1.04,-0.43,-3.58,2.36,-1.75,1.61,0.92,-0.7,-0.36,-1.08,0,0,1
-1.67,1.31,1.52,-3.77,0.22,-0.16,-1.11,-1.61,-1.7,1.29,-2.79,-0.28,1.85,0.86,1.93,0.09,0,0,1
-1.52,-1.75,-2.62,0.0,-3.5,1.41,5.06,-0.3,-1.99,5.95,0.26,-0.05,3.1,2.53,-1.03,1.48,0,0,1
2.36,1.54,1.39,-0.15,3.25,3.39,-4.73,-2.0,2.03,1.07,-1.57,-3.7,-2.77,-2.5,-2.13,1.39,0,0,1
-1.86,-0.6,0.75,-0.49,0.8,0.32,2.19,1.02,1.71,2.61,1.75,0.12,0.95,0.55,2.58,1.54,0,0,1
-0.03,0.48,-0.01,-4.01,2.95,-2.9,-1.36,4.75,2.37,-2.87,2.31,2.19,-1.38,-0.9,-0.44,-2.14,0,0,1
-0.67,-1.37,-3.04,5.28,0.93,-2.02,1.79,2.94,0.81,1.62,1.32,0.53,-0.11,-4.13,0.01,-4.57,0,1,0
-1.88,-4.38,-0.78,-0.56,1.17,0.45,-0.63,-3.74,-3.81,-0.75,-0.66,2.13,4.05,-0.96,3.7,-1.39,0,0,1
1.89,-2.28,-2.68,4.12,-1.12,-0.7,1.13,0.07,-1.99,0.8,-0.54,-0.67,-0.51,-2.55,-1.82,-4.11,0,0,1
1.0,-0.76,-0.93,0.54,-0.78,1.6,2.0,-2.54,0.55,5.97,-0.96,-3.61,-0.14,1.24,-1.2,2.9,0,0,1
-0.72,0.74,-1.02,-0.11,0.69,0.53,-1.4,4.48,2.46,-3.5,-0.42,2.57,-4.7,-0.96,-1.54,-0.89,0,0,1
-3.51,5.31,-1.73,2.37,-0.81,2.27,1.12,3.32,2.08,0.86,-2.46,-0.96,-1.65,1.11,-0.97,-0.59,0,0,1
-2.45,-2.15,-1.6,-1.26,1.89,1.41,-2.83,-1.55,0.64,2.74,3.3,-2.61,1.82,1.4,2.08,1.52,0,0,1
-2.34,-0.55,-2.55,-0.64,-0.18,-0.74,3.1,1.13,1.8,4.8,1.73,-0.9,0.4,2.16,0.59,1.45,0,0,1
0.63,-0.46,0.17,-0.46,-2.91,-1.84,0.43,0.87,-1.3,-0.28,-1.29,-0.87,0.14,2.14,3.39,-0.28,0,0,1
-1.88,-2.12,0.05,0.62,-0.08,1.38,-2.15,-0.92,-0.17,-0.71,0.26,-3.35,2.27,0.94,5.77,0.07,0,0,1
-3.3,0.93,-1.1,-2.35,-1.34,-0.3,0.44,0.7,-1.01,2.85,0.64,-0.92,3.19,2.3,1.97,-0.87,0,0,1
-0.19,-1.87,-2.48,1.23,-4.12,-2.31,0.47,3.07,-2.69,-0.42,-0.53,2.75,-0.13,-0.25,0.61,-2.74,0,0,1
-0.59,-2.11,-1.37,-3.05,-5.53,-3.19,3.83,2.39,-3.07,5.33,-3.11,3.4,-0.32,3.9,2.84,2.22,0,0,1
-0.68,-2.67,-2.05,0.49,-1.38,-4.69,1.28,0.24,0.93,2.12,3.48,-1.64,-0.01,2.48,4.68,-0.39,0,0,1
1.87,5.43,3.32,-0.94,3.86,0.21,-5.62,-0.22,2.92,-2.35,-2.57,-0.92,-3.3,-2.92,-1.83,0.14,0,0,1
-4.2,1.38,-2.13,2.09,-0.19,-3.88,1.0,3.5,-3.57,2.27,2.19,2.97,5.21,0.49,0.68,-4.4,0,0,1
1.61,-1.64,3.45,-0.77,0.42,3.57,-1.65,0.88,5.11,0.1,-0.5,-1.8,-2.72,-2.63,2.81,4.98,0,0,1
-0.34,3.43,-0.9,2.79,-0.15,-3.71,-2.46,-0.39,-0.78,0.42,-0.2,-4.4,-0.66,0.64,-0.13,-4.17,0,0,1
0.62,-1.36,1.26,-3.92,3.03,1.45,-3.17,-0.29,0.69,-2.25,-1.44,0.3,-1.66,-0.99,1.23,0.58,0,0,1
-3.77,3.71,1.12,-3.19,-0.39,-0.35,5.72,0.5,-1.16,3.78,-0.07,-1.84,-4.0,-0.63,-0.71,-0.72,1,0,1
0.8,2.47,-0.95,-0.35,0.65,-0.2,1.87,-1.56,-1.46,3.12,3.9,-2.86,-2.5,1.77,-2.46,0.68,1,0,1
0.5,-0.38,-2.13,-0.05,0.65,-4.49,-3.52,-1.48,1.07,-1.1,1.65,0.72,-0.15,2.39,2.02,1.6,1,0,1
1.54,1.33,0.24,-0.19,-0.16,-2.9,-0.4,-2.68,-1.48,0.92,-1.14,1.58,0.42,4.06,-0.52,0.45,1,0,1
3.09,2.49,-0.2,-0.38,-0.04,6.08,3.29,4.6,1.48,-1.16,-2.8,-2.86,2.48,-4.44,1.26,-1.91,1,0,1
-3.43,-0.83,1.59,-1.41,1.35,-0.38,0.34,-1.22,-1.04,-1.29,0.58,-1.3,-2.15,-1.98,-0.98,1.65,1,0,1
0.47,-0.64,1.43,0.02,2.04,-0.07,1.08,2.12,1.12,0.58,-3.9,-2.86,-0.71,-2.43,-3.94,-1.37,1,0,1
-0.97,-2.48,-1.08,-2.23,-0.63,0.76,-0.47,2.8,3.57,2.32,1.03,2.21,-3.55,-0.06,-0.9,-0.6,1,0,1
-1.26,1.54,0.49,-3.45,0.14,-0.01,2.95,3.2,0.15,1.06,0.88,1.04,-1.86,-1.21,-1.55,-1.29,1,0,1
-1.77,2.39,-1.85,0.77,5.9,1.74,-0.1,5.46,1.31,2.08,-1.45,-4.9,1.13,-4.1,-0.24,-2.91,1,0,1
-2.1,-0.36,1.85,-3.29,-0.56,2.2,3.72,-0.25,-0.34,-1.82,-0.91,-4.15,-0.95,-2.86,-2.38,0.73,1,0,1
-1.03,-1.85,-0.31,-2.84,3.44,0.48,-2.31,1.41,4.44,-1.41,-0.72,-2.01,0.22,-1.3,1.17,0.25,1,0,1
-3.03,-4.35,-1.09,1.6,-0.56,-3.28,-4.57,-1.59,2.09,-1.64,2.17,-2.75,-1.39,-1.33,0.59,3.94,1,0,1
1.03,-2.03,-1.5,1.68,0.48,0.58,-4.63,2.63,-1.87,0.93,2.43,5.87,1.8,1.68,0.86,-3.34,1,0,1
-2.07,1.66,1.96,0.31,2.39,1.47,1.68,-0.94,-0.39,3.0,-1.42,1.05,1.55,0.75,6.3,0.8,1,0,1
-0.31,-3.51,3.74,-0.89,-5.02,-0.92,4.41,-7.83,-1.99,1.32,1.24,0.12,-4.32,3.16,-1.15,5.57,1,0,1
4.78,-2.33,-0.79,1.19,-2.06,4.75,0.45,2.07,-1.67,0.27,2.64,5.54,0.9,0.68,-1.34,-0.86,1,0,1
1.79,2.0,-1.93,1.66,-2.11,1.44,1.14,-2.48,-0.69,1.03,-0.44,3.39,-0.78,4.71,0.64,1.74,1,0,1
-2.32,3.35,-1.6,-3.71,0.9,2.4,4.67,4.14,3.54,-1.68,-3.7,-2.61,4.56,-3.89,6.26,0.04,1,0,1
3.1,-1.35,3.76,0.09,-2.02,4.4,3.23,-1.41,-2.57,-2.61,-1.07,-0.99,-1.5,-3.55,-2.35,0.17,1,1,0
3.88,-1.51,0.55,1.27,0.45,-2.6,-3.25,-4.77,-1.92,1.24,5.01,0.82,-0.15,4.1,1.04,2.43,1,0,1
1.6,1.45,-0.7,-0.88,-2.17,-2.27,0.9,-2.75,0.87,0.19,1.26,-1.36,-2.08,1.98,-1.48,2.77,1,0,1
-2.89,-3.02,2.48,-3.02,-0.81,-0.85,3.68,0.8,-0.36,-0.48,-0.3,-0.06,-1.92,-4.59,1.18,0.64,1,0,1
-2.09,2.54,1.3,-4.36,-0.33,-0.97,1.43,3.19,2.92,2.27,-0.11,1.56,-0.49,0.02,1.53,-1.29,1,0,1
1.61,1.93,-2.31,-1.68,-0.86,2.37,1.44,1.83,4.26,-2.44,-2.49,-0.12,-1.18,-0.62,2.58,0.32,1,0,1
8.28,0.29,-1.54,-0.73,-0.58,0.76,-0.8,-1.12,0.67,-0.43,3.85,2.72,-2.17,3.38,-1.2,0.08,1,0,1
-3.21,-1.73,-1.18,0.73,1.55,-1.44,-1.65,0.59,0.37,-0.44,0.79,0.17,-1.64,-0.91,0.01,1.94,1,0,1
-2.08,-2.35,0.21,-0.42,-0.78,1.66,-0.09,-1.77,0.48,2.15,0.52,0.36,-0.13,2.51,0.43,1.9,1,0,1
3.74,0.59,-1.74,0.98,-0.82,1.76,-2.23,-0.08,-0.57,-1.83,2.02,3.1,2.42,1.25,3.29,-0.94,1,0,1
0.35,1.54,-0.93,-3.21,1.41,-2.56,-0.31,0.75,1.28,-2.2,1.25,-2.56,2.44,-1.29,1.17,1.08,1,0,1
1.93,-0.07,2.44,-1.29,-0.56,-0.76,1.43,1.15,-2.69,0.53,5.58,1.08,-1.23,-4.05,-0.9,-3.78,1,0,1
1.49,-4.39,1.79,-0.95,0.76,0.56,-4.67,0.29,0.71,-1.12,1.26,3.78,-1.79,0.41,0.28,-2.84,1,0,1
0.07,-3.53,4.34,1.04,-2.59,0.71,-0.07,-2.75,-5.39,-1.99,0.62,2.7,1.39,-1.07,-1.39,-1.4,1,0,1
-3.3,-1.98,-0.92,0.15,1.05,-3.22,0.34,1.63,-0.38,1.51,1.72,-1.8,1.62,1.29,2.08,1.07,2,0,1
3.74,4.25,0.45,2.64,-4.22,-5.07,2.51,-6.26,-1.63,1.69,1.84,-7.57,-2.69,-1.45,5.24,-6.43,2,0,1
0.58,2.83,0.21,1.04,-0.02,-2.08,3.69,-0.29,0.16,-1.04,3.23,-1.54,0.14,0.65,-0.66,-3.81,2,0,1
-1.97,-1.25,1.24,2.46,-2.26,-2.74,-0.87,0.81,-0.49,-3.96,-3.35,2.07,0.31,-2.22,-1.8,0.7,2,0,1
2.91,2.64,3.67,2.53,-2.41,-0.63,1.71,-8.61,0.83,1.76,-1.34,-1.51,4.26,-7.82,-0.91,-8.16,2,0,1
3.53,-0.56,1.31,2.74,0.98,2.88,0.32,0.78,2.34,-2.16,-2.77,-1.84,1.59,-2.39,0.32,-4.19,2,0,1
-2.26,1.35,1.29,2.6,1.14,0.97,2.26,-0.67,3.3,2.03,1.42,-3.4,3.83,-0.19,2.17,-3.08,2,0,1
-2.23,-1.28,-2.97,-2.77,5.43,-0.02,1.25,1.35,1.24,2.69,5.02,-1.78,1.56,4.08,2.69,3.33,2,0,1
4.02,-0.64,1.24,2.37,0.12,0.23,-5.23,-1.13,0.36,-1.87,-5.35,1.85,-1.65,1.11,-3.35,-1.16,2,0,1
-0.27,-3.78,-0.38,-2.97,1.22,0.49,-0.87,0.91,-0.12,-1.21,1.36,2.09,1.22,0.32,-0.5,3.35,2,0,1
-0.95,0.97,-0.05,0.66,0.77,2.47,-1.83,0.94,-0.13,1.25,2.84,-0.36,0.49,0.45,-2.22,0.47,2,0,1
-0.84,-1.61,-1.07,0.7,-2.37,0.73,-0.75,0.61,-0.86,1.31,-2.7,-0.83,0.47,-2.24,2.08,1.29,2,0,1
0.39,0.01,2.08,2.11,-0.88,2.24,0.9,3.32,1.0,-0.92,-0.14,0.95,1.05,1.08,-1.56,-2.43,2,0,1
-3.35,2.17,1.05,3.95,2.5,1.92,-3.23,1.37,3.3,-1.71,-3.34,0.62,1.02,1.89,-4.46,-2.08,2,0,1
-1.27,-5.0,-0.86,-2.13,1.5,0.11,-3.82,1.14,-2.32,-4.96,-1.63,6.37,2.67,1.02,-5.67,3.93,2,0,1
0.28,-5.61,1.02,1.59,5.99,3.09,-1.28,-0.48,-2.74,2.4,1.15,-0.2,1.2,-1.13,3.49,1.52,2,0,1
-1.54,2.7,0.46,3.75,-0.96,-0.77,2.69,-1.68,2.18,1.67,-3.36,-0.61,1.11,-2.35,1.34,-1.98,2,0,1
2.05,-3.21,2.2,-1.66,1.73,4.76,-0.02,1.17,0.42,-0.45,2.52,2.81,3.53,-0.1,-3.45,-1.11,2,0,1
-5.35,1.28,0.41,2.7,3.38,0.62,-2.06,1.76,2.54,-0.77,0.76,-1.68,3.0,2.12,-3.08,-2.95,2,0,1
2.86,-1.19,-1.01,0.58,-1.62,-0.2,0.88,0.81,1.02,-0.25,-2.14,-0.61,-1.48,0.09,2.99,1.97,2,0,1
-3.6,1.59,-1.84,0.56,2.21,3.15,1.27,1.15,0.35,2.71,3.26,-2.84,2.91,-4.08,-0.27,-1.31,2,0,1
-3.04,-0.9,2.06,3.05,-1.49,-1.48,-0.15,-3.44,0.75,1.59,-1.34,0.45,4.77,-3.23,-2.11,-2.19,2,0,1
-1.27,3.07,0.43,1.95,0.57,-1.9,1.81,-1.47,1.41,-0.53,1.85,-3.73,-1.31,1.9,3.88,-1.79,2,0,1
2.19,-1.19,2.56,2.32,-2.06,-0.38,-1.92,-5.1,0.8,0.53,0.1,-1.0,1.11,-0.71,-2.95,-2.38,2,0,1
-2.04,-0.63,1.05,3.38,2.49,0.84,1.31,-1.22,2.88,-0.68,0.08,-3.5,3.8,-0.55,0.16,-4.6,2,0,1
3.15,-1.9,0.19,0.29,-3.66,-2.97,2.55,-3.86,-2.98,1.3,1.07,-1.88,-3.47,-3.12,4.87,2.0,2,0,1
-0.53,0.95,-0.0,2.66,-2.73,-0.56,2.5,-0.1,0.46,3.99,-1.42,-1.87,0.28,-3.58,3.82,0.75,2,0,1
-0.1,0.97,3.08,6.35,1.21,1.59,2.85,1.61,1.22,3.48,1.16,-5.35,1.17,-2.42,1.28,-7.8,2,0,1
3.96,3.72,-0.9,0.08,-6.19,-0.37,1.19,3.82,0.92,-0.96,-3.3,1.56,-5.4,1.22,0.22,1.85,2,0,1
2.58,-4.42,1.38,1.21,-1.61,-2.58,-1.68,-0.53,-3.17,-3.97,-0.95,-0.26,-1.2,-0.11,0.1,-0.61,2,0,1
-5.01,-0.57,-0.05,-0.01,2.13,-1.99,-1.3,-2.15,1.67,-2.15,1.29,-1.48,2.38,-0.0,0.46,1.26,2,0,1
-4.34,-3.53,4.72,5.51,4.88,4.41,3.34,1.84,4.07,4.56,4.68,-1.73,6.12,-1.93,-2.69,-4.36,2,0,1
-0.21,2.25,-0.54,4.71,-0.76,0.45,0.68,3.94,2.92,-0.99,-3.39,-1.31,-0.93,0.7,-1.08,-1.44,2,0,1
-1.7,2.89,3.18,-0.87,-0.11,-0.05,-1.75,-0.76,-1.95,-0.34,-0.0,2.17,-1.53,-3.34,-0.47,-0.23,3,0,0
3.76,1.63,-1.36,-2.51,1.48,-2.89,2.24,-0.7,-0.26,4.35,0.14,-2.51,-0.2,2.39,2.76,1.83,3,0,0
0.9,-0.94,0.6,0.15,-1.37,0.07,-1.79,0.42,-1.01,0.16,1.5,-2.08,-0.45,-0.88,2.21,1.76,3,0,0
1.03,2.0,-0.14,-1.03,-2.45,-0.26,-2.3,2.17,-2.41,2.95,1.3,0.09,-1.9,0.62,1.17,1.66,3,0,0
-1.97,-0.04,-4.26,0.73,1.17,2.84,3.65,-2.92,-0.66,-1.12,1.17,-1.31,-0.18,-1.53,0.85,-3.75,3,0,0
-0.18,3.33,-0.42,6.94,-1.14,-3.29,4.17,-2.51,-1.52,-2.15,6.37,-4.19,0.51,2.46,2.24,-0.77,3,0,0
-1.5,1.14,0.15,-4.96,-0.76,2.35,-1.19,-0.84,0.22,1.77,-2.35,0.09,-1.7,-2.14,3.76,-1.57,3,0,0
-0.23,-2.31,-1.98,-0.99,-2.14,-0.77,0.99,1.61,-1.65,1.48,-2.49,0.11,-1.87,-2.37,-2.81,3.78,3,0,0
2.13,-0.75,-1.21,-0.91,2.26,1.15,0.46,-1.22,2.98,-1.19,-3.15,-2.1,5.24,4.38,4.21,-0.6,3,0,0
0.43,1.87,0.75,1.19,0.53,4.39,-3.45,-2.81,-1.28,-1.51,2.42,1.94,2.54,-0.74,0.14,-2.66,3,0,0
1.25,1.09,-1.29,1.87,-1.27,-3.23,0.05,3.58,-2.09,0.77,1.06,-3.57,1.65,4.75,1.01,0.29,3,0,0
-3.41,-1.52,-0.36,-0.45,-3.29,0.9,0.02,2.78,1.97,-1.2,0.19,-1.73,-0.74,-0.15,1.09,-0.11,3,0,0
-2.64,3.04,5.62,-0.83,1.24,-5.3,-0.86,-0.53,-1.82,-3.14,-1.07,-2.44,0.01,1.84,1.75,-0.86,3,0,0
-0.14,2.3,1.08,1.08,-1.53,1.71,-5.56,0.06,-6.54,-0.51,0.75,0.67,2.01,-1.15,-1.54,-0.9,3,0,0
-0.74,2.32,-0.79,0.13,1.03,1.55,0.28,1.82,-1.11,-2.68,-3.63,1.25,2.04,0.02,1.98,-0.12,3,0,0
-3.53,-1.5,-0.28,0.82,-2.13,0.66,0.58,-0.06,-3.52,-0.41,-4.11,1.46,-2.04,-6.92,-3.85,-1.07,3,0,0
-0.37,-2.23,-2.38,2.52,-2.95,5.55,-2.98,1.5,-4.47,-0.11,2.41,1.55,-1.5,-5.78,-3.61,-2.11,3,0,0
-1.09,-3.45,-0.47,2.02,-0.03,1.54,-0.87,-2.06,-1.45,-2.55,1.94,-1.97,2.35,-0.91,-3.14,-0.35,3,0,0
0.47,-0.33,-0.56,0.29,-0.29,-3.34,1.18,3.83,-1.85,0.4,-0.69,-0.78,-1.21,2.07,-1.54,3.1,3,0,0
-0.79,1.28,0.03,-3.81,1.92,1.46,-1.48,1.52,-0.66,1.23,-4.48,2.59,0.39,-1.36,1.03,0.33,3,0,0
3.41,-0.59,1.83,-0.3,-1.74,-2.46,-0.78,5.99,0.26,0.6,3.25,-0.2,-3.33,1.99,1.17,5.97,3,0,0
1.65,-1.52,0.27,-4.6,2.03,1.23,-3.17,-0.0,-2.34,4.22,-0.37,1.34,-2.93,-2.57,-2.22,-1.31,3,0,0
0.74,-1.17,1.55,-0.88,1.23,0.65,-2.17,-0.86,0.04,0.18,-2.47,0.47,2.6,-0.86,-1.0,0.86,3,0,0
-0.12,2.45,3.26,-1.55,2.42,-0.46,-1.49,1.28,-0.5,-1.89,-0.42,3.74,-0.59,2.07,-1.26,-0.67,3,0,0
1.41,1.79,1.58,-2.48,3.49,-1.21,-0.45,-1.97,0.66,1.25,-2.93,0.87,2.49,1.65,0.21,-1.36,3,0,0
1.52,-0.34,-1.41,0.15,0.85,3.59,0.24,-1.25,-2.22,-2.98,-0.37,-0.34,1.13,-0.28,2.36,-1.11,3,0,0
-2.4,2.56,5.28,-0.42,0.53,4.94,-7.68,2.06,-2.08,-6.11,-5.88,5.87,6.58,-2.78,-2.12,0.88,3,0,0
2.63,-0.22,-1.27,0.46,0.87,1.59,-2.84,1.4,-1.57,1.62,-1.34,-0.36,6.08,1.23,-1.07,1.83,3,0,0
-0.06,-0.71,-1.08,0.71,-0.65,-0.33,-1.38,1.82,-1.91,-1.34,-2.98,-1.77,2.68,1.22,0.7,0.77,3,0,0
-1.16,1.21,1.64,0.68,3.91,-2.16,1.32,-1.29,0.58,-0.26,1.51,1.79,-2.11,0.56,-2.39,-3.46,3,0,0
-6.1,0.7,1.49,3.6,-1.51,-0.79,1.23,1.95,1.5,-5.91,-2.68,0.75,2.14,-0.72,-0.29,2.24,3,0,0
-1.49,1.57,2.04,2.56,1.05,-3.68,0.09,1.82,-3.77,-1.83,3.74,-1.51,-1.32,0.2,-1.21,2.33,3,0,0
-1.56,0.33,0.47,-3.65,3.04,-3.2,4.53,1.24,2.18,-0.85,2.18,-1.98,-5.36,2.63,2.39,-1.3,3,0,0
1.69,-1.55,0.04,0.2,-3.87,-0.41,-2.26,5.2,-2.16,0.76,0.73,-0.4,-2.63,0.28,-0.96,0.32,3,0,0
-1.4,1.97,2.33,0.28,-1.0,-3.12,-1.1,-0.01,0.39,1.85,3.29,-1.18,-2.04,0.52,0.72,1.2,3,0,0
2.37,-0.58,-0.5,-0.56,0.39,-3.7,-0.33,4.05,1.52,1.63,-0.14,-1.53,2.18,7.04,-0.12,3.71,3,1,1
-0.66,-1.9,-4.04,-2.95,-0.77,2.21,0.57,3.62,-1.35,0.01,-2.57,-2.03,-1.02,-1.29,2.47,0.87,3,0,0
0.56,-2.09,1.99,-2.87,1.47,3.07,-5.17,2.04,-1.34,-1.6,-6.15,3.32,3.99,-1.36,-2.94,-0.15,3,0,0
2.71,0.52,-2.94,0.8,0.44,2.13,-1.15,0.65,-4.09,1.64,1.91,-1.7,2.79,0.4,0.43,0.74,3,0,0
0.44,1.11,-1.04,1.62,-2.34,-2.79,7.54,2.84,0.29,-2.41,3.74,-3.27,-6.9,-1.12,5.83,3.56,3,0,0
4.69,-1.42,-3.8,-1.56,-0.98,1.63,-0.12,1.66,-3.45,4.02,-1.61,0.81,-0.66,-0.27,-1.88,0.21,3,0,0
3.36,-2.1,-0.75,1.82,-1.0,0.44,-2.72,-1.28,0.3,2.21,-0.04,0.22,2.77,1.9,-2.79,-0.65,3,0,0
-1.53,1.31,2.03,-1.67,0.03,-0.36,-1.6,3.91,-3.09,-2.28,-3.67,1.43,0.71,-1.04,-0.42,2.17,3,0,0
1.44,2.19,1.6,-5.45,0.67,-2.04,1.93,-1.07,1.21,2.36,-3.08,-0.15,-2.65,0.45,3.09,-1.33,3,0,0
-0.07,-1.22,0.85,-0.14,-1.07,-0.6,-1.78,-0.12,-1.25,0.82,-1.17,-3.88,2.96,-2.92,2.4,3.15,3,0,0
2.74,-2.12,-3.21,0.74,-0.2,4.65,-1.14,-0.79,-5.1,0.25,-2.49,1.67,0.53,-5.64,-2.85,-1.47,3,0,0
-0.11,7.81,2.86,-2.69,2.73,-2.48,-0.25,-0.17,0.1,1.29,-1.2,1.29,2.74,4.91,3.19,-0.93,3,0,0
-1.71,2.91,0.6,0.67,0.84,2.31,-2.32,0.3,-4.44,-2.29,-3.16,3.28,1.24,-2.51,-1.2,-2.22,3,0,0
3.34,0.42,-4.69,-0.12,-2.17,-1.33,5.23,-3.79,1.07,5.34,-1.4,-1.05,-1.72,0.16,-0.22,-1.4,3,1,1
-0.34,-1.93,-0.03,-1.67,-0.44,-0.67,0.04,1.14,1.9,2.71,-0.67,-1.43,-1.39,-1.98,1.39,2.29,3,0,0
-1.01,-2.09,0.19,-0.07,0.41,-2.8,1.87,0.37,1.26,0.19,0.93,-3.47,-1.91,-0.32,1.34,1.15,3,0,0
-1.75,-1.72,-0.68,2.25,-1.32,2.53,-1.53,1.23,1.03,-0.49,0.64,2.01,0.93,-1.29,-2.75,0.42,3,0,0
0.75,2.58,1.84,0.99,3.85,-3.47,1.59,-2.08,-1.33,-1.99,2.6,-1.81,2.3,4.79,0.47,0.04,3,0,0
2.19,0.21,2.38,1.57,-1.54,-0.6,-2.34,2.52,-1.56,-0.56,3.03,1.04,-2.14,0.56,-0.63,1.66,3,0,0
1.08,-0.17,-0.14,2.76,-2.72,2.11,-1.69,-1.8,-1.65,-0.47,-0.64,0.83,2.22,-1.72,-1.21,-0.53,3,0,0
-2.3,-1.17,-0.85,0.98,1.43,1.6,2.49,0.49,2.13,-1.99,0.58,2.56,-1.53,-1.41,-2.18,-0.84,3,0,0
5.45,0.78,-3.44,0.44,-1.78,-2.56,3.54,-1.88,-0.51,6.34,1.48,-2.77,-1.06,0.76,1.74,2.24,3,0,0
-0.6,-3.53,0.27,3.62,-1.16,2.47,-2.17,1.34,-2.0,-3.86,2.28,-0.41,0.71,-2.99,-2.46,1.19,3,0,0
1.43,-1.49,-2.75,-3.6,0.27,3.77,2.16,0.82,2.76,2.06,-1.79,2.61,-2.74,-1.63,1.32,-0.29,3,0,0
1.3,0.83,0.07,-2.34,-0.79,-2.36,3.04,0.75,1.01,3.34,0.13,2.09,-5.66,-2.1,0.07,3.98,3,0,0
-1.12,3.84,0.72,-1.43,-0.42,-2.08,1.47,-4.72,-0.01,2.0,0.16,-1.16,-0.77,1.01,2.48,-1.84,3,0,0
-1.63,-1.17,0.9,2.17,0.66,-1.69,1.45,2.72,1.76,-3.71,-1.46,-0.52,0.89,0.68,-0.26,1.35,3,0,0
-3.31,-0.9,-0.25,0.19,0.23,0.18,2.59,-0.76,-1.12,-2.44,-2.57,0.81,-1.33,-4.08,-2.27,-1.43,3,0,0
-3.3,0.09,0.65,-0.21,-2.07,-0.61,1.74,-3.72,2.65,1.91,3.29,-1.01,-4.35,-1.76,1.59,-1.72,3,0,0
3.26,-2.13,-0.48,-0.47,1.58,1.09,-2.17,0.13,3.63,1.13,-0.45,-0.21,4.26,4.22,0.58,1.78,3,0,0
0.62,0.54,-0.78,-0.88,0.76,1.98,0.39,-1.65,2.22,-0.71,-1.74,1.69,2.01,3.17,0.06,-3.62,3,0,0
-0.3,-1.32,-1.49,-2.89,-0.09,1.47,-0.36,3.09,1.28,2.26,1.2,1.07,-3.84,-1.32,0.28,0.74,3,0,0
2.62,-1.77,-3.98,-1.29,-4.06,-0.31,4.43,3.22,0.88,0.94,0.12,-3.26,-2.36,2.19,3.8,2.96,3,0,0
1.78,2.04,-1.8,0.19,-4.62,0.27,-0.22,1.78,-2.98,2.78,1.7,-0.06,-3.93,-0.1,1.3,-0.98,3,0,0
1.31,0.42,1.33,-0.51,-1.95,-3.57,-0.86,-3.46,0.92,4.87,-0.53,-2.05,1.44,0.32,-0.15,2.79,3,0,0
-4.42,3.13,-1.01,-1.53,-0.81,2.75,0.75,-0.18,-0.86,-2.6,-1.95,0.9,-0.24,0.64,1.49,-6.27,3,0,0
-0.19,3.71,2.86,0.35,1.56,-1.32,2.58,-2.19,0.04,-3.2,-1.85,1.94,-0.8,0.44,1.45,-3.24,3,0,0
-2.3,-0.3,-1.03,-6.97,5.07,4.58,0.66,-5.28,3.54,2.09,-6.4,6.01,-0.74,-3.98,-1.02,-3.12,3,0,0
-2.68,3.31,1.74,0.9,1.56,0.85,0.74,2.36,1.33,-3.16,2.52,0.55,-0.72,1.11,4.31,-1.37,3,0,0
-5.01,2.8,3.57,-2.12,0.17,-1.97,-4.01,-0.75,-2.66,0.79,-3.6,2.41,-0.02,-1.38,-2.88,-0.54,3,0,0
-1.75,2.22,2.59,2.63,0.34,0.41,-4.28,2.38,-4.04,-4.83,-2.32,2.14,3.36,0.55,-2.41,-0.98,3,0,0
1.4,1.76,-2.82,1.16,0.24,-4.4,2.38,-0.15,-3.71,5.88,3.88,-6.7,-0.65,0.54,2.99,-0.52,3,0,0
2.57,-2.69,1.14,-0.6,0.03,-1.65,-0.44,2.97,0.61,0.73,0.76,0.66,-2.77,0.42,-2.25,1.96,3,0,0
0.38,-2.96,0.72,0.67,-3.59,-0.96,-0.53,-2.58,4.2,2.94,1.2,-1.31,0.11,-1.11,-0.97,3.57,3,0,0
1.0,4.2,-0.8,1.56,-0.36,-0.74,1.15,-2.31,-2.3,0.74,2.76,-0.56,0.29,2.4,0.94,-2.75,3,0,0
-0.31,0.35,3.33,-1.94,-0.9,2.23,-6.3,-4.23,-6.18,1.43,-2.86,1.43,1.55,-6.89,-3.61,-1.78,3,0,0
-1.34,0.24,1.9,-0.5,1.2,-2.06,-0.01,-1.93,0.3,0.49,-0.23,-2.62,1.57,-0.41,2.04,1.58,3,0,0
3.71,-1.33,1.38,2.74,0.56,-3.15,-0.66,2.59,-0.4,-3.4,2.1,-3.34,3.17,7.79,0.99,1.93,3,0,0
-0.06,-1.91,-2.69,-1.43,-1.96,2.54,-0.04,2.09,1.05,0.66,-0.41,-0.31,-0.97,-0.59,0.76,0.0,3,0,0
-0.22,-0.49,2.65,-0.58,1.84,-1.1,-2.73,1.74,1.29,-1.88,-2.06,-1.56,3.89,1.87,1.77,2.41,3,0,0
-4.55,-0.76,1.2,3.97,1.76,-0.85,0.96,-1.53,2.0,-4.15,1.11,-0.51,1.36,-0.1,-1.0,-1.38,3,0,0
2.09,2.86,-1.5,0.93,3.71,-1.9,2.05,0.08,-0.87,1.68,1.9,-1.97,1.74,3.99,2.02,-1.76,3,0,0
1.45,0.39,-0.74,-0.8,3.46,3.37,-0.42,-1.87,-0.23,-1.7,-4.29,2.4,4.5,0.68,-0.29,-2.52,3,0,0
1.31,1.73,0.39,3.56,-1.34,3.76,-3.07,4.04,-5.87,-3.97,5.25,2.11,-0.32,-0.16,-1.27,-0.3,3,0,0
0.23,0.76,-1.49,4.29,-2.67,-2.51,1.4,2.0,-2.18,0.12,1.31,-2.57,0.12,1.75,-1.18,-2.42,3,0,0
1.13,-3.49,-4.77,1.95,-2.46,1.19,2.25,1.92,1.76,1.78,2.83,-3.94,-1.22,-0.34,1.27,-0.59,3,0,0
-1.59,-1.57,-1.71,1.07,1.65,1.51,4.55,-1.19,-1.64,-1.1,-1.96,3.86,-4.42,-6.01,-3.83,-1.74,3,0,0
0.88,-3.44,-2.5,0.56,-2.51,0.77,0.87,-0.92,4.94,4.59,-0.36,0.08,1.62,-0.78,-1.89,4.08,3,0,0
1.72,-0.28,-0.59,0.31,-0.31,-0.72,-1.1,1.87,-1.36,-0.54,0.46,-3.78,2.87,3.06,2.72,1.92,3,0,0
0.99,-2.95,0.3,-2.67,2.4,-0.87,1.8,-0.2,3.18,-1.66,-6.52,1.12,1.94,1.06,-0.75,1.78,3,0,0
-1.55,-0.85,2.54,-0.75,-0.25,-4.79,2.24,2.26,2.43,0.37,3.51,-0.71,-4.85,0.3,-0.38,5.52,3,0,0
2.45,-0.25,1.71,-0.44,0.82,-1.26,0.21,2.4,-1.33,-0.43,-0.47,0.47,-0.87,-0.78,0.13,3.0,3,0,0
-4.82,4.23,0.1,2.07,0.21,3.12,-0.54,0.79,-5.83,-2.63,2.22,4.71,-3.93,-5.65,-2.88,-3.99,3,0,0
7.35,-2.71,-2.81,1.19,-3.24,0.42,0.35,-1.8,-2.72,5.99,3.2,-1.86,-3.17,-3.17,-1.18,-0.23,3,0,0
-0.74,-2.42,4.56,1.84,0.85,-6.08,1.91,0.78,4.7,-3.86,-0.81,-3.18,1.2,2.88,0.77,3.59,3,0,0
0.12,0.47,0.95,0.66,-2.68,-1.94,0.82,-0.64,0.52,1.18,2.54,-1.93,-1.68,0.64,1.0,-0.21,3,0,0
1.18,1.03,1.51,-0.67,0.13,1.1,-2.62,2.36,0.32,1.59,4.8,2.15,-2.46,0.35,0.44,2.77,3,0,0
0.14,3.28,6.35,-2.6,3.52,2.81,-8.53,-0.65,-4.27,-2.83,-3.3,3.73,5.74,0.55,-1.44,-3.94,3,0,0
1.49,4.02,-2.02,-2.76,4.69,1.91,0.54,-2.67,-1.17,2.02,1.8,-0.07,0.74,3.29,3.66,-4.3,3,0,0
-2.78,2.19,3.63,1.37,1.64,1.35,-0.23,-4.59,-2.75,-3.06,1.01,3.43,-2.42,-4.65,-1.83,-4.0,3,0,0
-2.48,-1.4,2.77,3.53,-0.71,-3.03,1.84,-1.06,2.16,-3.53,1.15,1.89,-3.55,-0.17,-3.47,0.72,3,0,0
3.01,-4.53,-5.12,-0.29,-1.43,6.91,2.46,0.8,2.45,1.14,4.16,2.06,-4.57,-3.34,-0.74,-2.82,3,0,0
4.54,1.14,-0.1,-2.63,0.14,3.45,-4.74,-0.71,-3.2,2.79,-2.72,0.12,3.65,-0.6,2.71,-0.99,3,0,0
3.31,-4.85,-5.91,-1.09,0.77,0.27,4.01,-3.69,3.84,4.51,-0.33,-2.6,1.37,1.62,-1.14,1.71,3,0,0
-2.66,-1.22,0.35,-1.26,1.18,0.64,0.98,2.99,4.2,-3.44,-3.44,2.66,-0.64,2.29,0.42,-0.3,3,0,0
-2.8,-1.2,-1.66,3.21,-1.79,-0.55,3.86,-5.14,0.84,-0.62,2.98,-3.53,-1.17,-2.55,0.77,-0.74,3,0,0
2.46,-1.04,0.9,-2.07,-0.45,2.1,-2.29,0.37,1.62,0.25,-3.21,1.04,1.48,0.22,1.57,-0.46,3,0,0
0.35,-1.51,-3.75,2.64,-3.75,4.01,-0.24,-1.46,-4.52,1.11,-2.24,0.73,0.13,-5.96,-2.24,-1.76,3,0,0
-1.61,-2.21,1.28,1.84,-2.75,1.29,1.32,1.38,1.95,-3.96,-0.09,0.7,-1.89,-3.72,0.48,2.86,3,0,0
-5.36,0.28,2.11,1.06,0.97,-0.09,0.84,-0.37,1.08,-5.44,-2.08,0.72,1.68,0.08,-1.09,-1.99,3,0,0
-0.34,0.46,-0.93,3.02,-3.25,-3.27,2.56,0.39,1.02,1.85,3.33,-1.74,-1.71,1.35,-0.38,3.3,3,0,0
-2.6,1.32,1.83,2.45,0.11,-6.74,1.35,-0.82,0.21,-0.04,2.42,-3.46,-0.09,3.87,-0.65,1.26,3,0,0
1.37,-4.72,-3.92,3.8,-2.24,0.76,2.21,0.39,-0.37,1.51,1.7,-1.25,-1.77,-3.52,-3.23,0.93,3,0,0
0.5,0.92,0.05,2.34,2.62,4.63,-1.69,0.42,-2.66,-3.89,1.3,1.18,2.26,-2.34,1.05,-2.88,3,0,0
-1.89,3.48,-0.15,-0.74,0.59,1.15,2.2,-1.01,0.1,-1.54,-0.69,-0.42,-0.51,-0.23,4.63,-2.55,3,0,0
2.26,0.38,-2.56,-1.88,-0.14,-1.77,1.49,0.69,-0.17,6.13,1.98,0.09,-2.71,0.77,-0.89,3.24,3,0,0
-2.63,0.38,0.24,-1.97,3.12,-0.76,-0.66,0.38,1.19,-0.02,-3.23,0.29,2.4,1.92,0.45,0.45,3,0,0
2.68,0.78,-0.21,-0.43,-0.79,0.01,-0.25,-1.95,-2.93,3.86,2.94,0.04,-3.44,-2.38,-0.6,-1.14,3,0,0
0.41,-3.63,-2.36,4.85,-0.32,2.01,1.47,-2.93,1.57,-2.49,0.07,-0.55,2.74,-0.11,-2.44,-2.36,3,0,0
0.17,-2.45,1.6,-3.03,2.7,0.6,1.95,0.7,3.45,-2.94,-1.66,1.11,-3.93,-1.04,1.71,-2.01,3,0,0
3.04,-4.7,-3.85,0.93,-0.41,1.71,-4.03,2.6,-3.26,2.31,-0.63,-1.87,3.76,1.16,-4.34,0.37,3,0,0
-1.76,-3.51,1.02,-0.5,1.33,-3.81,0.49,0.83,1.85,0.0,1.22,-3.3,-1.16,1.1,-0.72,3.27,3,0,0
-4.75,1.94,4.27,1.02,1.12,-1.89,-1.82,1.07,-2.05,-4.7,-2.64,2.02,1.12,0.28,-2.97,-1.41,3,0,0
-3.42,-0.34,-0.43,1.06,-1.0,2.05,-4.32,-0.41,0.48,-0.5,-2.87,1.74,3.6,0.81,-2.93,-2.64,3,0,0
-2.99,0.7,3.05,3.44,-1.91,-1.54,-0.7,-2.03,1.12,-3.94,-2.1,-1.5,3.12,-0.51,0.34,-0.38,3,0,0
-0.36,2.8,1.31,1.9,-1.73,-1.64,-2.34,2.5,-3.22,1.4,6.1,-1.68,-2.58,1.38,1.46,0.83,3,0,0
-1.03,0.37,2.54,-1.08,3.65,-0.04,-0.59,-2.74,-0.72,-1.06,4.04,0.12,-2.53,-0.58,0.57,-1.2,3,0,0
-1.06,-1.45,-2.24,4.31,-1.14,4.39,-2.96,1.56,-3.4,-3.28,-2.85,0.77,6.09,-2.13,-2.8,-0.51,3,0,0
-2.23,-2.6,1.07,-2.17,2.31,6.1,-2.83,0.1,-1.45,-4.55,-1.8,2.72,1.07,-5.39,-1.21,-1.04,3,0,0
0.18,-0.53,-2.11,-0.07,-1.87,-2.07,2.23,1.97,-1.11,2.7,4.56,-3.29,-5.11,-0.01,1.98,1.65,3,0,0
-0.81,0.71,1.14,1.31,1.17,0.75,-3.52,2.75,-1.31,-0.47,1.02,4.02,0.28,0.95,-4.15,0.65,3,0,0
2.24,-1.6,-2.7,-4.18,0.11,-1.84,2.66,2.32,0.16,3.96,1.21,-3.1,-4.27,0.97,2.8,1.87,3,0,0
1.69,5.13,4.97,-1.11,3.43,-3.1,-4.21,-0.09,-5.77,-0.08,-1.53,1.3,3.01,2.21,-0.76,-0.28,3,0,0
-0.43,-2.14,0.03,-2.16,-1.13,0.81,-1.44,-0.8,1.08,1.72,-1.02,-0.14,-1.95,-2.12,0.01,0.27,3,0,0
-0.82,6.37,3.39,5.17,-1.76,-2.46,-0.0,-1.63,-3.97,-4.25,0.35,0.89,3.91,2.42,-0.85,-0.62,3,0,0
1.27,1.14,2.71,-1.47,2.43,-1.52,-3.21,2.67,-1.51,1.68,3.08,-0.51,-0.63,0.66,0.98,2.47,3,0,0
-1.75,-1.15,-0.53,-3.79,-0.48,4.11,-2.12,-2.6,1.6,2.13,-7.34,2.38,2.94,-4.88,-0.24,-1.23,3,0,0
-1.18,0.45,2.03,-2.5,5.52,1.56,-1.26,-0.75,-0.38,-4.5,-4.56,-0.34,5.45,1.06,2.66,-0.72,3,0,0
1.37,-2.6,-1.78,-1.56,-0.65,2.18,1.21,-0.27,3.47,0.79,-1.74,1.22,-1.45,-0.8,0.26,-0.7,3,0,0
-0.98,0.64,5.14,-1.88,4.1,-1.01,-4.01,-0.44,-0.07,-3.82,-4.03,-0.19,5.42,1.66,0.9,0.35,3,0,0
1.5,3.71,0.89,-2.17,2.49,-2.59,2.51,0.26,-0.03,1.44,2.0,-0.79,-3.08,2.45,4.64,1.19,3,0,0
3.75,2.4,0.61,-0.64,0.05,-3.03,0.85,-0.96,-1.24,3.2,4.59,-3.79,-1.17,1.97,3.83,2.41,3,0,0
-2.46,1.1,3.7,-2.18,1.64,-2.34,-1.08,-1.11,3.85,0.96,-1.64,-0.29,2.2,1.42,1.54,1.09,3,0,0
0.46,2.08,-2.37,1.73,1.05,-2.63,3.94,-1.62,0.31,3.17,4.91,-3.74,0.8,1.96,2.14,1.88,3,0,0
0.94,-0.5,-1.77,-1.25,0.94,5.05,-3.61,-1.63,-2.9,-0.5,-5.3,1.19,3.83,-1.53,-0.82,-6.21,3,0,0
-2.68,3.98,5.85,3.27,-1.67,-1.97,-1.28,-0.3,-2.27,-4.28,1.03,0.51,-0.16,-1.98,1.47,0.56,3,0,0
-2.98,-1.26,4.21,1.26,3.52,2.14,-4.04,-4.11,-1.4,-5.15,-2.51,1.62,5.86,-1.01,-4.7,-5.29,3,0,0
2.75,1.64,-1.94,1.29,2.14,-3.07,4.01,-2.32,-1.42,2.58,1.17,0.26,-0.98,1.99,-2.67,-1.67,3,0,0
0.22,5.88,2.38,2.35,-2.31,-5.47,-0.61,-2.58,-4.83,3.84,1.32,-3.95,2.05,0.47,1.63,0.36,3,0,0
-1.29,-1.7,0.26,-3.14,0.89,0.27,-0.91,1.85,2.84,-0.42,-2.55,-0.22,0.19,2.12,0.95,-1.29,3,0,0
-1.06,-2.52,-3.13,3.59,-3.65,2.71,0.68,-1.95,2.29,-0.6,0.1,-2.4,3.38,-0.63,0.22,-0.93,3,0,0
-2.4,-0.07,1.79,0.97,-0.73,-2.01,-0.99,-1.65,-3.75,-0.23,-1.9,1.47,-2.24,-3.7,-4.33,-1.12,3,0,0
5.22,-1.15,0.16,2.89,-1.57,0.24,-5.04,-4.57,-6.83,2.37,2.89,-4.78,3.87,-0.89,-1.22,-1.78,3,0,0
-0.97,-0.71,-1.4,-2.29,3.31,0.46,-0.74,3.49,-0.02,-0.08,0.44,1.05,-1.77,1.91,-0.55,-0.1,3,0,0
2.91,-2.75,0.42,0.6,-1.09,-0.71,2.3,-0.78,2.28,0.28,1.85,0.33,-2.37,-0.91,-1.03,3.1,3,1,1
2.29,-1.26,-1.14,0.3,1.11,-1.56,2.05,-2.52,2.25,2.44,4.01,-5.09,-0.93,1.74,4.56,-0.86,3,0,0
-3.57,1.31,2.17,-0.07,0.03,-0.38,2.68,1.06,2.31,-3.09,0.05,2.58,-3.88,-2.4,0.78,0.47,3,0,0
2.52,1.75,2.35,1.97,0.08,-1.82,-1.98,1.04,-0.24,-0.78,1.74,-0.37,1.4,3.75,1.3,1.08,3,0,0
0.95,-2.15,-2.42,0.55,2.88,3.83,0.58,2.28,0.26,-3.38,-1.2,3.21,2.12,0.66,-2.5,0.77,3,0,0
-3.21,-0.11,-1.03,-0.44,1.11,1.34,0.57,2.38,0.9,-2.88,-4.47,3.43,0.04,0.46,-0.94,0.2,3,0,0
1.05,0.21,2.22,1.31,-0.4,-2.79,0.64,-1.53,1.42,0.28,-1.51,1.62,0.78,0.04,-2.62,2.11,3,0,0
1.93,-3.15,-1.86,6.18,-4.97,-0.47,-0.86,1.3,-1.36,-0.96,0.28,-2.57,2.55,0.27,-2.05,1.81,3,0,0
2.95,0.33,2.01,0.54,-5.54,-2.01,-4.21,2.34,0.23,2.38,1.64,0.61,-3.64,1.43,-2.33,-4.39,4,0,0
-2.33,-1.21,-2.98,-0.08,-1.02,0.13,1.34,-1.41,-4.02,-1.33,-0.92,-0.73,-0.66,2.41,-1.81,1.42,4,0,0
-2.17,0.11,2.3,-1.53,3.32,1.76,3.73,0.99,1.06,1.21,-1.62,-5.4,0.03,-2.34,0.55,1.76,4,0,0
0.69,3.0,-2.01,3.14,3.45,2.75,0.17,1.02,2.05,3.32,1.82,0.16,-0.76,-0.01,-2.38,-0.18,4,0,0
-1.6,-3.66,-1.45,-4.92,-4.89,0.85,-4.77,-6.63,-1.51,-0.81,-3.13,0.84,2.73,-1.12,1.83,-1.92,4,0,0
0.52,0.39,-0.34,0.97,1.71,0.89,0.17,-1.69,-1.26,1.29,2.13,0.25,-1.46,0.89,2.47,-0.96,4,0,0
0.58,-2.16,1.41,-2.81,-4.18,-1.35,-1.27,-0.19,-0.15,-0.96,-1.52,-0.94,0.37,-0.89,-2.62,-1.54,4,0,0
3.03,-2.89,-0.9,-0.39,1.97,-0.72,0.13,2.5,-0.24,0.84,1.54,3.53,-0.22,2.33,-1.68,4.54,4,1,1
1.08,-1.37,1.28,-2.86,-0.65,-1.36,-2.86,-0.61,-3.03,-0.35,-0.45,-1.09,-0.14,-0.67,1.57,-0.68,4,0,0
-0.57,4.41,2.04,-1.46,4.44,-0.52,2.01,1.68,5.75,1.62,3.22,-2.1,-1.02,-2.46,-2.74,2.4,4,0,0
-1.93,-1.19,-2.81,-2.55,4.2,-1.24,6.18,0.54,-0.72,-1.65,0.5,-2.46,2.56,-2.67,0.29,4.2,4,0,0
2.67,-2.76,2.34,-1.59,0.63,2.07,-3.13,1.37,0.23,2.44,-0.85,3.03,1.92,-1.53,-1.93,0.7,4,0,0
2.95,-2.28,0.4,-1.84,-2.6,-1.69,-1.83,1.11,-0.58,-0.21,2.42,4.14,-0.18,0.7,-1.42,1.87,4,0,0
2.27,-0.19,-0.12,0.44,-0.86,2.63,-5.91,-0.69,-1.03,2.54,-0.71,2.42,0.88,-0.52,-1.18,-0.89,4,0,0
0.82,-1.73,0.65,-2.19,-0.13,1.38,-0.68,4.96,-2.02,0.87,-2.28,-0.79,1.99,-1.54,-2.96,3.55,4,0,0
-3.76,3.79,1.53,1.91,0.58,-0.02,-1.05,0.02,0.98,2.79,-0.76,-2.65,1.89,-4.26,-2.35,-0.85,4,0,0
-0.68,3.29,-1.91,2.79,3.6,4.81,-0.33,2.54,0.77,1.43,0.59,1.06,-0.74,-0.17,1.98,3.37,4,0,0
-0.0,0.44,2.44,-1.68,0.39,-1.97,0.25,-1.16,-3.37,-3.13,1.4,-0.85,0.45,-3.15,1.79,-1.86,4,0,0
3.69,-0.94,-0.11,-0.83,2.15,0.02,2.26,-0.5,-1.55,-4.28,2.66,2.23,-1.78,2.34,-0.55,0.35,4,0,0
0.4,-1.69,1.34,2.15,-3.82,-0.08,2.21,-1.63,-0.24,-1.41,2.47,0.2,-3.52,3.71,-0.01,-4.28,4,0,0
-0.13,0.2,-0.05,1.25,1.72,2.54,-3.85,-1.35,1.19,7.34,2.13,2.21,1.68,-1.85,0.04,1.29,4,0,0
0.7,-0.78,0.54,-1.31,1.52,-0.17,-0.46,3.51,-2.38,-1.11,-2.49,-0.13,0.23,-0.0,-2.54,1.71,4,0,0
2.45,-0.3,-4.79,-1.48,-0.55,2.21,-1.71,-2.63,3.64,0.65,-0.76,-0.18,-1.33,3.27,-2.29,0.16,4,0,0
-1.69,0.96,4.8,-0.5,0.13,-1.13,-1.43,-5.7,-0.02,0.91,3.44,-0.93,-2.59,0.97,3.05,-4.72,4,0,0
2.35,-0.97,-1.33,-2.63,-2.35,-1.43,-0.6,-1.26,0.9,-4.28,0.55,2.3,-0.38,1.02,-4.33,-2.67,4,0,0
-2.81,1.39,2.57,-0.48,-0.39,0.29,1.55,0.79,-0.75,1.17,1.21,-4.22,-4.12,2.9,-0.88,-1.52,4,0,0
2.48,2.44,0.38,0.07,-0.05,0.11,-2.6,2.63,0.13,1.42,1.81,0.19,-1.77,-0.95,1.14,-1.49,4,0,0
-4.86,-3.36,0.11,-0.6,1.53,0.52,2.46,3.51,-2.5,2.79,-2.44,-0.13,2.66,-0.99,1.11,6.15,4,0,0
0.79,1.14,-1.22,0.19,-2.77,-1.42,-2.09,-1.36,3.99,1.16,-0.04,-1.47,-0.4,-2.12,1.85,-3.71,4,0,0
3.52,-2.51,-0.38,-1.18,-3.41,-3.01,-2.76,-3.2,-2.95,-2.26,2.73,5.2,0.51,1.36,-3.28,-1.63,4,0,0
0.07,1.15,-0.36,-1.7,-1.77,-0.48,-0.82,0.71,1.58,-0.56,-1.66,-2.16,-0.35,-0.74,-3.77,-1.78,4,0,0
-2.14,3.63,-1.04,3.11,-1.11,-2.2,-0.41,2.23,2.0,3.77,2.84,0.27,-2.43,0.69,2.31,-0.64,4,1,1
2.45,-2.56,-1.92,1.18,-4.52,3.6,-3.51,-3.29,1.95,3.01,0.02,2.82,-1.34,3.79,-0.9,-2.06,4,0,0
-3.2,1.31,-0.13,-1.51,-0.98,-2.62,1.82,1.89,0.04,0.93,0.27,-2.77,-0.71,0.12,-1.41,1.41,4,0,0
1.38,-3.13,-2.79,-0.34,-1.75,4.42,0.16,-2.2,-0.43,-1.24,-1.88,0.64,0.42,2.01,-2.64,1.04,4,0,0
2.24,1.42,-3.6,1.11,-0.39,-1.09,-0.59,-1.34,4.18,1.54,3.62,3.46,0.58,0.07,-2.81,1.1,4,0,0
-0.66,1.94,0.96,0.34,-1.46,-1.78,-3.72,0.41,0.65,6.14,1.28,-1.15,-0.28,-2.08,1.16,-2.42,4,0,0
2.17,-2.58,-3.43,-1.67,-0.03,3.58,-1.35,-0.76,0.67,-0.42,-2.04,2.03,2.75,-0.67,-2.67,3.29,4,0,0
2.3,1.17,0.44,-2.42,-3.3,-0.95,-5.04,1.87,-0.78,2.17,1.3,-0.58,-1.44,-0.76,0.45,-1.31,4,0,0
0.79,-0.78,1.57,-0.29,-2.01,-0.08,0.31,2.63,-0.32,0.33,0.81,-0.48,-3.75,2.98,1.03,-0.04,4,0,0
4.52,-6.18,-1.2,-3.38,-1.32,1.39,-0.57,-4.07,0.52,-1.67,-1.45,2.98,3.33,0.27,-5.35,1.25,4,0,0
-1.54,-1.1,-9.67,-0.24,0.73,2.2,1.85,0.92,1.94,1.63,-2.63,-0.73,3.06,1.23,-0.99,7.76,4,0,0
1.75,0.5,-0.42,-1.26,1.99,-1.84,4.44,-2.28,2.94,-4.56,3.08,0.51,-2.03,2.16,-1.64,0.61,4,0,0
0.62,1.5,-2.48,-2.29,-1.49,-0.38,-3.55,2.41,-1.01,1.24,-0.27,-0.55,0.94,-2.37,-0.91,-0.34,4,0,0
-0.63,1.33,0.17,-0.86,-2.75,-1.63,-0.22,-0.65,0.33,-2.81,-0.69,-0.92,-1.2,-0.11,-0.77,-2.87,4,0,0
-2.39,0.39,1.15,1.24,2.19,4.16,0.57,3.88,-2.34,1.0,-1.36,1.41,0.32,-0.08,-2.89,1.49,4,0,0
1.94,-6.25,3.18,-3.86,-1.12,-1.36,1.38,0.45,-3.66,-0.24,-0.95,-1.81,0.96,-1.26,2.65,1.23,4,0,0
-3.77,-0.0,1.53,-2.97,-1.26,-4.74,3.89,-0.74,1.42,-1.02,-0.59,-6.57,-1.07,-0.98,2.43,-0.55,4,0,0
1.68,-0.77,1.76,-4.95,7.18,-1.0,4.63,0.8,-1.43,0.43,2.89,-4.26,-1.91,0.78,1.32,5.8,4,0,0
-2.54,1.35,4.27,-3.33,1.42,1.29,-0.31,2.16,-0.14,0.31,-2.13,-3.44,-0.93,-1.41,-1.37,1.04,4,0,0
0.12,1.81,3.68,-0.42,0.05,-0.8,-1.0,1.54,-0.17,1.09,0.62,-1.4,0.59,-3.2,-3.16,-2.14,4,0,0
2.49,1.47,2.32,-0.55,0.97,0.75,-4.03,0.81,0.49,1.23,0.22,0.53,0.93,-3.53,-1.07,-2.19,4,0,0
1.74,-0.95,1.16,-1.22,0.97,-1.57,-1.39,1.73,-2.0,0.14,-0.87,0.23,3.04,-3.57,-1.69,1.58,4,0,0
0.03,0.1,-3.07,-2.79,-3.33,2.25,-3.05,4.81,3.44,3.13,-4.04,-0.6,3.26,-2.45,-6.28,1.8,4,0,0
-1.27,0.42,2.32,-0.77,1.4,0.19,2.29,2.28,0.9,0.08,-2.11,-3.33,0.15,-1.42,-1.78,-0.26,4,1,1
0.43,1.62,-3.99,0.54,0.99,3.24,0.22,1.39,1.32,1.4,-0.48,-2.44,-3.06,3.14,0.23,1.52,4,0,0
-3.38,0.73,0.79,5.66,-1.65,-0.55,2.96,-0.04,-2.36,-0.12,1.37,-1.04,0.19,-1.73,3.5,-1.72,4,0,0
0.08,1.82,-1.39,0.0,2.18,0.76,-0.14,0.44,1.76,1.57,0.72,-0.21,-0.96,0.89,-4.71,1.43,4,0,0
1.65,-2.29,-0.25,-3.48,-0.11,0.35,0.5,3.97,-1.74,-2.36,-1.89,0.16,3.33,-2.92,-3.04,3.85,4,0,0
4.23,-1.3,2.83,0.3,4.97,1.2,-1.22,3.45,-1.74,3.85,3.12,0.55,-2.12,-0.5,6.37,1.62,4,0,0
4.61,-1.68,3.99,3.07,-2.58,1.73,-4.46,-2.01,-3.78,-1.64,2.11,4.13,0.68,-2.61,0.95,-4.27,4,0,0
-4.37,-1.31,-1.36,3.19,0.31,2.65,2.93,1.68,-4.3,1.35,-1.27,-1.64,1.66,-1.46,0.2,-0.02,4,0,0
1.77,-0.5,0.83,-0.35,-1.19,0.39,-2.08,3.07,0.45,2.28,1.52,1.89,-1.26,0.63,0.87,-0.13,4,0,0
2.37,0.68,-3.04,0.87,-1.21,-0.05,-1.46,-0.7,1.35,0.28,1.44,1.15,-0.64,1.46,-4.09,1.7,4,1,1
0.4,-0.31,1.1,-0.95,-2.22,0.83,-1.77,-2.49,1.35,0.48,-0.91,-0.78,0.39,-1.13,-1.05,-2.22,4,0,0
1.07,1.9,-3.32,-1.89,2.51,0.13,-0.2,1.63,4.05,4.54,1.67,-0.66,0.42,-0.47,-4.44,4.15,4,0,0
-1.45,-0.47,-1.04,0.06,1.61,2.26,1.69,-2.16,-3.07,-3.08,-1.46,-0.93,0.74,0.09,0.34,0.82,4,0,0
3.79,-1.68,0.73,-0.78,-0.81,0.88,-2.66,-2.03,0.88,0.25,1.51,1.64,-0.04,-0.83,2.69,-0.75,4,0,0
2.73,-1.27,0.2,-3.28,0.62,2.34,-1.57,-0.44,-0.07,0.15,0.61,0.17,-2.4,2.17,0.0,0.92,4,0,0
-1.92,-0.21,0.28,-2.17,-0.64,-0.42,0.12,0.01,2.45,5.11,-0.56,-4.26,-0.13,-0.94,-1.42,1.14,4,0,0
0.96,0.61,-2.16,2.17,-0.58,1.55,-1.13,-1.32,1.08,0.27,1.83,2.6,0.7,-1.42,-0.01,0.72,4,0,0
2.06,-0.73,2.31,-1.97,-2.72,-3.01,-2.13,-2.66,-3.22,-3.04,2.16,1.63,-0.98,-0.35,-0.27,-4.49,4,0,0
-0.67,-0.14,6.59,-0.44,2.68,0.64,-0.91,-0.32,-3.59,-0.05,0.5,-1.56,2.09,-5.16,2.23,-1.46,4,0,0
2.48,-1.37,1.21,0.65,-3.57,0.77,-3.42,-1.69,-6.59,-5.05,0.03,3.23,0.27,-0.84,-0.86,-3.86,4,0,0
-0.97,-1.48,-1.9,1.04,3.71,3.23,2.48,1.39,1.47,2.34,-0.2,1.92,1.78,0.44,-0.89,6.21,4,0,0
1.75,-0.49,-3.24,0.74,0.2,3.95,-0.64,2.04,1.82,1.14,-1.93,0.58,0.39,-0.21,-0.32,1.26,4,0,0
2.85,-2.48,-0.02,-0.1,-0.03,2.56,-1.83,0.81,-0.02,1.92,-0.25,0.27,-0.39,1.08,0.1,1.7,4,0,0
0.25,0.19,-1.81,-0.33,0.72,1.43,-0.09,-1.42,1.05,-0.75,-0.6,-0.86,0.22,-1.71,5.19,-0.63,4,0,0
2.84,-1.34,-2.55,-4.36,-2.27,-0.52,2.0,-0.67,4.07,-2.69,-1.43,-3.27,-2.85,4.23,-5.07,1.24,4,0,0
2.11,1.62,-3.64,-1.57,-1.01,-0.47,-0.97,0.48,3.91,1.96,1.83,-1.32,-4.28,4.57,-2.78,-0.21,4,0,0
-1.81,4.62,-4.77,0.52,-0.64,0.27,1.81,0.05,5.43,0.3,1.06,-2.78,-1.43,1.14,-3.11,0.88,4,0,0
-1.6,-1.76,-2.35,1.25,-1.21,2.15,2.3,0.41,1.8,0.08,-2.56,1.53,2.12,-0.7,-2.88,0.05,4,0,0
2.51,0.01,-2.81,-0.73,2.77,2.41,1.31,3.09,-0.18,0.55,2.26,1.22,-2.89,2.73,0.91,4.34,4,0,0
1.26,-0.83,1.72,-0.48,0.33,2.11,-1.48,-3.57,0.65,-2.21,-0.41,3.89,2.97,-1.59,-6.44,-1.51,4,0,0
-1.64,4.21,2.3,0.77,2.48,1.62,0.34,2.58,-4.92,-0.57,2.92,-3.36,-3.14,-1.51,4.03,-0.7,4,1,1
-2.57,-1.31,0.63,0.05,-0.15,-2.81,0.69,1.12,0.15,4.75,0.83,-0.77,1.94,-1.59,-1.74,1.67,4,0,0
-0.31,-1.28,-4.36,-1.01,-1.34,-2.88,0.13,-2.23,-0.53,-2.22,0.02,2.1,6.27,-4.52,-4.91,1.5,4,0,0
-4.14,-0.87,-4.54,3.6,-1.64,1.56,-0.52,-2.14,-0.53,1.31,-2.0,3.65,1.67,1.97,0.72,0.46,4,0,0
0.73,0.58,5.24,-1.27,3.13,-1.69,0.65,0.98,3.92,3.83,3.27,-2.06,-2.91,0.22,1.35,0.09,4,0,0
-2.4,1.78,-2.84,2.45,3.16,-1.32,2.9,0.48,3.11,3.66,2.39,-0.28,0.81,-1.01,1.23,2.4,4,0,0
0.96,0.56,2.32,-0.31,3.03,-0.57,-1.03,2.64,-1.25,3.88,2.36,0.17,-0.62,-0.86,1.7,3.1,4,0,0
-3.13,1.99,-0.18,2.55,-0.33,-1.35,4.49,5.8,1.34,0.37,-0.81,-3.79,-1.96,-0.01,2.09,-0.47,4,0,0
3.81,-0.23,0.53,-0.89,2.88,1.72,-0.02,-1.37,2.5,-2.95,0.56,4.35,1.49,-0.06,-5.43,1.78,4,0,0
1.24,-3.47,-3.95,-1.52,0.63,0.6,5.23,1.58,-0.72,-1.42,-0.78,-0.69,-1.27,4.03,0.99,4.29,4,0,0
-0.14,-4.05,-1.47,1.52,0.29,-1.46,6.01,-0.95,1.91,-1.36,0.54,1.76,0.05,3.21,-0.58,3.65,4,0,0
2.43,-3.0,-1.5,-2.23,-0.98,1.01,-3.45,1.43,-4.08,1.44,-0.57,4.53,1.51,1.76,-7.12,3.11,4,0,0
0.39,3.08,0.69,1.16,0.89,0.36,-1.19,-0.13,-0.57,0.64,1.76,-1.21,0.38,-3.33,-0.88,-1.18,4,0,0
3.56,2.21,3.5,-2.78,-0.36,-1.01,-4.47,-0.88,1.59,4.2,3.61,-3.71,-5.22,1.66,2.12,-2.57,4,0,0
-2.72,1.92,1.3,-1.84,0.35,-1.93,1.26,0.23,2.8,2.41,1.06,-2.4,-1.91,0.72,-1.46,-2.21,4,0,0
0.84,0.29,-3.0,-0.8,-0.58,2.3,0.15,1.4,1.74,1.37,0.01,-0.56,-1.65,2.81,-3.68,0.5,4,0,0
-0.34,1.03,-0.1,0.11,1.76,3.27,-1.33,-1.1,4.64,5.19,-0.59,-1.52,-0.05,0.39,-3.45,0.56,4,0,0
3.49,0.63,1.21,-0.44,-3.79,1.49,-2.5,-0.74,-1.01,-3.11,0.92,0.46,-3.37,2.35,-0.4,-4.43,4,0,0
4.88,-0.33,-2.81,0.57,-1.49,1.25,-1.48,-3.71,1.13,-0.46,5.23,5.58,-3.12,4.79,-2.06,-2.27,4,0,0
-1.61,-3.65,-1.56,0.18,0.16,1.98,4.43,-1.53,-1.37,-2.26,-1.75,0.43,0.54,1.67,0.73,2.3,4,0,0
-0.89,-1.48,1.71,-1.12,0.01,2.83,0.87,-1.71,-0.34,-0.66,-1.4,-1.1,1.22,-1.93,-1.21,-0.04,4,0,0
-3.13,-3.86,-2.81,-1.89,-1.72,-1.12,3.98,-0.03,-1.68,-3.1,-2.32,1.13,2.61,0.06,0.15,3.17,4,0,0
1.21,0.07,-1.74,-2.1,4.5,-0.37,2.28,2.75,5.64,5.13,0.43,-2.97,-2.36,3.64,-3.46,4.08,4,0,0
0.25,2.24,-2.0,0.14,-1.24,1.07,-3.64,-1.85,-1.99,-4.5,-1.46,1.94,3.11,-3.94,-0.73,-1.63,4,0,0
1.69,0.13,5.51,-2.82,-3.69,-1.42,-1.16,-0.63,-1.52,-1.72,0.99,-5.01,-3.69,-0.47,1.75,-5.13,4,0,0
-0.38,-4.6,-3.44,1.21,-2.69,-0.01,4.67,-2.59,-2.88,-7.12,-1.08,3.72,2.01,1.71,-0.27,1.34,4,0,0
3.42,-1.11,-2.16,-1.22,-2.75,1.27,-4.4,1.59,-0.53,4.24,1.0,1.19,-2.33,2.49,-2.63,-1.46,4,0,0
2.32,-1.59,1.32,1.92,-1.69,0.04,0.41,-0.0,-3.18,1.12,2.91,-0.76,-3.31,2.42,2.39,-1.71,4,0,0
1.45,-2.4,-2.29,-0.45,-0.86,-2.01,1.78,5.91,-0.47,0.35,-0.62,-0.01,-1.13,2.18,0.24,2.75,4,0,0
2.2,-0.82,-1.18,-0.44,-1.77,0.79,-2.32,3.08,1.53,2.9,-0.91,-0.14,-2.25,1.65,1.36,-0.44,4,0,0
0.6,-3.9,-0.12,-0.47,-0.95,1.97,-2.19,-1.78,-3.76,0.98,-1.43,3.31,3.44,-1.94,-2.71,-0.0,4,0,0
3.83,0.99,1.62,0.59,1.12,1.97,-0.96,-1.19,2.78,0.59,2.23,-0.49,-3.29,1.28,0.13,-3.13,4,0,0
-1.0,3.58,-1.76,1.81,-2.59,2.52,0.69,-0.98,-0.07,-5.01,0.01,-2.18,-4.24,1.73,2.86,-4.86,4,0,0
0.17,0.27,2.36,-1.52,-0.68,-0.67,0.22,-0.29,-0.52,-1.09,1.38,-0.88,-0.45,-1.5,1.42,-0.6,4,0,0
4.65,0.62,5.56,-1.16,0.39,1.23,-4.34,0.56,-0.12,1.18,1.97,0.7,-0.41,-2.55,0.35,-0.96,4,0,0
3.72,-1.31,2.34,-0.64,-0.3,1.64,-2.79,-2.02,-2.31,-1.41,1.29,1.11,-1.35,-0.01,3.18,-2.67,4,0,0
1.47,0.51,1.33,-2.32,-0.01,2.55,-3.37,2.32,-1.47,0.78,-1.09,-0.22,4.32,-6.36,-4.96,0.89,4,0,0
2.07,1.69,0.71,0.67,1.0,0.06,-2.12,1.46,-0.71,2.07,2.68,0.05,-1.09,-0.22,-1.55,0.18,4,0,0
-0.77,2.47,0.83,1.81,-1.12,1.85,-1.6,0.38,1.9,0.86,-0.19,0.1,-1.78,0.74,-1.29,-2.34,4,0,0
5.58,4.32,2.5,-1.33,2.36,-2.11,-1.42,-0.96,3.44,0.93,6.2,-3.57,-4.0,-2.11,2.94,-2.31,4,0,0
1.02,1.59,1.87,1.12,3.14,3.29,-0.36,1.58,0.2,2.68,2.05,1.86,-0.44,-0.38,-1.73,1.37,4,0,0
-2.29,0.49,-1.23,-0.52,5.35,5.26,-0.64,0.76,-0.26,2.17,-2.28,0.87,2.37,-1.17,-0.65,5.63,4,0,0
-4.1,-1.57,1.92,1.44,1.05,2.33,2.67,0.94,-1.11,1.06,-2.68,-2.43,1.08,-0.91,0.92,2.04,4,1,1
2.67,-0.78,0.21,-1.62,4.12,1.24,1.03,3.58,-1.61,2.1,2.72,0.67,0.63,-1.25,-1.2,5.42,4,0,0
3.19,0.57,1.39,1.44,-1.09,0.87,-1.14,-0.05,-1.71,-1.51,2.27,1.82,-0.99,-1.16,2.17,-1.65,4,0,0
0.27,2.16,-2.82,0.65,-1.32,1.11,-0.16,0.72,2.3,0.63,0.92,-0.64,-3.02,2.4,-0.1,-0.55,4,0,0
-3.22,-0.76,-1.2,-0.07,4.39,1.24,4.77,0.19,0.87,0.69,-1.22,-3.14,1.35,-0.82,0.38,4.02,4,1,1
4.96,-1.3,-1.87,-1.9,-0.35,2.95,-5.36,-2.4,-1.1,0.74,1.25,1.99,0.46,-0.26,1.44,2.17,4,0,0
0.73,1.15,2.03,0.86,-0.26,-3.77,2.92,-4.13,-0.29,-4.7,3.78,0.24,0.91,-2.84,1.32,0.62,4,0,0
4.13,-1.59,-1.33,-2.0,-1.59,-0.59,-1.31,0.25,1.54,-0.13,2.23,2.55,-3.31,4.86,-2.24,1.62,4,0,0
-0.66,-0.32,-6.15,-1.02,-2.02,1.59,0.77,1.69,-0.75,-0.84,-2.04,-1.26,0.95,0.36,-1.18,1.9,4,0,0
1.48,1.01,1.32,-0.53,0.93,-1.15,-5.1,1.95,-0.82,5.17,4.19,5.08,-0.49,-0.01,0.82,0.01,4,0,0
0.43,2.44,-2.33,-0.6,-0.24,-3.22,-2.01,-0.7,1.42,-0.1,2.46,2.21,0.63,-1.37,-0.96,-1.63,4,0,0
1.66,-4.33,0.68,-2.88,-0.43,0.7,0.12,-1.1,-2.6,-0.13,-0.61,-0.95,-1.08,1.9,4.41,0.02,4,0,0
1.62,0.49,-0.08,0.23,0.1,3.16,-2.18,-2.75,1.29,3.52,1.41,-0.34,-2.31,1.04,3.03,-3.18,4,1,1
-2.93,1.14,1.48,-1.61,0.9,0.26,-2.66,0.99,-1.45,5.87,-0.35,-3.55,0.04,-2.06,2.92,0.68,4,0,0
0.52,1.82,2.33,0.86,0.97,0.54,0.41,1.04,2.43,1.26,1.81,-0.57,-2.04,0.2,-0.57,-0.2,4,0,0
-2.51,3.02,-1.53,-2.24,2.08,0.76,0.69,1.55,4.06,2.37,-0.23,-2.54,-1.7,0.07,0.98,2.48,4,0,0
1.22,0.74,0.49,-0.87,-0.56,-0.68,-1.02,1.01,0.61,-0.61,0.26,0.66,-1.95,1.96,-1.28,-0.58,4,0,0
3.57,-1.85,2.98,-2.99,-2.68,1.98,-4.04,-0.63,-0.04,0.58,-1.47,-1.41,-1.05,0.16,-2.75,-3.84,4,0,0
-1.7,1.46,0.45,4.4,0.88,-1.34,4.81,4.61,2.03,2.92,1.4,-3.15,-4.42,2.69,1.41,-0.3,4,0,0
-2.02,-0.56,0.76,0.56,-0.72,1.77,-1.67,-1.06,-1.79,-0.03,-0.74,1.26,3.76,-4.8,2.17,0.54,4,0,0
1.42,1.05,-2.36,-1.13,2.41,1.99,2.07,2.41,4.95,1.87,0.54,-1.3,-1.6,2.13,-3.39,2.13,4,0,0
-0.38,0.65,-3.1,0.61,1.1,2.29,-3.35,-1.51,1.37,5.41,0.7,2.75,1.38,0.34,-1.37,2.23,4,0,0
0.94,-1.48,-3.27,2.74,0.66,2.84,-0.58,-1.59,-1.75,1.28,1.12,4.29,1.28,0.38,0.37,1.63,4,0,0
1.49,-2.43,0.29,0.81,-0.58,0.87,-0.04,0.06,-1.67,0.09,0.92,1.68,-1.03,2.04,0.51,0.3,4,0,0
1.14,2.47,1.8,-1.49,3.62,-0.28,-0.71,3.59,-1.04,0.95,3.06,-0.93,-3.57,0.53,3.21,1.92,4,0,0
-0.72,1.38,-6.08,0.4,-1.21,0.1,-0.08,-0.38,3.89,2.77,0.46,-0.44,1.02,-0.57,-2.56,2.78,4,0,0
3.98,1.36,-5.83,-3.73,3.2,-0.88,-1.21,0.65,4.52,0.46,1.98,3.33,0.62,2.16,-6.17,6.02,4,0,0
-0.75,-1.14,5.23,0.63,1.12,-0.42,2.21,-0.12,-1.42,0.4,0.64,-2.73,-0.02,-2.78,2.51,-1.76,4,0,0
-0.47,2.2,-2.12,1.08,-1.68,1.44,-3.03,2.44,4.45,6.73,0.58,1.31,0.15,1.02,-6.79,0.78,4,0,0
-2.31,-3.32,-3.23,-0.98,-2.86,-2.24,0.84,-2.92,-5.51,-1.16,-0.44,0.82,1.02,1.67,1.1,0.53,4,0,0
1.8,0.37,4.03,-2.36,1.06,-0.1,-2.18,2.57,-2.98,1.03,1.24,-0.96,-3.17,0.53,-0.71,-2.29,4,0,0
5.8,-5.53,4.62,-0.87,-0.69,0.74,-3.54,-3.58,-5.14,-2.13,0.84,3.22,2.71,-2.55,1.57,-1.41,4,0,0
0.04,1.84,0.13,2.03,3.83,3.3,0.7,0.95,3.79,4.29,1.57,-1.21,-2.12,0.6,1.2,0.77,4,0,0
4.28,-0.18,-6.12,2.68,1.85,3.82,0.93,3.24,4.51,4.84,2.41,2.61,-2.97,5.32,-1.72,3.74,4,0,0
0.68,-1.01,-0.41,-2.23,2.3,-1.28,-0.47,1.78,-2.45,0.32,-0.29,0.57,1.0,0.15,-3.65,2.51,4,0,0
-0.63,-0.36,-1.52,-0.76,1.33,1.09,0.11,-0.24,0.31,1.07,-0.43,-1.3,2.41,-2.09,-2.27,4.14,4,0,0
3.39,-0.0,-1.97,-2.46,-0.54,0.15,-1.08,-0.29,0.25,-0.24,2.08,0.42,-1.8,1.28,-0.88,1.43,4,0,0
-0.36,1.73,2.8,-0.08,-1.73,-0.16,-2.07,2.23,4.88,4.26,1.6,1.6,-0.21,-1.98,-2.83,-1.37,4,0,0
-3.86,0.6,2.93,-2.7,2.61,-1.82,3.0,1.96,-0.76,0.97,-1.81,-5.16,-0.48,-1.63,0.96,2.46,4,0,0
-0.31,-1.21,-2.17,-2.41,-3.29,-2.02,-0.37,-3.09,2.38,-1.01,-1.37,-0.64,2.01,-1.47,-2.03,-0.77,4,0,0
-0.15,-2.63,0.87,-0.26,0.4,2.01,0.74,3.08,-3.19,-1.68,-2.39,0.85,0.6,0.8,-1.55,1.94,4,0,0
1.05,-3.61,3.81,-1.38,-2.52,-1.45,3.82,1.71,-1.59,0.22,2.32,-1.29,-3.47,3.04,-0.91,5.28,5,0,0
-1.94,-1.92,3.76,-0.47,-2.7,1.11,1.23,1.29,-0.11,1.69,0.88,-2.44,-1.39,2.94,0.35,6.55,5,0,0
3.03,-2.01,-0.14,-2.08,-0.16,-0.51,1.73,-1.8,-4.46,0.41,1.45,1.26,-3.73,4.15,-2.56,2.17,5,0,0
-2.18,-2.73,1.49,2.3,2.7,1.46,3.5,0.03,-4.47,-1.63,0.29,0.91,2.3,1.36,-0.54,3.04,5,0,0
-1.82,-5.35,1.65,1.64,-2.67,0.65,1.85,1.97,2.39,1.76,2.26,4.58,-1.1,-2.41,3.44,2.75,5,0,0
-2.44,-1.47,-0.81,0.45,1.52,1.43,0.73,2.02,-0.32,-3.67,1.02,0.05,1.78,-1.03,1.48,1.74,5,0,0
0.68,3.62,2.27,0.59,-1.05,1.6,-0.94,2.33,0.75,-1.68,1.92,1.38,0.65,-1.63,3.54,4.59,5,0,0
3.8,0.35,-1.11,-1.06,1.32,-4.41,-0.26,3.53,-4.02,-1.27,5.68,1.27,2.86,-0.32,3.45,1.47,5,0,0
-3.25,5.64,0.56,-1.81,1.26,5.63,-5.02,-0.21,-1.31,-0.1,1.91,-5.46,4.0,1.79,-2.11,0.58,5,0,0
2.18,-2.8,1.37,-0.95,-0.05,0.93,0.36,-0.25,-2.29,-0.18,2.09,0.8,0.22,1.42,-1.17,-0.31,5,0,0
-4.01,5.01,-0.03,-0.08,3.17,0.89,1.49,-2.31,-1.58,1.96,-3.48,-5.99,0.34,0.98,-2.69,0.55,5,0,0
-0.3,-0.82,-1.6,-0.2,1.43,-0.38,-0.84,1.99,-4.26,-1.01,4.02,0.88,0.54,0.31,1.9,-0.81,5,0,0
-0.21,-2.42,2.09,-2.85,-1.37,-0.6,1.78,1.64,2.93,-1.47,0.2,-1.21,4.03,0.17,-0.45,-1.38,5,0,0
0.15,-1.49,0.84,6.01,2.71,0.55,0.59,0.09,-1.85,0.02,0.38,3.39,2.09,-3.64,2.63,-0.24,5,0,0
0.27,-0.85,1.12,-0.43,-0.48,-1.54,1.38,0.82,0.34,0.02,0.52,-0.18,-1.64,-0.43,1.54,-0.07,5,0,0
-4.36,-2.3,0.27,0.84,-0.26,2.74,1.64,1.35,-2.77,-1.35,-0.56,1.12,1.9,1.36,1.84,3.67,5,0,0
0.18,0.86,1.81,-0.66,-1.5,2.87,-2.03,0.31,3.77,-2.5,0.49,-2.88,-2.65,-1.42,-0.37,1.97,5,0,0
0.21,0.47,-0.85,-1.15,-2.15,-1.69,-2.76,2.53,2.83,-1.95,-1.03,-1.25,3.12,-0.67,2.27,-4.29,5,1,1
-2.85,4.94,-0.21,-3.19,-1.52,3.02,-1.7,1.01,0.39,-2.58,4.15,3.11,0.56,2.93,2.9,0.56,5,0,0
0.59,0.06,-1.82,-1.76,0.43,-3.74,1.4,0.16,2.85,-1.39,-1.15,-0.08,-2.09,-0.17,1.3,0.38,5,0,0
-2.27,-3.72,3.02,1.46,-1.57,3.23,1.11,0.63,1.79,-2.99,0.85,2.64,0.19,1.19,0.56,0.77,5,0,0
1.52,-0.77,1.63,-0.2,-1.58,-2.44,-0.99,0.34,3.73,3.56,-1.42,-4.39,0.9,-1.65,-0.05,-1.22,5,1,1
2.09,1.81,0.46,1.87,-1.27,-5.31,-0.48,1.78,-1.17,-0.77,-2.96,-2.03,0.95,0.16,2.39,-5.0,5,0,0
0.42,-0.11,2.6,-0.68,0.57,0.63,0.96,-1.16,-0.76,-1.35,-2.26,-2.34,2.9,3.41,-3.86,-0.05,5,0,0
0.03,1.25,-1.59,-0.2,2.24,-0.42,-3.54,-0.39,1.25,1.82,1.64,-1.52,0.39,-0.45,-0.89,-2.29,5,0,0
0.22,-1.02,-2.41,-3.32,1.83,-3.23,2.55,0.71,-1.49,0.79,3.13,0.9,0.07,-0.4,1.71,0.28,5,0,0
2.78,-0.82,-1.42,0.99,2.79,-2.77,0.18,0.12,-1.62,0.87,0.65,0.23,1.8,-2.32,0.6,-1.74,5,0,0
-0.49,1.65,-3.21,2.43,2.76,0.12,-3.15,-1.18,-0.83,-0.88,-2.78,2.88,2.66,0.89,0.68,-3.2,5,0,0
2.8,1.71,-2.66,-4.69,-0.29,-1.99,-1.0,-0.66,0.43,0.9,0.8,-1.04,-2.15,-0.36,-0.82,-1.04,5,0,0
-0.63,-2.15,-0.42,-4.62,-0.99,2.4,2.66,-1.56,-0.43,-0.46,3.1,1.18,-2.78,1.18,-0.96,1.31,5,0,0
-0.12,0.31,-2.66,-0.84,-0.87,1.26,-3.1,-0.15,-1.26,1.76,-0.42,-2.5,-1.51,-1.53,-0.3,-0.55,5,0,0
2.01,-1.53,-0.69,-1.37,0.97,-2.56,1.9,-0.85,-2.29,0.63,1.9,0.81,-4.33,1.83,0.19,2.09,5,0,0
-0.82,-3.35,-1.7,-1.9,0.1,-0.79,-0.12,1.03,1.57,2.85,1.56,-1.2,1.03,-2.33,0.21,0.48,5,0,0
2.16,1.53,-0.36,-0.63,-0.76,-3.11,-0.38,2.63,-2.4,1.48,3.08,-0.88,-1.65,-1.06,2.92,2.77,5,0,0
0.59,4.94,0.19,-1.11,0.66,1.22,-2.63,-2.37,-0.56,0.93,-0.86,-2.36,0.64,1.19,-0.69,-4.17,5,0,0
-2.01,0.26,2.54,-0.09,-1.98,1.54,0.01,3.36,-0.81,-3.08,0.35,-2.28,2.41,1.06,0.42,1.76,5,0,0
0.91,-4.35,5.14,1.34,-3.39,0.72,2.16,1.73,-0.95,-0.02,0.86,-1.97,-1.69,0.56,-0.72,3.74,5,0,0
0.6,-1.25,2.11,4.41,-1.72,-1.11,-1.16,1.36,2.34,2.72,-0.4,-0.96,-2.43,-4.07,4.11,1.01,5,0,0
1.68,1.03,-0.23,2.24,-2.48,-1.76,-3.47,1.82,0.0,0.53,1.02,5.33,0.31,0.19,5.49,-3.19,5,0,0
1.61,-1.18,-0.66,-0.22,-0.59,-5.42,2.91,1.78,1.2,2.67,0.7,0.36,-0.25,-4.34,2.98,-2.59,5,0,0
-2.72,-3.79,-1.33,-0.55,-0.02,2.1,2.3,0.83,-2.16,-2.05,0.17,2.85,1.99,1.28,1.16,3.87,5,0,0
0.71,-3.2,0.21,1.29,1.29,0.91,0.56,-0.79,-3.62,3.7,-0.01,-1.23,1.96,-0.55,-1.92,1.99,5,0,0
2.27,0.12,3.82,1.85,-1.98,3.72,-3.94,-0.94,1.15,2.5,1.5,0.64,-1.47,1.04,-0.88,2.82,5,0,0
2.28,-0.37,2.26,2.18,-1.09,0.21,-1.69,1.49,1.87,0.25,2.07,2.74,-0.18,-1.27,3.65,4.58,5,0,0
2.52,-2.9,-0.29,-1.33,-1.09,-4.25,3.09,1.76,-0.05,-3.68,0.62,2.61,-1.4,1.09,1.55,-0.95,5,0,0
-1.5,-1.98,1.47,0.81,-1.87,1.1,0.02,2.62,1.51,-2.87,0.93,-1.21,0.26,-1.52,2.63,0.48,5,0,0
-1.37,1.34,3.61,1.2,-1.28,0.92,0.64,0.11,-2.13,1.1,-1.87,-1.07,2.59,3.44,-0.04,2.27,5,0,0
-0.43,-0.32,1.7,-1.07,-0.02,4.01,0.97,-0.01,-2.63,-2.44,3.54,1.56,0.52,0.34,0.92,2.05,5,0,0
0.17,-3.16,1.86,-1.08,-3.35,-3.53,3.49,2.59,2.25,0.38,-0.43,1.4,-0.79,0.27,2.87,1.3,5,0,0
0.1,2.01,-2.42,2.85,1.52,-0.71,-3.93,0.34,-2.08,2.98,1.03,0.68,0.06,-0.99,2.56,0.51,5,0,0
0.15,-0.8,-0.32,-1.1,-3.4,0.36,-1.21,0.9,2.95,-2.0,-1.15,0.65,-3.63,0.52,1.52,-0.38,5,0,0
2.78,-2.71,1.1,0.62,-0.99,-0.95,0.47,2.68,-2.51,-2.31,2.87,2.18,0.44,0.96,1.43,3.43,5,0,0
0.69,-0.2,-1.2,-0.26,-0.03,-1.08,-0.27,1.77,-2.78,1.38,3.44,-0.03,-2.2,-1.0,1.44,1.65,5,0,0
-0.18,-8.37,0.36,-0.49,-2.71,0.55,1.8,-1.51,0.95,-1.08,-4.23,2.48,-0.52,4.82,-3.73,-2.62,5,0,0
-1.78,0.47,1.69,-2.14,-3.17,0.27,0.86,-0.81,5.16,2.99,-1.22,-2.02,-4.83,-0.02,0.71,3.79,5,0,0
-0.62,0.66,1.22,-0.82,-0.45,4.09,-2.1,-0.25,-1.02,0.21,1.08,-3.38,0.77,0.16,-2.13,0.47,5,0,0
-0.07,1.17,1.28,-0.38,-0.52,-4.69,3.84,-0.13,-0.79,4.65,-2.04,-2.23,-3.74,1.0,1.94,4.64,5,0,0
-0.1,-10.16,-1.57,-0.71,-1.38,-3.67,4.16,-1.55,6.48,4.49,-2.62,1.35,-5.21,-2.65,0.04,0.54,5,0,0
0.32,-0.55,-2.32,-2.15,2.41,-1.0,0.01,-2.34,1.78,0.25,-0.53,0.42,1.23,0.62,-2.34,-4.33,5,0,0
1.61,3.18,-0.27,-0.21,-4.46,1.28,-5.03,1.82,1.64,-0.41,0.77,3.38,-1.64,0.09,3.83,0.34,5,0,0
0.64,-2.37,1.66,-1.02,0.35,-3.19,1.86,2.67,3.09,-1.07,2.38,-1.38,1.76,-1.57,1.91,0.59,5,0,0
-2.84,-2.58,-1.83,-2.83,2.33,2.61,3.34,-1.57,-0.48,-1.36,1.4,-0.49,1.09,-1.24,-1.82,0.65,5,0,0
0.55,3.25,-2.42,-4.6,-1.43,0.65,-2.76,1.14,-0.95,-0.4,2.69,-0.03,1.98,0.34,1.23,-0.68,5,0,0
2.03,2.67,0.58,0.42,1.16,-2.79,0.59,0.23,-2.68,3.54,1.13,-1.35,0.81,-1.65,1.3,0.45,5,0,0
2.72,-4.96,-1.13,0.21,-1.66,-0.22,-0.27,-1.33,1.35,2.95,-0.59,0.21,-2.23,-3.72,-0.8,-1.47,5,0,0
-0.07,-2.63,0.77,0.81,2.79,-2.2,2.19,-1.21,-2.45,1.81,-3.81,-3.73,4.3,1.32,-2.15,0.89,5,0,0
5.01,-5.01,1.25,1.78,0.76,-1.2,1.58,-2.07,-3.57,0.97,0.22,1.92,-3.89,1.98,-2.22,0.39,5,0,0
-0.69,2.35,-0.72,2.78,3.77,-1.0,-2.24,0.18,2.26,-1.02,-2.1,-0.47,3.71,-1.33,0.32,-2.65,5,0,0
1.01,5.42,0.4,1.03,-0.39,-0.72,-1.52,1.69,-2.2,-3.1,-3.01,-2.15,3.11,0.22,2.19,0.02,5,0,0
-2.29,-0.04,0.29,1.12,0.75,2.31,0.87,0.71,1.64,-3.58,-0.16,1.14,0.09,-1.59,0.9,-0.09,5,0,0
2.26,1.94,3.15,-2.83,-7.25,1.7,-2.93,3.41,0.65,-2.58,3.02,3.03,-2.15,3.93,2.03,1.96,5,0,0
-1.81,2.47,-3.88,-1.36,4.12,-1.66,0.35,-1.69,-1.03,1.4,-0.23,-1.36,-1.0,-0.56,0.52,-0.39,5,0,0
0.43,-2.32,1.22,-1.05,-3.75,0.78,-0.65,0.37,2.63,1.77,-2.87,-0.76,-1.25,1.03,0.15,3.28,5,0,0
-1.91,1.34,1.89,0.26,-3.44,0.1,0.41,1.34,0.81,1.0,-1.6,-1.1,0.91,-0.62,3.64,-0.33,5,0,0
2.99,0.52,2.69,0.03,-3.91,5.21,-3.67,2.67,-2.68,-2.9,0.75,-0.72,1.92,-0.96,0.27,1.54,5,0,0
0.29,0.89,-0.23,-1.13,1.02,1.98,0.44,-0.86,-1.33,-1.45,0.87,-2.29,-0.73,-1.6,-0.52,0.18,5,0,0
-0.35,3.05,-3.63,-5.12,3.77,0.48,-1.16,-0.44,-1.01,-1.89,2.06,-2.97,2.97,1.79,-3.79,-0.24,5,0,0
2.3,0.14,-0.66,0.78,1.87,-3.81,1.8,-0.65,-1.58,0.15,0.66,1.07,-2.03,-0.27,0.35,-1.66,5,0,0
-4.4,-0.99,-1.09,-0.62,1.14,-0.46,3.6,0.54,2.71,-1.51,-1.14,1.18,2.35,-1.72,1.97,-1.76,5,0,0
2.56,-0.99,0.33,0.78,0.39,-0.58,-0.71,-1.77,-2.86,2.81,-1.03,2.35,-0.05,2.45,-0.29,0.36,5,0,0
1.13,-0.57,0.32,2.11,2.84,-0.8,0.7,-4.32,0.38,4.08,-4.68,-1.78,-0.09,-0.93,-2.17,-2.04,5,0,0
-0.7,1.61,0.14,-0.33,-0.27,-0.44,-0.91,-1.43,0.43,2.76,-1.81,-0.45,-1.43,2.18,0.67,1.3,5,0,0
2.2,-0.28,-2.33,-2.31,-2.42,-1.66,-3.84,2.63,3.23,-2.88,0.22,-1.11,-0.94,-1.43,0.97,-3.34,5,0,0
2.6,-0.6,0.37,-1.11,-1.24,-3.73,0.96,-1.54,0.05,3.7,-2.32,-0.88,-0.01,0.12,-0.39,-3.92,5,0,0
-0.06,0.27,3.36,0.89,-1.44,2.52,-2.52,1.01,0.11,2.53,-0.56,-4.45,1.76,-0.27,-0.9,3.44,5,0,0
0.48,0.54,-3.49,-2.19,1.64,0.08,-0.99,0.78,-4.03,-0.34,5.53,3.69,0.34,0.69,1.75,-0.14,5,0,0
-1.05,0.62,-4.24,0.59,3.06,1.09,-0.6,-3.16,-3.83,3.38,-1.78,-0.83,-1.3,-1.79,-0.67,-1.67,5,0,0
-1.19,-0.85,0.34,-3.44,0.88,2.59,0.87,-2.25,-2.93,2.23,3.25,-2.78,-1.83,2.65,-2.99,0.27,5,0,0
-2.28,-0.15,-0.97,-1.48,-1.25,2.81,-3.86,-0.42,-0.09,1.68,-3.7,-3.46,4.52,2.43,-3.42,-1.51,5,0,0
0.42,-3.83,1.27,1.17,0.77,0.37,0.11,-1.55,0.55,1.55,-2.62,-2.69,0.76,-0.09,-2.83,-0.4,5,0,0
1.33,-0.08,1.03,1.77,0.46,0.54,0.17,0.24,1.31,-1.61,0.97,-1.06,-1.84,-3.2,1.29,0.19,5,0,0
0.95,0.82,-2.47,0.32,-0.2,-1.34,-2.49,0.46,-0.46,-0.11,0.85,1.98,-1.36,-0.24,2.43,-1.91,5,0,0
1.23,0.52,0.8,-2.12,-2.22,0.74,-2.67,-0.58,2.69,-0.29,-1.57,-1.82,-0.65,2.35,-2.27,-0.74,5,0,0
3.24,-2.28,3.34,1.28,-0.52,-1.7,1.2,-0.99,0.55,2.87,-2.56,-2.69,-0.65,-0.1,-1.37,3.06,5,0,0
-2.8,-1.83,0.66,-1.56,-1.6,1.2,0.13,-0.02,0.58,-0.98,-3.85,-1.24,4.07,3.98,-1.27,-0.23,5,0,0
0.12,0.87,-3.73,-0.79,2.62,-1.67,0.1,-1.35,-2.02,-0.86,-0.68,1.61,-2.36,2.24,-0.53,0.18,5,0,0
3.12,2.01,-4.02,-0.7,2.93,-1.82,-2.69,-1.07,-1.15,1.95,2.57,3.01,-2.71,-0.16,0.96,-0.31,5,0,0
0.76,-0.46,2.32,-4.39,-1.77,2.79,-0.69,0.19,-1.56,-1.99,1.93,-2.47,0.48,5.61,-3.56,4.41,5,0,0
1.3,1.49,2.05,2.25,0.28,-2.93,2.56,-0.89,-2.49,3.74,-0.36,-2.12,-3.68,-1.19,2.69,1.87,5,0,0
2.43,-1.32,-3.46,-6.1,-2.47,-2.79,1.74,0.91,0.38,-4.09,3.1,4.03,-7.14,2.12,2.11,-1.47,5,0,0
2.22,-5.1,2.13,-0.64,-2.66,0.02,0.19,1.19,-0.88,-1.85,0.12,-0.05,0.19,2.7,-1.38,-0.4,5,0,0
3.3,-2.96,0.34,1.38,1.05,-2.94,1.15,-0.42,2.93,-0.42,1.53,4.52,-3.34,-1.03,2.05,0.77,5,0,0
-3.42,2.23,-0.07,0.63,1.71,2.98,1.25,-1.76,0.22,2.13,-1.26,-2.37,0.16,-3.17,0.52,1.52,5,0,0
2.15,0.44,-0.4,1.79,-0.97,1.98,-4.72,0.87,-2.41,3.53,2.49,0.74,0.79,-2.53,1.36,-0.95,5,0,0
-0.16,0.54,-3.18,0.18,4.53,-7.48,3.52,1.96,-2.45,2.32,1.14,0.06,2.38,-2.25,3.91,-0.07,5,0,0
0.28,-1.6,1.23,2.58,2.52,-2.18,4.1,1.58,-2.55,-2.84,2.25,2.32,-0.4,-0.63,2.57,1.91,5,0,0
0.14,5.67,-2.37,2.55,1.51,0.03,-2.68,0.73,-3.53,-0.46,1.76,3.01,-0.99,-1.4,4.89,0.11,5,0,0
-4.1,0.54,-1.72,-0.17,1.47,-2.98,1.52,0.97,2.6,0.23,-1.58,-0.21,2.31,-0.15,1.91,-2.11,5,0,0
-2.74,0.56,-1.22,0.05,2.01,-3.1,1.75,-0.45,0.5,1.41,-2.5,-2.45,2.92,0.11,0.82,-2.1,5,0,0
-1.03,-2.54,2.35,2.31,2.57,-0.35,1.48,0.5,6.25,-2.85,-2.61,-2.32,2.23,-2.37,-0.88,1.07,5,0,0
-2.13,0.87,0.97,-2.4,1.14,3.83,-1.73,-0.96,1.64,-3.29,-0.37,-5.02,0.64,3.36,-4.27,1.57,5,0,0
3.35,-0.36,2.86,5.87,-0.94,0.07,-3.31,1.93,1.58,0.85,0.88,0.86,-0.34,-5.2,3.86,-0.49,5,0,0
-0.6,7.04,-3.2,-2.43,1.55,-0.98,-2.38,1.98,-3.47,-3.61,4.84,0.93,1.03,0.39,3.27,-5.13,5,0,0
-1.86,6.09,0.34,-2.75,-1.01,4.54,-5.21,-1.35,1.14,0.34,0.0,-4.66,0.18,2.29,-1.71,1.37,5,0,0
2.3,-0.09,-2.03,-1.34,-0.55,4.97,-5.51,-0.29,2.29,-2.68,3.36,2.5,-1.69,-1.51,-0.35,0.57,5,0,0
-0.28,-0.77,1.25,1.58,1.14,1.26,0.37,-1.33,-3.14,-0.36,-1.2,1.33,1.5,2.59,-0.89,-2.83,5,0,0
-0.34,1.66,0.93,-1.01,2.36,0.03,0.85,-1.41,0.04,-0.43,-1.2,-4.72,-0.07,0.13,-2.21,0.33,5,0,0
2.33,-3.18,-1.66,-0.93,-0.68,-1.83,0.04,-1.84,1.92,1.44,-3.27,1.09,-2.49,0.36,-1.43,-0.46,5,0,0
0.74,-0.35,3.66,4.07,0.03,0.57,-1.64,1.36,-0.14,0.59,0.44,-0.32,3.52,-0.69,1.76,2.27,5,0,0
-2.16,0.5,-2.52,-2.21,2.05,0.94,-0.43,-0.13,1.98,-2.9,0.64,-0.41,-0.7,0.02,-0.6,-1.72,5,0,0
1.83,-2.91,2.68,2.57,-1.41,-0.68,1.37,0.36,-0.85,2.51,-2.07,-0.34,0.16,-0.87,1.38,3.61,5,0,0
0.29,-0.99,0.71,-1.74,-2.86,-0.32,-2.36,0.72,-0.07,2.83,-0.72,-2.48,2.54,1.53,-1.05,-2.09,5,0,0
-0.29,-2.36,-1.39,0.16,-0.53,1.24,-1.51,0.54,-0.52,-3.91,-3.35,0.32,4.39,0.94,-0.63,-4.01,5,0,0
2.8,0.0,1.28,1.03,-1.33,2.26,-2.87,0.63,0.36,-0.3,-0.19,0.46,1.92,-2.8,0.28,-3.33,5,0,0
-1.74,-0.48,3.38,-0.51,-3.57,0.08,1.71,1.26,0.58,0.75,2.05,-0.57,-2.67,1.85,2.25,3.97,5,0,0
0.63,-4.21,3.38,-2.69,-4.48,-1.15,2.63,1.03,3.63,-2.02,-0.38,-1.22,-2.63,2.7,-0.75,1.93,5,0,0
5.1,2.31,-0.5,-1.23,-1.56,-3.46,-2.24,2.06,0.68,-0.16,3.47,2.55,-3.33,-0.48,2.47,0.3,5,0,0
0.85,-2.29,0.73,2.8,-1.32,-2.07,1.77,0.88,2.77,1.06,-0.21,4.17,-3.16,-2.41,3.43,1.03,5,0,0
1.52,-3.66,0.39,-2.7,-0.09,-4.66,3.85,0.56,1.04,0.65,1.7,2.67,-1.73,2.65,0.21,0.01,5,0,0
2.13,0.0,-0.91,2.15,1.86,-3.17,-0.59,0.97,-4.22,3.58,3.1,2.04,-0.3,-1.18,3.55,2.38,5,0,0
0.96,-3.93,0.48,1.26,-1.19,-0.67,-0.29,0.66,2.53,0.03,-1.64,1.07,0.02,-0.27,0.09,0.87,5,0,0
2.6,0.32,1.14,5.88,2.55,-1.53,-1.49,-2.28,-2.51,5.58,-1.48,-2.17,-1.14,-3.42,-0.05,-1.81,5,0,0
0.02,0.64,-0.85,-3.42,-0.2,2.84,-0.32,-1.14,-0.55,-2.01,2.95,2.13,-3.01,2.42,-0.35,0.44,5,0,0
1.9,-3.98,2.17,-1.31,-6.49,-0.72,-1.45,2.53,3.59,-1.17,-0.2,0.03,-1.34,1.43,0.68,0.16,5,0,0
1.3,1.45,-0.32,-2.24,-1.56,-1.93,-1.39,1.72,1.41,-1.61,3.04,2.14,-2.45,2.0,2.56,2.25,5,0,0
0.48,0.54,-0.26,-0.99,3.51,-1.66,1.8,-0.77,-0.81,-1.77,2.12,-1.54,-0.84,0.37,-2.36,-2.33,5,0,0
1.51,-1.9,0.03,0.61,-1.64,-1.07,-1.84,1.23,4.16,-0.04,-0.64,-0.44,-0.73,-3.0,1.73,-3.21,5,0,0
-1.07,-2.36,0.51,4.14,3.89,3.09,1.57,-2.21,-5.29,-1.67,-1.82,-2.89,-0.33,-1.43,-2.66,-1.56,5,0,0
-0.72,-2.86,0.6,-0.7,0.75,2.08,-0.28,-2.44,3.25,0.27,-2.86,-1.64,-0.67,1.8,-4.22,1.5,5,0,0
1.19,-2.03,3.72,2.0,-0.3,1.94,-0.55,-1.27,-1.27,3.29,-2.21,-1.65,1.66,2.3,-2.58,5.47,5,0,0
1.77,-3.71,-0.45,0.2,3.48,-1.47,1.37,-1.43,-1.37,1.22,0.02,-2.19,1.5,-0.59,-3.87,-1.73,5,0,0
-0.91,-2.3,0.66,2.96,1.88,1.74,-1.43,-0.72,-1.48,2.03,-3.97,-4.27,5.59,-1.36,-2.24,0.01,5,0,0
-2.04,0.89,-5.08,-2.55,1.79,-0.25,-3.31,1.68,2.68,-1.03,1.95,0.51,4.13,-2.61,2.84,-3.07,5,0,0
-1.36,0.1,-1.52,0.88,2.51,-2.13,1.57,0.22,-1.69,-1.55,-0.47,-1.89,-1.17,0.16,-0.74,-2.41,5,0,0
-3.69,3.96,-0.58,-2.33,0.69,4.51,-3.08,1.66,1.09,-4.27,1.35,-0.45,3.57,2.51,0.75,2.57,5,0,0
-2.23,-2.35,0.23,-0.3,-0.87,4.25,-2.07,2.91,-1.67,-1.37,4.5,1.35,2.5,0.44,1.37,4.31,5,1,1
-2.13,-2.66,-1.03,-2.1,2.36,-0.26,2.05,1.41,0.15,-2.6,2.53,0.35,2.57,0.38,0.44,1.35,5,0,0
-0.48,-1.84,1.37,-2.51,0.97,2.56,1.05,0.75,-0.75,0.46,3.24,-5.41,-0.57,-0.77,-2.8,7.24,5,0,0
-1.14,0.97,-1.38,0.32,1.15,-0.5,-0.02,-2.5,1.02,5.44,0.71,-1.09,-4.8,-1.28,0.05,-0.22,5,0,0
1.44,-1.06,-0.02,-0.74,-2.39,-1.01,-1.4,0.7,0.48,1.02,-0.14,2.16,-1.27,1.64,1.97,0.69,5,0,0
3.19,-0.95,-1.56,0.81,0.28,-3.09,0.2,-1.82,-3.07,3.67,-2.27,-0.72,-3.65,-0.03,-1.05,-0.87,5,0,0
-2.92,-1.01,-0.37,2.66,1.66,1.53,-1.03,0.02,3.15,-0.01,-2.35,-1.29,1.41,-2.23,1.13,-0.43,5,0,0
0.52,-0.24,-2.13,-0.07,0.53,3.02,-2.69,-0.1,-1.92,-1.51,2.21,3.08,0.92,-0.59,0.92,-2.57,5,0,0
0.85,2.64,-1.53,0.08,1.55,0.35,-2.1,-3.32,-3.53,6.65,1.35,0.45,-1.36,0.88,-0.28,0.63,5,0,0
-3.48,1.73,-2.47,-0.97,3.4,-2.67,3.55,-1.58,-2.44,2.11,-1.64,-3.95,0.16,-0.62,-0.35,-3.03,5,0,0
-0.88,-2.57,0.65,-0.08,0.76,-4.01,4.91,1.16,-1.2,2.92,0.93,-2.23,-2.74,-0.62,0.92,5.77,5,0,0
1.96,3.81,0.83,0.7,0.33,0.29,-3.13,1.78,1.05,-1.72,2.91,-0.33,1.14,-2.82,2.55,-1.04,5,0,0
0.38,0.45,-2.35,-4.35,-0.34,0.31,-0.57,-0.65,-1.46,2.77,1.84,-1.86,0.64,-0.59,-1.24,-1.4,5,0,0
0.08,0.8,-0.68,-0.59,1.46,0.51,0.89,-1.63,-3.76,0.71,-0.46,-1.35,0.17,0.33,-1.33,-2.02,5,0,0
-1.77,2.94,-3.66,-2.22,2.4,-0.79,-1.02,-1.58,-3.86,3.9,-0.95,-1.17,2.45,1.92,-0.26,-0.83,5,0,0
5.61,1.23,2.85,-0.88,-3.15,-0.38,-2.82,0.58,-0.7,-0.05,3.44,1.45,-4.32,2.57,0.76,3.04,5,0,0
-0.58,2.18,-1.55,-0.17,-0.39,1.7,-3.07,1.6,2.56,-4.12,2.33,2.78,-1.02,-0.18,2.6,-1.3,5,0,0
0.56,-5.65,3.04,2.9,-3.37,0.69,0.61,3.15,3.47,-3.36,1.14,4.26,-1.24,-1.07,2.6,2.4,5,0,0
-1.86,1.8,1.15,-3.05,-0.83,-1.25,3.48,-1.22,2.11,1.16,0.27,-1.76,-3.46,1.25,-0.41,1.07,5,0,0
-3.11,-0.26,0.58,-4.93,1.56,3.78,1.94,-1.5,1.62,-1.24,3.77,-2.58,-0.48,1.33,-2.99,1.91,5,0,0
-2.09,-0.1,0.39,0.91,2.84,-0.06,2.5,-1.5,1.51,0.67,-1.4,-4.08,0.1,-3.33,-0.6,-0.48,5,0,0
