@relation SyntheticData-N_600-D_16-Nmin_140-Zmin_0-CL_3_3-R_0
@attribute X0 real [-6.87, 6.29]
@attribute X1 real [-8.16, 7.84]
@attribute X2 real [-6.94, 6.45]
@attribute X3 real [-5.81, 6.15]
@attribute X4 real [-7.96, 8.95]
@attribute X5 real [-6.48, 7.05]
@attribute X6 real [-7.84, 7.72]
@attribute X7 real [-5.02, 7.43]
@attribute X8 real [-6.59, 7.73]
@attribute X9 real [-8.16, 7.04]
@attribute X10 real [-7.01, 7.10]
@attribute X11 real [-6.37, 7.69]
@attribute X12 real [-8.37, 6.86]
@attribute X13 real [-6.84, 6.32]
@attribute X14 real [-7.84, 6.74]
@attribute X15 real [-7.23, 6.82]
@attribute cluster_idx {0,1,2,3,4,5}
@attribute is_noise {0}
@attribute Class {0,1}
@inputs X0,X1,X2,X3,X4,X5,X6,X7,X8,X9,X10,X11,X12,X13,X14,X15,cluster_idx,is_noise
@output Class
@data
1.52,0.57,-4.97,1.67,0.73,-1.26,0.23,-1.29,2.19,2.84,0.26,-2.74,0.26,0.1,-2.52,1.33,0,0,1
-1.29,0.37,1.11,2.32,-1.06,-2.99,2.84,-3.25,1.5,0.8,-1.55,-1.28,-2.38,1.24,-0.02,3.64,0,0,1
-1.83,2.76,-1.55,-2.49,-0.95,-2.85,-3.3,-1.42,2.65,3.31,3.64,-0.39,3.87,-4.26,-1.89,1.58,0,0,1
0.98,-3.6,1.51,-1.4,1.65,-2.73,-5.31,-2.35,0.57,0.99,2.49,1.75,2.79,-1.25,4.6,-1.62,0,0,1
-3.98,-0.02,-1.79,3.62,1.76,-2.33,0.09,1.35,3.27,0.46,-3.58,-0.96,0.03,2.12,-3.0,0.43,0,0,1
1.81,1.41,-0.45,1.21,0.5,2.11,1.92,3.39,1.11,-0.06,-3.06,-2.15,-0.69,-1.18,-2.63,0.63,0,0,1
1.22,1.55,-0.74,0.08,-2.2,-1.98,2.33,-3.73,1.75,1.3,-1.47,-4.01,-0.33,-4.04,-3.37,3.62,0,0,1
1.9,-1.49,1.2,-1.04,-5.06,-0.72,-1.02,-2.41,-0.34,0.05,1.33,-2.88,-1.7,1.34,-2.1,2.6,0,0,1
-1.89,1.74,2.33,-2.84,-1.78,0.81,-1.4,1.17,0.67,0.04,-0.87,-0.89,1.95,-3.01,-0.53,-1.14,0,0,1
-0.53,0.63,-0.37,1.73,2.82,1.01,0.05,4.66,2.07,-2.57,-1.24,1.11,0.68,0.31,-3.4,-0.83,0,0,1
1.9,1.93,0.82,2.39,2.31,-0.09,1.68,-0.16,-4.23,-2.62,-1.73,0.29,-4.4,-1.25,-0.58,-0.46,0,0,1
4.21,-0.57,1.3,0.05,2.15,1.62,1.38,1.75,1.26,-3.81,-0.13,0.38,1.17,-2.36,-0.86,-0.18,0,0,1
-6.52,1.11,1.72,0.65,2.5,-0.49,-3.83,0.42,-1.98,1.11,-2.45,1.78,1.53,1.19,2.55,-4.61,0,0,1
3.58,1.22,-1.05,0.67,-1.29,0.6,2.24,1.64,-1.24,-1.54,0.75,-1.5,0.27,0.59,-3.28,2.28,0,0,1
-4.81,1.04,5.31,-3.22,-3.24,2.73,-2.86,-3.68,-1.57,1.58,-1.66,-1.3,-0.92,-0.08,2.36,-2.28,0,0,1
-5.9,2.14,2.36,-0.75,2.56,2.11,-1.92,1.74,-0.72,0.97,-1.45,2.67,1.5,1.03,2.02,-2.22,0,0,1
-6.44,-1.89,-0.56,-3.33,-1.68,2.45,-2.94,-0.55,-0.15,-0.9,-1.68,1.27,2.16,-1.47,-0.43,-1.45,0,0,1
-0.83,-2.21,0.62,-1.85,-2.36,0.68,-2.18,-2.17,0.91,-0.03,-0.64,-1.02,1.99,-2.54,-1.16,1.2,0,0,1
-1.07,1.14,-1.13,-0.04,0.94,1.73,-0.16,0.84,3.07,2.05,-1.37,1.44,2.18,-2.21,-1.59,0.92,0,0,1
-0.89,-4.33,0.45,0.66,-1.25,-3.64,-1.01,-4.0,3.55,-2.72,-0.34,1.41,-1.02,-2.25,-0.44,2.93,0,0,1
3.56,-2.3,2.15,0.68,0.97,-0.04,3.85,-4.73,-1.11,-0.43,-3.15,-1.02,-1.0,-3.11,4.33,-1.18,0,0,1
-2.49,2.55,0.51,-1.9,2.47,2.3,3.58,7.43,-4.69,-6.46,-1.15,2.62,-1.16,-2.11,-2.07,0.65,0,0,1
-0.4,1.6,-0.14,1.59,0.95,3.69,4.24,3.47,1.68,0.07,-3.01,-0.46,-2.25,2.23,-1.6,0.12,0,0,1
1.28,3.66,1.47,1.24,3.27,2.72,4.08,4.85,-3.59,-0.87,-1.56,3.02,0.68,2.13,2.25,-0.72,0,0,1
6.29,-1.04,-5.32,2.91,3.0,0.99,3.51,2.59,3.08,0.49,-1.65,-2.25,-1.34,-0.1,-2.86,0.83,0,0,1
-0.22,-0.51,1.71,-3.54,-1.37,5.82,0.42,-0.41,-3.3,-2.61,-1.6,-0.27,-0.87,-3.0,0.96,-1.63,0,0,1
-1.2,0.38,0.73,-2.44,-0.09,2.55,1.09,2.4,-4.09,-4.08,-0.21,1.46,-1.21,-0.05,-0.17,-0.53,0,0,1
5.26,0.74,0.86,-0.01,0.78,0.27,1.14,4.58,-3.26,-4.2,0.26,-1.14,-0.55,0.52,-1.43,-3.21,0,0,1
5.6,-6.59,0.49,-1.95,-0.35,4.23,1.14,5.0,0.89,-8.16,-2.13,-0.89,-1.14,-2.39,-2.59,-0.19,0,0,1
0.25,0.27,-5.51,0.87,-0.56,2.85,0.82,2.26,4.93,3.43,-2.13,-1.8,0.58,-1.57,-4.92,2.95,0,0,1
-0.59,0.31,1.26,-0.65,-0.09,2.82,0.76,1.9,-0.76,-4.49,-0.12,2.65,-1.27,-1.43,-2.05,1.36,0,0,1
-2.76,2.85,3.83,-0.28,-0.06,3.01,-2.7,3.76,-1.3,-2.86,-1.13,0.73,-0.81,0.76,-2.99,-0.7,0,0,1
-4.72,0.38,-0.78,-2.3,0.16,-2.43,-4.29,0.24,2.34,2.43,1.63,0.94,2.21,-0.04,1.27,-1.54,0,0,1
1.59,4.19,0.81,-1.91,-2.89,0.9,-0.46,2.7,-0.8,0.25,1.32,-1.16,2.63,-1.53,-4.02,2.18,0,0,1
-0.16,-0.12,1.45,-1.09,-1.26,-0.95,-0.45,0.19,-0.16,-0.04,0.59,0.18,2.64,0.82,0.66,0.65,0,0,1
3.74,1.58,-0.77,2.22,0.38,-1.99,1.97,2.67,-0.44,-1.37,1.81,-0.12,-1.76,3.67,-1.52,1.38,0,0,1
-1.02,0.1,-0.65,-1.53,-4.85,-2.4,0.37,-1.68,5.04,4.32,-0.72,-5.35,4.23,0.08,-2.94,1.6,0,0,1
4.13,-1.24,-5.48,3.64,3.85,-0.67,3.66,1.92,-2.73,-3.23,1.02,3.14,-0.91,3.0,0.22,1.28,0,0,1
0.97,0.41,-0.53,0.52,1.55,4.53,0.61,3.68,0.32,-1.67,-1.27,-0.44,-1.72,1.49,-1.95,-1.59,0,0,1
-4.29,1.66,3.29,-2.24,-2.38,-1.2,-3.05,-2.41,-2.07,1.42,0.9,1.02,-0.52,-0.84,0.86,2.02,0,0,1
1.95,-1.55,1.9,-0.01,0.92,1.59,7.72,-3.4,-1.03,-1.72,-3.09,-0.72,-1.43,-1.87,3.97,0.49,0,0,1
0.73,-1.57,1.16,-2.82,-1.33,0.86,-2.77,-0.57,-0.62,0.45,2.5,2.15,1.85,-1.27,2.35,0.45,0,0,1
-2.12,1.41,0.15,-0.14,-0.92,-0.2,-3.7,-2.52,2.06,5.47,-1.48,-1.51,0.47,-1.8,1.43,-3.49,0,0,1
0.07,0.99,1.7,2.05,2.07,-3.06,0.17,-3.45,-6.39,-0.58,-0.65,0.15,1.51,1.95,3.54,-2.52,0,0,1
-0.26,0.62,0.58,-0.99,0.56,-0.0,1.43,-2.5,1.18,3.18,1.34,-0.23,0.63,1.18,2.53,0.85,0,0,1
-0.13,-0.83,4.7,0.39,-0.35,4.68,-0.12,1.56,1.68,-0.06,-3.96,-1.29,-4.22,-0.01,0.49,-1.61,0,0,1
0.77,-4.49,-0.13,-1.05,2.7,0.56,-0.8,0.33,-0.32,-0.99,-2.32,1.05,3.41,-1.72,3.05,-3.05,0,0,1
5.51,2.79,2.86,0.92,0.27,2.22,7.31,-0.7,-3.74,-7.58,-3.13,3.57,-0.01,4.89,1.42,4.25,1,0,1
4.6,2.4,-1.76,0.86,1.37,4.57,-5.5,-0.23,3.23,-0.36,1.45,0.9,-2.32,-1.91,-2.25,1.82,1,0,1
0.37,2.36,-2.04,1.53,-1.49,2.27,1.63,4.58,2.63,0.4,-1.54,-1.88,-1.74,-2.11,-2.11,1.64,1,0,1
1.32,-0.82,0.48,-0.63,4.07,-0.02,2.13,3.01,-0.29,-2.58,-1.49,2.21,1.65,-0.83,-1.63,0.04,1,0,1
1.56,-1.8,0.31,-2.99,4.43,1.17,-1.21,1.16,0.33,-0.4,-0.03,2.86,-1.2,0.18,-1.61,-0.45,1,0,1
-0.85,-2.09,-2.72,-0.27,0.58,1.4,0.52,3.77,0.83,1.43,0.62,-0.89,-1.55,-1.35,-3.01,-2.85,1,0,1
-0.87,-2.91,1.63,1.86,-0.08,4.96,0.48,0.22,0.83,0.83,-2.93,1.6,-0.3,-2.51,-1.75,2.47,1,0,1
0.93,2.07,0.26,4.47,-1.4,4.18,0.97,4.53,1.63,1.81,-0.45,0.9,-2.82,-1.72,-3.46,-2.71,1,0,1
1.22,1.66,0.49,0.61,-2.22,-0.33,0.94,-0.42,-0.16,-0.87,0.1,-0.4,0.76,-0.36,0.04,0.88,1,0,1
0.88,-5.14,-4.22,-1.37,-2.14,0.44,-2.1,0.53,0.47,-1.59,1.44,-1.36,-0.56,-1.29,-2.16,-4.32,1,0,1
3.16,1.23,-0.77,2.32,2.93,2.24,-0.23,-3.89,-5.19,-6.99,-0.37,-1.2,5.54,1.22,1.6,0.11,1,0,1
-1.18,-4.32,-2.01,-1.04,0.36,-2.25,2.06,2.01,0.66,-3.91,1.37,-3.19,1.9,0.87,0.05,-3.65,1,0,1
6.21,0.05,1.05,2.01,-2.01,3.79,2.14,-0.28,0.32,-6.63,-5.01,3.89,-1.21,0.9,0.77,3.74,1,0,1
-0.51,2.27,-3.1,3.96,-3.35,4.82,-5.87,-2.69,2.27,1.57,3.09,-6.21,-1.05,-4.98,-0.54,3.6,1,0,1
-2.14,1.22,-0.08,1.11,-4.48,-4.9,1.58,0.5,-1.64,-1.06,-1.23,-3.27,3.26,-1.22,2.3,2.0,1,0,1
0.49,1.47,-0.11,-0.32,-0.6,-6.36,-0.98,-3.49,-2.87,-1.58,-1.87,0.56,5.48,-2.05,3.52,1.04,1,0,1
-0.45,1.72,0.59,2.71,0.97,0.04,-2.09,-1.25,-2.85,-0.17,-0.99,0.11,3.68,1.77,2.0,0.74,1,0,1
3.7,1.71,1.07,0.56,-1.37,4.99,3.07,-0.38,3.63,-1.89,-2.38,1.42,-1.79,-0.87,0.01,5.26,1,0,1
-2.5,-4.72,-2.48,0.83,-1.64,3.07,-3.06,1.21,2.26,2.43,1.42,-2.46,-3.08,-2.46,-3.98,-7.23,1,0,1
1.32,0.29,2.99,-2.04,3.66,1.78,5.21,1.92,0.66,-1.25,-2.04,3.04,-0.18,1.17,-0.56,-1.02,1,0,1
-0.31,-2.72,-1.44,0.74,-2.9,-2.73,0.53,1.23,0.27,-2.12,0.31,-2.16,2.67,-2.8,-0.37,-0.73,1,0,1
1.77,1.29,2.31,-0.58,3.51,1.01,1.41,1.5,1.25,-1.95,-1.07,2.26,1.35,-1.48,-2.1,1.82,1,0,1
2.18,-0.08,-2.86,1.73,3.68,2.23,0.25,0.36,-4.0,-4.92,-2.35,-0.03,2.88,-0.66,-0.48,0.38,1,0,1
-0.16,1.09,0.0,-1.43,0.77,-0.93,0.82,-0.19,1.61,1.33,-0.47,0.34,-0.11,-0.3,0.29,-0.91,1,0,1
3.9,-2.72,3.17,-0.07,5.08,6.43,-1.31,0.66,2.28,-2.63,1.31,4.31,-1.61,-0.55,-3.95,-2.33,1,0,1
1.51,2.79,-1.54,-1.85,-0.05,-3.88,-2.97,-1.06,-1.05,0.1,0.9,-0.4,2.7,0.27,1.78,-0.53,1,0,1
0.24,2.22,-0.96,0.6,-1.38,-2.2,1.67,-1.98,-4.52,-1.93,0.38,-1.77,1.91,4.49,3.1,-0.95,1,0,1
2.86,6.04,3.11,0.79,-3.6,0.94,3.54,-2.15,-0.97,-1.78,0.31,-0.46,-0.12,3.76,2.9,5.27,1,0,1
-1.03,-1.6,-3.08,-0.26,-1.63,-1.73,-2.35,0.81,0.01,-0.03,1.95,-2.67,1.19,0.05,-1.28,0.6,1,0,1
-0.19,0.74,4.32,-0.25,-1.98,1.41,6.21,3.92,1.13,1.43,-0.05,2.33,-2.51,-0.51,-3.11,0.88,1,0,1
-1.07,0.73,-1.17,3.46,-5.99,-0.07,-3.06,-0.63,1.36,0.92,-0.45,-2.84,0.26,-5.04,-1.34,1.9,1,0,1
2.98,2.58,1.66,-0.38,0.72,3.02,4.12,1.81,2.16,-1.33,2.19,0.45,-1.78,1.17,-1.56,3.16,1,0,1
-1.68,-0.42,1.94,0.42,-2.36,-3.84,0.01,-3.61,-1.46,-0.59,2.19,-1.91,4.05,0.29,1.63,-1.99,1,0,1
0.43,2.73,1.07,-0.66,-0.91,-2.55,-7.84,-4.49,-3.06,4.49,1.57,1.6,0.97,0.02,2.93,-1.47,1,0,1
1.84,1.26,-0.7,1.12,-0.3,5.33,-2.25,-1.18,3.21,-0.78,1.63,-2.7,-1.37,-0.37,-0.69,1.1,1,0,1
1.47,-2.33,-0.44,0.08,3.89,0.51,1.69,2.17,3.14,-4.23,-2.83,1.91,1.93,-2.56,-3.23,-2.01,1,0,1
0.27,-2.21,-3.52,0.66,-1.0,2.09,-2.1,0.13,-1.74,-0.74,-1.6,-0.97,-0.34,-0.48,-0.15,-0.76,1,0,1
4.57,3.58,-0.77,2.77,0.12,7.05,-2.89,-2.88,3.08,-1.33,-1.35,0.48,-1.73,-2.94,-0.44,6.82,1,0,1
0.3,-1.69,-0.53,3.5,-0.28,-1.17,-0.59,3.47,-4.33,-1.24,1.91,0.75,0.52,0.05,-3.14,-3.1,1,0,1
1.9,-3.45,-0.86,-3.29,2.68,0.18,0.91,-0.54,2.1,-3.86,-4.32,2.43,1.11,-1.4,0.42,0.85,1,0,1
0.55,-1.76,-3.5,1.03,3.83,-0.78,-1.77,2.94,-6.59,-2.35,1.23,-0.12,2.56,1.57,-1.36,-5.33,1,0,1
0.43,0.62,-0.96,0.7,-1.96,3.06,-0.94,2.96,1.13,3.13,-0.14,0.96,-3.22,-0.42,-2.35,-0.39,1,0,1
1.09,0.46,-2.91,1.18,0.47,2.02,1.81,3.1,0.63,1.41,-0.13,0.52,-2.21,-1.19,-2.55,-0.76,1,0,1
1.92,1.13,2.13,0.32,1.3,2.28,2.89,3.19,-0.54,-1.19,-4.59,4.51,-1.49,-0.23,-1.77,5.11,1,0,1
-1.06,0.75,2.89,0.32,-0.57,-0.58,3.26,-0.42,-2.97,-0.05,-3.69,1.96,2.0,1.42,1.46,-1.41,1,0,1
0.96,1.62,3.96,0.65,1.52,-3.19,-2.39,-0.11,-6.18,-0.82,-1.14,4.71,3.98,1.98,0.85,3.11,1,0,1
3.57,1.54,3.41,0.04,2.9,6.02,2.22,3.23,1.74,0.1,-1.13,5.06,-3.66,-0.7,-3.95,1.26,1,0,1
-0.08,0.15,-0.39,1.16,-1.78,-2.13,-1.32,1.88,3.05,-4.24,-2.82,3.27,-1.91,-4.66,0.87,3.76,2,0,1
-6.85,2.7,-1.59,-3.3,0.77,-0.28,-3.16,-0.79,-3.71,-1.13,-1.27,4.26,-0.09,0.3,-4.4,-2.43,2,0,1
-0.34,0.22,0.63,-0.9,2.77,4.32,-1.36,0.6,-4.95,-1.16,3.56,-0.03,-2.98,0.7,-1.22,-3.41,2,0,1
-1.46,-1.14,0.89,-2.2,2.11,0.98,1.37,-2.53,-4.21,3.26,4.1,2.42,-1.05,-0.09,-1.26,-2.49,2,0,1
5.11,-3.58,3.38,1.85,-3.28,6.56,-0.52,2.61,2.95,-2.68,-0.84,0.84,-3.14,1.28,6.74,3.54,2,0,1
1.51,-2.4,-5.41,-1.18,-5.2,0.51,4.23,-2.77,3.32,0.12,-4.62,1.82,-3.19,-2.31,1.84,5.23,2,0,1
1.78,-0.63,-0.82,-1.08,0.52,0.2,2.57,0.06,-2.19,3.93,-4.36,-1.42,0.31,0.95,-1.12,0.46,2,0,1
1.66,-1.01,1.62,-0.28,-0.68,2.07,-0.45,3.52,1.04,-1.82,-1.6,1.62,-1.52,-0.97,2.52,1.81,2,0,1
2.79,1.73,0.97,1.32,-0.12,1.95,0.2,3.08,-0.2,-2.44,-1.31,2.29,-0.1,-1.25,2.58,1.39,2,0,1
0.56,0.58,3.08,2.38,0.41,0.74,-0.6,-0.82,-0.88,-2.55,-1.48,-2.73,-0.37,1.89,-0.22,-2.63,2,0,1
-3.37,-1.6,-1.29,-2.03,-2.28,-2.41,1.43,-2.55,0.6,1.91,-3.33,2.54,0.4,-1.04,-1.31,1.87,2,0,1
-4.6,-0.01,3.34,-1.12,-1.18,0.43,-1.12,-0.59,-1.13,-1.69,1.64,3.79,0.26,1.12,0.91,-2.19,2,0,1
0.16,-1.05,-2.21,-1.21,0.8,0.62,0.98,0.2,-1.7,0.69,-2.77,-0.06,-1.69,-2.03,-1.6,1.18,2,0,1
-0.79,0.61,0.07,0.63,-1.08,-2.95,0.95,1.42,2.1,1.18,-4.42,3.29,3.85,-2.82,1.59,1.52,2,0,1
0.71,-3.43,2.44,0.43,-1.21,3.4,-0.66,-0.19,1.8,-1.52,-1.19,-1.43,-2.21,1.05,3.68,0.86,2,0,1
-3.16,1.62,0.12,-1.72,-0.85,0.5,0.78,1.09,-1.14,1.52,1.17,3.65,1.94,-1.36,1.09,-0.29,2,0,1
1.05,0.72,1.91,-1.63,0.16,1.92,0.88,1.44,-0.22,-1.31,-0.69,3.42,0.55,2.13,2.37,-1.23,2,0,1
0.89,0.43,0.4,0.04,1.93,2.08,-1.19,0.8,-1.58,1.15,4.09,-0.87,-0.99,0.22,0.68,-2.58,2,0,1
2.45,-0.93,3.36,0.41,-0.03,2.47,-1.59,2.13,0.03,-1.51,2.63,-2.36,-3.01,4.23,0.9,-0.48,2,0,1
-1.96,-4.56,-0.38,0.75,-4.06,4.27,0.48,-4.05,2.54,5.23,0.97,-1.06,2.05,-1.32,2.63,0.22,2,0,1
-0.74,-1.09,2.82,-4.99,2.44,3.85,-0.67,1.13,-1.65,-2.09,0.63,0.98,-2.78,1.32,1.33,-2.37,2,0,1
-0.58,-0.63,-1.12,-0.79,-0.68,-1.4,2.72,-1.44,-0.31,-0.91,1.2,2.87,-1.6,-2.7,-2.05,0.57,2,0,1
-0.03,-1.85,2.89,-1.13,0.11,4.04,-2.46,1.04,-1.26,-0.79,-1.12,-1.0,-2.49,2.3,0.9,0.0,2,0,1
-1.72,1.77,-1.19,2.24,-1.78,3.22,-0.58,2.1,-0.27,1.94,5.02,0.6,2.5,-4.2,1.1,-2.2,2,0,1
-1.74,-0.85,-2.35,1.8,-4.59,-0.21,-0.91,-0.17,3.54,-2.73,-0.49,0.26,-1.12,-3.78,-2.72,1.82,2,0,1
1.54,-4.41,1.45,-0.87,-1.89,1.35,2.26,1.29,1.63,0.55,-2.56,5.26,-0.7,-2.56,2.98,2.76,2,0,1
0.34,-3.09,-2.56,-0.57,-5.19,-0.42,6.51,-4.68,1.05,3.77,-1.6,2.47,-0.24,-2.87,-0.83,2.61,2,0,1
0.55,-4.41,0.81,-2.84,0.58,-0.7,1.22,-0.06,0.78,3.29,-2.17,2.24,-0.76,-0.17,0.71,2.87,2,0,1
-1.1,-0.11,-2.73,-1.64,-1.88,2.88,1.65,-2.0,1.67,1.4,1.05,1.35,2.03,-3.24,-0.74,0.27,2,0,1
1.98,1.91,1.22,-1.72,-0.51,2.47,1.1,2.07,0.67,-2.1,3.4,2.81,-0.61,-0.55,1.01,0.16,2,0,1
-1.29,1.38,-1.35,-0.99,-0.32,1.74,-0.85,2.31,-0.43,-0.45,-1.18,-1.18,-0.3,-1.5,-1.19,-0.84,2,0,1
-1.4,6.62,2.72,1.72,0.38,2.53,-4.19,2.78,-1.22,-1.02,0.14,-0.04,4.67,2.14,1.87,-2.25,2,0,1
1.12,1.93,-0.77,-1.74,3.08,0.56,0.75,-2.03,-2.28,3.3,3.72,-0.71,0.29,0.13,-0.9,-1.49,2,0,1
0.01,4.35,-1.72,-0.54,-4.42,4.84,0.61,1.43,1.27,-5.91,-1.65,0.11,-1.2,0.8,0.89,-0.65,2,0,1
-2.36,2.38,2.86,-3.84,-2.03,0.26,0.18,0.92,1.06,-2.53,-1.99,6.93,1.51,0.94,2.41,1.23,2,0,1
0.68,-1.69,1.58,-1.39,0.06,3.83,0.63,-2.22,-0.01,-2.32,2.29,1.87,-2.57,-0.04,2.69,-0.31,2,0,1
0.67,-3.61,-1.31,-4.04,0.43,-0.36,3.77,-0.31,-1.49,-0.5,-4.07,2.52,-4.69,-0.14,-0.45,1.94,2,0,1
-3.14,2.81,2.87,-1.23,-1.35,2.24,-2.19,2.39,-1.72,2.35,3.11,4.14,2.35,1.41,2.3,-0.86,2,0,1
-1.18,0.15,-2.19,-1.29,-1.11,-1.61,1.86,-2.91,-0.75,-2.5,-0.2,1.15,-3.83,0.65,-2.99,0.09,2,0,1
-3.34,-1.16,0.99,1.16,-0.99,1.54,-0.31,-1.24,-1.28,3.44,0.64,2.03,3.26,-0.64,1.79,-1.9,2,0,1
-0.82,-1.33,2.47,-2.29,-1.67,1.8,-0.5,2.7,1.58,2.7,-3.96,3.32,2.42,-0.83,3.82,1.64,2,0,1
-0.58,1.2,-2.99,0.92,-1.11,-1.25,-0.06,2.14,1.44,1.16,-3.32,-0.77,1.37,-2.72,0.2,0.39,2,0,1
-2.1,0.41,2.36,-1.53,0.85,-1.22,-1.49,1.17,0.73,-0.31,-2.99,1.29,1.47,0.53,0.46,-1.5,2,0,1
-0.19,-2.64,2.24,0.54,-1.8,1.08,-1.02,-0.2,0.83,1.65,-3.62,0.19,0.45,2.02,1.25,1.18,2,0,1
-1.96,1.56,0.12,-2.68,-0.4,-0.31,0.08,-2.31,0.57,1.74,0.12,1.34,1.72,3.44,0.0,-2.29,2,0,1
0.18,4.09,-3.02,-2.18,2.38,-2.57,2.64,-0.33,-2.36,0.29,-3.06,-0.42,0.43,-0.43,-2.53,0.05,2,0,1
5.09,0.51,-1.76,4.99,2.25,0.46,6.59,2.53,-2.2,3.31,-2.9,1.37,-0.02,-5.79,2.89,-1.91,3,0,0
-1.31,2.79,0.5,-3.47,0.06,-0.56,1.3,1.59,-0.97,0.27,0.63,0.04,1.63,0.13,1.05,-0.85,3,0,0
0.39,-1.33,2.54,0.56,2.65,-1.68,-0.48,-2.53,-2.26,-0.61,-1.34,-0.87,0.83,-5.68,-0.0,4.3,3,0,0
1.72,-2.64,1.04,1.24,-1.1,1.58,-1.18,0.14,-1.95,0.0,-1.76,-1.78,-4.16,-1.31,-2.2,-1.58,3,0,0
-1.85,-3.03,3.19,-3.21,1.37,-1.66,-1.79,-0.46,-1.1,-0.37,0.76,-3.64,-3.76,-2.02,-1.95,2.62,3,0,0
5.46,-3.01,-1.85,2.18,-0.57,0.78,2.96,-0.89,-0.17,2.85,0.38,-0.22,0.18,-2.28,3.96,-0.81,3,0,0
1.17,3.84,-2.11,-0.45,1.81,1.78,0.77,5.67,-0.85,0.13,-1.29,1.09,-0.02,0.42,-1.31,-0.97,3,0,0
-1.22,1.75,0.33,-1.07,-1.83,1.73,-0.13,2.99,-0.8,0.04,4.99,0.88,1.24,-1.31,-1.53,-2.29,3,0,0
-0.28,-0.3,0.84,0.99,-0.79,-1.98,1.66,-0.54,-0.2,0.53,0.35,0.71,-1.3,-1.38,-1.35,1.2,3,0,0
-2.58,-0.1,-1.68,0.84,2.0,0.47,-2.14,1.82,-2.01,-3.66,-0.66,-3.04,-1.26,1.3,-4.21,0.09,3,0,0
0.81,0.74,2.09,-1.2,3.69,1.33,0.26,1.26,-1.31,1.5,-2.03,1.47,-1.33,-2.94,1.71,1.06,3,0,0
0.68,-0.06,-0.83,0.59,0.03,-0.46,-0.26,-3.3,1.42,-0.4,-0.21,1.97,1.86,-0.75,0.11,2.2,3,0,0
1.52,-4.12,2.11,-0.05,-2.58,1.54,-4.0,-2.44,-2.53,-0.75,-0.58,-3.87,-4.89,-0.05,-3.13,0.28,3,0,0
-2.1,-0.64,2.99,-2.68,2.3,2.39,-2.49,3.55,0.11,3.05,-1.13,-0.51,-6.35,-0.07,-1.95,-1.24,3,0,0
1.43,5.47,-5.65,-0.61,-1.64,-0.89,1.31,-1.34,-1.71,-0.81,-0.84,-1.6,0.69,-0.2,-3.08,-1.39,3,0,0
4.51,-2.13,-0.01,2.44,2.11,-2.55,3.82,2.58,-1.67,5.2,-1.86,-5.11,-5.14,-5.83,-1.48,2.12,3,0,0
0.37,-0.16,0.61,-2.17,2.01,2.08,-5.83,-2.25,-0.84,-0.29,-2.61,-2.49,-2.05,0.09,-3.75,3.79,3,0,0
4.36,1.29,-4.29,2.83,-5.44,2.59,-3.49,-4.42,5.06,-4.91,-3.77,1.83,1.66,1.45,-3.16,-3.17,3,0,0
-0.93,0.89,-1.16,-1.34,3.28,-0.27,2.28,-0.93,-3.05,3.8,0.89,-0.21,2.38,-0.71,3.56,1.61,3,0,0
1.57,-2.42,-0.19,-0.28,1.84,1.56,0.62,0.56,-4.42,2.5,-0.11,-0.58,-0.26,-4.36,0.17,-0.6,3,0,0
2.66,-1.65,-0.66,0.09,-0.59,-0.77,2.33,-0.87,-2.24,2.13,0.91,-3.24,-2.47,-1.53,0.28,0.48,3,0,0
-1.47,-3.37,2.86,-0.32,1.36,-1.29,1.43,0.98,2.21,0.01,0.3,0.85,-1.15,0.0,1.71,0.76,3,0,0
-1.72,2.39,-2.46,0.86,-0.17,-1.57,0.97,-3.21,-0.21,-4.67,-1.61,-0.06,4.31,-0.35,-0.61,-0.68,3,0,0
-0.91,-0.11,-0.05,-1.39,-2.22,1.74,-1.54,-4.42,1.62,-1.51,0.4,3.97,2.35,2.01,1.08,-1.54,3,0,0
2.89,0.37,1.17,-1.35,1.86,-0.29,4.95,0.42,-0.51,5.32,-3.88,2.02,-0.26,-2.41,4.71,-1.16,3,0,0
4.23,-2.86,2.67,-0.04,-6.81,0.96,3.09,-1.69,-0.54,0.82,4.71,0.96,-0.69,-2.5,4.09,-4.53,3,0,0
0.04,1.62,-1.35,1.35,-2.56,1.89,-3.44,-1.49,2.26,-1.71,1.2,-0.75,-0.89,2.88,-2.9,0.14,3,0,0
1.4,-2.53,1.91,-0.94,-2.75,0.93,-1.64,-1.42,-2.41,-0.54,1.1,-3.04,-3.21,-2.77,-1.34,-1.77,3,0,0
1.26,-5.45,3.17,-2.74,0.05,1.45,-1.49,-0.97,1.64,1.19,1.36,-2.93,-3.26,-0.47,3.06,-0.56,3,0,0
-0.66,-2.83,3.5,1.93,-0.25,-4.12,3.5,-3.53,-0.08,-0.48,0.36,1.16,-1.45,-0.28,4.41,2.88,3,0,0
1.17,0.03,-1.46,-2.09,-1.1,2.13,0.32,-1.97,1.68,1.07,-1.66,5.84,2.72,2.37,3.46,-2.36,3,0,0
-2.29,-3.17,0.9,-0.45,1.51,0.78,2.62,2.08,-1.01,-1.98,4.4,2.3,4.32,-0.08,4.51,-1.68,3,0,0
0.71,2.45,-1.84,-2.11,-1.02,4.59,-2.17,1.88,-0.55,-1.79,-0.09,2.52,2.5,1.58,-0.22,-3.87,3,0,0
3.72,-1.64,-0.42,2.17,-3.37,0.79,0.44,-4.07,3.89,-0.06,-2.11,3.71,0.92,1.11,2.33,-1.12,3,0,0
-3.53,2.5,0.27,-0.92,5.22,-1.3,2.4,2.74,-3.04,1.3,3.17,-1.35,2.4,-3.05,0.26,3.0,3,0,0
0.69,0.5,0.48,-1.26,1.13,0.96,0.9,2.24,0.78,2.65,-0.61,1.76,0.86,-0.61,1.36,-0.29,3,0,0
2.36,1.41,-1.95,-1.82,-0.93,2.17,-3.32,-1.34,-3.37,0.36,0.24,-6.37,-2.84,-2.61,-4.27,-0.41,3,0,0
3.52,1.47,-1.46,-0.35,0.51,0.44,0.76,-2.9,-1.26,-0.65,-4.3,3.39,1.49,-1.24,1.81,0.99,3,0,0
3.13,0.69,-0.71,0.87,1.12,0.5,3.02,0.87,-3.4,-1.02,-1.74,-2.03,1.11,-5.33,1.19,-2.03,3,0,0
0.81,1.29,0.24,-2.39,0.16,3.18,0.53,-0.31,0.94,3.96,-1.19,5.83,0.74,2.52,3.67,-2.02,3,0,0
1.16,-2.7,1.97,-1.94,3.53,1.28,-0.55,-3.15,4.26,0.3,-2.27,3.73,2.1,-1.22,5.18,2.16,3,0,0
-2.24,-0.18,1.04,-0.84,2.36,-2.85,3.5,-1.63,0.24,-0.42,1.75,2.44,2.84,-0.01,3.9,2.82,3,0,0
1.74,0.44,-0.6,-0.96,0.23,3.2,0.47,-0.88,-3.93,0.3,-1.31,1.55,0.65,0.29,2.83,-2.44,3,0,0
2.32,-2.09,-0.09,0.3,-0.51,3.76,-4.52,-0.28,0.28,-1.35,0.1,-2.28,-3.48,0.75,-1.86,0.12,3,0,0
3.05,1.4,-1.85,-0.26,-1.3,3.7,-0.33,1.0,-1.02,-1.01,0.04,3.45,3.31,-0.09,2.02,-2.84,3,0,0
1.92,-0.86,-1.12,0.41,-4.51,1.83,-0.19,-4.52,-0.38,-0.65,2.29,0.35,-0.07,2.91,1.59,-2.06,3,0,0
1.22,-0.53,-0.29,2.44,-0.22,0.83,1.55,0.93,0.95,4.2,1.38,0.39,-2.12,-2.83,-0.96,-0.91,3,0,0
5.52,-2.45,-0.31,2.36,-2.89,0.96,0.33,-4.19,2.81,1.2,-3.32,2.51,-1.49,-0.61,2.08,-0.77,3,0,0
0.88,0.62,-0.47,-0.3,2.93,0.44,4.48,2.92,-0.25,0.6,-1.29,1.8,2.41,-2.95,3.33,-2.18,3,0,0
-5.21,-1.08,0.47,-2.27,8.95,-2.56,3.0,-0.36,-2.07,-0.72,-1.13,1.95,2.94,1.93,5.09,5.32,3,0,0
-2.15,-0.95,-0.78,0.21,5.09,2.58,1.5,4.73,-0.92,1.37,1.58,0.66,1.36,0.24,2.47,-0.94,3,0,0
1.91,-1.45,-1.03,2.19,-3.09,-1.46,1.33,-4.31,0.78,-3.46,-1.33,-1.37,0.25,-1.45,0.03,-1.71,3,0,0
-3.11,0.93,-0.22,-1.02,3.5,0.7,-1.36,-3.38,0.8,-1.34,-1.95,3.19,2.02,-1.31,-0.19,1.24,3,0,0
0.2,-0.1,-0.18,0.47,0.58,1.25,-1.95,-2.79,2.95,-1.24,-2.95,4.15,2.05,1.86,1.11,1.4,3,0,0
1.6,-1.35,1.13,0.71,3.01,0.45,0.78,0.63,1.15,2.53,0.37,-0.58,-2.18,-2.59,0.5,2.79,3,0,0
1.76,-6.93,3.39,3.0,-2.06,1.43,3.61,0.08,5.32,2.21,5.59,3.58,-0.74,-0.85,6.54,-2.84,3,0,0
2.89,0.98,-0.13,0.15,1.29,2.85,-3.11,0.99,5.5,1.65,-4.33,2.99,-0.34,1.34,-0.84,1.66,3,0,0
0.68,-0.22,-0.07,0.06,2.0,1.48,0.84,2.82,-2.69,-0.45,0.73,-2.21,-1.3,-1.33,-0.32,-0.39,3,0,0
-0.29,2.9,-0.9,-0.66,-2.46,-1.07,-2.95,0.33,-0.6,-0.86,-2.91,-4.66,-3.86,-0.48,-7.3,-0.42,3,0,0
2.05,-2.73,3.26,1.43,0.16,3.39,1.52,2.51,3.78,2.12,2.35,3.69,-0.71,-3.57,3.73,-2.89,3,0,0
1.76,-2.36,1.57,-1.17,-4.68,3.08,-2.86,-3.42,2.04,0.62,3.18,3.42,-0.89,1.89,-0.25,-0.84,3,0,0
2.32,0.13,0.85,0.66,-0.95,-0.43,2.14,-1.73,2.56,-0.42,-3.67,3.0,0.07,-2.03,3.03,-2.08,3,0,0
-1.19,7.84,-4.6,-3.19,0.92,-0.43,1.18,-1.27,-0.71,1.15,-5.06,3.32,1.94,2.2,-1.67,-0.97,3,0,0
-0.47,3.21,-2.93,0.33,2.9,-1.22,5.26,0.77,-0.89,1.13,0.75,4.44,4.78,0.78,3.1,1.74,3,0,0
2.72,-2.56,0.09,4.05,-1.88,-0.99,2.99,-1.99,-0.98,-0.96,0.89,0.02,0.24,-3.62,1.58,-0.74,3,0,0
1.83,2.04,1.35,-3.0,-1.98,0.97,-1.26,-0.11,0.89,2.69,0.11,2.58,-0.22,0.46,1.3,0.49,3,0,0
-0.61,-1.74,1.2,-0.4,-0.21,0.6,-0.61,0.98,-0.01,-1.09,0.3,-1.43,-2.29,-1.96,-1.61,-1.93,3,0,0
-1.95,-3.26,3.95,-1.56,0.84,-4.63,3.55,-2.02,-0.93,0.84,3.65,-1.34,-1.15,-1.96,3.38,3.42,3,0,0
1.5,-1.11,-1.35,4.03,-1.99,-0.28,-0.4,-2.96,0.61,-1.44,-1.46,0.05,1.03,1.87,1.17,0.3,3,0,0
-1.99,-2.59,0.15,-0.68,1.78,1.79,-1.54,-4.31,0.25,-0.74,0.84,2.47,1.44,4.35,3.04,1.85,3,0,0
-1.72,-2.95,2.45,-0.75,6.67,-1.64,2.38,-0.74,-4.25,2.7,-0.38,-0.28,-0.07,-3.22,2.47,5.05,3,0,0
-3.29,2.9,0.33,-3.75,0.97,-0.77,-1.87,-0.5,-3.95,-2.32,-1.15,-0.48,0.81,-0.45,-2.94,0.72,3,0,0
2.51,2.29,-2.48,0.18,-4.45,0.03,-3.93,-3.58,1.05,-4.63,-4.37,-0.6,-1.39,0.89,-6.01,-0.33,3,0,0
1.88,1.68,-0.63,0.4,0.12,2.32,-1.57,2.92,0.12,0.05,-1.21,0.13,-1.3,-0.57,-2.1,-0.7,3,0,0
2.43,-3.79,-0.64,-1.77,-2.82,0.43,0.91,-2.1,-2.15,-0.94,2.77,-3.96,-1.01,0.34,1.71,-2.19,3,0,0
2.08,-1.51,-1.31,1.21,0.85,4.56,-3.07,-1.54,-1.14,2.69,1.49,-0.16,-0.64,-1.7,0.07,0.05,3,0,0
1.03,-6.31,3.82,4.71,0.12,-3.46,2.65,0.01,1.06,-3.39,-0.06,-1.14,-2.93,-3.7,0.16,2.24,3,0,0
-0.21,-3.99,1.88,0.0,3.15,1.03,-4.11,-3.99,0.24,-4.82,-2.98,0.92,1.55,-1.77,-0.51,3.47,3,0,0
-0.03,0.89,3.14,-2.77,0.31,-3.15,-0.39,-2.77,-1.49,-0.55,-5.1,1.46,-0.35,-0.95,0.94,3.1,3,0,0
-3.61,-1.07,-2.38,2.73,5.35,-2.51,1.84,-1.06,0.5,-3.87,0.84,-1.3,2.06,1.69,0.66,4.1,3,0,0
-0.3,3.14,-2.09,-0.3,0.15,0.61,-2.37,-1.54,-1.48,-2.36,-1.36,2.02,2.2,1.68,-1.5,1.59,3,0,0
1.0,-3.3,1.21,0.08,-1.86,2.26,-1.28,-3.03,1.61,-2.61,2.69,1.49,1.76,3.86,5.03,-0.21,3,0,0
0.29,1.26,-1.4,3.4,0.2,0.42,-0.96,-0.36,3.89,0.32,1.65,2.37,1.28,0.13,-2.43,3.31,3,0,0
2.65,1.19,0.06,1.65,1.21,-2.62,6.39,0.02,1.27,1.95,-2.61,2.11,0.74,-3.64,3.73,-0.33,3,0,0
0.88,-1.67,2.39,-1.44,-0.34,-0.38,-4.49,-2.36,0.23,-1.97,-1.71,-4.64,-2.51,-2.24,-3.1,2.53,3,0,0
-1.11,0.12,3.1,-1.06,1.0,-4.19,2.17,-0.4,-2.4,1.99,-2.14,-2.65,-3.79,-0.54,-0.39,3.31,3,0,0
5.37,-0.48,-3.51,0.25,-5.01,3.75,-3.06,-3.52,-0.18,-0.55,-0.94,0.08,-0.22,-0.45,-2.15,-3.15,3,0,0
1.85,-1.25,-0.06,-2.08,-1.15,1.86,-0.15,-0.43,-3.31,0.43,1.95,-3.79,-2.83,-1.86,-0.89,-2.24,3,0,0
0.7,-3.29,1.66,-0.86,0.01,2.56,1.46,-0.02,0.53,1.86,1.34,1.34,-0.37,1.48,4.44,-2.8,3,0,0
-0.55,-3.64,0.77,1.7,-0.99,1.29,-0.3,-0.26,1.25,-0.46,3.14,-1.46,-1.97,1.1,0.34,-1.49,3,0,0
-1.1,-0.37,0.37,-0.22,-2.68,-2.28,1.37,1.74,-1.06,-2.65,0.61,-0.71,-1.14,-0.9,-3.48,-1.84,3,0,0
-2.65,-2.84,-0.93,-1.15,1.63,3.63,-2.44,0.4,-2.01,0.37,3.38,-0.24,0.56,2.79,0.86,-1.35,3,0,0
-1.28,4.72,-0.95,-4.98,-1.4,1.61,-6.12,-2.88,-1.26,-0.23,-4.28,-0.69,-1.54,2.75,-4.97,0.28,3,0,0
0.91,0.07,0.28,-1.6,2.93,0.72,0.86,-0.69,-2.5,3.37,-4.5,-0.09,-2.23,-0.02,1.2,0.79,3,0,0
4.64,-3.64,0.58,0.12,-5.15,2.06,1.61,-3.77,-0.75,0.04,1.89,0.24,-1.41,-2.35,3.01,-5.0,3,0,0
-0.73,-0.22,0.21,2.42,1.38,-2.49,2.6,-0.17,2.77,1.59,-1.99,1.11,-0.59,-0.65,0.09,1.46,3,0,0
-0.2,-1.76,0.53,0.13,0.4,0.03,1.53,-1.77,-0.87,-1.52,2.03,0.17,1.03,-1.22,1.75,-0.2,3,0,0
0.16,-0.13,-0.39,-1.4,0.13,2.61,-1.88,-0.62,-0.53,2.45,1.79,1.91,2.14,1.05,1.09,0.86,3,0,0
3.33,0.86,-0.97,0.7,-2.37,-1.99,3.82,-1.5,1.87,-0.57,-0.51,3.65,1.18,1.01,3.48,0.19,3,0,0
-1.32,-0.93,0.65,1.26,1.19,0.56,0.49,0.94,0.1,-0.95,3.44,2.46,1.09,-1.13,1.27,0.99,3,0,0
0.17,5.08,-2.64,-3.1,-3.34,0.57,-1.78,1.76,-2.19,0.92,1.05,-3.69,-2.2,-0.79,-7.84,-1.97,3,0,0
0.05,3.29,-2.76,-0.78,0.88,0.93,-2.38,-1.09,-2.8,-0.93,-3.13,-4.65,-1.34,-2.66,-5.96,-0.42,3,0,0
1.84,-4.51,2.64,-0.72,-3.31,3.55,-1.12,-2.39,2.21,-0.31,1.55,4.67,-1.02,1.34,4.11,-3.19,3,0,0
0.29,-1.77,0.44,0.49,2.63,-0.98,2.87,-0.32,-2.86,-1.79,0.45,0.2,2.45,0.2,4.21,2.13,3,0,0
-1.13,1.45,-1.03,0.44,0.57,-0.78,-1.33,-2.31,0.02,-3.6,-3.17,-0.72,-0.91,0.31,-3.03,0.39,3,0,0
-0.35,1.52,0.02,-2.76,0.22,2.82,-1.81,-0.54,-2.43,-3.13,-2.19,0.84,0.8,-1.26,-1.07,-2.87,3,0,0
-4.28,5.33,-3.28,-1.55,-0.17,0.34,1.04,-0.98,-1.54,-0.74,5.11,3.05,6.74,1.96,0.5,-0.22,3,0,0
-0.06,-1.17,1.13,1.83,1.45,-0.22,-1.24,-2.2,0.52,-0.22,-5.61,2.65,-1.64,-0.14,-0.73,1.6,3,0,0
-2.14,-1.99,2.92,-4.11,1.07,2.33,-0.84,1.74,-1.85,1.7,5.05,-2.12,-1.78,-0.61,1.92,-1.28,3,0,0
-4.49,1.49,1.56,-5.32,5.06,-0.73,1.01,-1.02,-1.33,-0.65,-0.05,1.19,2.18,0.29,3.33,1.73,3,0,0
1.22,3.74,-0.06,0.55,2.5,-1.49,1.38,1.38,3.43,2.33,-1.7,0.55,-0.61,-3.7,-1.59,3.01,3,0,0
4.09,0.23,0.89,0.26,-3.14,1.05,2.1,-1.18,2.35,2.92,1.07,2.46,-2.21,-2.58,0.9,-1.76,3,0,0
2.76,3.17,-2.35,2.0,-1.83,2.14,0.29,-2.3,-0.66,0.09,-1.05,3.91,1.8,-1.39,-0.13,-1.52,3,0,0
-0.71,2.79,-1.78,1.52,0.38,-1.91,3.32,-0.33,-1.16,0.41,0.43,1.94,1.18,-1.71,-0.73,0.43,3,0,0
2.94,2.16,-0.69,0.81,-1.39,-1.98,1.91,0.46,-2.39,0.8,0.09,-3.95,-2.51,-5.29,-3.38,0.31,3,0,0
1.46,0.53,-1.25,2.13,-1.33,-0.9,3.12,0.09,-3.17,1.19,1.82,-3.03,0.22,-1.71,0.47,-0.94,3,0,0
-1.45,-1.68,-0.16,2.31,-1.68,-1.1,1.68,-3.8,3.22,-1.55,-0.46,4.32,2.04,5.61,4.66,-0.15,3,0,0
-1.91,4.34,-0.95,-0.22,-0.58,-1.1,-2.53,-2.02,-1.58,-0.18,-3.3,0.47,0.03,-3.3,-7.41,1.36,3,0,0
-2.25,0.87,0.17,0.89,2.02,0.56,3.12,0.78,-1.12,-0.2,1.59,5.0,1.51,0.54,2.85,-0.55,3,0,0
2.95,2.87,-2.04,1.7,-2.23,-3.64,4.0,0.26,-2.92,-1.22,0.2,-6.07,-2.05,-3.62,-3.48,0.42,3,0,0
-4.01,0.23,0.34,-3.31,5.1,1.42,-0.68,0.67,1.01,1.4,1.74,2.12,1.49,2.01,2.18,1.82,3,0,0
1.6,-6.15,-0.35,0.61,0.04,2.18,-3.42,-3.31,5.58,-1.93,-1.02,2.59,0.18,6.32,4.24,1.82,3,0,0
3.28,0.33,1.47,-1.0,-1.51,1.0,-1.75,0.34,-3.74,-0.58,-3.97,-0.66,-2.36,-5.06,-3.61,-1.11,3,0,0
-0.63,-0.62,-0.45,2.72,1.72,-1.6,3.0,-0.08,-1.45,-0.72,1.72,1.58,1.85,0.2,1.93,2.53,3,0,0
-2.03,2.49,-1.71,-1.59,6.27,-1.16,1.2,2.03,-3.0,-1.14,-1.7,-0.36,3.15,-1.42,1.13,3.03,3,0,0
2.26,-0.06,-3.93,1.72,-2.92,3.82,0.15,-2.29,0.39,-0.06,-0.86,3.97,3.76,3.96,4.12,-4.8,3,0,0
-1.16,-4.37,1.83,-1.33,1.02,-1.02,0.54,1.29,0.45,-1.89,1.99,-3.3,-1.99,0.38,1.13,-0.27,3,0,0
-2.99,-2.28,5.17,1.43,0.93,-2.3,-1.29,-1.71,1.75,-5.98,1.15,-0.51,-1.58,-2.62,-1.74,3.34,3,0,0
-2.86,4.55,-0.6,-3.79,2.11,-1.74,-0.79,-0.06,-4.65,-0.13,-2.95,-3.46,0.16,-1.02,-3.24,1.27,3,0,0
-5.09,-3.35,3.0,-2.2,-0.18,0.95,-1.25,-0.38,0.55,-1.35,3.58,1.28,-0.7,3.4,1.45,-1.63,3,0,0
-4.51,4.62,-2.9,-0.96,5.18,-1.69,3.22,-1.42,-1.32,-1.68,1.7,1.15,5.89,1.28,2.63,2.9,3,0,0
3.09,-2.78,1.88,0.62,-0.36,-1.42,0.08,-3.7,0.8,-0.76,-5.88,-0.96,-4.35,-1.17,0.19,1.22,3,0,0
2.1,-2.17,0.18,1.43,-2.79,-1.79,4.79,-0.41,0.09,1.48,1.63,-0.56,0.01,-2.07,2.88,-2.7,3,0,0
3.92,-4.81,1.9,1.37,-7.96,1.84,-4.49,-0.9,1.65,-2.45,3.47,-5.14,-6.34,-1.3,-5.61,-2.68,3,0,0
1.23,-0.93,1.39,-1.41,-2.29,0.66,-1.72,-2.3,1.13,0.87,-1.37,-0.11,-1.18,-2.03,-1.75,-1.27,3,0,0
1.49,0.49,0.39,1.49,1.05,-0.69,5.06,5.48,-2.1,3.15,-0.96,1.09,-2.31,-5.4,-1.41,-2.53,3,0,0
0.64,-1.6,-0.18,1.5,-1.47,0.62,-0.33,0.99,-3.16,-5.56,0.71,-3.05,-2.0,-3.17,-3.71,-2.56,3,0,0
2.71,1.77,-0.29,-0.61,-4.47,0.79,0.44,-2.15,-0.94,0.23,-0.49,0.67,-0.97,-0.3,1.24,-2.99,3,0,0
1.23,2.19,-1.5,-1.25,2.48,-2.35,3.45,-0.52,-6.33,0.92,-0.9,-3.4,1.92,-2.58,1.79,2.21,3,0,0
0.99,0.16,-1.35,-1.27,-1.51,1.46,-1.41,-1.65,2.0,-2.8,0.02,-2.52,-0.81,2.05,0.41,-2.2,3,0,0
0.28,3.8,-4.82,1.55,2.9,1.56,1.97,3.01,-1.51,-0.89,-0.52,1.1,4.1,-0.11,0.13,-1.21,3,0,0
6.24,-1.64,-0.75,0.91,-5.73,3.53,-1.34,-0.65,0.54,-0.32,-1.35,-0.02,-2.53,-2.89,-1.55,-5.53,3,0,0
-0.9,-1.94,1.02,-1.57,-0.14,-0.58,-0.49,0.55,0.25,-1.9,0.2,1.44,-0.46,0.14,0.05,-0.15,3,0,0
1.98,2.34,-1.9,1.14,1.52,0.94,3.86,2.16,-0.3,0.87,-0.98,1.91,3.58,-2.91,2.25,-2.18,3,0,0
-2.04,-1.65,1.8,-0.18,1.09,1.72,-2.82,2.94,1.18,-0.39,1.61,0.41,-2.34,1.27,-2.58,0.72,3,0,0
4.66,-3.53,0.62,3.65,-2.5,0.23,2.97,1.06,4.04,-0.83,-0.58,-2.37,-4.27,-0.7,2.61,-3.54,3,0,0
-0.42,-1.07,-0.17,3.03,1.12,-3.67,3.37,-1.06,-1.63,-3.85,-0.34,-1.18,1.29,-0.25,1.5,2.39,3,0,0
-2.77,-1.05,0.71,-2.35,0.81,1.34,-2.72,-2.59,0.07,1.27,-1.25,2.25,-0.82,-0.01,-2.13,-0.29,3,0,0
4.6,-6.39,3.57,2.64,-0.18,0.33,1.79,0.42,-0.1,1.14,-3.06,-1.17,-4.25,-2.88,2.83,-0.87,3,0,0
0.22,-4.01,2.16,1.34,-0.28,-0.85,0.06,-1.99,6.01,-0.71,-1.11,1.53,-2.79,1.42,0.81,1.0,3,0,0
3.29,-0.95,1.85,0.5,-0.89,-1.15,2.72,-0.41,0.61,1.64,-0.75,0.59,-1.02,-2.38,2.16,0.74,3,0,0
-0.66,-2.47,0.5,1.12,-0.69,-3.71,4.44,0.74,-2.53,-2.16,0.72,-1.74,-0.98,-1.63,0.67,-0.98,3,0,0
-4.39,-3.0,4.15,-0.93,6.61,-1.14,3.96,2.21,0.41,0.53,2.33,2.14,1.31,-1.42,5.45,2.08,3,0,0
3.7,0.88,-0.91,1.36,-1.85,2.11,-1.36,0.62,3.99,2.49,-1.84,1.57,-2.44,-1.29,-1.28,-1.4,3,0,0
-1.8,-1.52,-0.32,2.75,-0.87,1.44,-3.02,-2.43,-5.59,-1.56,-5.11,-3.24,-2.76,0.72,-1.54,-1.55,4,0,0
-0.93,-5.01,-0.9,3.81,1.49,-1.48,-1.41,-1.83,1.06,-0.05,0.09,-1.23,5.53,0.71,-0.82,-1.6,4,0,0
-1.88,-4.81,0.89,-2.14,-5.5,-0.39,-1.11,-0.71,1.87,3.34,2.07,1.59,-1.63,-1.37,1.72,-3.38,4,0,0
-2.96,2.73,0.5,-1.73,-1.74,-0.42,0.28,-2.04,-0.3,-1.88,0.76,-0.64,1.31,2.29,-0.22,-0.14,4,0,0
-3.31,-1.45,-2.49,2.68,-3.19,-6.31,2.3,-2.51,3.6,5.39,1.86,-1.52,3.94,-0.21,0.31,1.15,4,0,0
-0.34,3.53,3.92,-0.91,-2.24,0.84,1.72,1.1,1.15,-1.17,-1.31,1.4,-1.89,1.09,0.59,-0.71,4,0,0
1.82,-1.64,4.44,3.77,-0.56,-1.11,2.22,-0.12,3.98,-0.04,-0.79,2.88,3.8,1.49,-1.52,-1.03,4,0,0
0.4,5.19,-0.92,-3.26,2.57,-1.32,1.21,4.31,2.11,-2.69,-0.54,2.39,-2.19,-0.81,2.72,0.84,4,0,0
-2.07,4.29,-0.06,-2.44,-1.3,-4.58,3.7,-0.04,3.07,-1.05,1.24,3.61,5.15,1.37,-0.79,4.01,4,0,0
-1.56,1.32,-1.34,-0.09,3.68,0.55,-2.43,0.93,0.77,-1.89,-1.37,-0.57,-2.15,-0.51,1.78,-2.16,4,0,0
1.87,1.8,3.45,-1.26,1.02,1.92,2.0,2.41,0.13,-2.34,2.19,0.43,0.54,0.57,0.9,-0.32,4,0,0
-0.88,0.95,0.34,2.35,0.9,0.26,2.34,-2.42,2.74,-0.25,-0.75,3.02,-0.34,5.57,0.83,-2.83,4,0,0
0.65,1.7,0.23,-1.22,-2.12,-2.04,-3.95,-0.89,0.48,3.3,2.93,0.56,1.15,-1.75,-0.13,0.84,4,0,0
-1.71,1.45,0.92,4.61,1.9,-3.0,1.82,-0.14,-1.63,2.68,-7.01,-0.46,-3.16,1.61,1.41,-1.17,4,0,0
-2.16,0.26,-5.79,0.08,-4.15,-4.87,0.02,-0.46,0.59,2.23,-0.86,-2.46,0.74,-2.73,0.86,2.94,4,0,0
4.16,-3.25,2.34,-1.11,-0.39,4.32,-0.95,-0.43,-1.11,-1.28,4.55,0.78,0.2,-1.66,-0.77,-0.93,4,0,0
2.22,0.45,-2.75,4.95,1.72,-0.24,2.39,0.32,0.67,-4.27,-4.77,-0.37,1.84,0.14,-2.99,3.03,4,0,0
-1.77,0.26,-2.29,2.05,2.04,-2.14,-1.92,-0.06,-0.33,-1.12,-6.66,-1.05,-5.16,-2.93,3.16,-2.03,4,0,0
-6.49,0.79,-3.48,-2.16,1.25,-3.52,-1.04,-0.7,-0.32,3.16,-0.71,-1.79,-2.02,-1.43,0.92,-0.28,4,0,0
-2.88,0.63,-2.38,-3.39,-1.78,-2.11,-0.32,0.03,1.07,-2.77,3.47,-1.17,6.28,1.34,-0.48,1.26,4,0,0
-4.95,0.85,-2.83,-1.97,0.92,-2.3,1.1,4.0,2.0,0.59,-0.47,-2.25,-0.59,-0.65,2.62,-0.79,4,0,0
-0.65,0.2,4.56,0.23,-2.01,-0.04,-0.6,0.55,1.19,3.14,-1.57,1.74,-3.24,-0.84,0.94,-2.52,4,0,0
-1.67,-4.18,2.21,3.43,0.37,-0.81,3.27,-0.71,-0.1,2.57,0.77,-1.49,5.12,-1.34,-2.09,1.86,4,0,0
-1.19,-0.62,-1.86,-0.44,-0.24,-0.2,0.64,2.98,0.66,1.27,2.46,-2.53,4.73,-2.43,-2.11,3.76,4,0,0
-5.57,0.83,3.0,-1.28,1.88,1.57,4.34,0.05,-2.36,-1.66,0.52,-3.23,0.09,2.07,-0.15,-0.87,4,0,0
2.02,2.46,2.1,0.49,-1.96,-2.51,1.77,1.75,1.98,3.04,-0.45,3.33,2.4,1.64,-0.61,1.65,4,0,0
0.18,0.84,-5.75,-0.13,-2.83,-3.26,-2.5,-0.56,1.51,1.58,-0.04,-0.43,1.49,-0.63,-1.35,2.0,4,0,0
-0.36,1.89,1.46,-2.41,-1.34,-0.58,-0.38,-1.13,0.44,-1.19,0.68,1.26,-2.44,0.55,1.33,-2.06,4,0,0
-4.3,-2.68,-0.9,-0.68,0.66,2.38,1.4,0.0,-4.12,0.64,-1.31,-2.69,-1.54,-0.43,-2.32,0.51,4,0,0
-2.07,-0.55,1.01,-1.27,-0.05,2.46,-1.63,-0.6,-1.83,-0.84,1.38,-1.19,0.73,0.4,-0.95,-0.71,4,0,0
-3.51,-0.46,-0.11,-1.26,-1.64,0.2,2.32,-1.98,-0.86,1.5,3.05,-2.43,-0.19,0.28,-0.82,0.17,4,0,0
-2.38,-0.49,-2.05,1.34,1.78,-1.4,0.89,-0.48,-0.48,-0.55,1.4,-2.66,4.78,-0.06,-1.56,2.33,4,0,0
1.19,0.12,2.67,-0.76,2.52,2.29,-2.41,3.68,1.48,-0.14,3.14,-2.82,-1.35,-3.16,3.75,-3.21,4,0,0
-2.29,5.13,0.18,-0.58,2.03,-2.55,3.45,3.21,2.11,-1.4,-3.75,2.32,-0.14,2.35,1.23,0.98,4,0,0
-0.91,-1.16,4.53,0.16,2.14,1.3,3.85,0.39,-1.25,-2.12,-0.91,1.46,1.98,1.57,-1.48,-0.2,4,0,0
-3.26,3.17,1.66,-0.61,1.66,0.88,0.34,1.78,-3.3,1.46,-1.95,-3.6,-4.19,-1.71,0.66,0.27,4,0,0
2.11,1.23,-3.11,3.08,0.65,-2.5,-0.23,-0.22,3.47,-0.71,-2.26,1.77,1.08,0.54,0.63,0.41,4,0,0
-4.15,2.74,-1.88,0.25,3.85,-0.72,2.61,1.96,-0.51,-1.69,-3.76,-1.7,-0.66,1.9,0.3,0.28,4,0,0
2.55,-4.21,2.21,-1.28,-2.77,1.37,-2.02,-1.65,-0.93,-0.41,4.87,1.15,2.96,0.51,-0.71,-1.87,4,0,0
-2.82,1.08,-0.31,5.16,-3.18,-5.36,2.06,-1.98,4.54,0.94,-2.89,-0.66,4.56,3.39,1.26,-0.71,4,0,0
0.72,-0.32,-2.23,4.14,3.28,-2.05,-2.29,-1.48,-2.13,1.6,-1.35,-2.88,-3.03,-1.87,2.15,-1.12,4,0,0
-0.22,-3.57,0.64,-0.83,-1.68,1.89,-0.44,-0.74,0.15,0.4,3.67,0.57,1.93,0.57,-0.52,-1.28,4,0,0
0.93,6.19,-0.3,-2.9,-0.18,0.28,0.18,-1.79,1.82,-3.05,1.84,3.59,-0.6,3.09,1.69,0.02,4,0,0
-0.51,0.74,1.96,-2.25,3.11,2.23,-1.01,0.31,-4.11,-2.93,-0.23,-2.5,-2.75,-2.18,2.71,-1.65,4,0,0
1.41,-0.59,-0.04,-0.36,-2.35,0.96,-0.0,-0.94,2.2,-2.05,3.91,1.0,3.13,2.09,-1.45,-0.4,4,0,0
5.5,-0.76,1.69,-0.25,-0.54,3.32,0.79,0.71,0.74,-1.14,1.94,5.04,3.06,-0.34,-5.29,3.59,4,0,0
0.11,-2.29,-1.59,2.43,-2.09,0.26,-1.07,-2.96,-1.06,0.8,-2.72,1.17,-2.05,1.99,-2.35,-1.34,4,0,0
-2.77,-2.22,1.86,-2.14,-0.5,-0.29,3.08,2.77,0.36,-2.23,-1.54,1.52,1.69,-1.87,-1.13,1.23,4,0,0
-1.5,1.04,-4.26,2.77,3.52,-0.9,-3.21,-0.16,1.81,0.9,-0.95,-3.72,-2.55,-1.19,3.51,-2.67,4,0,0
1.38,3.18,-2.3,-1.31,-1.12,-0.44,0.03,-0.11,2.13,-2.54,2.27,0.81,2.23,0.33,0.01,2.03,4,0,0
-4.38,-1.47,-3.03,1.99,1.57,-3.54,-2.05,-1.63,-0.39,0.93,-1.86,-2.01,0.6,-0.49,-1.1,-0.43,4,0,0
-1.22,0.83,-2.58,1.22,-3.67,-6.48,1.43,-0.1,4.13,4.98,-0.4,2.88,1.35,-0.3,-0.77,2.38,4,0,0
-4.55,7.26,-1.1,-3.74,-2.01,-3.53,1.25,0.43,0.88,0.35,-2.55,0.57,-3.41,-2.0,4.33,2.03,4,0,0
1.44,-1.21,2.99,-1.52,-0.75,1.98,0.16,1.3,-0.02,0.88,3.63,0.21,-0.52,-1.07,-0.4,-0.98,4,0,0
1.08,-0.91,-2.5,2.14,0.34,2.02,-0.84,-2.34,-1.5,-2.28,-1.42,-0.79,-0.16,3.02,-2.0,-1.08,4,0,0
3.08,-1.88,-1.4,5.33,0.04,-0.14,-0.03,0.16,0.58,2.07,-2.23,-2.22,-1.68,-1.63,-0.15,-0.46,4,0,0
0.35,0.84,0.35,3.31,-1.45,-3.33,-1.06,0.13,3.52,4.32,-1.65,2.25,0.98,-0.53,0.34,0.41,4,0,0
-2.21,2.17,1.56,-2.15,1.67,0.08,1.91,1.02,-1.34,0.15,-0.83,0.98,-2.76,-0.74,0.01,0.66,4,0,0
-2.06,3.02,0.79,0.1,-0.95,0.1,-1.77,-3.46,-1.84,-2.43,-0.7,-1.53,1.1,0.54,-1.0,0.79,4,0,0
-3.47,3.02,0.63,1.69,2.12,-0.69,1.98,0.01,-0.82,-0.45,-4.32,-0.89,-1.04,0.31,-0.6,1.25,4,0,0
2.74,-2.98,4.38,2.44,0.74,1.68,0.89,-1.13,-0.56,-1.44,0.99,1.62,4.63,0.56,-1.52,-0.05,4,0,0
0.43,0.16,5.02,-3.45,-6.48,-2.73,3.04,-1.06,2.12,4.08,2.6,7.69,1.15,-0.87,-1.61,2.59,4,0,0
4.46,-0.94,-1.7,4.25,1.54,-1.8,-0.17,-1.96,4.96,1.52,2.72,2.26,5.78,-1.45,-2.63,2.79,4,0,0
-3.18,2.02,2.78,-2.66,-1.24,-0.16,2.64,-1.41,1.72,-1.24,2.27,1.28,0.01,1.86,1.52,-1.5,4,0,0
0.23,-0.68,-0.82,1.66,3.11,2.84,-0.56,3.0,0.47,1.02,0.31,-3.16,-0.97,-2.8,0.47,-0.05,4,0,0
1.92,-1.38,-0.39,-3.81,-6.11,3.69,-2.91,-2.69,-1.24,-1.74,5.95,-0.12,0.92,1.05,-2.93,-0.48,4,0,0
-1.77,-2.32,0.53,2.37,-0.45,-0.13,0.19,-1.26,-1.61,1.77,-1.62,-1.37,-1.25,-1.39,-1.27,-0.06,4,0,0
-2.22,-2.16,-0.34,-1.33,-0.5,2.04,-1.73,-1.91,-1.23,-0.28,-0.04,0.13,-1.74,0.51,-0.95,-2.24,4,0,0
-3.79,0.56,-1.67,-2.62,-4.14,-5.1,-1.85,-3.19,2.53,-1.21,0.04,2.11,4.75,-0.84,-0.72,1.51,4,0,0
-6.87,-0.07,2.26,-1.84,-1.19,-4.48,5.45,0.61,0.84,6.11,0.12,0.8,-0.9,-1.88,1.16,1.41,4,0,0
-0.07,-1.05,-1.96,4.24,3.56,-0.1,1.28,-0.2,0.35,-1.91,-1.63,-3.16,0.5,-1.98,-0.55,0.82,4,0,0
-2.86,1.63,1.79,0.07,1.45,-2.25,3.34,2.38,0.01,3.99,-1.88,-0.28,-0.41,-1.83,2.2,1.41,4,0,0
0.73,-2.41,2.54,3.29,-2.47,-1.93,-0.95,-0.14,2.25,2.72,-2.92,1.87,1.82,-2.34,-2.88,0.69,4,0,0
-0.22,0.6,3.38,0.16,-0.63,-1.5,3.05,0.09,1.31,1.3,1.63,0.93,0.93,-1.3,1.61,0.58,4,0,0
-1.34,-1.18,-1.45,-2.63,-4.64,-3.26,0.9,0.91,0.73,3.5,-0.42,2.28,-1.48,-3.09,-1.39,2.26,4,0,0
-1.02,7.41,-1.17,-2.43,0.05,-0.35,-1.56,0.03,-0.25,-3.18,-0.92,0.72,-0.95,0.1,0.72,2.42,4,0,0
2.74,1.03,-3.0,1.11,0.41,0.25,-4.55,0.8,-1.43,1.1,-0.75,-2.95,-1.72,-2.67,-1.62,0.8,4,0,0
0.25,0.83,4.51,-2.87,-2.17,4.33,2.29,2.71,-0.72,-0.59,0.17,2.13,-2.83,0.27,0.6,-0.73,4,0,0
0.11,0.35,2.32,-0.6,-2.13,-0.82,0.36,-1.82,1.62,1.56,0.69,3.03,-1.14,1.02,0.57,-1.7,4,0,0
-1.45,-0.51,-5.44,0.63,-0.44,-2.84,-1.43,3.48,-1.1,7.04,1.39,-5.11,-0.64,-6.84,-0.37,4.74,4,0,0
-1.83,0.9,-3.45,1.96,1.36,-1.18,-3.49,2.25,0.92,3.22,-3.47,-2.69,-3.59,-3.37,0.4,-0.2,4,0,0
-0.25,-2.08,2.99,-1.09,0.29,3.69,-0.47,4.77,-0.48,1.11,-1.11,0.56,-2.6,-2.86,0.73,-1.1,4,0,0
-1.37,1.16,3.65,-0.48,-1.05,-2.25,4.44,0.44,2.09,1.31,0.86,2.03,2.25,0.03,1.53,0.91,4,0,0
1.59,2.51,2.51,-4.39,-2.2,2.71,-0.45,3.05,2.34,-1.34,2.13,2.54,-4.77,1.04,3.94,-4.05,4,0,0
3.0,-1.92,-4.09,2.87,1.65,2.0,-2.23,-1.12,1.1,-2.99,0.99,-0.78,2.25,0.93,-3.11,0.08,4,0,0
0.64,-0.15,-2.38,1.8,1.92,2.09,-0.29,-0.66,-1.86,-3.75,-1.14,-3.15,-0.66,-0.48,0.72,-0.19,4,0,0
0.12,-2.02,1.32,0.91,1.83,1.61,-3.07,-0.29,-0.86,1.98,3.99,-2.67,2.27,-0.96,0.68,-1.66,4,0,0
5.55,-1.79,-2.84,3.4,-0.46,3.25,-4.36,-2.41,-1.28,-2.22,1.34,-2.56,1.69,-2.46,-4.08,1.83,4,0,0
2.82,0.13,5.09,-1.23,0.44,4.6,2.16,-1.29,0.19,-3.3,2.69,3.44,1.75,1.17,0.26,-0.51,4,0,0
0.75,-3.58,-3.02,5.48,-0.24,-2.87,-2.38,-0.73,1.5,4.39,-0.5,-5.34,-0.16,-4.86,0.65,-0.6,4,0,0
1.57,3.02,4.25,1.08,1.18,-2.59,1.39,0.34,4.03,0.77,1.56,3.48,6.03,-0.24,1.12,1.86,4,0,0
2.63,-0.98,3.24,0.51,-3.33,-1.47,4.61,0.42,1.33,1.69,-1.55,4.22,-1.55,-0.04,-0.87,0.48,4,0,0
-1.87,2.08,-3.94,0.18,0.7,-5.6,-0.01,-0.62,3.25,-1.03,-0.21,-1.56,4.02,-0.5,1.91,0.83,4,0,0
0.29,-1.1,-0.74,-2.32,-0.92,1.51,-1.87,1.78,-0.95,-0.85,0.64,-0.33,-1.0,-1.15,-1.34,-0.41,4,0,0
0.94,-0.41,1.31,1.54,0.29,0.51,0.23,3.52,-2.08,1.44,-1.66,-3.05,1.32,-5.14,-0.96,3.57,4,0,0
4.31,-0.76,0.35,1.5,-0.83,-0.0,1.8,-0.07,3.26,0.28,1.53,1.1,2.98,-0.7,-0.12,0.64,4,0,0
1.33,4.2,-2.05,1.38,-0.14,-1.52,5.75,0.85,1.36,-2.63,-2.54,1.0,-0.39,0.64,-0.37,3.86,4,0,0
2.18,-8.16,1.55,0.53,-1.23,4.08,-1.95,-1.11,-0.86,-3.57,3.93,-0.22,6.86,-0.39,-2.56,-1.24,4,0,0
-0.46,0.01,0.59,0.29,-1.3,-0.34,-2.07,-2.07,-0.34,-1.61,0.05,-1.49,1.59,-0.54,-1.62,-0.32,4,0,0
2.24,-3.63,4.33,0.57,0.27,3.32,-2.05,-0.32,-1.74,-0.02,2.16,0.88,2.16,-0.81,-2.3,-0.97,4,0,0
-0.17,3.11,2.98,-2.3,0.06,1.7,-1.36,1.37,-0.48,2.17,1.49,0.64,-1.97,0.14,0.18,-0.71,4,0,0
5.65,-1.23,-2.34,2.83,-2.14,1.15,-1.85,-3.44,0.44,-1.15,3.4,0.17,4.4,0.35,-3.34,2.25,4,0,0
0.99,3.07,-2.61,-0.44,-1.27,-2.82,-0.67,-1.11,1.23,3.62,0.29,0.95,-3.26,-2.14,1.24,1.33,4,0,0
-0.35,7.65,-0.97,5.66,3.33,-5.69,1.84,-2.24,2.02,-1.04,-6.19,0.44,0.02,1.39,4.26,1.42,4,0,0
0.55,-0.1,-3.51,-0.23,-3.72,-0.74,-6.22,-1.04,-1.13,5.84,1.17,-3.02,-4.19,-5.0,0.17,0.29,4,0,0
0.06,2.75,-0.44,2.21,-0.61,-0.67,0.68,-4.12,-1.86,-0.34,-3.22,0.86,-4.61,1.33,0.65,-0.32,4,0,0
1.41,0.1,-0.18,-2.39,-2.29,2.29,-2.12,1.2,1.33,-1.53,3.27,-0.2,-3.3,0.35,2.0,-3.47,4,0,0
-1.49,-1.79,1.03,-1.11,2.49,3.74,-0.29,-0.6,-4.32,-4.41,-0.83,-1.28,-0.69,-0.3,-1.46,-0.55,4,0,0
-1.25,5.42,0.79,0.04,-3.29,-3.86,-0.06,-4.26,2.16,-0.31,-1.21,2.56,-0.15,1.0,2.84,0.37,4,0,0
-3.35,0.19,-0.31,-0.83,0.43,3.18,0.55,1.86,-1.72,-0.43,-1.43,-2.76,-5.77,0.07,1.46,-2.5,4,0,0
2.01,-2.35,5.05,-2.01,-2.73,2.98,2.0,-1.24,-0.42,-1.94,4.36,2.94,4.45,0.26,-4.0,1.55,4,0,0
-2.31,-0.65,4.62,-2.8,-1.18,3.44,2.93,1.8,-2.24,-1.94,0.27,0.5,-0.86,-0.15,-0.13,-0.18,4,0,0
-0.63,0.93,2.23,0.76,5.66,2.23,-0.49,4.07,-0.42,1.15,-2.25,-1.77,-4.22,-3.0,3.23,-2.16,4,0,0
2.16,0.43,-1.25,-5.31,-0.98,6.18,-0.66,3.98,-1.87,-1.91,5.86,-1.13,2.46,-1.49,-4.3,3.9,4,0,0
2.0,-2.47,-0.73,4.47,4.35,1.73,-5.12,1.08,-2.14,0.5,-1.68,-3.92,1.72,-3.28,-1.42,-0.03,4,0,0
-3.82,-0.74,-4.06,-0.77,0.29,1.4,-1.17,-3.24,-2.37,-1.98,0.06,-3.1,-1.66,1.44,0.02,-1.55,4,0,0
0.11,1.15,-1.69,0.73,0.77,2.66,3.23,-1.0,-0.87,-1.71,-1.45,0.75,-1.61,3.56,-2.95,0.69,4,0,0
-0.45,0.37,1.48,1.62,-1.52,-0.47,-2.1,-2.96,0.13,1.69,-1.13,-0.31,-0.32,0.56,0.02,-1.8,4,0,0
-2.46,-3.99,-0.4,0.12,0.02,1.21,-0.13,-0.59,-0.06,1.87,1.39,-2.13,0.56,-0.82,-1.05,-1.56,4,0,0
0.52,-0.17,-1.91,-0.18,3.36,2.46,0.16,2.84,-0.0,-1.35,-0.36,-0.14,-2.19,0.9,-1.23,-0.94,4,0,0
-0.3,-2.7,-2.43,1.98,-0.81,-1.06,-0.13,-2.34,1.42,-2.44,1.92,-1.22,5.08,0.78,-2.66,0.68,4,0,0
0.62,3.02,0.9,0.18,0.83,0.06,0.62,-2.28,-0.36,-4.88,0.81,1.16,5.34,1.69,-0.06,2.31,4,0,0
4.42,2.92,-2.16,3.02,0.53,1.54,1.33,-1.59,1.32,-3.4,-1.88,1.94,1.94,4.83,-1.78,0.83,4,0,0
5.07,-3.47,3.95,-0.32,0.75,5.3,0.55,2.01,0.29,-0.91,3.78,1.76,0.69,-0.33,-2.03,-1.39,4,0,0
-1.29,-2.43,5.93,-2.68,-3.96,-1.76,5.65,0.41,3.83,2.73,4.67,4.87,4.55,0.2,-0.43,0.63,4,0,0
4.02,-3.57,5.85,-0.5,-2.8,1.81,0.25,-1.94,-1.49,-1.1,3.2,2.19,2.93,-0.1,-1.66,-0.94,4,0,0
2.54,2.5,-0.85,-0.22,0.9,3.08,0.43,-1.01,0.27,-2.85,0.22,2.02,0.32,3.25,-2.32,0.51,4,0,0
-3.48,0.16,2.83,-3.78,-1.44,-1.21,0.76,2.11,2.78,2.58,-0.67,3.99,-1.88,-1.85,1.96,-1.23,4,0,0
-0.33,-2.02,-0.54,4.29,1.0,-5.65,3.84,1.92,4.23,5.29,-6.55,4.01,-2.37,-1.74,1.52,-0.29,4,0,0
-2.72,2.26,-0.98,1.34,2.02,-1.73,2.82,-4.04,-0.33,-2.27,-2.83,0.22,0.82,1.93,-1.23,1.07,4,0,0
0.81,-0.49,-0.39,-0.4,-0.43,2.34,0.75,0.0,-0.42,1.18,1.82,-0.6,-1.06,-0.35,-0.38,0.1,4,0,0
2.3,-1.5,2.11,1.44,-0.16,3.42,-0.47,1.54,0.06,-2.34,0.3,0.04,1.19,-0.36,-0.57,-0.5,4,0,0
0.1,0.42,1.4,-0.08,1.15,1.86,-0.64,-0.99,1.01,-2.58,1.72,-0.52,-1.08,-0.08,1.42,-2.39,4,0,0
0.01,-3.43,-1.45,4.08,4.5,1.81,-3.22,3.25,-1.77,-0.98,-2.44,-3.65,4.29,-2.44,-3.36,1.58,4,0,0
-0.18,-2.96,-0.31,2.35,-1.55,1.27,-2.2,-2.44,-2.84,1.15,-0.02,-3.7,-0.57,-1.32,-1.03,-0.94,4,0,0
0.88,1.11,-1.23,1.42,-2.67,-1.16,-3.65,-0.53,-1.78,5.84,0.33,-2.36,-3.82,-3.07,2.65,0.0,4,0,0
0.12,-0.2,4.34,1.21,-1.23,-0.12,2.58,-0.64,-2.64,2.72,1.11,-1.31,3.73,0.11,-0.88,1.95,4,0,0
-2.64,-3.9,-1.19,-0.73,0.71,2.17,-3.56,-0.47,-2.56,-0.39,1.54,-2.73,-2.26,-1.33,-0.23,-2.82,4,0,0
-1.79,-2.54,-1.75,1.94,0.74,-3.22,2.97,3.14,4.39,0.39,-3.49,3.33,4.95,0.39,-1.69,1.79,4,0,0
-2.86,2.25,-3.94,0.55,2.69,0.64,-1.67,0.16,-3.66,-0.45,-3.01,-3.44,-0.96,0.85,-0.75,1.15,4,0,0
-1.41,0.15,2.26,-0.38,2.31,0.8,-1.79,-0.61,-0.57,1.5,1.18,0.39,0.39,1.66,-2.79,-1.57,4,0,0
0.94,1.78,-0.52,-1.5,-2.22,-1.22,2.49,-1.59,-1.32,1.51,2.4,2.15,4.27,0.46,-4.0,5.58,4,0,0
-0.6,0.51,-1.82,-4.76,-6.14,-2.22,0.32,-2.38,1.79,1.64,6.32,3.67,0.89,2.15,0.04,0.36,4,0,0
4.6,1.26,0.09,0.14,-0.47,4.62,-0.46,1.54,-0.5,-0.81,6.18,-1.69,3.92,1.76,-2.89,2.1,4,0,0
1.07,3.96,-0.83,-1.05,-0.14,1.47,-1.49,-1.75,0.48,-0.62,1.31,1.45,-0.33,2.32,-1.61,0.47,4,0,0
-1.74,1.05,-1.25,-0.3,-0.43,-0.96,-0.31,2.29,1.93,3.67,0.67,-1.83,-3.49,0.27,2.69,-2.71,4,0,0
4.19,-2.05,2.18,0.61,-1.56,3.53,-1.32,0.24,0.05,-2.72,-1.28,3.26,-0.71,0.15,-2.42,-0.99,4,0,0
-1.28,0.8,0.52,0.85,0.26,0.23,-2.34,1.38,0.17,0.01,-3.82,-1.93,-8.37,-2.88,5.3,-4.66,4,0,0
3.3,0.66,-2.32,5.68,-0.73,-3.91,2.97,-1.39,3.08,0.36,-2.91,1.44,2.7,-1.2,-1.71,3.95,4,0,0
1.14,0.08,-3.58,-1.76,-3.38,-0.23,1.72,3.7,2.79,-3.65,-0.35,2.2,5.62,0.31,-3.11,4.36,4,0,0
-0.05,2.11,-1.78,4.19,1.12,-2.1,1.89,-0.77,1.15,-4.39,-4.33,-2.09,1.38,1.59,1.15,-0.01,4,0,0
-0.99,3.27,-3.21,-0.41,0.42,-0.28,0.89,5.2,3.62,-0.86,-3.73,0.36,-1.16,-0.89,0.38,1.49,4,0,0
-0.48,1.84,0.11,-1.58,2.7,1.4,1.04,-0.99,2.33,-6.04,1.18,2.67,0.35,2.77,1.82,-2.21,4,0,0
2.52,-0.34,-0.22,1.06,4.63,-1.72,0.14,1.63,-2.19,6.06,-0.35,-0.06,-2.39,-1.86,0.19,2.33,5,0,0
-0.15,-4.33,0.16,-2.1,-3.52,0.82,-1.77,-4.05,0.75,-1.96,1.66,2.59,2.27,0.19,2.38,-0.07,5,0,0
-0.36,2.62,0.48,4.1,-0.68,-1.72,-3.28,-0.02,-1.04,2.3,-0.69,-3.31,-1.58,1.61,-2.69,-0.38,5,0,0
3.51,-2.29,-2.52,-3.19,0.87,1.62,0.53,-2.34,-1.3,-2.56,1.16,2.44,-0.94,-3.98,1.25,2.73,5,0,0
-2.56,1.58,1.38,-0.61,-2.82,0.85,-1.97,-1.5,-0.07,-2.28,-0.85,-0.11,1.58,-1.42,-1.68,-3.36,5,0,0
-6.06,-0.4,4.45,1.93,-4.98,-2.73,-4.17,-3.33,7.6,5.74,0.42,1.01,4.76,1.7,6.06,-5.81,5,0,0
-3.07,-1.15,-0.51,-2.51,-5.19,0.95,-3.43,-3.64,1.24,-2.17,0.45,3.4,5.02,-0.29,1.87,-4.42,5,0,0
1.49,2.45,-2.69,0.05,1.74,-1.88,0.22,-2.85,1.91,-2.31,-0.72,-1.67,-4.69,-2.53,-0.99,0.95,5,0,0
0.12,-2.05,-1.69,-3.64,-0.96,2.38,-0.95,-2.05,0.21,-3.22,2.61,1.49,3.28,-0.49,1.36,-0.33,5,0,0
-0.07,0.14,-1.61,-2.62,0.95,0.41,1.13,-3.67,0.42,1.38,0.13,0.75,-1.44,-2.08,0.49,-2.71,5,0,0
-3.27,0.78,-0.17,-0.41,1.52,0.78,-1.29,2.5,0.56,-1.95,1.65,0.05,3.05,5.76,-1.7,-1.64,5,0,0
-1.54,-2.85,2.7,-1.31,2.41,0.82,2.15,3.88,-2.98,0.69,-2.01,0.44,1.11,1.95,-3.81,0.03,5,0,0
-0.91,-2.59,3.22,1.22,-2.73,-1.35,0.05,-1.14,2.41,2.72,2.13,1.09,0.22,1.57,2.95,2.09,5,0,0
3.05,-1.44,0.79,-0.58,3.09,-2.19,2.3,-1.7,3.2,1.51,3.44,-1.73,-3.41,-1.5,-0.4,2.99,5,0,0
-0.99,2.1,-0.98,-4.22,4.77,1.76,4.34,1.71,0.01,-2.55,3.69,2.45,-2.13,1.92,-1.75,-0.43,5,0,0
-1.67,0.01,0.08,-4.05,1.42,2.3,-3.12,1.7,0.13,-0.99,-0.06,0.93,4.52,0.52,-2.63,-3.01,5,0,0
0.34,-3.97,-1.46,2.73,0.22,-1.16,0.3,0.02,3.65,-2.75,3.48,-1.61,3.6,4.92,0.54,1.28,5,0,0
-0.57,-1.0,0.96,1.35,1.77,0.43,0.95,4.52,-0.25,-0.89,-0.91,-1.61,2.28,2.26,-3.97,-0.33,5,0,0
-5.62,-0.56,3.62,0.69,-4.96,2.17,-3.49,-3.17,-2.5,1.14,0.88,2.44,5.26,0.48,4.35,-4.82,5,0,0
-2.91,-1.39,4.04,1.26,-1.99,-0.86,-1.0,-2.17,-0.37,2.0,-0.72,-0.42,-2.04,-0.09,2.0,-1.26,5,0,0
1.77,3.35,-2.09,-3.55,2.1,1.25,2.48,-0.89,0.75,-0.04,-0.05,2.58,-2.6,-5.59,1.72,1.43,5,0,0
-0.78,-1.49,1.06,1.06,-0.4,-1.62,2.2,-0.61,0.63,-0.18,1.02,1.68,-1.56,0.39,2.62,2.67,5,0,0
-0.01,0.17,2.23,3.51,1.13,1.05,3.66,1.45,-4.54,2.61,-3.07,-3.0,-1.38,-2.04,-3.44,-2.13,5,0,0
2.92,1.97,-1.07,-3.66,2.85,-0.18,2.53,1.02,0.88,2.04,2.01,1.25,-4.04,-2.4,-2.94,1.65,5,0,0
-0.47,-0.24,-0.07,-1.43,-1.07,0.55,-2.18,2.87,-0.81,-1.2,-0.29,2.36,3.49,0.65,-1.4,1.95,5,0,0
1.52,0.22,-0.07,-1.47,3.53,-1.36,0.0,0.86,-1.78,3.46,0.4,0.78,-2.5,-2.98,1.07,3.27,5,0,0
-0.75,1.68,-0.1,-0.94,3.24,-1.01,-0.65,1.3,3.71,2.12,2.08,-0.14,0.71,1.06,0.08,-1.48,5,0,0
-0.67,3.4,3.1,1.87,1.57,-0.43,-2.34,2.07,-3.52,6.3,1.36,0.77,-0.17,-2.23,1.7,0.7,5,0,0
-0.08,0.89,-1.66,-4.56,1.99,2.16,2.62,1.6,0.9,-0.34,1.42,3.62,-0.87,-0.04,-0.05,-1.13,5,0,0
0.98,4.34,-3.7,-0.09,1.66,0.56,-2.37,1.5,-1.35,-2.29,-0.22,-1.34,-1.55,0.16,-1.76,2.14,5,0,0
-2.33,3.47,2.99,0.44,-2.4,0.15,0.96,-1.86,2.99,0.32,-2.16,-1.92,-2.21,-2.69,-1.67,-3.69,5,0,0
-0.43,2.25,-1.01,-2.19,-1.63,0.85,4.12,0.83,6.98,-0.18,3.6,1.76,1.26,1.08,-1.65,-3.89,5,0,0
-3.81,3.88,6.45,1.45,-1.33,2.62,0.17,1.45,-3.09,-1.02,0.25,-3.09,1.14,-0.78,-5.16,-3.48,5,0,0
-4.3,6.81,1.9,0.41,-0.68,-0.75,-4.55,0.07,-3.86,-0.69,2.07,-0.83,-2.43,2.13,-2.84,-1.52,5,0,0
1.47,0.84,1.01,-2.64,1.16,1.36,4.57,1.32,-1.81,-2.73,1.59,0.23,-2.45,-2.95,-4.36,2.31,5,0,0
-1.08,-6.58,0.16,0.19,-2.57,0.23,-2.23,-1.54,1.77,1.6,2.58,3.73,5.88,3.79,5.38,-0.21,5,0,0
-1.86,2.55,-1.96,-2.73,-0.97,1.55,-0.84,1.28,-0.73,-0.24,-0.15,5.11,0.51,-0.26,0.61,-2.07,5,0,0
1.58,1.9,-2.87,-1.67,3.79,-0.39,1.26,1.95,-1.6,0.03,0.6,1.91,-2.14,-1.04,0.04,3.79,5,0,0
-3.64,-0.78,4.6,-5.39,-1.2,-1.65,-1.54,-4.29,0.95,0.82,3.67,4.71,-1.83,-1.76,5.03,1.46,5,0,0
-0.22,0.28,1.45,4.72,-1.18,-2.4,-2.59,1.44,2.64,5.75,1.43,0.82,-0.47,1.15,4.91,0.88,5,0,0
-1.21,3.48,0.51,0.71,-3.11,1.28,-3.48,0.25,-1.66,-1.36,-1.02,0.28,0.66,-1.47,-1.68,-1.37,5,0,0
-1.35,-0.36,1.71,2.45,-4.72,-0.17,-2.76,1.67,-1.64,-1.41,-2.99,-1.73,0.98,2.08,-4.3,0.27,5,0,0
3.19,0.72,-3.29,-0.7,1.32,0.62,-1.3,2.07,1.45,-0.2,-1.23,-1.08,-0.55,-0.39,-4.41,-0.76,5,0,0
-3.9,-0.36,3.59,-1.62,0.7,0.07,0.25,-0.09,-2.34,-0.79,1.85,1.66,2.09,1.23,1.59,1.78,5,0,0
-3.94,-2.89,3.23,1.98,-0.36,-1.39,-3.22,-0.68,1.91,6.12,1.07,2.63,0.8,5.46,6.74,-1.15,5,0,0
-1.03,-3.1,3.68,-1.99,-1.33,1.23,3.83,-1.13,-0.38,0.14,3.73,2.24,0.7,-0.72,1.82,0.76,5,0,0
0.31,-0.69,-0.64,-0.15,-0.97,0.93,1.46,0.71,-2.63,-2.3,1.59,0.83,2.18,-0.35,-1.77,1.88,5,0,0
-1.34,-0.24,3.46,1.98,-1.04,-1.7,-4.09,0.72,-4.48,6.93,1.41,2.49,0.91,-1.33,3.64,1.34,5,0,0
0.46,-1.49,1.11,1.23,3.81,0.87,2.83,1.24,-2.13,1.05,-1.25,-2.36,-1.51,-1.12,-0.1,0.54,5,0,0
0.93,-1.36,0.6,5.96,-4.9,-1.1,1.2,1.88,3.34,1.52,0.35,-2.21,0.14,3.47,-1.94,-0.19,5,0,0
2.54,1.33,-2.1,-2.76,4.21,2.44,4.42,2.16,-4.21,-5.88,2.95,1.12,-2.55,-2.1,-1.57,6.42,5,0,0
-2.11,-3.24,1.3,-0.71,0.12,4.03,2.5,-1.11,-2.54,-4.29,-2.99,-0.76,2.49,0.27,-0.66,-2.65,5,0,0
-2.66,-2.01,0.65,-0.9,0.35,0.88,2.26,-0.32,-1.06,-1.25,-0.91,2.13,-1.45,2.31,2.23,0.05,5,0,0
3.74,-1.42,-0.66,-3.7,1.3,-1.28,2.83,2.07,7.73,1.57,7.1,2.99,-0.2,0.69,-0.63,2.12,5,0,0
1.28,1.57,-0.45,1.94,1.4,-1.53,3.61,1.54,2.61,1.31,1.15,-0.79,-4.2,0.99,-1.7,1.01,5,0,0
-2.91,-0.31,3.68,-1.4,-0.65,2.07,-1.63,2.33,-4.51,2.27,-0.63,0.95,3.42,0.68,-2.36,-2.2,5,0,0
-1.39,3.8,2.59,-0.84,0.63,-0.14,0.61,1.57,0.81,1.22,3.16,0.61,-1.87,0.43,-1.52,-0.18,5,0,0
-1.1,1.07,-0.29,-0.61,-3.82,-0.91,-3.74,1.97,2.5,1.83,5.32,3.84,5.14,1.4,1.62,-0.33,5,0,0
-2.09,0.44,-0.3,-3.32,-2.6,2.88,2.92,0.54,1.75,-6.16,2.33,2.48,3.12,0.4,-1.87,-2.05,5,0,0
-1.04,0.64,1.97,1.36,-2.54,0.18,-0.76,2.53,-1.33,0.16,-1.12,0.37,0.52,0.61,-2.11,0.25,5,0,0
2.75,3.27,-3.56,-2.49,3.35,0.06,0.02,2.59,-1.08,2.12,0.09,1.91,-4.15,-1.91,-1.48,2.17,5,0,0
0.09,2.46,0.45,-1.6,0.47,1.88,4.77,1.44,0.29,-0.79,0.71,2.51,-2.93,-0.4,-0.36,1.63,5,0,0
2.41,1.29,-3.12,-2.39,1.28,0.42,4.16,0.21,1.7,-2.2,1.14,0.29,-4.55,-0.43,-4.82,-1.22,5,0,0
1.89,-2.37,-3.15,-0.91,0.66,0.18,-0.11,-2.41,-1.23,1.2,-0.56,0.1,-0.38,-1.87,2.12,0.51,5,0,0
-0.75,-0.59,-0.82,-2.14,0.45,-0.92,-2.03,-1.98,3.86,1.92,3.48,2.96,1.33,0.66,4.49,-0.13,5,0,0
-0.35,1.51,0.92,-2.18,2.7,-0.57,2.17,1.54,4.43,1.5,3.95,0.39,-1.98,2.8,-0.64,1.12,5,0,0
0.27,4.7,-0.68,1.5,2.66,-1.06,1.12,3.66,1.45,0.43,2.43,-0.36,-3.29,2.55,-1.38,2.48,5,0,0
4.26,2.34,-4.48,1.71,1.37,-0.22,-0.01,2.9,0.73,-1.29,-0.46,-3.39,-0.88,0.36,-7.21,0.44,5,0,0
0.5,-4.94,1.52,3.37,-1.74,-0.68,2.19,-0.34,3.28,-0.07,2.49,-0.37,0.48,3.3,2.1,0.6,5,0,0
-0.03,1.13,-0.02,-0.23,-3.22,0.43,-1.89,-4.81,1.28,-1.41,-0.51,-0.49,-0.97,-4.15,1.18,-2.02,5,0,0
1.04,-0.67,-0.41,1.42,1.98,-0.13,-1.09,1.88,-3.57,2.23,0.12,1.87,-1.7,0.15,2.55,3.34,5,0,0
-3.09,-0.72,3.0,-1.02,-2.11,-1.31,-2.08,-2.2,2.5,2.61,4.22,2.87,1.67,2.57,3.37,-1.07,5,0,0
2.39,3.88,-6.94,-1.45,4.27,0.22,-1.97,-1.97,-0.24,-3.94,0.21,-1.66,-4.87,0.78,-2.18,0.17,5,0,0
2.88,0.96,-2.48,4.35,-0.39,-0.59,-1.12,2.38,-2.12,-1.53,-1.43,-3.03,-2.47,2.13,-3.82,3.82,5,0,0
-0.28,0.46,0.2,-1.89,0.05,-0.18,-3.53,0.47,0.85,0.44,2.46,-0.31,2.98,0.5,-2.21,-0.92,5,0,0
-1.97,-0.91,2.23,6.15,-3.32,-0.66,-0.83,-3.14,-0.79,0.13,-2.4,-2.34,-1.24,0.96,2.68,-0.39,5,0,0
-0.97,-2.48,-2.84,0.99,-0.62,-0.17,-4.94,-1.65,2.78,-1.9,-1.82,-0.28,2.35,3.49,2.47,-1.75,5,0,0
-2.8,-1.13,-0.14,-0.56,1.02,3.22,0.09,1.32,-6.39,-3.96,-6.69,-0.99,2.28,0.35,-3.38,-1.16,5,0,0
2.58,-2.51,-1.58,-2.21,3.72,1.85,3.23,1.94,-1.04,-2.8,1.25,-0.95,-0.57,0.96,-3.61,1.41,5,0,0
-0.45,1.9,-1.05,-3.0,0.61,0.77,-3.67,0.31,-0.25,4.28,0.11,4.16,2.57,-2.73,2.79,-1.37,5,0,0
1.23,-1.49,-2.66,-0.78,-3.63,2.72,4.48,-0.73,1.28,-6.6,0.21,-0.67,0.26,0.24,-4.64,-2.21,5,0,0
-1.61,0.54,-0.77,3.46,-2.53,-0.32,-0.75,1.76,-2.78,-2.96,-3.3,0.21,-0.66,3.02,-2.75,0.59,5,0,0
-1.94,-1.14,3.67,-0.89,1.08,0.94,1.31,0.23,-5.05,0.01,-0.8,1.35,-1.68,0.34,-0.7,2.32,5,0,0
-1.78,-1.89,2.08,0.37,-1.58,-0.51,-1.91,-2.41,-1.63,1.28,0.09,1.31,0.92,-0.4,2.72,0.82,5,0,0
-0.64,-1.5,-1.19,0.38,0.4,1.57,-1.3,-0.19,-1.71,-2.27,-0.99,0.59,1.97,1.14,1.13,0.2,5,0,0
3.0,-4.55,-4.37,-0.49,0.87,-0.68,2.19,-1.36,1.36,-2.62,3.83,1.64,0.8,2.71,0.16,2.66,5,0,0
2.97,2.68,-5.35,1.12,-0.33,1.17,2.25,2.71,0.26,-3.27,0.84,0.57,-0.47,0.16,-3.66,0.68,5,0,0
1.26,1.38,-5.07,-5.81,0.98,1.94,-0.45,1.82,0.62,-4.35,2.79,4.46,0.13,1.32,-0.44,2.6,5,0,0
-0.94,2.2,1.16,0.21,-0.6,-1.03,0.06,1.97,2.33,-2.29,4.65,-0.87,0.44,3.62,-3.05,2.29,5,0,0
-1.51,-1.9,1.91,4.51,-0.73,-0.67,-5.14,-1.1,-2.39,2.18,-2.71,-3.53,2.39,1.79,0.82,-0.68,5,0,0
-3.02,3.62,0.94,2.18,-3.35,2.35,-1.56,1.63,-2.82,0.8,-0.36,2.4,2.36,0.06,1.27,-2.03,5,0,0
-0.54,-1.69,-0.55,-0.2,-1.16,3.28,-0.34,-0.02,-2.32,-4.09,-0.9,-0.07,3.16,0.25,-0.1,-0.42,5,0,0
0.11,2.07,0.43,3.89,-0.61,-2.52,-4.3,-2.64,0.85,6.33,-3.19,-2.14,-2.93,-2.48,2.33,-2.18,5,0,0
0.22,-3.13,-2.51,1.83,1.17,-1.92,-2.35,2.48,5.21,1.59,-1.81,-0.41,1.94,5.89,-0.2,-0.8,5,0,0
-0.85,4.06,1.73,-0.01,2.12,-1.14,2.11,0.15,-0.45,0.78,0.35,0.13,-4.62,-2.05,-1.28,0.61,5,0,0
0.15,2.08,-0.55,-2.62,0.07,0.24,0.34,-1.21,3.48,1.11,-1.27,1.37,-2.29,-2.51,0.97,-0.99,5,0,0
-2.44,-4.0,1.72,1.2,-1.01,0.74,2.06,1.15,0.61,0.77,0.5,2.73,2.71,2.84,3.92,-0.13,5,0,0
0.97,-1.97,-1.74,-0.19,1.5,4.16,4.35,3.36,-5.5,-4.23,-3.73,1.43,-1.03,0.46,-1.73,2.71,5,0,0
-2.01,1.73,2.1,0.66,-1.9,1.03,0.29,1.64,-2.4,0.91,0.61,0.99,1.47,-0.49,-0.71,0.42,5,0,0
-1.5,1.67,0.29,-0.71,-2.21,-0.86,-0.12,-2.09,1.82,1.37,0.37,1.23,-3.58,1.01,0.06,-1.62,5,0,0
-0.89,0.4,0.7,0.19,2.65,-2.36,0.32,0.71,2.73,-0.48,3.98,0.08,-2.37,3.97,1.76,4.32,5,0,0
4.46,4.43,-6.66,-2.36,3.39,-2.51,-1.21,0.9,1.49,-2.57,2.21,1.25,-4.79,-0.38,-3.13,5.86,5,0,0
-2.87,2.56,-0.78,1.64,-0.75,0.25,-0.34,0.48,1.58,-2.92,1.45,-0.2,1.02,4.16,-0.8,-2.27,5,0,0
2.63,1.82,0.28,-3.45,2.56,0.08,4.64,-0.37,0.1,1.58,3.9,2.77,-5.89,-4.32,-0.05,2.91,5,0,0
0.08,-2.72,-0.9,-0.64,0.08,0.94,5.56,1.72,-0.19,-4.24,3.03,1.56,2.0,1.76,-2.11,1.16,5,0,0
-0.32,6.21,-1.44,-0.76,0.42,1.7,2.9,3.5,-1.33,-1.37,1.46,2.27,-2.53,-0.46,-3.36,-0.58,5,0,0
1.75,0.54,-2.16,-2.67,1.92,0.84,-2.11,-0.18,-1.36,-2.97,-1.39,-1.99,-0.41,-2.23,-4.09,0.42,5,0,0
0.64,-4.99,1.03,1.47,1.11,2.96,1.93,-4.46,-1.15,-4.91,-1.67,-5.1,1.76,-0.77,-1.1,-1.72,5,0,0
0.83,-2.49,-1.39,-0.86,1.86,2.7,3.53,-0.22,-1.88,-2.82,-1.69,-0.45,0.46,-0.67,-1.84,-1.19,5,0,0
1.09,2.96,3.21,2.86,-1.75,-2.85,-0.27,-0.89,0.35,3.16,2.68,-0.17,-4.95,-1.76,0.55,3.88,5,0,0
0.72,-0.16,1.88,4.49,0.5,-3.27,-1.22,0.0,1.54,3.05,3.26,-0.79,-4.35,3.24,3.05,4.45,5,0,0
2.13,-2.43,-0.94,1.6,0.26,0.57,1.89,0.88,1.95,1.44,0.11,-0.54,0.33,-0.23,1.19,0.42,5,0,0
-1.94,-0.33,1.93,-0.62,-0.7,-1.69,-3.34,-5.02,0.14,1.71,-1.56,-0.38,-1.18,-1.99,2.25,-0.94,5,0,0
3.33,1.22,-1.41,0.04,1.95,2.95,6.39,2.13,-4.03,-0.93,-0.16,-0.29,-4.56,-1.83,-3.75,1.59,5,0,0
-5.05,2.71,2.37,3.99,-1.65,0.47,-3.12,-0.72,-4.73,1.38,-3.82,-1.37,-0.11,1.52,-0.35,-5.16,5,0,0
-5.19,1.45,4.31,-3.39,0.28,0.77,-3.08,1.01,-3.04,1.0,-1.84,1.33,1.36,0.59,-3.61,-4.31,5,0,0
2.78,0.53,-0.92,0.01,-1.04,0.1,-1.81,-1.14,2.73,-0.84,1.05,-3.21,-1.38,0.22,-4.43,-0.54,5,0,0
1.27,1.25,-1.8,-2.17,2.27,2.15,4.29,1.01,-0.51,0.2,0.06,1.27,-0.73,-3.25,-0.2,-0.34,5,0,0
5.73,-2.24,-3.94,-1.72,5.34,1.16,5.16,2.39,-1.67,-2.01,2.69,0.79,-4.7,0.21,-1.38,6.11,5,0,0
0.73,3.4,-3.06,-5.08,1.78,1.99,-0.64,3.62,-1.27,-1.93,0.91,2.78,-0.66,0.04,-4.4,-0.11,5,0,0
0.14,6.33,-0.95,0.31,-2.82,0.68,-0.78,0.36,2.82,-3.49,1.44,-1.82,-2.02,-0.35,-4.55,-1.7,5,0,0
-2.86,2.44,-1.26,0.39,-0.12,1.48,1.47,1.1,-1.64,-5.54,1.77,0.87,2.03,3.15,-0.33,1.55,5,0,0
-2.54,-0.31,4.42,1.37,-2.32,-1.6,-1.54,-0.55,2.8,3.81,5.18,1.34,1.69,2.13,2.39,-1.16,5,0,0
1.74,0.43,-0.86,1.49,0.07,0.11,0.84,1.18,-1.25,-1.87,2.16,-0.85,-2.41,1.53,-2.03,2.97,5,0,0
-4.79,-0.4,5.4,2.14,-1.87,-0.76,-2.6,-1.85,3.2,2.83,-0.27,-2.92,2.49,3.04,-1.17,-7.12,5,0,0
-1.36,-3.39,2.69,3.36,-3.9,-1.5,-2.07,-1.78,3.48,1.67,1.27,-1.38,2.41,3.12,1.13,-0.99,5,0,0
0.67,0.4,-3.19,-0.81,1.78,0.9,0.29,-0.08,1.11,-4.85,-3.66,-2.29,-3.11,1.84,-3.25,-0.08,5,0,0
-1.0,1.77,-1.32,0.55,4.39,0.14,-2.64,4.22,-4.7,0.75,-4.08,-2.32,-0.03,1.63,-4.01,-0.05,5,0,0
-0.55,-3.15,-1.06,0.33,-0.7,-0.55,0.92,-0.96,0.46,-2.05,-0.34,1.37,-1.05,2.31,2.07,2.64,5,0,0
0.78,-3.7,-2.11,0.71,1.49,-0.07,-3.86,-1.22,-3.21,-0.72,-2.02,-0.11,3.71,-0.2,1.3,1.48,5,0,0
1.52,1.34,-0.8,1.21,6.4,-1.3,-2.21,0.92,-0.8,0.87,-0.01,-1.87,-1.92,-0.73,1.7,3.75,5,0,0
-0.85,-0.43,0.38,1.53,-0.66,1.22,0.13,3.02,-2.52,0.29,-3.64,2.56,-0.82,0.35,3.2,3.85,5,0,0
0.23,-2.79,-0.9,0.99,0.66,-0.29,-0.58,0.21,0.54,0.56,3.03,2.02,2.68,1.73,5.55,3.35,5,0,0
-1.85,-0.63,3.2,-0.42,-0.58,1.91,2.02,1.01,-1.21,-1.2,-0.03,-0.44,2.13,-0.47,-2.79,-1.5,5,0,0
-0.91,2.21,-0.53,1.09,-0.05,0.29,1.17,-0.31,0.88,-0.59,-1.43,-1.16,-1.8,0.34,-1.86,-2.14,5,0,0
-0.87,-2.83,0.33,-2.39,-2.03,3.99,0.96,-4.26,-2.4,-4.71,-4.39,0.94,0.4,-3.05,0.89,-1.73,5,0,0
-0.33,-0.95,-3.54,-2.5,-0.33,0.35,-1.65,2.37,0.08,-0.33,-0.11,3.87,1.56,2.56,-0.32,-0.3,5,0,0
2.1,-0.88,-2.94,-3.89,-1.19,0.17,-1.05,-1.7,2.8,-2.83,2.08,1.96,-0.46,-0.53,-0.24,1.54,5,0,0
-0.07,1.65,-2.07,-3.21,-2.91,0.8,-1.28,0.02,3.77,-2.04,5.16,3.01,4.06,-0.16,-0.07,-0.91,5,0,0
0.71,-1.26,1.59,3.63,-4.0,0.1,1.43,0.18,1.67,0.14,2.17,-1.51,1.23,1.87,-1.93,0.11,5,0,0
0.54,-0.47,1.97,2.06,-0.82,0.47,2.92,-0.63,-1.13,1.67,1.47,0.22,-1.63,-1.73,1.57,1.26,5,0,0
2.13,-1.13,-0.29,0.91,-3.53,-0.53,-0.25,0.93,1.03,-0.47,1.49,-0.49,1.13,0.79,-4.45,0.53,5,0,0
-1.09,1.26,1.43,2.58,-3.15,-1.79,-2.26,3.35,-0.11,6.34,0.77,3.78,-1.17,2.56,1.59,0.84,5,0,0
-0.05,4.36,1.34,3.71,1.92,1.57,-1.35,4.71,-5.36,3.97,-3.41,-2.88,0.26,-1.82,-2.68,-0.2,5,0,0
-0.53,-5.22,1.49,0.98,-0.26,-3.11,-1.12,-4.03,4.19,1.89,1.93,-0.55,-0.32,3.11,3.66,1.43,5,0,0
-0.71,1.31,-0.41,0.71,2.15,0.61,-0.67,3.2,-3.65,1.78,0.4,1.93,0.68,1.01,1.09,1.35,5,0,0
-3.4,4.27,0.7,0.51,-2.63,1.17,-0.67,0.36,-2.71,-0.29,-1.77,2.19,-0.65,-1.26,-0.1,-2.56,5,0,0
-0.87,3.0,-1.37,1.87,-1.04,0.61,1.89,-1.17,-1.94,-2.01,-2.31,-0.21,-3.79,-1.63,-0.55,-0.81,5,0,0
-2.04,-2.63,0.02,1.89,-3.85,-0.24,0.14,-1.76,2.15,-4.45,0.9,-0.6,2.15,4.04,-0.57,-1.05,5,0,0
-1.75,4.79,1.37,-0.95,1.93,-0.46,-2.07,4.54,-3.44,1.32,-0.7,1.06,-1.02,0.26,-2.9,3.19,5,0,0
-4.47,-3.68,4.13,2.95,-2.69,-0.38,-3.26,-0.2,-0.53,-0.44,-0.99,-1.61,5.05,4.57,-0.19,-2.33,5,0,0
-1.88,-2.07,2.89,-0.07,-0.13,2.3,1.96,1.13,-2.25,-1.55,-0.51,-1.0,2.81,0.13,-1.98,-1.38,5,0,0
-0.82,1.77,1.1,-2.09,1.02,-0.79,0.7,3.48,2.17,4.14,2.5,2.43,-1.75,1.56,-0.97,-0.66,5,0,0
