@relation SyntheticData-N_600-D_16-Nmin_140-Zmin_16-CL_1_2-R_0
@attribute X0 real [-8.20, 6.74]
@attribute X1 real [-6.67, 6.52]
@attribute X2 real [-6.77, 5.85]
@attribute X3 real [-6.41, 6.76]
@attribute X4 real [-6.30, 7.09]
@attribute X5 real [-7.21, 8.01]
@attribute X6 real [-8.60, 7.59]
@attribute X7 real [-9.10, 7.16]
@attribute X8 real [-8.37, 6.86]
@attribute X9 real [-7.17, 6.93]
@attribute X10 real [-7.79, 10.29]
@attribute X11 real [-7.31, 7.51]
@attribute X12 real [-5.95, 7.41]
@attribute X13 real [-7.28, 7.85]
@attribute X14 real [-9.02, 7.33]
@attribute X15 real [-7.97, 9.89]
@attribute cluster_idx {0,1,2}
@attribute is_noise {0,1}
@attribute Class {0,1}
@inputs X0,X1,X2,X3,X4,X5,X6,X7,X8,X9,X10,X11,X12,X13,X14,X15,cluster_idx,is_noise
@output Class
@data
1.67,2.65,0.31,0.9,-2.21,5.65,1.06,-0.87,-2.15,-0.89,3.92,-0.02,-1.17,0.59,-1.77,2.38,0,0,1
-4.16,-0.13,-2.39,-0.05,1.72,2.92,3.81,0.16,0.34,1.12,-4.34,-1.54,2.78,-1.79,-2.27,-0.32,0,0,1
-0.64,1.2,-0.48,-1.53,1.85,-0.27,-0.41,0.61,-0.59,-2.98,2.2,-0.12,1.81,-0.84,-1.74,-1.85,0,0,1
2.46,1.69,-1.2,-1.99,3.51,4.23,-1.93,-3.75,-1.37,0.66,2.18,0.17,2.19,-1.74,-2.39,4.07,0,0,1
0.79,-1.78,1.44,-1.04,-0.85,0.42,2.35,-0.12,-0.76,-1.46,0.95,-4.28,-0.96,-3.96,1.21,1.19,0,0,1
-0.38,-1.97,-4.33,3.4,0.53,-0.11,-1.88,-1.06,-1.21,-1.83,-3.19,-1.45,0.56,0.11,-0.69,-2.47,0,0,1
1.27,1.95,-0.65,-1.85,2.41,1.63,2.32,0.23,-1.66,1.67,0.94,1.42,-1.69,-2.26,0.04,2.76,0,0,1
-1.15,1.4,-2.72,1.58,1.83,-0.86,-4.96,-1.24,-1.48,2.46,0.44,5.26,-0.08,5.15,-5.81,-3.88,0,0,1
-1.97,2.15,3.91,-1.32,-4.15,6.17,4.49,-2.17,-3.72,-2.05,2.87,2.2,-2.59,3.15,-1.15,-0.27,0,0,1
-0.07,-2.41,-4.08,-0.2,1.06,-3.34,-0.46,-2.04,1.25,-1.12,-5.07,-1.48,0.69,0.68,2.85,-0.05,0,0,1
1.07,2.63,2.56,0.47,1.11,1.25,-2.36,1.37,0.02,-6.98,6.84,-7.31,-1.95,-0.78,-2.3,2.07,0,0,1
3.35,3.05,3.36,-1.3,3.1,0.67,-1.6,5.05,1.23,-1.03,4.56,-0.35,2.58,-3.06,-1.38,2.01,0,0,1
2.02,1.46,5.85,1.2,-3.09,-0.48,0.23,1.2,-2.96,-5.97,5.92,0.15,-2.53,-1.11,2.43,-1.41,0,0,1
-5.28,1.25,-1.08,-0.67,1.64,-2.33,-2.37,0.05,-0.12,-0.31,-1.02,4.39,2.04,2.83,-3.36,-2.24,0,0,1
-3.56,2.63,1.34,0.58,1.98,-1.22,0.04,2.52,-0.82,2.45,-0.47,3.8,-1.03,2.85,-3.52,-2.47,0,0,1
3.27,-3.38,-2.3,4.63,2.82,-2.54,-2.45,-2.0,-1.52,-2.15,-4.59,-5.47,-0.04,-4.88,7.33,0.64,0,0,1
-0.8,0.82,-1.18,-0.0,-0.3,0.56,-0.59,1.49,0.36,-2.43,1.7,-2.34,1.82,1.24,-1.17,-1.98,0,0,1
-1.94,-2.66,-5.42,4.54,0.24,3.84,2.22,-2.38,-3.26,-0.39,-5.77,0.83,3.67,1.31,-4.82,-7.97,0,0,1
2.75,-1.97,-2.05,6.61,2.24,-3.32,-8.12,-0.81,1.33,-0.25,-4.81,-4.53,1.63,0.97,4.21,-0.36,0,0,1
2.42,1.64,-2.4,2.32,2.46,0.93,-6.96,-1.6,-0.67,-1.22,2.82,-0.69,2.11,1.25,-3.14,0.22,0,0,1
-0.24,0.43,-0.25,4.19,-0.66,0.32,0.35,0.77,-0.93,-0.99,-2.55,-1.14,-0.29,1.62,1.32,-2.62,0,0,1
-3.3,-2.27,-3.19,-2.83,0.04,0.27,0.67,-1.56,-0.28,3.78,-2.49,0.48,-3.38,1.0,-3.76,0.56,0,0,1
-1.71,0.46,2.57,-0.67,-0.72,-1.22,2.31,2.83,-0.99,-3.33,1.77,-0.36,0.31,-2.08,0.4,-1.32,0,0,1
-0.97,0.37,-3.72,-2.45,4.98,-2.04,-1.38,-1.33,-0.75,1.86,0.27,2.79,-1.02,-2.89,-4.13,0.77,0,0,1
3.52,3.93,1.62,-2.96,-0.61,3.25,1.69,6.25,1.31,-2.86,6.02,0.55,1.56,-0.07,-3.07,-0.51,0,0,1
-2.93,0.93,-2.65,-0.95,2.1,-1.89,0.45,-2.16,-2.55,-2.55,-0.48,3.28,1.76,2.57,-2.26,-3.86,0,0,1
-3.94,-0.42,1.5,-4.32,1.41,-3.17,1.05,2.01,3.12,3.64,-0.53,0.75,0.47,-1.12,-2.9,0.1,0,0,1
-2.98,0.8,0.39,0.36,-0.28,-1.07,-1.91,-0.83,-0.19,2.04,0.85,1.47,0.6,1.32,-1.35,-2.6,0,0,1
3.47,0.85,1.2,1.81,2.11,-0.53,-1.59,-0.54,-1.23,-0.62,0.1,1.37,2.54,-3.95,3.92,1.03,0,0,1
-0.52,0.47,-1.66,-1.61,2.93,-1.64,-0.09,0.76,0.34,1.37,-2.15,-0.42,0.08,-0.73,2.04,0.87,0,0,1
-1.86,1.72,-0.49,-1.96,3.49,-1.47,-0.63,2.64,-0.22,-2.47,0.7,3.33,3.69,-1.19,-2.07,-2.1,0,0,1
-1.35,0.33,-1.15,-0.4,-0.25,-2.02,-0.43,1.68,0.6,0.33,0.19,0.85,-1.84,1.95,-1.53,-1.69,0,0,1
4.51,2.18,-2.41,1.96,3.48,-0.09,-0.91,-1.71,-1.99,-2.83,0.61,-1.39,0.21,-3.62,4.56,2.1,0,0,1
2.65,-0.03,-0.84,1.15,-0.5,1.2,0.72,2.76,-1.49,-1.84,1.17,-0.3,0.01,-0.48,-0.79,-2.62,0,0,1
-6.07,-0.97,1.13,-2.69,2.24,-6.08,-1.99,1.28,1.63,-0.35,-0.34,-0.9,0.06,-1.51,-0.79,-1.04,0,0,1
4.09,2.43,1.63,-0.59,2.43,-1.5,-1.38,1.53,-0.8,-1.45,3.21,1.58,1.23,-2.28,2.02,0.97,0,0,1
-3.13,3.75,0.92,2.27,0.23,1.35,-0.32,-1.44,-3.82,-3.96,0.94,1.31,0.49,4.82,0.97,-1.0,0,0,1
0.55,3.49,1.01,-2.29,3.45,-0.21,2.25,4.86,-0.47,1.44,0.67,2.85,-2.07,-0.55,-1.07,1.09,0,1,0
0.2,1.12,0.53,-0.56,2.55,0.81,1.32,-1.76,-4.44,1.14,-1.24,7.09,-1.85,-2.02,0.2,1.28,0,0,1
0.48,-0.21,1.34,3.1,-0.39,-1.51,-0.59,-3.08,-2.52,-0.09,-0.95,0.22,-3.83,-0.29,4.38,1.93,0,0,1
2.22,1.75,2.08,-2.6,3.19,0.95,3.31,2.84,1.03,-1.18,0.62,-2.21,0.03,-6.09,2.62,4.79,0,0,1
1.61,0.27,4.62,-4.78,-1.34,-6.03,-3.91,2.57,1.65,-3.14,8.63,0.96,-0.31,-3.36,0.16,-0.51,0,0,1
-1.98,1.94,-0.61,-0.0,0.42,1.27,1.38,-0.4,-1.25,0.31,0.0,-0.87,-2.61,0.46,0.43,1.0,0,0,1
-5.82,0.5,-3.79,0.86,2.23,-3.77,1.03,1.78,-2.67,0.15,-1.96,2.86,0.29,2.25,-3.27,-7.22,0,0,1
4.76,0.8,0.23,5.5,1.95,1.57,-0.37,0.76,-2.99,-4.66,0.07,-5.32,1.85,-4.16,6.48,-0.44,0,0,1
-1.94,-1.52,-0.01,0.85,0.27,-3.72,1.45,5.44,-0.44,1.36,-3.21,3.16,-0.05,-0.17,-0.65,-5.71,0,0,1
-1.9,-0.61,-2.93,-1.39,1.67,-3.68,-4.9,1.49,3.7,2.55,-2.27,2.51,0.75,1.65,-3.91,-0.07,0,0,1
-1.16,1.33,4.27,-2.73,-0.46,1.7,0.37,2.63,1.25,1.54,2.78,3.03,3.28,-0.7,-4.89,-0.34,0,0,1
1.08,3.34,2.1,-2.23,0.15,-0.98,0.06,1.96,-0.4,3.22,2.8,5.87,-3.53,-0.18,-0.39,2.97,0,0,1
-5.14,0.41,2.41,-5.84,-1.06,-0.81,3.92,4.53,2.3,1.13,0.82,1.33,1.98,-0.68,-1.45,-1.03,0,0,1
4.06,0.87,-0.93,-0.1,1.54,1.78,-1.46,-2.82,-2.91,-2.04,2.8,-0.25,-1.97,-0.08,-0.13,2.4,0,0,1
0.01,1.59,-2.98,0.15,2.47,-0.19,0.71,3.83,0.54,-2.37,-2.1,0.27,3.92,2.73,-1.01,-4.47,0,0,1
0.35,-3.1,-5.15,0.9,0.71,-2.36,-0.04,5.41,2.77,4.12,-6.65,1.08,4.27,1.0,-0.63,-5.22,0,0,1
-1.72,-2.31,-4.29,1.55,-1.33,-1.03,-0.15,-1.06,-2.6,-2.87,-1.17,-1.95,-0.04,3.09,-0.83,-5.75,0,0,1
-0.79,0.49,-1.4,2.53,3.17,-2.39,-0.06,-3.37,-1.26,0.11,-4.21,0.13,-0.33,-2.82,4.56,2.69,0,0,1
1.87,0.33,-0.69,3.8,3.62,-0.79,-1.03,1.76,-2.23,-1.14,-1.9,0.46,0.96,-2.22,-0.1,-0.98,0,0,1
2.24,1.87,-1.37,3.65,3.89,-1.16,-2.66,-1.14,-1.33,-1.37,-1.32,-0.91,1.64,-1.91,2.67,1.41,0,0,1
1.09,-2.4,1.18,-3.81,-3.42,-2.58,0.82,5.26,3.49,-0.52,1.51,0.19,1.24,-1.41,-0.31,-1.74,0,0,1
-2.58,3.39,0.77,-2.66,1.26,0.1,2.17,-1.84,-1.47,-1.64,2.51,1.24,0.63,-0.85,0.92,0.81,0,0,1
-1.43,-0.58,3.6,-3.72,-2.42,-4.54,-0.85,3.29,1.55,0.33,4.84,0.49,-4.24,-1.69,-0.68,1.62,0,0,1
-0.6,-2.13,2.4,-2.19,-2.76,-1.05,-0.89,4.87,2.66,-0.53,1.38,-3.79,0.29,1.47,-0.73,-1.27,0,0,1
0.37,0.87,1.68,-2.61,0.7,1.26,-1.28,-1.95,-0.02,-2.96,4.1,-2.48,-1.35,-2.15,-1.82,3.24,0,0,1
-2.54,-3.22,-2.6,-0.19,-0.47,-1.26,-2.23,-3.62,0.46,2.52,-3.15,1.9,1.44,-0.69,-2.43,-1.4,0,0,1
-0.11,1.71,-0.38,3.72,-1.43,0.03,0.64,2.65,-2.58,-0.39,-0.41,-0.52,-2.97,4.85,1.62,-2.55,0,0,1
2.17,1.43,-2.23,-0.87,4.69,-3.24,-0.76,4.56,2.79,1.07,-2.47,0.06,0.87,-3.25,2.05,2.76,0,0,1
1.98,1.47,1.68,-0.22,1.54,2.12,3.09,2.65,-2.69,-2.13,0.79,1.23,-2.0,-1.45,0.36,1.1,0,0,1
-0.87,2.22,-1.99,3.67,3.83,-0.79,-1.87,-3.25,-2.88,-0.54,-3.13,3.35,2.95,-0.59,3.59,0.34,0,0,1
0.03,2.05,-3.0,1.28,2.36,1.97,-2.95,-2.57,-0.73,-0.13,0.03,0.95,3.05,1.33,-2.48,0.26,0,0,1
-2.62,2.85,3.31,0.67,-0.97,-1.38,1.16,1.85,-0.97,1.8,1.68,2.6,-4.07,0.58,0.48,0.8,0,0,1
1.14,2.27,0.79,-1.67,2.24,-2.61,-2.9,-0.08,1.4,2.58,1.53,3.02,0.31,-0.71,0.59,2.4,0,0,1
-0.17,3.05,1.92,1.76,1.18,1.91,5.14,1.45,-2.97,-0.95,0.34,0.97,-2.22,-3.2,1.57,0.41,0,0,1
0.27,1.47,-2.0,-2.32,-0.96,5.31,0.15,0.07,-0.15,3.01,4.39,1.33,-2.46,0.35,-9.02,0.88,0,0,1
0.67,-0.37,-2.65,-3.39,5.47,-0.07,-1.9,2.37,3.44,2.9,-3.26,1.2,3.95,-2.29,-3.83,2.27,0,0,1
-1.79,3.94,1.19,-0.41,1.21,1.34,2.31,-1.39,-1.04,-0.39,2.19,1.65,-0.61,-2.08,-0.21,2.28,0,0,1
3.99,1.34,0.52,0.02,3.0,1.49,0.63,3.65,1.21,1.53,0.73,-1.44,1.17,-2.98,-1.12,0.67,0,0,1
1.07,-2.02,-0.76,-2.91,-0.19,-1.23,-0.27,5.09,4.2,1.12,0.05,-1.04,2.17,-2.2,-3.81,-0.57,0,0,1
-2.91,3.11,1.77,-0.14,0.01,-2.73,3.7,2.82,-1.8,-3.55,-1.7,1.69,-0.01,3.49,5.4,-3.52,0,0,1
-0.65,0.33,0.56,4.77,1.64,-4.06,-3.52,2.89,-2.2,-5.28,0.28,-3.56,0.03,1.03,3.61,-3.22,0,0,1
2.48,1.73,-0.72,0.48,0.17,-0.43,4.78,3.02,-0.2,-0.62,-2.68,1.66,1.5,-2.16,5.37,-0.02,0,0,1
-3.41,-1.04,-3.1,-0.74,2.33,-4.51,-1.94,-1.27,1.04,3.21,-4.54,0.94,-0.53,1.03,1.09,0.13,0,0,1
2.65,4.98,-3.84,3.51,5.93,1.57,-3.4,4.74,-2.44,-1.05,-0.11,4.35,4.37,3.99,-3.11,-4.05,0,0,1
3.25,0.9,-1.86,1.43,1.91,3.09,-2.44,0.67,0.59,1.58,-1.51,-1.51,0.04,0.85,-0.4,2.36,0,0,1
2.47,-0.5,-1.63,-0.76,-0.59,1.66,0.82,3.69,-0.23,-0.56,1.9,-2.71,0.15,0.83,-1.69,-2.6,0,0,1
0.91,-1.16,-1.19,-1.32,3.16,-1.13,-0.73,-2.17,-1.1,1.62,-0.07,2.03,1.84,-5.99,-1.51,1.44,0,0,1
-0.44,1.11,0.58,-2.03,2.93,1.28,2.68,-1.15,-2.61,-1.19,0.28,4.18,2.67,-3.88,-1.19,-0.65,0,0,1
2.05,2.29,-2.86,-5.5,7.09,-2.22,0.4,0.49,2.8,2.77,-0.25,0.69,1.63,-6.29,-0.2,6.51,0,0,1
-3.62,-0.93,-2.59,-1.13,2.63,-3.64,0.45,2.62,2.6,3.19,-6.02,3.13,2.95,-0.23,-1.36,-2.85,0,0,1
-3.3,-0.76,1.74,-2.49,0.49,-7.21,-2.59,-1.88,-1.2,1.58,1.54,3.41,-4.81,-1.83,2.48,2.13,0,0,1
-1.85,1.22,0.27,-1.26,2.04,0.87,1.49,0.44,-1.71,3.07,-1.24,6.8,0.92,0.52,-5.14,-2.59,0,0,1
-3.3,-1.19,-3.13,1.89,3.1,-0.98,-0.39,-0.97,-2.5,-0.39,-5.38,3.51,3.7,-0.33,-1.17,-3.63,0,0,1
-0.25,-3.41,-2.94,-1.46,2.17,-2.42,-1.79,1.71,1.91,2.17,-3.08,-1.44,1.61,-1.6,-2.61,-1.09,0,0,1
-0.62,0.99,2.05,-2.25,-1.69,1.22,3.09,0.24,0.98,4.95,0.27,2.49,-1.44,-0.07,-0.85,2.58,0,0,1
0.36,3.12,0.83,-0.37,1.99,-4.08,-1.84,7.16,1.05,-3.38,0.58,0.93,-0.21,3.38,1.15,-2.58,0,0,1
-0.21,-0.81,0.66,-0.77,-0.37,0.35,1.58,-3.22,-2.86,-2.91,1.92,-1.16,-1.17,-3.4,1.05,-0.11,0,0,1
-0.4,0.29,-4.01,2.73,2.95,0.44,-1.18,-1.97,-2.1,0.56,-2.74,-0.5,2.28,1.48,-0.91,-2.84,0,0,1
0.12,-1.62,-0.62,1.51,0.64,-1.95,0.81,0.43,-2.53,0.51,-2.32,0.78,-2.34,-1.74,1.63,-1.29,0,0,1
0.16,1.12,0.38,-1.08,3.25,-0.81,1.29,2.85,0.93,-1.21,-1.94,-0.45,1.23,-1.14,1.52,1.0,0,0,1
-2.14,1.35,-1.33,-2.24,1.81,0.46,-3.48,0.34,0.27,2.44,1.31,4.49,1.65,1.06,-5.45,0.06,0,0,1
-0.48,0.86,-3.7,3.41,0.38,-3.28,-1.76,-0.19,-3.35,-3.5,0.45,-2.67,-2.23,2.52,4.2,-3.44,0,0,1
1.34,0.43,0.4,-1.01,3.16,-1.37,0.82,-0.33,0.0,3.51,-2.14,3.56,-0.83,-3.74,0.08,2.56,0,0,1
-1.55,2.61,-4.13,2.1,2.73,2.05,-0.59,-5.86,-3.93,0.23,-0.69,-0.37,-3.24,2.79,0.52,2.61,0,0,1
3.64,-0.0,-3.11,-0.98,3.04,2.28,1.99,-2.5,-1.74,-0.4,-0.63,-2.53,0.07,-3.64,2.77,1.67,0,0,1
-0.19,-0.13,-0.91,0.51,-0.59,-0.59,3.88,-3.57,-4.39,-0.94,-1.37,1.59,-2.58,-0.0,4.31,-1.62,0,1,0
-0.59,0.12,-4.15,-1.34,2.72,-3.93,-0.27,0.78,0.63,-0.14,-4.35,0.87,-0.62,1.38,3.64,1.19,0,0,1
2.87,-1.31,-0.8,1.79,2.12,-3.65,0.1,0.32,-1.1,2.87,-3.65,2.29,0.14,-3.25,5.2,-0.21,0,0,1
-1.16,1.42,0.54,0.67,0.48,-0.48,-0.26,1.69,-0.68,-0.79,1.11,0.1,-0.62,1.63,-1.87,-0.21,0,0,1
0.12,2.02,2.35,-2.31,4.82,-4.1,-1.43,-1.83,1.67,0.56,1.02,-0.21,-1.27,-5.17,1.84,6.63,0,0,1
2.6,4.04,-4.77,4.37,0.72,5.41,1.81,-1.01,-4.46,-2.69,-0.27,2.61,2.76,2.98,-0.86,-3.84,0,0,1
-1.6,0.97,-2.36,3.12,-0.04,0.2,-0.8,-2.32,-4.37,-7.17,2.67,-2.56,2.36,0.18,0.99,-3.94,0,0,1
-1.76,-0.03,-2.77,-0.78,1.49,-1.97,-3.75,0.68,1.19,2.57,-1.78,2.37,0.66,2.54,-2.18,-1.59,0,0,1
0.13,-3.13,2.55,-4.77,0.42,-3.33,0.48,3.23,4.14,1.82,0.71,-1.84,0.77,-6.7,-0.94,2.16,0,0,1
1.13,3.28,-0.62,-0.44,1.75,2.11,-0.43,-0.2,0.38,-0.84,0.9,2.84,4.28,0.56,-1.94,-1.02,0,0,1
-0.69,-2.86,-0.27,-0.52,-3.61,0.35,1.5,0.96,-0.76,0.21,2.36,-0.44,-2.95,-1.76,-3.55,-2.86,0,0,1
4.15,6.18,3.87,-1.17,-2.17,4.92,3.14,3.39,-2.18,-4.98,10.29,-1.12,-2.6,-1.41,-0.25,1.63,0,0,1
0.62,3.17,0.86,-1.78,0.65,2.15,1.63,3.77,1.0,0.67,3.75,2.12,1.18,-1.74,-4.13,-1.22,0,0,1
2.05,3.13,-2.4,1.59,3.35,1.84,0.56,2.2,-1.36,-0.45,-0.62,2.38,1.53,0.89,-2.3,-2.27,0,0,1
-0.98,0.57,2.6,0.09,-0.03,0.13,0.46,3.28,0.11,-1.18,1.14,-1.48,-2.28,-0.73,-0.81,0.07,0,0,1
0.77,2.53,-1.46,-0.79,-0.47,1.91,2.02,5.01,1.97,0.77,1.72,-0.87,1.57,1.01,-2.56,-1.69,0,0,1
0.9,-1.14,-0.68,-1.71,0.99,0.36,-0.45,1.01,1.38,1.55,0.86,0.25,0.53,-4.39,-2.36,0.54,0,0,1
3.99,-1.32,-3.15,3.59,3.25,-0.25,-1.27,0.53,-0.65,-3.37,-4.62,-2.54,4.27,-2.25,4.07,-1.3,0,0,1
-2.75,3.29,0.65,-0.47,2.7,-1.99,-2.39,-1.51,-1.88,1.13,3.05,1.6,-4.97,2.32,-3.02,1.6,0,0,1
-1.76,-2.36,-1.21,-1.29,-0.7,-0.12,-0.14,1.54,1.34,1.11,-3.42,-0.04,2.7,-0.2,-0.22,-1.2,0,0,1
-0.76,3.0,4.29,-2.16,-0.08,-1.19,-0.41,2.19,0.57,-0.82,6.66,0.85,-0.94,-3.93,-1.33,1.89,0,0,1
-1.98,-1.31,-1.21,-1.24,-0.21,-1.27,1.69,-0.71,-2.06,-0.79,-1.23,0.03,-2.69,-0.77,1.92,-0.66,0,0,1
2.28,2.1,1.1,-1.15,-0.79,2.91,3.34,4.15,-1.72,-5.3,5.34,-4.42,0.27,-1.66,0.58,-1.48,0,0,1
3.35,1.74,-0.15,-1.65,4.23,-0.37,3.5,1.0,0.2,2.2,-2.03,0.73,0.91,-5.09,3.21,4.05,0,0,1
-8.2,3.67,-0.29,-1.18,1.35,-1.24,0.51,-4.16,-3.64,-0.4,2.32,4.32,-4.45,1.4,-3.57,0.25,0,0,1
-0.77,-0.69,-5.06,2.61,0.94,-1.61,0.82,-0.15,0.6,4.13,-7.79,0.67,-0.57,2.19,2.63,-0.23,0,0,1
-1.53,3.86,-2.74,-0.5,1.55,-0.2,0.15,1.5,-3.3,-2.21,1.91,3.63,-0.67,4.4,-1.6,-3.6,0,0,1
1.28,0.72,-0.2,0.54,0.77,1.07,1.15,0.68,1.94,6.6,-4.64,3.9,-0.17,0.34,-0.81,1.86,0,0,1
-1.56,0.12,2.09,-4.38,-1.12,-1.57,3.65,3.3,2.03,2.02,1.02,0.44,-2.0,-1.82,-1.3,0.39,0,0,1
-3.0,-2.68,-1.3,-1.78,0.39,-4.16,-1.49,2.31,2.15,5.28,-1.72,1.85,1.08,-0.86,-3.92,-2.65,0,1,0
-1.17,-2.59,-4.25,3.46,2.63,-1.4,-2.23,-0.19,0.45,1.75,-6.59,-0.47,2.95,-0.92,-1.05,-1.94,0,0,1
-3.0,1.58,0.52,1.76,-0.17,-1.36,-0.09,-2.88,-2.44,-0.53,1.34,2.6,1.41,-1.47,0.7,-1.81,0,0,1
-1.74,-0.04,-2.88,4.11,0.09,-0.25,-3.09,0.25,0.09,2.25,-1.83,0.19,0.21,1.32,-3.26,-3.37,0,0,1
3.04,0.77,-2.11,1.01,0.27,-0.55,-1.26,-0.9,-1.27,-3.05,1.35,-1.52,-0.79,-0.31,1.86,-0.53,0,0,1
3.74,-0.26,4.93,-4.37,0.75,0.31,-0.01,1.55,3.85,3.26,2.05,0.85,1.84,-5.93,-1.11,4.58,0,0,1
2.51,-1.51,0.64,-1.53,0.34,-0.73,-0.87,2.69,0.82,2.42,-1.34,0.07,1.68,-0.17,2.64,-0.45,0,0,1
-3.04,-1.85,-2.64,-1.5,0.68,-2.41,-2.52,-3.68,1.23,3.53,-4.05,3.01,-0.13,1.08,-0.77,0.4,0,0,1
-1.84,-1.85,-1.99,-0.23,-1.21,0.72,0.64,-0.6,-1.76,0.7,-1.14,1.06,0.98,1.67,-2.99,-3.96,0,0,1
2.74,0.41,-0.28,2.34,-0.36,1.27,0.84,-0.36,-3.82,2.96,-0.27,1.5,1.37,-1.4,3.21,-0.2,1,0,0
1.82,-2.07,-0.15,-0.38,2.28,1.9,4.62,-0.24,2.04,-6.05,-2.47,-1.47,-0.36,1.3,-2.19,2.52,1,0,0
2.85,-3.52,-1.4,-2.86,5.26,-0.42,0.42,3.43,-1.24,-1.24,0.82,-1.57,-3.66,-0.85,4.05,1.1,1,0,0
3.56,-2.8,-1.03,-0.77,1.05,1.85,0.1,-3.55,0.81,0.62,2.82,1.02,0.77,3.03,-1.09,0.35,1,0,0
1.33,1.05,3.05,-1.39,-2.59,0.42,2.46,1.97,-2.51,0.4,-1.35,1.54,-0.15,-4.06,-1.24,4.85,1,0,0
3.8,-0.3,0.09,2.59,0.3,0.89,-2.14,-4.22,2.61,3.39,3.81,-0.89,1.07,3.83,2.1,-1.05,1,0,0
-1.77,0.85,0.9,2.14,-2.49,0.6,-1.84,0.26,0.72,0.12,-0.32,-1.39,2.19,-1.65,0.91,2.02,1,0,0
0.23,-2.75,-3.56,-2.3,-1.91,6.04,-0.03,-0.6,-1.06,2.75,-2.26,-0.67,-0.93,1.75,1.83,-1.63,1,0,0
0.45,-0.63,-0.65,-0.17,2.55,0.04,0.65,0.3,1.76,-3.9,-1.05,-1.63,-0.78,2.64,0.35,-0.19,1,0,0
1.96,-0.38,-0.17,1.0,-2.58,4.26,-3.31,-1.08,-2.17,2.04,0.25,-0.61,0.59,2.82,1.21,-3.24,1,0,0
2.47,0.19,1.35,-0.51,0.79,0.22,0.72,3.96,-3.48,-2.29,-3.37,6.16,0.54,2.03,0.7,2.81,1,0,0
2.0,0.75,-0.14,-1.09,-3.42,4.59,0.04,-2.28,-4.02,1.08,1.67,0.81,2.43,0.74,0.31,-0.02,1,0,0
3.97,-3.09,0.35,-0.39,-2.01,4.81,-4.12,-2.75,-0.59,5.31,1.2,-0.63,0.31,0.65,1.0,-0.1,1,0,0
0.18,-4.03,-1.61,-3.98,2.8,6.01,0.85,-1.24,3.59,-1.79,0.54,-4.33,-2.43,1.26,2.64,-2.55,1,0,0
1.31,1.88,-0.13,3.06,-1.54,0.75,-1.16,-0.94,0.17,-0.81,-1.01,1.41,3.55,1.36,2.07,5.18,1,0,0
3.78,1.57,1.02,-1.58,0.56,-1.84,-2.95,-2.83,-1.21,2.95,2.96,2.67,-0.32,0.99,0.22,1.29,1,0,0
-1.51,1.73,2.16,-0.11,-2.32,-1.36,-1.12,-2.6,0.69,2.76,4.26,0.43,2.17,-0.83,-1.09,-1.27,1,0,0
-0.82,0.67,1.6,6.7,-0.19,-1.75,-4.02,-2.12,2.07,1.26,0.14,4.18,4.79,-0.38,1.81,1.87,1,0,0
3.44,-1.17,0.66,1.63,3.89,-4.11,0.25,-0.76,2.87,-2.72,-0.42,-0.06,0.28,2.09,-1.97,4.11,1,0,0
0.59,-0.49,2.68,-1.87,-1.58,3.25,-1.04,1.39,-2.66,1.78,1.77,1.12,0.55,-4.08,2.95,1.47,1,0,0
-4.08,-0.24,1.47,1.04,-3.81,0.26,-0.39,3.96,0.71,0.17,-2.72,0.09,0.35,2.09,-1.59,-2.11,1,0,0
-1.27,0.8,-2.65,-0.24,3.61,-0.88,-0.14,-1.01,0.06,-1.8,1.45,-0.18,0.94,-2.02,4.59,1.56,1,0,0
3.1,-1.65,-1.03,-1.95,0.83,1.55,-0.57,-1.68,0.55,-2.15,2.01,-2.06,-0.33,2.94,-1.01,2.0,1,0,0
2.49,-0.16,1.06,3.94,3.31,-0.66,-0.15,-3.55,3.28,0.15,0.27,1.29,2.62,0.13,2.45,1.94,1,0,0
0.38,0.54,-1.73,-0.15,1.84,1.73,1.72,-3.79,2.21,-0.53,0.15,-1.32,0.5,1.58,1.66,-1.67,1,0,0
-6.81,0.82,-0.81,0.81,-4.27,-0.27,3.34,0.68,0.83,2.51,-3.02,-2.31,-1.27,-3.94,-2.12,-3.96,1,0,0
-2.85,3.26,0.81,-3.36,-4.12,3.17,-1.2,2.74,-3.74,2.76,-0.44,1.2,-1.41,-3.78,4.42,-0.0,1,0,0
-3.95,0.37,-0.28,4.0,-0.6,-0.38,3.05,-2.62,3.56,-0.69,-1.13,-0.84,2.58,-0.97,-1.51,-2.81,1,0,0
1.64,-2.97,-1.7,0.44,1.59,1.46,0.5,-0.97,1.47,-2.12,1.05,-0.4,0.56,2.41,-0.17,1.39,1,0,0
4.44,0.32,3.1,0.54,0.73,1.44,-2.39,-2.22,-0.68,2.22,3.76,3.44,1.39,3.4,1.86,-1.87,1,0,0
0.93,3.05,0.23,-3.86,1.52,3.04,-0.7,-1.05,-2.09,0.12,3.59,1.85,-0.4,0.37,6.2,-2.78,1,0,0
1.36,-1.82,-1.89,0.26,2.59,-3.39,2.91,0.86,-0.85,-2.45,-2.83,4.48,-1.5,0.45,-3.17,2.56,1,0,0
-1.95,3.54,5.44,-1.87,-1.81,-1.32,-0.81,0.91,0.75,1.51,1.84,-0.29,-1.7,-3.1,0.18,-2.83,1,0,0
0.23,-0.58,-0.31,1.85,-3.02,4.56,-3.47,-6.8,3.71,4.49,3.29,-2.0,3.67,1.33,0.6,-1.77,1,0,0
-1.7,3.37,1.53,3.11,-1.28,-2.12,-1.12,-4.14,2.92,-0.25,1.26,0.48,2.5,1.95,-2.2,-2.37,1,0,0
-0.7,-0.15,-2.41,-0.46,0.64,2.5,-0.58,-1.21,0.99,-2.91,-1.32,-1.69,0.56,-0.05,1.73,2.24,1,0,0
0.99,2.62,3.2,0.88,-0.75,-3.78,-5.99,-0.82,-1.12,4.51,4.7,4.21,1.61,0.96,2.01,-0.22,1,0,0
1.58,0.86,-1.88,-6.18,-3.25,8.01,3.86,-5.41,-0.66,0.22,3.67,-2.48,0.45,4.1,-1.08,-4.12,1,0,0
-0.5,1.18,-1.35,-1.03,2.43,1.55,0.95,-4.26,2.55,-2.23,1.97,-0.72,0.21,0.42,1.9,-0.99,1,0,0
0.61,0.4,2.41,-5.24,-0.24,1.64,-1.42,1.63,-1.32,0.45,4.3,4.28,0.04,2.52,1.98,-0.36,1,0,0
-2.25,2.53,-0.77,0.06,2.43,-4.04,1.35,-2.44,2.01,-1.89,0.81,3.68,0.42,1.84,-0.76,-1.42,1,0,0
-1.39,-1.17,-2.44,-1.55,0.16,-1.01,1.99,0.15,0.76,-0.93,-2.17,-0.95,-1.89,0.37,-2.86,-0.48,1,0,0
-1.11,-0.66,-2.6,-5.06,-1.0,4.29,1.12,2.3,-3.81,3.76,-0.95,-0.66,-4.03,-4.44,5.54,-0.84,1,0,0
0.2,-0.14,-1.63,4.11,2.74,-1.31,-0.32,-4.06,2.95,-1.06,0.41,-1.88,0.62,2.93,0.07,-4.47,1,0,0
-0.59,-0.92,-1.64,1.24,-0.63,-0.56,2.47,-1.74,1.66,-1.38,-0.29,-2.33,2.21,2.08,-2.96,0.63,1,0,0
1.57,-0.08,-2.5,-2.01,-2.01,2.84,-1.46,-1.84,-2.03,1.52,1.46,-1.62,0.26,2.23,0.44,-0.21,1,0,0
0.45,-3.13,-0.83,-0.09,-1.21,2.6,1.63,-1.23,1.1,1.82,1.05,-5.42,1.24,-0.33,-0.64,-0.83,1,0,0
0.49,-6.06,-6.77,0.02,1.43,2.75,5.49,-0.95,0.29,-0.04,-3.56,-2.69,-0.55,0.66,-1.3,0.07,1,0,0
-0.22,-1.98,1.0,-2.65,-1.61,-1.18,0.08,2.49,-2.0,2.98,0.54,0.04,-2.54,-1.5,-1.99,-0.91,1,0,0
-0.08,3.01,3.72,-0.33,-1.73,-1.25,-2.97,-0.35,-0.27,-1.04,1.37,2.59,1.02,-1.66,-0.79,3.36,1,0,0
-0.87,-1.18,2.25,1.3,-1.12,0.89,-1.54,-0.67,1.37,2.58,1.01,-1.74,-0.31,-2.74,-0.08,-2.51,1,0,0
-3.1,-0.1,2.25,0.39,0.36,-1.04,-2.78,3.25,3.14,-0.86,-4.09,0.5,-3.75,-0.54,1.42,0.05,1,0,0
-0.45,-3.98,-3.43,0.15,5.72,-0.84,-0.95,-2.46,5.24,-1.07,0.83,-3.65,-2.46,2.43,1.71,-3.24,1,0,0
2.41,-1.41,-1.09,1.77,0.06,0.47,5.37,-2.79,0.58,-0.19,-0.23,-1.38,2.73,1.3,-2.97,0.57,1,0,0
1.08,-2.94,0.21,1.16,1.72,0.44,-2.06,-1.48,4.25,-0.53,-0.22,-1.12,-0.51,2.37,-0.74,-0.07,1,0,0
-3.21,-0.18,-1.3,0.9,0.17,1.94,0.79,-1.31,-0.05,1.15,1.13,-0.54,1.08,-3.14,3.72,-2.3,1,0,0
2.21,0.08,2.69,-1.83,-2.97,0.73,1.13,1.88,-1.9,2.45,-2.14,3.51,-1.48,0.74,-2.07,1.57,1,0,0
-1.33,3.42,5.83,0.09,-0.94,-4.39,-3.32,0.52,1.78,-0.48,2.01,1.16,-1.17,2.03,-3.43,-4.28,1,0,0
-1.44,-0.36,-1.47,0.06,1.09,-2.1,4.91,2.17,-1.7,-2.65,-2.17,2.73,0.47,-3.43,-0.42,4.23,1,0,0
0.37,-1.5,-0.36,-4.0,1.75,0.99,1.0,-2.02,1.24,1.29,2.83,0.23,-1.88,0.04,0.66,-1.03,1,0,0
3.5,3.7,1.51,-1.42,-3.19,-0.08,2.43,1.66,-5.66,2.47,0.11,2.55,-0.1,-1.0,1.02,2.94,1,0,0
-0.01,0.97,3.69,-0.9,-0.01,-3.46,-1.79,-1.7,3.61,-1.45,0.33,2.6,0.12,0.89,-4.83,2.71,1,0,0
-1.15,1.12,1.44,2.77,0.93,-3.33,-3.35,-1.63,3.46,-0.87,1.53,1.87,0.84,1.75,-0.38,-0.16,1,0,0
1.68,1.44,3.19,-1.34,2.13,-0.98,-5.14,1.29,-2.17,0.06,4.24,4.57,1.04,-2.44,5.39,4.0,1,0,0
0.29,0.84,1.91,-0.62,-0.99,0.26,-0.5,-0.18,-2.0,1.26,1.01,1.94,0.64,-2.5,0.77,1.47,1,0,0
-2.62,-0.83,1.7,-0.03,0.27,-2.57,-2.13,3.06,-1.27,0.7,1.3,-0.33,-0.55,-0.24,0.31,-3.95,1,0,0
0.82,-0.2,0.57,0.82,1.04,-1.35,-1.44,-1.3,0.45,1.01,1.67,3.06,1.64,0.58,0.76,1.23,1,0,0
0.6,-0.1,-2.1,0.79,-2.23,5.54,0.83,-2.32,-4.26,1.0,-1.33,-1.57,3.2,-3.51,2.17,0.17,1,0,0
-0.69,-1.46,2.1,1.62,-2.58,1.14,-2.58,1.87,0.55,4.13,-1.64,0.44,1.58,0.3,0.55,-1.12,1,0,0
1.53,-0.29,1.66,-4.48,-2.25,1.39,2.52,1.24,-0.6,-0.72,0.0,0.11,-1.26,0.03,-3.14,2.5,1,0,0
5.37,-5.27,0.65,-4.76,-1.5,3.95,3.86,1.25,-3.93,6.31,1.02,0.64,-1.3,-0.45,-1.65,-1.14,1,0,0
-2.7,2.11,0.17,2.01,-2.15,-1.78,-2.08,-0.46,0.81,1.39,-2.19,1.69,0.97,-2.39,-0.39,1.66,1,0,0
1.46,-2.13,-0.48,0.46,-1.66,3.25,-0.15,-3.42,2.05,2.34,0.97,-3.35,0.76,1.87,-0.92,-1.27,1,0,0
-1.22,-1.41,2.28,1.62,-0.03,-0.4,0.74,-2.06,4.29,-2.24,0.98,1.24,1.73,2.47,-4.52,-2.04,1,0,0
2.18,1.89,-0.08,-5.3,0.62,-0.46,1.82,-3.76,-1.91,-0.57,3.18,1.95,-0.22,0.14,-2.32,0.78,1,0,0
5.94,-1.63,-1.09,-3.85,2.01,1.35,3.19,-0.71,-3.6,0.02,2.5,-0.4,-0.2,2.7,0.17,0.5,1,0,0
-2.3,-0.11,-0.71,-0.56,0.18,1.68,-1.25,0.89,-0.42,0.16,-0.81,-0.78,-1.11,-3.86,4.59,2.08,1,0,0
0.25,-1.55,-1.73,-2.5,1.65,0.9,1.46,-1.19,-1.73,1.46,3.45,-1.25,-0.41,-0.99,1.66,-2.73,1,1,1
6.74,-4.46,1.49,-3.92,5.38,-2.0,1.48,3.63,-0.66,-0.65,-0.6,0.89,-5.95,2.56,-0.83,0.59,1,0,0
-2.09,0.61,1.03,1.04,0.22,-1.92,-1.14,0.4,0.83,-0.75,-1.32,2.1,0.51,-2.59,-0.3,1.19,1,0,0
-2.28,1.46,-2.61,2.6,0.9,-2.69,-1.24,-0.27,0.97,-0.66,-2.15,0.07,1.74,-2.21,2.16,3.71,1,0,0
5.38,-1.59,-1.45,0.7,0.12,2.62,4.03,-1.82,-3.61,2.74,0.43,0.13,0.93,2.06,0.6,-1.38,1,0,0
-1.17,1.28,-0.23,1.54,-1.23,1.33,1.09,1.13,-2.68,-0.04,-3.19,0.98,0.95,-5.05,2.42,2.57,1,1,1
3.06,-0.21,3.5,-1.76,-0.21,-2.51,-0.59,0.55,2.11,-0.37,2.1,1.07,-1.43,4.88,-3.83,0.8,1,0,0
-1.53,0.94,-0.01,0.34,-2.04,2.38,-2.87,-2.36,-0.42,0.87,0.44,0.92,2.94,-2.1,1.22,1.8,1,0,0
1.28,0.95,0.57,-2.84,-4.43,2.47,2.73,2.63,-6.43,-1.27,-1.44,4.6,-0.26,0.45,-3.08,1.79,1,0,0
-1.55,-1.38,-2.24,-1.36,5.23,-3.17,0.78,2.04,0.65,-3.82,-2.05,-0.08,-2.37,-0.05,0.7,-0.93,1,0,0
0.9,1.03,1.39,1.85,-2.59,1.17,-1.41,-3.0,-0.96,3.04,1.29,3.43,3.29,-1.48,-0.27,1.18,1,0,0
4.8,1.02,2.86,1.0,1.98,-4.2,0.93,0.09,-2.59,-1.98,1.51,4.91,1.14,0.72,-2.07,4.14,1,0,0
1.95,-2.86,-2.41,-0.98,1.26,3.03,4.81,-0.75,0.65,-4.14,-1.61,1.24,1.46,4.08,-1.69,2.42,1,0,0
-1.44,0.46,0.04,0.76,-1.21,0.54,0.3,-0.94,0.64,-2.5,-0.98,2.51,2.54,0.21,-1.89,2.18,1,0,0
1.44,-3.03,-2.66,1.99,2.06,-0.03,-1.26,-2.77,3.9,-0.57,0.34,-4.1,-0.03,3.41,-0.75,-0.66,1,0,0
-1.7,-2.6,-2.78,-1.34,2.06,0.88,-0.63,0.81,-1.09,4.3,-0.41,-0.22,-0.92,-3.16,5.06,-1.19,1,0,0
2.34,0.86,2.12,3.47,-1.59,-0.96,-1.48,-2.28,1.78,0.26,0.06,-0.09,1.67,2.04,-2.26,2.29,1,0,0
1.55,-1.69,0.44,1.88,1.78,1.76,-1.87,-6.55,5.47,0.63,4.21,-1.61,2.9,3.02,0.55,-1.05,1,0,0
0.4,4.25,2.18,-0.43,-2.69,-3.06,-4.92,1.34,-3.52,2.32,1.32,5.36,1.14,-0.51,1.17,3.47,1,0,0
-1.66,0.86,-1.7,2.62,1.63,-1.92,1.92,1.88,-1.52,-1.14,-3.12,-0.76,0.43,-4.39,2.94,1.95,1,0,0
1.55,0.45,0.41,-2.69,1.81,-2.77,-0.06,-0.65,0.92,-0.29,2.93,0.53,-1.43,2.13,-0.34,0.89,1,0,0
-1.2,-0.02,0.22,0.41,-0.83,-4.86,1.05,0.1,-0.1,2.81,0.73,0.99,-0.63,-0.24,-3.19,-1.19,1,0,0
-2.23,-0.02,-1.37,1.86,1.34,-2.1,0.48,-0.4,0.23,-1.34,0.56,-2.74,-0.47,-3.41,0.72,-0.25,1,0,0
-1.53,1.9,0.69,0.18,-2.5,-2.1,-0.48,0.9,-1.28,1.83,-1.46,2.02,-0.12,0.37,-2.02,-1.77,1,0,0
-0.12,3.89,3.36,0.1,-0.09,-4.36,-2.96,-2.42,1.63,2.29,4.55,3.15,0.26,0.51,0.4,-0.56,1,0,0
-3.59,-4.19,-3.31,1.56,0.55,1.62,-2.28,-1.48,5.1,0.96,0.23,-7.28,-0.64,-2.26,1.56,-0.8,1,0,0
0.83,-5.29,-2.31,3.38,2.97,1.21,-0.56,-2.3,3.25,0.57,1.59,-4.69,-0.03,0.53,1.08,-3.08,1,0,0
-0.25,1.25,0.01,-0.39,-3.67,0.8,-1.6,1.79,-2.06,-1.06,-0.52,-0.19,2.94,1.65,-0.5,4.05,1,0,0
2.01,-1.04,3.83,-1.22,-0.68,-1.67,-0.92,-0.04,0.65,3.09,3.5,4.25,2.33,-0.06,-1.07,3.26,1,0,0
1.26,-5.56,-1.49,-3.25,6.07,1.21,2.3,-0.74,6.53,-4.68,0.21,-3.12,-3.26,3.91,-1.0,-0.39,1,0,0
-0.93,-4.2,-5.61,4.4,2.13,0.52,1.81,-0.6,2.22,0.22,-4.5,-5.63,-0.92,0.39,1.25,-1.86,1,0,0
0.61,-1.32,-1.75,6.0,2.49,-3.75,-0.15,-2.93,3.07,-0.4,-1.28,0.35,1.65,2.77,-1.74,-0.91,1,1,1
-0.06,-1.41,0.08,3.73,-1.09,0.03,0.55,-0.37,-1.82,3.93,2.48,-3.16,2.73,-4.92,3.01,-0.03,1,0,0
-1.76,1.18,-1.03,-1.22,-0.13,0.0,0.17,-0.73,0.4,-1.27,-2.1,-0.18,-0.99,-0.18,-0.61,-0.25,1,0,0
3.07,-0.57,-1.31,-0.81,-1.91,1.48,-1.39,-0.73,-3.43,2.44,1.96,-0.84,1.36,2.23,0.0,-0.34,1,0,0
-0.83,2.36,-0.9,4.48,-1.35,-4.88,-3.21,-1.87,0.39,2.81,0.87,-0.99,1.42,2.29,-0.62,-2.3,1,0,0
1.99,-0.39,-2.13,2.93,-0.66,2.12,1.79,-0.37,-1.41,-2.19,-2.25,-0.87,1.51,5.44,-0.85,-2.52,1,0,0
-3.97,3.02,0.64,0.38,-4.02,-2.71,-1.79,2.04,-1.66,3.63,-0.69,0.21,0.68,-3.72,0.9,0.99,1,0,0
4.23,0.68,1.32,0.13,1.95,-1.9,-0.94,1.36,-2.59,-3.21,-1.4,3.5,-0.13,1.07,-0.29,4.71,1,0,0
4.88,-0.02,1.61,-2.93,-0.42,2.71,1.59,0.3,-3.81,0.41,1.92,0.57,-0.43,4.91,-0.82,-4.45,1,0,0
-1.66,2.58,-1.63,-0.75,-1.35,-1.52,-0.37,0.17,-3.83,1.94,-0.03,0.67,-1.39,-5.14,1.66,0.84,1,0,0
-1.03,-3.15,-1.91,-5.54,2.07,3.05,0.99,2.16,0.01,-0.29,-1.51,-0.53,-4.01,-1.13,2.12,-1.01,1,0,0
1.76,-1.95,-1.12,2.6,0.07,1.56,1.18,-1.27,1.97,-0.83,-0.83,-3.69,0.53,0.67,-0.5,1.4,1,0,0
-2.7,4.93,1.53,0.51,-2.5,-0.34,-0.1,1.23,-4.44,1.81,1.27,3.59,3.79,-7.28,5.68,4.58,1,0,0
-0.85,0.88,0.95,4.83,0.7,-2.84,1.64,-0.96,1.86,-2.95,-0.5,1.88,2.74,-0.67,-1.0,3.34,1,0,0
-3.08,1.77,-1.73,2.53,-2.53,-0.31,3.77,-3.17,0.9,-2.09,-1.42,-2.98,2.64,-1.84,-4.07,-0.38,1,0,0
-0.72,1.14,1.45,-4.02,-0.83,-0.83,-0.05,3.36,-5.24,1.74,1.63,0.11,-1.57,-1.59,0.72,-3.83,1,0,0
-2.37,0.41,1.36,-0.57,-2.74,0.43,-1.56,-0.09,2.07,0.53,0.07,-4.46,-1.47,-1.11,-1.69,-1.23,1,0,0
2.2,0.88,2.83,0.39,-0.71,0.57,-0.72,0.2,0.19,-0.15,-0.33,2.15,1.18,0.32,0.29,2.85,1,0,0
2.99,-1.68,-1.2,-0.38,0.26,1.71,-1.54,-2.39,0.3,3.51,2.32,-0.9,2.54,1.54,3.01,2.97,1,0,0
0.65,-2.95,-2.56,1.0,-2.05,0.65,0.63,-2.05,0.78,3.98,-0.82,-3.44,-0.61,0.7,-2.63,-1.71,1,0,0
-0.78,-1.84,-2.19,2.05,3.02,0.75,0.03,-4.04,6.06,-3.26,0.29,-1.02,0.8,4.12,-0.48,-1.53,1,0,0
1.95,1.14,0.34,3.71,2.47,-2.92,-0.43,-2.76,0.92,1.49,0.53,5.17,1.78,3.63,0.85,-2.33,1,0,0
-0.5,5.39,5.35,0.14,-2.21,-6.47,-4.94,4.81,-4.4,1.57,0.09,6.21,-0.32,-4.05,0.85,4.55,1,0,0
-0.54,-3.92,-2.78,4.43,3.84,-0.13,0.22,-2.76,5.18,-0.3,-1.81,-4.48,-1.67,1.53,0.41,-5.04,1,0,0
-2.64,1.46,5.76,3.95,-3.32,-4.89,-3.33,-0.13,4.93,2.41,0.15,-0.31,2.02,1.19,-4.79,-1.1,1,0,0
-2.64,-0.68,-2.41,-0.18,2.22,-0.43,-1.08,-0.53,-0.18,-1.52,0.3,0.21,1.06,-2.67,2.96,1.72,1,0,0
3.42,-0.48,-2.42,0.54,2.42,1.11,1.47,-1.59,-3.0,-1.83,-0.85,0.68,0.79,-1.25,1.41,2.48,1,0,0
3.15,-0.66,2.31,-0.21,-4.95,3.25,1.35,-0.65,-2.17,3.8,3.09,0.58,2.25,3.83,-2.66,-2.74,1,0,0
-1.17,-0.6,-1.34,1.93,-2.47,-0.34,2.07,-0.26,2.09,1.19,-3.02,-0.43,0.68,3.7,-2.91,-1.21,1,0,0
-0.58,1.61,0.51,2.26,-1.09,-1.76,0.68,-2.76,3.16,-1.39,1.77,-2.08,2.49,1.71,-2.31,0.99,1,0,0
1.96,1.59,1.46,-0.81,-0.67,-1.06,1.12,1.24,-1.93,-1.78,0.27,2.26,0.94,2.8,-1.5,0.96,1,0,0
0.64,-2.51,1.18,-1.46,-0.83,0.16,4.47,3.26,-1.17,0.99,-2.17,-1.22,-2.63,-2.28,-2.19,-0.35,1,0,0
-2.38,2.22,-1.94,1.97,-0.34,-0.1,-0.59,-1.58,-1.1,0.56,0.74,1.33,3.2,-0.53,3.45,-0.54,1,0,0
-1.72,-1.61,-3.17,-0.27,4.55,-1.37,1.46,-1.0,1.25,-1.58,1.09,-4.5,-2.16,-4.97,3.36,0.4,1,0,0
-1.05,-3.4,-3.23,-0.09,1.83,2.72,-0.39,-0.58,-0.01,2.46,0.66,0.07,-0.44,-2.18,5.01,-0.57,1,1,1
0.03,-0.36,-2.69,-0.67,1.41,2.87,0.29,-2.08,1.58,1.59,-2.76,3.26,-1.82,2.67,3.0,-2.57,1,0,0
0.18,-2.16,-0.04,-1.52,2.24,-0.69,1.85,0.88,0.83,-0.71,0.2,0.88,-0.15,-1.32,0.73,2.84,1,1,1
1.83,0.52,-0.98,-0.12,1.18,2.34,2.02,-4.03,1.23,-2.82,2.57,-1.86,2.24,0.51,1.12,2.64,1,0,0
-5.3,3.14,-2.93,-0.02,-1.03,-1.91,2.15,1.53,-3.37,0.57,-3.48,0.39,-0.13,-4.89,1.95,-1.47,1,0,0
0.87,0.48,-1.79,2.82,2.04,-0.65,-0.91,-6.24,2.72,3.07,3.98,-2.11,2.35,0.8,2.5,-2.92,1,0,0
-0.22,1.42,1.77,-0.92,-2.74,1.3,-0.81,-0.52,-0.6,2.49,0.24,3.08,0.73,-1.97,0.91,2.52,1,0,0
2.13,-4.31,-1.7,-1.68,5.81,-0.55,-0.14,-0.44,2.54,0.14,-0.91,0.35,-4.23,0.01,2.08,-0.05,1,0,0
0.32,2.46,-0.02,-2.83,-3.47,2.5,-1.18,2.35,-8.37,3.0,1.59,2.51,0.6,-4.05,3.96,1.28,1,0,0
-0.65,-2.67,-2.23,1.1,-0.74,1.33,3.66,-2.66,0.09,0.62,0.19,-2.02,2.31,-3.2,-1.99,1.01,1,0,0
0.59,0.2,1.26,-3.07,-1.06,2.7,-1.21,-1.19,1.66,1.59,0.99,-2.56,-2.64,2.32,-0.37,-5.29,1,0,0
-0.76,-0.69,-3.51,3.55,3.45,-0.52,-0.9,-3.68,2.33,-1.88,0.16,-1.6,0.63,1.29,1.85,-2.42,1,0,0
-2.98,-0.99,-0.84,1.28,-0.13,-2.17,2.04,1.15,-0.26,2.15,-0.99,-0.38,-0.04,-2.04,-0.71,-3.36,1,0,0
2.86,-0.28,-1.12,1.23,1.12,1.49,-0.54,-2.8,-0.04,-0.09,1.36,2.0,2.82,2.9,1.76,1.61,1,0,0
-0.28,-0.87,1.86,0.28,1.01,-2.43,-3.26,-0.01,2.24,1.23,1.03,2.62,-1.4,0.13,-0.1,0.31,1,0,0
-0.07,1.58,2.83,1.7,-3.22,-3.17,-1.03,2.06,0.3,0.45,-1.7,2.01,2.71,0.37,-2.93,5.34,1,0,0
1.87,-2.61,-2.45,2.01,-0.36,6.2,3.39,-4.89,3.06,-1.43,0.42,-6.86,2.52,2.41,-0.21,-2.34,1,0,0
2.28,-4.67,-1.14,-1.92,2.19,4.71,3.57,0.4,1.63,-0.09,-4.27,-0.95,-3.45,-0.3,0.94,0.07,1,0,0
-2.31,1.58,-0.4,6.34,1.61,-4.46,-2.52,-1.69,2.34,-3.3,-1.57,2.93,3.25,-0.2,-0.54,2.29,1,0,0
-0.36,-0.29,-3.21,3.99,5.45,-1.03,3.55,-1.18,2.41,-3.1,-2.16,-2.24,0.67,-0.16,4.04,-1.37,1,0,0
0.36,-0.26,-0.71,3.32,1.46,-1.2,-2.45,-2.55,0.29,-0.12,2.57,-1.62,3.8,-3.63,2.93,4.69,1,0,0
2.13,-2.81,-0.16,1.76,1.79,-0.01,1.53,0.57,-1.77,2.44,0.2,0.74,1.18,0.58,1.04,-2.8,1,0,0
0.21,2.11,1.29,-2.4,-3.31,0.58,2.86,0.01,-3.71,2.21,1.19,1.19,-0.27,-3.19,-0.56,1.01,1,0,0
0.41,-4.26,-1.43,-1.55,2.63,2.76,-3.86,-0.17,2.54,3.24,0.29,0.09,-0.75,-1.46,5.44,2.42,1,0,0
1.68,0.4,0.1,-0.58,-0.56,-0.34,2.64,0.37,-2.27,-0.44,0.64,0.93,1.17,-1.96,-0.55,3.7,1,0,0
-3.84,1.84,0.58,5.55,-4.35,-0.38,-4.76,-3.1,3.78,0.45,-0.92,-1.23,2.28,0.58,-2.16,-0.75,1,0,0
-1.98,1.99,0.06,-0.45,-2.08,-0.24,-2.54,-1.24,0.48,-1.78,-0.11,1.19,0.55,-0.47,-1.37,2.48,1,0,0
-2.47,1.87,1.8,-0.45,-1.25,-2.64,0.22,1.48,0.36,-0.57,-0.94,1.29,-0.55,-2.49,-1.28,1.57,1,0,0
-3.89,2.12,-0.11,0.5,-0.75,-2.44,-0.24,1.6,-2.86,2.64,-0.51,3.15,1.78,-5.25,2.71,0.02,1,0,0
0.94,-4.0,-0.39,-2.98,1.46,4.37,0.42,0.79,1.54,-0.36,0.24,-2.55,-1.25,1.49,1.87,-1.27,1,0,0
-0.89,1.87,0.45,0.64,-2.47,-1.76,0.85,-0.53,-0.46,0.4,-2.28,0.6,-0.74,-2.57,-2.8,2.1,1,0,0
0.27,0.31,4.0,-2.12,-0.23,-3.86,-2.59,1.46,2.98,1.92,1.63,0.41,-2.72,1.71,-2.07,0.29,1,0,0
1.23,-0.38,-0.53,0.58,2.99,-0.48,0.76,-1.96,2.17,-0.97,-0.25,-1.24,0.21,-0.32,1.03,0.21,1,0,0
-1.08,-1.09,-3.25,2.39,0.7,1.68,-0.85,-1.17,-1.18,1.84,-2.42,0.5,1.16,0.02,2.96,-2.37,1,0,0
-0.67,0.71,2.69,1.16,-0.68,-0.67,-2.33,-1.56,2.45,3.32,1.19,0.48,-0.54,0.79,0.44,-3.89,1,0,0
-4.88,0.94,-1.36,1.7,-0.88,-2.3,-1.95,3.05,-1.31,0.85,-3.1,-0.03,-0.8,-2.87,1.78,-1.32,1,0,0
-0.29,-2.71,0.25,-2.31,-0.17,1.32,0.43,-1.16,4.1,1.12,-0.12,-0.14,-1.68,0.74,-1.45,1.52,1,1,1
0.14,2.26,0.69,1.68,-0.08,-1.04,-5.22,1.41,-0.29,-0.13,-1.74,0.75,0.75,2.08,3.08,0.55,1,0,0
-0.06,0.22,1.49,0.62,3.58,-0.44,-4.28,-1.46,1.5,0.38,2.71,1.64,0.26,-0.99,4.63,-1.47,1,0,0
-2.02,1.02,-3.42,3.89,1.74,-2.6,1.62,-3.36,2.13,-4.34,-0.54,-1.45,4.04,0.46,-0.9,2.69,1,0,0
-1.51,-3.35,-0.41,-0.08,1.42,0.96,2.88,1.23,1.9,-2.05,-2.11,-2.37,-0.38,-0.03,-1.48,-1.95,1,0,0
2.64,-1.87,-0.04,-0.36,1.46,0.11,0.33,-2.44,0.99,1.62,3.15,-2.0,0.51,1.2,-0.01,-1.08,1,0,0
-3.09,1.0,-1.04,2.13,-2.15,-1.59,1.22,-1.3,2.09,-0.33,-2.34,-3.51,0.48,-1.03,-3.03,-0.82,1,0,0
-1.13,-0.37,0.62,3.55,-0.32,-2.03,0.37,-0.04,1.21,-0.21,-2.99,2.59,1.71,-2.9,-1.18,3.81,1,0,0
1.71,1.25,2.99,1.04,-0.57,-3.56,0.18,0.27,1.29,-1.52,-0.36,2.02,-0.33,4.84,-4.92,-1.25,1,0,0
-4.18,0.06,-1.46,-2.31,-2.11,1.84,-1.88,1.9,-2.31,0.34,-1.43,-0.69,-1.42,-3.15,1.06,-1.53,1,0,0
1.15,-1.44,-3.19,-2.92,2.3,0.45,6.66,2.08,-5.05,-0.77,-0.56,-0.23,-2.08,-2.04,1.62,-1.14,1,0,0
1.6,-1.46,-2.25,-3.83,1.79,1.59,1.57,3.37,-3.31,-2.65,-1.49,1.88,-1.15,1.6,2.16,2.66,1,0,0
0.63,0.68,3.35,3.47,1.33,-1.01,-2.88,-2.85,2.73,-2.77,3.24,3.02,3.34,1.1,-0.41,1.11,1,0,0
-1.3,2.13,-1.8,3.43,-1.35,1.32,-0.63,-5.26,2.08,-1.17,-0.18,1.04,3.83,-0.29,0.54,2.62,1,0,0
-0.31,0.54,-0.02,-1.53,0.23,-1.93,-1.95,1.13,-1.27,0.37,1.51,0.12,-1.77,-1.95,0.97,1.01,1,0,0
-5.79,2.18,2.21,-0.05,-4.37,1.01,-0.3,1.23,-0.56,1.76,-2.16,1.54,0.52,-5.01,0.52,-0.14,1,0,0
4.21,1.37,1.86,-0.12,-3.26,0.83,-2.11,-1.57,-3.99,3.47,1.63,2.21,1.26,0.74,-1.33,0.75,1,0,0
2.6,0.7,0.48,-3.62,0.39,0.1,2.77,-1.79,-0.78,0.81,2.76,-2.15,-2.6,1.18,-1.47,-2.81,1,0,0
0.68,-1.69,-3.6,-2.29,-1.07,6.0,1.97,-2.35,-3.56,1.85,2.7,-2.34,2.12,-1.97,3.22,-0.96,1,0,0
0.78,1.47,-0.13,-0.56,-0.13,0.85,-1.41,0.93,-5.74,-0.16,0.55,-0.26,-0.82,-4.93,2.88,0.02,1,0,0
-5.14,2.26,0.99,2.43,-1.64,-3.04,-1.21,1.36,0.53,0.42,-1.09,0.7,1.11,-3.92,0.3,-0.06,1,0,0
0.23,-1.41,1.6,-0.59,-1.96,3.0,-0.91,0.16,1.98,-2.43,-0.87,0.53,2.87,-0.4,-1.16,6.65,1,0,0
0.52,0.05,0.5,-0.48,0.77,0.77,-4.55,-1.85,-0.25,2.11,3.95,0.11,1.73,-0.53,3.76,0.24,1,0,0
-3.93,2.9,-0.61,0.61,-1.32,-3.55,-0.04,2.38,-2.56,-0.51,-1.62,1.52,1.4,-2.59,-0.18,0.42,1,0,0
1.49,1.03,0.1,0.22,1.39,-2.26,-2.41,-0.42,-2.25,1.05,3.06,1.73,0.86,0.59,1.84,-0.69,1,0,0
-1.76,-0.77,-0.52,-0.01,-0.66,-0.49,0.3,1.06,-0.46,-1.08,-1.16,-4.33,-1.21,-4.36,-0.69,1.66,1,0,0
3.04,-1.56,-0.72,1.63,1.85,-1.22,0.74,-3.88,2.85,-0.34,1.41,-2.51,1.12,2.38,-1.98,1.18,1,0,0
-2.21,0.01,-0.13,1.47,-0.38,0.99,1.44,1.19,2.2,-2.12,-3.36,-5.46,-2.3,-1.32,0.18,-2.14,1,0,0
-2.03,1.72,2.09,4.52,-2.24,-1.58,-1.05,1.99,0.05,1.23,-5.48,2.25,1.94,-0.45,-0.58,-0.91,1,0,0
1.92,1.06,2.48,-2.1,1.02,1.64,-1.85,-0.34,0.8,-1.61,0.96,3.06,-0.38,0.34,2.11,3.17,1,0,0
-1.27,4.53,-1.59,-1.36,1.37,-3.55,2.17,-1.71,-2.26,-2.55,2.74,-0.07,0.41,-1.61,0.56,-0.52,1,0,0
-0.92,2.08,2.2,0.03,0.09,-4.32,-2.29,0.84,1.36,-0.53,0.99,0.81,0.3,3.26,-2.04,-2.05,1,0,0
-1.81,0.99,-0.03,1.26,-2.3,-0.04,0.59,-0.08,-2.33,3.48,0.38,0.06,1.65,-3.38,1.35,-1.29,1,0,0
1.52,4.52,4.42,-0.9,-2.02,-4.83,-0.09,1.89,-3.05,-1.37,0.09,4.25,-0.83,-0.02,-4.3,1.24,1,0,0
-0.13,-1.25,-2.18,-1.09,1.4,2.37,0.04,1.12,-0.58,-1.62,-2.55,1.35,-1.27,-0.14,2.49,1.22,1,0,0
-3.87,2.05,2.97,2.9,-3.17,-0.82,-2.19,-0.54,2.05,1.2,-0.23,-3.36,2.97,-4.92,0.11,1.77,1,0,0
-0.47,-6.67,-2.14,-2.45,3.13,4.0,2.97,-1.47,5.06,-3.13,0.43,-4.0,-1.1,1.69,-0.85,0.23,1,0,0
1.6,-1.94,-0.93,-0.07,-1.34,1.2,2.33,2.29,-1.46,-1.26,-2.28,-3.86,-2.62,-0.43,-2.1,0.49,1,0,0
0.16,-3.47,-2.05,-0.89,-2.95,5.53,0.45,-0.6,-0.47,2.52,-0.55,-4.36,0.69,-1.43,0.62,0.68,1,0,0
-0.03,-1.4,-0.01,-2.05,1.83,-0.98,-0.79,0.98,2.21,1.43,-2.24,1.76,-2.68,-2.22,1.46,3.68,1,0,0
2.01,-0.71,-1.41,3.15,4.71,-3.65,-1.12,0.85,-0.06,-2.89,-2.2,0.88,-0.76,1.28,1.0,0.24,1,0,0
-0.23,1.77,2.42,-2.23,-2.37,1.72,0.22,1.06,-4.21,3.0,1.86,2.1,0.83,-5.25,3.16,1.96,1,1,1
0.88,-1.83,-2.2,1.94,2.15,1.87,-2.02,-2.64,2.06,-0.67,-1.0,-1.21,1.2,0.5,2.51,1.39,1,0,0
-0.49,-4.66,-3.15,3.5,5.12,-0.5,1.95,-3.38,6.86,0.02,-2.2,-3.44,-0.63,0.01,0.81,-1.02,1,0,0
-1.02,-0.85,1.35,0.06,-1.23,1.36,-0.78,1.64,1.16,0.12,-2.96,0.78,-0.84,-1.16,-0.21,1.42,1,0,0
-0.74,-0.1,2.27,-4.2,-1.49,3.46,-0.28,4.23,-0.45,-1.77,-2.3,0.28,-1.41,1.5,0.62,-0.35,1,0,0
-2.21,3.23,0.88,3.3,-0.79,-2.32,-1.86,1.39,-1.02,-1.73,-2.4,1.26,2.42,-0.97,1.25,1.68,1,0,0
-1.78,-2.6,-1.6,0.43,0.75,0.7,1.45,0.95,1.3,-2.39,-2.24,-0.21,-2.19,0.23,-1.29,-0.68,1,0,0
1.67,1.43,2.43,-1.68,-0.12,-2.46,0.09,3.21,-4.7,1.07,0.85,3.28,-1.61,-3.01,0.71,1.28,1,0,0
-0.62,2.47,0.54,-4.62,-4.53,1.62,4.05,1.26,-5.74,2.41,-0.58,-1.92,-2.77,-3.75,-2.24,-3.29,1,0,0
-0.29,0.71,2.97,-0.09,2.46,-4.62,1.01,3.38,0.28,-3.18,-1.87,3.93,-2.61,-0.48,-1.5,0.88,1,0,0
3.19,-0.0,2.01,2.42,3.59,-1.05,-0.94,-2.1,2.76,-4.68,0.62,1.28,2.34,3.4,-0.38,1.95,1,0,0
-2.96,1.51,-1.96,1.95,-0.22,2.12,-2.55,0.29,-0.46,-0.38,-0.83,-1.53,3.27,0.01,0.28,2.87,2,0,0
-1.93,0.63,2.22,0.41,-0.59,2.57,-0.99,0.14,-1.34,-0.41,2.24,0.94,1.58,-0.67,-2.34,4.37,2,0,0
-1.31,-3.96,3.9,0.99,2.19,0.53,0.91,1.12,-4.02,0.13,4.11,0.64,3.58,0.57,-2.23,9.89,2,0,0
1.31,-1.6,-1.09,-1.32,4.58,-3.67,-3.49,-3.89,0.37,3.25,0.03,1.1,3.53,2.85,-0.27,1.19,2,1,1
-0.54,-0.33,0.13,1.21,-3.24,3.58,-0.45,2.02,-1.23,-1.49,1.52,2.01,0.32,-0.21,3.2,-0.93,2,0,0
3.02,-1.08,0.28,-4.16,0.76,-3.16,-0.47,-2.65,-0.57,2.96,-2.55,2.52,0.76,5.15,2.79,-2.26,2,0,0
-0.94,0.14,-2.51,0.76,-1.32,-1.35,-0.44,-1.21,2.11,1.07,-1.73,-1.21,2.83,-3.35,0.5,-2.21,2,0,0
-0.08,2.24,1.23,-1.03,2.95,-0.09,-1.15,-4.17,-1.31,0.39,-0.62,-0.78,1.59,-1.11,-1.06,-0.15,2,0,0
-0.84,1.14,-1.67,-2.08,-0.37,0.3,1.78,-1.81,-3.3,1.79,-2.09,-1.69,-0.44,1.87,3.32,-3.93,2,0,0
2.48,-0.74,0.81,-2.91,1.14,-4.59,-0.71,-2.28,-1.1,2.69,-2.07,-2.79,2.6,0.98,-0.75,-2.93,2,0,0
-2.15,0.32,-2.59,2.28,0.72,-1.29,-2.64,0.11,2.06,2.49,0.68,-4.77,-2.67,-3.7,-1.09,-1.83,2,0,0
0.81,1.19,1.29,-1.66,-0.85,-4.66,0.69,1.14,-1.04,3.51,-2.46,-1.26,1.16,-0.16,0.68,-4.7,2,0,0
-1.15,2.42,0.66,4.27,-1.58,1.77,2.32,1.5,0.69,-1.64,2.68,-2.56,3.05,-5.49,-0.25,-0.02,2,0,0
5.22,-1.53,1.24,-6.41,0.74,-3.15,2.0,-3.6,-1.39,1.19,-0.37,3.86,2.4,0.05,0.71,-1.23,2,0,0
-1.11,2.09,-4.17,-1.66,-0.07,-0.96,1.75,4.82,-1.44,-2.23,-0.95,-0.76,1.53,0.02,-1.47,-1.21,2,0,0
-1.04,1.98,2.0,3.78,-2.24,0.84,-2.88,-1.43,4.49,-0.08,0.27,-0.87,0.94,-3.84,-0.85,-1.28,2,0,0
-2.26,3.01,-3.52,1.35,-0.39,1.56,-0.6,1.43,-0.59,-1.74,0.27,-0.14,2.2,-0.95,-0.69,1.16,2,0,0
3.67,-0.33,-0.81,-3.45,0.2,-2.55,-0.96,-1.74,-1.25,0.69,-1.5,0.18,0.24,2.45,1.09,-0.63,2,0,0
-0.36,-1.24,1.23,2.84,1.74,1.88,3.7,1.74,-0.83,-3.78,2.85,-0.15,0.59,0.69,-0.02,2.9,2,0,0
0.1,-0.51,0.76,1.41,1.28,1.27,5.87,1.43,-0.58,-4.07,-0.33,-1.25,-2.4,-0.26,0.49,-1.55,2,0,0
2.7,-3.84,1.72,-2.22,0.95,-2.38,0.16,1.74,0.79,-0.7,0.18,-1.36,-0.48,-4.25,-3.02,2.79,2,0,0
-2.44,-0.2,-2.76,1.12,-2.68,2.91,1.67,2.87,-1.02,-3.55,-2.84,3.96,0.84,3.72,3.69,0.0,2,0,0
1.98,0.31,-0.26,-3.78,-2.23,-3.32,0.07,1.24,-1.63,2.23,-0.85,1.15,3.0,2.33,0.7,-2.73,2,0,0
1.78,-1.55,0.09,-0.43,1.33,2.28,-2.07,-1.7,2.32,0.83,2.97,-0.15,-4.51,0.44,-1.64,-0.7,2,0,0
0.89,1.36,0.9,0.32,0.53,-2.28,3.37,2.79,1.86,-3.72,-1.92,0.41,0.76,-1.01,-0.61,2.15,2,0,0
0.84,-1.85,-0.01,-0.52,1.28,-0.27,4.33,4.07,0.98,-3.65,-1.22,-0.17,-3.73,0.62,-1.3,-3.81,2,0,0
0.4,-1.75,2.05,1.48,-2.79,0.66,-0.35,0.94,-0.62,3.03,2.83,-2.5,-1.31,-1.71,0.46,-2.72,2,0,0
-3.87,2.52,-0.38,1.75,-1.02,-0.05,-2.21,1.99,0.19,2.93,0.79,0.99,0.8,-0.96,-0.99,0.94,2,0,0
-0.48,-1.99,1.78,-0.11,-1.41,1.7,-2.49,-4.74,-3.04,2.59,1.54,-1.98,0.6,-0.98,1.42,-0.42,2,0,0
-4.0,3.93,-4.98,0.47,5.13,0.12,0.83,0.9,-0.86,-0.52,-2.7,-3.5,-1.5,1.4,-1.5,-2.33,2,0,0
-1.83,1.29,-4.84,-0.63,1.89,-0.87,-3.47,0.42,0.54,0.59,-1.57,0.01,1.53,3.01,-1.49,1.31,2,0,0
4.34,-0.11,-0.77,-2.29,1.4,-3.79,3.32,1.84,2.11,-3.02,-3.15,-0.83,-3.49,1.84,-1.74,-2.12,2,0,0
-1.88,-6.01,-0.64,0.15,3.32,-1.84,1.0,3.67,1.1,-2.25,-3.6,-0.96,-4.89,0.19,-2.48,4.47,2,1,1
-0.1,0.65,0.93,-2.07,3.77,-1.61,-1.89,-2.03,-1.32,1.83,0.22,0.79,-0.9,2.06,-3.25,1.11,2,0,0
2.06,3.35,-1.09,-0.84,1.68,0.31,-2.07,-4.01,0.18,1.15,2.57,1.07,2.63,0.69,-0.8,-0.17,2,0,0
-0.62,-2.22,1.01,-0.74,-2.04,2.06,2.27,0.44,-1.61,0.28,-0.48,2.61,-4.67,1.0,3.17,-5.28,2,0,0
2.85,-1.98,-2.59,-1.75,3.04,-1.43,-0.69,-1.3,1.52,-1.16,-0.3,0.14,-0.37,4.5,-1.75,-1.89,2,1,1
-2.83,0.85,-1.45,1.55,1.05,2.21,-7.58,-2.1,1.7,3.86,3.07,1.71,2.88,0.41,-0.71,3.79,2,0,0
0.49,3.11,-1.58,2.07,0.46,0.55,-2.96,-3.07,3.4,-0.27,-0.01,-2.71,4.16,-0.54,-0.6,1.34,2,0,0
1.57,-0.1,-2.61,0.18,-0.42,2.22,-1.82,-0.31,2.86,-1.78,0.88,1.65,0.1,2.62,1.18,-1.6,2,0,0
2.38,2.54,-4.06,-2.68,2.64,-0.3,-2.23,-4.15,1.21,0.22,-1.5,-2.75,-3.11,1.96,-0.9,-5.42,2,0,0
-0.71,-0.2,2.93,1.95,-2.52,0.52,0.18,-2.11,0.23,3.13,1.15,-0.62,1.37,-3.01,2.61,-3.53,2,0,0
-2.89,3.72,-3.28,2.45,-2.61,-0.22,1.07,5.27,2.94,-0.97,-2.8,-0.47,-2.32,-1.83,0.91,-6.04,2,0,0
-1.32,3.12,-0.38,2.01,0.26,-1.94,0.76,2.84,1.61,-2.4,-2.74,-0.4,-0.94,-0.81,-1.24,0.18,2,0,0
-0.74,4.77,-2.82,2.28,0.97,2.14,-1.35,1.87,2.1,-2.84,1.0,-1.85,0.85,2.19,-4.32,0.29,2,0,0
0.7,-0.39,-0.93,-0.75,-1.16,-0.15,0.27,1.7,-1.82,0.15,-0.45,0.1,-0.8,0.78,1.78,-0.67,2,0,0
4.83,-0.31,1.32,-2.47,4.76,-4.6,3.83,-1.48,-0.23,-3.6,-2.63,-0.79,1.1,4.11,-1.82,-0.09,2,0,0
-3.69,1.01,-1.37,3.28,0.04,-0.34,-2.19,0.79,3.0,1.79,-2.8,-0.2,-1.5,2.05,0.66,-2.36,2,0,0
-1.07,-1.46,-0.74,-1.16,1.14,-2.45,1.74,-0.09,0.6,-0.14,-3.45,2.67,-1.1,0.94,1.28,-2.64,2,0,0
0.4,-4.51,-0.03,-0.04,-0.78,-0.1,-2.16,1.44,-0.22,0.17,1.38,1.19,1.65,0.39,-0.81,4.27,2,1,1
3.27,-0.5,-0.46,-2.59,-1.48,-1.82,-4.32,-6.09,-2.67,6.93,1.67,-0.16,3.48,4.15,4.35,-3.93,2,0,0
1.59,-3.91,-1.68,-0.31,-2.27,3.09,1.01,4.03,0.43,-2.25,0.17,0.78,-4.34,0.78,1.45,-1.83,2,0,0
1.04,-3.66,-0.68,-3.39,-1.15,0.44,2.72,2.39,-3.36,-1.88,1.15,2.64,2.66,-0.93,1.09,3.85,2,0,0
-2.66,0.77,0.09,3.37,-0.23,0.48,-1.91,-0.71,1.97,1.55,-1.22,-3.88,-1.83,-1.12,-0.65,-2.5,2,0,0
3.65,-2.55,-0.3,-2.95,0.5,-3.33,-4.76,-2.13,1.21,4.39,0.61,4.37,0.92,6.55,0.1,-0.66,2,0,0
1.17,-0.7,-3.76,0.53,2.47,1.04,-5.03,-2.32,4.01,-0.2,0.46,1.57,-0.53,3.94,-0.16,-0.36,2,0,0
-3.1,2.42,-1.31,1.54,1.49,1.64,2.09,2.24,0.3,-1.13,-1.43,-1.55,-1.85,0.22,-0.19,-2.36,2,0,0
3.23,-3.03,0.99,-2.39,-1.08,-1.7,0.09,0.86,-0.46,0.75,-0.19,1.33,-2.98,-0.29,0.93,-0.27,2,0,0
-1.27,-2.46,0.01,-0.13,1.36,2.06,-3.44,-2.49,-1.41,1.7,2.38,-0.71,-0.13,-1.73,-1.34,2.51,2,0,0
0.35,-2.01,-0.33,0.47,-5.28,2.28,-1.58,0.11,1.75,0.84,1.27,0.52,0.94,-4.72,1.88,0.69,2,1,1
-1.51,1.4,1.03,1.06,-1.08,4.76,-3.35,-4.71,1.62,2.12,2.93,4.54,-1.15,-2.97,0.64,-0.69,2,0,0
3.32,-0.98,1.93,-2.77,0.7,-2.03,3.2,0.71,-1.4,-1.57,0.26,3.72,2.57,2.55,0.29,1.03,2,0,0
3.28,-4.49,-1.44,-3.36,0.69,-3.4,3.04,-0.46,-1.4,-0.04,-2.8,1.95,-1.02,3.09,3.43,-1.84,2,0,0
-0.17,0.72,-0.7,-1.38,3.46,1.77,-2.64,-5.66,-2.37,-0.21,1.41,0.07,2.09,0.33,-0.34,5.61,2,0,0
-1.12,2.84,-1.47,-0.45,-0.11,0.57,-0.2,-0.25,1.31,-3.02,-2.9,3.27,0.27,2.24,-1.56,0.62,2,0,0
-0.73,-0.43,-2.63,-3.75,0.33,0.68,1.81,2.18,-1.46,-3.0,-3.58,-0.52,0.12,-2.16,-1.82,-0.17,2,0,0
0.23,0.86,-0.98,-1.06,-0.02,0.46,-0.82,-2.32,-0.56,1.88,2.08,-0.24,1.18,-1.87,-1.48,-1.84,2,0,0
1.08,-0.15,-0.65,-0.85,2.36,-3.63,-0.17,-1.62,2.62,0.58,-2.01,0.24,-1.14,0.76,-1.6,-4.21,2,1,1
-0.51,2.25,3.09,1.16,0.43,-0.07,1.47,-1.02,5.51,-3.36,-1.87,5.17,0.57,-1.92,-1.85,-1.27,2,0,0
-1.38,-0.93,-3.46,4.73,2.52,-0.36,-4.72,1.8,5.32,-0.16,2.14,-4.17,-1.65,0.1,-6.21,2.24,2,0,0
0.15,-1.52,-0.09,-3.01,3.19,-2.04,0.14,-4.49,-0.42,3.27,0.1,-1.44,0.3,0.63,-2.08,-1.86,2,0,0
1.9,0.28,3.22,-0.46,0.64,0.21,-0.98,-5.05,-0.13,0.64,1.58,1.79,4.27,0.64,-0.13,2.68,2,0,0
0.39,-0.42,-1.32,-2.65,5.17,0.17,-0.33,-2.53,-2.09,-0.34,0.68,1.08,0.67,6.18,-1.28,1.08,2,0,0
4.82,-2.42,1.77,-5.7,0.06,-6.07,-0.1,-0.55,1.78,1.68,-1.64,3.85,2.9,-0.37,-1.58,-0.97,2,0,0
1.89,1.47,-0.77,-0.7,4.51,-3.83,1.58,0.28,2.61,-3.33,-1.43,2.27,3.67,-0.92,-2.69,1.96,2,0,0
-1.51,-1.77,0.77,2.36,0.5,0.52,1.54,-0.4,2.5,-2.74,-2.11,-0.73,-3.14,-2.96,-0.81,-0.34,2,1,1
-5.51,2.83,1.0,5.35,-2.87,6.88,0.05,2.88,-0.26,-3.49,0.74,2.4,1.18,0.05,1.75,-1.53,2,0,0
-0.12,-1.98,-0.73,-0.01,2.72,-1.14,-1.24,-1.12,1.44,1.28,0.12,-0.77,-2.42,-0.79,-1.53,1.22,2,0,0
-0.12,-1.03,-0.25,-1.49,2.0,-1.82,-3.95,0.35,1.71,1.74,0.43,-0.05,-0.94,0.41,-4.29,2.23,2,0,0
-1.65,2.29,-2.03,-2.35,1.66,0.18,-0.88,-1.57,-0.46,-1.02,-3.11,0.35,-0.48,-2.2,0.31,0.96,2,0,0
-0.68,-2.17,-0.69,-2.63,-1.62,-0.22,-3.87,-2.4,-1.96,5.35,0.12,-1.56,-0.26,-1.11,0.88,-2.2,2,0,0
-0.99,-0.41,-1.67,1.36,1.01,0.62,1.14,3.84,0.6,-1.59,2.56,-0.59,-0.75,-1.82,-2.65,4.15,2,0,0
0.46,-0.41,2.1,-0.72,4.31,-2.01,0.69,-3.67,-1.62,1.21,0.63,-1.54,-1.03,2.22,-2.19,0.83,2,0,0
0.07,-1.09,-0.43,0.66,-2.05,-1.05,-2.22,1.1,0.98,1.79,-0.82,-0.86,-0.74,-1.25,1.52,-0.66,2,0,0
-1.46,-2.44,0.11,-0.13,0.33,-0.43,-1.47,0.9,-0.35,0.34,-1.28,-0.18,0.88,-0.51,-1.6,3.61,2,0,0
0.78,-0.49,0.28,-2.87,2.84,-2.29,2.41,-1.6,1.55,-1.85,-5.47,2.94,-4.32,1.33,0.09,-3.98,2,0,0
0.47,2.28,-4.42,1.25,-0.05,4.77,-2.23,1.31,3.34,-2.46,1.34,-0.45,-1.43,1.03,-1.04,-2.45,2,0,0
-0.34,0.75,-2.3,0.9,-1.21,0.26,-3.07,0.21,2.82,0.26,0.13,1.52,0.44,-2.42,0.31,-0.25,2,0,0
-1.15,1.94,1.02,3.91,1.76,-0.52,-2.94,-0.62,1.84,2.18,3.39,-5.12,1.61,-0.77,-3.63,3.25,2,0,0
0.96,-1.98,-1.91,0.46,1.29,1.43,0.19,2.03,1.1,-3.27,-0.44,2.43,-1.25,5.22,0.96,1.85,2,0,0
-0.74,-2.69,-0.33,-1.11,0.47,-1.91,0.24,2.23,-1.57,1.49,-0.93,-2.72,-1.47,-2.45,-0.22,1.07,2,0,0
1.91,0.52,-2.01,-0.7,1.32,-4.4,0.23,-1.44,2.8,1.39,-2.08,-4.61,-0.46,-1.07,-1.82,-4.76,2,0,0
1.64,5.12,-2.45,0.25,0.85,1.09,-0.7,0.19,1.76,-3.42,-1.56,-1.26,0.93,3.1,-1.17,-0.03,2,0,0
-2.08,2.28,-1.51,1.1,0.16,3.52,0.06,0.31,0.47,-1.7,-0.0,-0.5,-1.58,-0.62,-0.11,-1.58,2,0,0
-2.28,-0.57,-1.75,4.91,-1.17,2.37,-1.34,3.53,3.55,-2.09,0.96,0.24,0.69,-0.04,0.76,3.52,2,0,0
2.68,-0.53,-0.52,-3.46,0.67,-4.88,2.25,-1.04,-1.18,-0.51,-3.79,0.86,0.26,1.16,0.92,-1.73,2,0,0
1.54,3.82,1.16,-1.35,1.42,-2.51,0.67,-4.27,-0.16,1.6,-0.69,0.11,1.46,1.05,-0.18,-0.9,2,0,0
-0.25,-0.94,-3.91,-2.98,1.05,-1.73,-1.79,0.01,0.16,1.39,-3.21,-1.61,-1.89,0.9,-1.53,-2.25,2,1,1
-5.52,3.07,3.73,4.07,2.9,-1.71,-0.28,0.62,-0.18,2.88,-0.49,-4.41,-1.3,-1.88,-2.54,2.14,2,0,0
0.84,0.4,2.78,1.04,-2.63,0.39,1.84,1.27,-0.62,-1.33,1.73,1.38,-0.08,-2.08,0.62,1.46,2,0,0
0.21,3.93,1.02,-0.08,0.13,-1.99,0.19,-1.9,-0.72,0.92,0.01,-1.6,5.93,-1.27,-0.71,-1.11,2,0,0
2.51,1.07,-4.04,-5.6,1.48,-1.09,4.39,-0.64,-2.28,-2.2,-3.21,-0.05,0.29,2.32,-0.01,-2.25,2,0,0
-0.95,2.07,-1.13,0.31,1.18,2.32,2.11,-0.07,1.54,-5.06,-4.46,-0.55,-2.15,0.79,0.38,-1.29,2,0,0
2.4,-2.78,2.21,-1.27,-3.07,0.96,0.89,-1.33,-2.78,1.26,2.38,2.81,2.05,1.88,3.35,-1.61,2,0,0
0.19,-1.95,0.18,-4.07,1.69,-1.29,4.07,0.57,-4.39,-0.79,-2.53,-0.9,-1.53,0.45,-0.31,0.71,2,1,1
-0.29,-1.02,0.48,-0.13,-1.15,2.51,0.14,0.42,0.56,-1.53,1.1,3.3,0.83,-0.62,1.79,0.48,2,0,0
1.39,4.28,0.54,-0.24,1.5,2.03,-3.91,-9.1,-1.16,2.33,2.75,2.19,7.41,2.8,2.65,-0.39,2,0,0
0.57,3.43,-1.22,-2.56,0.99,-0.69,-1.51,-5.61,-2.47,0.85,0.77,0.57,3.84,-1.4,0.77,0.87,2,0,0
2.62,-3.47,0.97,-2.94,-0.85,-0.27,0.11,-1.01,-2.36,0.68,1.29,2.27,0.84,1.62,-0.69,2.26,2,0,0
-1.55,3.5,-1.91,-0.15,-0.63,-2.07,3.21,3.66,0.6,-2.43,-6.13,2.32,-3.11,4.75,2.82,-6.58,2,0,0
-3.99,-3.18,-0.94,0.3,1.38,0.62,-3.49,1.84,-0.62,2.94,-0.33,0.51,-2.99,3.66,-2.1,2.58,2,0,0
3.88,-1.18,0.27,-2.23,-2.91,-1.93,1.81,0.34,-0.46,-1.29,-2.53,0.23,1.26,0.96,2.94,-1.63,2,0,0
-2.11,3.01,2.56,2.03,-2.15,1.24,-0.68,-0.17,-0.93,-0.48,0.39,0.55,3.71,-2.34,-0.42,2.02,2,0,0
-1.71,4.2,1.73,3.16,-1.77,1.79,-1.28,-0.69,1.12,3.39,3.67,-1.66,2.59,-2.2,-0.67,-1.26,2,0,0
5.6,-6.62,0.51,-5.36,5.5,-6.11,-5.34,-0.91,1.24,3.01,0.12,4.06,-1.41,7.85,-5.22,5.14,2,0,0
-1.88,-1.4,2.59,1.03,0.1,-1.36,0.95,1.37,-3.18,1.71,1.55,-0.6,1.15,2.02,-0.2,3.02,2,0,0
-2.4,-0.62,1.15,3.16,0.68,2.06,2.52,1.54,-0.87,-4.33,1.36,3.91,3.03,3.47,0.22,4.61,2,0,0
4.02,-2.55,-1.47,-3.92,2.37,-5.01,-3.02,-0.97,3.07,1.29,-3.63,-1.17,-1.35,0.61,-3.39,-1.78,2,0,0
-2.99,-0.17,3.39,1.46,-2.33,4.51,-2.99,-2.17,-4.3,2.82,3.78,-0.57,-0.3,-3.75,1.66,4.43,2,0,0
-1.46,-3.27,1.58,1.93,0.65,2.92,3.42,-0.5,-0.27,-1.9,2.51,-0.39,0.9,-4.28,0.46,5.21,2,0,0
-0.46,-1.62,0.69,-0.02,2.93,0.11,-4.56,-2.43,3.47,2.98,2.55,3.79,-0.64,2.02,-3.88,3.04,2,0,0
-0.09,-0.37,1.22,2.76,-0.35,0.94,3.2,3.33,0.98,-2.09,1.65,2.05,-2.1,3.7,-0.82,0.1,2,0,0
2.39,-1.26,0.23,-2.96,-0.63,-1.59,3.24,1.28,-0.7,-0.96,0.35,3.51,1.62,1.47,0.22,-3.7,2,0,0
-1.85,3.53,-0.61,3.45,1.13,-0.6,-3.1,2.17,4.36,0.29,1.09,-0.21,1.23,3.03,-3.92,1.96,2,0,0
-1.09,1.14,-3.13,-0.14,-0.08,1.13,3.82,3.1,1.06,-3.99,-3.97,1.84,-3.56,1.19,2.56,-5.87,2,0,0
-5.79,2.13,-0.54,5.19,-0.6,3.92,-0.89,0.32,0.83,-0.49,-0.76,-2.03,-0.61,-1.91,1.57,1.03,2,0,0
-1.12,-1.75,-2.1,-1.13,-2.59,-1.1,1.47,3.77,-0.43,-1.05,-4.21,2.25,-0.98,1.29,3.27,-1.75,2,0,0
0.89,-4.47,-1.04,-1.82,-0.96,-3.55,-3.96,-0.19,-1.51,5.49,-1.97,-5.49,-2.14,-0.42,0.77,-0.95,2,0,0
2.02,-1.64,1.71,-2.48,-2.6,0.45,1.24,-2.4,-4.35,1.64,1.08,-0.49,3.69,-0.85,3.41,-1.04,2,0,0
-1.16,2.97,1.33,2.11,0.92,3.05,-4.92,-3.65,-1.33,3.92,4.76,-4.31,1.78,-4.49,-0.66,1.33,2,0,0
-0.01,0.24,1.42,0.18,1.38,-2.18,-1.27,-3.11,3.28,1.85,0.12,-0.13,-0.9,-2.1,-3.73,-0.54,2,0,0
-1.39,-0.37,-1.8,-0.55,-1.57,3.85,0.15,1.53,-0.28,-0.78,-0.52,0.49,-3.91,1.09,0.98,-1.94,2,0,0
0.79,1.68,0.59,-3.29,2.53,-2.55,2.23,1.98,-3.03,-0.13,-1.22,1.38,1.42,3.91,-0.58,1.74,2,0,0
-2.15,2.15,-1.49,1.06,1.32,2.75,-1.65,-1.43,-1.32,-1.69,-2.26,-2.79,-0.76,2.27,1.31,-1.5,2,0,0
0.34,-0.45,1.53,0.48,1.95,-4.04,-0.11,-0.56,2.54,1.01,-0.27,-0.17,1.72,-0.16,-3.09,1.04,2,0,0
0.67,-1.03,-2.72,-2.04,5.96,0.22,1.27,-0.87,-0.83,-4.3,-1.72,-1.63,0.06,3.07,-1.81,1.44,2,0,0
-1.03,3.31,2.15,2.78,-0.29,1.02,3.82,1.52,2.78,-4.51,-1.43,3.43,0.55,-2.04,-0.79,-0.71,2,0,0
1.2,-2.0,-0.73,-1.95,-1.32,0.53,1.76,1.78,0.69,-1.62,-0.63,0.09,-0.6,-2.25,-1.33,-2.77,2,0,0
2.24,0.1,-0.52,-2.54,0.2,0.7,2.56,0.38,0.9,-1.28,0.56,6.12,1.91,2.66,2.78,-1.01,2,0,0
1.57,-1.39,-2.85,-4.98,2.82,-3.68,-0.8,1.84,-2.33,0.41,-1.78,-1.58,-2.4,1.09,-4.26,-1.71,2,0,0
0.02,3.64,-4.28,-2.17,2.33,-3.43,-5.16,-1.37,1.98,2.21,-5.16,-5.01,-3.53,1.51,-2.44,-6.66,2,0,0
2.55,1.9,0.11,-0.94,0.57,-0.21,0.89,0.74,0.37,-2.6,2.14,4.35,2.4,2.54,-0.15,2.79,2,0,0
1.37,1.65,2.91,0.58,-0.22,1.64,0.2,-3.86,-2.54,1.88,3.59,-2.03,1.91,-1.37,2.08,-1.2,2,0,0
1.03,-1.63,-2.0,-1.17,-3.05,1.0,-1.27,1.3,0.77,2.63,-0.88,0.39,-3.07,1.32,3.62,-2.51,2,0,0
4.09,-2.58,-0.01,-2.74,0.56,-2.63,5.1,2.32,0.06,-3.25,-2.13,-2.16,-0.77,-1.34,-0.36,-1.18,2,0,0
-1.82,1.76,3.76,4.35,0.16,3.83,-2.14,-5.44,1.75,1.56,4.68,0.45,1.23,-1.8,-0.54,1.84,2,0,0
0.09,-0.5,3.11,1.06,-1.11,2.28,3.0,-0.54,-0.42,-0.17,3.19,3.13,-0.6,-1.02,1.68,0.47,2,1,1
-0.04,-2.67,-1.04,-0.11,4.0,-4.86,1.55,2.89,-0.55,-1.98,-3.81,-3.48,0.45,3.87,-2.29,2.63,2,0,0
4.52,-5.83,1.7,-4.66,2.6,-3.53,7.59,0.97,-2.67,-1.53,-1.91,-0.19,-3.02,0.93,-0.59,-0.25,2,0,0
0.92,-1.23,1.21,-0.71,-3.2,0.44,1.73,0.53,-0.51,-1.69,-0.97,2.41,-2.19,-0.76,1.05,0.57,2,0,0
-3.18,-1.27,-0.13,1.28,0.61,3.65,1.15,-0.2,-3.03,-2.12,-0.3,-1.97,-1.85,-0.73,0.39,-0.13,2,0,0
2.96,-0.54,-0.38,-3.03,0.41,-0.62,-0.96,-1.25,-0.58,1.4,0.85,0.27,0.51,4.03,-0.47,0.04,2,0,0
1.05,0.75,-0.63,1.88,-5.48,2.49,0.15,5.03,0.18,-2.06,2.54,-1.05,1.36,-1.28,1.01,0.29,2,0,0
-1.7,-0.29,0.79,2.2,-4.32,2.3,0.06,1.68,2.7,-1.99,-1.88,5.31,-2.33,-0.46,3.51,-0.6,2,0,0
3.48,1.19,0.26,-1.0,1.35,-3.42,-0.83,-0.17,5.27,-1.74,-1.99,0.07,-0.91,-0.74,-3.48,-1.94,2,0,0
0.11,-2.5,0.23,-0.78,2.2,0.58,2.32,2.96,-1.01,-1.8,0.87,-1.41,-4.57,1.87,-3.22,-0.23,2,0,0
0.0,1.92,0.33,0.22,-1.28,-0.31,0.48,0.87,1.71,-0.0,1.2,1.21,0.64,-3.58,-1.05,0.22,2,0,0
0.14,1.73,0.65,-0.28,3.28,-2.55,-0.02,0.65,2.24,-2.37,-1.54,0.51,1.73,3.57,-3.74,2.64,2,0,0
3.64,-1.64,-0.3,-4.44,4.11,-4.53,2.55,0.96,-0.85,-0.47,-2.92,-3.59,-0.71,1.01,-1.45,1.01,2,0,0
3.06,-0.78,-0.06,0.44,0.23,-0.93,0.38,0.79,-0.51,-0.55,2.93,-2.77,2.05,0.8,-2.89,0.47,2,0,0
0.05,-3.47,4.1,1.76,-3.82,-1.85,-4.01,-0.81,-0.98,6.04,3.29,-6.66,3.54,-3.9,-0.56,0.86,2,0,0
-3.75,1.78,1.67,3.92,-1.44,0.55,-0.27,2.53,0.75,0.92,-0.43,-0.23,-1.97,-2.46,0.25,2.1,2,0,0
-0.13,-0.82,-2.92,-0.37,2.81,-2.44,-5.26,-1.22,-0.31,5.23,0.29,-4.87,-3.34,0.26,-0.36,-0.08,2,0,0
2.99,0.82,-0.85,-1.68,1.4,-2.23,-0.35,-0.37,3.5,-1.81,-0.99,7.51,1.75,6.96,0.59,-0.65,2,0,0
-3.26,2.06,-4.47,0.87,3.52,3.68,1.63,0.67,1.42,-5.38,-3.53,1.34,-2.28,2.35,1.21,-2.24,2,0,0
-0.44,0.11,2.09,0.17,-1.4,3.3,1.8,-0.2,-0.16,0.14,1.01,2.88,-3.71,-0.07,1.03,-0.81,2,0,0
-3.04,-0.66,5.6,5.45,-6.3,3.24,-0.3,1.1,2.08,1.22,3.75,3.01,1.04,-5.65,0.38,3.24,2,0,0
1.11,-2.24,-3.64,-3.0,1.49,-3.13,-6.44,-0.23,0.84,5.94,2.25,0.79,-1.61,1.18,-2.48,0.56,2,0,0
-2.43,-1.35,1.84,2.47,-0.44,1.25,-0.24,0.33,-3.89,1.94,1.22,-3.1,0.86,1.39,2.13,2.68,2,0,0
-1.7,0.2,-1.83,-0.47,-0.65,1.4,1.16,-0.51,-2.74,0.09,-0.63,-0.46,1.03,-0.06,2.6,-1.38,2,0,0
3.34,0.03,-1.07,-1.49,0.37,0.72,2.66,0.38,0.59,-2.15,-0.44,-0.16,-1.48,2.2,1.08,-3.19,2,0,0
-4.1,2.12,0.35,3.68,2.72,-0.85,-8.6,-2.98,1.53,5.18,2.52,-3.45,1.24,-2.99,-4.47,4.75,2,0,0
0.27,-0.82,-6.03,-1.3,1.58,0.73,-2.45,3.64,3.0,-1.74,-0.69,-0.71,-3.47,2.0,-3.62,-2.8,2,0,0
-1.95,6.52,-2.23,1.95,0.35,1.82,-1.92,-4.56,0.34,1.14,0.91,-2.78,1.59,-2.57,0.83,-1.72,2,0,0
-3.79,-2.07,2.82,2.61,-0.68,0.8,1.27,0.98,-0.24,1.2,0.64,0.58,-3.82,-1.54,-0.4,2.37,2,0,0
2.79,-2.42,-1.24,-1.05,2.41,0.85,0.27,-2.07,0.36,-1.77,-0.82,-0.61,-0.78,2.46,0.02,-0.04,2,0,0
3.08,-0.46,1.03,-4.46,0.54,-2.05,2.94,-0.43,-2.52,-0.12,-0.56,3.16,-0.16,2.99,0.54,-0.97,2,0,0
0.95,1.86,0.11,-2.75,2.53,-2.24,-2.23,-1.93,-0.73,3.13,1.87,-1.65,-0.48,0.02,-4.59,1.28,2,0,0
4.11,-3.69,4.34,-2.92,-2.14,-1.19,4.98,-0.19,-2.51,1.17,1.47,-0.04,-2.8,-2.83,1.52,-2.15,2,0,0
1.83,-0.69,0.61,1.11,2.57,-5.09,0.46,-0.34,1.91,0.69,-1.38,-5.69,-0.34,1.58,-2.3,0.25,2,0,0
1.49,-2.38,-2.04,-2.41,-0.84,1.94,3.2,1.53,-3.24,-1.52,-2.02,-2.12,-3.48,2.01,3.13,-4.19,2,0,0
-0.76,-1.88,1.0,-0.72,0.09,-2.29,2.9,-0.66,-1.25,1.31,-1.47,1.17,0.41,-2.5,1.66,0.05,2,1,1
-3.47,-1.4,-4.36,2.19,0.58,4.97,-1.35,-0.27,0.45,-1.39,-0.1,-2.47,-2.14,1.12,0.37,-3.0,2,0,0
-2.16,1.78,-1.42,2.17,1.38,0.01,0.01,0.76,1.51,-0.7,-0.91,-1.04,-0.9,0.85,-0.49,-1.24,2,0,0
-0.98,1.36,-2.44,-0.57,-1.78,0.88,-1.26,3.87,0.47,-1.26,-1.87,3.32,-2.84,3.63,0.65,-0.75,2,0,0
-0.93,0.89,-0.52,0.13,0.95,0.09,1.6,0.51,-2.55,-1.35,-2.32,-2.85,1.11,2.77,-0.0,1.01,2,0,0
0.47,-2.44,0.24,3.78,-1.95,3.71,-4.07,2.92,4.47,0.09,2.33,-1.26,-3.28,-0.29,0.35,1.98,2,0,0
1.84,-2.98,3.49,1.95,-4.28,-1.26,5.77,4.81,2.78,-3.84,0.22,3.41,0.92,-4.89,0.77,0.67,2,0,0
-3.87,2.7,3.0,6.76,-0.99,4.52,-1.94,-3.02,0.44,2.18,3.34,-1.32,0.88,1.55,2.32,-3.09,2,0,0
0.49,1.13,2.24,0.82,-0.21,0.42,1.13,2.73,-0.75,0.36,3.18,-0.51,0.88,1.03,-2.01,2.15,2,0,0
3.26,-3.08,-2.55,-2.51,2.13,-1.93,-4.52,0.14,-2.16,3.09,4.0,-2.37,0.18,4.39,-2.84,4.6,2,0,0
2.39,-4.53,0.77,-3.13,2.07,-2.46,2.2,2.42,0.69,1.14,0.7,-1.13,-2.29,-0.58,-3.54,-0.12,2,0,0
2.43,-0.66,-1.08,-2.91,-0.49,-3.13,0.51,0.56,1.59,-0.42,-1.86,4.93,-2.39,2.02,0.14,-1.32,2,0,0
-2.3,4.98,1.4,3.8,-4.77,4.66,-0.53,-0.64,1.31,0.4,3.61,2.34,1.27,-5.0,2.88,-1.45,2,0,0
0.6,2.92,-2.92,0.97,4.06,-2.71,-3.25,-1.66,4.72,-1.06,-2.31,-1.06,2.63,2.87,-2.06,-0.7,2,0,0
0.25,-0.34,-3.87,-3.15,1.27,-2.27,-0.4,1.43,-2.87,-0.57,-3.56,-3.7,0.6,3.09,0.16,-0.38,2,0,0
2.52,-0.05,0.06,-2.25,-1.13,0.99,0.24,-2.12,-1.78,0.63,0.62,-2.42,2.46,-3.82,1.68,-0.92,2,0,0
-0.39,4.19,-3.35,-1.09,-1.06,-2.69,1.93,-0.84,-0.52,-0.46,-4.33,-3.77,3.0,-1.78,0.96,-4.65,2,0,0
-3.0,3.02,4.1,5.73,-2.88,0.54,-4.11,-0.73,1.2,4.56,3.63,-1.4,3.32,-2.44,0.37,3.82,2,0,0
-2.92,1.73,-1.59,4.15,-5.31,5.88,-1.02,3.21,3.91,-1.69,0.56,3.43,-0.91,-3.51,3.25,0.33,2,0,0
2.08,-2.2,-1.79,-1.28,-0.59,-1.06,-1.29,2.83,3.05,2.18,0.31,0.77,-4.47,-2.0,0.11,-2.25,2,0,0
1.53,-0.04,-3.32,-2.72,3.74,-0.22,-6.09,0.11,1.96,0.11,0.54,1.4,-1.94,4.56,-4.01,-0.94,2,0,0
-3.14,1.17,-3.53,0.03,3.01,-1.16,-2.09,-0.55,0.67,-0.1,-3.69,-0.95,-1.66,2.55,-0.62,-3.24,2,0,0
-3.36,-0.38,1.16,4.26,1.59,0.07,-3.01,0.84,0.73,1.75,1.09,-4.42,-0.0,-0.99,-1.8,0.96,2,0,0
-1.36,0.29,-3.21,-0.27,2.53,1.61,2.01,0.5,-0.34,-4.27,-3.13,-0.21,-0.61,1.09,1.11,-0.01,2,0,0
-0.49,-2.02,-0.78,-4.42,5.37,-1.82,3.06,1.22,-3.53,-2.13,-3.45,-0.02,-4.07,5.43,-0.91,1.52,2,0,0
4.73,-0.44,-1.6,-4.33,1.44,0.64,-1.38,-2.41,-0.48,2.28,1.82,-0.19,-3.1,3.44,-1.43,-4.8,2,0,0
-2.5,2.05,-0.32,2.54,-2.23,1.39,3.33,0.21,-0.98,-0.45,-1.41,-2.29,-0.84,-2.37,2.57,-2.52,2,0,0
-0.41,1.57,1.69,-2.94,-1.33,-1.26,5.07,0.21,-5.06,-1.57,-2.35,5.11,2.63,4.27,3.61,-1.4,2,0,0
-1.29,-2.27,1.89,2.15,-2.91,3.74,5.88,2.91,-3.12,-2.69,1.38,-1.51,-1.54,-3.81,2.93,-2.26,2,0,0
-3.04,1.74,3.74,4.11,-1.35,2.55,-0.4,-2.75,-1.97,-0.82,1.78,0.19,5.05,-1.52,1.12,3.34,2,0,0
1.16,5.38,-2.92,-2.64,2.46,-3.26,3.61,2.6,1.57,-5.33,-4.65,1.1,0.94,1.93,-2.3,-1.34,2,0,0
-0.65,-2.64,-1.56,-0.15,2.7,1.02,1.93,1.2,1.79,-4.33,-1.64,2.21,-2.33,-0.49,-1.81,3.17,2,0,0
-2.99,2.89,1.28,3.62,0.56,1.71,-1.12,-2.54,0.78,-0.32,0.26,-0.53,4.21,-1.11,1.02,1.73,2,0,0
-0.64,1.1,-0.68,2.47,-0.2,1.02,-2.01,-1.06,-0.18,1.92,0.33,-4.07,1.16,1.54,2.37,-3.56,2,0,0
-5.14,-1.22,-0.68,6.54,1.53,3.58,-0.26,6.54,4.12,-4.42,1.08,0.18,-3.15,-1.86,-2.1,7.16,2,0,0
-0.55,1.3,0.54,-1.21,4.6,-3.25,-1.57,-3.23,-0.39,2.47,0.88,-1.45,3.49,-0.45,-2.9,2.98,2,0,0
-3.92,4.64,-0.78,2.59,1.19,3.21,-2.49,-4.65,2.67,-0.82,-0.97,3.34,-1.36,0.73,0.37,-1.81,2,0,0
2.85,-2.55,1.27,0.79,-2.33,-0.19,3.99,3.59,0.81,-2.58,-0.33,2.01,-5.09,0.64,2.29,-3.46,2,0,0
-3.86,3.28,-1.82,3.84,-4.6,0.93,0.34,2.24,-1.25,0.96,1.3,-2.21,3.24,-4.4,3.56,0.43,2,0,0
-2.03,2.65,1.0,0.72,1.32,-0.48,2.84,1.96,1.28,-1.5,-2.26,0.7,-2.75,-0.15,-0.88,-2.3,2,0,0
-1.1,-1.82,0.56,2.87,0.02,-0.82,-1.29,1.66,1.77,0.76,3.83,-1.86,2.09,-2.13,-4.14,4.27,2,0,0
5.07,-0.13,-0.87,-4.27,1.27,-1.26,-2.12,-3.41,0.02,3.2,1.31,0.88,0.12,2.91,1.64,-3.67,2,0,0
-1.36,2.28,-2.85,1.09,0.74,0.77,-6.43,-4.05,3.42,2.35,-1.0,-0.86,0.98,0.73,-1.51,-0.66,2,0,0
0.34,-2.15,-2.15,-0.45,-3.73,0.9,-0.88,5.69,2.69,-2.57,-2.29,3.69,-2.85,1.51,2.13,0.36,2,0,0
-1.88,-1.42,1.09,2.64,-0.09,0.26,1.78,4.4,2.87,-3.7,-0.78,0.37,-1.94,-2.68,-2.98,1.18,2,0,0
-2.82,0.01,-1.64,2.28,-0.71,-1.8,-2.11,1.87,4.07,0.72,-2.35,0.13,-0.15,-2.4,-0.2,-1.67,2,1,1
-4.16,-0.26,-0.17,1.76,-0.68,1.61,0.37,4.8,-2.72,0.94,0.38,0.44,-0.06,0.06,1.17,3.43,2,0,0
0.1,0.61,0.65,-1.48,2.99,-2.56,-0.82,-0.62,1.19,0.39,-2.34,-0.46,0.28,0.68,-4.21,3.19,2,0,0
1.47,-3.58,0.11,-0.16,-1.09,3.06,2.57,5.74,-0.05,-4.86,-0.22,1.77,-1.72,1.79,-0.14,1.92,2,0,0
