@relation SyntheticData-N_600-D_16-Nmin_100-Zmin_16-CL_1_1-R_0
@attribute X0 real [-13.09, 7.09]
@attribute X1 real [-5.73, 6.33]
@attribute X2 real [-6.84, 7.15]
@attribute X3 real [-6.52, 7.17]
@attribute X4 real [-6.08, 5.05]
@attribute X5 real [-6.61, 7.90]
@attribute X6 real [-7.69, 6.49]
@attribute X7 real [-8.51, 8.04]
@attribute X8 real [-6.42, 7.70]
@attribute X9 real [-6.23, 7.43]
@attribute X10 real [-6.07, 6.39]
@attribute X11 real [-8.11, 7.08]
@attribute X12 real [-5.90, 5.64]
@attribute X13 real [-6.15, 7.84]
@attribute X14 real [-8.94, 11.68]
@attribute X15 real [-7.86, 5.95]
@attribute cluster_idx {0,1}
@attribute is_noise {0,1}
@attribute Class {0,1}
@inputs X0,X1,X2,X3,X4,X5,X6,X7,X8,X9,X10,X11,X12,X13,X14,X15,cluster_idx,is_noise
@output Class
@data
0.83,4.95,-0.98,-1.62,0.98,-1.32,-0.3,1.62,-0.49,-1.98,0.93,1.09,0.07,0.92,2.54,-0.14,0,0,1
0.28,2.89,0.22,1.06,3.76,-1.28,-0.75,3.33,-1.21,-1.16,-2.81,-1.54,2.73,5.63,-2.6,-0.31,0,0,1
-1.15,-1.43,2.93,-3.86,-2.57,-2.21,-0.25,2.94,1.4,4.54,-1.66,-2.78,-2.01,-2.26,2.35,0.28,0,0,1
-2.46,3.88,1.11,3.36,2.78,-1.58,-1.33,2.53,0.48,2.44,-2.1,-1.9,1.93,0.76,-3.22,1.57,0,0,1
-3.06,1.29,5.39,-3.82,-2.25,1.01,-4.49,-0.09,5.87,1.19,0.33,0.66,1.4,-4.31,5.67,4.13,0,0,1
-3.67,-1.31,3.07,-3.23,-3.11,-5.43,-2.84,-0.16,2.1,-0.73,-5.72,-2.61,-1.59,1.89,-0.9,-2.87,0,0,1
0.15,-0.36,-4.18,1.27,-1.59,-2.85,-2.16,0.36,-1.65,3.34,4.04,-0.98,-0.08,-2.7,-3.87,1.61,0,0,1
-3.02,3.52,0.35,-3.87,-2.61,-3.47,-4.62,4.78,0.47,-0.76,-1.47,-4.2,0.01,-0.19,-0.65,2.33,0,0,1
-0.0,2.67,-2.16,1.36,1.52,1.0,4.15,-0.48,0.45,-1.89,-0.43,1.72,1.06,-0.13,3.53,2.99,0,0,1
-2.51,0.91,-1.4,0.85,0.21,-5.42,-2.01,0.33,-3.9,0.92,0.06,-2.14,-2.08,-0.08,-0.92,-4.82,0,0,1
3.35,0.37,-1.06,0.46,3.38,-0.93,-1.76,1.44,-2.14,-1.46,-2.32,-1.69,-0.46,-0.71,5.36,-0.12,0,0,1
-0.53,3.7,-2.71,1.56,1.78,-1.32,0.26,-0.24,-4.67,-3.08,1.88,0.99,3.33,1.57,8.13,-1.22,0,0,1
-2.46,0.25,1.12,-0.94,-5.08,-1.69,-3.56,-0.15,0.08,-1.93,0.5,0.5,4.0,2.41,0.13,-1.11,0,0,1
-0.22,-1.59,3.18,-1.15,-0.71,-1.81,2.29,-2.55,0.28,1.0,-1.61,1.82,-1.73,0.11,2.22,-4.08,0,0,1
-3.12,-1.15,-4.59,-5.66,-2.78,-1.46,-1.13,0.6,-4.49,-0.74,1.29,-4.92,-2.35,0.67,0.32,0.97,0,0,1
4.13,-1.14,-3.22,1.12,4.2,0.86,-2.02,-2.01,-1.52,-1.34,1.19,1.38,-3.07,-2.44,3.73,-1.61,0,0,1
-0.27,-0.16,-1.77,0.87,1.64,0.85,-1.61,1.98,-2.79,1.07,0.72,-1.99,1.05,2.6,-2.17,-0.57,0,0,1
-4.17,1.96,-0.14,-2.56,-0.66,-1.23,-3.05,0.48,-3.36,0.87,2.66,-1.79,1.97,0.13,5.92,-0.38,0,0,1
3.25,2.95,0.99,2.57,3.45,5.23,6.39,-2.3,-0.06,1.56,3.96,5.97,3.51,-0.3,5.54,2.36,0,0,1
-1.81,1.38,-1.95,-4.82,0.06,0.1,-0.4,3.03,-2.05,-1.33,-1.99,-4.18,-2.4,2.94,-2.04,-1.39,0,0,1
-3.77,2.96,3.44,0.01,-0.02,-3.71,-0.45,-0.25,3.39,-0.21,-3.56,1.1,1.52,2.36,2.05,-0.39,0,0,1
-2.66,0.25,-0.02,3.8,-2.19,-4.43,-1.11,-0.57,0.29,-0.6,-2.63,-0.01,2.24,5.08,-5.27,-1.9,0,0,1
4.38,0.3,1.49,0.74,4.11,0.18,-0.09,1.56,2.55,2.71,-2.42,0.59,-1.78,-0.96,-1.43,-0.4,0,0,1
-0.81,1.07,0.02,1.97,0.42,0.33,1.29,-2.97,3.89,-3.74,-2.21,4.07,1.23,2.42,1.1,-0.65,0,0,1
-0.11,0.9,-1.3,0.48,-1.31,-1.16,-2.79,-1.79,-0.36,-2.42,2.28,2.54,0.88,1.46,-0.56,-1.58,0,0,1
-0.33,-1.98,-1.49,1.62,-1.86,-0.74,1.71,0.34,0.72,3.41,-1.66,-1.81,-1.93,-3.0,-3.56,0.27,0,0,1
1.25,0.2,0.39,-0.98,0.55,-1.06,-1.47,0.11,1.68,-1.27,-1.91,0.54,0.31,2.66,-2.2,-0.47,0,0,1
0.72,1.62,-1.15,0.19,1.01,-3.58,-0.15,-3.25,-2.35,-4.47,-0.33,3.09,-0.27,3.12,4.26,-5.17,0,0,1
3.73,-3.53,-2.87,1.16,-1.62,0.9,-4.54,-2.52,-2.01,-1.71,2.69,1.99,-1.06,-2.45,1.93,-3.68,0,0,1
0.07,0.79,0.04,-0.43,0.18,1.23,-2.0,-1.98,-0.77,1.53,4.51,3.03,0.57,-0.3,3.17,-0.9,0,0,1
-0.43,-1.29,2.48,3.48,-1.18,-3.01,0.88,1.08,0.89,1.94,-3.92,-0.75,1.72,1.38,-3.76,-2.39,0,0,1
-3.04,3.54,-0.41,1.24,2.58,-2.59,2.66,4.01,-2.91,1.43,-4.73,-5.1,0.63,-1.04,4.19,1.45,0,0,1
4.27,-0.33,-1.12,0.87,2.97,0.17,3.12,0.3,0.05,-0.13,-2.21,1.43,-0.17,1.93,2.22,0.08,0,0,1
6.17,0.27,-2.38,-1.72,-1.44,0.77,-1.48,0.03,4.22,-1.67,0.43,2.34,-4.21,-4.55,-1.4,2.02,0,0,1
-0.6,2.24,0.11,1.73,1.16,1.68,2.12,-0.21,0.7,-1.42,-2.07,1.62,2.2,2.84,0.88,-0.54,0,0,1
-3.75,4.91,-1.27,1.86,-3.89,-4.87,2.72,-0.63,-5.51,-3.86,3.76,3.02,5.64,5.52,1.36,-4.66,0,0,1
0.43,-0.17,0.11,-0.34,-2.35,-0.78,-2.94,-1.52,0.52,-2.0,1.71,2.06,1.7,-0.24,0.48,-1.54,0,0,1
-4.15,1.25,-0.91,-1.41,-4.48,-2.15,-5.45,3.99,-0.92,2.01,0.89,-4.03,2.62,2.96,-5.49,1.61,0,0,1
0.56,-0.25,0.33,0.82,1.69,-2.46,-3.17,-1.4,-2.6,-0.95,0.53,0.88,0.21,1.56,2.4,-3.55,0,0,1
1.0,0.37,-1.63,-3.07,-3.8,-2.46,1.02,1.54,-3.65,-2.42,3.32,0.29,1.08,1.62,1.48,-0.3,0,0,1
0.4,-2.11,-2.52,0.18,-1.11,-1.31,-4.68,-1.53,-2.77,1.18,3.49,-0.51,-0.8,-2.44,0.59,-2.28,0,0,1
-2.03,0.78,-1.57,2.38,1.84,-1.71,-3.69,-1.71,-3.74,0.79,2.95,0.7,0.95,1.97,-0.84,-5.07,0,0,1
-1.55,-1.51,1.04,-0.92,-3.01,-4.06,-3.21,0.12,1.18,-0.25,0.06,-0.59,0.14,-0.94,-0.21,0.33,0,0,1
1.92,-5.24,-0.1,1.94,-0.23,0.6,0.81,-2.81,1.58,3.97,-0.6,1.6,0.27,-0.49,-0.5,-0.79,0,0,1
-4.91,1.42,-2.13,1.23,-4.43,-3.69,1.26,-0.1,-1.96,1.69,0.11,-1.03,0.53,2.73,-5.23,-2.73,0,0,1
-0.78,1.78,3.15,-3.65,-1.78,0.84,-3.73,0.16,2.51,-2.49,2.63,2.82,3.09,1.55,4.28,0.82,0,0,1
0.4,3.03,0.48,-0.7,-0.97,-1.03,1.92,-2.35,1.27,-1.46,2.06,4.3,-0.37,-3.35,6.94,-0.9,0,0,1
-1.43,-2.5,-4.2,4.67,0.29,1.48,6.49,-1.05,-1.45,3.89,-2.9,-2.53,-0.63,-2.43,-1.32,3.0,0,0,1
-1.39,0.28,-2.29,-0.87,-3.01,-2.16,0.66,-3.21,1.82,0.16,-1.95,0.03,-2.2,-2.88,-0.22,-0.02,0,0,1
-1.43,-2.8,-2.24,0.02,-0.01,1.59,-0.24,0.91,-4.06,3.19,-0.34,-3.96,0.35,-0.18,2.51,0.21,0,0,1
-0.64,4.12,2.18,-0.41,4.22,0.83,-1.43,2.88,2.37,1.54,-0.81,0.22,2.77,4.42,-0.43,3.76,0,0,1
1.1,1.57,-2.53,-1.23,-0.44,-0.23,-2.08,1.96,-0.18,-2.21,-0.63,-1.08,-0.33,-0.36,1.92,1.41,0,0,1
-0.15,0.19,-0.43,0.91,1.66,2.27,0.15,2.25,-1.71,0.85,-0.26,-1.0,2.53,3.63,-0.34,1.04,0,0,1
0.27,2.56,-3.81,-0.18,2.04,-0.83,-2.52,1.9,-1.23,-2.23,-1.83,-2.68,-1.73,1.25,-3.6,-0.5,0,0,1
0.3,1.48,-1.9,-1.28,-0.88,-0.93,-7.69,3.63,-1.16,-2.84,3.39,-1.15,1.26,0.99,-1.39,1.08,0,0,1
1.11,-1.26,-0.23,-0.4,0.2,-0.71,-4.13,0.2,1.45,-0.53,-2.84,-1.9,-0.78,-1.58,-0.44,-0.12,0,0,1
-0.78,2.43,-0.56,1.33,-0.99,0.38,1.39,1.7,-0.57,-1.3,0.23,0.1,4.75,1.92,1.82,2.95,0,0,1
4.03,0.14,-2.4,-1.99,-0.42,0.59,-5.12,0.14,0.94,-4.92,3.39,2.92,0.99,1.19,2.07,1.31,0,0,1
-0.71,1.13,2.3,3.01,1.43,-1.44,1.09,2.82,0.74,1.53,-2.08,-0.86,4.23,4.18,-3.61,1.95,0,0,1
2.64,-0.92,-0.06,0.03,-2.06,0.86,3.8,-2.59,3.18,-1.54,1.87,4.81,1.34,-2.81,5.89,3.95,0,0,1
0.03,-0.19,-0.22,-1.37,-1.8,-0.82,4.98,-2.14,4.57,0.09,-3.15,1.6,-1.85,-0.66,-0.72,2.46,0,0,1
-0.72,0.54,-1.03,0.54,1.2,1.94,-2.96,-0.14,0.87,-0.85,0.52,-0.16,3.75,1.31,2.11,4.35,0,0,1
4.85,-0.97,-0.62,0.78,2.45,0.77,0.97,-1.79,-1.34,-0.05,0.01,2.39,-1.42,0.89,0.07,-2.56,0,0,1
5.0,-4.47,-2.52,1.08,1.86,0.45,1.13,-1.98,-0.29,-1.41,-3.56,0.54,-4.37,-0.46,-1.46,-3.71,0,0,1
-3.42,1.74,-3.45,1.92,-1.06,-0.38,-1.11,0.03,-3.95,1.87,2.67,-1.48,1.9,1.01,-0.51,-0.24,0,0,1
0.9,0.4,-2.03,-1.55,-0.61,-0.76,-3.23,-0.1,-1.07,-1.45,1.19,-0.56,-2.35,-0.18,-3.35,-0.93,0,0,1
-2.29,0.51,-2.85,-1.4,-2.75,-1.03,-2.88,-0.55,0.29,-3.68,-1.37,-0.6,-1.21,3.2,-3.65,-1.54,0,0,1
-3.29,1.36,0.76,0.03,-1.98,0.76,-0.3,0.57,0.21,1.96,2.56,0.59,3.74,0.15,3.83,2.95,0,0,1
-7.05,3.3,-0.47,0.78,-4.19,-4.23,0.26,-1.84,-3.72,-1.99,1.15,1.7,2.9,7.84,-3.87,-7.86,0,0,1
-0.75,2.67,1.13,1.05,4.0,0.13,-1.81,2.65,-0.67,1.6,-1.18,-1.51,2.97,2.93,1.0,0.9,0,0,1
0.83,-2.36,-1.47,-4.67,-1.02,-3.12,-3.31,-2.2,-3.8,-0.75,1.27,-1.5,-4.89,-1.42,2.19,-5.32,0,0,1
1.07,-0.69,0.69,0.4,0.07,1.31,-1.61,1.79,5.28,0.57,-0.6,1.46,2.29,1.45,-2.62,4.48,0,0,1
1.49,-2.07,0.3,3.51,-1.63,-1.78,-2.18,-0.43,5.29,0.88,-0.46,2.06,0.18,-3.28,-3.18,2.34,0,0,1
3.23,2.62,-0.68,6.11,4.87,-1.15,3.74,2.12,0.18,1.08,-3.05,0.91,0.99,0.49,-1.39,-0.39,0,0,1
-0.21,0.43,2.65,-2.83,0.11,-1.07,-0.81,0.85,7.7,-0.5,-6.07,-0.43,-1.58,-1.71,1.64,3.98,0,0,1
-2.05,-0.23,-2.15,3.11,0.23,-1.73,5.59,-2.94,-0.51,1.82,-3.87,-0.99,-1.15,-1.36,0.91,0.04,0,0,1
1.9,-1.24,2.07,1.98,2.34,1.45,1.73,-0.9,3.81,3.09,-2.46,1.1,0.97,-0.88,-0.71,2.86,0,0,1
-0.38,2.2,1.09,-3.3,1.56,0.75,-6.16,3.95,1.95,1.0,0.52,-1.99,0.8,1.93,-3.68,2.15,0,0,1
-4.6,0.44,-1.96,-3.9,-3.8,-0.87,1.36,2.51,-3.95,-0.04,0.57,-3.63,2.41,3.34,1.01,0.85,0,0,1
1.03,1.15,-2.18,3.12,-1.1,-1.64,0.76,-1.48,-1.85,-0.84,2.4,2.52,1.25,-2.71,4.34,-1.6,0,0,1
-0.75,2.61,-0.66,-0.75,0.19,-3.95,-0.41,1.87,1.39,-2.0,-1.58,0.5,-2.49,2.4,-4.44,-2.12,0,0,1
5.14,0.09,-1.77,3.81,1.15,-1.31,-0.89,0.71,-0.78,-1.44,-2.65,-0.17,1.25,-0.96,1.56,1.8,0,0,1
0.35,1.84,-2.07,0.75,-1.11,-3.08,3.02,1.61,0.27,-2.93,-2.66,0.64,1.91,6.49,-2.11,0.21,0,0,1
-2.36,3.05,-0.57,-3.42,-0.59,-3.31,-1.23,-0.52,-2.42,-2.91,-0.58,-0.03,-0.98,3.65,2.4,-5.05,0,0,1
-0.25,-0.84,-1.79,-1.6,1.1,-0.8,-3.11,0.85,2.01,0.27,-0.48,-0.87,-1.96,1.44,-3.22,0.78,0,1,0
2.1,-0.75,1.15,3.91,0.09,0.17,3.33,1.03,5.04,0.41,-0.04,4.49,3.07,2.51,-3.25,3.79,0,0,1
0.39,1.22,-1.89,0.18,0.15,-0.58,-3.65,-1.73,0.14,-1.43,2.85,2.09,1.36,1.44,-0.47,-0.3,0,0,1
2.01,2.56,0.1,-2.69,0.84,1.82,-2.1,-0.98,-0.85,0.13,3.36,1.05,0.42,-5.04,7.8,2.81,0,0,1
-0.49,-1.8,-3.01,-0.68,-2.72,-2.3,-1.41,-0.25,0.17,-2.82,-3.37,-2.21,-0.69,-0.81,2.02,0.21,0,0,1
1.52,-2.46,-1.26,4.14,0.38,-1.22,-0.4,-1.32,-0.84,0.73,-0.77,0.57,2.64,0.68,-1.38,-0.74,0,0,1
2.25,-0.58,-1.64,0.84,2.2,0.68,-1.12,2.1,-0.59,1.77,-0.08,-1.09,-0.12,-0.66,-0.25,0.47,0,0,1
1.91,-1.13,-1.61,-1.11,3.33,2.36,-1.67,1.26,0.3,-1.49,-3.28,-2.8,-0.0,0.4,3.59,4.45,0,0,1
0.07,0.45,0.17,5.63,-1.51,-3.89,3.61,4.18,1.43,3.42,-1.84,-0.26,2.56,1.94,-8.94,1.6,0,0,1
1.31,-2.88,1.57,-0.23,-5.09,-3.91,0.85,-2.63,-0.87,2.11,1.54,1.74,-1.73,-4.36,0.9,-4.71,0,0,1
-0.28,1.42,2.32,0.31,0.21,-1.38,0.55,-0.46,1.82,1.38,-0.33,2.02,0.65,-1.63,3.65,-0.06,0,0,1
-0.52,-0.75,3.74,-4.27,-2.19,-2.86,-0.88,0.59,3.92,2.15,-2.82,-0.56,-3.1,-1.53,0.6,-1.26,0,0,1
-2.94,-0.57,0.68,1.96,-4.03,-6.61,-2.23,-2.39,0.03,0.94,0.81,1.53,-0.18,-1.61,-1.39,-4.97,0,0,1
3.54,-1.9,-0.35,-3.04,-0.67,-0.77,-2.73,-1.42,2.51,-0.75,-1.83,-0.05,-3.82,-6.15,4.35,-0.51,0,0,1
0.63,1.44,0.74,0.0,-0.67,-2.51,0.34,0.01,2.09,-0.27,-1.75,1.24,-2.86,-0.39,-3.64,-2.74,0,0,1
0.95,-1.24,5.68,-4.77,-5.35,-1.15,-4.62,5.14,5.36,4.65,0.76,-1.11,2.07,-2.32,-1.0,4.23,0,0,1
-2.69,1.3,2.2,5.08,2.0,-0.58,3.04,-0.33,-0.39,-4.96,1.27,1.16,-1.6,1.24,-1.34,1.36,1,0,0
2.62,-0.07,-2.45,-0.35,2.78,2.99,1.26,3.15,-0.67,-2.97,4.22,2.71,-0.71,0.07,-0.43,1.8,1,0,0
-3.06,1.38,-1.68,1.25,0.16,-0.28,-1.47,-1.51,-0.85,0.31,-0.13,-3.17,-3.13,-0.35,5.45,3.57,1,0,0
0.2,-1.5,2.46,3.54,1.19,-1.69,0.86,-1.87,-0.15,-3.9,-3.93,-0.55,0.62,1.77,0.16,-2.47,1,0,0
-0.71,-0.14,-0.48,2.16,0.28,0.85,1.66,-0.81,-1.47,-0.89,-0.31,1.32,-3.81,3.59,3.01,0.23,1,0,0
0.39,2.09,-0.92,-2.82,3.88,3.71,-0.61,3.97,-2.97,2.11,1.98,0.44,-1.32,-0.69,2.06,5.45,1,0,0
-1.53,-1.14,-2.02,-0.77,0.78,2.15,-0.35,3.19,4.1,-1.1,3.29,-1.3,0.04,-1.13,-1.64,0.5,1,0,0
1.6,0.69,0.06,-0.24,2.73,2.71,-1.11,2.35,-0.09,-0.18,0.5,-2.42,0.7,-0.75,-2.08,1.84,1,0,0
-6.04,-4.0,2.98,4.6,-1.76,-3.19,-0.76,-2.93,-0.17,2.05,-1.51,-5.86,-1.21,2.01,2.09,1.71,1,1,1
-5.05,2.06,-2.97,1.22,-0.15,-2.15,1.25,-2.76,4.25,-0.55,4.09,2.42,-1.42,1.7,-2.75,-1.87,1,0,0
1.68,1.23,-0.1,2.06,0.74,-0.79,-1.8,-3.68,-2.48,-2.0,-0.71,-2.07,-0.52,1.49,-1.07,0.66,1,0,0
-4.05,-0.23,1.47,4.13,0.11,-2.27,-0.66,-3.59,-1.85,-0.96,-0.6,-3.22,1.54,0.39,-0.43,-0.92,1,0,0
-1.45,-3.26,-0.87,0.91,1.06,-0.93,2.57,0.86,-0.86,-1.17,1.59,1.95,-0.25,1.64,1.42,-0.55,1,0,0
-2.53,-3.36,0.89,-1.58,-2.83,0.81,-0.43,0.75,-3.59,1.58,-1.4,-4.3,-0.14,-1.6,5.12,2.26,1,0,0
-0.47,1.32,0.82,-1.11,0.65,-0.92,2.4,-0.74,-1.53,1.55,-0.22,3.26,0.77,1.48,-3.99,-3.4,1,0,0
0.95,-0.12,1.75,0.8,-2.89,3.22,-1.43,-4.4,-4.67,4.24,-3.61,-6.37,-2.38,-0.0,2.92,3.11,1,0,0
-1.11,0.29,-0.01,-0.19,-0.51,2.65,0.98,2.05,3.87,-0.64,0.34,-1.87,0.66,-1.52,-3.56,-0.58,1,0,0
1.39,-1.99,0.63,1.66,-1.11,-0.24,-2.97,-0.42,-1.04,-1.43,-3.36,-7.74,0.27,-3.09,3.14,1.66,1,0,0
-3.35,1.36,1.8,1.89,-1.8,2.24,-0.46,-3.09,-2.96,1.33,-0.4,-1.69,-2.36,2.29,1.67,0.54,1,0,0
-4.21,4.2,-4.12,0.97,-0.22,5.54,1.45,-2.27,2.69,-0.19,4.72,1.18,-2.75,1.97,-2.22,0.43,1,0,0
-0.86,-3.56,0.85,-1.29,-3.11,0.79,-0.33,0.13,-3.77,2.14,-1.76,-4.23,0.02,-1.88,4.3,-0.13,1,0,0
-1.21,-2.16,0.31,2.3,-1.52,-3.01,3.72,-1.09,-1.53,0.51,-1.48,1.53,0.25,1.44,-0.13,-4.92,1,0,0
0.28,1.79,-3.48,3.82,1.35,-1.11,2.51,-4.52,-2.82,-1.84,0.12,1.34,-1.76,1.76,1.64,-0.52,1,0,0
0.58,-0.28,0.72,-0.46,1.24,-2.4,4.34,0.64,2.25,-0.57,-0.12,6.9,1.01,2.33,-5.41,-6.89,1,0,0
-5.75,-2.86,3.02,6.13,-3.62,-2.59,-0.46,-5.31,0.49,1.54,-2.09,-7.29,-0.21,1.22,-0.44,0.38,1,0,0
5.01,1.9,-4.25,-2.04,1.39,2.69,0.39,-1.22,-1.93,2.02,0.65,1.92,-0.99,0.33,-0.76,-2.67,1,0,0
1.12,3.64,0.29,3.97,2.1,1.97,-0.98,-5.09,-1.81,0.32,-0.2,-3.45,-1.27,2.17,-4.41,2.15,1,0,0
1.67,1.26,-2.89,-3.57,-1.85,1.76,0.72,-0.49,-0.84,4.13,-0.11,-0.95,-0.75,-4.08,0.47,-3.08,1,0,0
2.12,-0.59,-3.35,-2.2,-1.11,-0.32,-1.73,0.21,0.66,2.31,-1.75,-4.33,0.81,-2.3,0.44,-0.76,1,0,0
0.9,-2.33,-0.83,-1.75,-2.6,2.01,3.43,2.1,1.71,-0.11,1.21,1.42,-0.22,-0.99,-1.79,-2.49,1,0,0
-2.37,-1.0,-3.16,-0.65,-2.07,2.32,1.28,-1.62,-0.95,2.13,1.34,1.42,-1.38,2.23,3.08,-1.86,1,1,1
1.54,0.21,-0.91,-2.19,2.36,1.37,1.26,5.36,0.3,0.76,-0.1,-0.25,-1.25,-1.33,-0.02,-0.75,1,0,0
1.39,0.55,-3.25,-3.15,-0.32,5.16,1.88,2.93,2.41,-1.55,1.2,0.45,-1.32,-2.18,0.95,0.65,1,0,0
5.29,-0.93,2.3,-0.5,-2.05,3.85,-2.8,0.7,-2.31,0.26,-1.71,-3.9,-3.39,0.05,2.45,3.53,1,0,0
-2.09,-0.44,-0.22,3.65,2.12,-4.8,3.05,1.07,3.3,-2.48,-0.68,0.57,1.36,-0.17,-3.32,-4.4,1,0,0
-2.16,1.17,-1.05,2.25,-1.09,1.07,3.62,-3.3,-0.88,-1.35,0.16,-2.32,1.03,-2.79,-2.19,-1.27,1,0,0
-13.09,-1.52,0.9,7.17,-2.88,-4.68,0.05,-7.35,3.23,-2.15,2.18,-2.03,2.86,4.04,-2.5,-2.56,1,0,0
2.81,-0.47,-0.5,-1.87,0.78,0.68,2.17,1.22,-0.14,-0.47,-1.48,2.13,-0.09,0.05,-0.55,-2.58,1,0,0
-3.43,0.85,-1.3,1.25,-1.03,0.22,-2.09,-3.0,3.33,-0.27,1.47,-3.13,-0.99,1.77,-1.79,2.01,1,0,0
-0.98,0.65,-3.46,2.48,-0.82,1.08,-2.13,-4.34,-1.18,0.35,-2.18,-5.68,-2.67,0.17,5.98,1.83,1,0,0
-1.41,0.11,-2.75,3.13,2.04,-2.12,0.65,-1.36,0.17,-1.04,2.54,0.94,-0.77,0.9,0.8,-0.27,1,0,0
-4.21,-3.27,2.33,-0.18,-2.84,-1.69,-3.07,-0.23,2.84,-0.45,-1.49,-3.67,3.12,1.16,-2.05,-3.09,1,0,0
-3.61,-2.33,-1.67,5.36,-1.6,-3.6,0.6,-4.3,2.22,-2.96,0.11,-2.51,2.08,0.64,-0.36,-2.0,1,0,0
-3.17,-2.8,0.66,0.99,1.31,-0.99,1.31,2.02,0.56,-2.67,1.49,2.56,1.55,2.73,-0.51,-1.12,1,0,0
2.2,-1.98,-0.34,-2.2,-2.48,-0.58,0.83,1.33,-2.32,2.14,-2.29,0.34,-1.19,-1.01,4.31,-0.85,1,0,0
1.73,-0.72,-3.38,2.91,-2.85,1.28,0.0,-1.99,3.23,-2.82,-1.18,-3.93,-0.9,-1.36,0.65,-2.63,1,0,0
-0.24,-1.01,-2.11,-0.09,5.05,-5.09,-0.72,2.2,-1.18,-0.47,2.43,3.56,1.34,1.51,0.44,-3.0,1,0,0
-2.32,3.13,-3.1,-0.77,1.66,1.71,1.24,-0.34,-0.2,-2.5,3.99,5.51,-2.4,3.33,0.53,0.09,1,0,0
-1.16,-2.98,0.32,-2.09,-0.7,-0.34,1.9,5.55,-0.73,-0.05,1.49,2.24,-3.65,-0.03,5.91,1.23,1,0,0
-1.18,-0.36,1.21,4.28,0.07,-1.6,3.13,-1.6,-1.72,-4.34,-2.19,-0.58,0.44,-2.02,1.17,-5.06,1,1,1
1.87,-2.14,2.99,1.72,1.46,2.12,1.09,1.49,-4.51,-0.25,-2.6,-3.28,0.79,-1.07,1.25,1.15,1,0,0
0.33,3.63,-4.07,3.48,-0.37,2.23,-2.49,-6.68,-1.13,-1.79,0.97,-3.13,-2.57,1.66,1.39,3.01,1,0,0
0.91,-3.11,2.18,1.05,-0.4,3.48,-0.6,-0.74,-3.12,-2.99,-0.51,-1.36,0.02,1.3,2.08,0.98,1,0,0
-0.27,-4.63,-1.35,-2.9,-2.99,-0.67,1.1,2.01,0.97,1.11,0.37,0.57,0.01,-0.99,2.54,-3.28,1,0,0
0.38,-0.83,1.09,2.34,-0.77,1.87,2.39,0.29,5.89,-0.17,-1.64,-5.98,2.47,-5.07,-6.7,-1.79,1,0,0
-0.62,-4.47,5.79,1.94,-3.74,0.13,-0.87,-1.03,0.47,-1.11,-4.61,-8.11,1.59,-1.36,-1.81,0.63,1,0,0
-2.41,-2.42,-1.25,-0.98,-0.94,-0.94,0.54,-1.28,-1.01,0.41,1.58,1.19,0.46,2.68,0.91,1.32,1,0,0
-3.3,-2.32,1.02,3.1,-3.42,-0.79,-1.97,-4.69,2.92,-1.16,-0.86,-3.9,-2.35,3.39,1.15,2.38,1,0,0
0.06,-4.31,1.54,-0.07,-1.79,-2.55,1.4,1.88,-1.18,0.58,-4.55,-0.87,1.0,0.53,3.47,-3.79,1,0,0
2.36,-1.66,4.0,-0.34,1.48,-1.34,-1.28,2.07,-3.76,3.67,-3.21,-2.72,-2.64,-1.11,4.04,3.34,1,0,0
-0.29,-1.19,3.44,0.43,0.54,0.52,-0.29,3.75,2.43,-2.22,-0.85,-3.22,-0.81,-0.35,-2.97,0.42,1,0,0
-2.81,0.34,-2.62,0.45,-0.35,1.33,-0.48,-1.19,-2.44,2.32,2.63,-0.49,-2.09,1.88,3.15,1.89,1,0,0
-0.83,-2.88,-2.21,-2.34,-2.81,1.82,-1.49,-0.42,1.84,1.22,1.32,0.24,-0.26,3.76,-0.1,0.72,1,1,1
2.97,-0.71,-0.56,-3.57,-3.58,3.91,0.85,1.87,1.45,-2.13,-0.94,1.09,1.28,-0.77,-2.6,-5.32,1,0,0
-1.7,-2.16,0.04,-1.07,-1.79,0.56,-1.11,-1.64,-3.12,2.16,-1.76,-4.08,0.5,-1.29,3.29,0.4,1,0,0
-2.22,1.9,-1.15,0.93,-0.01,1.45,1.97,-1.99,-2.61,3.1,0.86,-1.02,-2.49,-0.87,1.18,-0.38,1,0,0
1.1,1.85,-2.1,-5.09,-0.13,3.63,-0.14,5.44,4.47,0.58,3.05,4.73,-2.31,1.79,-2.07,-2.02,1,1,1
-3.0,-1.94,0.07,-0.89,-1.21,1.79,2.0,1.18,1.25,-2.3,-0.05,0.1,0.07,-0.33,1.82,-0.49,1,0,0
0.94,-3.39,4.8,-2.39,-1.96,0.81,1.26,3.77,-3.1,1.96,-4.11,-2.56,-0.08,-1.68,1.63,-0.67,1,0,0
3.83,-1.12,-0.02,0.03,-0.32,2.89,1.59,1.33,0.5,-0.4,-0.38,1.0,1.07,-1.1,-3.21,-6.64,1,0,0
-3.92,0.6,-3.12,0.63,0.32,2.14,0.79,-0.55,0.76,-0.24,3.39,3.05,-2.99,4.01,2.08,-0.44,1,0,0
-4.54,2.58,1.33,4.26,0.99,0.31,3.39,-2.12,-2.01,-1.21,-0.04,1.16,-1.71,2.01,-0.34,-0.26,1,0,0
0.96,-1.62,-3.57,-0.78,0.28,1.45,0.16,0.99,2.63,-2.98,-0.96,-2.53,1.6,-2.03,0.03,-2.61,1,0,0
2.71,-2.72,2.65,0.82,0.48,-0.04,-0.4,-0.07,-2.92,2.4,-2.44,-2.83,0.56,0.42,-0.85,0.49,1,0,0
-1.86,-1.78,1.25,-0.37,-2.72,0.17,3.68,0.12,-1.99,3.22,0.6,2.51,-0.47,0.98,-0.69,-3.66,1,0,0
-0.92,0.77,4.18,-2.32,-2.66,2.58,1.36,4.67,4.27,1.66,-1.45,-2.1,0.27,-2.62,-6.0,-3.36,1,0,0
-2.1,-1.92,-0.37,2.0,-1.41,0.51,-0.34,-3.09,-0.66,-0.2,0.67,-2.85,0.72,1.18,-0.87,-0.52,1,0,0
-2.07,-3.01,1.32,4.41,-0.76,-3.02,2.8,-1.9,1.52,0.81,-1.38,-0.25,-0.7,2.86,-1.32,-0.44,1,0,0
-0.76,0.73,-3.46,-3.14,0.95,0.88,-0.07,3.79,5.61,-1.55,4.24,3.25,0.06,-0.45,-3.1,-2.4,1,0,0
-1.32,-1.38,0.33,3.74,0.21,0.56,-1.17,-6.39,-3.92,0.76,-1.89,-3.04,-0.67,2.43,2.88,-0.42,1,0,0
3.55,1.63,-0.67,-0.1,0.86,2.6,0.02,-0.7,-0.13,-2.58,-1.98,0.59,-0.67,0.43,-0.32,-2.33,1,0,0
-3.45,-2.29,-0.39,0.21,-0.96,-3.51,2.87,0.24,2.18,2.35,3.01,2.89,0.78,0.81,-4.52,-6.35,1,0,0
-3.13,0.53,1.15,5.62,-2.4,0.02,3.17,-5.0,-0.41,0.09,-2.67,-4.11,-1.14,-1.0,0.43,-2.26,1,0,0
-2.13,1.24,-6.84,-0.13,-0.7,1.94,0.87,-3.3,-1.7,0.37,3.21,0.96,-1.76,2.05,3.56,2.17,1,0,0
3.22,-3.16,0.8,-2.57,-0.23,2.42,0.2,5.09,0.53,-0.16,-0.71,-1.79,2.8,-3.15,-2.67,-2.61,1,0,0
0.73,-4.71,4.52,1.31,-1.78,-2.03,-0.73,-0.66,-2.22,-0.88,-4.24,-0.34,0.11,3.44,2.66,-3.21,1,0,0
-2.25,-4.22,3.09,-1.49,-3.77,0.49,-1.64,3.38,2.02,2.05,-1.14,-4.68,1.99,-1.55,-1.01,-1.26,1,0,0
-1.36,0.17,-2.63,0.3,-0.79,-0.22,2.19,-0.19,4.53,-0.36,2.0,1.68,1.45,0.24,-5.34,-5.98,1,0,0
0.51,1.66,-0.38,-5.05,3.76,4.55,-1.78,8.04,0.59,1.47,2.98,1.13,-0.09,-0.05,-1.4,2.24,1,0,0
-2.59,-0.17,-1.04,0.6,2.24,0.67,-1.4,0.01,-2.13,0.23,2.39,-0.32,-1.28,2.44,1.9,3.13,1,0,0
-0.24,-2.15,1.98,-0.71,-4.72,1.64,2.12,-2.15,2.29,0.55,-2.48,-2.15,-0.68,-2.22,-0.09,-1.97,1,0,0
2.64,1.25,-1.99,0.02,3.8,0.43,-0.37,0.03,-0.05,-0.91,-0.01,2.06,2.5,1.05,-3.62,-3.89,1,0,0
0.36,-0.53,-0.92,-3.48,2.33,-0.3,0.46,4.15,4.3,-0.83,2.71,5.84,1.56,1.4,-5.43,-6.94,1,0,0
-4.43,3.9,-3.43,-0.33,3.46,-3.96,1.22,0.37,0.54,1.31,1.96,1.86,-0.41,0.63,-1.64,-0.31,1,0,0
-0.56,-1.72,-0.55,-2.58,1.85,3.03,-0.59,3.46,2.45,-1.39,3.17,1.39,-2.13,2.26,0.33,2.92,1,0,0
-0.87,3.96,-3.58,2.81,4.48,-2.23,-0.04,-3.24,-4.42,0.55,2.16,1.48,-2.65,1.48,2.58,1.76,1,0,0
2.62,-3.35,0.24,0.78,-1.57,-0.68,2.17,-0.18,-1.84,1.09,-1.13,1.35,-1.08,1.5,2.13,-1.3,1,0,0
-2.63,0.31,-3.13,-1.69,-2.36,2.63,-1.03,-1.95,4.17,-2.05,0.21,-0.88,-0.96,0.67,1.3,-0.54,1,0,0
-2.06,-0.29,0.27,-3.96,-0.41,1.92,1.96,6.22,5.06,-2.57,2.42,3.94,0.71,-0.37,-3.37,-3.88,1,0,0
-0.35,-0.87,0.92,2.01,-1.98,-0.45,-1.66,-1.61,2.19,-2.6,-1.99,-5.66,3.33,-3.74,-2.84,-2.92,1,0,0
1.37,3.85,-5.29,-0.12,-0.06,3.91,-0.42,-4.51,0.14,-0.0,0.2,-2.45,-1.9,-0.84,1.23,1.75,1,0,0
-1.89,-0.76,2.04,2.87,1.3,-0.19,1.33,0.11,0.73,-1.67,0.38,2.45,-1.16,4.57,-1.14,-0.72,1,0,0
-4.03,-2.02,1.76,4.21,-2.63,-3.59,2.37,-3.98,1.14,-0.92,-2.37,0.46,0.19,4.28,-1.13,-4.05,1,0,0
-3.27,2.09,-3.0,-0.93,-1.4,6.48,0.52,-0.38,3.14,0.13,3.58,-1.31,-2.52,0.46,-0.76,3.18,1,0,0
-2.46,-1.75,-0.11,1.65,0.08,-1.93,-0.85,-2.39,-1.04,1.88,-0.56,-2.25,1.13,0.79,0.99,-0.98,1,0,0
1.63,1.24,1.16,0.05,-1.36,1.94,0.5,-2.82,-4.17,1.92,-2.08,-3.02,-1.38,-0.59,-0.1,1.87,1,0,0
-2.17,-1.11,-0.12,4.47,-3.95,-1.21,2.47,-4.82,-0.26,0.23,-3.33,-4.42,-2.37,0.01,3.41,1.41,1,0,0
7.09,-3.4,3.2,-1.95,4.41,-1.9,-1.18,4.89,-5.99,-0.54,-5.09,-0.87,-0.17,-1.04,4.52,-0.58,1,0,0
-3.42,1.33,-1.83,-2.27,-0.4,3.35,1.36,1.92,4.15,-2.18,5.65,6.22,-1.64,3.36,-2.44,-1.42,1,0,0
-1.81,-4.03,3.7,2.85,-0.31,-1.11,0.63,-1.5,-1.74,0.84,-0.08,-1.63,1.04,3.47,-3.16,0.6,1,0,0
4.03,-2.71,4.19,1.89,-1.59,-1.0,0.61,0.18,-1.61,-0.91,-4.57,-3.47,-1.17,-0.81,0.6,0.44,1,0,0
-3.36,-1.46,2.95,6.73,-1.28,-2.68,0.2,-4.61,-1.53,-1.92,-1.03,-4.17,0.59,0.85,-0.57,0.98,1,0,0
-3.6,-2.0,-1.82,3.05,1.92,-3.0,0.5,-2.49,-3.74,0.6,2.45,-0.35,1.58,1.73,1.27,-0.17,1,0,0
-1.32,-0.57,0.58,-1.16,-0.16,1.89,-0.68,3.68,1.75,0.49,1.45,-2.23,-2.13,-1.55,0.95,1.29,1,1,1
-2.44,0.32,0.36,1.67,-1.82,0.11,0.91,-1.27,3.59,-0.23,2.04,0.58,-2.38,1.76,-2.54,-1.76,1,0,0
0.73,-2.14,-0.9,2.78,2.08,-4.08,1.64,-0.57,0.96,-1.33,0.07,0.97,2.18,0.69,-2.98,-3.44,1,0,0
0.17,1.22,-2.17,2.66,2.49,-1.29,0.62,0.68,2.03,-2.01,0.29,-1.18,-0.25,-0.53,-1.0,0.2,1,0,0
1.08,3.06,-5.79,-6.52,0.87,5.29,-0.63,0.76,1.0,2.11,4.1,4.16,-0.93,2.48,-2.59,-0.51,1,0,0
-0.03,-1.61,-3.47,-1.55,-0.0,-0.96,-0.46,1.24,-3.46,1.18,0.84,-0.25,0.42,-1.38,4.69,-1.99,1,0,0
-1.54,1.71,1.78,-0.77,-3.04,4.84,0.92,1.11,3.24,3.96,-0.82,-6.43,-2.27,-4.41,-2.47,3.17,1,0,0
0.93,0.15,-0.52,-0.53,-0.26,0.69,0.39,-0.56,-1.46,3.49,-1.16,-2.29,0.68,-1.79,-0.85,-1.24,1,0,0
-4.46,-1.63,4.62,4.85,-1.58,-5.13,-0.87,-3.68,-1.78,0.12,-4.02,-5.25,0.59,-1.11,1.76,-3.37,1,0,0
2.28,-2.39,0.54,-0.13,1.33,2.23,-1.23,0.69,-0.59,0.94,-0.56,-2.05,-1.2,2.56,-0.62,1.74,1,0,0
-0.48,3.29,-2.46,3.77,0.01,0.39,2.93,-3.36,0.62,-2.54,0.18,-1.91,-1.39,-2.87,-0.36,0.43,1,0,0
-2.45,-1.78,0.08,1.01,0.72,-2.48,-0.29,2.52,3.19,-2.91,0.54,-1.26,0.98,-0.78,-0.53,-2.52,1,0,0
-2.74,-1.56,4.74,5.74,0.02,-3.73,4.77,1.3,2.94,-2.06,-0.46,1.56,-0.8,1.45,-3.99,-3.01,1,0,0
0.63,1.09,1.37,-0.94,-2.17,7.9,-0.88,-0.19,0.36,-0.03,1.44,-3.76,-3.07,-1.55,-0.77,3.96,1,0,0
1.68,-0.92,0.22,-1.49,-1.03,2.25,1.73,1.97,1.56,0.49,0.14,-0.11,-2.02,-0.11,-0.97,0.43,1,0,0
3.11,2.25,-5.44,-2.54,-0.49,4.91,-0.87,-0.72,0.54,0.24,-0.37,-0.79,0.58,-1.24,-0.21,-3.25,1,0,0
-1.78,3.17,-0.3,0.38,1.58,2.61,2.47,-0.85,-1.2,2.2,3.28,2.1,-0.62,1.18,-4.78,0.18,1,0,0
-1.43,2.91,-1.28,-0.12,4.06,-1.13,0.51,1.99,0.52,0.39,2.96,0.87,0.93,-2.12,-3.27,-0.94,1,0,0
-1.26,-1.46,-2.4,2.93,2.96,-2.64,-0.99,-0.65,0.28,-2.85,1.07,0.32,-0.46,3.08,2.02,0.16,1,0,0
-2.59,-0.69,-1.67,-3.68,-0.51,1.86,-0.69,1.35,3.9,0.58,2.67,0.65,1.71,0.45,-4.3,-1.26,1,0,0
4.41,-1.1,-0.91,-1.48,2.35,0.67,-1.33,1.93,-2.2,0.67,-1.84,-0.91,-1.13,0.87,1.61,-0.52,1,0,0
1.11,6.33,-2.36,-2.38,0.61,0.69,3.92,-0.66,-2.08,7.43,0.85,4.06,-1.7,-0.36,-4.77,-2.56,1,0,0
0.92,-1.88,-1.08,-1.48,-0.3,2.39,-3.39,-0.06,0.04,0.29,1.79,-0.66,-1.84,3.69,1.53,2.33,1,0,0
3.57,0.41,-0.76,-3.61,-1.63,3.63,-1.26,-0.45,1.09,3.87,-0.41,-1.18,1.21,-0.62,-5.46,-1.87,1,1,1
0.77,-1.39,-3.25,-1.69,-0.5,2.88,-0.41,-2.07,-0.08,-1.73,2.15,2.33,0.68,3.5,-1.89,-2.25,1,0,0
0.95,3.02,-1.57,-0.97,0.7,1.02,-1.09,0.27,-3.72,1.61,-2.52,-2.68,-1.67,-1.81,4.26,-0.7,1,0,0
-4.25,1.35,-0.87,-0.92,-0.71,1.75,3.52,1.63,1.92,1.66,4.16,3.39,-0.37,0.78,-3.59,-1.36,1,1,1
-0.8,-1.79,-0.93,-0.09,-1.17,3.02,-0.92,0.13,2.04,-0.7,1.75,-0.68,-1.29,1.79,0.42,-0.71,1,0,0
1.81,0.39,-6.65,-3.82,1.67,2.62,-1.49,1.45,-0.72,-1.7,2.76,4.0,-4.28,3.93,6.27,0.97,1,0,0
-3.76,-2.04,-0.74,-0.16,-3.65,3.18,-0.3,-1.36,-0.79,-3.44,0.8,-1.64,-1.6,-0.09,6.2,-0.48,1,0,0
-0.62,0.31,1.14,1.6,-1.05,-0.72,0.26,-0.33,-3.02,2.33,-1.82,-1.72,-2.09,-0.32,3.34,-0.12,1,0,0
0.64,-1.92,5.05,0.88,0.06,-0.6,-1.95,2.52,-0.89,-0.4,-1.9,-0.57,-1.31,2.95,0.64,-0.39,1,0,0
0.45,-0.18,4.26,2.73,-0.44,-2.42,2.07,-0.04,-0.54,3.8,-2.59,-3.89,-1.35,-2.59,-2.89,0.6,1,0,0
-2.37,-1.04,3.49,1.44,0.75,-2.87,2.43,-0.7,-1.35,1.47,0.32,2.78,0.79,2.0,-3.17,-3.46,1,0,0
-5.0,-2.09,-3.02,3.76,-2.98,-1.84,0.27,-8.51,-2.89,0.83,0.59,-1.15,-1.62,4.29,4.69,-0.03,1,0,0
-0.31,-1.39,-0.66,-1.84,-1.45,0.74,0.84,-2.32,0.71,1.56,0.63,1.16,0.3,0.85,-2.11,-2.97,1,0,0
-1.59,1.64,-2.88,0.7,2.99,-2.39,5.11,-0.21,-0.07,0.02,2.71,5.03,0.2,-0.77,-2.09,-1.86,1,0,0
-1.56,-0.77,-1.72,1.19,-0.64,0.24,-0.68,-1.93,-3.51,-2.1,1.17,-1.16,-1.2,1.25,4.48,2.25,1,0,0
1.55,-0.23,-4.16,-1.22,3.27,2.05,2.49,2.27,1.25,-2.27,3.13,2.66,1.52,-1.8,-2.73,-3.35,1,0,0
-0.24,0.84,3.51,2.05,3.45,0.36,0.97,1.53,0.13,-0.5,-0.73,0.69,-0.27,1.34,-2.78,-0.15,1,0,0
-1.44,4.55,-0.98,0.3,-1.12,2.16,0.67,-1.86,0.3,5.14,2.88,-0.53,-5.55,0.7,-1.44,4.34,1,0,0
0.71,0.18,2.35,-0.27,-0.79,0.42,0.36,-0.36,-0.13,2.26,-2.49,-1.21,-0.64,0.16,-1.52,-0.66,1,0,0
0.61,-3.68,0.96,2.63,0.53,-2.53,0.27,3.51,3.4,-1.23,-0.29,-3.91,-0.97,-1.5,-0.54,0.64,1,0,0
-0.7,-0.1,-0.13,2.51,3.19,-1.29,1.15,0.42,-2.3,-1.35,0.38,1.57,-1.14,1.71,1.98,-0.69,1,0,0
-1.94,-0.28,-4.32,0.66,-0.8,-2.78,-0.68,-4.3,-4.01,3.35,-0.4,0.35,-2.81,3.3,6.95,-0.47,1,1,1
0.81,3.06,3.14,0.01,3.89,1.67,0.42,0.43,-0.8,3.68,-1.42,0.05,-0.73,2.0,-5.79,-0.46,1,0,0
0.7,1.4,-0.18,0.65,-0.21,2.76,0.53,0.44,-3.01,0.01,0.81,-1.22,-3.62,-0.64,4.07,3.93,1,0,0
-6.19,1.17,0.03,0.55,-1.03,1.27,2.54,0.78,3.7,1.37,2.26,-0.48,-0.51,0.13,-3.42,0.91,1,0,0
3.16,1.61,1.2,-1.5,0.45,1.0,3.24,6.36,1.45,3.14,-1.92,-2.19,-0.59,-6.02,-2.13,-0.23,1,0,0
1.79,1.18,-2.3,-0.4,-1.58,2.19,3.12,-1.48,0.97,-1.09,0.84,3.02,-0.87,0.34,-2.32,-3.48,1,0,0
0.07,1.63,2.4,1.36,-2.02,3.72,2.4,-0.15,4.4,-1.46,-1.22,-2.56,2.06,-3.61,-8.14,-5.5,1,0,0
-4.24,-1.83,-0.38,1.98,0.92,-2.24,0.65,-2.39,-4.3,0.24,-0.6,-0.24,-0.8,2.97,4.9,1.66,1,0,0
2.15,-2.42,-0.27,-4.46,-5.07,6.1,3.06,1.12,-0.77,2.76,-0.1,-0.64,0.57,-4.49,-0.89,-4.01,1,0,0
-3.13,-0.84,5.16,3.22,-1.66,-1.57,0.42,-1.94,1.23,0.53,-4.13,-4.18,1.82,-0.33,-3.36,-3.02,1,0,0
1.93,-1.16,-0.83,1.06,-3.06,2.17,1.5,-3.96,-4.8,0.51,-0.46,-2.44,-0.09,-1.01,0.87,0.33,1,0,0
-1.73,-1.08,-0.42,0.53,-2.22,0.76,-1.89,-5.25,-3.08,0.96,-2.82,-3.35,-1.67,2.37,4.67,1.09,1,0,0
-1.23,-1.84,3.9,4.97,2.11,-4.07,0.53,-1.64,0.15,-0.43,-4.57,-3.36,0.08,2.36,-0.98,-0.87,1,0,0
2.38,1.16,-1.48,-6.09,-0.72,4.1,0.38,0.8,0.91,0.01,2.38,4.12,0.68,0.0,-3.88,-1.16,1,0,0
-1.21,-1.82,-1.27,-2.61,-2.92,2.79,1.0,-2.66,0.31,0.62,0.57,0.89,1.08,0.91,-1.18,-3.57,1,0,0
0.15,-0.27,-1.45,1.83,-3.08,3.5,0.94,-2.92,3.48,-3.81,-0.36,-3.28,3.13,-2.76,-4.77,-4.19,1,0,0
-2.05,-2.28,1.66,-2.11,-4.7,2.2,-1.82,2.7,1.0,2.62,1.12,-4.7,-1.94,-1.04,-0.06,1.9,1,0,0
-5.09,-1.92,2.52,5.25,0.53,-0.92,3.53,-1.42,3.44,-2.9,0.92,-1.74,2.57,0.75,-6.56,-0.58,1,0,0
-2.56,-0.53,0.02,-1.23,2.43,-1.22,-0.35,1.84,-2.51,2.4,1.73,1.68,1.13,1.26,-0.8,-2.97,1,0,0
-3.71,1.93,-3.64,1.35,-1.24,0.2,-2.31,-2.65,1.34,0.24,2.19,-3.6,-2.38,1.13,2.11,3.51,1,0,0
-0.8,-0.08,-2.51,-1.58,1.93,0.33,0.67,3.75,2.04,-0.86,4.65,1.28,1.2,-1.09,-2.73,1.82,1,0,0
-1.59,-0.58,-1.62,3.67,3.11,-0.63,4.41,-2.01,-1.36,-1.5,2.01,4.45,-4.1,5.42,1.81,2.65,1,0,0
-1.37,-2.34,-4.13,1.73,-0.72,-0.16,-1.99,-0.37,4.38,-4.04,2.78,-2.53,0.93,0.06,-0.57,-0.21,1,0,0
1.64,-2.79,1.8,-0.22,-1.35,-1.27,0.72,-0.81,-1.66,0.8,-2.95,0.14,1.82,0.34,-0.49,-4.87,1,0,0
0.45,-0.3,0.05,-1.66,3.06,3.49,-2.3,3.27,-4.34,-1.62,1.85,-1.2,0.84,-1.33,2.15,2.74,1,0,0
-0.19,-1.46,-1.13,6.47,1.38,-1.78,2.91,-2.12,-0.15,-2.32,0.89,1.01,-2.23,4.85,-0.37,0.75,1,0,0
-0.62,-3.84,0.89,1.26,-0.56,-0.79,0.12,0.83,-0.55,-1.27,-1.57,-4.5,-0.34,-1.52,3.33,1.73,1,0,0
-0.52,0.66,-6.05,-1.6,0.37,3.79,0.01,-1.2,1.79,-3.91,3.27,2.32,0.14,0.86,0.4,-2.67,1,0,0
-0.09,1.35,0.65,-2.79,-0.81,0.65,-1.59,0.74,3.01,1.87,-1.15,-2.72,0.15,-1.31,-4.14,-1.51,1,0,0
-6.24,-0.99,-0.13,2.05,-0.66,-1.99,2.1,-1.98,0.76,2.15,2.5,2.84,-0.98,5.17,-0.58,0.34,1,1,1
-0.17,0.37,1.18,0.84,-2.94,1.31,2.03,-1.76,3.47,0.26,-2.77,-5.52,1.05,-5.44,-3.66,-1.5,1,0,0
-2.95,1.55,-6.68,-1.02,1.07,0.06,2.2,-0.33,-1.92,3.38,5.86,4.07,-4.22,1.65,4.72,2.3,1,0,0
-0.64,0.58,-0.33,-0.96,0.6,-0.42,3.19,3.09,-0.02,-0.24,2.63,3.52,-0.05,-1.46,-0.85,-0.31,1,0,0
-0.5,-3.33,0.06,1.63,0.15,-2.17,3.8,-1.55,-6.02,3.57,0.61,1.39,0.08,0.71,2.26,-0.58,1,0,0
-4.52,0.69,3.63,1.18,-2.56,-1.91,3.77,2.38,-0.4,2.68,-0.88,1.6,-4.66,0.99,2.86,0.45,1,0,0
0.29,1.86,-0.6,-2.54,0.19,2.3,-0.55,0.76,-1.24,2.23,-0.07,0.37,-0.91,-0.75,0.59,-1.24,1,0,0
-1.72,1.13,2.71,-0.43,1.78,-1.92,2.35,3.48,-3.88,3.6,0.73,2.51,-3.04,0.95,1.5,1.69,1,0,0
-5.45,-0.04,0.72,2.65,-3.17,-2.25,2.39,-2.9,1.31,2.74,0.49,-0.59,-0.08,1.63,-2.41,-0.24,1,0,0
1.51,-0.09,-0.66,0.22,0.23,-0.37,-0.93,-1.92,0.23,0.75,-0.67,-0.32,-1.91,2.09,-0.57,-1.09,1,0,0
-3.71,-0.22,0.65,2.37,0.98,-0.24,2.15,-1.46,0.83,-1.31,1.18,1.37,0.57,1.69,-1.94,-1.7,1,0,0
2.37,-3.53,0.85,-3.95,-0.11,-0.36,-0.21,2.52,-4.25,2.69,0.05,1.89,0.05,0.55,2.04,-0.01,1,0,0
-4.83,-1.51,-3.64,-1.1,-1.81,1.27,0.49,-1.04,1.57,-1.96,2.58,1.8,-2.88,3.35,4.85,0.98,1,0,0
0.67,-0.7,1.68,-1.53,-0.55,2.73,1.31,1.88,1.55,-2.53,2.0,3.45,-1.06,1.85,-2.83,-1.28,1,0,0
1.21,-1.93,-1.62,-0.09,1.97,-1.91,1.74,1.58,-2.26,-0.43,0.4,3.02,-0.4,1.53,1.6,-4.02,1,0,0
-6.11,-0.7,1.35,1.25,-2.69,0.94,1.35,-0.82,4.41,-1.13,1.43,0.31,-2.79,3.8,-1.17,0.45,1,0,0
2.57,-1.25,-3.68,-0.98,0.54,-2.18,-1.01,0.93,-0.03,1.61,2.52,1.83,-1.88,1.59,1.28,-1.82,1,0,0
-0.4,0.88,-4.1,-1.57,-0.19,-0.16,-2.88,0.33,0.01,1.35,0.55,-2.76,-0.56,-0.53,2.46,-0.34,1,0,0
-3.14,-0.74,0.69,2.74,-1.05,-4.42,2.1,-2.45,-0.39,1.42,0.08,-0.88,2.13,-1.13,-2.98,-3.01,1,0,0
-1.74,-0.47,-1.33,3.59,4.22,-4.83,-0.49,-2.21,-3.57,-3.6,1.81,2.73,-1.86,3.13,4.8,0.42,1,0,0
2.37,2.57,-0.34,-1.14,-1.29,2.85,0.47,-1.09,-2.23,0.15,-2.26,-0.87,-1.93,-0.5,0.98,-0.67,1,0,0
-1.92,-3.58,1.05,-0.73,1.91,-2.66,1.38,2.32,-0.69,2.45,3.3,6.49,0.14,7.1,-2.39,-0.44,1,0,0
-1.83,3.57,-1.22,0.06,3.25,1.42,-0.65,2.26,-2.99,1.17,1.0,-3.29,-3.07,-2.78,3.89,5.28,1,0,0
-2.26,0.65,-0.57,-2.1,-2.96,3.68,4.61,-0.79,-0.19,2.5,1.64,2.42,0.77,-1.45,-2.05,-1.49,1,0,0
-2.71,-4.08,1.8,-1.29,0.47,-3.86,2.23,3.4,0.16,-2.05,-0.28,2.66,3.18,-2.07,1.42,-4.03,1,0,0
-3.93,-2.77,-1.55,0.4,-1.54,-1.11,2.91,0.1,0.79,-2.53,1.11,-1.55,2.06,-2.61,-0.3,-1.26,1,0,0
-0.58,1.51,-0.2,1.64,-0.19,2.65,-0.63,-2.87,3.2,-3.49,-0.25,0.38,-0.87,3.22,-2.37,-2.0,1,0,0
2.85,0.14,-2.93,-0.23,1.1,2.92,-1.81,-3.11,-1.34,1.23,1.86,-1.7,0.51,0.96,-2.52,1.43,1,0,0
-0.37,-0.84,1.57,-4.25,-4.53,4.1,0.08,-0.04,4.74,0.08,-1.2,0.82,1.27,0.3,-4.28,-5.25,1,0,0
-2.9,-2.29,2.78,0.32,1.37,-2.55,0.95,0.72,-0.94,1.03,1.12,-0.63,0.71,-0.89,-0.33,2.09,1,0,0
2.18,-1.44,2.34,-4.06,-1.59,1.28,3.03,4.87,0.71,-1.61,0.02,3.38,2.65,-2.84,-3.9,-6.62,1,0,0
-0.64,-0.29,-0.87,-4.43,-1.18,2.49,1.46,3.82,3.72,0.53,3.09,2.55,-0.16,-0.52,-4.21,-0.61,1,0,0
-0.2,0.7,-0.02,-4.33,0.97,3.81,-2.28,6.05,-1.91,3.08,-0.63,-3.82,-3.43,-2.04,6.08,4.61,1,0,0
1.6,0.32,-1.49,0.42,0.17,-0.71,-2.02,-0.52,1.67,2.07,-0.44,-4.23,-1.21,-1.43,-0.96,1.3,1,0,0
1.9,2.66,-5.59,-1.1,0.3,1.9,1.32,-0.74,-0.9,2.41,2.74,1.93,-2.94,0.9,1.11,0.34,1,0,0
-0.25,-0.05,3.05,-0.91,1.22,3.01,2.16,3.68,-2.03,1.46,-0.15,-1.97,1.37,-2.0,-4.62,0.73,1,0,0
-3.11,-2.39,2.06,4.04,2.1,-2.54,-1.78,-0.78,0.11,-0.62,1.12,-3.91,1.51,1.57,-2.94,1.54,1,0,0
-1.38,-3.06,-4.71,-1.1,-3.95,1.8,-0.81,-0.8,-3.93,0.59,0.87,-2.07,-3.91,1.08,11.68,3.95,1,0,0
-2.3,0.87,-2.16,6.73,0.58,-0.3,1.95,-6.22,-1.65,-1.28,1.11,-1.58,-0.71,2.77,-0.47,0.85,1,0,0
0.57,3.21,-2.04,0.51,2.11,2.15,1.74,2.64,1.15,-2.36,0.88,1.06,-2.99,-1.46,1.77,-0.56,1,0,0
-5.52,-3.24,0.23,3.08,0.92,-3.19,2.31,0.39,0.44,1.8,2.82,2.05,-0.5,2.75,0.56,-2.21,1,0,0
-2.01,0.77,-3.49,1.73,-3.06,-1.6,3.53,-4.08,2.39,-1.37,-1.58,-1.2,-2.64,-1.59,2.37,-2.66,1,0,0
-3.53,1.54,-2.13,3.48,-1.26,0.88,1.3,-3.04,6.04,-6.05,2.8,0.97,0.51,0.87,-4.28,-3.76,1,0,0
-2.05,-3.04,-2.12,-4.48,0.63,1.07,-0.95,3.9,-0.77,0.77,1.37,-1.06,1.91,-1.41,2.45,1.13,1,0,0
-0.39,-0.78,-1.69,-1.07,-2.31,1.56,0.14,-1.32,-3.04,1.85,0.16,-1.61,-1.14,-1.3,3.85,0.53,1,0,0
0.81,4.23,-1.26,0.58,1.54,2.44,1.24,-0.57,-1.94,-1.14,0.57,1.15,-4.21,-0.1,1.5,0.22,1,0,0
1.04,-1.3,0.39,-2.12,1.3,0.74,0.07,0.62,-6.06,2.15,-1.74,-0.3,-1.54,-0.67,6.09,0.09,1,0,0
0.35,1.39,-0.44,-1.97,2.41,0.76,-0.58,1.58,-3.87,3.84,0.24,1.16,0.11,1.11,-0.38,-1.38,1,0,0
-5.97,1.88,-4.67,0.4,0.07,1.82,2.1,1.52,2.1,0.7,6.39,1.9,-2.2,-0.05,1.79,1.53,1,0,0
0.68,0.91,-0.66,-1.4,1.73,1.36,-0.11,1.57,2.46,-3.62,2.65,4.16,0.04,1.76,-3.33,-1.86,1,0,0
-2.26,0.1,-0.7,1.61,-0.42,-1.05,0.09,-0.8,1.27,-0.33,-0.69,-0.23,-2.84,3.58,2.24,0.19,1,0,0
2.55,-1.97,2.4,3.41,0.87,0.4,0.53,-0.73,-1.92,0.4,-2.85,-5.11,1.95,-2.17,-2.89,-2.24,1,0,0
-7.5,3.74,-0.96,4.59,-1.54,0.69,0.28,-6.82,-1.39,3.01,1.24,-4.18,-2.86,0.44,1.69,3.81,1,0,0
-3.61,-1.68,2.74,3.25,2.01,-4.3,0.14,0.57,-1.41,0.42,-1.91,-2.3,1.03,1.64,-0.36,-0.82,1,0,0
-5.47,-0.59,-2.47,1.32,-0.13,0.12,4.6,-0.29,4.28,-2.62,2.46,1.58,1.04,-0.84,-1.94,-1.47,1,0,0
-2.7,-3.45,-2.47,-1.99,-1.55,0.12,4.7,-0.67,-2.09,2.3,2.89,7.08,0.37,4.2,1.43,-2.83,1,1,1
-1.08,-1.51,-1.53,-2.78,-1.5,4.17,-1.52,2.57,2.56,-0.07,1.49,-1.33,-1.52,1.63,1.76,3.08,1,0,0
-1.34,-4.55,0.18,-5.91,-2.57,1.26,-0.3,4.14,2.62,-0.57,0.03,0.5,1.05,0.18,0.47,-0.87,1,0,0
3.66,1.71,0.07,0.24,-1.13,2.61,-0.57,-0.34,-0.67,1.83,-0.48,-3.74,-2.51,-1.87,-1.05,2.59,1,0,0
3.7,-4.58,3.47,-1.96,-0.86,-0.11,-1.1,4.33,-1.67,-1.23,-3.26,-2.44,0.77,-1.58,3.07,1.52,1,0,0
1.35,-1.1,1.29,1.76,-2.08,2.64,-2.64,-2.25,1.22,-0.4,-1.8,-7.38,0.81,-1.73,-2.68,0.42,1,0,0
-0.74,-2.86,1.3,-2.91,-0.32,0.75,2.72,4.89,-0.13,0.2,0.02,1.73,0.72,-1.11,0.82,-0.68,1,0,0
3.16,1.7,0.47,-1.59,1.37,0.62,0.96,-1.15,-2.48,0.5,-1.45,0.17,1.12,-2.0,-3.1,-2.76,1,0,0
-1.68,2.46,0.53,-2.44,-0.03,2.29,0.82,4.76,4.49,-1.68,1.41,2.06,-1.56,-0.82,-2.46,-1.04,1,0,0
0.15,0.42,0.32,0.19,-1.77,2.57,-0.77,-1.16,0.7,-0.77,-1.35,-3.69,-2.12,-0.45,0.73,1.18,1,0,0
-1.09,-3.28,0.44,-2.66,-2.9,1.53,0.59,2.15,1.74,0.52,1.12,1.4,-0.25,1.54,-0.01,-0.74,1,0,0
-2.11,-3.53,3.07,4.25,-0.29,-5.06,1.96,-0.6,1.79,0.39,-0.67,-0.11,0.08,3.53,-4.26,-2.83,1,0,0
-2.91,-0.94,-3.77,-0.21,-0.34,1.52,-0.89,-0.3,2.13,-1.72,4.08,2.53,-2.93,5.38,1.94,0.65,1,0,0
0.43,0.65,-2.24,1.11,4.83,-1.77,-1.23,-0.21,0.24,-1.76,1.58,0.88,2.52,0.86,-3.04,-1.85,1,0,0
0.77,-0.28,-3.17,-0.34,2.25,2.29,1.61,-0.58,-1.65,-1.33,0.24,-1.03,0.5,-1.94,2.09,1.19,1,0,0
-4.05,-0.98,-0.28,1.71,1.7,-1.93,1.86,0.15,-0.06,1.54,4.32,2.63,-1.79,1.99,-0.11,1.45,1,0,0
0.48,-2.72,2.99,-0.4,-1.77,2.86,0.94,0.34,1.01,0.92,-2.33,-2.31,1.02,1.03,-3.73,-1.11,1,0,0
0.31,0.93,-3.67,-2.46,-1.85,1.65,-2.91,-1.52,2.68,2.63,-0.48,-3.58,-1.49,0.77,0.58,2.94,1,0,0
1.71,1.43,-0.07,0.32,-0.03,3.78,0.89,-3.45,-2.2,1.14,-0.68,-0.27,-0.48,1.88,-2.64,-1.49,1,0,0
3.0,-1.13,-0.81,3.33,-1.6,-1.23,0.08,-1.18,1.48,-3.28,-3.66,-5.42,-1.33,-2.97,1.16,-3.12,1,0,0
-1.25,-1.57,-2.97,-1.18,0.39,0.47,0.7,1.13,-1.02,-0.3,0.02,-0.82,-0.31,-1.13,4.27,-0.99,1,0,0
2.93,0.86,0.68,-2.09,2.07,-1.12,-2.14,2.76,-1.28,2.82,-3.34,-2.82,0.67,-1.24,-0.91,-1.41,1,0,0
1.05,1.57,2.55,2.33,1.03,0.26,2.04,-0.92,-3.8,-0.49,-2.51,1.11,-0.43,2.03,-1.69,-1.76,1,1,1
-1.49,0.1,0.61,3.38,-0.06,-3.01,1.2,-1.84,1.7,-1.18,-0.82,0.89,-1.44,3.09,-0.61,0.79,1,0,0
1.29,-0.5,0.83,1.99,-0.26,2.35,-2.26,-1.47,2.6,-2.23,-1.74,-4.03,-0.01,0.56,-1.68,-0.59,1,0,0
4.3,2.79,-1.25,-3.15,1.64,4.02,0.84,0.51,-1.74,1.39,-0.23,0.51,0.82,-1.6,-4.91,-2.75,1,0,0
-2.98,-0.81,1.05,0.29,1.3,0.3,-0.71,2.72,1.54,-2.98,2.38,1.61,0.35,1.65,-0.89,-1.51,1,0,0
1.45,-2.35,0.85,-4.37,-4.44,3.15,1.0,1.43,-1.08,1.67,-4.57,-1.61,-1.52,-1.12,4.51,-3.58,1,0,0
-3.07,-3.52,0.67,3.13,0.42,-3.88,-1.16,-1.93,-0.81,-1.86,-0.66,0.33,0.86,3.29,3.26,-2.14,1,0,0
1.97,-0.92,-3.09,-1.16,2.43,1.46,1.27,1.63,-2.07,-0.62,1.43,4.05,-2.64,3.51,3.01,0.08,1,0,0
-1.31,-2.52,6.2,2.38,0.63,-3.21,5.21,1.58,-0.53,1.41,-2.07,2.17,1.42,-0.43,-4.18,-4.5,1,0,0
-1.42,-2.77,1.56,4.7,-0.73,-1.9,-0.85,-1.85,-0.56,-0.51,-1.48,-3.91,-0.74,1.54,1.37,-0.47,1,0,0
-0.43,-0.11,-0.17,-1.45,0.6,2.22,0.01,1.87,-2.26,4.09,1.29,-2.8,0.82,-3.38,0.23,1.77,1,0,0
-6.62,-0.55,3.16,7.06,-2.09,-1.09,2.08,-2.27,5.9,-4.37,0.5,-3.86,1.54,-1.06,-5.2,-3.38,1,1,1
-1.65,-1.88,1.28,2.46,-2.87,-1.82,-1.68,-5.09,0.56,-0.16,-1.46,-3.06,1.66,0.96,-1.53,-2.11,1,0,0
2.07,-0.02,-0.73,-2.24,-1.12,1.46,0.41,0.39,0.67,1.91,0.48,0.45,-0.54,-1.17,-1.58,-2.94,1,0,0
-0.38,-2.07,-0.1,0.2,1.13,-2.43,2.09,-0.53,-2.54,-0.04,1.46,3.78,-0.94,2.28,1.43,-1.12,1,1,1
-0.37,-0.52,-2.68,-2.38,-1.89,2.83,1.81,0.02,-3.15,1.71,0.26,-1.89,-1.39,-2.74,4.81,1.71,1,0,0
-0.05,2.17,1.49,-2.99,1.41,1.18,2.44,4.1,-0.72,2.66,0.63,2.1,0.77,-1.61,-4.48,-3.02,1,0,0
3.32,-0.43,1.64,-1.78,-0.0,2.99,-0.71,3.09,-2.24,2.19,-2.42,-2.14,-2.43,0.39,2.26,0.97,1,0,0
-0.51,-1.38,-1.99,0.66,0.36,0.94,-1.2,0.07,-0.72,-1.44,-0.21,-4.11,-1.9,0.01,4.15,3.64,1,0,0
-4.83,0.58,-1.44,4.04,0.5,-1.08,2.78,-1.76,3.5,-4.69,2.1,1.07,0.86,1.85,-2.81,-0.64,1,0,0
-0.76,0.81,-3.63,-0.96,1.4,1.95,-2.28,-2.23,-4.02,2.41,1.42,-2.6,0.52,0.72,1.91,1.88,1,0,0
-1.49,0.41,-1.39,-1.63,0.93,0.1,-1.71,-0.17,1.66,0.34,3.42,1.94,0.6,1.67,-3.04,-0.8,1,0,0
-2.84,-1.34,0.6,0.95,-0.91,-0.77,1.77,0.43,2.63,0.78,-1.6,-2.17,1.91,-1.43,-1.51,-2.96,1,0,0
1.46,-1.45,-0.58,-3.92,2.41,4.36,0.18,5.9,0.19,-1.88,1.41,1.95,1.24,-0.07,-0.4,-1.03,1,0,0
0.65,-0.69,0.01,-0.97,-0.34,2.82,-1.9,0.81,-2.39,1.52,-1.78,-4.08,-1.98,-0.74,4.43,2.22,1,0,0
-0.47,1.9,-0.36,-3.56,2.27,2.78,-0.21,2.82,-1.05,1.63,2.5,2.75,-2.21,2.7,-0.34,2.58,1,0,0
2.36,-1.74,0.12,-2.25,-2.92,1.46,-1.45,-0.01,-1.71,2.36,-2.54,-3.24,-2.63,-0.18,3.9,0.69,1,0,0
-3.03,-2.28,1.08,0.62,0.44,0.58,1.01,0.14,-1.32,-2.72,-0.37,-0.54,0.43,1.53,2.05,0.94,1,0,0
-0.15,-0.45,-3.28,0.68,3.42,-1.71,1.78,1.14,0.03,-2.3,2.68,3.31,1.39,1.56,-1.24,-0.93,1,0,0
2.97,1.13,1.67,-3.03,-0.78,5.87,0.19,4.28,-1.07,-0.23,0.61,-1.33,0.42,-2.91,-2.6,1.03,1,0,0
1.93,-2.77,-0.53,1.08,1.1,-2.15,-1.1,-2.46,-4.77,1.23,-2.77,-1.25,-1.16,2.14,5.63,0.46,1,0,0
-3.12,1.57,-0.05,-0.01,3.19,0.03,1.53,1.22,0.79,-0.78,1.81,2.61,-0.41,0.87,-1.29,-0.2,1,0,0
0.49,-1.01,-2.39,-1.65,-0.22,0.05,0.78,2.76,0.58,0.13,1.55,2.95,-0.79,1.75,1.04,-3.57,1,0,0
-6.07,2.71,-0.59,1.02,0.87,0.82,2.44,1.02,0.51,0.59,2.32,0.07,-2.78,0.35,0.83,2.62,1,0,0
-0.96,-1.1,-0.54,1.42,-0.48,0.28,-0.5,-1.96,0.07,-1.75,-1.2,-1.53,-0.26,1.75,0.91,-0.67,1,0,0
-1.3,-1.22,0.71,4.32,-3.77,-0.3,1.61,-4.12,-2.41,2.43,-2.32,-4.54,-2.03,0.1,2.52,1.42,1,0,0
-3.29,1.71,-1.85,3.47,3.81,-2.82,-1.08,0.52,-0.65,-0.39,1.64,-1.72,-2.4,0.99,3.88,5.95,1,0,0
-1.97,-0.85,4.7,3.35,-0.25,-2.04,3.31,-0.26,-2.68,-0.06,-3.18,-1.74,-1.87,-0.97,2.08,1.43,1,0,0
-5.63,0.73,0.37,4.13,-1.94,-0.86,2.26,-2.69,3.54,-3.95,0.37,0.41,0.63,1.2,-2.04,-3.69,1,0,0
-3.81,3.37,0.86,-0.22,-0.32,0.49,1.06,2.05,0.6,3.21,1.45,-0.94,-2.62,-1.54,-1.21,-0.41,1,0,0
-5.43,1.92,0.71,2.48,-0.06,0.73,4.57,0.6,7.09,-4.37,3.67,4.31,-1.24,2.64,-5.95,-0.48,1,0,0
2.52,-3.29,0.2,-5.27,0.74,4.33,-1.2,5.69,-0.71,-0.5,2.95,2.39,0.21,1.27,-0.15,1.59,1,0,0
-2.64,-3.41,1.99,1.71,-3.24,-1.2,0.17,-4.78,-4.99,-0.28,-1.67,-1.79,0.04,1.58,4.64,0.65,1,0,0
-1.83,1.17,-0.42,0.93,-0.76,0.11,4.32,-3.1,-3.27,1.46,0.19,3.49,-2.46,2.83,0.61,-1.4,1,0,0
-2.74,-0.07,0.7,-0.05,1.49,-0.08,0.74,0.72,2.05,-1.37,1.15,1.03,0.12,2.11,-2.98,-0.54,1,0,0
-0.34,1.58,-4.3,-1.84,2.05,-0.73,0.49,-1.8,-5.11,4.05,2.16,2.59,0.19,1.33,1.21,-0.53,1,0,0
2.26,0.04,-1.99,0.37,1.24,3.87,1.65,2.73,2.38,-4.14,0.58,-0.75,2.34,-2.63,-2.6,-1.94,1,0,0
1.47,-0.31,-1.85,-1.32,1.79,6.0,-0.99,1.96,0.89,-1.25,2.02,-4.35,3.87,-3.79,-5.01,-0.97,1,0,0
3.55,-3.4,0.6,1.74,1.29,-0.53,0.27,0.01,-0.7,-6.23,-1.84,0.63,0.18,0.7,1.41,-4.36,1,0,0
0.39,-4.77,-0.58,-3.91,-2.14,3.28,1.77,3.67,-1.14,2.82,1.98,1.44,-2.64,1.31,3.46,1.37,1,0,0
-2.58,1.32,0.59,5.61,-2.13,1.36,1.26,-8.15,1.2,-1.21,-0.01,-3.13,-2.21,1.69,-2.6,1.24,1,0,0
0.83,-0.85,-2.03,-2.63,0.52,3.29,-2.27,-0.68,-1.55,0.72,0.23,-0.67,1.18,1.2,1.39,0.82,1,0,0
-1.55,-1.58,-3.76,-1.23,-2.26,1.78,-0.05,-2.04,3.06,-3.94,0.68,0.1,1.98,0.48,-0.24,-2.52,1,0,0
-1.83,1.17,0.05,1.32,-2.44,2.18,-0.2,-1.55,1.11,0.34,0.74,-2.7,-2.67,0.54,0.04,1.76,1,0,0
-3.06,2.87,-2.84,-0.08,0.16,4.3,2.39,-1.13,-1.08,3.41,3.97,1.22,-1.76,1.56,-1.7,2.08,1,0,0
3.05,-1.62,1.23,-1.7,-0.63,1.86,-2.11,2.6,1.36,0.41,-1.02,-1.74,0.92,0.04,-1.78,0.11,1,0,0
-0.79,2.52,1.85,-2.33,-0.85,0.0,1.2,1.82,-0.41,3.14,-1.63,0.91,-2.54,-0.34,-0.7,-2.51,1,0,0
-2.83,1.31,-5.29,-4.4,-0.79,3.18,-1.03,0.59,2.26,1.19,3.51,1.43,-1.14,1.83,0.21,-0.48,1,0,0
0.61,1.45,-0.04,-0.62,2.69,1.75,1.6,-0.18,-1.79,0.5,1.37,3.86,-1.22,3.21,-1.83,-0.93,1,0,0
1.37,-1.03,-2.66,0.39,-1.77,2.93,1.41,-2.03,2.6,-3.79,-0.52,-2.24,1.37,-2.05,-1.45,-3.26,1,0,0
1.06,1.41,-3.23,-0.45,3.07,1.94,-1.52,-1.52,-3.89,-3.92,-0.17,-1.96,2.44,-2.06,1.84,-0.2,1,0,0
-1.03,3.49,-4.04,-1.95,0.22,1.83,-0.23,1.7,2.4,-1.22,2.34,-0.67,-1.4,-2.4,-0.64,0.04,1,0,0
3.32,-3.2,3.37,-0.44,-1.31,-0.05,1.0,0.1,-1.95,1.59,-3.25,-1.09,-0.88,1.34,-1.24,-1.32,1,0,0
-0.53,0.68,1.01,1.92,0.25,1.65,-0.78,-0.96,1.81,-3.42,-2.08,-5.3,-0.21,-2.6,-0.37,0.24,1,0,0
1.16,0.84,1.13,-0.2,-1.53,0.93,1.1,-2.36,-4.61,1.76,-2.54,-0.5,-0.59,-0.48,2.03,-0.63,1,0,0
2.13,-2.09,-2.95,-4.68,0.91,1.52,-0.17,0.95,-4.52,2.17,1.06,1.32,0.93,0.15,2.0,0.64,1,0,0
0.2,-1.52,-1.07,-1.24,-0.41,-0.41,4.68,2.42,1.59,-1.94,1.42,6.88,-0.75,1.08,-0.05,-7.01,1,0,0
-5.43,-1.05,-0.0,2.55,1.25,-2.62,4.33,3.54,3.02,-3.57,1.67,0.06,2.66,-2.97,-2.88,-4.07,1,0,0
2.9,-0.66,-1.2,-2.71,-0.33,2.89,-0.01,1.01,-3.02,-0.34,-0.9,-0.01,-1.98,-0.62,4.7,0.94,1,0,0
2.1,-2.58,-5.11,-2.91,0.11,1.39,-2.05,2.26,1.85,-0.18,2.31,0.75,-0.57,1.68,1.54,-1.34,1,0,0
-6.07,-3.47,-0.03,4.16,-2.62,-4.72,1.97,-2.66,0.43,-1.95,0.29,-1.44,0.94,-0.31,2.22,-3.45,1,0,0
1.8,1.35,-3.89,1.39,3.57,-3.12,1.58,-4.32,-4.8,1.81,0.66,2.7,-0.3,1.15,1.04,-1.89,1,0,0
-5.4,-0.29,0.15,3.43,-2.2,0.06,2.65,-3.43,1.04,-0.12,2.35,1.75,-1.86,4.6,-1.56,-1.41,1,0,0
0.43,0.71,-1.27,2.99,1.7,1.24,-1.26,-1.88,2.62,-2.65,1.52,-2.11,1.04,1.14,-4.64,0.99,1,0,0
-0.61,-1.26,-4.68,-0.81,1.64,1.0,2.14,1.97,-0.26,0.04,5.13,2.69,-0.12,-0.08,0.56,1.23,1,0,0
0.88,-1.93,1.6,2.13,0.28,-1.32,-3.01,-4.54,-3.82,-1.8,-3.81,-4.63,1.37,0.83,2.55,-0.26,1,0,0
0.72,-0.65,-3.53,-4.42,0.29,1.45,-0.24,2.09,-2.99,3.09,0.25,1.28,-3.59,1.44,7.02,2.89,1,0,0
-4.34,0.2,1.87,7.12,1.24,-1.63,2.23,-4.57,2.38,-5.33,0.17,-0.98,1.6,1.65,-3.88,-0.88,1,0,0
3.25,-2.58,-0.46,1.98,-0.76,-1.85,-1.61,-3.03,-1.74,0.19,-1.01,-0.39,-0.85,3.48,0.82,0.17,1,0,0
-2.09,0.16,0.95,0.14,-1.33,4.76,1.51,-0.81,-0.68,0.19,0.98,-1.63,-2.54,2.08,-0.98,3.7,1,0,0
-4.27,2.32,-4.23,-0.43,1.66,0.23,-1.43,-0.3,-3.91,-0.71,2.69,-0.9,-2.24,0.3,6.86,3.47,1,0,0
-2.72,-3.35,0.02,4.56,-1.08,-3.28,1.93,0.86,5.24,-3.15,-0.99,-2.48,1.66,-0.47,-2.03,-3.01,1,0,0
-2.07,3.21,-2.04,0.5,-1.53,0.98,2.44,-3.83,0.09,4.95,0.85,1.37,-0.74,0.97,-3.3,-4.15,1,0,0
0.39,0.24,-3.9,-3.93,2.19,1.51,1.55,2.31,0.19,0.12,1.1,5.31,-3.01,4.23,2.35,0.85,1,0,0
-2.01,3.63,-2.36,-3.01,0.04,6.96,0.35,3.07,2.86,1.0,3.47,-1.22,-2.04,-1.82,-1.69,2.52,1,0,0
-2.94,-0.4,-0.11,-1.84,1.72,-0.73,-1.27,3.9,3.32,-0.56,1.88,0.68,0.57,1.12,-2.18,-1.66,1,0,0
2.16,2.91,-3.56,1.0,0.9,1.54,-0.97,-3.15,-0.27,-2.68,0.22,-2.06,-1.62,-1.06,1.47,1.84,1,0,0
-2.82,-1.73,-0.21,0.38,2.63,-0.42,-0.28,2.65,0.33,1.58,2.23,-0.96,1.69,-0.41,-0.92,1.84,1,1,1
3.17,-1.35,-0.99,-2.34,0.92,1.51,-0.26,0.87,-5.07,0.62,-1.28,-0.45,-1.21,-1.39,5.2,-0.38,1,0,0
2.92,0.74,-2.49,-2.63,-0.78,3.71,-3.06,2.38,1.58,-0.53,0.97,-3.22,-0.52,-2.74,-0.0,-1.79,1,0,0
-3.07,2.72,-3.87,-0.01,-0.8,3.26,2.04,-1.37,2.51,-1.46,3.33,4.19,-5.9,4.27,2.92,2.22,1,0,0
0.95,-0.62,-1.38,0.45,1.59,1.87,-0.5,-0.87,-2.65,-0.88,-1.79,-2.2,-0.68,0.17,3.42,-0.12,1,0,0
-2.84,-2.45,-1.08,1.11,1.35,-2.84,-0.77,-0.01,1.76,-0.43,0.68,-0.8,-0.86,3.29,1.92,2.8,1,0,0
0.56,0.49,-2.86,3.84,2.13,-1.42,0.06,-4.89,-2.6,-1.14,-1.28,-1.83,-1.81,2.18,3.34,2.63,1,0,0
-1.33,-2.0,3.27,1.83,0.32,-2.14,-0.61,1.11,-1.58,-0.91,-0.88,-2.37,0.07,0.56,0.08,-0.28,1,0,0
-3.6,3.55,0.33,5.33,0.89,-2.95,-1.18,-3.52,-0.37,-1.0,0.83,-1.99,-1.32,1.85,-1.26,0.71,1,0,0
-3.35,-1.53,-3.83,0.3,-0.67,0.61,-0.79,-1.9,-1.86,0.91,3.66,2.16,-4.46,4.89,7.25,1.26,1,0,0
-1.75,-0.1,1.26,-1.14,0.13,-0.1,0.48,0.07,0.31,1.57,-0.99,1.01,-0.35,1.5,-0.61,-1.88,1,0,0
3.18,-2.49,5.55,-2.23,-0.88,1.74,1.5,3.14,-2.27,3.05,-2.29,-0.73,0.06,-0.93,-3.01,0.18,1,0,0
1.19,-1.39,-0.69,-1.43,1.67,3.53,0.73,2.86,0.84,-0.86,2.48,1.02,0.75,0.31,-3.22,-0.89,1,0,0
1.82,0.16,-1.81,-0.48,-1.05,1.72,-2.51,-0.12,0.95,-3.42,1.86,-1.03,-1.38,-0.57,0.41,-0.73,1,0,0
3.46,0.13,-0.98,-2.96,-1.29,3.15,-0.06,1.25,0.45,2.31,-1.19,-0.26,-0.34,-2.01,-0.53,-3.46,1,0,0
-1.79,1.46,0.71,1.69,0.41,0.71,0.1,-0.83,-3.6,0.22,-1.53,-3.06,-1.08,-1.38,3.84,1.82,1,0,0
4.02,-3.05,-3.22,-2.9,-1.63,0.79,-0.45,1.71,-1.84,2.28,-0.4,0.34,0.5,-0.1,2.47,-1.66,1,0,0
4.63,-1.09,3.76,-0.37,1.84,-1.65,0.36,1.5,-2.58,1.27,-4.82,-1.09,1.98,-0.96,-2.94,-5.65,1,0,0
2.58,2.87,-4.4,2.16,2.71,0.98,0.66,-0.73,-1.09,-0.99,2.87,0.62,-1.35,-2.21,0.99,-0.89,1,0,0
2.61,-2.17,-0.93,4.1,-0.57,-1.01,0.34,-3.11,-4.25,-2.56,-3.27,-4.66,-2.52,-1.01,6.53,1.26,1,0,0
3.01,-1.7,-2.3,-5.81,-2.42,5.46,-1.46,-0.39,-1.62,1.83,1.13,-0.19,-1.69,-0.06,3.1,2.5,1,0,0
-3.64,-0.07,0.32,0.29,-0.74,-0.09,0.02,2.11,1.55,-1.76,-1.2,-2.27,-0.77,-0.27,1.52,-0.72,1,0,0
-2.38,-2.7,-1.96,-1.8,0.96,1.86,0.3,1.65,-0.19,-3.37,1.54,-0.25,1.96,-1.68,2.59,-0.48,1,0,0
-3.02,0.13,4.09,4.37,-2.21,-0.6,1.02,-2.41,-0.35,2.59,-3.41,-7.22,-0.97,-2.78,-1.21,-0.81,1,0,0
-4.53,-2.15,-0.82,4.9,1.29,-3.53,-0.24,-3.25,0.57,-2.26,1.25,-0.05,1.56,3.82,-0.92,-2.76,1,0,0
-3.46,-0.92,-0.41,-1.07,-3.26,0.65,2.88,-0.97,2.87,2.02,-0.34,0.46,-2.5,-0.25,1.24,-2.07,1,0,0
0.33,-0.25,-3.39,0.21,1.77,0.98,-1.56,0.48,1.41,-3.88,1.19,0.0,-0.19,1.74,1.14,-0.78,1,0,0
0.13,1.55,-1.98,2.34,-1.39,0.21,2.18,-2.51,5.67,-4.49,0.33,2.86,0.35,1.97,-5.41,-6.71,1,0,0
-3.44,-1.22,-0.16,1.82,-2.7,3.29,2.19,-1.64,0.53,-0.2,0.52,-0.84,-4.01,2.26,3.23,0.81,1,0,0
1.62,-0.69,-3.55,-1.76,-5.67,3.12,-0.96,-5.71,-2.37,4.48,-3.37,-4.38,-2.07,-0.7,4.91,-1.59,1,0,0
-2.09,-1.1,1.16,1.66,-1.03,-1.06,0.69,-1.2,3.22,-3.49,0.38,1.7,0.63,2.53,-2.87,-3.56,1,0,0
-2.47,-1.35,-1.33,3.09,0.11,-0.05,-0.48,-6.08,-0.51,-1.34,-0.29,-3.45,1.95,0.79,-0.82,-1.06,1,0,0
0.27,0.47,-3.76,-0.23,2.03,-0.2,-1.59,-0.3,-0.14,1.85,0.65,-2.93,1.21,-2.26,0.63,-0.51,1,0,0
-2.96,-1.57,-0.07,1.08,-0.27,-3.05,0.32,2.14,-0.19,0.3,-0.85,-1.04,-1.6,0.42,4.63,0.05,1,0,0
-2.23,-0.91,-1.14,3.08,0.31,-0.18,1.47,-5.64,-6.42,2.38,1.67,-0.12,-1.57,2.44,3.94,4.63,1,0,0
4.94,-0.45,-0.85,-0.95,0.9,1.8,-1.79,-0.74,-3.42,1.94,-2.41,-2.08,1.13,0.35,-0.56,-0.39,1,0,0
-0.6,2.74,-1.49,-1.83,0.03,3.47,-0.09,-0.61,-1.31,3.33,3.0,0.69,-3.4,1.75,-0.67,2.55,1,0,0
-0.64,1.89,-0.65,4.0,2.59,-1.67,1.45,-2.58,1.39,-1.94,-1.93,-2.96,1.44,-1.41,-2.87,0.02,1,0,0
-5.02,-2.86,6.73,2.34,-3.59,-3.68,-0.4,-1.33,0.4,1.78,-4.01,-5.09,0.22,0.2,-0.54,-0.17,1,0,0
0.41,-0.78,-2.5,-0.54,-1.93,1.97,-1.73,-3.57,-5.0,1.28,-0.71,-2.77,-1.6,1.56,5.8,2.93,1,0,0
0.91,-1.8,-1.33,1.23,-1.32,-2.51,0.06,-4.92,-1.18,-0.41,-2.96,-0.73,-0.07,2.12,1.85,-2.09,1,0,0
-1.27,-0.06,0.55,-1.85,-2.32,3.59,3.14,0.61,1.5,-0.02,2.56,3.32,1.11,-0.02,-5.52,-5.17,1,0,0
-0.43,2.06,-1.07,-1.87,-0.78,3.72,0.84,1.14,-2.11,-0.52,0.59,0.69,-1.62,-1.1,2.33,-1.8,1,0,0
1.92,-1.96,1.98,-1.58,-1.35,0.06,-3.0,1.9,-0.94,1.51,-0.64,-1.71,0.19,0.22,0.34,0.64,1,0,0
-1.64,-0.45,-1.12,2.32,-0.05,-3.13,-1.86,-3.63,3.87,-3.7,0.79,0.01,1.33,2.49,-4.46,-5.24,1,0,0
0.89,-3.72,2.6,1.96,-1.8,-1.4,-0.12,-0.51,-2.2,-1.98,-3.64,-3.01,0.15,-0.45,2.54,-4.07,1,0,0
-4.36,-0.94,-1.41,3.5,-4.15,-2.52,2.91,-5.6,4.05,-2.42,0.23,3.18,-1.77,4.24,-0.01,-4.68,1,0,0
1.46,-1.16,-3.57,-2.95,-1.89,1.03,0.24,-0.39,0.7,-1.7,-0.46,1.45,-0.18,-1.29,3.03,-4.66,1,0,0
-2.38,2.12,-2.1,2.47,0.59,2.13,1.06,-2.18,-0.69,-1.47,3.1,-1.64,1.38,-2.17,-2.12,1.15,1,0,0
2.23,0.89,-2.66,-0.35,2.97,-1.14,-1.25,-1.86,-5.81,3.35,0.12,0.23,-2.65,2.14,3.68,3.65,1,0,0
-1.85,-0.84,-5.98,-2.03,2.07,0.76,1.49,-0.1,-1.51,2.06,5.64,3.92,-1.11,2.34,2.17,1.05,1,0,0
-2.56,-2.76,-1.59,-1.41,-1.73,0.89,3.57,1.16,0.65,-1.19,1.3,2.87,-2.53,1.73,3.22,-0.15,1,0,0
0.02,-1.37,-1.26,-0.65,0.81,0.15,-1.48,-0.97,0.54,-0.85,0.7,-0.29,1.36,0.48,-0.94,-0.62,1,0,0
-1.98,-3.82,-0.16,0.05,-2.29,-3.34,4.03,-0.42,0.59,-1.46,-2.44,3.14,0.85,1.0,2.28,-6.16,1,0,0
1.3,0.12,-2.38,-3.62,-1.44,4.24,-1.0,0.86,-2.67,2.86,2.04,-1.54,-2.76,-0.64,3.13,4.25,1,0,0
1.68,1.24,0.42,-0.77,1.99,0.03,-1.78,0.01,-0.66,1.2,0.25,1.35,-1.49,3.58,-2.35,-1.06,1,0,0
-1.7,-0.75,7.15,0.1,-3.11,0.13,1.13,1.53,0.84,-0.79,-2.5,-0.81,0.62,-1.35,-3.68,-3.97,1,0,0
-1.03,-0.48,-2.02,0.44,3.3,1.47,0.45,0.62,1.12,-0.69,1.39,-0.14,-0.22,1.74,-1.11,1.08,1,0,0
-1.06,-0.23,1.41,0.86,-2.14,0.09,3.77,-1.7,2.26,-2.14,-2.16,3.91,-1.54,3.16,-1.11,-4.36,1,0,0
3.0,-3.85,6.86,1.13,-2.16,-3.62,-1.55,-0.03,0.03,1.65,-5.55,-3.55,1.89,-0.06,-4.19,-5.54,1,0,0
-2.92,-2.27,1.95,0.93,-1.07,1.44,0.94,2.43,3.67,-0.32,-0.39,-4.09,-0.33,-2.04,-0.65,1.92,1,0,0
-1.59,3.23,2.56,2.18,0.07,2.54,0.03,1.6,1.07,0.4,-0.51,-5.78,-1.98,-3.8,-2.0,2.81,1,0,0
0.67,-1.76,-0.13,1.13,1.83,-0.83,-1.68,-0.98,-2.55,-2.14,-1.02,-2.8,0.48,-0.3,2.85,1.72,1,0,0
-3.31,-0.51,0.59,3.71,3.2,-2.98,-0.97,-1.24,0.77,0.03,2.74,-0.66,0.89,2.34,-4.18,0.91,1,0,0
-5.63,-2.2,3.91,-2.66,-6.08,4.93,3.98,2.76,6.03,0.2,1.23,-1.68,-0.31,-2.81,-4.07,-1.51,1,0,0
2.56,1.18,-5.2,-3.57,-0.83,5.71,0.97,-0.68,1.93,0.21,2.89,2.32,1.74,0.11,-5.92,-7.12,1,0,0
-3.57,2.02,-2.92,4.65,1.83,-0.6,5.34,-2.49,1.17,-1.89,4.25,5.64,-4.06,4.45,0.57,1.66,1,0,0
0.44,-5.73,-5.19,1.43,1.63,-1.37,1.6,-0.1,-1.9,-2.12,3.16,0.26,1.98,0.15,3.21,-0.27,1,0,0
-0.83,-2.11,3.31,1.41,0.76,-2.12,-0.48,-0.55,-0.85,0.8,-1.13,0.16,0.89,3.49,-2.39,-1.1,1,0,0
0.03,1.2,0.86,-0.25,-2.84,3.13,0.18,0.05,1.77,0.01,-1.32,-2.72,-2.53,-1.45,0.72,1.04,1,0,0
-0.07,3.09,-0.04,0.36,0.42,4.4,1.93,0.08,1.22,0.35,-0.43,-0.65,-2.9,1.33,-1.85,2.12,1,0,0
-0.3,-2.0,-3.83,6.0,2.11,-0.82,2.21,-4.92,-2.74,-2.51,2.0,0.04,-1.74,3.45,2.94,3.02,1,0,0
-0.52,-4.53,-1.43,-1.99,-3.67,2.15,-1.08,-1.35,-0.28,1.05,-0.59,-3.68,0.79,-0.48,2.47,-0.78,1,0,0
4.03,2.44,-4.29,-0.03,5.02,1.91,-2.3,1.44,-3.84,0.63,0.8,-2.96,-1.01,-2.3,2.49,2.26,1,0,0
-3.12,-3.76,4.24,2.92,-5.88,-1.87,2.66,-3.94,0.92,1.6,-2.98,-0.8,-2.82,3.27,0.92,-2.65,1,0,0
-2.17,-1.49,-1.93,0.93,-1.74,-0.41,-0.9,-2.74,1.41,-2.71,0.97,-0.99,-1.23,1.98,1.82,-0.29,1,0,0
-7.19,0.05,-0.68,3.72,-2.02,-0.65,0.65,-1.87,0.04,1.99,2.56,-3.96,-1.68,-1.95,2.75,0.61,1,0,0
0.88,2.12,-5.46,-6.03,0.2,5.94,-1.77,1.0,-2.0,1.71,1.82,-0.42,-2.26,-0.23,3.54,2.66,1,0,0
-0.61,-2.28,1.62,-4.65,-0.88,0.32,0.63,7.81,-2.69,2.79,0.98,1.15,-5.22,0.0,7.4,3.8,1,0,0
1.32,-3.91,2.28,-0.23,0.24,-2.07,-0.54,1.11,-2.32,-0.88,-0.95,1.22,-1.0,2.7,2.22,-0.68,1,0,0
-4.28,2.61,-3.68,-1.75,1.86,3.62,0.45,-0.06,0.31,-1.1,4.61,1.48,-0.7,-0.21,0.24,1.85,1,0,0
3.72,0.27,-3.55,-3.99,0.29,1.72,1.63,1.88,-3.95,1.65,0.65,2.76,-3.17,-0.85,6.06,1.81,1,0,0
1.0,0.14,2.54,-1.71,-1.45,1.6,-0.23,-1.02,-3.08,2.4,-1.38,1.46,-1.83,3.19,0.13,0.05,1,0,0
-2.11,1.53,-0.25,0.17,1.75,0.08,2.58,1.43,1.31,-0.32,1.73,1.94,-0.99,-1.18,-0.91,-0.08,1,0,0
1.53,1.55,3.24,-0.12,1.08,2.31,-1.17,0.38,-1.59,1.93,-1.63,-1.24,-1.45,2.17,-2.26,1.49,1,0,0
-3.98,-0.17,1.01,2.52,-1.01,-0.18,3.06,-2.18,-2.05,-0.42,-1.11,0.86,-1.11,1.92,2.57,-1.31,1,0,0
-1.59,2.1,-6.19,-0.8,1.3,3.35,-0.48,-2.83,1.41,-1.82,4.13,2.7,-1.31,4.57,-0.57,2.03,1,0,0
-4.49,0.37,-1.12,1.24,0.08,-0.36,0.91,-1.21,0.68,0.39,1.36,-2.41,-1.06,-0.8,1.72,4.51,1,0,0
5.67,0.09,-0.48,0.28,-0.34,2.72,-2.71,-2.59,-3.9,1.8,-2.42,-6.73,-0.94,-3.93,2.33,3.28,1,0,0
2.4,-2.96,0.2,-2.38,-2.29,1.6,-1.92,-0.49,-2.02,1.46,-2.64,-4.84,1.02,-2.43,1.71,-1.59,1,0,0
4.13,3.2,-4.54,1.52,1.99,0.21,-2.72,-5.42,-0.93,-2.41,-2.58,-1.85,-1.03,2.18,0.95,0.73,1,0,0
-2.8,-2.69,-1.77,-4.39,-3.5,3.81,1.0,2.18,-0.13,2.36,0.89,-0.52,-3.14,0.34,6.23,1.69,1,0,0
-3.48,-3.09,-0.5,1.26,-2.79,-0.52,-3.28,-3.64,-0.1,-0.8,1.18,-3.64,-0.3,2.28,3.13,4.61,1,0,0
2.33,-1.27,-2.62,-4.72,-1.03,1.2,-0.11,2.05,-1.09,1.89,0.34,2.61,-0.28,0.81,1.57,-1.69,1,0,0
-0.45,1.9,-0.3,-0.42,0.15,2.23,1.49,-0.24,0.69,0.44,-1.11,0.02,0.19,0.41,-2.24,-2.92,1,0,0
4.76,1.59,-1.87,-4.01,2.11,2.24,-2.55,0.46,-2.61,-0.3,-0.53,0.28,-0.04,-0.29,-0.46,-1.14,1,0,0
-0.24,-2.72,0.13,-0.93,-0.26,-3.56,1.0,-1.34,-4.52,-0.71,-1.13,4.08,-0.33,3.51,3.9,-1.39,1,0,0
-2.49,3.05,-1.57,2.46,-0.98,0.13,4.24,0.08,0.1,-2.19,0.33,0.68,-0.81,-3.16,0.85,-3.08,1,0,0
2.13,2.22,-1.41,0.4,0.9,3.05,5.92,-0.27,-1.05,-0.56,2.35,6.02,-2.71,0.29,-1.7,-1.88,1,0,0
1.23,-0.71,-0.66,-1.53,1.55,-1.13,-2.27,1.47,-2.8,1.93,-1.54,-1.15,-0.2,0.11,3.83,0.59,1,0,0
-0.09,-2.21,-1.07,-0.92,-0.36,2.02,-0.78,-0.45,0.44,2.6,-0.43,-4.45,2.52,-1.65,-1.5,-0.13,1,0,0
2.84,-0.45,-1.58,-1.66,-1.65,0.23,0.49,0.26,-2.13,2.52,-1.85,-0.44,0.74,-1.25,0.43,-4.92,1,0,0
-2.3,-0.43,0.93,-1.94,0.98,0.49,1.61,1.62,-1.92,2.55,3.92,2.99,-0.69,1.37,-1.86,1.66,1,0,0
-2.64,-2.7,2.22,3.53,-0.61,-2.98,1.9,-3.91,-0.41,-0.91,-0.54,1.36,0.61,2.97,-1.34,-3.7,1,0,0
-3.67,-1.4,-3.61,-0.03,0.14,-0.44,-0.89,-1.74,1.53,-1.82,2.95,-0.25,1.72,0.2,0.58,-1.32,1,0,0
3.03,3.94,-4.42,-2.16,4.64,1.45,2.49,4.98,2.89,-1.29,2.59,3.72,-0.15,-2.07,-3.53,-0.74,1,0,0
1.76,-1.12,-0.8,-3.68,-2.34,3.98,-0.57,1.47,-0.79,1.56,-1.13,-1.62,-1.31,-0.56,2.73,0.78,1,0,0
1.57,1.22,-3.14,-3.46,3.96,4.4,-0.22,3.46,-3.07,1.08,1.8,-0.49,-1.02,-0.58,2.16,4.35,1,0,0
-1.78,1.48,-4.37,3.01,2.84,-2.2,-1.85,-0.22,0.02,-0.94,2.34,-2.51,-2.12,-0.29,3.42,1.55,1,0,0
-2.66,-1.06,-3.49,2.19,-2.54,-2.98,-1.73,-5.78,0.37,-1.02,0.23,-1.54,-0.79,2.65,3.1,-0.17,1,0,0
0.95,-0.16,-1.83,3.74,-0.81,-3.86,2.71,-3.94,2.61,-2.65,-2.3,-0.19,0.34,-1.3,-1.07,-5.05,1,0,0
-0.41,-0.77,-1.27,2.71,2.66,-2.25,0.07,0.25,1.62,-3.27,1.72,1.78,-1.52,2.64,0.53,-0.92,1,0,0
-1.34,-3.01,-0.19,-2.6,-3.62,0.11,1.73,0.3,-0.17,-0.91,-1.28,1.09,-0.75,0.34,2.95,-3.49,1,0,0
3.24,0.39,-1.22,-1.9,-1.02,7.12,-1.99,1.83,1.17,0.38,0.69,-3.58,-1.14,-0.64,-1.73,1.11,1,0,0
-2.14,2.42,-1.75,-3.47,1.66,4.06,0.22,4.45,-1.32,2.67,1.69,-1.28,-2.63,-1.96,2.68,2.69,1,0,0
-2.19,1.92,-2.3,-2.03,1.57,1.13,0.03,0.52,1.34,-1.37,1.63,1.96,0.94,-0.16,-1.28,-2.79,1,0,0
-2.03,1.12,-0.1,1.86,2.06,-0.44,0.22,-0.74,0.19,-0.05,0.93,-1.01,1.7,-0.37,-3.92,-2.12,1,0,0
4.06,1.53,-1.25,-0.91,3.01,0.34,-1.71,-2.02,-5.61,1.99,-0.72,-0.12,0.64,0.02,0.13,-0.67,1,0,0
0.53,0.74,-1.42,-1.71,1.52,5.69,-0.71,0.17,-3.97,2.03,1.7,-1.97,-2.84,0.13,2.89,5.15,1,0,0
-1.97,-1.24,0.65,0.79,-2.5,-0.99,-0.15,-2.36,1.12,0.35,-1.27,-0.57,0.49,2.34,-1.23,-2.76,1,0,0
-3.35,1.37,0.49,4.78,0.09,3.55,3.51,-2.43,-0.52,-1.48,1.31,-0.75,-2.58,1.74,-0.95,0.77,1,0,0
-3.21,-2.23,0.83,0.77,-1.91,-1.21,-1.02,-0.43,0.29,-0.05,0.07,-2.99,0.08,-0.94,2.25,0.23,1,0,0
1.81,3.55,0.12,-1.12,0.53,2.38,-0.7,0.53,-3.02,1.73,0.54,0.83,-2.58,-0.27,1.54,1.85,1,0,0
-0.63,2.18,-0.78,0.39,1.79,0.58,0.37,0.34,-0.51,0.37,0.43,-0.85,-0.51,-1.93,-0.21,-0.65,1,0,0
-0.55,2.52,-1.02,3.35,4.78,-3.2,0.97,0.54,-3.15,0.11,0.6,0.02,0.33,-1.42,0.37,0.09,1,0,0
-1.62,0.48,2.86,4.85,-3.64,-1.22,3.95,-3.65,-0.69,0.28,-4.69,-2.52,-2.42,-1.06,1.58,-3.46,1,0,0
-2.5,2.62,-2.14,-0.81,3.15,2.32,1.03,1.47,3.88,0.21,2.47,-0.26,-0.3,-0.17,-4.0,-0.19,1,0,0
1.93,-5.27,2.68,-3.8,0.47,-0.62,-2.62,4.02,-1.64,2.58,-1.29,-0.35,2.74,1.42,-0.78,-2.63,1,0,0
-0.33,0.25,1.42,-3.04,-1.22,-0.68,-0.42,1.94,-3.19,5.14,-2.78,-3.22,-1.46,-3.93,4.15,-0.31,1,0,0
-0.75,-0.17,-3.77,-0.51,2.42,1.22,-0.57,1.48,-0.81,-2.75,3.5,2.14,-2.35,2.47,3.84,3.57,1,0,0
-2.41,1.52,-2.13,3.08,1.7,-2.36,3.2,-1.59,-0.63,-2.74,2.37,4.72,-0.06,2.57,-0.76,-1.86,1,0,0
-2.37,-2.75,-0.31,2.09,-2.25,-1.61,-1.73,-4.01,-1.74,0.06,-2.84,-4.88,-1.76,2.61,4.88,1.87,1,0,0
-0.95,1.15,-0.61,1.85,0.57,0.25,0.42,-4.11,-1.84,0.77,-0.86,-2.8,2.68,-0.36,-4.1,-1.26,1,0,0
2.35,-0.61,-0.52,-0.7,-0.19,3.01,2.32,-0.16,-0.67,0.95,-0.72,-0.26,-0.55,-0.98,-0.75,-0.8,1,0,0
2.59,2.82,-2.42,-2.73,4.03,3.49,-1.48,0.66,-3.55,-0.07,0.51,-1.0,-0.81,-1.03,1.04,3.52,1,0,0
-2.89,2.37,-1.41,-0.66,-0.24,4.74,2.09,2.4,2.46,-0.75,4.34,-0.83,0.04,-3.93,-3.59,-0.13,1,0,0
-3.77,-3.66,2.16,5.87,0.66,-3.39,5.33,-0.72,-1.11,-3.68,0.33,0.66,3.38,0.18,-2.06,-1.6,1,0,0
1.72,0.37,-5.54,3.08,1.96,0.82,2.64,-3.19,0.96,-1.76,1.19,0.27,-1.08,-0.11,0.17,-2.08,1,0,0
-1.67,-0.24,-3.48,1.58,0.13,0.78,1.88,-0.04,2.56,-4.14,2.21,-1.33,-0.38,-2.62,0.3,-0.56,1,0,0
2.01,-1.16,-0.93,2.21,3.36,-0.94,-0.93,-1.98,-3.36,1.04,-1.47,-3.57,0.39,-0.18,1.4,1.26,1,0,0
2.21,-0.18,-0.84,-0.69,-1.73,2.93,-1.56,1.78,3.62,-1.34,-0.71,-0.79,-3.36,2.17,0.28,-1.4,1,0,0
0.47,1.0,-4.0,0.55,3.3,-0.66,1.16,1.49,-1.67,-1.47,1.75,1.95,-4.27,1.29,5.77,2.73,1,0,0
1.32,1.15,-4.92,-0.61,1.13,2.15,-1.45,-0.38,0.36,-0.94,2.47,-0.98,-0.33,-0.62,0.37,0.07,1,0,0
-3.58,-2.4,4.69,2.15,-0.91,-2.07,-2.21,-1.48,-1.48,2.13,0.84,-1.23,-1.76,4.31,0.54,3.3,1,0,0
-3.85,-2.98,3.08,-0.86,-2.73,-0.66,1.02,2.6,1.01,2.54,-0.36,0.64,-1.64,1.28,1.88,-2.99,1,0,0
-0.78,-3.38,-2.6,0.12,-0.94,3.24,0.86,0.87,0.76,0.08,3.03,0.12,0.47,1.4,0.38,-0.5,1,0,0
-3.8,0.97,-0.69,0.96,0.06,4.26,2.12,1.68,1.15,1.29,1.84,-4.4,0.79,-4.38,-2.03,-0.52,1,0,0
-0.69,3.97,-5.93,-1.11,3.31,1.44,0.66,1.96,1.83,-0.44,4.48,3.48,-2.46,0.77,0.35,0.65,1,0,0
2.29,-1.94,3.21,0.71,-1.56,-2.08,0.13,-0.42,-3.2,2.73,-4.66,-3.26,-2.04,-1.97,4.22,-0.48,1,0,0
-0.98,-0.47,-0.59,-0.71,1.59,-0.93,0.74,2.04,1.59,-1.62,1.62,3.06,0.64,0.81,-1.52,-3.45,1,0,0
