@relation SyntheticData-N_600-D_16-Nmin_140-Zmin_32-CL_3_1-R_0
@attribute X0 real [-7.14, 7.57]
@attribute X1 real [-7.85, 7.89]
@attribute X2 real [-7.10, 6.70]
@attribute X3 real [-6.70, 6.45]
@attribute X4 real [-5.01, 6.09]
@attribute X5 real [-7.16, 6.22]
@attribute X6 real [-7.33, 9.72]
@attribute X7 real [-8.47, 9.17]
@attribute X8 real [-6.90, 6.10]
@attribute X9 real [-8.28, 6.68]
@attribute X10 real [-6.98, 6.36]
@attribute X11 real [-8.83, 5.79]
@attribute X12 real [-8.57, 8.00]
@attribute X13 real [-7.53, 8.29]
@attribute X14 real [-7.16, 6.95]
@attribute X15 real [-9.13, 5.89]
@attribute cluster_idx {0,1,2,3}
@attribute is_noise {0,1}
@attribute Class {0,1}
@inputs X0,X1,X2,X3,X4,X5,X6,X7,X8,X9,X10,X11,X12,X13,X14,X15,cluster_idx,is_noise
@output Class
@data
-3.04,-2.55,2.49,-1.24,1.54,1.5,3.31,-1.07,0.46,-2.14,0.52,-3.15,1.46,3.23,-1.04,-7.0,0,0,1
1.32,0.94,-2.08,-0.39,1.93,-2.33,0.94,2.06,1.77,-2.2,2.34,1.84,0.69,-0.48,-4.27,3.87,0,0,1
-1.18,-1.26,-2.07,0.62,2.99,-2.41,-0.43,2.31,-0.05,-1.82,-2.29,-1.5,-1.57,-1.32,-0.31,-3.48,0,0,1
2.53,0.35,2.55,3.05,-4.6,4.48,-4.08,0.85,-1.94,0.54,-5.7,2.05,-0.39,-3.61,4.04,2.04,0,0,1
-3.23,-3.14,-0.12,-0.34,-1.64,1.39,1.17,-1.46,-1.88,1.13,-1.58,0.5,-0.23,-4.03,0.23,-1.29,0,0,1
-4.38,1.5,2.88,-1.21,2.14,0.75,6.11,-2.16,-0.08,-2.06,-1.77,-0.61,2.86,0.35,1.85,-2.12,0,0,1
0.92,-0.13,-3.2,2.31,-4.87,0.02,-3.23,0.78,2.5,0.96,-3.42,4.04,-0.33,3.52,0.26,4.9,0,0,1
3.6,-0.1,-3.06,1.0,-1.53,0.86,-2.35,5.44,1.89,0.11,2.88,-0.47,0.28,4.17,0.4,1.0,0,0,1
-0.66,-3.84,-2.32,0.97,-1.39,-1.62,0.11,1.59,1.36,-0.78,-2.56,0.88,0.68,0.4,-0.12,-1.29,0,0,1
-2.76,-2.61,-4.4,1.28,-2.15,2.0,3.36,2.57,-0.47,0.58,2.57,1.1,-0.22,0.73,-0.9,-1.85,0,0,1
-0.63,-1.18,3.25,0.64,2.43,-0.71,-3.74,-0.55,2.05,-0.19,-3.98,-1.18,1.04,-4.94,-0.89,1.49,0,0,1
-0.25,1.0,0.01,-2.06,0.14,1.47,0.64,-2.51,-0.54,-0.11,3.02,-0.49,0.83,1.67,-0.16,-0.81,0,0,1
-0.12,-2.04,-0.82,2.14,-3.02,2.69,-1.79,-0.83,-0.11,0.45,-6.12,1.86,-3.24,-4.88,5.08,-2.06,0,0,1
5.13,1.78,0.11,1.82,5.26,-3.21,-3.24,2.07,4.52,-2.07,1.09,-3.39,0.56,2.44,-2.56,1.45,0,1,0
2.94,-2.15,-5.94,2.76,-2.13,-0.76,0.2,2.31,0.86,0.55,0.65,1.6,-2.84,0.85,-0.91,0.53,0,0,1
-3.75,-4.23,0.94,-4.03,0.35,-1.21,3.69,-2.27,-0.27,1.21,2.78,-2.8,0.58,-2.35,-1.05,-0.56,0,0,1
2.06,0.02,0.12,2.22,-2.15,2.01,1.97,1.9,-0.2,-1.53,-0.29,0.09,1.09,3.17,1.28,1.56,0,0,1
1.27,1.59,-1.31,0.31,-1.06,0.47,-2.21,1.15,3.87,-0.99,2.84,-0.68,0.23,1.62,1.97,0.8,0,0,1
-2.0,-1.14,-0.64,1.39,0.26,2.27,1.37,-0.06,1.31,0.06,-0.36,1.61,1.59,1.03,-0.25,-0.51,0,1,0
4.53,-0.41,-0.39,-0.59,0.46,-0.95,-4.12,2.41,-1.82,2.09,0.51,-3.72,-0.11,3.68,-3.24,1.95,0,0,1
1.4,-3.95,-0.44,2.19,-1.43,2.55,5.02,1.11,-2.3,-0.05,-0.78,-0.85,-0.93,1.71,0.69,-2.99,0,0,1
-0.24,-0.19,-0.42,-1.41,-4.74,1.36,-0.56,-0.0,-0.02,4.05,-1.51,1.02,-0.3,0.1,0.91,4.12,0,0,1
-2.62,-1.73,-0.86,-1.2,-0.83,2.47,3.01,-0.14,-2.04,-1.95,-1.27,3.11,-0.68,-5.61,3.65,-1.55,0,0,1
-3.52,-1.77,2.65,-1.9,0.62,1.57,-0.06,1.18,-2.13,-1.15,-6.05,2.92,4.64,-2.17,0.05,0.48,0,0,1
1.97,0.74,3.24,2.65,0.78,1.15,0.97,-1.38,-1.03,-2.58,-6.98,0.35,0.91,-0.21,4.69,1.06,0,0,1
0.7,1.5,-2.48,-1.43,2.36,-1.68,2.28,1.42,1.01,2.29,0.07,1.12,2.27,2.8,-2.35,3.16,0,0,1
-0.69,1.15,3.73,-1.66,2.35,1.77,-0.11,-2.19,0.28,0.14,-3.32,0.57,2.2,-3.4,-0.02,-0.92,0,1,0
-0.1,-1.3,1.13,0.45,2.26,-0.98,4.19,2.41,-2.47,-5.62,1.8,-2.35,0.57,2.92,0.09,-1.05,0,1,0
-1.1,0.57,1.46,0.3,4.31,-1.04,0.04,1.67,2.61,-3.62,0.43,-2.84,3.33,5.22,-2.32,-1.32,0,0,1
2.49,-1.58,-1.02,4.19,0.21,-0.43,2.48,2.65,-2.61,-1.62,-2.24,-1.36,-1.73,1.06,0.32,0.11,0,0,1
0.82,-0.4,0.94,-0.4,1.22,-0.33,2.44,0.04,1.54,-0.92,1.98,-2.73,0.7,2.56,-2.76,-2.4,0,0,1
-2.89,-7.85,-4.31,-1.49,-2.18,0.58,3.14,0.19,0.32,3.74,2.8,0.38,-1.83,-2.01,-0.49,-0.0,0,0,1
-4.29,0.06,-6.26,-0.52,0.93,-2.81,2.43,3.12,1.33,-5.4,2.64,2.76,-0.76,-2.4,1.41,-3.02,0,0,1
-3.09,-2.08,-0.47,-4.1,-5.01,5.83,1.01,-4.3,3.02,6.68,1.36,2.95,1.01,-0.02,1.26,-1.24,0,1,0
-0.49,1.52,2.36,-0.13,0.0,2.24,2.93,0.2,-2.33,-2.4,-2.08,-0.96,0.13,-0.67,3.97,-1.88,0,0,1
-1.15,2.02,2.04,-2.32,0.59,1.92,-1.02,0.16,1.11,0.33,-0.59,1.31,3.01,2.88,-0.78,3.28,0,0,1
1.42,0.35,-1.21,1.38,-1.9,1.14,-0.66,1.43,0.34,-1.4,-0.76,1.55,-0.76,2.01,0.78,1.72,0,0,1
-2.03,-0.34,-1.19,-1.61,-1.13,1.31,3.29,-0.16,4.06,2.35,0.6,0.34,1.73,3.63,-1.76,-2.48,0,0,1
3.08,-0.74,3.72,-0.57,-0.7,4.48,-1.4,-0.37,-2.51,2.33,2.49,-2.69,1.62,3.07,-2.47,-0.57,0,0,1
0.5,0.84,0.86,-0.92,0.46,-0.12,0.63,-0.44,1.75,-0.21,1.94,-4.23,-1.16,1.61,-1.32,-3.43,0,0,1
-0.52,-1.82,-2.64,-0.56,-0.65,2.16,1.57,0.06,0.48,0.65,3.1,-0.59,-2.61,0.68,0.5,0.18,0,0,1
1.51,-0.35,-1.53,-1.84,-0.6,0.78,-0.49,1.44,4.5,1.87,4.37,0.19,1.18,4.93,-4.05,3.15,0,0,1
-0.83,-2.34,-6.76,0.22,-1.38,1.23,2.2,1.95,0.5,0.51,2.75,2.01,-2.3,2.06,0.32,-1.15,0,0,1
-4.06,-0.45,2.01,-1.61,3.06,-0.95,1.72,-2.03,2.67,-0.56,-2.69,1.28,4.98,3.07,-1.72,0.66,0,0,1
2.86,4.21,5.4,-2.63,4.81,-4.27,-3.06,-0.84,-0.15,-1.99,-2.14,-4.53,2.29,0.53,-1.93,3.61,0,0,1
1.06,-2.14,-6.82,1.21,-0.67,-0.73,0.38,4.84,-5.67,-0.52,-0.68,2.32,-0.67,2.59,2.97,2.46,0,0,1
2.13,1.17,-1.51,-3.3,-1.22,0.92,-0.03,3.15,0.63,3.53,3.19,0.72,2.66,3.46,-4.42,1.63,0,0,1
-2.82,2.44,-4.02,-1.93,1.89,6.22,-0.77,-2.4,6.1,1.75,0.03,-1.6,-2.6,1.68,-0.74,5.26,1,0,1
-2.52,-1.51,2.94,3.22,-1.05,-1.82,-3.59,1.62,-0.46,5.6,-0.67,1.11,-0.01,-0.75,-4.86,-0.76,1,0,1
0.56,-3.95,-2.36,-0.16,-0.19,-2.62,3.6,-0.41,-2.03,1.58,1.9,1.65,-6.65,4.09,2.57,1.49,1,0,1
3.68,1.41,1.4,5.74,-3.17,-5.21,-1.45,1.48,-0.51,0.81,-3.56,-0.18,6.67,-0.05,-2.35,0.12,1,0,1
0.37,2.71,-2.39,1.11,-3.27,-1.94,-0.96,-2.22,3.17,0.44,0.06,0.37,-1.38,2.09,1.16,3.85,1,0,1
-1.77,-2.33,-1.28,-0.63,0.35,2.26,-2.84,-0.92,-1.48,2.16,-0.63,2.58,0.7,-1.22,1.23,0.6,1,0,1
1.74,1.46,5.5,4.34,1.9,-1.82,0.5,-1.25,-3.65,-7.94,3.76,-1.04,1.41,3.58,-0.53,-6.0,1,0,1
-2.21,0.34,-2.33,-2.57,-0.2,2.73,-0.85,-2.23,-1.47,5.24,-3.11,3.44,-2.14,-1.71,0.26,0.47,1,0,1
0.39,2.79,1.92,1.83,0.39,-0.29,-1.45,-1.73,0.1,-1.77,0.81,0.05,2.97,0.81,-0.77,-0.45,1,0,1
0.92,-3.61,2.19,2.02,2.21,2.26,-2.54,2.43,-5.79,4.06,-0.68,4.27,-0.66,0.76,-1.98,-3.2,1,0,1
-0.02,-0.35,1.52,1.22,-2.15,-0.15,-0.89,0.38,-0.1,1.33,-0.42,0.3,-2.27,-0.93,-0.58,-1.39,1,1,0
0.41,-1.07,1.94,2.37,-0.12,-0.87,-1.21,-1.09,-3.34,2.32,0.64,1.7,-1.15,2.38,-0.36,-1.7,1,0,1
0.57,0.43,0.3,-1.31,0.76,2.99,1.91,0.14,-1.3,1.07,-0.37,2.29,0.09,0.4,1.45,-0.5,1,0,1
0.57,4.98,0.18,3.85,0.87,-2.2,-0.19,-5.43,-0.55,0.09,-3.44,-1.82,6.28,0.15,1.5,-0.02,1,0,1
-1.5,-3.92,-2.37,-0.5,-4.14,-4.39,-2.2,0.38,2.72,3.59,0.01,-0.0,-0.68,1.13,-1.71,5.72,1,0,1
1.97,-4.6,2.64,2.23,-2.74,-3.86,-1.64,5.89,2.3,-1.02,4.52,1.47,-1.25,1.11,-0.54,1.14,1,0,1
0.45,2.42,2.19,0.0,-1.93,0.71,-2.22,0.55,0.16,-1.09,2.39,4.61,0.54,-0.89,2.15,-1.21,1,0,1
2.7,-1.78,-0.11,3.52,3.5,-1.03,0.1,2.66,-1.32,-2.73,1.13,3.04,2.73,1.01,2.48,-1.58,1,0,1
-1.45,-5.54,-2.33,-5.18,-1.74,4.4,-0.61,2.14,0.53,4.43,-0.2,2.0,-5.92,0.13,-2.63,2.13,1,0,1
0.81,3.44,2.48,5.17,0.29,-1.64,-0.17,0.3,1.26,-1.51,2.27,1.39,1.66,1.78,-0.35,-2.41,1,0,1
-0.39,0.48,1.07,1.04,0.29,1.63,-1.45,-0.74,-1.01,1.16,-0.61,1.33,0.96,-0.33,0.45,-1.02,1,1,0
1.78,4.69,2.14,1.91,-0.22,-2.55,3.03,-3.35,-1.11,-4.5,2.1,1.6,3.76,1.93,4.36,-2.63,1,0,1
-2.67,-2.29,-0.52,-0.08,-0.85,-0.55,-1.75,1.34,0.74,1.37,1.45,2.66,0.41,0.09,-0.64,1.9,1,0,1
-0.73,-4.07,1.19,-2.16,-1.12,0.81,-1.6,0.03,-1.93,1.43,-0.7,-0.05,0.13,-1.77,-0.65,-0.02,1,0,1
0.45,-3.51,0.61,3.08,1.71,-0.49,-1.05,2.16,-2.38,0.77,0.07,0.24,-1.55,2.04,-3.03,-0.61,1,1,0
-2.15,-1.02,-1.02,-0.04,-0.06,2.23,-1.09,1.41,3.85,4.5,-1.49,-0.48,0.94,-0.27,-3.21,2.88,1,0,1
-0.5,0.29,2.45,1.58,-0.42,-0.66,-0.78,-1.92,-1.75,1.6,-4.03,-2.63,2.7,-2.83,-1.76,-2.32,1,0,1
1.51,-1.04,-0.45,-0.85,-2.59,1.3,1.17,1.12,-1.35,0.52,-0.29,1.69,-2.34,1.49,-0.38,0.38,1,1,0
2.3,1.1,3.61,4.65,-2.22,-1.98,-1.31,2.43,-2.1,0.04,-0.2,2.49,1.5,-0.7,-1.01,-3.68,1,0,1
-3.69,0.75,0.66,-4.22,-0.28,1.28,-0.31,-4.52,1.74,0.7,-1.65,-4.34,-0.78,-1.87,-2.14,2.17,1,0,1
-3.68,-5.15,0.32,1.76,0.5,-1.46,-1.52,-1.95,-2.33,3.11,0.3,-2.29,-4.32,2.08,-2.14,0.43,1,0,1
3.78,-1.08,0.02,1.15,0.76,-1.65,2.06,1.62,-1.49,-2.37,0.36,1.5,-1.31,1.97,-0.18,-1.91,1,0,1
-2.95,0.87,2.07,0.82,-2.93,0.2,1.16,-3.73,-2.24,3.66,-4.24,-3.04,1.23,-2.58,-1.68,-2.17,1,0,1
-1.81,-0.06,-1.68,-0.24,0.7,3.43,-2.29,-2.18,-0.17,2.52,-2.26,0.72,-0.81,-2.7,1.22,0.11,1,0,1
2.35,0.87,-2.57,3.91,-4.18,-2.15,0.96,1.34,3.11,1.92,-0.44,1.0,-3.29,1.97,0.85,1.67,1,0,1
4.69,-1.25,1.43,5.86,0.22,-7.16,-0.26,0.06,-4.65,-2.89,1.34,2.52,0.37,3.41,1.81,-3.1,1,0,1
-0.08,-1.8,-2.46,-0.82,-0.63,1.35,-2.72,0.06,1.13,2.73,1.13,2.01,-4.84,1.55,0.17,3.77,1,0,1
-0.44,-1.42,1.66,-2.36,-0.51,0.94,0.77,-1.4,-2.7,-0.98,0.8,0.16,-3.05,-0.38,1.19,-1.06,1,0,1
-0.73,2.58,-2.36,-1.03,-0.0,1.58,-1.82,-1.33,5.84,-0.02,2.21,0.55,-3.55,0.2,2.24,4.43,1,0,1
-1.18,1.47,-1.12,1.12,0.65,0.74,0.78,-1.7,2.53,1.08,1.17,0.95,-1.54,1.09,2.69,0.67,1,0,1
-1.23,5.09,-2.58,-2.08,1.02,2.77,-1.31,-4.34,3.11,-0.62,0.99,2.74,2.78,0.4,3.26,3.23,1,0,1
-1.46,-1.75,-1.26,-2.94,0.55,0.45,-2.88,-2.57,-0.08,-2.1,0.48,-0.84,1.21,0.36,-0.77,3.52,1,0,1
0.86,-1.05,-1.37,1.27,-1.38,1.72,-0.4,1.39,-0.14,1.76,-2.88,1.79,0.18,-3.36,2.23,-1.07,1,0,1
-0.29,-3.75,1.34,1.34,2.2,0.92,-2.84,2.84,-1.16,1.11,2.16,2.33,-2.17,0.79,-1.22,-0.3,1,0,1
1.27,4.72,0.79,1.69,0.2,-2.52,0.65,-1.72,2.36,-0.28,0.32,0.12,2.52,2.75,-2.0,1.31,1,0,1
-0.98,-2.79,-1.08,0.82,-2.43,0.35,1.5,-0.82,-1.5,6.37,-1.43,0.65,-6.65,0.47,1.7,-0.02,1,0,1
-2.64,1.15,-1.52,-0.96,3.41,1.13,-1.2,-4.7,0.54,-2.67,2.1,0.33,-1.43,2.14,0.54,0.09,1,0,1
1.38,-2.21,1.45,-0.67,-1.86,1.35,0.99,-1.37,0.67,0.33,-0.18,0.64,-0.49,1.32,1.1,1.8,2,0,1
-2.3,-3.02,-3.48,0.67,3.97,2.81,-0.2,3.73,2.6,-2.26,-5.5,0.75,4.36,-0.38,-4.56,-2.21,2,0,1
2.63,1.31,1.66,-2.85,-2.3,5.6,-0.03,0.0,2.98,-3.58,-0.09,-1.14,8.0,3.58,0.19,-2.74,2,0,1
-4.07,-0.62,-0.72,1.84,1.06,-4.3,-1.56,-0.27,-0.27,-2.8,-1.45,-3.39,-5.11,-2.54,1.59,0.32,2,0,1
-3.08,-0.11,2.32,-0.3,1.69,0.8,1.4,0.28,2.94,0.81,-3.44,0.05,0.86,-3.11,-0.09,-1.92,2,0,1
-3.95,0.87,3.29,-2.84,-2.5,-1.45,1.07,-1.76,0.28,-6.86,-0.05,-0.85,-1.84,1.17,2.17,1.61,2,0,1
-0.44,1.34,-2.53,2.19,0.83,0.24,-2.89,2.62,-2.08,0.46,2.03,-1.14,-1.45,3.17,-1.67,-0.72,2,0,1
-0.43,-2.72,1.37,0.59,-0.9,-1.09,-0.04,-1.86,2.5,-0.56,-1.22,1.76,-1.21,-1.48,3.27,2.26,2,0,1
-1.9,-1.02,-1.61,-0.62,0.22,0.39,-1.49,2.07,0.52,-1.95,0.83,0.71,0.98,-0.77,1.63,-0.24,2,0,1
-1.13,1.31,-6.79,2.38,2.64,-1.22,-0.64,-0.2,-3.55,1.36,-0.56,2.51,-3.47,-0.06,-2.92,2.84,2,0,1
1.6,-3.65,1.71,-4.1,-3.57,1.73,0.52,-0.37,3.2,-4.65,2.01,-0.03,2.49,-3.3,1.87,-1.65,2,0,1
1.73,-2.44,1.49,-0.96,1.23,1.01,2.66,-2.87,2.37,2.2,-3.04,-2.16,-1.82,-0.32,-2.96,4.0,2,0,1
5.32,-1.57,-0.63,-1.7,-0.11,1.37,-1.06,-0.61,2.31,4.8,2.81,1.43,1.94,1.05,0.34,2.32,2,0,1
-1.43,-3.46,-0.07,-0.52,4.46,1.41,2.38,0.67,0.53,4.77,-1.54,0.25,-3.63,-4.45,3.39,4.32,2,0,1
-4.16,-3.66,1.47,-5.02,-4.03,1.54,4.72,-2.23,1.05,-8.28,-0.03,-0.28,-1.23,-3.99,3.44,-1.35,2,0,1
2.6,-2.48,-4.36,0.92,1.15,0.63,-2.35,3.39,-0.9,-0.37,-0.21,1.58,2.26,1.25,-4.98,-1.75,2,0,1
0.88,-0.86,-1.68,0.16,1.57,0.21,-0.47,1.21,-1.88,1.03,-0.25,0.86,-0.74,-0.38,-1.37,3.13,2,1,0
0.94,2.69,4.93,-0.72,-1.62,-0.12,0.61,-1.21,-0.45,3.16,0.5,0.95,1.18,2.45,2.27,0.75,2,0,1
0.64,2.12,-3.11,0.71,3.67,1.37,2.05,-2.19,2.49,2.03,2.36,-2.45,-3.15,-4.62,-2.59,1.85,2,0,1
-1.82,-0.41,1.52,1.39,0.66,-5.06,-4.1,1.06,-3.27,0.37,-2.26,-4.11,-3.37,2.4,3.44,2.97,2,0,1
-2.77,3.37,-4.25,-1.08,1.03,2.64,0.57,0.3,0.92,-5.58,1.93,-0.67,0.84,0.04,-0.97,-3.5,2,0,1
-1.89,1.52,-1.54,3.68,4.1,1.11,-0.0,-1.47,2.87,2.32,-3.77,-1.6,-2.52,-3.82,-0.15,0.02,2,0,1
2.26,-0.35,0.55,-1.56,2.43,0.63,-1.31,2.16,-0.82,-1.87,-1.09,-1.99,1.18,2.89,-1.9,1.55,2,0,1
3.06,-5.22,2.51,-4.25,-0.37,0.86,0.72,5.51,-1.2,3.47,3.74,3.23,3.76,1.62,-0.85,1.22,2,0,1
2.67,-0.81,1.66,0.83,1.26,-1.25,-1.84,1.09,0.18,3.58,-0.6,0.9,0.79,2.86,0.15,2.16,2,0,1
-2.15,-0.41,-2.76,1.55,1.6,0.14,0.68,-1.06,0.35,-1.79,-3.45,-0.95,-3.08,-2.31,-3.89,-0.5,2,1,0
2.6,0.75,-2.13,1.12,2.17,-0.02,-1.49,0.34,1.2,0.01,-0.42,-2.34,0.13,-0.89,-3.79,-3.42,2,0,1
-0.34,-0.84,-1.84,1.14,2.0,1.55,-1.11,2.15,-0.47,1.54,-3.47,3.01,1.79,2.03,-2.84,0.41,2,0,1
0.1,-3.27,1.64,0.34,1.17,-4.39,0.12,2.66,-2.35,0.05,0.22,3.15,-0.98,1.2,0.26,-0.33,2,0,1
0.32,-2.79,4.1,-3.47,1.71,1.67,7.18,2.07,0.29,4.85,5.46,5.33,-2.39,-3.65,2.18,-0.72,2,0,1
2.8,1.1,0.77,2.85,2.66,1.43,2.0,-1.31,2.78,5.83,-0.73,-0.29,0.16,2.56,-4.5,-2.57,2,0,1
1.62,1.38,0.34,0.36,-1.35,0.67,-2.5,1.93,0.36,1.3,1.9,1.02,3.66,0.53,1.61,-2.83,2,0,1
1.53,-2.96,0.32,0.01,-0.02,-0.05,-1.92,4.48,-0.99,1.2,-0.06,2.62,3.71,3.65,-1.65,-0.22,2,0,1
-7.14,4.18,-3.79,0.9,-0.16,2.55,1.61,-1.77,2.71,-6.47,-0.16,-0.08,0.0,-1.4,1.57,-3.7,2,0,1
-0.81,0.03,1.66,0.49,-1.03,-1.78,0.21,0.55,-4.7,2.56,1.25,-0.86,-2.94,5.76,2.82,1.87,2,1,0
4.75,-1.52,3.64,-0.69,-2.67,1.48,-0.25,0.11,0.14,1.79,0.88,0.43,1.89,1.7,0.73,-1.29,2,0,1
-1.24,4.76,-1.36,2.84,0.67,1.04,1.75,-3.56,-0.21,1.07,-1.86,2.27,-0.84,0.38,-0.74,0.44,2,0,1
0.86,-0.94,0.18,-3.29,-2.53,2.28,0.58,0.2,-0.79,-1.01,0.79,-0.31,2.4,-0.32,1.02,-0.86,2,0,1
1.07,-0.94,-1.09,-0.09,-0.73,0.74,-0.02,-1.84,2.27,-1.36,-1.84,2.17,2.13,-0.96,-0.17,0.11,2,0,1
-0.86,-1.74,-0.34,-0.46,-1.34,1.27,-0.43,1.9,-2.16,0.74,-1.12,0.84,1.3,0.36,1.05,-1.27,2,0,1
1.33,1.79,-1.16,0.21,2.93,1.37,1.81,1.58,-1.35,1.86,1.36,0.48,1.13,2.94,-2.8,-2.47,2,0,1
-3.65,5.99,-1.74,2.21,4.76,5.17,0.86,0.14,4.38,1.68,-3.62,-2.71,2.87,-1.73,-1.63,-9.13,2,0,1
0.88,-4.29,0.02,-2.68,-0.85,-3.7,1.02,1.27,-5.62,-4.27,-0.37,1.24,-2.57,2.88,-2.03,2.98,2,0,1
0.18,2.71,0.5,0.83,-0.6,-2.49,-0.65,-0.88,-1.04,-0.34,0.74,1.78,0.84,-1.62,0.68,-1.25,2,0,1
-2.58,1.79,-1.63,3.33,1.53,-1.46,0.56,-1.15,0.11,0.73,0.65,-3.34,-5.94,-1.91,-2.38,-2.05,2,0,1
0.96,2.71,5.32,-0.27,-0.96,-1.37,-0.77,-2.53,1.98,-0.19,-0.21,-4.58,0.64,1.87,3.48,0.96,2,0,1
1.45,0.52,-0.81,2.36,1.16,1.25,2.77,-1.09,-2.01,-3.1,-0.64,2.9,2.01,1.82,-1.96,-2.32,3,1,1
-2.46,-2.28,-1.27,-2.38,-0.91,-1.68,4.42,-2.12,-0.37,-1.85,-1.92,0.68,0.01,-0.18,-1.12,-1.32,3,1,1
1.11,-3.48,-6.23,2.27,2.83,1.74,-0.03,1.08,-3.88,-1.71,0.57,-4.22,2.24,1.49,0.83,-1.01,3,0,0
-0.06,-0.65,0.19,-0.11,-1.8,1.76,0.63,-0.5,-1.06,1.51,-2.02,-1.16,-0.14,0.58,0.13,-2.94,3,0,0
-3.97,-1.85,-1.14,-1.9,-0.17,-0.94,1.26,-4.2,-4.14,0.73,-1.07,1.44,-0.17,-2.11,-2.12,1.94,3,0,0
3.71,-7.02,-5.58,0.77,2.63,0.68,-4.37,2.27,-3.33,0.74,1.68,-1.15,2.88,0.89,-4.13,0.53,3,0,0
1.14,0.2,-1.04,1.09,0.26,-1.02,0.51,1.16,0.39,1.76,-0.08,-2.4,-0.59,0.7,1.12,0.09,3,0,0
2.34,-1.19,-1.22,-3.94,3.82,5.67,-0.32,-1.85,-1.51,0.59,-4.13,1.09,-5.09,4.56,-4.15,-2.71,3,0,0
2.47,-2.08,-0.15,-0.17,-0.15,-4.21,-2.13,-0.9,0.62,-0.06,2.73,0.62,-0.52,-1.09,-2.28,0.82,3,0,0
-0.9,-3.41,0.99,-0.34,1.93,3.29,2.16,2.27,0.07,-5.2,-3.04,1.72,-0.66,3.76,2.09,-1.37,3,1,1
2.98,2.25,1.49,2.02,0.06,-1.43,-1.76,-0.94,-0.95,4.0,2.11,-1.24,-1.18,3.91,0.49,1.57,3,0,0
2.19,0.37,2.16,6.2,-3.41,-5.7,-3.23,-1.9,1.93,-1.15,4.78,-3.24,1.95,-1.87,5.98,-2.88,3,0,0
1.61,-1.01,-3.07,0.24,1.2,-1.27,-0.55,1.67,-0.17,-3.22,2.86,-0.52,-1.53,-0.2,-0.29,-0.47,3,0,0
3.85,-3.12,-5.39,0.2,2.53,0.51,-0.07,1.19,-0.97,-3.7,1.06,-1.48,-0.14,2.02,-2.7,-3.64,3,0,0
0.56,1.27,-0.24,-0.23,2.1,0.5,-0.86,3.36,1.07,-3.53,1.15,-1.2,-1.67,2.84,2.14,-0.48,3,0,0
0.8,-1.93,-0.97,2.33,-1.18,-1.2,-3.13,-1.62,-1.71,-1.81,3.26,0.81,-2.14,-2.93,1.6,-1.74,3,0,0
-0.03,1.01,2.62,-1.05,-3.13,-1.16,0.89,2.78,3.91,-1.24,0.41,-5.93,-3.25,-1.27,6.33,-1.77,3,0,0
0.29,1.79,2.37,1.86,2.28,-2.87,-4.55,-1.81,-1.69,-3.0,2.58,2.18,4.81,-0.25,-2.23,1.0,3,0,0
-3.69,5.05,3.85,-4.14,0.1,-3.7,0.26,1.13,3.58,-2.4,0.25,-0.98,-4.04,4.14,3.36,-0.28,3,0,0
-0.71,2.15,1.07,0.52,-1.71,-2.02,0.21,1.7,0.97,2.31,0.28,-3.48,0.84,3.71,2.99,-0.9,3,0,0
0.52,1.92,-3.14,-6.08,3.15,1.28,0.11,1.84,-0.1,-0.57,-0.85,-1.69,-4.47,1.91,-4.66,-0.41,3,0,0
0.98,0.16,-2.73,-2.6,2.52,3.2,1.81,2.03,-0.79,-0.68,-1.57,0.24,-1.67,5.79,-1.23,-2.33,3,1,1
5.41,-2.27,-4.06,-2.77,2.9,1.53,-3.49,1.95,-0.83,2.72,-0.25,-2.78,-1.15,2.21,-6.56,-1.15,3,0,0
3.17,-0.37,-3.0,0.32,3.93,4.42,-3.78,-2.64,-3.54,2.89,-3.06,-0.52,-0.3,1.17,-5.46,-3.16,3,0,0
0.0,-0.63,3.03,1.22,-1.72,-1.6,2.67,-2.19,2.6,0.59,-3.07,0.74,-2.73,-3.98,1.64,-0.86,3,0,0
-2.34,2.23,2.06,-2.39,-2.2,-1.3,-2.1,0.17,-0.97,0.75,1.65,2.64,-0.6,0.36,-0.57,-0.63,3,0,0
2.16,-0.94,-4.21,-2.64,2.62,2.36,5.34,3.39,2.01,-0.78,-3.3,-3.65,-4.64,3.3,-0.04,-1.66,3,0,0
-0.29,-2.84,-1.33,2.23,-0.31,-0.03,-1.32,3.2,-2.09,-3.13,1.15,0.74,6.35,-0.15,-0.82,-0.88,3,0,0
-0.98,-3.39,-6.32,-0.53,0.24,0.63,3.07,5.71,-2.23,-1.12,0.85,1.91,-0.98,0.72,-1.54,0.68,3,0,0
-3.19,-4.3,1.33,-2.43,0.74,2.92,3.15,-5.58,-2.8,-1.95,-4.16,1.04,-0.84,4.97,1.32,-1.27,3,0,0
2.26,-0.82,2.69,0.32,-1.72,-0.26,-3.02,-0.32,0.06,3.42,-1.47,0.64,3.41,1.6,-3.1,-2.76,3,0,0
0.07,0.9,-0.63,0.36,3.11,5.07,0.14,1.12,0.35,-1.77,-4.06,0.61,-4.95,-0.24,0.92,-2.74,3,0,0
1.09,2.64,4.92,-2.77,-2.89,0.13,-2.11,2.76,2.26,2.83,0.58,1.0,-3.59,3.87,1.18,-1.53,3,0,0
-0.27,1.2,0.8,4.35,-1.08,-2.51,-4.11,0.24,-2.89,0.89,4.81,-2.51,3.49,0.33,3.99,2.05,3,0,0
-1.3,-0.1,1.37,-0.42,0.17,-0.54,-2.74,-1.59,-3.67,-0.1,2.03,-1.08,4.56,6.34,0.67,0.4,3,0,0
1.38,-0.51,3.0,-2.69,-0.8,-0.4,-0.47,-1.26,0.98,2.51,-0.63,0.02,-3.49,4.35,0.09,-0.21,3,0,0
-3.19,2.78,2.46,1.33,0.75,0.13,1.69,-4.03,0.36,-0.77,-2.23,-1.03,-5.45,-0.69,5.9,-0.4,3,0,0
-4.25,-0.44,-0.69,-1.4,0.59,-0.77,5.62,-2.47,-2.71,-1.81,-2.11,4.81,-0.61,-1.32,-2.72,2.73,3,0,0
-0.2,-0.25,0.52,-2.97,-0.1,-1.05,-1.96,-0.11,0.13,0.81,-0.36,0.59,-2.68,-1.66,-2.11,-0.43,3,0,0
2.58,5.75,4.18,-1.96,1.24,0.17,-5.15,-2.04,-0.09,3.61,0.51,-0.64,-3.28,2.41,-2.4,-0.3,3,0,0
0.28,-0.74,-2.95,-1.36,0.66,0.1,1.24,1.28,-2.12,1.81,0.84,-0.04,-2.23,-0.49,-2.4,2.94,3,0,0
-1.72,1.59,0.04,-0.72,1.44,-0.75,-0.06,-2.2,-1.28,-0.81,0.07,-0.09,-4.28,-0.71,1.07,1.0,3,0,0
-1.58,4.05,-2.16,-2.33,1.36,-3.75,2.41,2.73,-0.31,-2.62,3.66,-0.65,-0.7,1.9,-0.5,3.0,3,0,0
1.81,-1.28,-3.79,1.29,2.02,2.29,-0.04,1.09,-1.93,-0.5,-0.08,0.15,-0.92,0.58,-0.33,-1.84,3,0,0
-2.07,2.45,1.24,2.5,-0.9,-3.92,-4.51,-5.62,-3.29,1.84,2.81,-0.81,-0.72,-2.52,2.02,0.11,3,0,0
0.7,-1.23,0.08,-0.28,-2.39,-1.7,2.32,-1.61,-0.5,4.52,-0.31,-3.88,-1.94,1.26,1.83,0.98,3,0,0
0.88,-2.8,0.84,0.64,-1.31,-0.3,-0.2,-1.96,-3.1,2.35,1.28,1.64,0.29,2.84,-0.63,1.77,3,0,0
-0.41,-1.15,-0.38,-0.43,2.39,1.96,-2.74,-1.5,-6.04,2.3,-0.08,2.36,5.44,4.3,-5.33,2.83,3,0,0
-4.43,1.05,1.47,-1.16,0.49,-1.6,4.26,-1.66,1.13,-2.68,-1.5,1.65,-7.4,-2.31,4.27,2.26,3,0,0
-1.89,2.89,1.41,-5.42,-3.04,-1.37,3.47,4.94,3.98,1.01,-2.06,-0.38,-4.51,-2.58,-1.32,-0.5,3,0,0
0.09,0.61,2.4,-1.45,1.13,-0.61,1.1,1.08,3.8,-1.72,-1.9,-2.76,-3.86,-0.58,3.22,0.32,3,0,0
-1.78,0.28,0.44,-2.06,0.74,-1.57,-1.67,-1.87,-2.33,2.75,-0.41,-1.47,2.81,3.13,-1.61,1.31,3,0,0
0.47,-1.93,-0.99,-2.76,-3.14,0.84,0.62,7.38,0.38,2.53,-0.48,-2.86,3.47,2.24,-1.4,-0.82,3,0,0
1.03,0.98,-0.09,1.62,1.01,-1.38,-6.08,-0.28,-2.98,1.67,2.88,-0.66,4.87,2.71,-1.49,-0.29,3,0,0
-1.06,-1.51,-0.71,0.26,0.62,0.51,3.45,0.1,-1.17,-3.49,-0.03,1.98,-1.39,0.62,0.8,1.06,3,0,0
1.17,0.16,-4.78,-0.53,4.28,-1.36,-0.28,4.52,0.26,-3.92,2.86,-1.45,-2.26,2.0,0.01,1.32,3,1,1
3.1,-0.83,-2.26,0.22,0.51,3.09,3.56,0.94,-0.9,-1.96,-0.54,0.37,-0.53,3.96,-1.29,-3.18,3,0,0
0.99,-0.17,-3.05,0.46,1.33,-0.95,-3.86,4.46,-2.31,2.39,4.16,-0.94,0.21,3.81,0.26,2.53,3,0,0
-1.2,-2.49,-0.68,0.6,-0.97,0.16,2.09,1.0,0.18,-0.89,-2.82,-3.25,1.8,-1.98,1.98,-1.75,3,0,0
2.34,1.18,1.26,-2.82,1.91,0.12,-5.47,2.16,3.06,0.47,-0.34,-1.34,-5.94,-2.31,-1.12,-1.11,3,0,0
3.07,-3.01,-4.76,2.1,0.31,-0.26,-0.47,4.4,-1.27,-2.05,2.14,-3.18,4.91,0.38,-1.31,-1.65,3,0,0
1.93,-0.13,-0.62,3.73,1.58,1.06,-6.04,0.57,-3.35,1.59,1.17,-1.68,3.97,-1.61,-1.41,0.33,3,0,0
-1.33,1.61,1.24,-1.13,-1.07,-0.62,0.42,0.94,-1.03,-0.49,1.23,0.85,-0.72,0.22,-0.22,1.53,3,0,0
1.03,-3.88,0.27,1.95,0.57,-1.59,-5.07,-0.37,-1.99,-1.24,2.24,-0.35,3.64,-0.19,0.17,0.14,3,0,0
-3.21,-3.89,-0.33,-2.13,-0.91,-0.88,-0.53,5.1,2.48,-0.58,-2.54,-3.1,-2.21,-5.09,2.7,1.04,3,0,0
2.49,-0.26,0.04,-0.88,1.02,1.44,-4.44,4.19,1.55,-0.68,-0.34,0.07,0.23,1.92,-2.11,-3.6,3,0,0
2.42,0.58,-4.41,2.53,2.2,-2.18,-2.85,-0.76,-2.79,1.94,2.49,-3.68,0.96,-1.65,-1.67,0.62,3,0,0
0.78,-2.42,1.46,4.8,-4.17,-3.2,-1.24,0.64,-0.02,0.97,2.16,-0.63,5.51,-0.25,3.17,-1.85,3,0,0
-2.7,0.14,1.02,1.54,-2.52,-2.93,3.62,-0.85,-0.95,-0.62,0.94,0.62,0.35,0.64,2.92,1.16,3,0,0
-4.56,-1.54,0.56,-1.45,-0.02,-0.73,-0.44,-0.49,-0.64,-1.25,-3.49,0.06,0.91,-4.01,0.01,-0.96,3,0,0
-0.49,-0.41,3.22,3.26,-1.53,-1.51,0.05,2.35,0.94,0.7,0.41,-1.19,2.23,1.82,4.09,2.07,3,0,0
-0.38,-4.65,-5.27,-0.04,3.22,-1.04,-2.5,4.75,-0.24,-4.64,0.57,-3.44,3.22,-3.98,-1.15,0.62,3,0,0
-2.27,2.85,4.33,-1.04,0.02,-1.3,-4.93,-5.13,-3.28,4.03,-0.36,2.54,0.86,-2.5,-3.16,2.35,3,0,0
-0.25,-3.16,-6.35,-3.32,2.76,1.82,-1.86,3.16,-4.39,-1.63,1.9,-0.41,1.13,2.03,-3.66,0.28,3,1,1
-2.15,0.23,4.41,0.02,-2.09,-0.26,1.98,-2.63,-0.43,0.55,-2.4,2.7,0.49,1.21,1.01,-0.54,3,0,0
6.49,4.3,1.32,3.52,1.36,-3.2,-5.84,-0.46,-0.38,0.8,4.82,-2.39,4.49,1.46,-2.65,-0.98,3,0,0
-5.08,-1.5,1.14,-3.69,3.83,-0.28,3.93,-2.23,1.01,-4.18,-3.9,-1.36,-4.08,1.41,3.34,3.32,3,0,0
-2.13,1.41,4.95,2.46,-4.18,-2.89,-0.46,-2.64,-0.69,3.4,-0.08,0.38,1.5,-1.35,3.36,0.07,3,0,0
1.19,1.67,0.52,1.92,1.35,-1.57,0.44,0.53,0.52,-1.76,1.34,-0.59,-0.53,0.78,1.55,0.8,3,0,0
2.83,-2.13,-4.51,-0.46,4.89,1.66,-3.45,1.0,-0.43,-1.38,-0.84,-4.24,-3.39,-2.25,-1.12,-1.04,3,0,0
1.18,-1.23,-3.95,-3.7,3.88,2.33,1.01,3.61,-0.88,-0.65,-1.04,0.68,-3.23,1.7,-4.27,1.8,3,0,0
3.51,-0.78,-0.39,-0.63,0.93,-0.35,-5.55,-1.99,-1.34,4.44,0.41,-3.96,0.85,2.27,-2.26,-1.68,3,0,0
3.49,0.91,-1.82,-0.17,-1.18,-1.5,0.04,4.87,2.09,2.38,0.56,-4.04,-0.17,-1.01,-2.02,-0.87,3,0,0
3.54,0.49,-1.32,3.14,-0.15,-0.97,-0.79,2.23,-1.01,-0.73,3.82,0.36,1.55,2.13,0.19,-0.59,3,0,0
-1.97,1.21,-1.69,-5.42,1.08,0.77,2.16,-0.94,-1.75,-0.09,-1.26,1.09,-1.97,3.19,-4.23,-0.23,3,0,0
1.08,-0.55,-4.75,-1.58,2.1,-0.32,1.0,5.46,0.04,0.03,0.16,-5.4,1.54,-0.51,-1.89,1.89,3,0,0
2.73,1.26,3.3,2.82,-0.84,2.07,-2.71,-4.93,-0.6,3.07,-2.19,-1.53,-0.06,0.57,0.99,-4.36,3,0,0
-4.59,3.7,1.61,-6.35,1.88,2.96,-1.05,0.52,-1.79,-3.42,-0.88,2.73,-5.32,0.25,-1.15,0.35,3,1,1
2.16,-0.25,3.53,-1.54,0.87,4.33,-3.85,-0.12,-0.74,2.38,-2.56,2.22,-1.42,5.23,-2.01,-2.39,3,0,0
-3.95,-0.83,-1.6,1.2,0.66,-1.34,-0.53,-1.31,-5.79,-1.46,1.86,1.53,4.83,-0.08,-1.02,2.99,3,0,0
-3.21,0.02,-0.71,-5.25,-2.56,-0.5,6.25,3.85,1.29,-0.53,-2.54,0.31,-3.81,-3.79,-1.77,1.32,3,0,0
-1.67,-1.2,-0.71,-0.93,-0.17,-2.7,3.55,-2.28,-2.22,-2.15,0.18,0.82,2.81,-0.93,-2.33,1.62,3,0,0
1.38,-2.54,-3.42,-2.4,1.55,-2.04,0.12,2.75,-1.57,-0.47,1.69,-2.7,2.11,2.0,-3.69,2.69,3,0,0
4.77,0.15,-2.0,3.24,0.44,-0.17,0.39,2.06,-1.14,1.26,0.56,1.03,2.34,-2.26,-4.92,-0.06,3,0,0
-5.42,-0.17,1.82,-3.4,0.76,-2.68,-0.96,-1.51,-3.23,-2.65,3.51,3.48,-2.34,1.68,1.38,5.89,3,0,0
-5.15,-1.16,-0.26,-0.78,0.35,-1.77,1.83,1.4,-1.35,-3.35,-0.76,1.17,1.68,-5.5,0.95,3.15,3,0,0
3.02,-1.72,-1.54,1.63,3.39,0.27,-1.33,-2.95,-2.61,0.08,-0.39,2.59,1.43,1.62,-4.84,0.1,3,0,0
0.45,-4.38,-4.78,-3.43,6.09,1.46,1.85,-1.22,-2.46,-1.85,-1.57,1.52,-4.62,3.34,-3.39,2.9,3,0,0
-3.71,-3.09,-4.66,0.72,-0.39,1.43,3.31,2.28,-1.99,-1.71,-1.62,-2.43,-0.68,0.5,5.02,-2.37,3,0,0
0.33,-3.94,0.68,-0.49,2.04,1.57,0.82,-1.5,0.46,-2.45,-2.71,0.72,-1.19,4.73,0.93,-1.63,3,0,0
3.76,2.48,2.07,0.17,-1.47,-1.51,-3.89,0.26,-0.84,2.31,3.62,-0.13,-0.73,0.26,-2.07,-0.02,3,0,0
0.22,-0.37,0.56,-0.9,-1.15,1.17,2.56,2.05,-1.38,1.0,-0.23,3.96,-0.87,3.64,-2.23,0.87,3,0,0
-0.27,-2.14,-1.11,-3.02,1.91,3.24,-0.66,-0.93,-2.97,1.02,-3.25,-0.93,0.8,0.16,-3.83,-0.21,3,0,0
-1.03,1.28,-0.05,-2.92,3.28,-0.75,-0.15,0.73,0.27,-1.01,-0.26,1.5,-3.4,2.32,-1.7,2.5,3,0,0
2.16,0.93,0.89,2.9,0.55,-0.37,-4.69,-1.4,-2.13,-0.58,1.82,-2.12,5.28,2.6,0.29,-3.03,3,0,0
-2.01,0.52,-0.46,2.07,0.93,-3.56,-3.82,-2.58,-4.05,2.97,2.16,0.23,0.17,-3.15,-0.29,3.92,3,0,0
3.85,-1.42,-1.69,3.19,-0.45,-1.24,-2.13,1.95,-1.23,1.26,1.74,-1.31,2.1,-3.7,-2.66,0.4,3,0,0
1.3,-3.44,-0.03,0.06,0.71,-0.02,-2.46,3.91,-0.01,-2.19,1.41,-0.97,3.2,2.18,0.15,0.66,3,0,0
4.72,2.62,1.88,-0.25,-1.56,-0.87,-0.69,3.19,2.44,4.74,0.88,-0.1,-0.7,2.63,-2.08,-0.6,3,0,0
2.98,-1.16,-0.31,0.55,1.39,-0.2,-4.01,1.02,-0.9,-0.14,1.89,-0.56,1.6,3.58,-1.58,-0.83,3,0,0
-2.75,-2.72,4.02,-2.58,0.5,0.6,1.37,-3.36,-0.63,-2.9,-2.27,1.78,1.15,4.4,0.93,0.66,3,0,0
-3.17,0.78,2.77,1.76,-1.77,-0.51,1.88,-1.18,-0.33,-2.45,-0.32,2.32,-0.91,-1.36,3.83,-0.32,3,0,0
2.76,-1.18,-2.46,1.65,2.61,-1.48,-1.02,2.75,1.19,0.79,0.04,-3.99,-0.93,-1.37,-0.15,1.8,3,0,0
2.7,-0.2,-1.4,0.17,1.08,1.03,0.12,3.59,1.31,1.46,-1.67,-6.15,0.0,1.02,0.92,-0.95,3,0,0
-0.11,-4.53,-4.31,-0.79,0.17,2.51,2.41,2.72,-4.68,-0.44,-0.99,1.58,3.84,-0.63,-5.47,1.38,3,0,0
1.46,-1.45,-0.06,-3.3,1.48,-2.62,-7.08,1.58,0.48,3.06,1.0,-8.83,2.55,2.58,-1.3,1.31,3,0,0
3.79,1.85,-3.39,-0.12,1.76,-2.7,-3.48,6.02,1.01,2.19,3.11,-6.62,2.17,2.77,-1.69,0.83,3,0,0
4.43,-1.25,-0.69,-0.29,-1.27,1.36,-1.95,4.93,1.35,0.8,-0.47,-1.72,0.65,-2.19,-3.62,-2.77,3,0,0
2.67,2.52,-0.06,2.15,0.49,0.2,-3.91,-0.86,-0.97,-0.99,1.47,-0.33,0.51,-0.64,-1.1,-4.13,3,0,0
-0.51,-0.44,-1.25,0.75,-2.32,-1.46,0.8,1.26,-0.81,1.19,0.16,-2.06,1.63,-1.89,0.05,-1.03,3,0,0
0.82,2.31,0.58,-0.73,-0.13,-1.1,-1.52,4.63,3.07,-0.86,0.9,-2.61,-0.2,2.61,2.08,-2.26,3,0,0
-1.56,1.15,-0.17,4.08,0.81,-1.6,-1.17,-1.7,-2.12,-1.98,1.35,0.0,1.51,-1.76,2.92,-0.1,3,0,0
-2.81,-0.13,-2.85,1.74,-4.0,-2.53,1.57,-1.65,-1.78,2.8,0.92,-2.61,-2.77,-0.09,5.34,-3.8,3,0,0
3.94,-2.71,-4.21,0.49,0.87,1.15,-0.35,3.74,-1.43,-0.59,1.68,-4.84,2.39,5.58,-0.51,-1.93,3,0,0
5.42,-3.75,-6.26,-1.71,4.25,3.53,-1.79,3.49,-1.97,-2.15,0.22,-3.97,2.12,2.92,-6.03,-1.7,3,0,0
-2.49,-1.93,3.61,-1.26,-2.45,1.01,-0.07,-0.08,1.13,-0.37,-2.95,2.01,-2.14,-0.41,1.83,-2.3,3,0,0
-2.21,1.85,0.48,-3.24,-0.51,-4.37,4.03,0.79,0.22,-1.54,3.03,0.0,-3.93,5.25,2.34,3.29,3,0,0
0.21,2.02,-0.18,1.63,2.24,-0.3,-2.15,-0.37,-3.08,0.46,1.71,-0.98,1.86,2.17,-0.18,2.18,3,0,0
3.54,2.29,-1.19,1.56,1.32,0.75,5.3,-0.08,-0.01,-0.97,0.37,0.68,-3.03,0.86,-0.84,0.9,3,0,0
-1.14,-5.21,-2.03,0.55,1.56,1.48,-0.77,0.72,-2.03,-2.77,-2.06,-1.5,3.15,0.92,0.07,-1.26,3,0,0
-3.12,-3.86,1.66,2.01,-1.44,-1.62,-4.99,-2.58,-2.56,-0.27,-0.03,-0.17,1.13,-7.53,2.1,0.54,3,0,0
-3.15,-0.08,5.63,-0.91,-3.85,-1.17,3.49,0.04,0.99,-1.15,-0.28,2.94,-0.03,2.64,3.36,1.19,3,1,1
-3.29,4.09,-0.23,-3.51,2.53,-0.66,1.34,0.97,-1.13,-1.6,0.19,1.46,-3.05,0.59,-1.45,3.2,3,0,0
1.84,2.55,-1.15,-3.13,4.21,2.15,-6.23,-0.72,0.14,0.05,-0.89,-2.66,-5.14,-2.75,-3.29,-1.82,3,0,0
4.48,-2.76,0.08,-2.78,2.05,3.73,-0.19,0.39,0.97,1.51,-3.17,-1.95,-3.29,1.78,-3.16,-0.74,3,0,0
-1.01,-2.17,2.32,-0.25,-3.49,0.84,3.08,5.44,1.93,-0.03,-1.76,0.75,0.2,-2.61,1.37,1.27,3,0,0
-1.55,2.26,-4.54,0.43,0.23,-2.64,1.48,3.21,-1.42,-3.01,4.2,-2.79,0.52,0.83,2.6,-0.09,3,0,0
0.44,-1.43,-4.28,-0.76,1.6,0.09,1.98,2.32,-1.31,-1.66,-0.16,-1.33,1.83,2.0,-2.26,-0.76,3,0,0
3.71,1.59,2.23,-0.92,-1.19,0.05,-1.14,1.34,2.12,4.1,0.4,-3.7,-3.2,3.82,1.38,-0.7,3,0,0
0.94,-0.37,-4.91,-1.18,1.99,0.65,-0.09,1.19,-1.21,0.06,-0.13,-2.11,-4.9,-4.98,-2.48,0.42,3,0,0
-5.47,-0.46,-0.86,-4.55,1.46,-0.61,0.07,1.52,0.08,-0.85,-2.15,-2.94,-3.64,-1.78,2.24,2.09,3,0,0
3.44,0.59,-4.43,3.62,0.82,-3.62,-1.96,1.67,-1.81,2.41,4.26,-3.37,0.98,0.58,-0.52,1.0,3,0,0
-0.15,-2.5,-4.63,0.75,3.98,0.73,-2.94,-0.54,-4.36,0.08,0.13,-1.29,0.05,-2.58,-2.58,2.25,3,0,0
-0.8,-1.9,-2.46,0.04,-1.82,-1.5,0.5,1.13,-2.05,1.6,0.31,-1.42,0.84,-4.3,-1.59,0.86,3,0,0
-0.18,3.43,1.23,-2.17,0.14,-1.95,-0.45,-1.01,0.83,-0.52,0.28,0.21,-0.49,2.18,-1.72,-1.94,3,0,0
1.44,0.2,-0.52,-3.11,0.52,-0.11,3.83,2.6,1.42,0.07,0.48,-1.06,-5.87,5.15,0.84,1.77,3,1,1
-4.69,-2.28,-2.55,-1.03,-1.52,-3.08,5.61,-0.9,-1.09,-0.89,-0.92,-0.31,-1.74,1.51,3.12,0.03,3,0,0
-0.28,2.08,4.99,-0.84,1.0,-0.12,-4.72,-1.15,0.76,2.96,-2.07,-3.14,3.12,2.71,0.55,0.17,3,0,0
-1.98,-3.99,1.91,2.52,-2.39,0.49,-0.66,-2.17,-2.46,1.16,-2.68,-1.31,3.68,-3.65,1.92,-0.74,3,0,0
-0.48,4.57,2.53,-4.62,2.04,-2.29,-0.38,1.96,2.29,-0.4,0.96,-1.02,-2.89,5.9,-0.23,2.04,3,1,1
-0.99,0.04,-2.93,2.14,2.1,-3.19,2.87,-1.28,-0.87,-4.7,1.99,1.38,-0.21,0.23,1.62,0.11,3,0,0
0.47,-2.12,-0.68,-2.06,0.04,2.42,1.56,-1.0,-0.79,-0.68,-2.49,-1.42,-1.48,2.29,-0.35,-3.11,3,0,0
0.96,1.3,-0.48,3.63,0.98,-2.72,-1.57,0.64,-0.12,-2.88,2.86,2.59,-0.85,-1.07,0.54,-0.43,3,0,0
-2.18,-1.89,0.1,-2.41,-2.99,-0.74,-0.08,2.32,-1.27,0.37,1.54,-0.41,1.08,1.22,0.5,0.47,3,0,0
-1.35,-1.22,-0.19,-1.33,2.29,1.88,-1.37,-0.93,-1.94,-1.81,-1.31,-1.87,-1.32,-1.0,0.07,1.1,3,0,0
-3.15,-3.48,-2.68,-1.3,1.64,0.01,-0.49,0.69,-2.61,-0.97,-1.4,-1.83,2.18,-0.46,-0.7,1.35,3,1,1
-4.32,0.11,4.03,-0.01,-2.01,-0.98,0.32,-0.76,1.0,-2.21,-1.01,1.06,-3.47,-4.17,4.81,0.72,3,0,0
-0.76,-0.13,-2.88,-1.42,0.19,-1.59,-0.51,5.49,-0.44,3.67,0.27,-2.88,0.15,-0.37,-1.38,3.08,3,0,0
3.05,-1.03,-0.04,-1.65,2.06,1.71,-1.3,0.44,-0.18,-1.96,0.43,-0.05,-0.04,3.92,-2.33,-1.03,3,1,1
-1.46,0.83,1.34,-2.41,0.74,-0.05,1.25,0.31,2.6,-0.83,-3.13,0.94,-5.32,-1.18,0.96,-1.4,3,0,0
2.07,-1.52,0.45,-0.47,0.79,1.92,-0.92,0.6,-0.38,0.47,-2.16,-2.43,0.84,1.07,-1.51,-1.3,3,0,0
1.2,3.06,1.65,2.01,-2.09,-2.56,-2.11,-0.4,-0.62,-1.87,3.78,1.79,3.33,2.13,-0.13,-3.45,3,0,0
-0.67,2.96,-0.73,-2.17,2.21,-0.7,-1.09,1.56,0.32,-1.75,0.93,1.23,-4.16,-1.42,-1.43,0.96,3,0,0
-2.93,-0.71,-2.98,0.69,3.1,-1.28,-6.39,-1.64,-6.9,0.31,1.94,0.57,5.28,-2.33,-4.01,2.57,3,0,0
-3.61,-2.26,-1.53,-4.68,3.83,2.04,0.64,-0.05,-0.36,-2.25,-2.86,-0.38,-5.8,3.75,1.88,0.61,3,0,0
1.6,-3.73,-2.39,-0.43,0.32,4.21,5.91,3.9,-1.38,-0.67,-3.52,1.61,0.56,1.98,-3.32,0.31,3,0,0
1.76,-5.77,-4.07,1.86,-0.68,0.06,-1.87,2.25,-1.63,-2.15,1.43,-0.14,-0.3,-3.17,-0.56,-2.23,3,0,0
1.67,-1.55,-0.22,0.12,1.0,-0.15,-4.98,1.81,-1.37,1.67,1.05,-3.41,2.16,0.28,-0.72,0.98,3,0,0
1.12,2.42,-0.68,1.22,-0.7,-2.58,-2.84,1.84,-1.49,2.63,3.7,0.66,0.03,-0.17,-0.91,1.13,3,0,0
3.63,-1.13,-1.38,-5.45,0.82,2.27,-3.53,2.75,-0.3,3.39,-1.93,-4.03,0.7,-0.09,-6.67,-1.78,3,0,0
2.56,1.34,2.7,3.76,1.22,-1.74,-2.66,-4.69,-0.31,0.11,1.31,-1.67,-2.1,-2.05,2.86,0.29,3,0,0
4.13,-1.99,-2.86,-2.18,3.91,2.49,0.49,2.9,1.16,0.14,-2.27,-3.72,-3.05,1.1,-3.16,0.78,3,1,1
0.38,0.39,2.99,4.27,-2.71,-2.69,-2.64,1.83,-0.62,0.91,3.01,-0.56,5.37,1.21,2.79,0.65,3,0,0
0.2,4.43,-1.03,1.37,0.83,-4.69,-7.33,1.86,-2.19,1.38,6.36,-0.43,0.63,-1.74,-1.09,2.21,3,0,0
1.79,-2.06,2.41,3.57,-4.93,0.32,-0.74,0.66,-0.36,0.56,0.05,0.78,5.37,0.22,0.59,-4.8,3,0,0
-0.19,-3.4,1.78,1.15,-0.2,2.8,2.46,-3.44,-0.44,-0.74,-4.44,4.2,-2.58,-1.59,-0.45,-1.95,3,0,0
5.57,-2.91,-3.0,0.2,-1.89,1.59,2.38,5.64,3.09,0.99,-2.8,-3.32,1.99,-1.39,-3.21,-5.53,3,0,0
0.55,-1.21,2.15,1.14,-1.03,-0.69,0.87,3.26,2.87,-1.84,-1.51,-1.77,1.64,-1.54,1.94,-0.77,3,0,0
2.28,-1.93,-7.1,-0.68,3.81,-0.03,-3.43,5.54,-1.8,-0.65,2.75,-1.21,-0.55,0.94,-3.61,0.58,3,1,1
-0.72,1.36,-0.52,1.77,0.92,-2.26,-4.52,-1.07,-3.67,1.85,2.21,-3.44,5.24,1.27,0.26,0.89,3,0,0
-0.52,0.37,2.86,-1.08,1.24,2.33,-3.44,-4.31,-2.99,2.26,-2.36,3.47,-0.88,0.15,-3.53,-0.04,3,0,0
0.53,-3.41,-3.03,-5.53,-0.66,4.09,3.72,6.93,0.33,0.78,-3.1,1.01,-1.34,5.22,-4.55,-1.42,3,0,0
0.78,-0.53,0.15,2.87,-0.87,-0.94,-0.47,-0.9,-1.85,0.04,-0.09,2.53,2.5,-1.34,-2.87,-1.08,3,0,0
-1.38,2.14,2.03,1.68,1.09,-3.88,1.14,-3.27,0.49,-1.93,0.96,0.06,-2.35,-1.33,2.93,1.97,3,0,0
0.26,0.31,1.65,-1.64,-1.52,-3.99,1.0,1.14,2.05,-1.64,1.51,1.83,-0.76,-1.86,-2.09,0.97,3,0,0
-3.43,1.48,-0.72,-1.29,-0.22,-1.12,1.31,-1.62,-2.51,-0.33,-0.75,-0.53,0.78,-0.07,-0.85,-0.08,3,0,0
-0.04,2.22,2.76,-0.42,1.26,-0.73,-2.74,-1.79,0.21,-1.8,1.24,3.03,-3.03,0.58,0.31,-0.41,3,0,0
-2.43,1.89,3.51,-4.43,0.57,-0.15,0.01,-2.34,0.65,0.6,-2.73,-1.4,-4.08,0.66,0.49,0.52,3,0,0
-2.65,-1.92,-1.01,-2.83,-2.0,-2.13,1.58,-1.52,-3.23,1.24,1.43,0.42,0.61,-0.67,-1.4,2.48,3,0,0
4.23,-0.81,-3.77,-0.24,-1.29,-0.11,3.74,5.02,2.43,-2.23,0.44,-3.11,-0.05,-1.25,-1.16,-3.75,3,0,0
0.74,1.65,2.8,-2.36,1.77,-0.98,-4.07,1.04,2.57,-1.73,1.01,1.97,-6.33,-1.01,0.02,0.45,3,1,1
-2.63,-0.28,-0.28,-4.26,3.08,-0.4,3.05,-0.38,0.39,-2.49,-3.34,2.39,-2.67,0.18,-3.7,2.04,3,0,0
1.28,3.25,1.8,-1.02,1.02,0.94,-2.39,-2.14,-0.65,1.01,-0.78,-1.04,-0.11,2.99,-1.11,-2.9,3,0,0
1.84,1.34,-5.71,-1.81,5.62,2.24,1.34,-0.96,-3.53,-2.03,0.79,0.98,-3.44,4.8,-3.74,-0.16,3,0,0
-5.87,-2.98,-0.74,-2.76,3.62,3.3,1.24,-2.54,-2.2,-4.14,-5.03,2.8,-4.41,-1.87,0.52,0.47,3,0,0
-0.36,-1.37,1.22,0.74,-2.23,1.25,3.84,-0.05,0.25,-0.78,-1.46,-0.19,-1.14,0.95,3.27,-1.72,3,0,0
-0.76,-2.2,-2.24,2.07,0.6,-1.2,-0.38,1.28,-3.02,-0.94,2.54,-0.67,2.8,3.65,2.13,1.25,3,0,0
2.16,-1.66,-0.97,3.15,1.06,0.87,-2.42,1.01,1.5,-0.35,-1.96,-2.61,0.38,-1.47,1.42,-3.75,3,0,0
0.86,0.06,-1.28,-2.42,4.01,1.87,-0.97,-0.86,0.03,-4.35,-0.36,-1.64,-2.56,2.33,-0.13,-1.62,3,0,0
-1.59,-3.1,-2.99,-1.57,3.87,1.34,-4.27,-3.08,-4.74,0.85,-1.17,-0.58,0.72,1.52,-2.21,-0.02,3,0,0
-0.71,0.36,3.66,-3.12,-1.57,1.05,1.7,-0.67,-1.18,4.28,-2.84,3.72,-1.33,2.51,-3.24,1.52,3,1,1
0.68,2.67,3.42,2.14,-2.66,-2.64,-3.37,-1.66,-1.02,4.64,1.65,0.27,2.49,0.42,-0.22,-0.19,3,0,0
-1.93,-3.87,-1.43,-1.7,0.76,1.51,3.37,1.15,-0.95,-0.62,-3.11,-2.16,-0.79,1.75,1.29,1.07,3,0,0
2.72,-2.37,-2.85,-1.47,2.02,-0.8,4.51,3.54,2.54,-1.75,-0.56,-0.86,-3.28,0.21,-1.12,1.78,3,0,0
0.33,-0.22,3.22,-1.45,-2.51,-0.79,1.41,0.13,0.95,-0.13,0.85,-2.73,0.94,5.23,3.54,-0.85,3,0,0
0.06,-0.21,1.52,-1.03,-0.77,-0.83,1.36,-0.14,2.74,1.02,-3.49,-1.83,-0.43,-1.39,0.25,-2.21,3,0,0
-4.27,0.44,0.2,-1.35,0.58,-1.99,-3.32,-0.14,-3.09,-4.5,4.15,2.34,0.17,-0.04,1.33,1.76,3,0,0
0.89,-1.3,-4.18,-4.96,5.86,3.49,-3.64,-0.87,-4.39,1.34,-1.47,-0.42,-2.19,1.92,-7.16,1.84,3,0,0
4.66,-2.38,-2.17,-1.94,4.42,2.49,0.87,2.29,2.29,-1.49,-2.33,-2.89,-2.33,4.72,-1.6,-1.32,3,0,0
3.67,-0.63,-4.82,-0.24,3.79,0.61,-2.66,1.35,-2.53,1.44,1.61,-2.89,0.46,4.8,-3.51,0.04,3,0,0
2.64,-2.09,-0.54,-2.52,1.47,3.24,0.01,-2.32,-1.41,-0.93,-2.31,1.39,-1.81,3.98,-4.55,-3.63,3,0,0
1.05,0.21,0.82,1.8,1.75,1.67,3.38,2.38,2.33,-4.7,-1.28,1.54,-4.9,-0.24,3.01,-0.06,3,0,0
0.95,-0.17,-3.26,3.64,-1.67,-5.46,-2.95,3.97,-1.16,-0.31,5.83,-2.09,3.83,-2.93,0.03,0.98,3,0,0
-0.01,-3.55,-4.61,-1.34,3.4,1.49,2.95,-0.32,-1.44,-3.19,-1.75,-0.4,-2.25,-0.04,-1.21,-0.23,3,0,0
2.99,0.58,-1.95,-1.53,0.6,1.82,0.28,3.37,0.34,0.47,-0.16,-2.58,-1.41,0.96,-1.66,-1.39,3,0,0
-0.44,1.85,0.96,0.62,0.55,-2.44,-2.78,-1.96,0.09,-1.31,1.13,-1.34,-1.2,-1.25,1.57,-1.57,3,0,0
0.31,-0.21,1.1,3.56,-1.31,-2.42,-6.4,-6.84,-3.91,4.09,0.85,-0.72,2.45,-4.63,-1.23,-1.79,3,0,0
0.15,-1.95,0.17,2.53,0.44,1.68,-1.11,-0.41,-0.24,-1.17,-3.32,-5.2,5.22,-1.05,1.82,-3.43,3,0,0
2.51,-1.1,-5.14,0.52,3.91,-1.59,-3.66,6.35,-1.11,0.93,3.35,-1.03,0.74,0.03,-2.88,4.05,3,0,0
0.76,1.68,-0.48,0.16,1.75,-3.52,-2.6,0.25,-0.21,0.55,2.66,-2.47,0.45,1.98,0.28,1.58,3,0,0
2.93,-1.29,-0.22,1.99,0.69,1.42,-1.24,2.79,2.02,-1.06,-1.05,0.39,-1.74,-0.58,0.65,-3.0,3,0,0
-3.78,-1.49,1.98,1.19,-0.94,-1.34,0.59,-4.6,-1.29,-2.74,-1.05,0.01,-0.58,-2.28,3.91,-0.81,3,0,0
4.59,-0.1,-2.39,-1.18,2.73,1.9,-6.08,0.01,-1.91,3.42,-0.0,-3.79,0.78,3.34,-4.65,-2.72,3,0,0
-0.38,-1.87,-2.16,0.67,4.2,1.96,-1.6,-1.43,-2.91,-2.98,-0.41,1.51,-1.24,0.66,-0.72,0.44,3,0,0
1.67,2.55,-0.39,-0.81,-0.5,0.12,2.15,4.38,3.46,-0.49,-0.67,-2.63,-3.73,-1.94,1.22,-1.48,3,0,0
0.68,0.82,-5.29,0.94,2.52,-2.44,0.37,0.8,-2.58,0.37,1.54,-5.17,1.27,-0.87,-0.99,1.37,3,0,0
7.57,-1.53,-5.13,-0.8,5.65,2.99,-2.38,5.42,2.21,-0.22,-2.33,-6.64,-0.42,0.65,-4.7,-2.46,3,0,0
-1.88,-0.43,-1.78,0.81,-0.74,-1.44,-2.76,1.72,-1.17,1.11,1.01,-2.86,1.16,-0.52,2.26,-0.97,3,0,0
-0.01,-1.43,-1.92,-1.04,0.45,1.37,-0.02,0.42,-2.1,0.73,0.22,-0.14,-3.07,0.95,-0.17,0.56,3,1,1
1.16,-3.02,-5.41,-3.85,3.92,-0.89,-4.09,4.97,-2.54,-1.83,2.76,-1.4,2.7,1.18,-6.44,2.76,3,1,1
-4.74,-0.92,-1.61,-0.35,0.49,0.02,1.37,1.99,-2.46,1.18,-1.69,-0.91,-0.47,-1.17,1.77,3.16,3,1,1
-4.41,-0.01,-0.83,-1.59,0.4,-0.81,1.3,-0.45,-1.12,-3.17,-1.24,2.8,-0.74,-2.56,-0.69,-0.5,3,0,0
-0.73,-4.86,-4.18,-0.45,0.69,-0.63,1.21,0.94,-2.57,-0.9,1.13,-1.38,0.46,0.62,-0.01,1.99,3,0,0
1.68,-4.33,-4.64,-4.37,2.06,0.51,-4.46,3.05,-1.88,2.5,-0.09,-4.15,1.48,0.74,-5.67,0.53,3,0,0
-2.41,0.55,0.14,-3.77,3.04,-2.19,0.5,-5.1,-0.56,-2.43,-0.69,0.66,-3.51,0.91,-1.19,0.94,3,0,0
-1.68,-4.63,-0.09,1.0,-0.64,1.79,0.7,3.31,-1.89,0.87,-0.77,0.47,0.56,1.88,2.12,3.19,3,0,0
1.83,2.27,-3.31,0.61,2.56,-2.87,0.15,0.63,-0.69,0.67,2.2,-4.61,0.06,-0.82,-1.05,2.6,3,0,0
-1.87,-3.31,-3.56,0.84,1.75,-1.32,-2.53,-0.92,-3.17,-1.52,-0.49,-2.58,2.34,-6.11,-1.66,0.7,3,0,0
2.37,-4.42,-1.38,1.07,-1.03,0.83,-1.99,3.37,-0.82,1.11,0.34,0.25,1.14,1.59,-0.73,-1.84,3,0,0
-4.32,2.74,2.35,-3.17,-0.27,1.0,9.72,3.37,2.78,-5.03,-3.12,3.24,-6.49,3.02,4.0,1.04,3,0,0
4.11,-0.38,1.17,-2.83,-0.83,4.2,1.28,3.82,1.2,-0.53,-1.39,0.32,-1.28,4.5,-1.82,-3.68,3,0,0
1.59,3.06,3.62,0.99,1.12,-1.28,-4.66,-3.23,-2.11,1.57,2.56,1.38,-0.45,-0.41,-0.97,2.18,3,0,0
-0.82,-1.85,0.56,-4.32,-1.4,1.19,0.26,4.42,2.91,0.12,-2.73,-3.55,-3.78,3.39,1.93,-2.95,3,0,0
4.16,-2.25,-4.86,-2.43,3.24,1.54,1.88,7.04,3.2,-3.01,0.1,-5.85,-3.47,3.85,0.37,-0.56,3,0,0
1.23,-0.81,-1.91,2.02,4.12,1.85,-4.61,-1.44,-3.36,-0.56,-0.61,-5.2,3.76,1.19,0.59,-1.19,3,0,0
1.2,2.51,4.61,-0.57,-3.31,-0.03,-3.11,1.98,1.07,3.85,-0.65,0.97,1.81,0.65,-1.83,-2.1,3,0,0
5.37,0.3,1.03,-0.34,0.88,-3.26,-6.99,5.8,3.73,-0.16,3.64,-6.33,2.35,1.59,-0.31,-0.46,3,0,0
-1.28,-1.41,1.39,-1.58,1.81,1.66,3.47,-3.6,-1.95,-2.0,-0.81,2.13,-2.0,6.14,1.89,1.63,3,0,0
3.13,0.61,-1.74,2.84,0.71,0.26,3.51,-1.96,-0.21,-1.32,-0.78,0.3,-1.56,-1.19,-0.74,-2.49,3,0,0
-1.03,-0.22,-1.61,-0.48,3.47,0.08,-2.01,-8.47,-4.05,0.67,-2.89,-0.76,-2.18,-3.09,-2.84,-1.51,3,0,0
-1.77,0.38,2.42,-0.65,0.07,-1.55,4.1,-1.12,1.74,-3.65,-1.2,3.28,-4.86,-0.73,1.94,0.51,3,0,0
2.27,1.81,3.5,-1.62,-1.56,1.35,-2.92,-0.29,-0.77,4.46,-0.89,0.31,0.54,2.1,-3.18,-1.07,3,0,0
0.62,-1.06,-2.26,-2.84,2.03,3.57,0.07,1.29,-1.71,0.93,-3.59,0.91,-0.23,-0.72,-5.2,-1.4,3,0,0
-1.19,0.28,5.92,-0.37,-3.58,-2.37,1.87,-0.65,2.58,0.49,-0.71,0.39,0.38,1.55,3.09,0.31,3,0,0
-0.14,-1.68,-1.31,-1.8,-0.23,0.83,0.26,1.28,-1.76,-0.37,0.03,-0.28,-1.4,-2.74,-1.85,1.14,3,0,0
0.48,1.39,-3.28,-0.21,0.56,-2.69,-2.81,5.61,1.0,-1.21,3.51,-5.5,1.41,-0.6,1.26,-0.0,3,0,0
0.36,-2.42,-1.11,1.73,-0.13,-0.42,2.9,4.23,-0.87,-2.61,0.77,0.44,5.44,3.71,-0.1,0.94,3,0,0
-4.3,-0.34,3.01,-1.74,-3.16,0.65,3.0,-2.97,-1.26,-0.33,-1.45,4.33,-4.4,0.95,2.44,-0.91,3,0,0
-4.21,1.26,-3.94,-1.3,2.22,-2.12,-1.49,-1.4,-3.69,-4.02,3.09,-0.57,-1.14,0.25,1.72,-0.28,3,0,0
3.26,0.44,0.21,0.06,3.1,0.09,-1.6,0.61,1.91,0.47,-1.85,-1.12,-1.28,-1.06,-2.24,-0.24,3,0,0
-0.29,0.1,0.43,0.1,-2.61,-2.48,3.19,-0.94,-0.31,0.6,0.01,-0.76,1.89,0.54,-0.06,-0.99,3,0,0
-2.04,1.74,-1.79,-1.67,1.87,-0.23,5.78,4.62,1.86,-2.94,-1.96,-0.7,-2.97,0.17,1.45,1.53,3,0,0
1.61,-6.39,-4.55,1.34,-1.49,1.13,4.02,2.06,-3.05,-0.48,-0.26,-1.09,3.2,2.73,-1.07,-1.24,3,0,0
-4.16,-2.81,-1.29,-0.01,1.64,-1.58,-4.6,-5.19,-4.86,-0.58,-0.44,1.39,2.81,-2.47,-2.23,-0.02,3,0,0
3.76,-0.96,0.95,-4.99,2.32,5.08,0.35,1.21,2.1,-2.09,-2.65,-0.21,-4.85,5.43,-2.12,-3.36,3,0,0
1.71,0.8,-1.47,-3.17,2.99,-0.44,2.22,1.92,-0.86,2.3,-0.62,-3.19,0.54,4.85,-3.4,4.11,3,0,0
-0.41,-2.15,-2.34,0.76,-0.79,0.67,3.66,1.26,-1.89,-2.8,0.63,3.92,-0.92,-0.45,-0.96,-0.32,3,0,0
-2.7,-0.55,-1.29,0.19,2.57,-2.96,-1.6,-2.11,-2.62,-0.41,0.74,0.05,0.62,-1.07,-0.6,3.29,3,0,0
-3.18,0.98,-0.45,-1.98,0.97,1.15,2.32,2.21,0.54,-3.23,-2.15,1.62,-2.05,-0.01,0.68,-1.16,3,0,0
1.15,-2.67,-3.48,-3.0,1.22,1.31,0.01,1.97,-2.4,2.88,-1.36,-3.74,-0.77,1.95,-3.37,1.13,3,0,0
-0.44,-2.59,-0.95,-0.75,1.56,2.1,1.04,-1.51,-2.38,0.68,-3.36,2.86,-0.75,-0.63,-3.37,0.05,3,0,0
-1.37,-3.23,1.09,-2.62,2.2,3.3,-2.8,-0.97,0.29,-0.26,-4.5,-3.34,-2.08,-2.09,1.17,-0.81,3,0,0
1.5,4.52,-1.68,-4.97,3.36,2.34,-2.27,5.19,0.3,1.27,-0.57,-3.67,-0.93,4.53,-3.53,-0.55,3,1,1
-2.38,-0.34,-4.15,1.37,0.2,-1.15,2.86,2.41,-3.41,-3.21,2.96,2.28,2.74,2.33,0.22,1.0,3,0,0
-1.23,-0.82,3.71,0.96,-1.01,1.78,1.86,-4.68,-0.62,-1.31,-2.67,2.78,-0.66,4.1,2.4,-3.26,3,0,0
1.56,-6.97,-3.59,1.57,1.47,3.74,1.04,0.85,-2.89,0.71,-4.56,0.14,2.54,-1.41,-3.32,-1.5,3,0,0
1.96,-0.85,-2.01,1.74,0.15,0.73,-1.21,1.9,-0.35,2.67,-1.6,-0.57,-1.72,-1.15,-1.38,-2.0,3,0,0
-2.38,-1.76,2.38,-0.82,2.5,1.51,0.71,-4.45,0.13,-2.38,-4.48,1.08,-3.39,1.47,1.85,-1.24,3,0,0
-0.66,-3.41,-3.61,-0.6,-0.39,0.73,5.89,9.17,3.03,-4.25,-1.74,-1.88,-0.94,-0.75,1.99,0.11,3,0,0
-1.52,2.52,0.76,-5.46,2.29,-0.21,-1.16,-1.03,-1.24,-1.36,1.11,-0.11,-3.12,3.78,-1.66,1.57,3,0,0
-0.49,0.29,-0.89,-2.48,3.87,1.52,1.97,-2.6,1.61,-3.84,-2.68,0.68,-8.57,-1.62,0.87,-1.0,3,0,0
1.46,-0.49,1.0,1.61,-2.45,-2.65,-4.95,0.11,-1.86,3.22,1.6,-1.72,4.78,-5.22,-3.59,0.42,3,0,0
2.16,1.5,0.78,3.47,1.36,-0.1,-2.51,-0.78,-1.35,-1.58,2.36,-1.28,1.98,4.48,2.67,-1.72,3,0,0
-0.3,0.98,-1.06,-3.12,3.32,1.21,-0.17,3.88,1.4,0.05,-1.01,-2.29,-4.18,3.89,0.72,1.96,3,0,0
0.72,-1.86,-1.87,-4.67,-0.11,0.88,0.22,4.69,-0.1,-0.78,1.16,-0.47,-1.1,4.34,-2.53,0.27,3,0,0
-1.13,2.8,5.11,1.95,-1.5,-1.41,-3.89,-4.92,-1.08,3.57,0.85,-0.42,0.39,3.71,3.77,-0.86,3,0,0
-1.17,3.89,1.67,-0.1,-0.28,-3.58,4.92,-0.12,3.12,-3.42,1.47,-0.39,-3.66,1.77,5.0,0.36,3,0,0
-1.91,2.04,0.75,0.68,-1.82,-3.28,2.14,0.75,-1.5,0.05,2.13,0.02,1.58,-3.1,0.0,3.67,3,0,0
4.53,1.62,-2.39,0.34,1.19,-1.84,-3.57,4.76,0.61,2.34,3.93,-3.18,-0.08,1.12,-1.64,1.21,3,0,0
-4.56,1.54,2.5,-5.21,0.16,-0.92,1.83,-1.33,-0.26,-2.63,0.54,3.08,-5.66,0.87,0.8,2.96,3,0,0
2.09,0.65,3.77,0.62,0.09,2.77,-6.98,-3.72,-1.49,1.28,-0.77,0.44,0.75,1.02,-1.18,-4.38,3,1,1
1.56,-1.94,0.5,-3.29,0.17,0.32,-1.56,-0.99,1.21,2.91,-1.6,-2.46,-2.89,3.28,-0.22,-1.69,3,0,0
3.17,-1.12,-2.17,-4.78,2.61,3.32,0.77,2.83,-0.91,2.3,-2.19,-1.85,-1.49,4.59,-5.29,0.65,3,0,0
2.1,-1.39,-3.04,-3.36,1.02,-0.63,-4.23,3.14,0.67,0.98,0.67,-5.16,-0.86,0.32,-1.95,-2.24,3,0,0
-1.9,1.69,1.97,0.52,-1.5,0.41,1.22,-2.26,-2.0,0.77,0.07,-1.17,-2.21,0.58,4.04,0.21,3,0,0
-1.6,-6.19,-0.69,-0.02,1.39,0.73,-0.6,-4.57,-5.05,-0.58,-1.28,3.64,2.38,2.05,-2.26,0.91,3,0,0
-4.72,1.08,3.01,-3.91,-0.79,-2.46,-1.46,-3.05,-1.46,-0.84,1.39,0.11,-0.62,5.07,2.83,0.21,3,0,0
-3.76,-2.14,0.87,1.03,-0.39,1.31,-0.19,-1.91,-3.96,-0.25,-0.36,1.37,0.19,2.41,3.46,1.08,3,0,0
-0.94,-1.11,-0.73,0.6,-0.57,-0.79,-0.2,2.43,1.27,-1.8,-0.14,-0.57,-0.95,-4.23,1.42,-0.46,3,0,0
-2.39,-3.61,-3.65,-6.7,2.67,4.47,1.72,2.68,0.5,-2.11,-5.79,-2.21,-5.41,-1.51,-2.14,-1.84,3,0,0
0.7,-3.95,-0.6,1.95,-0.5,1.25,-1.07,1.69,-2.47,-0.87,0.07,0.86,5.06,4.63,-0.52,-1.97,3,0,0
0.3,1.76,-1.02,0.33,-1.14,-3.05,5.12,3.57,0.99,-1.53,3.68,0.72,-2.11,3.72,2.79,2.22,3,0,0
-1.85,-0.42,-0.67,0.0,4.88,-1.37,-3.54,-2.57,-2.56,-2.99,0.1,2.25,-0.02,-1.99,-1.86,2.17,3,0,0
1.99,-3.75,-2.32,-2.76,4.3,1.08,-2.68,2.93,-0.84,-3.17,0.24,-2.07,2.55,2.53,-3.77,1.59,3,0,0
2.67,-0.88,-1.66,2.86,1.99,2.41,-5.74,0.6,-2.92,1.21,0.58,0.14,1.42,-0.32,-1.87,-1.78,3,0,0
-1.68,-1.18,-1.61,1.23,2.16,1.04,-0.71,-1.28,-4.53,-3.15,1.02,1.86,2.41,0.92,-0.45,0.75,3,0,0
-2.32,-3.42,-5.56,-1.5,4.21,1.08,1.59,1.14,-2.01,-3.65,-0.42,2.37,-5.43,-2.12,-0.43,2.21,3,0,0
-4.52,0.55,0.41,0.47,-0.26,-3.28,-5.07,-1.02,-2.59,0.66,2.14,0.27,2.06,-2.88,1.4,1.6,3,1,1
2.39,2.86,-1.03,0.8,1.06,-0.7,1.01,4.25,3.18,-4.57,4.48,-0.46,-6.15,4.47,5.3,-1.37,3,0,0
0.95,1.32,-1.48,-1.05,-0.2,-3.86,-0.44,2.25,1.27,-1.43,4.24,-0.68,-2.15,2.24,0.95,-0.14,3,0,0
0.35,-2.77,0.34,-0.44,0.04,-0.49,2.84,1.79,1.6,0.71,-1.51,-1.0,-2.31,3.64,2.24,1.0,3,0,0
-1.52,-3.32,-5.4,-1.12,4.64,1.88,-3.62,0.12,-4.89,0.25,-1.12,-4.32,2.57,0.15,-2.08,1.44,3,0,0
-2.28,-3.85,-3.28,1.61,0.21,1.67,0.78,-1.47,-4.8,-0.28,-1.13,3.58,-0.66,-1.81,-1.14,-0.37,3,0,0
-1.82,0.9,1.09,0.19,-2.98,-2.27,0.37,3.09,-0.1,1.33,1.65,-0.41,-0.81,-4.35,1.81,2.74,3,0,0
0.3,-0.44,-0.5,-0.64,1.79,1.74,-2.51,-1.49,-3.42,2.89,-1.14,1.05,-1.02,1.56,-2.61,0.51,3,0,0
-4.35,1.51,0.4,-2.54,0.54,-2.95,-1.18,-1.47,-2.17,-2.34,2.53,2.43,0.44,1.64,-0.17,1.67,3,0,0
0.02,-1.26,0.9,2.96,0.33,0.46,-6.39,-0.29,-2.4,2.03,-0.06,-1.85,3.84,-2.01,0.18,-0.32,3,0,0
-1.06,3.81,2.08,2.55,-2.62,-5.04,3.5,2.31,3.71,-4.76,3.4,-1.01,-2.79,-2.91,6.69,-0.22,3,0,0
-2.31,-0.36,-0.34,-0.2,0.83,-0.84,-0.53,-1.7,-1.5,-2.03,-0.2,1.03,-2.79,-2.7,0.61,0.27,3,0,0
-0.06,-2.17,2.15,1.54,-1.8,1.59,-3.98,-2.89,-3.36,0.19,-0.86,-0.47,6.06,-2.76,-1.5,-2.57,3,0,0
5.45,-1.35,-0.05,2.34,0.0,0.02,1.61,-0.04,0.13,0.94,0.87,-2.67,3.12,5.41,-0.36,-0.95,3,0,0
-2.16,-3.03,-0.11,1.33,-1.24,0.69,1.72,-0.13,-1.96,-2.59,0.59,1.64,0.82,3.55,3.7,-0.94,3,0,0
-0.58,-0.37,-1.0,0.48,0.7,-0.17,3.39,-1.22,-2.75,-1.76,1.47,1.83,0.01,3.57,0.71,1.61,3,0,0
-0.29,1.49,0.29,0.65,-4.71,-4.46,1.29,2.82,1.63,0.91,3.53,-6.54,-0.47,-1.94,4.94,0.44,3,0,0
-0.4,-1.31,-4.52,-3.15,-0.73,-1.68,0.93,6.83,1.26,-2.34,2.3,-3.42,0.09,0.72,0.33,-0.89,3,0,0
1.86,1.26,-4.52,-0.37,-0.65,2.67,2.43,6.74,-1.76,0.77,-0.42,1.29,2.51,1.45,-5.02,-2.64,3,0,0
0.91,2.53,3.12,-0.43,-4.35,-1.09,-1.68,0.15,1.86,3.34,-1.44,-3.51,1.62,-2.38,-0.16,-4.53,3,0,0
0.16,-2.62,1.4,0.69,-1.66,1.83,0.93,-1.12,-1.25,-0.39,-2.52,1.5,1.77,-0.71,-0.83,-2.61,3,0,0
3.15,-3.73,-2.17,-2.38,-0.97,2.62,3.7,4.67,2.3,0.09,-2.14,-3.12,-1.71,2.42,0.15,-2.53,3,0,0
2.94,0.08,2.2,3.09,0.78,-0.87,-2.43,-3.2,1.06,-1.43,1.2,-0.16,-1.18,0.08,2.08,-1.69,3,1,1
-2.02,1.66,1.74,-1.21,2.26,1.23,2.14,-2.16,0.27,-2.2,-2.7,3.89,-7.07,-0.98,0.92,0.37,3,0,0
-2.94,1.57,-1.04,0.46,0.84,-2.72,-0.16,0.64,-2.25,-3.01,2.21,2.08,0.35,-2.55,-0.71,2.23,3,0,0
-1.84,-0.26,-1.99,0.82,1.87,-2.03,-0.67,1.14,-2.86,-1.54,2.72,0.9,2.92,3.54,-0.38,2.84,3,0,0
3.69,1.3,-2.18,2.57,-2.16,-1.41,-1.75,2.94,-1.28,3.55,3.32,-2.02,1.74,-1.11,-1.7,-0.65,3,0,0
-1.35,1.46,-3.99,1.04,2.38,0.26,-3.21,4.26,-2.81,-0.59,1.57,-3.13,4.03,1.52,0.34,-0.28,3,0,0
-1.74,-0.27,-1.28,1.46,-2.53,-1.54,-0.46,0.08,-3.08,1.54,0.16,0.16,3.98,-1.75,-1.38,-1.78,3,0,0
0.93,1.67,2.85,-1.27,0.76,-0.62,-4.25,-0.57,1.12,2.37,-0.36,-1.47,-4.07,-2.32,-0.18,1.03,3,0,0
3.02,-0.91,-2.75,3.36,-0.46,-2.43,-0.35,-0.8,0.37,1.34,1.32,-2.76,-3.01,-4.05,0.75,-0.97,3,0,0
3.15,-2.62,-2.7,-1.66,-0.68,3.32,-3.28,5.26,0.32,1.59,-2.97,-5.07,3.04,-3.28,-4.2,-4.76,3,0,0
2.97,2.97,-2.57,-3.8,2.82,-1.16,-0.78,4.14,2.14,0.7,1.56,-5.21,-2.73,3.37,-1.86,0.99,3,0,0
-1.55,1.44,-5.27,-0.79,2.75,-2.02,-5.85,-0.62,-3.63,1.58,2.9,-2.34,-3.05,-1.73,-1.02,0.17,3,0,0
4.57,-0.71,-1.67,-0.98,2.59,0.05,-2.03,5.77,1.74,1.31,1.1,-3.47,0.11,2.64,-2.47,2.29,3,0,0
-2.7,-1.37,1.57,0.04,-3.34,-1.71,3.09,1.21,-1.5,1.76,0.71,2.77,-0.19,0.34,1.52,3.13,3,0,0
-2.19,-1.04,2.82,2.19,-3.79,-0.3,2.9,-1.17,-0.58,-1.31,-0.25,3.14,0.6,0.33,3.15,-1.48,3,0,0
-1.64,-1.93,-5.22,-0.95,4.42,-2.09,-5.37,-0.28,-5.27,0.44,3.36,-0.27,-0.82,-1.75,-3.04,4.94,3,0,0
-0.35,1.97,2.2,0.32,-1.4,-2.75,-1.9,-0.9,-0.3,1.23,2.06,-1.36,0.99,1.24,1.4,0.25,3,0,0
-1.58,-3.47,-5.63,-0.88,3.68,0.66,-0.14,0.8,-4.16,0.07,-0.01,-0.12,-1.27,1.2,-2.06,3.1,3,0,0
-1.81,-4.05,2.12,-2.69,-0.71,2.29,0.36,-2.88,-1.76,0.83,-3.93,3.16,0.14,2.7,-2.0,-1.44,3,0,0
0.83,0.79,-4.54,2.85,1.67,-0.3,-0.07,1.87,-2.88,-1.55,2.14,0.48,1.77,1.9,-1.46,-1.1,3,0,0
-0.86,0.12,-1.16,1.63,1.19,-1.08,-0.03,0.44,-1.66,-0.38,0.32,-0.77,0.65,-1.63,0.08,1.95,3,0,0
-1.04,-1.92,0.02,0.82,0.05,1.38,-1.77,-3.02,-4.11,0.89,-1.68,0.49,4.1,1.67,-1.79,-2.02,3,0,0
2.56,1.33,-0.42,0.47,-1.03,-1.58,-0.85,6.09,1.73,4.06,1.76,-5.97,0.25,4.3,2.02,1.49,3,0,0
-1.77,0.35,-0.4,0.04,-0.55,0.88,0.72,3.42,-0.69,-2.32,-0.43,-0.19,1.21,-2.79,0.6,-0.26,3,0,0
0.11,-0.09,0.2,0.66,1.43,-1.14,-0.93,7.2,2.66,-1.28,2.41,-4.8,-2.26,3.94,6.95,3.47,3,1,1
0.31,-1.41,0.28,-1.43,-0.07,1.04,0.3,-0.71,-1.03,2.86,-2.53,-2.76,-0.12,1.58,-0.33,-0.38,3,0,0
0.53,-3.55,-2.03,-1.46,-1.44,2.58,3.1,1.39,0.13,0.91,-4.71,-2.74,1.03,-1.86,-2.17,-3.34,3,1,1
0.15,0.51,-0.29,-1.55,0.65,-1.13,1.35,1.76,1.65,0.19,-0.5,-1.26,-2.72,3.7,1.16,-0.5,3,0,0
-1.85,0.15,-0.94,1.1,-2.07,-0.82,2.61,0.25,-0.15,0.49,-1.91,-3.58,2.35,-0.35,2.14,-2.71,3,0,0
-0.57,-2.67,-2.11,-4.12,2.38,-1.15,-1.79,0.01,0.27,-0.89,-1.47,-4.12,-0.66,-2.01,-2.72,0.62,3,0,0
-0.13,0.9,3.02,0.48,-1.08,-0.66,-1.56,-1.9,0.04,0.59,-0.17,2.02,-1.78,-2.69,0.44,-0.49,3,0,0
5.31,-1.07,-1.61,2.14,2.63,0.21,0.55,3.06,2.26,2.65,-1.43,-6.08,0.27,4.2,1.04,0.07,3,0,0
1.19,-2.64,-0.63,-1.73,-1.39,3.01,4.14,0.86,2.17,0.27,-3.83,-3.83,-4.36,2.21,3.61,-4.32,3,0,0
-3.14,1.97,0.51,-2.16,-0.06,-0.18,8.41,-1.16,1.34,-1.93,-3.6,2.91,-6.05,0.41,1.71,-0.25,3,0,0
-2.4,7.89,1.04,-4.74,3.4,-1.24,0.27,1.59,1.82,0.04,1.19,-1.52,-8.08,4.17,2.05,3.28,3,0,0
3.5,-4.26,0.78,-2.75,3.01,3.04,-1.24,-1.84,0.59,-2.22,-1.99,-2.62,-1.7,4.73,-0.73,-1.66,3,0,0
-2.33,-0.99,2.14,-0.59,-3.45,-0.64,6.33,-1.36,0.99,-3.09,-0.59,0.93,-1.43,1.91,4.57,-1.66,3,0,0
2.77,-3.34,-0.22,-0.88,0.57,0.93,-0.2,2.1,0.23,-0.54,-0.37,-2.45,0.96,0.83,-1.13,0.69,3,0,0
1.09,1.39,-1.8,-0.49,3.19,0.49,-6.44,-2.86,-4.13,2.31,1.03,-3.13,2.99,5.79,-2.69,-2.06,3,0,0
2.48,-1.5,-4.06,-1.09,2.74,1.2,-0.22,1.97,-2.25,0.73,0.9,-1.15,1.2,8.29,-2.75,-0.59,3,0,0
1.0,-0.33,-1.02,2.05,-0.1,-1.55,-2.52,-0.98,-4.31,0.12,3.78,0.62,2.87,1.04,-1.71,1.27,3,0,0
-3.42,1.4,3.19,-1.61,0.54,0.29,-2.18,-3.27,-1.5,-1.5,0.05,5.16,-4.08,0.59,1.36,-0.17,3,0,0
-3.38,-0.72,1.36,2.17,0.65,-0.33,-2.0,-2.88,-2.2,-1.39,-1.01,-0.86,1.32,-2.85,3.13,0.25,3,0,0
-2.29,0.89,-1.8,-0.32,2.62,0.29,3.71,-0.0,-3.38,-4.38,2.36,3.86,-0.93,5.87,0.88,2.55,3,0,0
3.1,-3.95,-3.54,-2.3,2.66,3.97,-1.48,3.98,0.38,-0.83,-2.19,-2.59,-2.14,0.9,-2.43,-2.08,3,0,0
-0.95,1.06,-0.61,6.45,-2.91,-1.36,0.32,0.5,-3.92,-0.02,1.95,0.95,5.99,-2.84,1.16,-1.01,3,0,0
3.1,-2.72,0.95,2.1,0.85,3.61,2.75,-3.76,0.76,-1.79,-4.68,-1.2,-1.27,-1.02,0.93,-4.31,3,0,0
-1.39,1.33,0.28,-3.43,1.33,1.66,3.39,0.43,0.77,-1.07,-3.56,0.66,-3.07,-1.72,-1.59,0.1,3,0,0
4.78,-5.29,-1.59,-5.21,0.99,3.17,-1.42,-0.67,0.95,4.24,-4.34,-3.63,-2.72,1.63,-5.09,-3.03,3,0,0
-4.11,1.57,1.43,2.05,-3.15,-4.36,5.33,1.77,1.56,-5.08,2.13,3.15,-1.09,-3.0,4.79,0.95,3,0,0
2.73,1.97,0.52,-1.68,2.66,0.09,-0.13,0.73,3.56,-2.7,0.16,-2.82,-6.23,4.57,2.8,-2.46,3,0,0
1.29,5.17,1.51,0.55,-1.78,-2.29,1.78,1.61,2.51,-0.25,2.37,-2.19,-3.03,1.66,3.92,-1.65,3,0,0
-0.96,-2.14,-0.2,1.08,1.03,-0.72,3.13,-2.17,0.8,-2.7,-2.25,-0.2,-1.55,0.48,2.26,-1.23,3,0,0
-4.35,-3.6,-2.82,-3.15,1.86,0.5,4.28,3.25,-0.43,-3.92,-2.27,2.05,-1.58,2.54,0.19,1.45,3,0,0
2.46,-1.95,-3.92,5.98,-3.75,-2.78,4.95,3.51,-1.18,-0.17,4.21,-2.67,2.93,0.53,3.36,0.27,3,0,0
-0.88,-1.35,-1.11,1.07,-0.14,-2.58,0.78,-0.37,-2.62,-1.26,3.71,1.4,0.75,3.24,1.53,2.31,3,0,0
1.71,-1.19,-3.06,1.83,1.62,-0.03,-6.24,-0.37,-3.83,1.56,2.44,-4.32,2.47,-0.12,-0.36,-0.75,3,1,1
-0.52,1.79,0.08,0.8,-0.76,-5.04,1.54,2.02,0.56,-0.75,3.68,-1.06,1.19,0.61,1.86,3.08,3,0,0
2.17,2.41,1.42,0.03,1.41,-0.51,-1.77,2.26,1.2,-0.38,1.29,2.92,-3.22,1.48,-1.34,0.52,3,0,0
4.37,0.48,0.29,-0.0,1.27,2.99,1.81,1.0,2.83,-2.5,-2.12,-3.15,-2.44,3.47,1.78,-5.01,3,0,0
1.06,-2.02,-2.93,-1.73,2.21,-1.26,-1.84,3.06,1.0,-2.05,0.47,-1.41,-2.0,-1.46,-1.28,-0.38,3,0,0
1.51,-1.68,-1.85,-5.96,1.2,5.75,1.68,3.97,1.91,0.55,-5.07,-4.47,-3.53,5.15,-0.93,-4.43,3,0,0
-3.41,-1.49,-0.05,1.54,-0.66,0.5,0.75,-2.35,-4.57,0.4,-1.64,0.15,3.81,-2.54,-0.04,1.08,3,1,1
-1.34,0.34,2.21,-2.05,-0.47,-1.44,0.26,0.55,0.36,-0.82,0.63,2.46,-0.3,2.84,-0.04,0.77,3,1,1
0.81,1.09,-0.49,-3.51,0.05,1.29,2.74,2.04,0.18,0.04,-1.17,1.12,-2.79,1.48,-2.5,-0.75,3,0,0
0.02,1.35,1.73,3.02,-0.21,-0.83,-3.15,0.56,-0.57,2.44,0.71,-0.81,-0.68,0.12,2.87,0.57,3,0,0
-0.17,-0.27,-2.28,-0.2,1.32,1.42,1.92,-3.13,-3.91,0.09,-2.25,1.32,1.79,-0.98,-4.65,-1.17,3,0,0
2.59,-1.31,-3.23,2.45,2.29,0.03,-2.48,1.16,-0.37,-0.31,1.63,-6.11,-0.9,0.85,4.0,-1.01,3,0,0
-0.1,3.85,2.32,1.61,-0.81,-1.94,-1.92,1.04,-0.89,-0.32,2.7,2.13,1.02,0.39,-0.24,0.51,3,0,0
-0.8,4.27,-1.47,-0.62,1.26,-3.05,-0.66,-1.16,-2.5,-0.89,3.09,2.27,-0.63,-1.5,-3.23,1.29,3,0,0
-1.88,2.19,0.51,-2.71,0.97,1.84,0.93,-1.26,-2.03,1.47,-3.86,2.74,-1.49,-1.84,-5.07,-0.36,3,0,0
0.85,-3.21,-0.29,-3.36,2.61,2.6,-0.47,1.45,1.87,-1.23,-4.54,-4.06,-1.74,2.41,-0.5,-2.14,3,0,0
0.28,-0.34,-1.72,-1.44,1.34,0.08,0.63,2.74,1.05,-1.11,-1.82,-0.56,-0.71,-0.11,-1.97,-1.28,3,0,0
3.1,0.57,-2.32,-4.39,2.43,-0.85,0.36,3.18,2.67,0.47,0.67,-4.28,-5.7,1.91,-1.4,1.11,3,0,0
-4.36,-0.81,-0.53,-2.09,-1.91,-3.01,3.83,1.16,-0.3,-0.92,1.11,-0.56,-3.84,-0.89,3.8,3.0,3,0,0
0.5,-2.49,-3.95,1.63,2.07,-0.46,0.65,2.51,0.2,-3.02,-0.01,-2.8,0.35,-0.38,1.61,-1.06,3,0,0
1.31,-3.04,-2.71,-0.77,-0.39,-1.21,2.24,0.89,0.33,2.32,-0.99,-5.61,0.62,1.68,0.35,0.11,3,0,0
-1.79,2.19,2.86,-1.2,-0.54,2.4,1.43,-4.43,-3.02,3.4,-3.46,2.66,-1.35,0.91,-1.8,-0.3,3,0,0
3.29,-3.54,1.63,1.58,-1.19,-0.69,-5.11,-1.02,-2.06,3.8,1.27,-1.36,4.44,2.42,-2.31,0.26,3,0,0
0.36,-1.91,-1.54,-2.28,0.47,1.22,1.15,1.85,-0.93,1.57,-0.53,0.13,-1.71,3.69,-1.66,1.09,3,0,0
-0.96,0.84,-1.86,1.51,1.7,0.56,2.23,-3.33,-3.88,-1.21,-0.61,1.1,-0.64,-3.35,-1.31,1.07,3,0,0
-0.94,-2.5,-3.12,-0.5,0.56,-1.46,0.25,4.19,-2.05,-2.63,2.12,0.9,1.67,-2.22,-1.89,2.52,3,0,0
-3.02,2.47,-3.1,-0.27,1.73,-3.06,-0.35,-0.53,-3.05,-0.23,3.08,1.2,-1.73,-0.72,-0.21,2.84,3,0,0
0.15,-2.66,-0.89,2.78,-0.12,-3.27,-4.61,-2.3,-3.91,-0.87,3.75,-1.07,4.5,-1.9,-0.89,1.35,3,0,0
6.99,-3.09,-3.51,3.18,0.56,1.8,-0.7,2.81,0.73,2.82,-0.51,-5.25,0.2,1.47,-0.3,-3.04,3,1,1
-0.35,1.06,3.31,1.95,-2.51,-5.38,-3.06,-4.41,-0.02,1.31,2.03,-1.61,4.02,1.28,1.42,-1.87,3,0,0
0.63,0.9,1.06,-0.76,-0.77,-1.56,-4.81,-0.71,0.66,2.22,0.37,-1.56,-1.87,-2.94,-0.67,-1.74,3,0,0
2.09,-2.51,-1.62,-3.49,1.42,0.37,4.86,4.1,2.35,-1.77,-1.43,-1.4,-1.66,3.12,-1.71,1.5,3,1,1
4.08,2.43,6.7,0.67,0.4,0.5,-3.19,-1.0,3.86,2.45,-1.28,-5.38,-1.88,3.83,4.31,-0.8,3,0,0
-2.59,-0.44,-1.77,-2.67,1.31,-1.69,1.02,1.5,-0.03,0.21,-1.34,-0.72,-1.01,-1.18,-1.06,1.85,3,0,0
-0.76,-1.06,-2.56,-0.07,1.14,-0.39,-1.11,0.49,-2.5,0.95,-0.45,0.17,0.64,-0.64,-2.48,0.3,3,0,0
-1.11,-2.2,1.27,-3.63,-0.8,2.37,0.92,-4.69,-1.53,0.31,-3.94,-0.15,-2.24,0.66,-1.16,-3.61,3,0,0
6.65,-5.73,-4.71,1.3,2.43,3.44,-4.79,3.73,-2.88,1.31,0.01,-1.8,5.84,2.17,-6.74,-2.34,3,0,0
-0.06,0.88,2.18,2.39,0.1,-2.43,-3.88,-2.63,-2.02,-2.44,2.7,0.5,3.16,-0.83,0.46,-0.53,3,0,0
-2.95,0.62,2.15,-0.57,2.3,-2.02,-4.9,-3.17,-1.75,-2.09,0.3,0.81,0.86,-0.26,0.1,0.47,3,0,0
-1.76,-4.02,-2.68,-3.62,0.85,1.64,1.42,1.12,-1.42,-2.54,-2.43,-1.13,1.84,0.9,-2.53,-1.35,3,0,0
1.91,-0.38,-0.92,-0.6,2.35,-2.1,-1.71,-3.68,-0.37,0.77,0.21,-2.56,-2.6,-0.58,-1.47,0.38,3,0,0
1.69,1.54,1.65,0.08,0.23,-0.84,0.35,-1.54,0.64,-0.44,0.95,0.92,-2.53,2.22,0.02,-0.3,3,0,0
0.26,1.66,2.39,-1.52,1.77,-1.26,-0.19,-2.12,-0.05,-0.64,-1.19,2.03,-0.05,1.18,-3.66,0.78,3,0,0
-2.84,-0.11,4.42,-0.09,-0.89,1.3,1.49,-3.11,-0.55,1.1,-2.58,2.73,-2.44,0.37,2.7,1.45,3,0,0
-1.66,1.89,0.93,-4.21,2.29,-0.58,-1.53,3.33,1.39,-1.19,-0.1,-1.61,-4.33,0.6,-0.31,2.98,3,0,0
-1.66,1.83,-3.48,-1.38,1.9,-2.06,-3.71,0.91,-2.62,2.97,1.78,-4.01,-1.39,0.32,-0.44,1.83,3,0,0
-2.51,-0.78,2.52,-2.18,-1.83,0.01,3.47,0.31,-0.58,-3.18,-0.17,5.79,-2.59,-2.48,-1.46,2.07,3,0,0
0.47,1.15,3.01,-3.38,2.27,1.88,-3.52,-3.82,-1.91,2.89,-0.75,3.17,-4.54,4.05,-2.35,1.08,3,0,0
-4.44,-2.82,-1.6,-4.16,1.6,2.86,5.53,1.7,-1.25,-2.63,-4.64,2.28,-2.41,0.67,-1.02,1.37,3,0,0
-0.29,2.17,0.34,0.45,-0.49,-0.23,0.76,2.07,0.49,-1.27,0.7,1.59,-3.41,-2.1,0.9,-0.16,3,0,0
-3.45,-2.74,-1.1,0.9,-0.24,-0.36,3.1,-0.11,-0.56,-3.83,0.03,-0.31,-2.11,1.2,5.83,-0.17,3,0,0
-3.43,1.55,2.4,-1.13,2.07,1.06,-1.53,-5.06,0.83,1.2,-4.95,-0.1,-6.55,0.34,3.17,-2.83,3,0,0
-2.62,-1.45,1.91,0.03,-1.35,-0.23,0.02,-3.19,-1.73,2.36,-2.14,1.94,-0.92,0.78,1.07,-0.47,3,0,0
1.64,2.39,-0.22,3.44,0.21,-0.36,-0.61,3.03,-0.78,-0.93,3.55,-0.06,-0.55,-0.41,2.14,1.98,3,0,0
5.53,-1.9,0.39,2.4,-2.28,-1.18,-5.41,1.56,-0.06,4.26,1.72,-3.87,4.48,0.83,-2.2,-2.62,3,0,0
-2.06,-0.12,-1.69,-3.48,1.45,-1.46,1.46,1.39,1.02,-1.97,-0.7,-2.89,-0.78,2.59,0.69,-0.32,3,0,0
0.12,-0.39,-0.63,-5.5,4.47,2.5,0.29,2.71,1.69,-3.48,-3.57,0.05,-5.29,-1.9,-4.24,1.14,3,0,0
-2.69,-0.12,1.33,-2.43,-2.7,-1.03,2.64,2.11,1.0,1.72,-0.97,-3.5,-2.75,0.87,4.23,1.05,3,0,0
0.01,-3.77,-2.89,5.3,-0.62,-1.48,0.69,0.24,-2.07,-2.99,0.21,-2.58,4.46,-5.33,1.7,-1.14,3,0,0
-1.13,-0.85,0.44,-1.65,-0.04,-0.18,1.2,1.56,0.29,-2.29,-1.92,-1.35,1.99,-2.56,-1.56,-0.07,3,0,0
-3.76,1.98,0.58,-1.44,-0.52,-3.77,-0.95,-0.87,-1.5,-0.93,2.36,0.04,-1.15,0.16,1.95,1.27,3,0,0
-0.01,0.61,0.99,3.91,-0.51,-5.33,-0.2,0.35,0.47,-2.11,2.77,1.4,1.31,-5.19,0.82,2.52,3,0,0
-2.32,0.23,-0.21,-0.87,0.89,-0.62,4.55,-0.46,-0.88,-2.86,-1.45,0.67,0.69,1.26,0.08,0.97,3,1,1
4.19,-0.52,-0.36,2.48,1.85,-2.94,-0.63,1.3,0.98,-1.06,3.01,-3.26,1.93,4.4,1.04,1.37,3,1,1
-0.72,0.11,-0.14,-0.69,1.28,-0.71,1.23,4.31,0.86,-3.81,0.95,0.76,-0.14,2.17,0.74,1.29,3,0,0
-0.86,-1.3,-5.24,0.49,1.98,-1.07,-3.03,1.4,-3.42,0.21,1.26,-3.03,0.85,-3.97,-1.36,0.76,3,0,0
-5.29,0.66,1.71,-3.98,0.27,-1.87,-1.88,-1.98,-0.62,1.28,-0.89,-1.22,-3.72,0.57,2.29,1.84,3,0,0
0.37,2.25,0.69,-1.84,-0.57,-2.45,-0.98,1.61,3.17,1.65,-0.44,-7.5,-0.16,2.17,2.83,-1.91,3,0,0
-0.92,0.74,1.85,1.35,-0.86,-2.35,3.5,-6.5,-2.21,-0.25,-0.65,3.16,-1.06,-1.02,-1.16,0.54,3,0,0
-2.02,-1.25,-4.12,0.01,1.92,1.06,0.97,-0.53,-4.28,-3.2,0.85,1.72,0.14,2.28,-0.18,-1.14,3,0,0
4.32,0.86,-0.84,-1.33,1.37,1.41,-0.45,1.92,1.87,0.87,0.23,-1.54,-4.72,3.13,-0.51,-1.7,3,0,0
-2.92,1.08,0.9,-0.15,-1.5,-1.76,3.28,1.85,0.48,-1.37,1.1,-0.08,-1.49,4.62,4.93,0.44,3,0,0
0.97,-4.64,-1.52,-2.43,0.71,2.36,0.85,1.34,0.1,-1.82,-2.27,0.26,-2.46,-1.22,-1.75,-1.12,3,0,0
0.0,-0.73,0.28,-3.38,0.65,0.22,-1.79,0.52,0.68,1.16,-0.61,-2.53,-2.47,3.75,0.36,-0.69,3,0,0
1.81,0.68,0.27,-4.05,2.73,-0.08,-0.95,1.33,0.94,2.73,-2.66,-2.28,0.63,3.09,-5.82,1.4,3,0,0
