@relation SyntheticData-N_1200-D_8-Nmin_100-Zmin_16-CL_2_1-R_0
@attribute X0 real [-6.11, 6.22]
@attribute X1 real [-5.42, 4.73]
@attribute X2 real [-6.54, 4.84]
@attribute X3 real [-6.79, 6.56]
@attribute X4 real [-5.05, 5.48]
@attribute X5 real [-7.04, 7.06]
@attribute X6 real [-4.80, 4.01]
@attribute X7 real [-5.87, 6.39]
@attribute cluster_idx {0,1,2}
@attribute is_noise {0,1}
@attribute Class {0,1}
@inputs X0,X1,X2,X3,X4,X5,X6,X7,cluster_idx,is_noise
@output Class
@data
1.53,-3.83,3.61,-5.11,-3.39,-0.62,0.71,-1.77,0,0,1
-2.22,-0.62,-0.78,2.49,0.47,-1.29,1.97,-0.02,0,0,1
-4.14,2.28,-1.64,5.09,-0.27,1.09,0.48,-2.23,0,0,1
-0.8,0.58,0.01,2.43,1.5,0.07,0.28,2.04,0,0,1
-1.49,-0.19,-0.22,1.54,0.45,-0.91,0.95,0.21,0,0,1
1.18,-2.08,1.44,-4.24,-1.64,-0.09,0.73,-2.03,0,0,1
1.23,-0.59,0.37,-2.08,-1.35,-0.53,-0.87,0.19,0,0,1
-1.28,1.1,-1.44,2.02,1.15,-0.29,0.29,0.36,0,0,1
-0.06,-1.39,-1.55,-1.78,-1.52,-4.08,1.47,-0.05,0,0,1
-1.51,0.17,-0.25,1.28,0.51,0.26,0.78,-0.8,0,0,1
1.31,-0.51,-1.49,-2.41,-1.86,-2.76,0.09,0.72,0,0,1
-0.58,-1.04,-0.43,-0.41,-0.67,-1.67,0.96,-0.43,0,0,1
-0.07,0.72,-0.55,0.21,-0.49,-0.67,-0.24,0.57,0,0,1
-1.98,-2.63,1.83,0.26,-0.5,-0.72,1.64,-1.71,0,0,1
-0.22,-0.17,0.89,-0.56,-1.75,0.53,-0.62,-1.13,0,0,1
-0.27,-0.11,0.93,-0.82,-1.51,0.38,-0.9,-1.28,0,1,0
2.97,-0.1,2.37,-3.77,-1.28,2.22,-2.55,0.23,0,1,0
3.44,-2.2,2.92,-4.79,-0.91,1.03,-1.34,0.86,0,0,1
0.35,-2.75,3.07,-3.26,-1.27,1.13,1.51,-2.45,0,0,1
1.12,-3.02,0.75,-4.0,-2.38,-2.63,0.67,-1.11,0,0,1
0.05,-0.91,0.31,-2.75,-2.01,-0.85,0.12,-2.1,0,0,1
-1.03,2.03,-0.12,1.75,-1.34,2.12,-1.73,-1.24,0,0,1
-0.71,2.56,-2.23,3.28,3.3,1.79,-0.75,1.4,0,0,1
-0.21,1.81,0.24,1.45,1.48,3.19,-1.42,-0.12,0,0,1
0.5,0.93,-0.21,1.64,1.46,1.85,-1.15,1.71,0,0,1
-0.55,3.38,-3.32,2.18,1.05,0.49,-1.57,0.62,0,0,1
2.76,-2.67,3.35,-1.58,2.92,1.42,-0.64,3.59,0,0,1
1.31,1.38,-1.0,-1.29,-2.53,-0.27,-2.49,0.16,0,0,1
-2.23,-2.67,0.17,0.95,0.56,-2.36,3.61,-0.67,0,0,1
-0.52,-1.65,1.23,-1.84,-1.25,-0.26,0.55,-2.27,0,0,1
0.94,0.8,0.72,-2.33,-3.05,0.68,-1.63,-1.27,0,0,1
1.0,-0.69,0.59,-0.72,0.14,0.78,-0.78,0.58,0,0,1
-4.72,0.04,-3.0,4.3,1.57,-2.56,4.01,-1.68,0,0,1
-0.11,-2.09,0.89,-2.17,-2.84,-2.83,0.61,-0.66,0,0,1
-2.45,-0.46,1.25,2.08,-0.56,0.17,0.54,-1.15,0,0,1
1.5,1.15,-1.46,0.17,1.08,-0.51,-1.91,2.62,0,0,1
0.72,1.57,-0.43,0.83,0.54,1.16,-2.48,1.27,0,0,1
-1.75,1.68,-3.41,2.67,0.43,-2.46,0.97,0.94,0,0,1
2.26,-0.17,1.86,-3.78,-2.17,1.26,-1.44,-0.47,0,0,1
-2.2,-1.18,1.13,1.68,0.78,1.32,2.02,-1.64,0,0,1
1.64,0.63,-1.23,-2.35,-1.53,-1.43,-1.5,0.57,0,0,1
-0.98,0.58,-2.97,-0.91,-2.8,-2.68,0.97,-2.17,0,0,1
1.04,-1.68,1.08,-2.02,-0.98,-0.31,0.72,0.2,0,0,1
2.09,1.19,-1.63,-1.59,-2.66,-1.38,-2.16,1.42,0,0,1
1.61,-1.96,3.67,-3.54,-1.18,2.01,-0.26,-1.05,0,0,1
-0.31,-1.06,1.79,-1.53,-2.28,1.15,-0.29,-2.47,0,0,1
-2.33,0.71,-1.35,1.93,-1.12,-1.85,1.87,-0.51,0,0,1
1.82,0.55,0.95,-1.79,-0.45,1.72,-1.89,0.48,0,0,1
-1.1,1.42,0.12,-0.87,-3.54,1.17,-0.71,-3.5,0,0,1
-2.9,-1.23,2.35,1.58,-0.95,1.52,1.25,-2.99,0,0,1
2.78,0.42,0.75,1.17,-0.77,-1.42,-0.59,-0.08,1,0,1
1.27,0.0,-0.44,-0.04,-0.03,-0.23,-0.45,1.47,1,0,1
-0.77,1.45,2.57,1.03,-1.6,-0.86,1.62,-0.49,1,0,1
-0.07,-0.22,1.57,-0.73,-1.05,-2.02,1.14,2.39,1,0,1
0.17,-2.34,-1.01,1.15,0.82,2.79,-1.37,-1.88,1,0,1
-1.03,0.64,2.37,-1.38,-1.65,-0.41,1.5,0.86,1,0,1
-0.28,-1.58,-2.2,0.08,2.08,2.67,1.03,-0.25,1,0,1
-0.32,-0.17,0.38,-0.49,-0.12,1.58,0.86,-0.44,1,0,1
0.12,-1.41,2.79,-0.16,-2.98,-1.18,-2.07,-0.4,1,0,1
0.49,-1.51,-0.45,1.0,0.13,-1.2,0.31,1.17,1,0,1
-0.0,0.03,-2.22,1.18,3.29,2.39,2.99,0.31,1,0,1
1.68,1.44,1.33,-2.62,-1.47,0.85,-0.88,1.05,1,0,1
0.09,-0.43,-0.7,0.83,0.5,-1.1,1.99,1.01,1,0,1
2.31,0.65,-2.33,0.41,0.81,-1.64,0.39,2.82,1,0,1
-0.84,-0.38,0.32,-0.08,0.38,1.04,2.09,-0.07,1,0,1
0.8,-0.21,-0.53,-0.55,-0.38,0.42,0.01,-0.1,1,0,1
2.04,1.21,-0.76,0.54,-0.43,0.03,0.3,-0.94,1,0,1
0.85,2.42,-0.34,-2.41,0.72,3.82,1.48,-0.31,1,0,1
0.01,-1.23,-3.37,0.83,0.97,-1.58,0.31,2.43,1,0,1
-0.45,0.68,-0.11,-0.42,-0.57,-1.44,1.68,1.88,1,0,1
1.55,2.04,-0.28,0.99,-1.17,-1.26,0.44,0.02,1,0,1
0.82,1.04,0.67,-0.85,-0.39,2.52,0.21,-1.33,1,0,1
0.13,0.51,1.53,0.64,-0.28,1.61,0.79,-1.49,1,0,1
-2.41,-0.39,0.11,0.21,0.79,1.26,2.26,0.78,1,0,1
-1.06,-0.91,0.09,2.18,0.53,1.96,0.51,-2.14,1,0,1
2.59,-0.22,-1.15,0.46,1.24,1.3,-0.12,-0.22,1,0,1
0.42,0.97,3.17,0.31,-2.98,-2.38,0.3,-0.08,1,0,1
0.2,0.97,-1.19,0.84,-1.0,-1.96,0.17,1.65,1,0,1
0.58,-0.96,1.18,3.38,-1.98,0.84,-1.91,-4.91,1,0,1
-0.69,-0.59,0.29,-0.1,-0.13,0.58,0.7,0.37,1,0,1
2.18,1.17,-0.1,-1.03,-0.73,3.54,-1.57,-2.32,1,0,1
-1.15,0.01,2.01,1.0,-1.33,-0.63,1.33,-0.59,1,0,1
-0.68,0.84,0.47,-0.97,-0.2,-0.21,2.26,1.91,1,0,1
-1.46,-0.71,1.82,0.35,-0.26,0.4,2.01,-0.29,1,0,1
-1.04,1.4,-0.02,-0.79,1.52,4.61,2.23,-1.05,1,0,1
1.51,0.09,-0.22,0.26,0.78,1.21,0.69,-0.28,1,0,1
0.79,-1.5,-0.11,-0.46,-0.05,1.43,-1.13,-0.15,1,0,1
1.03,-0.93,-0.2,-0.1,1.61,2.69,0.58,-0.59,1,0,1
-1.37,-0.52,0.14,-0.62,0.74,3.14,0.82,-0.2,1,0,1
0.33,1.34,0.73,-0.83,0.42,5.05,0.76,-2.97,1,0,1
1.73,0.6,1.46,1.17,-0.45,1.77,-1.09,-2.01,1,0,1
0.83,-2.14,-1.35,2.44,1.15,-1.34,0.23,0.54,1,0,1
0.28,0.68,0.75,-0.21,-1.89,-2.16,-0.1,1.75,1,0,1
0.83,1.0,-1.2,-0.88,-0.29,-1.71,1.38,2.31,1,0,1
0.38,-1.57,-3.08,1.12,1.28,0.1,0.46,0.53,1,0,1
1.85,-0.86,-0.87,0.52,-0.37,2.29,-2.07,-2.67,1,0,1
1.2,1.87,-2.12,-1.42,0.45,1.66,0.81,0.7,1,0,1
0.04,0.37,-1.26,1.73,-0.34,-2.53,1.47,1.22,1,0,1
1.43,-0.65,1.43,-0.76,-1.39,-0.09,-1.28,0.49,1,0,1
1.91,0.32,-0.47,-0.03,-0.8,-1.23,-0.95,1.54,1,0,1
1.64,-0.72,0.25,2.25,-2.17,-1.09,0.28,1.42,2,0,0
-1.05,-1.21,-0.85,0.77,-1.77,0.97,-0.18,-0.3,2,0,0
-3.29,0.39,-1.0,-0.24,0.1,-0.28,-2.7,-0.55,2,0,0
-2.58,-0.23,-1.23,-0.78,0.09,-0.06,-2.06,1.63,2,0,0
1.39,-0.01,0.73,1.76,0.12,-2.3,-3.64,0.65,2,0,0
2.18,0.34,1.66,-1.55,0.72,-1.18,-0.86,0.11,2,0,0
1.97,0.32,2.1,2.96,-2.5,-4.45,-0.84,0.99,2,0,0
-2.0,-1.2,-0.22,-2.14,0.21,1.12,0.45,-1.16,2,0,0
2.54,0.91,-0.34,2.69,-2.94,-2.92,0.68,-0.33,2,0,0
0.37,-1.7,0.09,2.79,-0.31,0.95,-2.7,-1.7,2,0,0
-4.95,-2.48,0.2,0.73,-0.77,1.0,-1.16,0.28,2,0,0
-0.75,0.55,-0.72,-0.15,-0.08,-2.59,0.16,-2.15,2,0,0
-2.86,0.47,-3.06,-0.42,0.2,-0.28,-1.36,-0.51,2,0,0
-1.92,-0.97,0.54,1.96,-2.61,1.72,-1.54,0.38,2,0,0
4.47,0.84,0.04,-2.29,-0.97,-0.49,2.62,0.9,2,0,0
-2.61,-2.91,2.41,-1.88,1.07,3.42,-1.52,1.03,2,0,0
0.46,-0.11,1.22,-1.57,-0.06,-0.6,0.12,0.78,2,0,0
2.47,0.23,0.53,-1.63,-0.76,0.15,1.72,-0.86,2,0,0
1.12,0.78,-1.0,-0.67,-0.05,-2.35,1.22,-2.06,2,0,0
-1.6,0.17,1.07,-1.03,0.59,-1.45,-2.11,-0.04,2,0,0
-2.26,-4.26,3.51,0.38,-0.76,1.29,-2.69,3.1,2,0,0
-1.16,-0.66,0.01,0.72,-1.21,-0.63,-0.5,-0.54,2,0,0
0.13,1.62,-1.83,-2.41,-0.88,-0.76,1.71,0.47,2,0,0
-1.09,-1.3,-1.39,1.19,-1.37,-0.32,1.11,-2.27,2,0,0
-1.63,-2.79,2.4,-0.71,0.83,1.53,-1.03,-0.85,2,0,0
2.41,0.35,-0.16,0.08,-0.26,-1.45,-0.4,-2.55,2,0,0
-1.99,0.74,-1.67,-2.5,-0.15,-0.87,-0.02,0.01,2,0,0
-1.72,-1.08,-1.62,3.16,-2.95,-1.16,-0.02,-1.16,2,0,0
-1.62,0.48,1.15,-1.58,1.41,0.63,-1.89,0.32,2,0,0
-0.21,-1.19,-0.11,0.33,1.62,-0.08,-0.44,-1.67,2,0,0
-0.73,1.28,-1.94,0.15,-1.72,-1.95,-0.06,1.02,2,0,0
-2.07,-2.72,1.41,-0.1,-1.05,1.9,-1.57,1.92,2,0,0
-4.28,-0.58,-2.23,-1.48,1.45,0.43,-2.12,0.42,2,0,0
0.56,0.95,-2.25,-3.14,-0.64,1.49,1.66,0.67,2,0,0
1.2,0.51,-0.66,2.46,-1.85,-3.05,-1.03,-1.22,2,0,0
0.54,-1.92,2.76,-0.13,-1.45,1.74,0.47,0.75,2,0,0
-5.1,-0.45,-3.0,-2.03,-1.32,4.83,-0.06,-1.79,2,0,0
0.84,-0.14,0.31,1.76,-1.07,-3.54,0.6,-2.0,2,0,0
-1.36,0.27,-1.44,-1.72,1.69,-0.66,-1.45,0.55,2,0,0
-0.0,-1.66,1.86,6.54,-2.8,-2.35,-2.65,-2.61,2,0,0
1.93,0.31,-1.51,2.75,-4.13,0.47,-0.18,-0.58,2,0,0
-2.84,-1.78,-1.66,-1.69,2.4,-0.05,-0.39,-2.36,2,0,0
-0.9,-1.47,-2.62,-2.65,2.14,0.81,1.42,-1.91,2,0,0
-1.09,1.19,-2.51,1.51,-0.69,-1.39,-0.98,-1.73,2,0,0
-1.16,-1.8,-0.21,1.1,-1.9,-0.75,-0.18,0.51,2,0,0
-0.47,1.63,-1.93,5.28,-3.09,-2.16,-1.0,-2.09,2,0,0
-0.05,-0.91,1.34,3.97,-3.1,-1.18,-0.88,-1.04,2,0,0
1.18,-0.5,-0.31,-4.77,0.96,1.91,1.19,0.38,2,0,0
2.25,0.02,0.72,1.5,-1.56,-3.39,0.57,0.21,2,0,0
-1.23,-0.21,-0.39,-6.49,5.48,1.11,-1.03,-0.15,2,1,1
-3.63,-1.59,-2.1,-1.92,-0.2,2.0,-0.45,-0.42,2,0,0
1.16,-0.82,-0.35,-1.9,1.38,0.09,-0.03,-1.41,2,0,0
3.25,0.84,3.32,3.1,-0.17,-4.18,-1.27,0.13,2,0,0
-3.49,1.7,-4.94,2.56,-1.39,-2.2,-0.72,-3.67,2,0,0
-0.35,-1.43,-0.77,-1.92,0.16,1.01,1.79,-1.34,2,0,0
0.08,0.31,0.33,-0.84,0.47,-0.98,-1.48,-0.21,2,0,0
-2.85,-1.86,1.11,0.27,-1.36,1.45,-0.92,1.75,2,0,0
-2.22,-0.79,-0.61,-1.44,0.59,-0.17,-0.91,1.63,2,0,0
-2.16,0.72,-3.01,2.08,-0.6,-1.75,-0.85,-3.63,2,0,0
0.56,-0.81,0.92,-2.5,-0.64,-0.81,1.09,1.83,2,0,0
0.6,0.11,2.21,-3.36,1.17,-2.13,0.21,1.65,2,0,0
-2.24,-0.04,-0.66,-0.88,1.17,-0.29,-0.94,-0.86,2,0,0
0.61,-0.08,1.5,0.22,0.63,-0.0,-1.41,-1.54,2,0,0
0.78,3.34,-2.49,5.23,-4.18,-4.39,-1.68,-2.64,2,0,0
-2.05,-0.28,-2.37,-2.84,1.02,1.45,-0.16,0.5,2,0,0
1.11,0.23,-0.53,0.56,-0.83,0.9,-1.44,-0.01,2,0,0
-4.75,0.35,-2.12,-0.36,-0.06,0.03,-0.84,-3.23,2,0,0
-3.06,-0.14,-0.89,-1.12,0.31,-0.38,-1.51,1.11,2,0,0
-0.08,0.58,-3.45,0.79,1.43,-2.59,0.28,-3.47,2,0,0
-3.31,1.04,-0.96,1.56,-2.3,-1.21,-2.74,0.64,2,0,0
2.5,0.44,1.37,0.41,-0.27,-2.13,0.38,-2.22,2,0,0
-1.84,0.62,-2.76,0.62,-0.39,-0.12,-0.8,-1.84,2,0,0
-0.59,-0.07,-0.03,0.28,-1.7,-0.1,0.02,0.29,2,0,0
-2.54,-2.02,-2.05,-2.03,-0.68,3.5,1.32,-1.02,2,0,0
-0.45,-0.62,-0.14,1.7,-0.4,0.58,-1.75,-0.54,2,0,0
0.44,0.83,0.98,1.6,-0.5,-4.53,-0.98,-1.85,2,0,0
-0.58,0.27,-0.47,-2.41,0.22,-0.08,-0.48,0.66,2,0,0
-1.02,-1.53,2.68,2.74,-3.05,-0.0,-1.94,2.6,2,0,0
-0.98,-1.82,-0.86,-3.85,1.62,1.91,-0.59,1.51,2,0,0
4.58,2.31,1.81,-0.82,1.04,-5.19,-0.99,0.1,2,0,0
0.66,-0.95,2.11,-1.72,-0.49,-0.88,-1.07,4.4,2,0,0
-4.23,-2.46,-0.07,-2.09,2.74,3.6,-1.34,-1.43,2,0,0
-3.78,-1.47,-2.33,1.83,-1.12,1.71,-1.15,-3.42,2,0,0
-0.09,1.28,-2.63,-1.22,-0.16,-2.2,0.8,-0.3,2,0,0
0.82,-0.34,1.68,-0.08,-0.26,-1.9,-1.44,2.13,2,0,0
2.79,-1.74,-1.02,1.75,-0.63,2.03,0.95,-2.9,2,0,0
-3.13,0.9,-3.44,0.44,-0.41,-1.28,0.03,-3.62,2,0,0
3.67,0.69,-0.74,-0.56,-1.21,-1.18,1.44,-1.46,2,0,0
0.37,0.3,-0.35,-0.77,0.34,-1.42,-0.22,-1.39,2,0,0
-3.77,0.44,-2.12,1.73,-0.18,-1.93,-0.41,-3.07,2,0,0
2.57,0.02,0.42,0.24,-1.85,-1.11,0.37,0.44,2,0,0
0.54,-1.22,2.31,-1.23,-2.22,1.96,0.6,1.66,2,0,0
-1.79,-1.15,0.95,0.39,-2.39,1.15,-0.65,1.55,2,0,0
-1.66,-1.17,0.78,0.63,-1.36,-0.27,-1.81,1.76,2,0,0
-1.2,-1.76,0.75,1.12,0.66,0.9,-1.54,-1.88,2,0,0
1.17,1.24,-2.3,2.82,-2.58,-0.8,0.07,-1.71,2,0,0
-3.38,-3.55,-0.33,2.81,-2.67,1.74,-1.01,0.14,2,0,0
-1.0,0.03,-0.32,0.73,-1.05,-1.04,-2.0,1.21,2,0,0
0.79,1.14,0.2,-0.66,0.32,-1.69,-1.16,-0.83,2,0,0
-0.97,0.38,-4.15,-4.82,1.55,2.86,1.91,-0.76,2,0,0
0.53,1.2,-0.69,-1.86,-0.47,0.73,-0.71,0.97,2,0,0
1.07,-0.09,-0.44,0.8,-2.02,-0.69,0.2,0.44,2,0,0
-1.0,-0.86,-0.3,-0.45,-0.94,1.7,-0.94,0.62,2,0,0
-1.72,-2.04,2.82,-0.91,-1.67,-0.36,-0.25,2.94,2,0,0
-2.83,-1.31,-0.81,-1.48,1.19,2.29,-0.26,-2.46,2,0,0
-3.76,-0.75,-3.44,1.21,-2.26,4.02,0.02,-0.97,2,0,0
-2.5,1.77,-2.93,1.25,-3.74,-1.21,-0.5,0.37,2,0,0
0.23,-0.25,-0.09,1.4,-1.15,-0.78,-1.41,1.48,2,0,0
-2.35,-0.33,-1.79,-0.86,0.91,0.6,-0.48,-1.62,2,0,0
-2.56,0.24,-0.13,2.42,-2.23,-1.33,-1.51,-0.59,2,0,0
-4.46,-3.55,0.16,-0.12,-0.79,3.9,-1.52,0.54,2,0,0
-0.62,-0.34,-1.42,-3.77,0.97,1.93,1.15,0.58,2,0,0
1.46,0.96,-1.69,1.88,-1.32,-2.34,0.39,-3.65,2,0,0
-3.26,-4.02,2.22,-2.27,2.66,3.61,-1.49,0.65,2,0,0
-0.69,-0.51,-0.26,-1.87,0.14,1.14,0.94,-0.12,2,0,0
0.29,-1.73,2.15,-0.53,-1.17,1.07,-1.83,2.98,2,0,0
-4.81,-1.82,-1.49,-2.1,2.29,2.68,-1.36,-1.16,2,0,0
1.2,0.21,-0.7,-1.77,2.28,-1.82,-0.08,-0.68,2,0,0
-4.72,-1.25,-1.41,3.05,-1.78,-0.48,-1.34,-1.35,2,0,0
0.97,0.89,-1.75,-0.31,0.35,-0.15,0.62,-3.77,2,0,0
-1.74,1.28,-2.75,3.25,-1.54,-3.6,-0.44,-4.39,2,0,0
0.16,0.03,-1.09,-2.54,-0.31,-0.92,0.95,0.71,2,0,0
-0.49,0.96,-2.18,0.6,-0.43,-0.28,-0.39,-2.73,2,0,0
-1.76,0.35,0.27,-0.1,1.81,-1.99,-3.39,-1.51,2,0,0
-4.36,-3.3,1.51,-1.14,0.39,4.55,-2.65,3.05,2,0,0
-3.13,-2.17,-0.72,-0.73,0.62,3.21,-0.47,-2.03,2,0,0
-4.49,-1.87,-0.06,-2.66,1.5,2.47,-1.45,2.16,2,0,0
2.49,1.28,2.2,-0.7,-1.11,-1.49,-2.79,3.44,2,0,0
-3.88,-1.88,0.28,4.41,-0.22,-1.26,-4.05,-0.41,2,0,0
1.76,-2.41,3.39,0.22,-1.9,0.33,0.43,1.52,2,0,0
0.3,-0.35,4.18,3.04,-2.61,-2.54,-3.43,3.51,2,0,0
1.61,-0.93,3.55,1.03,-0.16,0.09,-3.39,1.06,2,0,0
-2.89,-2.6,2.86,-2.76,-0.69,3.73,-1.98,5.32,2,0,0
0.87,1.03,-0.99,2.94,-3.61,-1.18,0.15,-1.17,2,0,0
-1.84,-3.65,2.72,0.62,-1.84,2.87,-0.08,1.82,2,0,0
-0.91,-2.4,0.44,1.47,0.02,2.25,-0.22,-2.38,2,0,0
-0.03,-1.25,-1.33,-4.16,1.3,2.25,0.17,0.76,2,0,0
1.54,3.08,-0.33,0.56,-3.76,-3.76,-0.25,2.68,2,0,0
0.92,-0.15,-2.84,0.26,-0.52,-0.26,-0.13,-1.55,2,0,0
-0.13,-1.43,1.19,0.49,-2.0,-1.21,0.11,2.21,2,0,0
-1.98,-2.97,-0.42,-1.51,0.04,5.21,0.85,-0.62,2,0,0
1.84,0.46,-0.17,2.48,-2.06,0.15,-0.7,-0.62,2,0,0
-0.71,-2.01,0.43,-1.66,0.71,1.89,0.05,-0.4,2,0,0
0.03,0.53,0.46,2.21,-0.81,-2.71,-1.84,-0.14,2,0,0
0.38,1.08,-3.25,3.64,-2.82,-1.89,0.57,-4.6,2,0,0
3.5,1.83,-3.11,2.25,-1.49,-4.88,0.88,-2.12,2,0,0
0.07,0.01,-0.96,-2.15,-1.01,0.55,2.14,-0.05,2,0,0
-3.88,-2.47,-2.61,-3.78,2.53,4.39,0.86,-2.08,2,0,0
-2.25,0.32,-1.46,0.78,-3.23,0.78,0.66,0.14,2,0,0
3.64,-0.21,0.36,0.81,-0.08,-2.6,-0.07,-2.11,2,0,0
2.21,0.52,-2.43,1.69,-1.68,-0.89,1.02,-2.12,2,0,0
-2.36,-1.76,1.23,2.87,-2.54,1.48,-4.09,1.79,2,0,0
6.22,3.97,0.1,2.57,-2.61,-6.68,0.87,0.35,2,0,0
-4.29,-2.66,-0.4,1.23,0.15,2.95,-2.58,-0.84,2,0,0
-0.2,-0.28,-1.75,-1.93,3.11,-0.84,-0.33,-2.0,2,0,0
0.59,1.3,2.27,3.16,-3.56,-3.23,-2.55,1.03,2,0,0
0.38,0.16,-2.67,-2.86,0.77,1.59,0.72,-1.03,2,0,0
1.95,-0.89,0.8,0.42,-3.11,1.22,1.35,-0.35,2,0,0
1.62,-0.73,2.85,0.94,-1.26,-2.45,-1.29,2.95,2,0,0
-2.99,-1.48,1.79,-0.88,1.36,0.08,-2.97,0.65,2,0,0
2.28,-0.4,0.33,1.42,-1.56,-1.25,0.38,-0.19,2,0,0
-0.53,-1.41,2.57,1.96,-2.79,-0.05,-2.13,2.4,2,0,0
-2.74,-0.31,-1.06,0.11,2.14,-0.28,-1.74,-2.48,2,0,0
0.33,-1.84,2.72,-1.12,0.84,0.04,-1.29,0.97,2,0,0
-4.24,-0.65,-0.6,-0.19,0.39,0.85,-1.85,-1.43,2,0,0
-1.34,-0.93,0.1,-0.81,-0.02,-0.37,-1.34,0.56,2,0,0
-0.04,0.62,-1.14,0.37,-2.44,-2.25,0.67,1.2,2,0,0
1.48,2.34,-2.25,0.38,-0.96,-4.3,0.0,-0.05,2,0,0
-5.16,1.36,-3.68,0.47,0.36,-0.98,-1.95,-3.75,2,0,0
2.38,1.39,0.17,1.88,-3.66,0.8,-1.06,0.41,2,0,0
0.57,2.91,-3.1,0.05,-0.99,-4.78,1.29,-2.79,2,0,0
-2.72,-0.94,0.69,2.94,-2.79,-1.6,-2.01,1.3,2,0,0
-3.19,-1.87,0.51,2.86,-1.14,-1.04,-2.6,0.94,2,0,0
-1.32,-2.67,-0.45,-3.79,-0.09,4.31,1.63,-0.38,2,0,0
-1.79,-0.42,0.67,2.87,-0.84,-1.14,-4.26,0.87,2,0,0
-5.04,0.63,-5.94,2.96,-1.8,1.39,-2.99,-3.21,2,0,0
-2.34,0.14,-1.68,-2.51,2.42,0.35,-0.25,-1.38,2,0,0
-3.18,-0.7,-3.47,1.23,-1.41,1.21,0.14,-1.58,2,0,0
-1.13,-0.44,0.46,-2.65,-1.3,1.77,1.1,1.5,2,0,0
-0.05,-1.57,0.38,-4.33,1.29,2.04,-0.37,1.29,2,0,0
-0.75,-1.02,-0.86,-2.62,-0.5,2.78,1.75,-0.34,2,0,0
-2.33,-1.65,0.52,4.79,-3.82,1.09,-3.44,2.42,2,0,0
-3.2,-1.6,-0.6,-0.87,-0.28,2.49,0.07,-1.83,2,0,0
-0.86,-1.21,2.59,0.36,-4.02,0.74,-0.84,3.58,2,0,0
3.11,2.47,-0.44,0.15,-2.47,-2.92,0.86,0.02,2,0,0
0.72,-0.26,-0.02,-0.18,-2.28,-1.13,1.03,0.87,2,0,0
-1.62,-0.61,1.48,0.27,-1.47,0.41,-0.71,1.89,2,0,0
-0.03,0.35,-3.35,2.11,-3.33,0.04,0.28,-0.23,2,0,0
-3.96,-1.22,-1.26,-2.83,0.57,1.14,0.55,-0.56,2,0,0
-1.31,-1.72,-0.19,-1.07,2.65,1.7,-0.56,-1.98,2,0,0
-1.51,2.31,-0.91,4.84,-2.71,-2.96,-0.95,-2.22,2,0,0
-1.4,1.61,-3.16,-0.85,0.31,-2.03,0.94,-4.62,2,0,0
-0.79,0.11,-1.86,-1.21,0.62,1.89,1.02,-3.24,2,0,0
-0.71,-0.42,0.85,-0.48,-1.28,1.55,-1.6,2.36,2,0,0
1.15,1.56,-2.41,0.37,0.05,-2.83,-0.15,-1.72,2,0,0
-3.51,-0.44,-2.85,0.53,0.52,-0.45,-1.54,-2.93,2,0,0
1.05,1.09,-0.74,0.11,-2.14,-1.7,-0.12,0.98,2,0,0
1.74,-1.75,2.82,4.09,-4.31,-1.97,-0.54,2.75,2,0,0
-1.95,0.85,-2.69,1.62,-2.81,-0.1,-0.34,-0.58,2,0,0
-4.59,-0.52,-4.39,0.86,1.05,1.61,-1.2,-4.28,2,0,0
-0.58,-1.74,0.28,1.09,-0.57,-1.66,-0.44,-0.14,2,0,0
-1.83,-1.47,2.53,2.54,-3.05,-0.2,-1.84,1.63,2,0,0
-0.02,-1.32,0.67,-0.92,-0.57,0.84,-0.07,-0.6,2,0,0
-1.84,-0.91,0.96,-1.07,-0.28,2.05,-1.68,2.28,2,0,0
3.25,-0.62,3.75,-1.33,-0.24,-1.25,0.01,1.46,2,0,0
-4.48,-2.81,-1.14,-3.79,2.38,5.3,0.46,-2.08,2,0,0
-1.12,-0.73,-0.52,1.32,-0.85,0.17,-1.2,-1.97,2,0,0
-2.71,-1.47,0.1,1.75,-2.15,0.38,-1.06,1.54,2,0,0
-3.82,-3.23,-1.65,2.67,-1.25,3.42,-0.97,-4.63,2,0,0
-6.11,-2.94,-2.61,1.29,0.33,4.76,-1.99,-2.39,2,0,0
1.84,0.09,0.15,1.27,-1.58,-1.9,-0.09,-1.06,2,0,0
-0.58,-0.41,0.26,0.56,-0.47,0.05,-0.91,-0.94,2,0,0
0.12,0.82,1.77,-1.27,0.1,-3.83,-1.51,2.02,2,0,0
0.51,0.48,-1.66,-2.19,-0.48,0.27,0.49,0.72,2,0,0
2.4,3.28,-3.6,0.16,-0.53,-3.41,0.97,-3.22,2,0,0
1.67,-0.22,-0.17,1.97,-1.86,-2.39,0.56,-1.64,2,0,0
-1.41,-0.94,-0.04,-0.87,0.33,0.38,-0.82,0.2,2,0,0
-1.46,-2.05,0.15,0.53,-1.01,3.17,-2.27,0.73,2,0,0
2.93,0.16,0.63,-0.56,-0.3,1.08,-1.52,1.32,2,0,0
-0.13,-1.63,0.96,-0.66,-2.12,0.24,-0.6,1.94,2,0,0
-1.29,-1.81,-1.18,0.16,1.54,0.79,-1.3,-2.43,2,0,0
-1.41,-0.55,-1.63,-1.03,-1.25,1.06,1.56,-1.71,2,0,0
0.6,0.42,-1.78,-1.24,-1.71,-1.6,0.9,-0.64,2,1,1
-0.81,-0.07,-3.19,1.61,-1.52,-0.52,0.35,-1.0,2,0,0
-1.42,-2.04,-0.43,-0.38,-1.18,1.88,-0.47,2.09,2,0,0
-0.47,0.5,-3.83,-0.42,-0.17,0.14,0.97,-2.43,2,0,0
-5.38,-0.21,-3.73,0.02,-0.7,-0.43,0.99,-2.33,2,0,0
4.37,1.63,1.68,3.66,-2.7,-4.31,0.18,-0.93,2,0,0
3.73,1.39,-2.07,-1.37,-0.29,-0.78,1.0,-0.67,2,0,0
-0.83,0.2,-0.76,0.53,-1.03,-2.3,-0.41,-0.52,2,0,0
-3.87,1.1,-4.87,1.4,-2.84,-1.4,0.09,-1.97,2,0,0
-0.59,-1.3,-0.85,-0.21,-2.1,0.51,-0.65,2.46,2,0,0
-2.49,-1.99,0.15,-0.29,-1.34,0.88,0.26,-0.05,2,0,0
-1.79,1.09,-2.47,-0.87,-0.5,-0.26,0.15,-1.68,2,0,0
-1.83,-1.69,1.83,0.75,-1.37,3.04,-1.18,1.18,2,0,0
0.33,1.35,-0.99,0.05,0.21,-2.9,-0.18,-1.1,2,0,0
0.77,0.25,1.25,-2.58,0.54,-0.0,-0.68,2.37,2,0,0
1.38,-0.07,1.88,-1.26,0.96,-0.64,-0.53,1.55,2,0,0
3.04,1.09,1.8,2.73,-3.23,-1.96,1.18,-0.03,2,0,0
-2.8,-0.76,-1.44,2.24,-0.91,0.1,-2.27,-2.29,2,0,0
-1.7,-1.27,-0.98,1.48,-0.7,0.2,-1.38,-0.47,2,0,0
-2.88,-1.86,-1.06,1.98,-1.75,1.92,-2.27,-1.36,2,0,0
-3.64,0.15,-1.38,0.25,0.15,-0.66,-1.32,-0.94,2,0,0
-1.82,-3.79,3.14,-4.75,1.82,4.43,-0.59,2.89,2,0,0
0.49,-0.57,1.8,-2.67,-0.58,1.63,0.86,1.35,2,0,0
0.79,1.78,-2.32,-1.99,-0.66,-2.55,0.7,0.05,2,0,0
-1.74,-1.9,-0.55,1.81,-2.01,1.42,-0.24,-0.96,2,0,0
-0.48,0.01,0.39,2.99,-2.69,-2.23,-2.18,1.47,2,0,0
0.24,-1.26,0.77,0.72,-0.49,-1.06,0.28,-1.76,2,1,1
1.14,0.76,-0.92,3.98,-2.39,-1.71,-1.05,-2.46,2,0,0
2.36,3.36,-1.21,0.96,-1.94,-3.52,-0.82,-0.08,2,1,1
-0.37,-0.62,-1.98,0.77,-0.74,0.79,0.46,-0.99,2,0,0
-0.16,1.48,-1.34,1.53,-0.24,-4.12,-0.18,-2.74,2,0,0
2.56,0.75,-1.15,-0.77,0.44,-1.41,-0.5,-0.8,2,0,0
2.96,-0.67,1.35,2.59,-0.65,-3.38,-0.75,-0.22,2,0,0
-0.77,0.56,-1.87,-0.49,0.31,-1.0,-0.77,-0.9,2,0,0
0.89,-0.64,-0.83,-1.75,-1.36,-0.19,1.91,1.52,2,0,0
-1.74,0.6,-1.15,-2.85,1.27,1.27,-0.61,1.43,2,0,0
-1.29,0.37,-0.06,0.43,-0.86,0.08,-2.93,0.83,2,0,0
-2.15,-1.05,-0.85,-0.17,0.15,-0.41,-2.0,2.0,2,0,0
2.13,1.36,-0.67,-0.9,0.12,-2.82,0.76,-0.85,2,0,0
-1.1,-0.41,-0.4,-0.41,-0.22,0.83,-1.31,0.84,2,0,0
-0.42,-1.02,-1.72,-0.86,0.02,1.56,-0.02,-2.3,2,0,0
1.35,-1.37,1.23,0.19,0.32,1.19,-0.18,-1.89,2,0,0
-2.34,-2.17,-0.59,0.81,-1.47,1.12,-0.64,-0.13,2,0,0
-2.51,-1.87,1.1,-2.88,-0.3,3.24,-0.8,2.08,2,0,0
-0.14,1.02,-0.3,1.13,0.55,-2.74,-0.92,-2.23,2,0,0
-0.45,1.02,0.81,-2.54,1.46,-0.99,-1.09,0.27,2,0,0
0.95,-0.01,1.8,0.94,-1.47,-3.51,-0.92,0.47,2,0,0
-1.31,-1.77,-0.01,0.18,1.18,0.5,-1.57,-1.27,2,0,0
-1.61,-0.44,0.99,-0.69,-0.32,1.57,-3.26,2.14,2,0,0
-4.69,-3.92,2.23,-1.42,-2.73,3.54,-0.38,4.28,2,0,0
2.4,0.02,-0.2,0.41,-2.03,-0.65,0.43,0.51,2,0,0
1.53,2.51,0.77,-1.81,-0.58,-4.16,-0.09,1.35,2,0,0
-2.09,-0.12,0.42,0.07,-2.2,-0.61,-0.77,2.5,2,0,0
-2.87,-0.14,-0.58,-0.19,0.31,-2.17,-0.84,-0.99,2,0,0
-3.92,-1.81,-0.44,-2.73,3.23,1.84,-1.29,-0.17,2,0,0
-4.08,-0.65,0.7,1.78,-2.99,-0.18,-1.83,1.08,2,0,0
-1.23,-0.95,0.17,-1.55,0.57,0.76,-0.14,0.74,2,0,0
-2.37,-0.69,-0.24,-2.01,2.51,2.48,-3.47,-0.92,2,0,0
0.13,-1.19,-1.14,0.28,-0.65,0.37,0.26,-1.49,2,0,0
1.87,-0.45,-1.55,-0.37,-2.42,1.03,2.05,-0.0,2,0,0
-2.84,0.87,-1.59,-0.41,-1.03,-1.08,0.23,-1.12,2,0,0
-3.74,-0.53,-1.65,0.37,-1.97,1.56,-1.2,1.46,2,0,0
-0.8,1.64,-1.6,1.59,-3.29,-2.49,-1.6,1.71,2,0,0
-4.43,-1.78,-1.48,-0.15,-1.41,2.24,-1.03,-0.28,2,0,0
-1.15,1.51,0.71,-1.8,-0.79,-2.22,-0.34,3.37,2,0,0
-3.53,-1.67,0.36,2.2,-2.2,-0.59,-0.85,1.09,2,0,0
0.91,1.6,-1.67,0.91,-1.91,-3.21,1.37,-0.7,2,0,0
1.6,1.58,-1.91,0.51,-2.41,-2.28,1.61,-0.71,2,0,0
1.48,0.79,0.55,2.5,-2.2,-3.94,-0.92,0.86,2,0,0
-0.53,-0.74,-1.34,-0.7,0.18,0.89,0.29,-1.28,2,0,0
-0.81,-1.43,0.81,1.55,0.08,0.32,-2.75,-1.73,2,0,0
1.39,-3.05,0.82,2.9,-3.27,3.02,-0.43,-0.56,2,0,0
1.18,-0.63,0.64,1.64,-2.31,-0.11,-1.59,2.14,2,0,0
-3.61,-1.48,-3.05,-0.73,2.31,0.83,-1.06,-2.83,2,0,0
-4.15,-3.64,0.19,-0.06,-0.77,2.83,0.07,0.63,2,0,0
-0.43,-0.12,0.46,0.68,-0.62,-1.33,-0.84,-1.78,2,0,0
-0.22,-2.43,1.29,0.21,0.64,1.83,0.1,-1.77,2,0,0
-4.27,-1.7,-2.04,-1.53,1.51,1.38,0.23,-2.7,2,0,0
-4.01,-3.29,-1.69,-0.68,0.49,2.66,-0.58,-1.66,2,0,0
0.78,-0.78,1.43,-0.68,0.33,-0.69,-0.18,0.68,2,0,0
2.14,2.68,-1.96,1.57,-1.2,-4.84,-0.42,-0.69,2,0,0
-2.42,1.99,-2.38,-0.22,-1.94,0.42,-1.67,0.22,2,0,0
-2.04,-3.3,1.32,0.45,-0.02,2.84,-0.95,0.31,2,0,0
1.57,-2.01,-1.26,-3.21,2.41,0.25,1.07,0.03,2,0,0
-0.58,-0.61,-1.41,0.91,-2.78,1.22,-0.23,0.92,2,0,0
1.11,-1.75,2.47,2.38,-3.45,1.13,-1.28,0.97,2,0,0
-3.27,0.42,-5.59,-0.66,0.32,0.66,1.21,-3.76,2,0,0
-1.25,-2.86,0.96,0.21,0.2,2.1,-1.95,0.56,2,0,0
-0.1,-0.13,-0.79,-3.0,1.26,0.35,-0.89,-0.54,2,0,0
1.13,1.48,-2.7,3.11,-1.38,-1.73,-1.37,-1.58,2,0,0
-2.85,-1.39,-0.2,2.23,-1.78,0.19,0.03,-1.81,2,0,0
-2.05,-2.26,-1.4,-1.1,2.43,3.12,-0.63,-2.42,2,0,0
-5.64,-2.0,2.31,-0.33,-2.36,2.2,-4.65,6.39,2,0,0
-3.44,-2.16,-0.42,-2.36,2.42,1.74,0.48,-1.5,2,0,0
-0.14,0.22,-1.79,-1.94,1.81,-1.11,0.06,-1.33,2,0,0
-2.95,0.54,-6.54,-2.08,0.28,3.35,1.06,-2.86,2,0,0
-2.25,-0.37,0.84,2.25,-2.17,1.37,-1.27,0.22,2,0,0
-0.49,-0.65,-0.0,-1.49,0.44,0.22,0.72,-1.91,2,0,0
2.1,0.42,0.99,-0.2,-0.4,-2.84,1.13,0.69,2,0,0
-0.24,-3.03,2.8,-2.74,2.13,2.0,-0.94,1.19,2,0,0
-0.92,-0.16,-0.51,-0.22,0.07,-0.57,-1.4,0.28,2,0,0
-3.95,-1.34,-1.2,-1.32,1.9,1.24,-1.88,0.43,2,0,0
-3.1,-0.72,0.49,0.72,-0.67,0.05,-1.5,0.53,2,0,0
-1.0,-0.76,3.1,2.93,-3.09,-1.76,-0.81,1.59,2,0,0
3.39,2.05,-1.99,4.67,-4.42,-3.5,-0.17,-1.46,2,0,0
2.0,0.0,-2.37,0.28,-0.22,1.05,-0.27,-1.62,2,1,1
-2.81,-0.97,-1.7,-3.45,2.01,2.33,-0.54,-1.38,2,0,0
0.27,-0.19,-0.44,0.78,-0.8,0.11,-0.13,-1.9,2,0,0
-0.09,-0.75,-2.63,0.68,-1.99,3.08,0.75,-1.22,2,0,0
-0.46,-0.71,-1.46,-0.9,0.28,1.72,1.97,-3.64,2,0,0
1.06,1.2,-0.73,1.27,-2.1,-0.42,0.14,-1.22,2,0,0
0.56,-0.09,-1.06,-1.83,1.02,-0.09,-0.66,-0.48,2,0,0
-0.93,-0.98,-1.09,2.48,-0.63,0.89,-1.35,-3.65,2,0,0
0.21,-0.14,-1.09,-2.99,2.31,-1.71,-0.65,0.69,2,0,0
0.49,-0.53,1.57,0.7,1.01,-0.77,-1.56,-1.07,2,0,0
-0.24,-0.84,0.21,-2.32,0.65,0.57,1.25,0.58,2,1,1
-3.44,-2.29,-1.31,1.46,-2.4,3.68,-1.73,-0.47,2,0,0
-1.39,-0.34,-2.11,-0.26,1.5,-0.37,-0.46,-3.05,2,0,0
1.16,-1.48,2.46,1.81,-2.44,0.0,-0.99,-0.34,2,0,0
-2.39,-2.91,-1.85,0.01,-0.54,2.06,0.35,-0.52,2,0,0
-0.16,-0.5,0.33,-1.37,1.4,-1.22,-0.89,0.02,2,0,0
0.06,0.42,0.06,-1.28,0.56,-0.1,-1.97,1.19,2,0,0
0.81,-0.56,0.27,-2.2,1.3,-0.3,-0.94,0.94,2,0,0
1.57,-1.16,1.03,-1.84,1.16,1.83,0.51,-1.2,2,0,0
1.53,0.7,0.36,2.45,-1.27,-3.21,-0.28,-1.47,2,0,0
1.43,-3.03,4.84,0.33,-1.47,0.11,-1.52,3.9,2,0,0
-1.68,-0.36,-1.02,-2.27,2.9,-0.1,-2.31,-1.5,2,0,0
-2.23,-2.75,0.03,-0.14,0.23,2.48,-0.2,-1.22,2,0,0
0.87,0.46,-1.7,1.59,-1.99,0.9,-1.14,-1.01,2,0,0
-2.2,-2.1,1.34,1.34,-0.38,0.09,-2.93,0.74,2,0,0
-2.85,-5.42,4.72,0.71,-0.62,4.96,-2.67,2.49,2,0,0
-0.9,0.9,-1.76,-0.25,-0.16,-2.44,1.18,-1.64,2,0,0
-0.06,1.21,-2.98,0.63,-2.17,-0.0,0.13,0.79,2,0,0
0.63,1.49,-1.76,2.11,0.43,-2.19,-2.55,-2.52,2,0,0
-0.66,-0.14,-1.13,1.94,-2.74,-0.98,-0.48,-0.26,2,0,0
0.26,1.42,-2.49,1.87,0.84,-2.6,-1.75,-2.96,2,0,0
-2.22,0.36,-2.4,2.42,-1.45,-2.61,-0.98,-1.69,2,0,0
0.58,0.31,-0.55,-1.59,1.35,-0.69,0.35,-1.37,2,0,0
-1.79,0.7,-1.27,-3.6,-0.44,0.47,0.79,0.3,2,0,0
3.17,1.39,-2.35,0.69,0.28,-1.31,-0.73,-2.32,2,0,0
-4.22,-4.08,-0.14,-1.16,1.31,4.76,-0.55,-1.46,2,0,0
0.35,0.23,-1.62,-0.47,-0.38,-0.22,1.14,-1.09,2,0,0
0.3,1.74,0.96,-1.41,0.11,-2.32,-2.89,3.21,2,0,0
3.5,1.39,1.96,0.22,-1.71,-3.96,-1.66,1.72,2,0,0
-1.22,-2.49,0.14,1.09,-0.63,1.65,-1.34,-0.21,2,0,0
0.02,0.43,1.7,-0.1,-2.35,-1.93,-0.15,2.16,2,0,0
1.23,0.55,2.23,0.64,-2.23,-2.79,-0.32,2.59,2,0,0
0.0,-0.44,-1.14,-0.56,-1.25,3.32,0.19,-0.21,2,0,0
0.39,2.01,-4.56,-0.94,-0.67,-0.03,0.35,-2.31,2,0,0
-3.31,-1.89,0.16,-0.98,-0.84,1.28,-1.23,1.23,2,0,0
1.01,0.77,1.06,2.23,-2.51,-3.57,-0.94,2.19,2,0,0
-1.55,1.41,-2.64,1.62,0.14,-2.03,-0.97,-2.93,2,0,0
-2.33,0.38,-0.25,0.83,-1.0,-2.32,-1.13,0.33,2,0,0
-1.28,-0.5,-1.71,-0.61,-0.18,-0.19,0.01,-0.33,2,0,0
0.74,-0.17,0.0,0.94,0.27,-2.78,-2.07,1.67,2,0,0
-0.25,0.21,-1.97,-0.67,1.1,0.16,-1.5,-1.61,2,0,0
1.5,-0.69,0.92,-0.4,-0.33,-2.93,0.12,0.73,2,0,0
1.86,2.22,1.54,0.44,-0.97,-4.35,-0.6,2.81,2,0,0
-2.42,-1.55,-1.85,0.54,1.63,0.98,-1.1,-3.41,2,0,0
1.04,0.95,0.25,2.73,-3.86,-0.47,-1.36,1.61,2,0,0
-0.3,0.15,-1.19,1.79,-0.17,-0.46,-0.76,-1.97,2,0,0
-3.4,0.37,-2.94,1.0,-2.23,1.9,-1.74,-0.48,2,0,0
-1.04,1.34,-1.98,-0.52,2.0,-2.15,-0.78,-2.9,2,0,0
3.22,0.87,2.09,-0.18,-0.36,-2.87,-1.47,3.08,2,0,0
-6.1,-2.05,-3.38,0.08,-0.39,3.88,-0.92,-1.68,2,0,0
-1.67,-1.74,-0.29,0.32,-2.46,2.49,-0.03,0.92,2,0,0
0.46,0.14,-0.55,4.72,-2.22,-2.36,-2.3,-0.77,2,0,0
-0.28,0.98,-1.38,-2.16,-0.5,-1.0,0.89,0.95,2,0,0
1.36,-1.32,2.16,-1.84,1.78,-0.85,-0.96,1.2,2,0,0
1.37,0.76,-1.77,1.12,-1.96,-1.26,0.36,-0.86,2,0,0
1.13,1.85,-4.93,0.8,-0.98,-2.47,0.54,-2.67,2,0,0
1.41,2.78,0.18,-1.08,-0.27,-6.0,-1.24,1.31,2,0,0
5.14,3.93,-3.09,-2.35,2.06,-4.95,1.3,-4.76,2,0,0
-1.69,-3.33,4.43,-1.19,-3.2,5.23,-0.4,5.16,2,0,0
-1.89,0.67,-1.52,2.02,-2.91,-0.67,-0.79,-1.08,2,0,0
-1.33,-2.29,3.61,2.9,-1.25,0.48,-2.98,0.09,2,0,0
-1.72,-1.63,0.3,2.13,-1.61,0.56,-1.56,-0.75,2,0,0
-1.61,-0.97,-0.64,-1.62,0.48,1.23,-0.17,-0.44,2,0,0
-0.04,-0.89,0.98,0.06,-0.48,-0.41,-0.44,0.25,2,0,0
1.54,-1.5,1.68,-0.94,-2.6,2.61,1.84,1.0,2,0,0
-1.18,2.06,-3.76,-0.0,-0.17,-2.45,0.59,-3.39,2,0,0
-3.49,-1.14,-2.16,1.19,0.18,2.18,-0.93,-1.54,2,0,0
-1.81,-3.71,1.19,-0.5,0.55,1.04,0.22,-2.7,2,0,0
-2.34,-1.26,-3.07,-1.9,2.05,2.31,0.47,-3.28,2,0,0
-4.98,-3.63,-0.46,-3.75,4.63,3.0,-2.0,-0.05,2,0,0
-1.22,-0.02,-2.44,2.61,-0.8,-0.44,0.01,-4.26,2,0,0
0.37,-1.23,0.04,-1.84,0.39,-0.05,1.12,-0.09,2,0,0
-0.07,0.27,-2.57,0.61,1.04,-1.05,-0.56,-2.93,2,0,0
0.77,-0.33,-1.4,-1.86,-1.07,1.63,1.57,-1.09,2,0,0
1.3,-2.76,1.92,-0.75,0.47,1.17,0.56,-1.39,2,0,0
-2.38,-1.36,1.85,1.83,-1.58,-0.31,-2.35,1.51,2,0,0
-2.39,-0.14,-1.6,0.18,0.17,0.85,-2.88,-0.29,2,0,0
-2.78,-2.44,-0.46,0.86,-1.08,2.45,-0.34,-0.16,2,0,0
-1.54,-3.38,2.47,-0.8,0.0,1.7,-2.33,2.16,2,0,0
-0.49,0.32,0.83,-0.75,0.87,-1.75,0.47,-0.93,2,1,1
-2.64,-0.21,-1.55,-0.74,0.09,0.68,-1.05,-1.6,2,0,0
-1.16,-0.2,-3.36,0.53,0.2,0.63,-0.73,-2.09,2,0,0
-1.74,-0.33,-0.7,2.4,-1.84,-0.75,-1.06,-0.99,2,0,0
2.61,0.86,-0.13,-2.76,0.8,-2.58,0.17,-0.36,2,0,0
0.86,2.98,-3.99,0.98,-2.97,-3.25,0.79,-3.05,2,0,0
-2.91,-2.57,-1.31,-2.89,0.11,4.0,0.13,-0.16,2,0,0
0.05,-0.6,-1.59,-0.7,0.15,2.57,-0.63,-1.16,2,0,0
0.47,0.99,-0.92,0.64,-2.46,-2.03,0.33,-0.06,2,0,0
-1.77,-1.5,-0.13,3.21,0.54,-0.53,-2.82,-2.1,2,0,0
-4.75,-2.22,-1.62,0.33,-0.6,1.85,-0.96,-1.5,2,0,0
1.54,0.7,0.25,0.4,0.72,-0.46,-2.37,-0.35,2,0,0
-0.85,-3.08,1.29,-0.45,-0.55,3.02,-1.99,2.53,2,1,1
-0.17,2.33,-3.83,-0.2,0.27,-3.31,-0.04,-2.19,2,0,0
-1.94,-1.93,-0.68,-0.72,0.12,1.29,-0.81,0.26,2,0,0
-2.9,-0.46,-1.48,3.17,-2.39,-1.01,-0.5,-2.69,2,0,0
-3.35,-1.21,-3.59,2.43,-1.51,0.77,-0.25,-2.25,2,0,0
0.86,0.47,-0.57,1.6,-1.75,-0.79,-0.28,0.16,2,0,0
-0.39,1.5,-3.12,0.2,0.01,-2.5,0.53,-1.99,2,0,0
-1.39,-0.31,-0.53,1.35,0.28,-2.52,-1.51,-1.12,2,0,0
0.79,-2.83,0.2,-0.52,-0.76,3.44,1.57,-0.35,2,0,0
-0.62,-0.07,0.73,1.5,-1.76,-1.73,-1.72,0.46,2,0,0
-2.31,-1.44,-1.86,4.03,-2.16,-0.56,-0.27,-3.17,2,0,0
-0.86,-2.35,-0.21,-0.7,-0.73,3.53,0.41,-0.41,2,0,0
-0.82,-1.82,1.81,1.27,-2.77,0.87,0.17,0.84,2,0,0
1.78,-1.05,4.14,-0.59,-0.58,-3.0,-0.62,2.39,2,0,0
0.33,3.03,-2.85,0.72,-1.59,-2.18,-1.43,0.36,2,0,0
1.71,-0.91,-0.5,0.77,0.75,-1.55,-0.89,-0.18,2,0,0
3.39,0.02,-1.32,1.15,1.0,-0.49,-0.51,-2.16,2,0,0
-0.42,2.92,-1.65,-3.66,1.27,-0.36,-1.14,0.73,2,0,0
1.54,-1.41,2.24,-1.84,0.3,0.19,-1.07,2.65,2,0,0
-3.83,-3.97,1.43,0.2,-0.36,2.2,-2.14,0.32,2,0,0
0.75,3.61,-4.31,0.53,-0.92,-4.63,0.47,-1.73,2,0,0
-2.65,-1.53,-2.64,-0.69,0.24,3.55,-0.81,-1.68,2,0,0
-0.38,-1.81,0.16,1.01,-1.43,1.04,-0.74,0.25,2,0,0
0.23,0.05,-0.23,0.58,-0.6,-1.57,0.71,-2.54,2,0,0
4.71,-0.06,2.42,1.63,-2.79,-1.26,0.3,1.72,2,0,0
1.63,-0.04,1.9,2.09,-3.33,-1.78,-0.13,0.73,2,0,0
0.87,2.09,1.04,2.35,-0.62,-4.88,-2.56,0.73,2,0,0
0.97,1.2,-0.57,-2.77,2.1,-2.05,1.12,-1.45,2,0,0
0.11,-1.43,2.21,0.5,-2.33,0.86,-0.15,0.96,2,1,1
2.04,0.47,2.3,1.91,-0.69,-2.95,-0.89,-0.93,2,0,0
-3.37,-1.82,1.92,-3.79,-1.25,2.99,-0.87,4.11,2,0,0
-0.41,-1.54,-1.1,1.64,-1.94,-1.17,1.97,-1.71,2,0,0
-1.14,-1.91,2.48,-1.28,-1.0,1.88,-0.76,0.94,2,0,0
-2.63,-0.29,-1.71,1.99,-0.67,-1.87,-1.31,-2.29,2,0,0
-4.71,0.2,-2.33,0.45,0.57,-0.81,-2.01,-2.21,2,0,0
-2.6,-2.25,-0.69,2.65,-1.6,4.06,-2.58,-0.62,2,0,0
-1.36,-0.28,2.46,-0.71,-0.35,-0.07,-2.64,2.52,2,0,0
1.52,-0.95,0.96,-0.73,-0.46,0.4,0.26,0.94,2,0,0
1.72,2.0,-1.22,-0.71,-1.56,-1.44,1.16,-0.48,2,0,0
-0.29,-0.4,-0.32,-0.04,-2.3,1.13,0.57,0.2,2,0,0
-3.25,-1.89,-1.02,1.89,-1.81,3.63,-2.1,-0.6,2,0,0
-0.42,-0.3,2.01,1.39,0.41,-0.71,-1.88,-1.38,2,0,0
1.34,-0.24,1.9,-1.83,0.81,-0.5,-0.33,0.05,2,0,0
1.98,0.92,-0.51,-2.14,2.57,-1.55,0.24,-2.81,2,0,0
-2.37,-0.48,0.67,0.3,-1.3,0.19,-1.44,0.94,2,0,0
-3.63,-0.97,-2.19,-1.28,1.16,0.54,0.39,-1.74,2,0,0
1.02,-0.42,0.77,-2.03,-1.78,2.95,-1.01,3.27,2,0,0
0.33,0.88,0.45,-1.41,0.92,-1.47,-1.92,0.05,2,0,0
-0.52,1.79,-2.79,3.56,-1.96,-2.42,0.48,-2.52,2,0,0
-1.92,0.89,-1.06,1.48,0.88,-2.06,-2.93,-1.59,2,0,0
2.14,1.53,0.06,3.44,0.43,-3.11,-2.29,-4.26,2,0,0
-0.71,-1.62,-0.54,-3.85,1.37,2.94,0.21,-0.89,2,0,0
-0.15,0.0,-2.02,0.7,-3.0,0.76,0.46,-0.52,2,0,0
-0.53,-0.75,0.95,0.36,0.67,-1.51,-1.31,-0.39,2,0,0
1.27,-2.29,-0.98,-0.16,0.35,0.92,-0.67,-0.76,2,0,0
-1.77,-1.73,-0.16,2.01,-1.27,3.1,-2.69,-0.54,2,0,0
0.21,-0.35,1.05,2.07,-2.94,0.45,-1.41,0.75,2,0,0
-0.89,-1.32,2.39,2.03,-1.57,-0.68,-3.03,1.81,2,0,0
-1.98,-1.34,1.07,-4.07,1.4,3.16,-0.83,1.41,2,0,0
-4.12,-1.95,-1.5,-3.75,1.37,2.82,1.19,-0.68,2,0,0
-1.89,-0.79,2.96,3.44,0.38,-2.73,-4.66,0.34,2,0,0
3.43,1.38,1.11,-2.66,1.96,-0.31,-1.29,-0.27,2,0,0
0.72,0.35,-0.91,1.15,-2.55,-0.41,0.14,-0.74,2,0,0
3.22,0.56,1.92,0.72,-0.75,-3.34,-0.82,1.02,2,0,0
-0.95,1.0,-0.8,2.57,-3.16,-1.86,-1.27,0.42,2,0,0
-1.54,-1.16,2.87,-0.53,-0.23,-0.39,-1.87,2.82,2,0,0
-0.12,-1.74,-0.29,-1.56,0.76,-0.2,-0.3,-1.27,2,0,0
3.16,1.18,-0.83,-5.34,2.85,-0.91,2.19,-0.59,2,0,0
1.92,0.27,0.26,-0.04,0.91,-4.46,1.01,-0.75,2,0,0
-2.3,-0.95,0.38,-2.4,1.95,0.29,-1.08,2.26,2,0,0
-0.54,-0.97,0.04,-2.34,1.29,0.21,0.06,0.04,2,0,0
-1.75,-1.25,0.04,0.8,-1.43,-0.05,-0.87,0.42,2,0,0
-0.77,-2.46,1.26,-0.03,-1.04,2.99,-0.56,0.88,2,0,0
-0.25,1.63,-2.04,-0.64,-0.38,-4.15,1.51,-1.1,2,0,0
-3.72,0.29,-2.82,1.72,-0.79,-0.55,-1.63,-2.09,2,0,0
1.39,1.16,-0.58,1.68,-2.52,-2.26,1.21,-2.19,2,0,0
-2.17,0.85,-3.68,-0.14,2.13,-0.13,-2.37,-3.39,2,0,0
-2.33,0.87,-0.82,-1.28,1.06,-0.63,-2.82,0.83,2,0,0
-1.66,-0.72,-1.08,-0.81,-0.19,0.57,-0.99,0.56,2,0,0
-4.78,-2.18,-0.46,-1.73,0.4,3.72,-0.9,-0.04,2,0,0
0.61,1.41,-3.32,-0.17,-2.31,-2.11,1.43,0.02,2,0,0
-0.17,0.38,-0.38,1.66,-3.98,-2.28,1.2,0.49,2,0,0
-0.71,0.86,-3.29,-2.02,0.98,0.87,1.35,-2.79,2,0,0
0.22,-0.27,-0.8,-0.07,0.69,0.43,0.45,-3.1,2,0,0
2.56,0.55,-1.55,-0.49,1.07,-0.97,0.49,-2.61,2,0,0
-1.2,-1.5,-0.19,-1.66,1.53,0.82,-1.07,0.21,2,0,0
2.23,0.81,-0.34,-1.15,-1.19,-1.66,0.27,0.88,2,0,0
-3.54,-1.63,0.69,0.71,-1.18,1.72,-1.61,0.19,2,0,0
-2.49,1.38,-5.92,-1.82,1.31,-1.0,0.22,-4.23,2,0,0
0.2,-1.62,0.38,0.91,-1.22,1.45,-0.68,-1.55,2,0,0
4.12,1.49,0.12,2.3,-3.57,-2.26,1.16,-0.52,2,0,0
-1.63,1.12,-3.3,0.92,-0.38,-0.93,-0.65,-3.87,2,1,1
3.34,1.11,-0.52,-2.14,3.73,-3.58,-0.72,-2.68,2,0,0
-1.63,-0.29,-2.74,-2.87,0.42,1.98,0.16,0.28,2,0,0
1.44,-1.34,-0.78,1.75,-2.34,-0.09,1.04,-1.23,2,0,0
-0.52,-1.63,0.91,-1.14,-1.18,0.96,-0.37,0.69,2,0,0
-0.78,-0.34,-2.07,-2.07,-0.22,0.85,0.6,-0.76,2,0,0
0.97,-0.1,1.53,1.04,-0.68,-2.7,-2.03,0.99,2,0,0
-3.65,-0.87,0.39,0.71,-0.18,0.03,-2.69,1.03,2,0,0
-1.12,-0.41,-1.08,2.2,-1.75,-1.21,-0.77,-0.81,2,0,0
-0.13,-0.3,2.32,-0.9,-2.23,-0.82,0.52,2.07,2,0,0
-1.56,2.43,-4.16,1.98,-1.59,-3.49,-0.57,-2.49,2,0,0
-2.12,-2.96,0.63,-1.82,0.48,5.0,-0.17,-1.01,2,0,0
2.16,-0.15,1.14,0.07,-0.57,-1.55,0.4,-1.32,2,0,0
0.2,1.83,-1.28,0.35,0.3,-1.78,-1.63,-1.13,2,0,0
-0.1,1.94,-2.21,1.53,-0.71,-2.76,-0.94,-1.93,2,0,0
-2.76,0.01,-1.99,2.5,-1.04,-0.19,-2.14,-3.42,2,0,0
-1.06,-1.17,-1.77,3.64,-0.73,0.29,-2.48,-2.99,2,0,0
-1.59,0.3,1.46,1.43,-3.43,0.38,-1.88,3.13,2,0,0
0.84,0.8,-1.16,-2.98,2.37,-1.17,1.12,-2.46,2,0,0
-1.19,-0.44,-1.11,1.07,-1.15,0.65,-1.68,-0.7,2,0,0
-2.1,0.63,-3.76,1.79,0.41,-0.84,-0.51,-5.87,2,0,0
-0.45,0.56,-0.64,3.64,-2.69,-0.94,-1.68,-1.18,2,0,0
-0.18,0.16,-1.61,-1.79,3.31,-0.63,-0.83,-3.01,2,0,0
-1.82,-1.52,1.23,4.13,-1.07,-0.96,-4.8,0.57,2,0,0
-0.87,0.34,0.12,1.93,-2.01,-1.85,-1.01,0.23,2,0,0
-1.17,-0.99,-0.3,-2.24,0.88,2.07,-0.72,0.01,2,0,0
-0.49,2.05,-3.1,0.56,-0.16,-3.01,-1.22,-1.54,2,0,0
-0.82,-1.69,0.67,-0.25,0.01,2.15,0.5,-1.73,2,0,0
1.72,1.82,-1.12,-0.57,-1.09,-1.89,-0.5,0.82,2,0,0
0.46,1.31,-0.63,-0.12,-3.42,-0.23,0.06,0.79,2,0,0
-0.14,1.14,-0.53,3.77,-4.01,-1.83,-1.3,-0.31,2,0,0
1.94,-1.86,3.14,3.64,-3.13,-0.98,-1.99,2.06,2,0,0
-3.38,-2.21,-2.85,0.13,0.36,3.91,-0.33,-2.92,2,0,0
-0.09,0.45,0.21,-2.7,0.73,-0.1,-0.6,0.13,2,0,0
-2.95,-0.15,-1.96,-4.65,0.78,1.6,0.0,1.33,2,0,0
-3.24,-1.86,2.05,-0.42,-0.9,1.82,-1.87,2.35,2,0,0
1.55,-0.03,0.69,-3.07,2.38,-1.18,-0.05,0.46,2,0,0
0.04,0.21,-1.62,-0.79,1.37,-0.64,0.64,-2.59,2,0,0
0.23,2.36,-5.03,0.19,-1.27,-0.76,-0.21,-2.44,2,0,0
-1.57,0.35,-3.7,-1.38,1.67,0.75,-0.22,-2.75,2,0,0
0.03,-0.26,-1.61,-0.86,0.75,-1.4,-0.79,-1.23,2,0,0
-0.59,-0.91,-2.75,-1.73,2.97,2.27,-0.78,-3.16,2,0,0
-4.08,-1.9,0.07,0.45,0.16,-0.01,-2.61,0.24,2,0,0
0.66,-2.58,0.88,1.12,-0.43,4.43,-1.27,0.29,2,0,0
-3.98,-1.53,-3.2,0.35,-0.99,1.08,-0.36,-1.97,2,0,0
-0.74,-2.36,-0.1,1.35,-2.41,1.71,0.81,-0.98,2,0,0
-1.65,0.95,-1.55,0.49,-2.37,0.98,-1.15,1.71,2,0,0
-0.87,1.75,-0.47,0.74,-0.59,-2.51,-1.19,-1.03,2,0,0
-0.01,-0.15,-0.47,-0.13,1.4,-1.96,-0.82,-2.16,2,0,0
0.68,-0.7,-1.21,-0.93,0.88,0.1,0.8,-0.3,2,0,0
-1.61,-0.44,-2.92,-0.93,-0.23,1.34,-0.01,-0.8,2,0,0
1.34,0.93,-1.26,0.48,1.11,-2.82,-1.42,-0.89,2,0,0
2.73,1.38,0.58,3.38,-1.98,-3.1,-1.23,-0.31,2,0,0
-1.78,-0.2,-1.09,0.94,-0.47,-2.23,-0.54,-1.4,2,0,0
-2.87,-0.75,0.35,1.7,-1.38,-0.89,-2.99,0.73,2,0,0
-2.6,0.56,-1.24,3.87,-3.43,0.12,-1.36,-1.66,2,0,0
-0.07,1.43,-2.44,0.56,-2.22,-1.24,0.55,-0.3,2,0,0
-1.04,0.57,-0.86,1.18,-2.46,-1.52,-0.79,0.42,2,0,0
0.31,0.7,-2.83,3.51,-1.47,-1.83,-1.62,-3.06,2,0,0
-0.03,2.66,-2.81,-1.18,2.12,-3.55,-0.75,-2.41,2,0,0
-2.2,-3.34,-0.64,-2.36,1.8,5.29,-1.42,-0.54,2,0,0
-0.21,-0.22,-0.61,2.23,-3.09,-0.2,-0.04,0.6,2,0,0
-6.07,-2.16,-1.0,-2.73,0.72,4.93,-0.37,0.48,2,0,0
-2.19,-1.93,-1.96,-0.8,1.0,3.77,-1.43,-0.11,2,0,0
-0.88,-1.84,-1.1,-1.41,1.27,0.3,1.82,-3.13,2,0,0
-2.41,-1.84,1.88,1.88,-1.86,3.38,-3.56,2.25,2,0,0
-0.85,1.77,-1.14,0.78,-0.16,-1.55,-0.62,-2.66,2,0,0
0.08,0.76,0.02,-0.85,-0.81,-1.3,-1.28,0.63,2,0,0
-0.84,-0.31,-1.35,3.97,-3.84,1.11,-1.96,-0.14,2,0,0
0.85,-1.07,0.09,1.76,-2.36,-0.77,1.01,-1.0,2,0,0
0.79,1.19,-1.09,-0.19,-1.43,-2.73,1.08,-0.38,2,0,0
-1.01,-0.79,-0.85,2.95,-0.31,-0.81,-0.61,-2.73,2,0,0
-3.66,0.21,-2.53,2.77,-0.93,-2.26,-2.92,-1.51,2,0,0
-2.08,-2.07,-0.94,-1.22,0.9,0.77,0.36,-0.46,2,0,0
-0.81,0.56,-2.16,-3.88,1.32,0.88,1.0,-0.47,2,0,0
-2.43,-1.73,-0.86,-3.26,1.97,2.35,-0.23,-1.31,2,0,0
0.05,-1.55,-1.67,-2.66,0.17,2.17,1.77,-1.02,2,0,0
-2.77,-0.39,-2.59,1.44,-1.75,2.05,-1.38,-0.97,2,0,0
-1.14,0.49,0.03,1.78,-2.96,-1.57,-2.01,1.49,2,0,0
1.56,0.37,-3.56,0.98,0.64,-0.27,0.99,-3.68,2,0,0
-2.89,-0.54,-2.73,0.91,0.43,-0.93,-1.43,-1.76,2,0,0
0.13,1.08,1.1,0.64,-1.77,-3.71,-1.47,0.1,2,0,0
0.33,-0.48,1.4,0.23,-0.8,-1.39,-1.34,1.36,2,0,0
2.14,-0.22,0.98,-1.22,0.44,-1.46,0.75,-1.0,2,0,0
-5.89,-1.25,-0.33,0.31,0.04,0.13,-1.86,-0.04,2,0,0
0.33,-0.24,-0.87,-0.82,-0.34,-1.59,-0.34,0.37,2,0,0
-1.73,-1.08,-2.06,-1.06,-1.03,3.28,1.56,-2.47,2,0,0
1.98,2.8,-2.05,-4.4,1.46,-2.97,1.23,-1.65,2,0,0
-1.65,0.91,-1.4,2.29,-1.08,-1.78,-2.4,-0.4,2,0,0
4.6,-0.67,0.4,-1.09,0.7,-2.4,1.76,0.69,2,0,0
0.67,-2.84,1.89,0.29,0.13,-1.08,-0.35,1.54,2,0,0
-4.43,-2.04,2.26,1.81,-1.98,-0.19,-3.31,3.53,2,0,0
0.41,-1.02,1.19,2.54,-2.26,-2.0,-0.84,0.05,2,0,0
-0.75,2.65,-3.73,2.04,-3.44,-2.44,0.87,-3.05,2,0,0
0.45,1.21,-1.91,3.87,-3.32,-2.15,1.13,-2.65,2,0,0
0.85,1.64,-0.88,-0.69,0.01,-3.25,-1.16,-0.84,2,0,0
-1.76,-2.86,0.96,-1.89,1.28,0.26,-1.09,2.43,2,0,0
-1.3,-0.04,-0.62,0.54,-2.15,-1.34,-0.06,0.39,2,0,0
-1.25,-0.6,-1.3,-1.06,-0.51,1.45,1.28,-0.97,2,0,0
-2.23,-0.79,1.01,-2.98,0.99,1.12,-0.68,1.59,2,0,0
-0.83,-1.87,0.03,2.95,-3.58,2.48,-2.28,1.13,2,0,0
-2.72,-1.75,0.21,-3.53,2.26,3.27,0.49,-1.91,2,0,0
-0.88,-0.69,-0.57,0.5,-1.48,-0.4,-1.31,1.15,2,0,0
-1.03,0.18,-1.28,-1.35,-0.19,0.07,0.51,-0.58,2,0,0
-4.33,-2.09,-0.02,1.15,-0.39,2.37,-2.35,-0.67,2,0,0
0.21,1.09,-2.29,1.3,-1.83,-1.83,0.06,-2.9,2,0,0
-0.27,-0.43,0.61,-0.28,1.44,-0.07,-2.07,-0.17,2,0,0
-2.2,-1.13,-4.87,0.63,-0.25,2.36,-1.27,-1.78,2,0,0
-2.09,-0.8,-2.43,-0.44,-2.59,2.56,1.41,-0.33,2,0,0
3.1,0.51,1.0,-1.45,0.78,-0.41,1.48,-1.03,2,0,0
0.36,1.43,-0.08,1.34,-0.29,-3.59,-0.77,-1.48,2,0,0
-1.46,-0.78,-1.95,0.62,0.5,-0.1,-1.27,-1.54,2,0,0
-3.81,-0.45,-3.22,-0.08,-0.59,0.99,-0.1,-0.79,2,0,0
1.24,-1.85,0.57,-0.01,-1.57,2.9,0.08,0.18,2,0,0
0.27,-1.76,1.19,-1.01,0.86,0.74,-0.32,0.33,2,0,0
-4.68,-1.77,1.96,0.76,-0.14,1.38,-3.12,1.57,2,0,0
-4.62,-1.1,0.72,0.21,-2.48,-0.61,-0.08,1.97,2,0,0
1.09,1.04,-2.68,2.78,-3.79,-1.84,0.22,-0.84,2,0,0
-1.14,-1.12,0.31,1.73,-4.65,1.84,0.35,1.53,2,0,0
-0.87,-0.31,-1.33,-0.02,0.9,0.41,-0.09,-2.87,2,0,0
0.59,-1.24,0.17,-0.31,0.45,-0.01,-0.29,-1.17,2,0,0
0.57,0.2,-0.15,0.62,-1.04,-0.1,-0.82,-0.65,2,0,0
-3.71,-0.02,-0.22,-2.54,0.52,1.44,-1.53,2.98,2,0,0
0.26,-0.06,4.84,4.38,-3.96,-4.21,-2.82,5.14,2,0,0
1.2,0.45,0.98,-3.53,1.78,-2.38,-0.18,0.72,2,0,0
1.6,1.21,-1.85,-0.36,-1.64,0.23,1.22,-2.22,2,0,0
-1.09,2.08,-2.98,2.6,-0.23,-2.81,-1.44,-3.77,2,0,0
2.0,-0.04,1.64,-3.31,2.43,0.54,-0.56,-0.24,2,0,0
-0.55,0.85,-3.21,-1.27,-0.86,-1.42,0.61,-1.55,2,0,0
-1.07,1.15,-1.68,1.45,1.61,-4.75,-0.11,-5.01,2,0,0
-2.45,0.27,0.08,0.78,-0.34,-1.62,-2.22,1.73,2,0,0
-1.79,-1.04,-1.57,1.46,-2.15,1.36,-0.4,-0.04,2,0,0
-4.18,-1.46,-1.81,-0.73,0.17,3.61,-1.96,0.67,2,0,0
0.35,0.66,-3.17,-0.25,-1.17,0.48,0.64,-2.45,2,0,0
-1.36,-1.28,0.21,-1.0,-0.63,1.71,-0.21,2.26,2,0,0
-0.61,-0.82,0.3,-0.39,0.15,-0.49,0.83,-2.03,2,0,0
-5.87,-1.83,-0.51,0.02,-0.35,3.3,-2.97,-0.56,2,0,0
-1.83,1.81,-5.09,-0.36,-0.75,-1.19,2.57,-4.16,2,0,0
-0.39,-2.44,1.16,0.81,-1.35,2.28,-1.52,0.71,2,0,0
2.38,1.1,-1.8,2.82,-1.23,-3.75,0.32,-2.71,2,0,0
1.93,2.16,-1.8,4.21,-1.47,-4.74,-1.13,-3.42,2,0,0
0.66,1.11,-0.62,3.12,-0.95,-2.56,-0.42,-3.38,2,0,0
-0.39,-2.3,2.04,0.54,-0.49,0.2,-0.95,2.19,2,0,0
-3.29,1.18,-3.25,-0.68,-1.08,0.45,-0.09,-0.03,2,0,0
-3.07,-0.38,-0.5,2.42,-2.13,-0.39,-1.0,-1.39,2,0,0
-3.14,-2.18,-0.55,1.47,-1.82,2.55,-1.63,0.98,2,0,0
-3.52,-0.26,-1.79,-2.22,0.56,0.61,-0.18,0.34,2,0,0
-0.14,-1.61,-1.46,-0.87,-0.35,2.7,-0.44,-0.2,2,0,0
-0.16,0.22,-2.67,2.46,-1.84,-2.09,0.31,-2.26,2,0,0
-2.7,0.21,-3.29,-0.81,0.25,0.83,-0.29,-2.19,2,0,0
2.18,1.77,-0.97,-1.18,1.26,-1.84,0.57,-2.0,2,0,0
-1.77,-4.7,1.88,5.19,-3.52,1.86,-0.53,-1.28,2,0,0
2.7,-0.28,1.5,-1.54,1.67,-1.64,-1.66,1.01,2,0,0
1.13,-0.92,-0.1,-3.84,2.13,1.5,0.88,0.33,2,0,0
-4.41,-2.59,0.03,0.98,0.05,3.84,-4.0,0.16,2,0,0
-2.36,-3.35,-0.61,-0.09,1.11,2.53,-0.07,-2.81,2,0,0
1.1,1.25,-1.46,2.84,-3.52,-1.99,0.55,-0.58,2,0,0
0.56,1.72,-3.61,2.01,-0.64,-0.79,-0.52,-4.52,2,0,0
0.45,2.74,-3.22,0.82,-0.07,-2.16,-1.45,-1.11,2,0,0
0.61,2.5,-0.71,-2.19,0.8,-3.91,-1.75,0.45,2,0,0
-0.24,-2.43,1.31,-0.19,0.82,0.79,-0.66,0.12,2,0,0
-0.63,-0.23,0.13,2.08,-3.79,-1.21,0.1,0.39,2,0,0
-0.73,-2.51,-2.03,-2.46,0.82,3.55,1.27,0.01,2,0,0
-0.71,-3.32,2.2,-1.06,0.29,1.19,-0.96,1.92,2,0,0
-5.06,-3.16,1.9,-1.3,0.3,3.19,-2.9,2.75,2,0,0
0.66,-0.62,2.31,0.65,0.26,-0.9,-3.28,0.51,2,0,0
-3.27,-0.23,-3.06,1.57,-0.34,1.27,-2.47,-0.96,2,0,0
-1.47,0.09,-1.08,-1.24,-0.09,1.52,-2.1,-0.39,2,0,0
0.25,0.16,0.56,0.85,-1.89,-0.65,0.26,0.34,2,0,0
-2.21,2.04,-5.24,0.73,0.39,-1.56,-0.56,-3.48,2,0,0
-0.48,-0.25,-1.71,0.02,0.7,-0.44,-0.42,-3.3,2,0,0
-3.48,-0.3,-2.06,0.96,-0.96,0.87,-0.5,-1.2,2,0,0
1.74,1.87,-0.62,0.02,-1.8,-3.27,0.02,0.22,2,0,0
-1.81,-2.1,-0.72,-0.78,1.24,0.68,-0.97,-0.61,2,0,0
0.83,0.13,-0.46,-2.67,1.54,-2.07,-0.88,-0.09,2,0,0
-4.4,-0.42,-1.84,-0.09,-0.25,1.9,-0.48,-0.58,2,0,0
-0.85,0.16,0.97,-0.27,0.94,-2.35,-0.48,-0.69,2,0,0
-1.35,1.75,-1.14,-2.33,3.36,-1.04,-3.24,-1.27,2,0,0
-3.29,-3.42,1.37,1.39,-0.56,1.55,-2.06,-0.01,2,0,0
-5.0,-2.88,0.97,-0.07,1.58,1.51,-3.66,0.69,2,0,0
-5.82,-0.62,-5.4,0.1,-1.25,0.41,1.37,-4.27,2,0,0
-0.11,-0.9,-0.15,-1.01,0.29,-1.56,-0.45,0.7,2,0,0
-0.42,0.68,-0.99,-0.38,-1.08,-0.53,0.77,-1.72,2,0,0
-0.46,-1.6,-1.33,-2.14,-0.57,2.9,1.05,0.79,2,0,0
0.69,1.02,-2.44,-1.18,-0.44,0.37,-0.8,0.21,2,0,0
-0.04,-0.81,-0.95,-2.39,-0.57,1.73,0.51,0.06,2,0,0
3.22,0.55,1.55,-1.97,1.4,-1.67,0.04,0.71,2,0,0
-0.81,-2.18,0.44,-1.54,0.62,2.6,-1.13,1.37,2,0,0
-3.44,-2.3,-0.69,-2.31,2.24,2.9,-2.52,-0.17,2,0,0
-2.09,-2.2,0.53,0.83,-0.3,0.95,-0.64,-0.72,2,0,0
1.56,-0.56,-1.81,0.61,-1.01,0.32,-0.22,-1.92,2,0,0
-1.96,-0.11,-0.81,-0.05,1.22,-1.76,-1.84,-0.35,2,0,0
0.74,1.93,-2.28,0.99,0.45,-3.6,-0.2,-2.13,2,0,0
1.19,-1.58,2.53,2.13,-2.18,0.76,-1.63,1.6,2,0,0
-2.09,-2.63,-0.31,3.71,-0.61,-1.36,-1.74,-0.34,2,0,0
-0.32,-1.74,-0.28,-3.02,0.63,1.42,1.08,-0.81,2,0,0
-3.47,-3.61,-0.28,-1.49,-1.36,7.06,0.52,-0.32,2,0,0
-1.23,1.14,-3.11,3.23,-0.98,-2.47,-0.61,-3.55,2,0,0
-0.53,-0.61,0.53,-3.3,2.07,1.61,0.37,1.78,2,0,0
-2.72,-1.15,1.78,1.18,-0.91,0.07,-3.92,0.63,2,0,0
0.68,-1.02,1.29,2.29,-3.91,0.83,0.26,1.35,2,0,0
0.13,1.36,-2.32,1.16,-1.37,-0.4,-1.06,0.01,2,0,0
-0.08,-0.84,-0.3,1.12,-1.6,2.79,-0.54,0.43,2,0,0
0.21,1.13,-0.8,-3.16,1.21,-1.46,0.26,-0.81,2,0,0
2.09,1.56,-1.12,1.6,-0.19,-5.28,-0.43,-2.12,2,0,0
2.11,-0.51,2.8,0.38,-0.78,-2.18,-1.34,1.83,2,0,0
-2.39,-2.1,0.96,-0.06,-0.72,2.38,-1.09,0.07,2,0,0
-5.55,-1.13,-3.69,0.57,0.33,1.4,-0.24,-4.47,2,0,0
0.44,-0.6,-0.98,-3.35,0.55,1.35,1.88,-0.44,2,0,0
-0.67,0.47,-3.45,1.55,-2.72,1.84,0.97,-1.39,2,0,0
-0.07,-0.43,-1.46,-0.64,0.91,-0.97,-0.14,-2.99,2,0,0
1.0,1.91,-2.13,-2.25,2.19,-3.87,1.62,-2.74,2,0,0
-0.93,-0.3,-0.26,0.63,-0.78,-0.53,-2.28,1.43,2,0,0
1.19,0.39,-2.74,-0.76,-0.9,1.25,1.13,-2.67,2,0,0
-1.35,0.22,-3.23,-0.46,0.15,-0.66,0.85,-1.39,2,0,0
-1.59,-0.99,-1.17,0.88,-1.59,1.73,-0.77,-0.2,2,0,0
-4.67,-1.44,-1.61,-0.97,0.45,1.81,-1.65,-1.96,2,0,0
-0.44,0.05,0.38,-0.05,0.92,-2.48,-1.48,-2.11,2,0,0
0.83,0.47,0.02,-2.61,0.18,-2.25,1.11,0.54,2,0,0
2.77,1.56,0.82,-0.67,-1.14,-3.88,-0.03,2.01,2,0,0
2.58,1.97,-1.83,-0.18,-2.73,-0.33,0.59,-0.73,2,0,0
-3.07,-1.84,0.39,1.93,-2.57,0.64,-0.53,-1.04,2,0,0
-5.28,-1.64,-2.02,-0.02,0.54,2.42,-2.06,-1.26,2,0,0
0.47,1.56,-2.98,-0.65,-0.8,0.06,0.3,-2.6,2,0,0
3.46,0.76,-2.74,-1.57,0.96,-2.15,2.54,-2.59,2,0,0
-0.99,-0.5,-0.99,-1.14,-0.27,1.66,-0.97,0.76,2,0,0
0.14,-0.04,-0.56,-0.35,-1.1,1.19,-0.69,-0.9,2,0,0
-5.74,-3.07,0.14,-2.98,3.42,1.85,-1.94,-1.63,2,0,0
-3.71,-0.53,-1.28,2.18,-1.9,2.3,-2.45,-0.94,2,0,0
-3.02,-0.84,0.3,0.97,-0.05,-2.83,-1.33,-2.25,2,0,0
-1.49,0.1,-4.03,1.58,1.42,0.25,-1.97,-4.74,2,0,0
-1.5,-2.96,0.85,0.31,-1.42,1.98,0.71,0.56,2,0,0
4.46,0.82,2.62,1.49,-1.68,-1.27,-2.01,3.17,2,0,0
0.26,0.81,-3.51,1.43,0.49,-1.38,0.79,-4.93,2,0,0
-4.49,-1.7,-2.47,1.69,-0.04,1.73,-0.68,-3.21,2,0,0
-0.15,-0.13,0.59,-3.14,0.28,0.22,1.06,0.33,2,0,0
-0.39,-1.11,0.44,2.62,-2.52,-1.91,-0.68,0.42,2,0,0
0.35,0.12,-1.43,1.94,-2.22,-1.05,-0.14,-1.56,2,0,0
2.11,-0.89,2.91,0.68,-0.02,-2.02,-1.89,-0.35,2,0,0
-0.18,-0.76,-0.89,1.75,-1.23,0.35,0.5,-3.33,2,0,0
-1.49,-0.52,-2.64,0.83,-2.53,1.21,0.62,-0.62,2,0,0
1.68,0.21,-2.01,-2.4,-0.48,0.03,0.96,0.34,2,0,0
-0.77,-0.16,-3.5,0.48,-1.31,0.01,1.75,-3.29,2,0,0
-0.36,-1.41,2.09,0.22,-1.44,1.22,-1.28,0.69,2,0,0
2.03,0.26,-0.19,2.74,-2.73,-2.89,-0.81,-0.89,2,0,0
-1.28,-1.28,-0.51,0.84,-0.73,0.5,-0.75,-1.47,2,0,0
0.71,-2.28,0.71,-0.58,-0.39,0.25,0.17,1.16,2,0,0
1.51,1.42,-1.01,1.05,-1.56,-2.27,-0.85,0.33,2,0,0
2.61,-0.73,3.75,2.9,-2.21,-3.24,-1.8,1.4,2,0,0
-1.59,-0.13,-2.22,0.58,-0.88,1.02,-0.88,0.34,2,0,0
-1.38,-3.04,0.38,0.19,-0.31,1.12,-0.41,0.49,2,0,0
3.75,-0.78,2.18,1.85,-4.48,0.65,-0.7,3.1,2,0,0
2.45,-0.27,4.32,-3.27,-0.61,-0.96,-0.4,4.73,2,0,0
0.93,-1.5,-2.46,0.27,-0.75,0.59,1.33,-3.05,2,0,0
1.59,0.72,0.78,-0.05,-1.51,-0.65,-0.35,1.1,2,0,0
3.83,0.97,2.2,-0.32,0.15,-3.8,-1.43,-0.63,2,0,0
0.1,0.94,-0.48,0.85,-1.27,-1.28,-0.57,0.1,2,0,0
-1.0,1.33,-2.51,-1.47,1.24,-0.53,-1.83,0.53,2,0,0
-0.3,-1.52,1.57,0.48,-1.96,0.51,-1.27,1.61,2,1,1
-1.66,0.02,-2.36,-1.03,-0.5,0.71,0.34,-1.5,2,0,0
-1.16,-2.16,-0.71,-0.66,1.73,1.07,-0.73,-1.57,2,0,0
0.64,0.08,-0.17,-0.19,-0.8,-0.33,-1.59,1.04,2,0,0
-4.7,-1.63,-2.31,1.7,-0.11,2.72,-1.57,-2.49,2,0,0
-1.38,0.2,-2.96,-2.64,0.8,0.25,0.78,-1.59,2,0,0
1.62,-0.72,1.05,1.11,-1.19,-1.92,0.0,-0.75,2,0,0
-1.32,-0.52,-0.31,0.8,-1.34,0.09,-0.59,-0.64,2,0,0
-1.58,0.88,-0.88,1.49,-1.28,-1.62,-1.92,0.13,2,0,0
-1.5,-1.23,0.25,0.46,-1.87,1.37,-1.61,1.86,2,0,0
-0.21,-1.31,1.32,-0.48,1.53,-1.87,-1.14,-0.57,2,0,0
0.75,0.26,-1.82,1.53,0.05,-2.93,0.07,-2.25,2,0,0
-1.48,0.52,-3.71,-1.21,-0.46,-1.48,1.25,-1.55,2,0,0
-1.2,-2.33,0.88,-0.84,1.13,2.13,-0.96,-0.53,2,0,0
0.3,0.88,-0.6,0.2,-0.89,-2.47,-1.89,0.42,2,0,0
-0.16,-0.27,-1.16,6.56,-3.12,-2.1,-3.38,-2.44,2,0,0
0.67,-0.85,-0.89,1.31,-1.45,0.1,-0.97,0.06,2,0,0
0.59,-0.26,0.78,2.88,-2.45,-2.81,-2.11,-0.06,2,0,0
-1.47,-1.25,0.11,1.74,-2.09,0.59,-1.61,0.32,2,0,0
-3.05,-3.04,0.98,1.2,-1.14,2.4,-2.26,0.74,2,0,0
-2.24,0.27,-1.84,1.08,-1.58,-1.87,0.18,-0.62,2,0,0
-1.93,-0.74,0.06,2.47,-1.04,0.32,-2.73,-2.19,2,0,0
-0.5,-2.65,-1.17,1.99,-2.06,1.58,-0.32,-1.29,2,0,0
0.53,0.7,2.47,0.27,-1.01,-2.73,-1.81,3.12,2,0,0
-1.96,-0.62,-1.7,-0.32,0.22,1.73,-1.83,-1.01,2,0,0
-2.8,-0.16,0.26,-1.4,0.75,0.54,-2.51,1.9,2,0,0
1.36,-0.46,-1.21,0.26,-1.94,-0.53,0.63,0.23,2,0,0
0.31,-0.78,0.32,1.45,-2.58,0.58,-0.86,1.14,2,0,0
0.04,0.62,-3.59,0.85,-0.79,0.56,1.19,-4.33,2,0,0
-0.55,-0.34,-0.04,-2.07,0.14,-0.59,-0.37,0.96,2,0,0
-0.08,-2.99,0.04,4.79,-2.63,2.56,-1.78,-1.32,2,0,0
-2.41,-2.58,2.06,1.54,-1.05,1.06,-4.18,2.17,2,0,0
-2.31,-1.23,-2.29,0.36,-0.07,0.3,-0.44,-1.62,2,0,0
-1.57,-1.08,-0.65,0.25,-1.98,-0.51,0.06,1.09,2,0,0
-0.75,0.16,-1.48,-1.2,-0.57,-1.27,0.24,0.15,2,0,0
0.0,0.09,-1.23,-3.53,-0.42,2.26,1.54,1.23,2,0,0
-0.88,-1.12,0.31,0.83,-1.02,-0.55,-1.93,1.24,2,0,0
-2.72,-0.56,-0.82,2.81,-1.09,0.42,-2.26,-1.08,2,0,0
-1.43,-1.56,0.31,-2.67,-0.06,2.24,-0.51,2.04,2,0,0
3.22,-1.73,4.12,2.48,-2.64,-1.99,-1.63,2.18,2,0,0
-1.46,-1.0,-0.62,0.75,0.53,1.21,-1.8,-0.38,2,0,0
-3.55,-1.55,-1.64,2.37,-1.95,2.18,-2.79,-0.01,2,0,0
-1.17,0.74,-3.65,-0.57,-0.67,0.69,1.87,-1.69,2,0,0
1.54,1.61,-0.96,3.35,-1.25,-5.76,1.07,-3.82,2,0,0
-5.17,-2.7,-2.9,-2.58,2.83,4.45,-0.89,-2.67,2,0,0
-2.97,2.05,-4.83,1.8,-1.08,-1.88,-1.12,-3.56,2,0,0
0.27,0.88,-1.46,-1.0,0.5,1.03,-1.45,-0.95,2,0,0
-1.4,1.6,-0.99,2.65,-0.95,-4.13,-1.44,-1.86,2,0,0
-2.62,1.7,-2.68,-1.11,0.99,-2.73,-0.73,-1.22,2,0,0
2.23,-0.13,3.0,0.33,-0.21,-0.42,-2.43,1.62,2,0,0
0.17,0.78,2.08,2.88,-1.4,-2.6,-2.78,0.47,2,0,0
0.15,-0.45,-2.79,3.97,-1.85,-1.08,-0.7,-3.32,2,0,0
0.03,-1.05,-0.84,3.75,-2.65,-0.43,-0.97,-1.78,2,0,0
-4.6,-1.8,-1.89,-0.45,-0.08,2.94,0.27,-1.47,2,0,0
1.11,-0.85,2.39,-0.64,0.08,0.2,-1.08,1.77,2,0,0
-2.5,-0.63,0.75,-0.36,-2.92,1.33,-0.06,1.57,2,0,0
-0.65,1.33,-0.27,-2.66,2.17,-3.14,-2.57,1.15,2,0,0
-2.82,-1.27,1.69,-0.97,1.83,-0.5,-2.76,0.06,2,0,0
-0.04,-1.49,1.37,-3.4,0.62,1.44,-0.1,1.36,2,0,0
-0.09,-1.72,0.64,-0.4,0.51,0.49,-0.89,0.44,2,0,0
-1.42,-0.15,-1.82,1.95,-1.63,0.97,-1.07,-0.66,2,0,0
-0.65,-1.68,0.14,0.51,-0.96,1.89,-1.04,-0.94,2,0,0
0.04,-0.71,-0.85,0.74,-1.29,1.81,-0.63,-0.84,2,0,0
1.04,-1.83,0.54,-0.02,-0.94,-0.66,1.36,0.64,2,0,0
-1.3,-0.96,0.92,-1.73,2.99,0.18,-1.85,-1.31,2,0,0
-1.63,-3.97,0.77,-1.78,-0.57,3.62,1.24,0.64,2,0,0
0.1,-1.3,-0.16,1.74,0.41,0.46,-1.39,-2.64,2,0,0
0.32,-0.92,0.63,-1.31,0.12,1.04,0.39,-1.01,2,0,0
0.64,-1.84,0.1,1.23,-1.1,0.06,0.04,-0.41,2,0,0
-0.5,-0.16,-0.06,3.17,-4.22,0.67,-1.52,1.79,2,0,0
2.06,0.12,1.31,-2.71,0.16,-2.1,0.39,2.29,2,0,0
-0.44,-0.24,2.94,1.3,-0.28,-3.53,-2.06,1.41,2,0,0
-4.04,-2.02,-0.83,0.31,1.75,-0.73,-1.96,-0.88,2,0,0
-3.93,-1.64,0.03,1.73,-2.4,0.64,-1.11,-0.19,2,0,0
0.22,-1.48,1.01,1.57,-1.11,0.37,-0.75,-0.27,2,0,0
-3.97,-3.4,0.21,-1.4,-0.98,3.72,-0.54,2.18,2,0,0
-2.07,-0.39,1.38,0.75,-0.44,-2.55,-3.04,1.56,2,0,0
-1.65,0.37,-0.91,2.0,-0.0,-3.18,-2.66,-0.79,2,0,0
-1.63,-0.44,-0.43,-0.93,-0.17,0.78,-0.16,-0.69,2,0,0
-4.08,1.53,-5.28,-0.14,-0.5,-0.58,-1.03,-1.83,2,0,0
-1.6,0.05,-2.35,1.84,-1.45,0.81,-1.5,-2.31,2,0,0
-2.06,-1.74,-0.22,-1.86,1.97,1.21,-2.08,0.42,2,0,0
-0.13,2.61,-4.83,-3.56,1.19,-0.82,3.66,-4.97,2,0,0
1.85,0.78,1.4,-0.95,0.35,-2.57,-1.53,1.75,2,0,0
5.3,2.76,-0.97,2.47,-1.44,-5.27,0.06,-2.35,2,0,0
0.14,0.75,-1.88,-1.6,2.65,-0.89,-0.45,-3.31,2,0,0
3.35,-0.33,0.29,1.02,-2.21,-0.72,0.85,-0.85,2,0,0
1.6,0.83,-0.12,-1.76,0.26,-0.87,0.34,-0.99,2,0,0
-1.08,-1.52,2.18,-2.24,0.14,1.31,-0.48,0.72,2,0,0
-2.14,0.89,-1.19,2.21,-2.75,-2.37,-0.53,-1.39,2,0,0
3.42,-0.26,-1.05,-0.45,-1.07,-2.61,1.08,-1.87,2,0,0
2.17,1.16,-0.87,-2.6,-0.1,-1.23,1.04,1.11,2,0,0
-3.14,-1.71,-1.04,-0.48,0.45,0.47,-0.92,-1.14,2,0,0
0.34,-2.32,-1.78,-3.97,3.75,2.26,1.65,-1.74,2,0,0
1.02,0.46,1.06,0.26,-5.05,-2.75,1.0,3.89,2,0,0
-0.02,-1.45,-0.49,-1.54,1.53,0.39,-0.88,0.11,2,0,0
-2.69,-2.63,0.37,-2.92,-0.18,4.17,-0.53,2.49,2,0,0
-4.27,-0.73,-3.58,-0.67,0.83,2.47,0.03,-4.26,2,0,0
1.87,0.81,3.33,4.35,-4.73,-2.66,-3.07,2.57,2,0,0
-0.15,-0.88,2.81,-2.41,1.97,0.26,-3.17,3.63,2,0,0
-0.75,-1.17,2.25,0.43,-0.11,-0.03,-2.59,0.57,2,0,0
0.2,-1.34,1.71,-1.53,2.52,-2.28,-1.9,1.6,2,0,0
2.79,1.38,0.4,-0.12,2.2,-5.1,-0.17,-2.42,2,0,0
1.58,1.38,0.56,1.52,-1.95,-2.84,-1.73,2.18,2,0,0
-3.32,-3.81,2.22,1.87,-0.08,3.44,-2.06,-1.75,2,0,0
-3.23,-1.12,0.05,-2.11,1.43,0.88,-0.84,-0.88,2,0,0
-0.95,-0.9,0.88,-5.73,1.45,0.15,1.27,1.52,2,0,0
-1.63,1.25,-2.89,-3.33,1.91,-0.33,-0.26,-0.09,2,0,0
-1.55,0.74,-4.4,1.07,-2.02,-1.68,1.29,-2.6,2,0,0
-0.01,0.51,1.04,-1.43,-0.73,-0.39,0.6,1.0,2,0,0
-2.86,-0.43,-4.14,-1.59,2.48,2.24,0.73,-5.23,2,0,0
-1.99,0.45,-1.05,1.95,0.15,-2.85,-2.1,-0.15,2,0,0
-1.02,-4.16,0.78,1.79,-0.37,2.82,-1.54,-1.71,2,0,0
-2.43,-0.34,-2.23,-0.53,-1.2,1.16,1.17,-1.11,2,0,0
-2.52,0.1,-1.08,-0.05,-1.04,-0.41,-1.68,0.56,2,0,0
-0.73,-2.4,0.81,0.81,-1.24,1.45,-1.0,-0.54,2,0,0
-1.96,-1.26,-2.88,-0.37,0.45,2.88,0.43,-2.78,2,0,0
1.65,-0.78,1.55,-0.77,-1.81,0.05,0.63,1.62,2,0,0
-0.82,0.38,-1.26,3.03,-3.45,0.03,-0.5,-1.67,2,0,0
-0.5,-0.34,0.53,-1.46,0.06,-2.17,-0.54,1.02,2,0,0
-5.16,-3.78,-0.4,0.1,1.53,4.78,-1.38,0.17,2,0,0
-0.59,-1.23,0.86,3.03,-2.72,-0.45,-0.21,-1.2,2,0,0
-2.55,-0.89,-2.26,-3.41,3.15,-0.35,0.98,-1.99,2,0,0
-1.64,-0.3,0.96,-3.0,1.2,-0.43,-0.29,1.23,2,0,0
3.57,0.74,-0.2,-4.81,2.13,-0.65,1.79,-0.42,2,0,0
-0.9,0.15,-1.98,0.55,0.83,-0.64,-2.16,-2.09,2,0,0
-1.84,-0.47,-2.26,-1.03,-0.17,2.17,0.61,-1.03,2,0,0
-1.61,1.28,-3.62,-2.35,-0.12,-1.03,0.74,-0.41,2,0,0
-0.16,-0.83,-3.53,2.81,-3.67,0.5,1.91,-3.1,2,0,0
-2.12,-0.07,-0.9,0.16,0.14,0.77,-3.33,1.46,2,0,0
-1.48,-2.96,1.64,1.67,-0.35,-0.24,-1.38,0.75,2,0,0
-0.09,0.61,-0.55,1.96,-0.17,0.49,-2.44,-0.89,2,0,0
-1.13,-1.57,-1.67,-0.89,2.48,1.58,-1.27,-2.43,2,0,0
-2.32,-0.59,-2.86,2.64,-1.59,-0.0,0.61,-2.87,2,0,0
-0.43,2.38,-2.17,0.32,-1.13,-0.12,-0.88,-0.73,2,0,0
-0.42,-1.98,0.55,2.88,-1.12,-0.38,-1.53,-0.91,2,0,0
-0.8,-1.57,3.2,-1.86,0.89,-1.02,-1.84,3.03,2,0,0
-0.39,0.15,-0.18,2.36,-1.82,-2.47,-0.89,-0.05,2,0,0
-2.1,-0.66,2.34,2.5,-0.61,-2.5,-2.93,-0.09,2,0,0
0.02,-0.27,0.87,-0.58,-0.76,1.1,-2.62,2.39,2,0,0
-1.3,-0.22,-1.56,1.31,-0.99,-1.57,-0.04,-1.97,2,0,0
2.89,-1.39,2.34,1.22,-1.21,-0.28,-2.02,2.35,2,0,0
-1.1,-0.9,-1.94,-2.13,0.63,1.68,1.01,-1.18,2,0,0
-0.52,-1.46,1.95,-1.73,1.64,-0.23,-0.97,0.91,2,0,0
-2.55,-0.76,-2.79,0.93,-0.74,0.84,0.47,-3.73,2,0,0
-4.44,-2.82,1.07,0.43,-0.71,1.39,-1.96,1.96,2,0,0
-2.72,-2.4,0.69,-0.9,0.55,3.24,-0.52,0.23,2,0,0
-0.12,-1.83,1.66,-1.74,-0.04,2.05,-0.8,0.34,2,0,0
0.29,-0.75,-0.13,3.98,-3.12,-2.19,-0.45,-1.58,2,0,0
-0.69,-1.29,-2.18,1.54,-1.97,0.98,-0.16,-1.11,2,0,0
1.89,-1.02,-1.67,1.26,-0.45,-0.22,-0.8,-0.52,2,0,0
1.2,-1.67,-2.21,1.39,0.23,0.01,0.38,-2.99,2,0,0
2.51,0.83,2.89,0.04,-0.64,-4.1,-0.4,1.57,2,0,0
-1.71,0.02,-0.83,-3.05,0.95,-0.25,-0.35,-0.31,2,0,0
0.96,-0.03,1.74,1.96,-3.62,-1.68,0.41,2.1,2,0,0
-0.67,-0.76,-1.16,-1.31,0.49,1.5,-1.48,0.48,2,0,0
-2.44,-0.32,-1.96,0.67,-1.37,0.14,-0.62,-0.99,2,0,0
-0.2,2.37,-0.89,1.4,-2.71,-3.95,0.37,0.11,2,0,0
1.9,0.64,0.61,-0.11,-1.42,-3.5,-0.35,1.58,2,0,0
0.76,1.84,-2.92,0.49,-0.1,-1.66,0.4,-2.17,2,0,0
-1.06,0.08,-2.4,3.48,-2.5,0.4,-1.7,-1.18,2,0,0
3.14,0.12,-0.47,-0.63,0.72,-1.06,0.68,-1.33,2,0,0
-0.17,0.08,0.3,-1.95,0.97,-0.91,-2.51,0.61,2,0,0
-2.5,-0.52,1.47,-1.95,1.53,-1.69,-1.56,0.68,2,0,0
-5.29,-3.91,0.62,1.39,-0.29,1.61,-2.92,0.06,2,0,0
0.68,1.66,-2.35,-1.0,-1.09,-2.06,0.54,0.07,2,0,0
-1.21,-1.16,-2.39,-2.28,-0.04,0.68,0.48,-0.34,2,0,0
0.25,-1.68,-0.24,-1.77,1.39,0.28,0.11,-1.31,2,0,0
-3.31,-0.16,-1.0,-2.65,0.29,-0.1,-1.28,1.5,2,0,0
-1.97,-3.61,1.27,-0.6,0.27,2.31,-0.97,-0.13,2,0,0
1.52,1.72,0.06,0.92,-1.68,-2.51,-0.39,-0.22,2,0,0
-1.52,-2.14,2.36,0.57,-2.2,0.66,-2.28,2.82,2,0,0
0.92,-0.17,-2.06,0.18,-1.73,1.17,1.71,-3.05,2,1,1
-3.01,-0.32,-1.41,-0.5,0.81,0.46,-0.76,-1.99,2,0,0
-2.07,-1.6,-2.61,-4.05,1.45,2.92,2.28,-1.49,2,0,0
-1.05,-1.78,-1.88,-0.22,-1.12,2.0,0.73,-0.51,2,0,0
-1.63,0.35,-0.02,2.33,-2.26,-2.79,-0.75,-1.61,2,0,0
-0.59,-1.86,3.72,2.5,-2.37,-0.43,-2.01,1.4,2,0,0
-0.44,0.99,-1.16,0.02,-0.09,-2.67,-0.64,-2.39,2,0,0
3.23,0.8,2.98,3.75,-2.86,-6.95,-1.14,1.44,2,0,0
1.18,1.21,0.27,0.34,-2.13,-3.63,-0.43,2.03,2,0,0
-3.42,-4.23,-1.21,-0.21,-0.56,3.98,0.52,-0.35,2,0,0
-3.02,0.1,-1.36,1.3,-2.4,-0.16,-2.09,0.81,2,0,0
-0.66,0.1,0.99,0.74,-2.14,-0.47,-0.84,1.07,2,0,0
1.66,1.2,0.76,3.44,-0.94,-3.09,-3.23,-1.94,2,0,0
1.11,-1.19,3.62,3.91,-3.19,0.53,-3.51,1.94,2,0,0
0.71,0.23,1.32,-0.02,-0.57,-0.2,-2.15,1.99,2,0,0
0.73,-1.93,3.08,2.64,-0.43,-2.9,-2.99,-0.17,2,0,0
1.94,-0.81,0.84,-0.02,-0.87,1.64,0.02,-1.41,2,0,0
-0.54,-1.16,-2.18,-3.23,2.08,0.72,0.06,-0.8,2,0,0
0.15,-2.27,2.03,0.11,-0.75,-1.45,-0.05,0.99,2,0,0
0.51,2.31,-0.19,0.78,-0.86,-4.2,-0.17,-1.82,2,0,0
-0.66,3.07,-2.97,-0.08,0.84,-3.64,-1.82,-1.72,2,0,0
1.5,0.78,1.44,0.9,-1.41,-2.02,-1.09,1.54,2,0,0
-0.79,-0.38,0.86,0.85,-1.12,-1.0,-0.17,0.15,2,0,0
-2.18,-2.71,3.91,-1.52,0.25,0.34,-0.86,2.71,2,0,0
-3.67,-3.14,-2.26,1.76,-2.21,3.74,0.66,-2.29,2,0,0
0.64,1.54,-3.59,-1.56,0.98,-0.94,1.94,-4.46,2,0,0
4.6,1.03,-0.62,0.59,-2.11,-3.22,0.13,-0.18,2,0,0
-1.11,-2.5,0.18,2.78,-1.34,-0.25,-0.25,-1.53,2,0,0
-1.57,-0.33,-0.33,-0.94,-0.87,-0.0,-0.31,1.49,2,0,0
2.13,-1.15,-0.63,-0.4,-0.28,2.57,-0.11,-0.33,2,0,0
0.59,-0.22,-0.31,0.85,-2.57,-2.26,1.52,-0.62,2,0,0
-1.75,-3.03,-0.31,-0.65,0.47,2.34,0.12,0.55,2,0,0
-2.41,-0.95,1.38,-0.52,-2.1,1.42,-0.34,1.79,2,0,0
-3.6,-2.62,0.6,-3.17,1.4,1.66,-0.89,2.39,2,0,0
-0.06,0.27,-1.45,4.23,-2.38,-0.42,-1.69,-2.67,2,0,0
1.43,1.52,-0.72,1.33,-0.2,-2.86,-1.87,0.13,2,1,1
-2.32,-0.91,-0.14,-0.27,-1.31,-0.98,1.26,0.39,2,0,0
-0.18,-0.03,-1.44,-1.45,0.42,2.54,0.9,-2.01,2,0,0
4.59,0.29,2.39,1.08,-1.63,-3.29,0.39,1.36,2,0,0
-0.7,-0.39,-0.63,-1.79,2.88,-0.87,-0.09,-2.4,2,0,0
-1.24,-0.72,-2.63,2.85,-1.06,1.42,0.26,-5.49,2,0,0
-0.42,-1.72,-0.19,-0.45,0.35,2.06,-0.19,0.16,2,0,0
-2.71,-0.58,1.39,2.19,-1.84,-0.49,-3.26,1.58,2,0,0
0.28,1.72,-0.13,2.63,-1.9,-0.62,-3.5,-0.22,2,0,0
0.86,-0.14,-2.13,-0.53,0.29,-2.01,1.74,-2.03,2,0,0
-1.63,0.43,-3.25,-2.43,1.0,1.71,0.96,-0.82,2,0,0
-0.6,-2.81,2.73,-0.72,-1.04,2.84,-1.11,4.12,2,0,0
-0.54,0.68,-1.59,-1.26,1.17,-0.51,-0.87,-1.15,2,0,0
-1.68,-0.08,-0.64,1.64,-0.94,-1.46,-1.33,0.63,2,0,0
3.31,-1.07,0.58,-0.7,-2.7,2.34,0.11,2.83,2,0,0
-0.49,0.25,-3.32,-1.58,0.97,1.19,0.35,-3.52,2,0,0
0.44,0.07,-0.0,1.7,0.69,-0.11,-2.73,-2.23,2,0,0
0.09,0.06,0.79,0.29,-1.21,-2.71,0.2,0.89,2,0,0
-0.6,-2.35,0.82,1.15,-1.92,0.79,-1.05,1.02,2,0,0
-0.29,0.0,-1.1,1.91,-2.56,-1.69,-0.27,-0.39,2,0,0
-2.37,-1.65,0.81,-2.93,2.11,0.6,-2.63,1.34,2,0,0
4.66,0.45,1.21,-2.33,-0.12,-1.71,-0.36,2.4,2,0,0
-0.26,-1.07,1.59,1.28,-2.02,0.0,-0.61,1.55,2,0,0
0.04,-0.54,-1.93,-3.64,2.63,2.75,1.28,-1.42,2,0,0
0.84,-0.62,0.02,2.45,-2.11,-1.18,-0.13,0.61,2,0,0
0.91,1.05,-0.25,-0.51,-0.86,-3.16,0.15,-0.88,2,0,0
1.01,-0.65,0.82,1.7,-2.28,-1.22,-0.88,1.14,2,0,0
-0.89,-0.01,-1.09,2.21,-1.69,-2.63,0.39,-1.06,2,0,0
1.42,-0.14,0.18,-2.67,2.19,-0.0,-0.51,-0.08,2,0,0
-2.94,-1.51,-2.54,-5.56,2.15,2.45,1.3,2.17,2,0,0
-3.89,-1.43,-1.7,-1.01,1.72,1.09,-1.5,-1.69,2,0,0
-0.18,-0.89,-1.38,1.37,-3.36,1.51,1.04,0.87,2,0,0
0.98,0.46,-0.57,-3.02,1.96,-0.05,-0.55,-0.56,2,0,0
-0.96,-0.55,-0.37,0.01,-1.04,-0.38,-1.57,1.54,2,0,0
-3.29,-1.83,0.24,1.72,-2.39,2.23,-1.3,0.2,2,0,0
-1.59,0.12,-3.81,-0.72,2.04,-0.94,-0.76,-3.16,2,0,0
-0.56,0.68,-0.46,1.56,-0.95,-2.6,-1.24,-1.58,2,0,0
-1.27,-2.01,-0.06,0.03,-0.38,2.08,0.17,-1.26,2,0,0
0.14,-2.89,0.94,1.41,-2.27,2.47,-0.06,0.31,2,0,0
1.35,-1.2,-1.1,2.11,-1.51,0.63,1.08,-2.57,2,0,0
-2.09,-3.67,1.83,3.08,-2.31,0.21,-2.57,1.71,2,0,0
-2.54,-1.71,-3.26,0.0,0.3,1.63,-0.34,-3.56,2,0,0
-1.99,-3.17,2.52,-1.65,0.75,4.16,-1.93,1.21,2,0,0
-2.69,-0.27,-0.72,5.33,-4.22,-1.77,-3.01,-1.02,2,0,0
-1.2,-1.79,-2.15,0.82,-1.16,0.99,1.76,-2.21,2,0,0
0.89,-1.56,0.71,-0.24,-1.84,1.85,-1.5,2.54,2,0,0
-1.56,-0.94,0.08,-1.29,2.23,-0.01,-2.59,-0.72,2,0,0
-2.56,-0.42,-0.43,0.61,-2.11,0.16,-0.08,-1.55,2,0,0
-1.01,-1.67,-1.0,-0.03,1.05,0.57,-0.63,-1.7,2,0,0
-1.29,-1.36,-0.22,-1.07,-0.49,1.6,-0.48,1.87,2,0,0
-1.38,0.04,0.43,1.85,-3.32,-0.19,-1.73,1.72,2,0,0
0.86,0.91,-2.76,-1.11,-1.34,-0.53,1.58,-1.09,2,0,0
-2.85,1.37,-2.89,0.32,0.45,1.13,-2.65,-2.43,2,0,0
-5.68,-3.03,1.27,0.84,1.36,0.85,-4.12,1.04,2,0,0
-0.95,-1.88,2.15,-1.44,-0.23,2.0,-0.41,1.94,2,0,0
-3.94,-0.58,-2.5,-2.42,1.35,2.57,-1.48,-1.23,2,0,0
-0.83,0.81,-1.36,2.18,-1.0,-2.85,0.14,-2.81,2,0,0
-0.41,-0.64,1.93,3.12,-2.13,-2.01,-1.75,0.93,2,0,0
-3.25,-0.65,-0.18,0.64,-0.98,1.98,-0.77,-1.48,2,0,0
-2.1,-1.77,0.41,-2.43,2.36,2.46,-2.58,0.88,2,0,0
-2.45,-0.76,0.83,0.44,1.02,-0.05,-2.01,-1.45,2,1,1
-2.44,-2.13,0.03,0.82,-0.8,-0.23,0.27,-0.03,2,0,0
-2.75,-0.42,-2.83,-1.6,1.3,0.46,-0.65,-1.19,2,0,0
-2.32,-1.27,0.77,2.63,-3.57,-0.25,-1.55,2.65,2,0,0
-2.17,-2.57,0.71,-1.01,-0.43,2.79,-1.29,1.93,2,0,0
-2.91,-2.77,-0.26,-2.13,0.9,3.02,-0.05,-0.46,2,0,0
1.01,-0.05,2.12,-1.14,-0.79,0.03,0.13,-0.15,2,0,0
-1.4,-0.73,-0.83,0.92,1.34,0.39,-0.75,-3.32,2,0,0
0.82,-0.09,0.64,0.27,-1.55,-1.56,-0.8,1.8,2,0,0
-1.2,-1.02,-0.77,0.28,-0.9,0.8,-0.86,-1.02,2,0,0
-0.87,-0.38,-0.19,2.14,-4.84,0.81,0.76,0.87,2,0,0
2.25,4.73,-3.28,2.15,-1.37,-7.04,0.09,-3.43,2,0,0
-1.46,-0.24,1.28,2.09,-1.32,-1.33,-4.08,2.63,2,0,0
0.06,1.3,0.39,1.28,-3.08,-1.93,-0.98,0.07,2,0,0
-3.87,-1.37,-2.22,-2.06,2.29,1.75,-1.67,-0.06,2,0,0
-1.4,0.36,0.11,1.37,-2.01,0.57,-1.79,0.44,2,0,0
-2.44,-1.98,-1.54,-1.16,0.64,3.0,-0.39,-0.79,2,0,0
-1.16,-0.77,-0.66,-0.4,-1.64,2.03,0.95,0.09,2,0,0
0.61,1.35,0.61,1.18,-1.21,-3.98,-2.3,2.09,2,0,0
0.09,-0.26,-0.53,-1.53,1.1,-0.07,-0.42,-1.63,2,0,0
-1.97,-2.84,-0.55,2.05,-1.55,2.88,-1.26,-1.33,2,0,0
0.3,-0.73,1.33,-0.78,-0.75,2.89,-0.59,0.95,2,0,0
2.48,-1.06,0.12,1.73,-0.87,-0.41,0.49,-0.88,2,0,0
-2.42,-1.15,-3.46,1.95,-1.21,2.39,-0.75,-1.69,2,0,0
3.33,0.77,-1.64,-6.79,0.88,0.31,2.95,0.86,2,0,0
0.42,0.01,-0.57,-1.52,1.89,-0.62,-2.0,-1.09,2,0,0
-2.29,-1.38,-1.91,-2.31,2.12,2.52,-0.84,-1.11,2,0,0
-1.99,-2.79,1.11,-3.08,1.19,1.19,-0.89,-0.33,2,0,0
-1.55,-1.83,-0.11,-3.92,2.23,1.36,0.48,-0.24,2,0,0
-3.21,-2.09,-0.65,-0.09,-0.06,1.94,-0.53,-0.85,2,0,0
1.94,0.13,1.37,-2.21,0.31,-0.51,-0.67,1.46,2,0,0
-1.94,-1.09,2.5,-2.63,0.76,0.18,-1.49,1.63,2,0,0
1.19,1.65,-1.35,-2.07,-0.11,-1.09,-0.24,-0.16,2,0,0
1.75,1.46,0.3,0.39,-0.95,-2.45,-0.06,-0.3,2,0,0
-1.0,-1.85,0.06,2.09,-3.74,1.05,-1.13,2.18,2,0,0
-1.97,0.01,0.09,1.17,-3.56,1.62,-1.04,1.59,2,0,0
-1.51,-2.19,1.28,0.83,0.86,0.5,-1.71,0.66,2,0,0
-1.4,-1.6,-0.87,3.98,-1.84,-1.67,-1.58,-2.19,2,0,0
3.19,1.64,0.03,-0.06,-1.44,-4.02,0.88,0.6,2,0,0
-2.38,-2.84,-0.7,-0.9,2.25,3.71,-1.34,-1.45,2,0,0
2.81,1.48,1.36,-0.55,-1.7,-2.4,0.4,1.28,2,0,0
-0.34,2.36,-2.02,0.86,-2.49,-3.92,0.04,-1.73,2,0,0
1.31,-0.49,0.77,1.94,-1.91,0.23,-0.87,-0.17,2,0,0
-1.04,-2.25,2.89,-1.84,0.6,1.77,-1.7,1.53,2,0,0
-1.26,-0.98,1.8,2.79,-2.97,0.12,-1.82,0.61,2,0,0
-1.41,0.23,-2.18,-0.63,-0.65,-1.16,0.34,-1.38,2,0,0
-1.66,-2.57,1.12,0.97,-0.52,0.49,-1.63,-0.05,2,0,0
-2.47,-0.74,-1.41,-1.56,0.56,2.11,-2.75,0.16,2,0,0
0.7,0.79,-1.61,0.91,-1.59,-0.53,-0.26,-1.25,2,0,0
0.34,-1.43,2.09,-4.65,1.91,1.03,0.69,1.17,2,0,0
0.01,-0.68,-1.18,1.98,-1.54,-1.38,0.55,-2.24,2,0,0
-0.29,2.43,-0.84,-0.32,-1.36,-0.87,-1.1,1.7,2,0,0
-0.65,-2.58,-2.13,1.74,0.02,4.82,0.73,-2.58,2,0,0
-0.87,0.49,0.43,0.4,-0.07,-0.6,-1.26,0.77,2,0,0
0.7,0.42,-0.37,0.31,2.2,-3.9,-2.42,0.19,2,0,0
2.87,1.68,0.57,0.14,-1.79,-3.78,0.28,1.03,2,0,0
