@relation SyntheticData-N_1200-D_8-Nmin_140-Zmin_32-CL_3_2-R_0
@attribute X0 real [-6.31, 5.31]
@attribute X1 real [-7.48, 6.06]
@attribute X2 real [-5.56, 4.37]
@attribute X3 real [-5.64, 6.43]
@attribute X4 real [-5.46, 6.58]
@attribute X5 real [-5.94, 5.86]
@attribute X6 real [-5.48, 5.87]
@attribute X7 real [-5.03, 6.54]
@attribute cluster_idx {0,1,2,3,4}
@attribute is_noise {0,1}
@attribute Class {0,1}
@inputs X0,X1,X2,X3,X4,X5,X6,X7,cluster_idx,is_noise
@output Class
@data
-0.79,-0.26,0.22,-0.04,0.8,-0.0,-0.82,0.48,0,0,1
0.31,-1.72,-2.2,-0.08,1.04,1.27,-1.38,-1.34,0,0,1
2.23,-1.04,-0.37,0.08,2.37,0.62,0.9,-2.89,0,0,1
2.53,2.78,-3.23,1.8,2.44,-1.92,-0.96,-1.64,0,0,1
0.8,-1.01,0.42,0.21,1.03,0.63,0.19,-0.77,0,0,1
-1.14,1.99,2.29,0.41,1.4,-3.76,0.67,1.65,0,0,1
0.01,1.04,-0.01,1.9,0.56,-1.72,-0.81,1.56,0,0,1
-0.9,-0.33,-0.86,-1.16,-1.36,-0.05,-0.79,-0.37,0,0,1
0.79,-0.78,-0.52,-0.56,-0.18,1.63,-0.2,-0.72,0,0,1
-0.47,0.72,0.79,-0.15,-0.62,-0.48,-0.24,0.78,0,1,0
0.13,0.16,1.34,0.17,-1.23,1.27,-0.09,0.61,0,0,1
0.95,-0.65,-3.12,-0.91,-0.61,0.39,-0.93,-2.64,0,0,1
-0.1,-0.41,-1.04,0.41,3.63,-0.57,-1.02,-0.41,0,0,1
4.19,2.8,-1.47,3.3,4.71,-3.97,1.0,-3.29,0,0,1
0.98,1.67,1.11,1.18,3.6,-4.09,1.25,-0.71,0,0,1
-0.76,-0.9,0.28,-0.81,-3.21,1.31,-0.51,1.27,0,0,1
-0.72,-1.32,0.88,-0.73,0.58,-0.14,0.22,0.47,0,0,1
1.91,-0.46,-1.81,0.09,1.65,0.03,0.03,-2.44,0,0,1
-0.03,-0.17,0.23,0.62,-2.54,1.53,-0.91,1.71,0,0,1
-0.19,-0.86,-0.07,0.78,0.25,0.89,-1.07,0.67,0,0,1
0.97,0.62,0.36,-0.14,1.99,-1.55,0.91,-1.47,0,0,1
1.44,0.6,1.37,-0.95,-1.08,0.06,1.62,-1.67,0,0,1
1.58,-0.85,-0.82,-2.54,-0.04,3.38,0.51,-1.38,0,0,1
0.01,-0.54,-1.42,-1.05,-2.17,1.39,-0.92,0.27,0,0,1
0.37,0.78,2.79,-1.14,-0.83,-1.83,2.17,-1.76,0,0,1
0.23,-0.77,-1.33,0.94,2.39,-0.69,-0.94,0.19,0,0,1
0.59,2.29,-1.07,2.66,1.2,-3.4,-1.01,-0.24,0,0,1
1.43,-0.44,-1.85,2.26,-3.75,1.02,-1.38,0.52,0,0,1
-1.65,-0.41,1.47,-0.56,-0.26,0.29,-0.66,1.63,0,0,1
0.23,0.03,-1.06,-0.2,2.54,-1.6,-0.25,-1.25,0,0,1
-3.84,-0.44,1.66,-1.61,-1.95,-0.47,-1.32,2.99,0,0,1
-0.04,1.26,1.65,1.01,3.33,-2.97,0.48,-0.73,0,0,1
-0.15,-1.31,1.27,-1.2,0.44,1.11,0.49,-0.63,0,0,1
4.16,2.67,-2.06,0.96,0.29,-2.68,1.42,-4.46,0,0,1
-0.55,0.17,0.52,-0.18,-0.74,0.83,-0.68,2.0,0,0,1
0.34,-1.72,0.58,-1.07,-0.96,1.28,0.52,-1.41,0,0,1
-0.32,1.71,-2.6,-0.14,0.65,-2.26,-1.43,-0.41,0,0,1
-0.79,-0.35,0.28,-3.2,-2.0,1.98,0.01,0.49,0,0,1
-1.94,-0.56,-0.74,-0.1,-0.51,-0.83,-1.75,0.36,0,0,1
3.53,1.05,-0.83,2.88,-5.46,1.15,-0.04,-1.49,0,0,1
-0.57,-1.37,-1.42,-0.78,-2.67,1.96,-1.44,-0.08,0,0,1
0.21,-0.6,-0.15,0.26,0.23,0.94,-0.65,-0.29,0,0,1
2.49,0.67,-3.18,1.82,1.41,-0.53,-0.97,-1.58,0,0,1
-1.67,-1.09,0.84,-1.12,-0.7,2.85,-1.39,2.72,0,0,1
0.88,2.21,-0.07,1.29,-1.98,-2.67,0.25,0.3,0,0,1
-0.45,-1.78,0.17,0.93,0.95,0.18,-0.8,-0.03,0,0,1
1.27,-1.33,-0.3,1.09,-1.56,2.72,-0.79,-0.51,0,0,1
1.07,-1.04,-0.13,0.77,1.45,0.77,-0.04,0.92,1,0,1
-1.54,0.7,2.25,1.07,-1.85,0.17,-1.83,0.89,1,0,1
1.36,-0.68,-1.67,-1.72,0.26,0.12,1.91,-0.88,1,0,1
2.12,-1.49,-2.24,0.46,0.91,4.42,3.23,-0.32,1,0,1
-1.68,2.66,1.39,1.21,-3.53,-0.6,-0.31,1.37,1,0,1
-1.97,2.09,0.77,0.21,-3.28,-1.31,-1.35,2.04,1,0,1
-1.05,-1.19,1.3,-1.35,-2.93,-0.24,1.48,2.72,1,0,1
0.98,-0.48,-1.58,-2.35,-0.75,-0.14,2.68,-1.15,1,0,1
0.81,-2.4,-0.02,-0.73,1.86,-1.17,-0.7,1.6,1,0,1
-0.74,2.05,-0.45,1.32,-0.52,-0.65,-1.41,-0.33,1,0,1
3.28,-1.63,-5.56,-2.54,0.56,1.36,5.87,1.41,1,0,1
0.89,0.83,-0.28,-0.47,-1.49,1.55,2.58,-0.56,1,0,1
-0.82,1.88,0.56,-1.62,-4.79,1.33,2.78,-0.73,1,0,1
-0.18,-2.34,0.57,-1.48,-0.57,-0.36,0.44,1.56,1,1,0
-0.01,-0.92,1.16,-1.79,-0.52,-1.75,-0.33,0.37,1,0,1
2.43,-2.27,-3.69,-1.9,1.98,0.79,3.19,-0.36,1,0,1
1.33,0.84,-2.89,-0.88,-0.26,0.21,2.42,-0.85,1,0,1
2.25,-1.05,-3.0,-0.3,1.33,-0.44,2.92,1.89,1,0,1
-1.71,1.59,0.47,-0.1,-2.55,-1.36,-1.0,0.34,1,0,1
-0.75,1.6,-0.88,0.09,-2.5,-0.45,1.12,1.27,1,0,1
-0.22,0.45,0.22,-1.92,-2.91,-0.68,2.5,0.6,1,0,1
-1.51,2.23,2.69,0.26,-1.58,-1.73,-3.2,-0.44,1,0,1
-1.83,-1.53,1.81,-0.6,-2.1,1.52,-0.19,0.65,1,0,1
1.4,-1.47,-0.07,0.24,2.38,-0.49,-0.87,1.19,1,0,1
0.07,1.71,-1.93,-0.64,-1.66,-0.6,1.6,-0.29,1,0,1
-0.82,3.45,0.9,2.31,-3.09,2.24,0.35,0.95,1,0,1
0.68,2.1,-1.36,1.19,0.3,-0.14,-0.58,-0.1,1,0,1
-0.29,-0.51,0.52,-0.25,-1.35,0.87,1.14,0.45,1,0,1
0.4,-0.57,-1.45,0.6,0.75,0.22,-0.19,0.98,1,0,1
1.51,-2.21,-1.43,-0.5,2.63,0.77,0.26,-1.08,1,0,1
0.96,-3.95,-0.21,-2.78,1.28,-0.25,1.34,-0.13,1,0,1
-1.86,0.28,2.62,-1.54,-3.45,-1.08,-0.57,2.2,1,0,1
0.61,-0.48,1.32,1.22,0.73,1.1,-0.58,0.93,1,0,1
1.04,-1.0,-0.83,1.72,1.92,2.68,-0.15,-0.57,1,0,1
0.42,0.24,-1.85,-1.16,-2.55,0.82,3.5,1.38,1,0,1
-0.61,0.07,0.75,0.3,-4.22,3.01,3.08,3.0,1,0,1
0.8,-1.08,-1.13,-2.08,0.91,-1.03,-0.24,0.84,1,0,1
0.07,0.76,-0.53,-0.33,-2.22,1.47,2.35,0.38,1,0,1
1.06,-0.48,-1.0,-1.9,1.36,-3.32,-0.18,-1.18,1,0,1
-0.34,-1.66,-0.29,-1.31,-0.77,-0.74,0.63,1.98,1,0,1
-0.08,-0.79,0.48,-0.84,-0.95,0.06,0.5,0.41,1,0,1
-0.09,-0.29,-1.34,-0.17,0.16,-1.83,-0.5,1.3,1,0,1
1.64,-1.45,-2.17,0.32,0.35,1.34,2.55,1.97,1,0,1
0.24,-1.04,0.74,0.17,-0.92,2.07,1.42,1.25,1,0,1
0.51,-0.41,0.44,-0.98,2.07,-0.98,-2.0,-3.06,1,0,1
0.03,-0.27,0.6,0.09,-0.66,0.76,0.06,1.73,1,0,1
2.29,-2.69,-4.34,0.9,1.21,3.02,3.91,3.92,1,0,1
-2.23,-0.13,-2.1,2.18,0.77,0.63,-0.42,0.44,2,0,1
-1.32,-1.72,2.6,0.8,1.97,-0.38,1.47,0.63,2,0,1
0.73,4.06,-1.05,-0.96,-2.49,-0.51,0.28,1.81,2,0,1
0.35,-1.44,0.61,-0.46,-0.84,1.13,1.68,2.84,2,0,1
-0.35,-1.81,-4.35,2.09,-1.73,-0.42,-0.57,-0.45,2,0,1
-1.65,1.0,0.82,-0.38,3.21,-0.41,1.42,-2.58,2,0,1
0.22,1.3,-0.62,-1.76,0.42,0.21,1.17,1.29,2,0,1
-0.79,-0.84,1.5,-0.49,2.23,0.13,1.78,-1.02,2,0,1
1.68,0.71,-0.41,-1.37,-1.27,-0.38,-2.45,1.19,2,0,1
-0.64,-1.04,-1.0,-0.83,1.23,1.26,2.48,0.34,2,0,1
1.01,1.56,-0.18,-1.03,0.08,-3.41,0.44,-3.47,2,0,1
1.87,-1.09,0.22,-0.95,-1.61,0.78,-1.96,0.37,2,1,0
-6.31,3.4,3.64,4.71,4.13,1.16,-0.8,-0.02,2,0,1
0.25,-0.6,-2.0,0.04,-0.41,-0.77,0.2,-0.79,2,0,1
-0.92,-2.42,0.61,1.52,0.58,-1.35,0.87,-0.85,2,0,1
2.4,-0.92,-0.35,-2.49,-3.3,2.22,2.11,6.54,2,0,1
2.75,-1.26,-2.23,-1.55,-3.85,2.27,-1.42,4.24,2,0,1
-1.93,1.25,-0.96,1.81,0.73,-0.41,-0.78,-1.47,2,0,1
1.72,1.23,-1.4,-1.82,-1.26,-1.17,0.04,-2.59,2,0,1
1.92,-1.38,-1.92,-1.5,-1.84,-0.16,0.84,0.99,2,0,1
-0.54,-2.58,1.47,0.28,1.53,0.07,0.74,-0.38,2,0,1
0.57,-0.61,-2.07,0.92,-1.15,-1.61,-1.77,-2.56,2,0,1
-2.37,1.16,4.37,0.32,3.26,1.1,0.77,0.46,2,0,1
0.32,-1.78,0.33,-0.21,-0.58,1.92,-0.1,2.35,2,0,1
-1.15,0.26,1.04,0.09,1.12,1.94,-0.24,1.57,2,0,1
1.43,-0.82,-1.34,-0.13,-1.11,-2.3,-1.2,-3.46,2,0,1
0.51,0.08,-0.17,-0.36,-0.33,-0.84,-0.41,-1.17,2,0,1
-1.03,-1.64,3.47,0.5,2.33,1.18,-0.98,-0.84,2,0,1
-2.29,2.23,0.79,1.41,2.14,-0.57,-1.13,-1.44,2,0,1
0.64,-1.12,1.9,-0.88,0.61,-0.28,-0.11,0.0,2,0,1
1.06,2.18,2.21,-1.12,-1.18,1.82,-3.74,2.52,2,0,1
0.5,0.12,0.45,-0.77,0.32,-0.53,-0.09,-0.54,2,0,1
1.61,-1.81,0.96,-1.03,0.48,-0.66,-1.82,-3.86,2,0,1
-1.35,1.29,0.89,0.41,0.59,1.07,0.7,2.76,2,0,1
-0.85,0.32,0.85,-0.46,1.37,1.36,1.15,-0.16,2,0,1
-4.56,0.42,1.84,3.35,3.75,1.42,-1.16,-0.96,2,0,1
2.54,0.85,-1.27,-2.49,-2.86,-1.52,3.03,2.12,2,0,1
-1.1,2.0,-0.14,0.19,-0.54,2.33,-1.05,3.56,2,0,1
2.38,-3.16,1.91,-3.77,0.07,2.36,2.86,3.34,2,0,1
-0.13,2.17,-0.07,0.6,-1.16,0.26,-2.33,0.71,2,0,1
2.78,2.42,-3.65,-1.46,-4.61,-1.79,-0.73,1.56,2,0,1
0.81,-2.09,1.96,-0.53,1.14,-1.91,-0.3,-2.78,2,0,1
-2.19,0.91,3.44,0.47,2.75,1.32,0.35,0.25,2,0,1
-0.87,2.78,2.4,-0.51,0.69,0.42,0.23,1.01,2,0,1
0.34,-0.51,0.75,-1.33,0.22,1.39,0.56,2.14,2,0,1
0.99,-1.43,-0.48,-0.93,-0.81,-0.16,1.98,0.81,2,0,1
-0.91,-0.6,0.01,2.44,0.7,0.59,0.51,-0.99,3,0,0
-3.39,0.68,-0.01,0.92,-0.24,1.77,0.84,-0.68,3,0,0
2.28,-1.8,0.26,-2.14,-2.21,0.05,3.68,4.06,3,0,0
-0.09,-0.84,0.53,1.85,1.42,0.01,0.48,-0.19,3,0,0
-0.13,-0.66,0.36,1.76,0.27,0.88,0.34,-0.54,3,0,0
-0.14,-1.42,-1.31,-0.61,0.72,0.82,0.97,0.33,3,0,0
0.34,-1.29,0.29,0.87,2.6,1.24,-0.28,-0.61,3,0,0
-0.5,0.16,0.55,2.61,1.36,0.38,-1.94,-2.25,3,0,0
1.28,-0.19,0.28,-0.74,-0.89,0.97,-1.16,-0.12,3,0,0
-5.24,1.82,1.05,3.78,-1.09,3.44,0.48,-2.5,3,0,0
0.35,0.46,-0.95,-1.1,1.58,-1.81,-0.62,-0.29,3,0,0
-1.4,0.33,0.89,0.63,-0.33,1.18,2.24,0.34,3,0,0
2.39,-2.18,0.1,0.84,2.1,-1.16,-0.33,0.57,3,1,1
1.12,0.5,0.94,-2.27,-3.9,1.45,2.93,2.68,3,0,0
2.88,-2.86,-1.36,-2.23,1.96,0.06,-0.68,0.95,3,0,0
-2.32,2.32,1.53,2.71,-1.38,0.56,-0.24,-1.45,3,0,0
-0.55,-0.94,0.42,0.92,0.35,3.56,-0.7,-1.42,3,0,0
-2.78,0.59,1.02,3.53,1.76,2.7,-2.25,-3.38,3,0,0
2.54,-2.88,-0.19,-1.18,0.87,0.82,1.36,2.07,3,0,0
-1.56,0.93,0.54,0.37,-0.9,2.33,-0.31,-1.24,3,0,0
0.06,0.12,0.6,-0.25,-1.77,1.81,1.29,0.58,3,0,0
-0.22,1.18,0.68,0.25,-2.71,-0.09,-0.42,0.22,3,0,0
0.59,-2.81,-1.53,0.56,5.25,1.64,-3.66,-2.57,3,0,0
-0.99,0.58,-1.45,-2.31,2.69,-0.17,-3.18,-1.97,3,1,1
0.91,-0.53,0.15,-1.37,-0.28,2.46,-0.7,-0.28,3,0,0
0.55,-1.75,-1.52,-2.52,2.48,-0.11,0.46,0.97,3,0,0
-3.96,4.23,-0.14,-2.42,-4.46,0.24,1.66,0.31,3,0,0
0.99,-1.09,0.8,0.87,-1.3,0.57,2.03,1.36,3,0,0
-0.36,-0.25,-1.18,-2.26,-1.18,2.68,-1.75,-0.75,3,0,0
2.1,-1.51,0.18,0.26,0.2,-1.1,1.83,1.63,3,0,0
1.12,0.49,0.27,-1.9,-2.94,-1.41,3.95,3.2,3,0,0
-2.34,3.47,0.93,0.06,1.31,-0.47,-5.48,-3.59,3,0,0
2.24,-1.68,0.21,0.7,2.12,1.43,-2.86,-1.64,3,0,0
-0.03,-0.33,0.44,1.6,0.05,-1.06,1.83,0.83,3,1,1
3.36,-3.54,-1.19,-1.01,4.53,-0.42,-1.83,0.19,3,0,0
-0.36,-0.16,1.5,1.48,-1.3,1.99,1.28,0.37,3,0,0
0.52,-2.48,0.3,1.04,1.75,2.15,2.1,0.59,3,0,0
-2.38,3.26,0.56,0.45,-1.4,0.11,-2.64,-2.29,3,0,0
1.31,-1.94,-0.63,1.99,2.77,-1.38,-1.27,-0.69,3,0,0
-0.94,-1.52,1.05,3.1,1.67,2.62,1.08,-0.78,3,0,0
0.02,0.39,0.49,1.67,2.12,-2.02,0.23,-0.6,3,0,0
-3.41,3.39,0.29,-0.91,-1.08,2.22,-2.97,-2.97,3,0,0
0.48,-0.07,-0.27,0.7,3.49,-2.55,-2.14,-1.26,3,0,0
-0.05,1.14,-0.58,-0.94,-1.84,-1.33,-0.25,0.47,3,0,0
-0.89,1.99,1.58,2.64,0.94,-0.89,-3.19,-2.66,3,0,0
0.54,0.07,-0.38,-2.14,1.72,-0.44,-3.1,-0.86,3,0,0
3.04,-2.73,-0.1,1.74,3.99,-2.21,-1.01,0.04,3,0,0
2.24,-3.47,-1.27,-0.23,5.04,0.24,-1.94,-0.93,3,0,0
0.43,-0.04,0.94,1.36,1.68,-1.46,0.57,0.24,3,0,0
-0.54,0.47,-1.08,-1.7,-0.62,-0.94,1.19,0.96,3,0,0
-2.82,4.15,0.93,2.08,-5.34,-2.46,4.05,0.95,3,1,1
0.43,-1.15,0.55,0.71,-0.4,2.15,1.39,0.43,3,0,0
2.04,-2.53,-0.04,-1.08,-0.01,1.86,1.86,1.95,3,0,0
2.87,-0.7,-2.79,-4.75,2.04,-4.9,-3.31,1.31,3,0,0
2.12,-1.27,-0.88,-0.3,0.2,-3.1,2.66,2.26,3,0,0
2.59,-0.74,-1.0,-0.85,2.5,-2.24,-4.0,-1.07,3,0,0
-1.7,0.97,1.19,1.75,-0.92,0.65,1.95,0.1,3,0,0
-1.52,1.16,-0.45,-1.43,-0.99,2.11,-2.43,-1.6,3,0,0
0.28,0.01,-0.37,-2.63,0.19,0.05,-0.4,0.95,3,0,0
0.43,1.48,-0.69,-1.49,-0.53,-3.0,-1.02,0.2,3,0,0
-0.75,-0.37,0.25,1.45,1.76,0.48,-0.92,-1.13,3,0,0
-0.97,-0.81,1.25,3.04,0.32,2.1,0.86,-0.56,3,0,0
-3.12,1.05,0.67,1.9,0.18,2.29,-0.33,-2.03,3,0,0
-1.22,1.29,1.92,2.11,-3.94,0.69,3.59,1.37,3,0,0
-0.01,0.85,0.24,1.77,1.32,-0.79,-3.17,-2.45,3,0,0
-0.36,0.76,-1.72,-2.21,-0.8,1.18,-4.74,-2.13,3,0,0
-1.28,0.23,0.04,2.04,4.32,-0.7,-2.59,-2.73,3,0,0
-1.8,0.76,0.55,1.98,0.83,1.32,-2.92,-2.68,3,0,0
2.07,-1.59,-0.92,-0.88,-0.56,-0.53,-0.18,1.4,3,0,0
3.47,-3.96,0.2,1.31,6.58,-1.11,-1.75,-0.35,3,0,0
0.48,1.0,-0.17,0.33,-1.99,-2.2,0.92,0.72,3,0,0
3.69,-2.28,-1.36,-1.0,1.11,-5.94,5.06,4.43,3,0,0
1.22,-0.76,-0.86,-2.11,0.24,1.18,-1.14,-0.16,3,0,0
0.11,0.77,0.59,0.2,-2.11,0.28,1.29,0.46,3,0,0
1.55,-1.13,0.29,-0.76,0.33,-0.84,1.34,1.76,3,0,0
-0.58,0.05,1.75,2.77,-1.09,1.59,0.77,-0.28,3,0,0
-1.32,2.32,0.67,0.66,-2.03,-0.77,-0.49,-0.56,3,0,0
2.58,0.19,-0.73,-2.45,-0.79,-3.81,1.04,2.45,3,0,0
4.1,-2.96,-1.06,-1.72,3.18,-2.16,-1.41,1.24,3,0,0
-0.94,0.75,0.44,1.29,0.49,-0.91,1.45,-0.08,3,0,0
2.11,-0.45,-1.18,-1.74,1.37,-3.26,-0.12,0.95,3,0,0
1.56,-2.62,-1.0,-1.16,4.0,0.45,-1.27,0.09,3,0,0
-1.25,0.37,-1.36,-1.79,-0.32,2.06,-2.81,-1.58,3,0,0
2.3,-0.42,0.29,0.85,1.34,-2.16,-1.31,-0.34,3,0,0
-0.58,-0.03,-0.17,0.18,1.13,-1.03,2.03,0.66,3,0,0
-0.63,-0.58,0.23,-0.06,-0.02,2.33,-0.03,-0.22,3,0,0
-3.39,1.83,1.1,2.2,-0.48,1.43,1.43,-1.33,3,0,0
0.15,-0.27,0.2,-0.56,-1.52,1.05,1.31,0.9,3,0,0
-3.16,1.16,-0.1,2.56,0.6,1.27,-0.75,-2.6,3,0,0
-0.56,-1.3,-0.37,0.78,1.54,2.26,-2.24,-1.63,3,0,0
0.14,0.21,-1.0,-1.58,1.54,-1.18,-2.29,-0.68,3,0,0
-0.97,-0.47,0.67,1.16,0.61,1.01,1.67,0.16,3,0,0
0.98,-0.21,-0.4,0.09,-0.99,-1.56,1.24,0.91,3,0,0
-2.64,2.53,1.04,0.27,-2.67,1.64,0.17,-0.73,3,0,0
-1.77,1.12,1.84,2.03,-1.03,2.16,0.4,-0.81,3,0,0
0.45,-1.11,0.85,0.62,1.29,0.37,3.19,1.05,3,0,0
0.3,0.61,-0.87,-3.02,-1.25,-0.06,-0.95,0.54,3,0,0
0.55,0.86,1.24,-1.31,-1.76,0.63,0.24,1.11,3,0,0
-1.67,0.81,0.47,1.33,0.42,-0.03,0.67,-0.68,3,0,0
1.83,-0.44,0.07,-0.82,-1.89,0.31,1.34,1.36,3,1,1
1.31,-1.57,-1.35,-1.01,3.5,-2.26,0.39,0.63,3,0,0
0.66,-1.28,1.01,2.88,-0.1,1.06,0.55,-0.13,3,0,0
0.39,-0.11,0.2,-0.65,-0.36,-0.84,2.49,1.54,3,0,0
0.79,1.61,0.25,1.21,0.62,-4.0,-2.19,-0.71,3,0,0
-0.06,0.63,-0.98,-2.42,-0.14,0.46,-3.34,-0.98,3,0,0
1.54,0.08,0.57,-1.42,-0.88,0.27,0.52,0.88,3,0,0
-0.57,1.04,-0.63,-0.53,-2.43,-1.32,3.57,1.77,3,0,0
-2.31,1.71,1.38,2.82,-3.25,0.17,3.26,0.36,3,0,0
-2.59,2.53,2.75,4.62,-3.24,1.91,2.07,-1.32,3,1,1
0.53,-0.12,0.99,2.75,1.21,-1.02,-0.38,-0.58,3,0,0
0.4,-0.34,-0.71,-0.85,1.8,-1.84,0.37,0.51,3,0,0
1.76,-1.75,-1.2,-0.5,0.83,-2.35,1.27,1.61,3,0,0
-0.66,-0.79,-0.06,2.19,3.18,0.47,-1.09,-1.92,3,1,1
-0.61,0.45,-0.03,0.14,-1.16,-0.3,1.29,0.66,3,0,0
0.54,-1.0,-0.49,-0.03,0.68,0.75,-0.54,-0.23,3,0,0
-2.1,-0.98,-1.04,2.16,3.64,0.42,-1.25,-2.12,3,0,0
2.61,0.47,-1.28,-4.85,-2.89,-2.6,-0.06,2.74,3,0,0
-0.14,0.39,0.9,1.38,0.08,-1.32,1.38,0.73,3,0,0
1.2,1.57,1.5,0.5,-3.9,0.02,-0.84,0.06,3,0,0
0.87,0.08,1.45,1.29,-1.63,1.3,-0.81,-0.3,3,0,0
-0.8,1.19,2.24,3.13,-2.65,2.41,-1.21,-1.52,3,0,0
-0.1,2.45,1.61,0.03,-0.83,-1.49,-0.15,-0.04,3,0,0
-1.08,0.74,0.74,-0.48,-0.36,1.39,-0.72,-0.39,3,0,0
0.71,-0.29,1.13,0.15,-3.98,1.96,4.3,2.23,3,0,0
0.33,-0.56,0.5,0.47,-0.3,2.57,-0.6,-1.05,3,0,0
2.7,0.69,0.68,-0.99,-2.24,-0.97,-1.4,0.57,3,0,0
-0.95,1.27,0.3,0.76,0.92,-1.47,0.08,-0.66,3,0,0
-0.28,2.21,1.03,0.51,1.06,-1.21,-4.08,-2.23,3,0,0
4.42,-3.11,-1.18,-3.24,1.59,-1.41,0.81,2.78,3,0,0
1.13,-0.8,-0.49,-2.19,0.02,0.4,0.21,1.05,3,1,1
-2.53,2.12,0.79,-0.02,-1.34,0.86,0.44,-0.56,3,0,0
0.2,1.28,-1.7,-2.93,-2.15,-3.18,0.86,1.79,3,0,0
-1.54,-0.2,-0.56,-0.41,0.26,2.06,-0.76,-0.84,3,0,0
1.88,-1.45,-3.57,-3.5,2.11,-3.29,-0.73,1.1,3,0,0
1.24,0.9,1.05,0.33,-2.59,0.02,-0.05,0.35,3,0,0
0.04,2.34,-1.37,-3.08,-1.93,-2.41,-2.65,-0.08,3,0,0
0.5,-2.31,-0.9,-0.47,1.8,0.78,0.73,0.78,3,0,0
1.2,-2.51,-0.3,0.27,0.71,1.51,1.61,1.21,3,0,0
0.04,-0.04,-1.21,-0.12,0.48,0.12,-3.13,-1.86,3,0,0
0.46,-2.44,0.15,-1.15,-1.0,1.82,4.68,3.29,3,0,0
0.64,2.61,1.15,-1.66,-2.54,-0.95,-1.15,0.21,3,0,0
0.62,-1.27,-0.78,-3.19,-0.72,0.29,3.65,3.38,3,0,0
2.02,-2.46,1.16,1.8,0.68,0.91,1.69,1.37,3,0,0
1.19,-2.57,0.37,0.14,3.14,2.97,-1.54,-0.79,3,0,0
3.11,-1.5,-0.94,-2.85,-0.63,-0.24,-1.97,1.01,3,0,0
0.36,-0.1,-0.11,-1.61,-0.57,-1.28,3.59,2.47,3,0,0
-1.82,0.94,0.05,0.27,0.43,0.81,-0.86,-1.27,3,0,0
-0.56,-0.58,0.36,3.65,1.34,-0.68,0.57,-0.8,3,0,0
0.69,-1.23,-0.14,1.79,2.4,-2.3,-1.47,-0.14,3,0,0
2.39,-0.15,-1.22,-2.69,-0.01,-2.05,0.13,1.02,3,1,1
0.07,-0.36,-0.19,0.49,1.72,0.52,-2.2,-1.5,3,0,0
-1.15,2.48,-1.03,-2.6,-2.51,-0.53,-1.48,-0.44,3,0,0
0.97,-2.18,-1.28,-2.5,1.26,1.37,0.18,0.93,3,0,0
-1.13,2.27,0.86,0.64,-1.47,-0.44,-1.23,-1.07,3,0,0
0.46,0.55,2.06,1.86,-0.88,0.94,0.63,-0.22,3,0,0
-1.85,2.17,2.71,1.86,0.3,1.05,-0.51,-1.52,3,0,0
0.62,-0.8,-2.02,-2.8,4.41,-1.11,-4.06,-1.5,3,0,0
-0.76,0.0,0.7,1.68,2.62,1.01,-1.93,-2.29,3,0,0
0.3,-0.77,-1.4,-2.02,1.73,0.36,-3.13,-0.92,3,0,0
-2.19,3.93,0.77,0.65,-1.5,-2.19,-1.69,-1.43,3,0,0
-1.36,-0.18,-0.28,0.73,-0.31,1.21,1.08,-0.26,3,0,0
-5.17,5.05,0.18,-0.27,-0.92,2.12,-5.3,-5.03,3,0,0
-1.14,0.8,-0.35,0.19,1.7,-0.69,-0.78,-0.92,3,0,0
1.64,-0.15,-0.96,-1.93,1.63,-3.19,-1.11,1.12,3,0,0
-0.61,0.02,-0.06,-0.02,1.99,1.54,-2.67,-2.15,3,1,1
0.55,0.72,-0.02,-1.2,-2.52,-0.96,1.6,1.76,3,0,0
0.42,-0.83,0.17,-1.8,-0.11,2.23,0.61,0.84,3,0,0
-0.89,0.9,0.94,0.77,0.73,1.07,-1.51,-1.5,3,1,1
1.18,-0.07,0.35,0.61,-0.32,-2.47,2.87,1.75,3,0,0
0.59,-1.04,-0.77,-2.34,-1.19,0.34,1.62,2.25,3,0,0
0.42,0.52,-0.14,0.34,1.09,-0.71,-1.38,-1.42,3,0,0
-0.5,0.51,0.17,-0.33,-2.03,0.97,2.19,0.9,3,0,0
1.78,0.22,0.38,0.35,-1.93,-0.47,-0.76,0.13,3,0,0
1.78,-0.79,1.15,0.47,-1.03,-0.27,2.81,2.06,3,0,0
-2.22,2.06,1.69,0.62,-1.37,2.22,-0.58,-1.42,3,0,0
-0.05,-0.43,0.82,0.84,-1.44,1.22,2.11,0.83,3,0,0
0.62,2.01,0.52,-0.35,-3.25,-1.72,0.56,0.54,3,0,0
2.25,-3.06,-0.86,-1.01,2.9,1.13,-0.75,0.25,3,0,0
0.35,0.05,-0.42,-1.93,1.69,0.15,-2.18,-0.65,3,0,0
-0.13,0.62,1.49,1.08,-2.12,1.01,1.07,0.48,3,0,0
1.47,-1.78,-0.97,-0.14,4.15,-3.14,-0.14,0.65,3,0,0
0.04,0.24,0.35,0.99,1.94,-0.26,-1.75,-1.57,3,0,0
0.89,-0.71,-1.51,-1.83,0.55,-0.32,-0.61,0.25,3,0,0
0.59,1.7,0.11,-2.42,-3.16,-0.29,-0.48,0.87,3,0,0
0.72,0.13,0.45,-1.52,-1.58,1.47,0.22,0.53,3,0,0
-0.58,-0.68,-0.67,-0.32,-0.42,-0.07,3.32,1.59,3,0,0
0.75,-1.54,-0.78,-0.95,0.84,0.28,0.83,0.98,3,0,0
-0.04,-1.08,-0.86,-1.13,1.31,0.83,-0.09,-0.04,3,0,0
0.97,-1.45,-0.47,2.14,1.45,-1.05,-0.38,-0.44,3,0,0
-0.49,-1.04,-0.71,-0.79,-0.34,0.93,1.49,0.97,3,0,0
-1.14,0.05,1.74,2.31,0.28,2.81,-0.67,-1.51,3,0,0
-3.15,2.4,1.27,2.16,0.92,0.6,-0.75,-2.56,3,0,0
1.8,-0.22,2.26,2.59,-0.89,-0.35,2.28,1.07,3,0,0
0.65,-0.28,-0.24,2.47,1.72,-1.9,-1.47,-1.43,3,0,0
3.0,-2.76,-1.37,-1.78,2.52,-1.12,0.23,1.49,3,0,0
2.09,-1.43,-0.65,-0.79,1.73,0.46,-2.7,-0.73,3,0,0
-0.72,1.12,1.71,1.47,-4.62,2.57,2.0,0.49,3,0,0
0.37,2.53,-0.91,-2.59,-2.4,-4.31,-0.45,1.29,3,0,0
0.6,1.88,-0.95,-1.9,-2.77,-2.9,-0.63,0.86,3,0,0
-1.91,3.01,1.5,1.79,-2.89,0.81,-1.45,-1.99,3,0,0
0.72,-1.27,-0.05,0.7,3.67,-2.59,0.59,0.77,3,1,1
-1.33,-0.9,0.16,2.39,0.44,1.8,1.37,-0.49,3,0,0
-1.5,2.6,-0.56,-1.19,-0.5,-2.83,-1.53,-0.35,3,0,0
-4.04,3.41,2.28,3.24,-1.89,2.19,0.15,-2.48,3,0,0
1.95,-2.33,-0.33,-0.72,-0.76,0.07,2.58,2.64,3,0,0
1.58,-0.63,-1.52,-1.8,-0.34,-1.17,-0.12,0.95,3,0,0
-2.77,1.89,0.53,0.21,-1.32,1.49,1.71,-0.43,3,0,0
-1.47,1.46,-0.63,-0.49,-1.89,-0.16,-0.91,-0.65,3,0,0
-0.42,0.1,0.75,1.88,0.22,-0.36,-0.14,-0.42,3,0,0
-0.74,1.13,-0.53,-3.05,-1.96,1.1,-0.26,0.53,3,0,0
0.58,-2.36,0.72,2.26,2.48,2.09,-0.62,-0.74,3,0,0
-0.56,1.1,-0.78,-1.25,0.06,-2.13,0.45,0.46,3,0,0
3.52,-0.31,-0.05,-3.96,-0.41,-2.3,-0.16,2.52,3,0,0
-3.19,1.29,1.44,0.49,-0.8,4.05,0.15,-1.39,3,0,0
-0.27,0.25,-0.16,-0.89,-1.39,1.59,-0.66,-0.2,3,0,0
-1.42,-0.7,-0.26,-0.22,2.45,1.36,-2.42,-1.3,3,0,0
1.56,-0.44,0.52,-0.63,-0.67,-1.13,2.7,2.32,3,0,0
0.06,-0.93,0.96,1.48,2.71,0.53,-0.99,-0.74,3,0,0
0.17,0.16,0.19,-0.22,1.52,0.15,-2.6,-1.32,3,0,0
-0.27,-0.63,0.4,1.35,1.76,0.2,-0.21,-0.58,3,0,0
0.52,0.35,-0.04,-1.57,-0.29,-0.33,-0.51,0.5,3,0,0
0.88,0.17,0.33,0.26,0.13,-1.03,-0.52,0.16,3,0,0
0.37,-2.42,0.07,1.16,2.57,2.68,-0.89,-0.98,3,0,0
2.1,-1.13,0.62,-0.52,2.06,1.02,-2.25,-0.88,3,0,0
2.53,-0.89,-2.73,-3.96,-1.09,-1.9,0.04,1.76,3,0,0
0.13,-0.53,0.84,1.07,0.63,0.66,0.55,-0.02,3,0,0
1.07,-0.34,-1.35,-3.76,-0.51,-1.98,1.22,2.45,3,1,1
0.84,1.15,-0.38,-1.19,0.9,-3.19,-0.73,0.09,3,0,0
0.58,0.33,0.24,-0.23,-2.77,0.12,0.08,0.91,3,0,0
2.96,-2.64,-0.22,0.62,-0.49,-0.08,-0.26,1.14,3,0,0
2.47,-2.24,-0.38,-1.52,-0.62,-0.16,1.99,2.47,3,0,0
0.19,2.74,1.43,-1.62,-3.13,-0.94,-0.64,0.83,3,0,0
0.55,-1.7,0.23,-0.92,2.07,1.38,1.25,0.79,3,0,0
-2.42,1.75,0.21,-0.58,-1.15,2.77,-2.36,-2.14,3,0,0
-0.45,1.35,0.0,-1.64,1.85,-1.87,-1.61,-0.48,3,0,0
3.4,-1.34,-0.71,-3.13,-0.27,-1.94,1.35,2.8,3,0,0
-2.77,0.67,1.24,3.79,1.08,1.41,0.38,-1.95,3,0,0
-0.11,-2.48,-1.24,0.52,1.34,1.84,-1.14,-0.55,3,0,0
-0.79,-0.77,-0.13,-0.74,3.22,2.08,-2.3,-1.59,3,0,0
-0.62,0.26,-1.18,-0.8,0.45,0.46,-2.16,-1.37,3,0,0
0.13,-0.48,1.13,1.67,-0.09,1.37,1.0,-0.06,3,0,0
-0.31,-0.2,1.88,1.02,1.38,0.99,1.01,0.13,3,0,0
-0.51,-0.44,0.79,2.57,-0.53,1.4,2.02,-0.17,3,0,0
1.02,0.57,0.57,-0.64,1.4,-0.97,-2.68,-0.93,3,0,0
-0.5,-2.24,-1.6,1.48,2.41,1.88,-2.16,-1.86,3,0,0
0.68,0.98,-0.32,-1.16,-0.4,-1.15,-2.56,-0.54,3,0,0
-0.11,-1.52,0.47,1.26,0.87,1.62,1.67,0.25,3,0,0
1.09,-0.33,0.64,1.56,0.48,-1.68,1.37,0.63,3,0,0
-1.14,0.1,-0.81,-0.66,2.5,0.4,-0.36,-1.13,3,0,0
-0.93,0.39,-1.17,-0.24,-1.08,-1.2,2.21,0.81,3,0,0
1.42,-0.27,0.58,-0.22,-0.98,-0.8,1.45,1.47,3,0,0
2.42,-3.53,0.33,1.45,2.67,-0.67,3.25,2.24,3,0,0
1.25,-1.06,-0.06,0.75,2.31,-0.21,-2.28,-1.15,3,1,1
-0.05,-0.15,-1.6,-0.29,1.99,-1.45,-1.6,-1.05,3,0,0
1.51,0.34,0.99,0.41,0.12,-0.91,-0.58,-0.1,3,0,0
3.68,-3.5,0.52,0.37,1.96,-0.22,0.14,1.92,3,0,0
0.38,-1.38,-1.23,-2.3,0.95,0.65,-0.04,0.81,3,0,0
5.31,-4.39,-2.02,-2.63,0.92,-1.07,-0.27,2.59,3,0,0
-0.07,0.27,0.35,-0.34,-0.77,1.21,-0.71,-0.18,3,0,0
-2.8,2.34,0.0,1.34,-0.51,-1.19,0.79,-1.02,3,0,0
-1.1,1.25,-1.23,-0.88,-1.03,-1.66,1.08,0.13,3,0,0
-0.23,0.69,-1.23,-3.54,-0.36,-1.67,1.31,1.98,3,0,0
-1.51,0.5,-0.18,1.34,-0.73,-0.18,2.33,0.12,3,0,0
-1.76,-0.33,0.74,2.51,2.8,1.81,-1.79,-2.39,3,0,0
0.89,0.24,0.04,-1.31,-2.74,-1.08,1.69,2.18,3,0,0
-0.76,0.61,-1.08,-0.73,1.4,-1.13,-2.46,-1.23,3,0,0
0.07,-2.27,2.29,3.36,-1.83,5.86,2.72,0.25,3,0,0
0.33,-0.92,0.81,1.38,-0.67,1.38,0.5,0.23,3,0,0
1.56,-1.95,-1.12,-0.91,2.98,-3.54,1.93,2.32,3,0,0
0.15,-1.28,2.22,4.02,0.1,2.64,1.32,-0.62,3,0,0
2.41,0.03,0.28,-0.8,-0.49,-1.4,-1.64,0.46,3,0,0
-0.59,0.27,2.76,4.48,-2.05,3.28,0.85,-1.26,3,0,0
-1.47,1.07,0.3,0.98,-3.26,0.79,0.7,0.27,3,1,1
1.74,-0.82,2.19,3.54,-0.55,-0.78,2.61,1.11,3,0,0
-5.16,2.36,3.77,5.73,-1.75,2.75,2.92,-1.18,3,0,0
-0.37,1.28,-0.84,-2.09,0.52,-0.86,-3.51,-1.08,3,0,0
2.21,-2.78,-1.66,-1.55,-0.29,1.07,0.66,1.49,3,0,0
0.04,-0.39,-1.32,-0.08,-1.53,-0.46,1.19,0.67,3,0,0
-0.3,1.25,0.05,1.66,1.02,-0.92,-3.51,-2.4,3,0,0
1.65,-2.87,-0.68,0.38,2.22,0.88,0.13,0.2,3,0,0
-0.8,3.45,1.53,-0.11,-2.7,-0.54,-1.35,-0.96,3,0,0
-1.06,1.79,-2.0,-2.87,2.26,-2.92,-2.95,-1.27,3,0,0
-2.37,1.08,1.36,1.68,-2.4,4.04,1.11,-1.17,3,0,0
1.22,-1.69,-0.55,-0.61,1.32,-1.11,-0.95,0.84,3,0,0
0.42,0.32,1.07,-1.04,-1.63,-1.02,4.76,3.15,3,0,0
0.61,-1.53,-0.2,-0.09,2.28,2.53,-2.91,-1.74,3,0,0
-0.91,0.82,0.31,2.05,1.87,-0.92,-3.35,-2.29,3,0,0
-0.74,1.16,-0.53,0.77,0.61,-1.03,-3.29,-2.19,3,0,0
2.75,-1.0,-0.79,-2.17,0.03,-4.27,3.14,3.7,3,0,0
-0.46,1.44,-1.22,-0.44,0.92,-3.12,-2.03,-1.04,3,0,0
-0.13,-0.48,1.22,2.8,0.44,1.3,0.2,-0.9,3,0,0
-3.25,2.58,0.97,0.73,0.34,1.16,-0.23,-2.03,3,0,0
0.24,1.85,-0.75,-1.77,-1.68,-3.12,0.17,0.99,3,0,0
0.51,-0.99,-0.23,1.6,2.35,-0.75,0.76,-0.48,3,0,0
-1.7,0.67,0.31,0.63,1.85,0.68,-1.9,-1.67,3,0,0
1.38,0.64,0.58,-1.97,-0.88,-1.05,-0.45,1.11,3,0,0
-1.52,-0.18,0.75,5.45,1.4,-0.98,1.7,-1.14,3,0,0
-3.15,2.21,2.27,1.12,-1.88,4.69,-0.93,-2.23,3,0,0
1.93,-0.33,1.52,1.51,-2.52,-0.13,1.5,1.19,3,0,0
-0.11,-0.3,-0.8,-2.75,1.46,-0.66,1.2,1.37,3,0,0
0.48,0.46,-0.8,-0.74,0.7,-1.22,-1.72,-0.62,3,0,0
1.22,-0.32,0.04,-0.06,1.18,-0.96,-0.98,-0.38,3,0,0
-3.64,2.18,0.79,1.42,-0.74,1.96,-1.11,-2.02,3,0,0
-0.25,0.57,-0.18,1.15,1.08,-0.46,-1.72,-1.88,3,0,0
4.15,-3.49,0.12,-0.21,0.64,0.24,1.31,2.08,3,0,0
1.02,-1.33,0.88,0.29,-0.59,1.37,2.87,1.82,3,0,0
-0.92,0.36,-0.95,-0.3,-1.62,0.17,0.54,0.02,3,0,0
0.65,-0.89,-1.35,-4.55,-0.57,1.04,1.24,2.19,3,0,0
-1.93,2.14,0.57,0.32,-1.01,-2.96,2.51,1.33,3,0,0
-0.7,1.77,-0.1,-3.29,-1.38,1.0,-0.91,-0.11,3,0,0
-0.51,0.33,0.31,1.1,1.64,0.16,-1.42,-1.49,3,0,0
-1.51,-0.96,-1.05,1.66,4.19,1.72,-3.49,-3.71,3,0,0
-0.74,0.15,-0.02,2.33,2.61,1.04,-3.48,-3.44,3,1,1
0.21,-1.2,-1.12,-0.19,3.6,-2.02,0.35,0.31,3,0,0
-0.47,0.01,-0.08,1.21,2.52,-0.66,-3.24,-2.02,3,0,0
-1.54,1.3,-0.79,0.28,-0.43,-0.41,-1.19,-1.34,3,0,0
2.21,-2.98,-1.33,-0.5,3.94,0.15,-3.25,-1.08,3,0,0
-1.68,1.23,0.67,-1.39,-2.09,1.83,1.59,0.67,3,0,0
0.51,-0.7,-3.6,-2.83,0.75,-3.37,0.38,1.14,3,0,0
-0.33,-0.57,-0.89,-1.8,1.16,1.48,-1.89,-0.71,3,0,0
1.16,-0.69,-0.01,-1.23,-0.6,1.46,-0.7,0.2,3,0,0
-1.46,3.08,0.49,1.1,-0.57,-0.48,-3.47,-3.02,3,0,0
0.27,0.55,-0.44,-1.24,-1.37,-0.29,-0.56,0.38,3,0,0
1.49,-1.29,-1.7,-2.75,-0.28,0.18,-1.1,0.65,3,0,0
0.11,-1.01,-0.29,-1.46,-0.12,1.05,1.2,1.35,3,0,0
-1.1,3.07,-0.47,-1.2,-1.4,-1.25,-2.37,-1.52,3,0,0
-0.68,0.28,0.85,1.15,-1.32,0.07,3.14,1.24,3,0,0
0.28,0.93,-1.01,-0.89,0.95,-2.23,-1.64,-0.86,3,0,0
0.71,0.61,-0.47,1.05,-0.29,-4.81,3.1,1.92,3,0,0
-0.09,0.87,-0.44,-1.15,-1.27,0.38,-0.85,-0.45,3,0,0
0.37,-2.58,-0.04,2.82,2.61,1.6,0.44,-0.78,3,1,1
-1.23,-0.05,-1.41,-0.12,0.85,0.67,-3.3,-2.14,3,0,0
-0.53,1.04,-0.22,0.95,0.89,-0.75,-3.21,-2.36,3,1,1
-0.52,2.12,-0.29,-3.17,0.52,-1.32,-2.91,-0.5,3,0,0
1.05,-0.81,0.0,0.78,1.1,0.11,-1.82,-0.87,3,0,0
0.58,1.06,-0.13,-0.8,-1.22,-4.01,3.49,2.52,3,0,0
0.35,-1.53,1.05,3.07,3.56,1.04,-1.87,-1.83,3,0,0
2.61,1.34,0.53,-2.6,-2.21,-3.18,0.47,2.27,3,0,0
1.09,-0.15,-0.19,-0.73,-0.91,-2.7,2.26,2.39,3,0,0
-0.07,-1.15,-0.25,0.83,1.23,1.64,-0.69,-0.77,3,0,0
-1.07,-0.1,-0.2,-0.01,1.23,-0.44,1.59,0.46,3,0,0
-0.73,1.58,1.2,-0.25,-3.15,2.2,0.27,-0.14,3,0,0
-2.11,2.09,0.33,0.88,0.07,-0.78,0.03,-1.42,3,0,0
0.18,-0.0,1.02,2.05,1.98,0.93,-2.73,-2.26,3,0,0
1.91,-1.13,0.65,-1.18,0.61,-0.89,1.88,2.17,3,0,0
1.09,-1.42,-0.8,-1.75,-0.19,-0.49,2.43,2.31,3,0,0
-1.21,-0.03,0.21,2.32,1.53,0.28,-0.17,-1.38,3,0,0
1.65,-1.79,-0.04,1.01,2.26,0.06,-0.22,-0.23,3,0,0
3.33,-2.71,-0.65,-2.39,1.32,-0.13,-0.13,1.72,3,0,0
-0.42,0.66,1.36,1.65,3.27,-1.53,-0.44,-0.85,3,0,0
1.78,-2.05,0.34,1.18,-2.05,0.63,4.08,2.48,3,0,0
-0.18,1.6,1.63,0.84,-1.89,0.48,0.13,-0.4,3,0,0
0.53,-0.25,-0.51,-2.6,-0.48,0.66,0.88,1.1,3,0,0
1.04,-0.15,0.51,0.19,0.81,-0.92,-0.4,0.1,3,0,0
2.69,-3.01,0.79,0.6,-0.38,1.83,1.65,1.83,3,0,0
-1.4,0.85,0.69,0.78,1.99,2.15,-2.22,-2.62,3,0,0
0.49,0.76,-1.57,-3.55,0.48,-1.89,-2.17,0.24,3,0,0
1.06,-0.87,0.45,2.36,3.87,-2.19,-0.61,-0.98,3,0,0
3.33,-2.17,0.26,0.44,1.54,-1.59,0.57,1.39,3,0,0
2.51,-3.35,-0.39,-1.17,-1.06,1.42,3.82,3.46,3,0,0
0.13,-0.88,0.05,-0.25,0.2,0.48,2.65,1.19,3,0,0
0.6,-0.18,-0.83,0.77,2.52,-2.93,-0.96,-0.74,3,0,0
1.02,1.24,-0.57,-2.74,-1.18,-3.94,0.38,2.4,3,1,1
0.59,-1.53,1.42,0.5,0.16,3.32,-0.18,0.12,3,0,0
-0.46,3.24,1.1,-0.77,-4.79,-1.29,2.69,1.31,3,0,0
-0.14,-1.18,-0.52,-1.22,2.36,-1.01,2.26,1.58,3,0,0
-0.7,0.8,1.54,2.15,-0.84,3.25,-2.51,-2.75,3,0,0
0.61,-0.99,-0.51,-1.01,1.53,-0.31,1.37,1.04,3,0,0
-1.84,1.53,2.21,0.33,-4.46,3.91,2.72,0.89,3,0,0
2.37,-2.31,-0.15,0.42,0.64,-1.4,2.9,2.37,3,0,0
0.98,-1.15,-0.81,-1.3,-2.45,1.0,2.02,1.84,3,0,0
-0.48,0.66,-0.3,0.45,-3.36,0.2,1.75,0.72,3,0,0
0.94,-2.18,-0.5,0.77,2.16,-0.09,-0.07,0.16,3,0,0
0.24,0.22,0.12,-2.12,-1.84,-0.44,1.62,2.13,3,0,0
0.67,0.47,-1.77,-2.19,1.43,-4.36,1.08,1.39,3,0,0
-2.65,0.99,-1.55,-3.28,0.02,0.63,0.55,0.12,3,0,0
2.28,-1.15,0.89,0.14,2.94,-1.88,0.27,0.57,3,0,0
-1.74,0.87,2.04,2.58,-2.98,2.32,4.63,0.87,3,0,0
-0.45,0.89,0.6,-1.71,-1.05,1.16,0.56,0.35,3,0,0
-0.28,-0.72,1.19,3.94,3.35,0.61,-2.86,-2.73,3,1,1
0.64,-0.24,-0.38,-2.35,-2.15,-1.97,5.8,4.45,3,0,0
-1.54,1.85,-0.01,-0.16,0.8,-0.61,-1.36,-1.47,3,1,1
-0.6,0.36,-1.33,-2.08,-0.18,-2.39,3.02,2.01,3,0,0
-3.43,1.31,-0.14,0.51,1.25,0.84,-0.71,-1.54,3,0,0
1.82,-0.43,0.04,-0.42,2.01,-2.19,-1.57,-0.03,3,0,0
-0.15,-0.12,0.18,0.72,1.4,1.39,-3.24,-2.19,3,0,0
0.11,0.27,1.07,2.71,1.17,0.28,-2.69,-2.22,3,0,0
-1.03,1.16,-0.26,-3.1,-2.24,0.19,1.81,1.72,3,0,0
-1.31,-1.46,0.87,2.77,1.91,2.77,1.24,-0.68,3,0,0
2.12,0.4,0.43,-2.41,2.44,-1.66,-2.74,-0.37,3,0,0
-1.47,0.12,-0.22,1.03,1.89,-1.71,1.78,0.2,3,0,0
-0.41,1.62,2.29,3.31,-2.44,0.55,-0.08,-0.9,3,1,1
-2.46,1.53,-1.83,-1.36,-1.5,-0.17,-1.26,-0.84,3,0,0
-2.63,2.99,-0.23,-0.26,0.25,-0.08,-3.67,-3.06,3,0,0
0.29,-0.97,-0.81,-3.02,-1.27,1.86,0.57,1.52,3,0,0
0.96,-0.87,1.29,2.71,0.24,0.82,-0.37,-0.67,3,0,0
-2.47,0.6,1.22,1.56,-2.16,3.17,2.27,-0.18,3,0,0
-1.2,2.29,-0.57,-2.4,-2.58,-0.14,-1.55,-0.48,3,0,0
-2.46,-0.54,2.6,6.43,-1.04,4.31,2.03,-1.52,3,0,0
3.1,-3.32,-1.42,-1.58,2.69,0.03,-1.89,0.68,3,0,0
-0.11,0.2,-0.8,0.18,0.44,-1.07,0.01,-0.32,3,0,0
-1.91,2.56,-1.02,-1.86,0.39,-1.83,-2.93,-1.54,3,0,0
-0.17,-2.29,-0.61,0.64,1.29,2.48,0.67,0.01,3,0,0
0.52,-2.23,-2.16,-2.36,1.06,0.24,1.03,1.21,3,0,0
1.05,0.1,-0.35,-3.25,-0.91,-1.04,1.01,1.98,3,0,0
-0.15,-1.33,-0.98,-2.37,1.09,1.04,0.97,1.06,3,0,0
0.05,0.16,1.25,0.59,-0.25,2.04,-0.89,-0.77,3,0,0
1.67,0.1,-1.01,-0.31,1.79,-2.44,-3.08,-1.3,3,0,0
0.28,-0.87,0.45,1.22,1.03,-1.26,1.66,1.21,3,0,0
0.82,-1.15,0.36,-0.72,3.18,0.52,-0.6,-0.29,3,0,0
-1.11,2.34,0.01,0.31,-0.02,-0.99,-2.24,-2.04,3,0,0
-1.39,2.17,0.12,-1.34,-2.22,-0.19,0.32,-0.03,3,1,1
1.08,-0.39,-0.6,-1.25,1.66,-1.38,-1.97,-0.11,3,0,0
-1.81,-0.18,-0.34,-0.03,0.58,2.55,-0.28,-1.3,3,0,0
-2.14,0.71,1.34,2.04,-0.99,2.45,2.31,-0.52,3,0,0
0.81,-3.61,-0.03,3.66,3.31,2.87,-0.74,-1.79,3,0,0
0.15,-0.36,-1.3,0.67,0.33,-0.55,-2.46,-1.48,3,0,0
-0.05,-1.14,-0.81,1.46,2.74,-0.6,0.72,-0.88,3,0,0
1.21,0.5,-0.15,-2.32,-1.02,-2.49,0.92,1.94,3,0,0
2.58,-2.03,1.34,2.21,0.97,1.11,-1.01,-0.18,3,0,0
-1.93,-0.14,0.79,2.49,-0.89,3.45,0.25,-1.31,3,0,0
1.46,-1.78,-0.75,-1.14,1.66,0.34,1.86,1.07,3,0,0
-0.67,0.51,-0.38,0.69,0.21,-1.48,-0.09,-0.21,3,0,0
1.66,-0.45,0.35,-0.96,-0.97,-0.01,-1.35,0.66,3,0,0
-0.68,-0.33,0.96,2.73,2.22,0.02,-1.75,-1.67,3,0,0
2.62,-1.7,-0.17,-0.82,1.52,-0.87,-2.1,0.35,3,0,0
-0.25,0.36,0.6,-0.21,1.39,-0.7,-0.34,-0.03,3,0,0
-0.36,0.61,0.52,2.29,-1.69,-1.07,1.46,0.47,3,0,0
-4.08,2.65,0.75,-0.18,-3.92,2.28,3.24,0.46,3,0,0
-0.76,-0.72,-0.28,-1.54,0.78,2.13,0.35,0.07,3,0,0
0.81,-0.86,0.73,0.21,-0.87,-0.09,2.74,2.34,3,0,0
1.43,-1.52,-1.6,-0.13,1.71,-2.91,0.12,0.93,3,0,0
0.21,1.58,-1.19,-2.28,-1.11,-2.52,-0.86,0.48,3,0,0
1.97,-1.47,0.06,0.36,2.17,-0.93,-0.61,0.24,3,0,0
-1.1,1.06,1.19,0.07,-0.47,1.31,0.69,-0.15,3,0,0
0.41,-0.75,0.79,1.29,-0.71,2.28,-0.58,-0.73,3,0,0
0.83,0.86,-0.49,-0.89,-2.63,-0.1,-0.49,-0.01,3,0,0
-0.88,1.53,-0.18,1.41,-0.49,-2.06,0.3,-0.54,3,0,0
2.18,-0.03,-0.25,0.58,-0.72,-2.4,-0.45,0.27,3,0,0
1.61,-1.08,1.49,-0.47,-3.65,3.38,2.65,2.07,3,0,0
-1.87,3.17,-0.48,-1.41,-2.91,-1.7,-0.19,-0.07,3,0,0
-3.0,0.57,-0.38,-2.92,-1.65,3.64,0.41,0.36,3,0,0
0.08,-0.35,-1.02,1.07,-2.0,-0.48,2.19,0.73,3,0,0
0.69,0.15,0.71,-2.0,-3.37,0.91,4.5,3.23,3,0,0
2.27,-3.01,-0.84,0.28,-0.01,0.55,1.29,1.31,3,0,0
2.12,-1.09,-0.83,-2.37,0.81,-0.89,-0.59,1.13,3,0,0
-0.74,1.05,-0.31,-2.12,0.82,-0.12,-0.92,-0.58,3,0,0
2.23,-1.37,0.11,-0.97,1.41,0.14,-1.32,0.21,3,0,0
0.58,0.16,-0.1,1.15,-1.18,0.24,-1.09,-0.84,3,0,0
-0.69,-0.29,0.74,0.09,-1.92,3.23,1.08,0.28,3,0,0
-0.56,0.04,-0.55,-1.53,-1.15,0.94,0.71,0.65,3,0,0
-0.46,-1.61,-1.41,0.41,4.61,-0.74,0.23,-0.66,3,0,0
-0.05,-1.86,1.71,3.72,2.86,3.23,-0.04,-1.66,3,0,0
-0.85,1.03,0.73,-0.64,0.45,-0.26,-0.82,-0.17,3,0,0
-0.29,1.85,-1.7,-5.06,1.98,-3.02,-3.24,-0.28,3,0,0
-0.76,-1.02,-0.27,0.42,3.26,0.72,-1.2,-1.22,3,0,0
-1.58,1.39,1.0,1.06,-1.96,-0.05,1.69,0.47,3,0,0
-0.86,1.24,-0.57,-1.23,-1.42,0.12,-0.42,-0.27,3,0,0
-2.22,1.99,-0.26,-0.98,-3.86,2.81,-0.45,-1.02,3,0,0
1.79,-2.04,0.3,1.17,2.68,0.2,0.82,0.19,3,0,0
0.02,1.69,0.77,-0.93,-3.07,-0.64,1.94,1.37,3,0,0
-0.09,-2.46,-0.96,-0.03,-0.42,3.31,-0.33,-0.14,3,0,0
2.17,-1.53,-1.12,-1.98,0.86,-1.76,1.13,1.94,3,0,0
0.84,0.57,1.2,3.11,-1.2,-2.74,1.75,0.7,3,0,0
-0.47,-0.33,1.73,2.97,-3.81,3.6,1.28,-0.14,3,0,0
-1.66,0.97,-0.16,0.12,0.71,-1.78,1.56,0.17,3,0,0
1.95,-1.18,1.23,0.35,-1.91,1.46,1.05,1.43,3,0,0
0.95,-1.61,-1.41,-2.1,2.26,0.07,-0.57,0.16,3,0,0
-1.95,-0.72,0.86,2.27,0.33,4.71,-0.7,-2.18,3,0,0
2.11,-1.91,-1.12,-1.35,-0.74,0.06,0.72,1.53,3,0,0
-3.18,1.05,2.4,4.06,-1.58,3.53,2.52,-1.05,3,0,0
3.9,0.2,-1.58,-3.43,-0.04,-3.59,-3.1,0.41,3,0,0
1.34,-0.94,1.23,1.09,0.36,1.41,-0.5,-0.26,3,0,0
-2.97,2.45,1.74,3.15,1.14,1.12,-1.97,-3.16,3,0,0
2.79,-2.16,-0.58,0.55,1.09,-1.38,-0.44,0.59,3,0,0
1.36,0.42,0.18,0.05,-1.68,-0.78,-1.61,-0.14,3,0,0
-0.06,-3.36,-0.19,3.33,3.35,2.74,0.44,-1.27,3,0,0
-0.34,0.3,0.52,3.43,1.93,-0.39,-4.12,-3.23,3,0,0
1.59,-0.57,-0.37,-0.73,1.1,-1.8,0.11,0.58,3,0,0
-0.95,0.2,-0.78,-0.11,-0.61,-1.2,1.53,0.77,3,0,0
-0.19,-1.4,-1.68,-0.03,1.46,0.5,-0.22,-0.63,3,0,0
1.28,-2.02,0.53,0.02,2.06,1.47,0.64,0.59,3,0,0
3.21,-0.33,-0.27,-1.2,-2.85,-3.38,3.45,3.63,3,0,0
1.3,-1.24,-0.23,-0.12,1.89,-0.89,-0.51,0.23,3,0,0
0.03,1.84,1.48,0.98,-1.92,-0.8,1.09,0.08,3,1,1
-1.02,1.67,-1.95,-2.61,0.74,-1.73,-1.22,-1.05,3,0,0
-1.83,0.49,0.64,1.63,-1.19,1.62,0.54,-0.52,3,0,0
1.83,-2.23,-0.56,0.13,0.26,1.45,-0.59,0.13,3,0,0
0.24,-0.89,-0.26,-0.34,-0.08,-0.3,1.82,1.41,3,0,0
0.05,0.15,0.45,1.13,0.66,0.13,-0.84,-1.05,3,0,0
0.78,1.22,0.61,-1.57,-3.59,-0.98,2.34,2.25,3,0,0
-0.07,1.8,1.34,2.64,-2.78,-0.61,1.08,-0.63,3,0,0
2.33,-1.09,-1.64,-3.52,-0.32,-0.43,-2.39,0.77,3,0,0
0.69,1.58,1.07,-0.05,-0.88,-1.98,0.07,0.58,3,0,0
0.31,0.43,-0.51,-1.14,-2.65,-1.01,2.24,2.03,3,0,0
1.49,-0.67,0.5,0.16,-0.33,-0.27,1.01,1.04,3,0,0
-1.82,0.85,0.53,1.77,-1.3,0.53,1.16,-0.28,3,0,0
1.13,-0.79,-0.19,-2.7,-0.52,-0.51,0.45,2.24,3,0,0
-0.58,-0.11,1.07,2.86,1.8,-0.72,0.22,-0.86,3,0,0
0.19,-1.08,-0.44,-2.93,0.36,1.4,-0.13,1.33,3,0,0
-2.41,0.24,0.11,-0.69,-1.07,3.07,0.69,-0.04,3,0,0
2.23,-1.56,-0.48,-1.67,0.36,-0.3,-0.28,1.24,3,0,0
0.9,-0.01,-0.17,-2.41,-0.03,-2.08,1.35,2.38,3,1,1
-1.59,0.66,1.21,2.19,-0.25,1.64,0.78,-0.91,3,0,0
2.77,-3.14,0.07,2.3,2.7,0.1,0.42,0.06,3,0,0
1.77,-1.56,-1.3,-2.33,2.56,0.45,-2.5,-0.7,3,0,0
0.43,-1.07,-1.14,-1.2,3.44,-0.56,-1.38,-0.65,3,0,0
-1.67,2.23,1.28,0.59,-4.7,2.13,1.85,0.14,3,0,0
-0.58,2.26,0.35,-1.36,-3.28,-0.96,0.81,0.84,3,0,0
-1.74,1.56,2.05,0.09,-2.83,1.73,3.9,1.53,3,0,0
0.12,1.59,-0.07,-0.6,-1.05,-1.27,-1.25,-0.6,3,0,0
-1.74,1.37,0.28,1.03,1.39,0.28,-2.01,-2.32,3,0,0
-1.84,2.7,-0.51,-3.02,-1.66,-0.27,-1.76,-0.43,3,0,0
0.71,0.06,-1.04,-0.46,1.65,-3.32,-1.4,0.05,3,0,0
0.73,1.07,0.42,-1.19,-1.31,-0.68,-1.49,0.1,3,0,0
3.05,-2.0,-1.17,-0.99,-0.86,-0.13,0.09,1.11,3,0,0
0.1,0.52,-0.3,0.75,1.19,-2.1,-0.4,-0.45,3,1,1
2.04,-2.45,-0.3,0.1,-0.37,2.39,0.41,0.33,3,0,0
-2.8,3.12,1.57,2.37,-3.97,0.01,1.93,-0.23,3,0,0
0.04,-0.65,0.17,2.99,2.7,-1.4,-0.56,-1.46,3,0,0
-0.81,-0.35,-0.8,0.49,0.92,-0.01,-1.5,-1.08,3,0,0
-1.94,1.87,1.13,1.57,-2.08,1.43,-0.75,-1.32,3,0,0
0.59,-0.47,0.37,1.36,0.96,-1.72,1.12,0.52,3,0,0
0.33,1.48,-0.54,-1.6,-2.88,-1.88,0.04,1.08,3,0,0
-1.53,1.47,1.63,3.87,0.15,-1.24,-0.15,-1.44,3,0,0
-1.3,0.14,-0.8,-0.39,0.4,0.27,-0.03,-0.31,3,0,0
-0.78,1.56,0.68,1.17,-1.19,0.4,-2.03,-1.64,3,0,0
0.78,-1.48,-1.29,-2.34,1.74,0.72,-1.36,0.12,3,0,0
0.47,0.34,0.09,0.18,-1.04,-0.49,0.13,-0.01,3,0,0
-1.98,0.1,0.53,2.83,-0.27,1.0,1.01,-0.46,3,0,0
0.59,0.32,-0.83,0.45,-0.91,-0.05,0.49,-0.24,4,0,0
2.12,2.6,0.8,1.92,-1.34,-2.27,-1.84,-1.74,4,0,0
1.94,0.56,-0.92,0.81,-0.81,1.27,-0.34,-0.74,4,0,0
-1.0,3.56,1.15,-1.73,2.23,-3.39,0.33,-0.01,4,0,0
-0.58,-0.83,-1.05,0.86,-2.22,-0.85,-0.22,-0.98,4,0,0
0.66,-0.81,0.55,0.02,-0.83,0.66,-2.8,-0.22,4,0,0
3.06,-1.53,2.34,3.03,-1.5,2.3,-0.28,0.03,4,0,0
-0.36,-3.53,-1.15,-0.04,-1.55,3.39,-1.72,-0.85,4,0,0
0.84,-2.16,0.36,-1.45,1.81,1.84,-0.44,1.47,4,0,0
-1.39,-0.08,-0.26,-2.35,2.44,-0.7,2.29,1.32,4,0,0
-0.8,1.41,0.35,-0.73,0.28,-1.07,-0.78,-0.66,4,0,0
1.36,-0.4,0.14,1.94,-2.03,2.42,-0.05,-0.94,4,0,0
-2.11,-2.44,-0.04,-1.92,0.74,3.39,0.18,-0.05,4,0,0
-0.06,2.68,0.31,-0.44,0.36,-1.49,0.5,-0.11,4,0,0
-1.3,1.25,-0.6,-1.02,0.5,-1.64,1.76,0.34,4,0,0
0.65,-2.38,-1.44,-0.6,-0.34,1.36,-0.52,0.61,4,0,0
-0.0,-2.5,0.64,-1.03,1.54,-2.44,0.3,1.57,4,0,0
-2.92,-5.49,0.92,-2.85,1.38,2.28,-0.39,2.63,4,0,0
-0.72,-0.66,-1.36,-0.16,-0.68,-0.02,0.76,-0.96,4,0,0
2.74,2.07,-0.48,3.44,-2.22,-0.51,2.34,-1.62,4,0,0
0.1,-2.95,1.17,-1.39,2.11,1.95,0.32,0.84,4,0,0
0.5,1.1,-0.01,-0.39,0.47,-1.04,-0.13,0.16,4,0,0
-0.14,0.4,-0.19,-2.49,2.87,-0.84,1.13,1.85,4,0,0
0.1,0.45,-0.71,-1.04,0.19,0.18,-0.62,0.16,4,0,0
-0.5,1.14,0.16,-0.02,0.29,-0.58,1.5,-0.65,4,0,0
2.28,-1.13,-1.17,1.84,-1.96,2.18,0.13,-1.0,4,0,0
-0.16,0.39,0.02,-0.06,-0.31,0.8,-0.11,-0.66,4,0,0
0.34,-0.23,0.52,-1.02,1.45,0.57,-0.15,0.21,4,0,0
-1.8,-5.01,0.62,-3.44,1.28,4.51,-4.0,1.61,4,0,0
-0.41,0.5,0.27,-0.27,0.66,-1.69,2.26,0.7,4,0,0
-0.19,-0.9,1.92,1.02,-1.2,-0.26,-1.01,-0.34,4,0,0
1.4,0.99,1.33,-0.64,1.78,-0.16,-0.63,0.51,4,0,0
0.53,0.82,0.26,2.21,-2.69,-1.65,-0.7,-1.64,4,0,0
1.65,2.83,0.22,1.46,-0.64,0.17,1.27,-0.76,4,0,0
-0.25,1.85,-1.25,1.21,-2.2,-2.42,0.66,-1.47,4,0,0
0.73,1.27,0.35,0.93,-1.1,-0.58,-1.5,-1.38,4,0,0
1.66,0.87,-1.53,-0.24,0.04,0.87,-0.93,-0.66,4,0,0
-0.87,1.93,1.93,-1.74,2.07,-3.86,-0.84,1.13,4,0,0
-3.97,-3.2,-0.02,-5.64,3.8,1.24,-0.18,2.9,4,0,0
-0.2,1.01,0.88,0.19,0.18,-1.39,0.82,-0.05,4,0,0
0.67,3.18,0.38,1.72,-1.6,-2.05,0.15,-1.45,4,0,0
1.58,0.83,1.43,1.88,-0.88,-0.58,0.81,-0.23,4,0,0
-1.76,0.67,0.13,-2.29,1.33,0.7,-0.69,-0.08,4,0,0
-0.49,-2.66,-0.95,-0.57,-0.49,3.13,-0.69,-0.59,4,0,0
-2.28,2.29,0.9,-0.6,0.23,-4.32,0.35,-1.1,4,0,0
3.24,2.11,0.14,4.0,-2.71,-1.24,0.59,-2.24,4,0,0
0.03,0.55,0.37,0.17,-0.55,-1.53,-0.59,-0.04,4,0,0
-2.69,-0.23,-0.35,-1.8,-0.35,-1.13,-1.5,-0.36,4,0,0
-3.06,-1.18,-0.29,-4.08,2.04,0.67,-1.35,1.41,4,0,0
-0.21,-0.45,0.01,-0.31,-0.73,0.09,-1.45,-0.14,4,0,0
-1.22,-0.74,-0.39,-0.81,-0.08,-0.48,0.01,-0.08,4,0,0
3.39,2.47,0.64,3.06,-0.79,-0.11,1.77,-1.6,4,0,0
0.3,-2.86,-1.23,-0.28,-0.63,2.39,-0.27,0.13,4,0,0
-0.03,-2.17,-1.7,-0.66,-0.73,3.09,-0.82,-0.04,4,0,0
-0.87,-0.52,-0.18,-0.77,-0.36,0.85,-0.31,0.21,4,0,0
0.27,-1.98,-2.47,-2.14,1.67,2.09,1.03,0.28,4,0,0
3.03,2.28,0.6,1.38,0.62,-0.71,1.17,-0.47,4,0,0
0.04,-0.88,-0.8,0.6,-1.02,-0.21,0.36,-1.0,4,0,0
-1.02,-3.88,0.5,-3.04,2.19,2.26,-1.38,2.32,4,0,0
-0.6,0.87,0.06,-1.81,2.05,0.16,1.02,0.25,4,0,0
0.18,1.9,0.19,0.6,-0.73,-0.67,-0.21,-1.51,4,0,0
-1.55,-3.14,1.14,-0.84,0.58,0.59,0.26,0.53,4,0,0
0.37,3.22,-0.56,1.53,-1.1,-4.62,1.43,-1.64,4,0,0
-1.21,-0.62,0.22,-2.61,1.81,0.05,-0.03,2.09,4,0,0
-1.98,-1.2,0.46,-2.49,0.61,-0.55,-2.64,0.94,4,0,0
-1.05,-0.7,-0.07,-2.74,1.46,-1.13,-1.43,1.66,4,0,0
-0.0,-2.4,0.16,-0.4,-0.26,2.75,-1.38,-0.34,4,0,0
-0.03,0.69,-0.37,-0.11,-0.2,-1.49,-0.1,-0.51,4,0,0
0.68,-0.06,-0.29,-0.5,1.24,-0.21,0.91,-0.2,4,0,0
-2.14,-1.09,1.99,-1.43,0.56,-0.58,-1.14,0.98,4,0,0
-0.22,-1.08,-0.79,0.18,-1.29,1.14,-0.18,-0.52,4,0,0
0.92,-0.4,-0.13,1.03,-0.27,-1.3,2.38,0.34,4,0,0
-0.41,-0.65,0.68,-0.13,-0.58,2.04,-1.24,-0.74,4,0,0
2.31,4.58,0.44,3.6,-3.59,-1.94,-1.17,-2.59,4,0,0
-1.27,-0.15,0.83,-2.0,1.65,-1.08,-0.43,1.04,4,0,0
-0.18,-0.5,1.78,-1.39,1.42,-0.21,-2.0,0.6,4,0,0
0.86,1.44,0.74,0.52,0.89,-0.64,2.1,-0.17,4,0,0
0.76,-1.35,0.23,0.23,-0.14,0.43,0.16,0.6,4,0,0
1.23,0.82,2.01,1.19,-0.66,0.43,-1.16,-0.16,4,0,0
0.48,-2.84,-1.65,-1.03,0.5,3.96,-0.34,-0.21,4,0,0
0.28,-1.97,0.52,0.68,0.01,0.48,2.23,0.61,4,0,0
1.56,1.71,-1.03,1.64,-1.48,-1.16,0.08,-1.75,4,0,0
0.98,1.95,-0.07,0.91,-0.3,-1.97,0.55,-1.04,4,0,0
-3.33,-2.61,0.38,-4.04,2.67,1.56,-0.42,1.46,4,0,0
-0.77,1.08,0.56,0.04,-1.13,-2.48,-1.41,-0.25,4,0,0
0.95,-1.97,-0.28,0.52,-0.45,1.08,-0.17,-0.34,4,0,0
1.35,1.35,-0.15,3.18,-3.49,-1.96,0.22,-1.48,4,0,0
-1.02,0.37,-0.4,-1.74,1.2,-1.38,0.96,1.12,4,0,0
2.36,-0.53,0.46,2.9,-2.93,1.73,-1.61,-1.4,4,0,0
1.02,-0.09,0.73,1.15,-1.05,0.73,-0.48,-0.77,4,0,0
1.12,0.26,-0.47,1.4,-1.17,0.98,0.4,-1.56,4,0,0
-1.84,-0.8,-0.28,-2.37,0.51,0.01,-1.08,1.51,4,0,0
0.07,0.96,-0.2,-0.65,1.08,0.22,0.37,-1.25,4,0,0
1.12,1.38,1.28,2.4,-1.77,-1.32,-0.06,-1.27,4,0,0
-0.73,-2.79,1.17,-1.15,1.06,0.95,0.11,1.46,4,0,0
-1.34,-0.93,1.3,-1.94,1.45,0.6,-0.46,0.93,4,0,0
-0.32,0.63,0.57,0.39,-0.03,-1.67,1.41,-0.1,4,0,0
-0.13,-0.52,0.02,-0.05,0.16,0.21,1.73,0.09,4,0,0
-0.9,0.38,1.0,-0.85,0.92,-0.18,0.58,0.09,4,0,0
-1.23,-2.9,-2.29,-2.65,1.19,2.42,0.4,0.72,4,0,0
-1.19,0.56,1.73,0.53,-1.18,-0.49,-1.5,-0.74,4,1,1
0.11,1.02,1.67,1.84,-1.99,-2.13,-1.2,-1.15,4,0,0
-0.21,-1.47,-0.06,-1.36,0.42,1.58,-1.11,0.92,4,0,0
3.97,0.3,0.62,4.25,-2.96,0.54,0.11,-1.25,4,0,0
-1.12,1.91,0.19,-2.35,2.0,-0.78,0.08,0.79,4,0,0
2.33,-1.05,0.82,1.22,0.63,1.54,1.38,0.09,4,0,0
-0.69,0.93,0.91,-1.3,1.23,0.08,-0.01,0.75,4,0,0
0.36,1.82,1.76,0.53,0.35,-1.55,0.48,-0.16,4,0,0
-3.25,-0.75,0.19,-1.59,-0.81,-0.99,-1.74,-0.16,4,0,0
-0.91,2.04,-1.73,0.23,-1.93,-0.18,0.23,-1.46,4,0,0
0.8,1.65,0.84,1.26,-0.73,-1.62,0.06,-0.85,4,0,0
0.74,0.45,0.99,1.8,-1.14,-0.63,1.48,-0.27,4,0,0
-0.26,-2.29,-0.57,0.43,-1.7,2.45,-1.51,-1.27,4,0,0
2.11,-0.05,0.58,2.91,-1.76,0.22,1.68,-0.7,4,0,0
-2.59,-4.11,0.72,-3.6,1.92,3.24,-2.52,1.29,4,0,0
0.63,-3.15,0.26,0.21,-0.77,3.16,-0.91,0.63,4,0,0
1.86,3.17,0.46,1.26,0.18,-1.65,1.45,-0.75,4,0,0
-2.39,-1.85,1.17,-3.02,1.96,1.18,-0.4,2.13,4,0,0
1.43,0.17,-0.91,0.88,-0.7,0.55,0.57,-0.84,4,0,0
-0.91,0.26,0.18,-1.52,0.25,-0.98,-1.96,0.35,4,0,0
-0.5,0.26,0.81,-1.9,1.65,0.62,-0.82,0.85,4,0,0
-0.67,-0.91,0.65,-0.02,-0.5,-0.19,-0.07,0.27,4,0,0
-1.38,-0.5,0.41,-1.16,-0.03,-0.03,-0.78,0.67,4,1,1
-1.91,-0.23,0.07,-2.52,1.28,-0.38,-0.17,1.36,4,0,0
0.0,-0.4,-0.83,-0.52,-0.37,2.19,-1.29,-0.7,4,0,0
0.37,-1.89,-1.48,0.55,-1.29,0.51,0.24,-0.57,4,0,0
1.09,-0.3,0.63,0.03,0.94,0.78,1.63,0.75,4,0,0
1.53,-1.51,0.71,1.84,-1.15,1.56,0.82,-0.38,4,0,0
-0.78,-2.16,0.63,-0.27,-0.8,0.31,-0.93,0.88,4,0,0
1.2,1.17,1.59,1.4,-0.76,0.5,-0.25,-0.39,4,0,0
-1.05,0.63,0.72,0.52,-1.7,-1.61,-0.95,-0.37,4,0,0
-1.61,-1.16,0.02,-2.6,0.83,2.7,-2.76,0.13,4,0,0
-0.09,-0.09,0.13,-0.83,1.01,0.24,0.19,-0.06,4,0,0
0.64,-1.35,1.17,-0.63,1.36,0.72,0.37,0.99,4,0,0
-0.91,-2.65,-0.53,-1.9,1.13,2.47,-0.58,0.16,4,0,0
0.27,-1.29,0.39,-0.76,0.14,2.44,-1.62,0.4,4,0,0
0.81,-0.52,-1.37,-0.53,0.14,2.06,0.14,0.02,4,0,0
-0.56,1.34,1.85,-0.39,0.13,-0.88,-0.61,0.81,4,0,0
0.9,-1.7,-0.79,-0.82,0.88,1.43,0.34,0.7,4,0,0
1.19,-1.95,0.01,0.23,-0.56,1.94,-1.46,-0.02,4,0,0
0.91,3.9,0.13,-0.53,1.05,-1.97,0.03,-0.08,4,1,1
-0.97,1.16,-1.13,-1.45,0.67,0.15,0.24,-0.68,4,0,0
2.33,3.41,0.62,3.28,-1.51,-0.46,2.45,-1.86,4,0,0
1.97,3.52,0.34,3.43,-2.13,-3.04,0.94,-2.73,4,0,0
-0.35,-0.47,0.78,-1.09,1.42,-0.44,0.87,0.75,4,0,0
2.2,2.13,-0.92,1.8,-0.79,-1.0,1.67,-1.4,4,0,0
-2.09,-1.86,-0.15,-2.09,0.68,-0.19,0.01,1.43,4,0,0
-0.75,-0.56,1.53,-0.78,0.65,0.57,-0.18,0.65,4,0,0
-0.81,0.93,1.22,-1.5,1.93,-2.16,1.09,1.19,4,0,0
2.0,-1.13,2.06,1.99,-0.74,0.3,0.31,0.35,4,0,0
1.64,2.2,1.69,0.65,0.8,-2.09,0.45,0.41,4,0,0
-1.65,-0.06,-0.73,-0.46,-1.37,-1.49,-1.17,-0.64,4,0,0
-1.25,-0.92,0.1,-1.38,0.26,-0.75,-0.73,0.8,4,0,0
-0.72,-0.61,-0.46,-0.88,-0.24,0.14,-0.95,-0.24,4,0,0
0.98,0.3,0.44,-1.68,2.4,-0.51,0.05,1.81,4,0,0
-0.54,-0.34,1.29,0.43,-1.32,-0.96,-2.44,-0.7,4,0,0
-0.72,-4.83,0.84,-1.69,0.64,3.46,-1.59,1.69,4,0,0
-0.59,4.25,0.89,0.72,-0.7,-3.78,0.24,-1.36,4,0,0
-1.35,0.82,0.29,-2.17,1.24,-1.3,-1.23,0.37,4,0,0
-2.26,-0.95,0.95,-0.41,-1.15,-2.62,-1.03,0.4,4,0,0
1.26,1.55,1.53,0.12,0.54,-0.96,-1.19,0.25,4,0,0
-0.49,-0.73,-0.21,-1.75,2.0,-1.64,1.5,1.33,4,0,0
0.62,0.31,0.53,0.67,-0.67,-1.63,-0.62,-0.27,4,1,1
0.62,1.28,-1.19,1.19,-1.41,-1.22,0.46,-1.29,4,0,0
0.1,1.84,0.56,-0.32,0.55,-0.91,0.08,-0.41,4,0,0
-2.11,0.56,0.37,-2.0,0.95,-1.35,-0.15,0.53,4,0,0
-1.43,-1.94,1.35,-1.18,0.75,1.2,-0.22,1.02,4,1,1
-1.07,-3.23,-0.92,-2.54,1.15,2.3,-0.94,1.28,4,0,0
-1.31,-1.11,-0.36,-1.46,1.14,-0.41,1.24,0.63,4,0,0
-3.38,-2.83,-0.07,-4.48,2.37,-1.03,-1.8,1.99,4,0,0
0.59,0.94,0.26,1.96,-2.08,-0.89,0.37,-0.98,4,0,0
3.29,1.81,0.43,2.19,-0.38,0.12,0.92,-1.1,4,0,0
1.08,3.71,0.4,2.35,-2.4,-1.63,-0.87,-2.26,4,0,0
1.68,-2.94,0.88,2.52,-2.69,1.93,-1.28,-0.39,4,0,0
-0.95,-0.64,0.01,-1.84,1.21,0.33,-0.29,0.61,4,0,0
0.83,0.17,0.47,1.18,-0.8,-0.05,0.34,-0.57,4,0,0
-1.07,0.17,1.31,-1.87,0.82,-2.09,-3.13,0.85,4,0,0
-2.18,-2.09,0.52,-1.92,0.53,2.43,-0.94,0.51,4,0,0
1.84,2.32,0.88,0.43,0.16,-1.25,-0.84,0.42,4,0,0
0.18,0.37,0.97,-0.94,1.61,1.06,0.98,0.68,4,0,0
-1.35,-1.96,1.59,-1.01,-0.66,0.81,-3.61,0.51,4,0,0
-0.07,-2.53,-0.67,0.47,-2.0,3.0,-1.66,-1.21,4,0,0
-1.47,-3.41,0.19,-2.58,0.75,1.04,-2.46,1.78,4,0,0
1.36,1.2,-0.16,1.74,-0.76,-0.33,1.98,-1.27,4,0,0
2.35,0.49,-0.43,1.35,0.48,1.88,3.3,-0.33,4,0,0
-2.34,1.75,0.19,-0.67,0.47,-2.46,1.97,-0.62,4,0,0
-3.38,-0.68,0.52,-4.56,3.05,-1.71,-1.96,0.93,4,0,0
-0.35,2.81,0.88,0.19,-0.18,-3.7,-0.24,-0.37,4,0,0
1.34,0.68,-0.78,0.67,-0.7,0.17,-0.32,-0.78,4,0,0
0.15,-0.54,1.06,1.11,-1.71,-0.08,-1.37,-0.6,4,0,0
-1.04,-0.15,0.34,-1.1,0.48,0.04,-0.05,0.46,4,0,0
0.42,0.01,-0.56,-1.29,1.23,1.12,0.12,0.43,4,0,0
-1.48,0.39,1.18,-2.12,1.42,-1.52,-1.56,0.94,4,0,0
0.23,0.8,0.89,0.23,-0.42,-1.73,-0.88,0.09,4,0,0
2.47,2.6,-0.12,2.07,-0.65,0.36,1.11,-1.76,4,0,0
3.26,5.2,1.75,3.8,-1.96,-1.32,0.72,-2.02,4,0,0
1.0,1.75,-0.01,0.64,-0.27,-0.6,0.08,-0.82,4,0,0
0.39,0.08,-1.21,0.94,-0.99,0.82,1.34,-1.52,4,0,0
1.66,-0.24,-0.51,0.78,0.25,0.47,1.1,-0.64,4,0,0
4.85,-1.33,-1.06,3.15,-2.17,3.12,0.37,-0.56,4,0,0
0.27,-0.53,0.26,0.39,-0.53,1.35,0.14,-0.21,4,0,0
4.5,3.4,0.73,3.52,-0.57,-1.18,2.54,-1.23,4,0,0
-2.13,-2.17,-1.05,-2.71,1.34,-0.21,0.57,1.47,4,0,0
0.6,0.24,-0.31,-0.29,0.27,-0.81,0.27,0.49,4,0,0
-1.14,-0.49,-1.51,-1.27,0.6,0.17,0.26,-1.31,4,0,0
-1.47,1.63,-1.0,-0.86,-0.51,-3.27,0.43,-0.04,4,0,0
1.72,-1.6,-1.78,-0.69,1.25,3.63,2.16,0.47,4,0,0
1.8,-0.16,0.48,1.87,-1.39,0.86,0.11,-0.4,4,0,0
-3.19,-1.06,0.84,-3.52,1.91,0.24,-0.68,1.98,4,0,0
-1.08,-1.6,-0.6,-0.58,-0.42,2.37,0.52,-0.37,4,0,0
1.22,2.17,1.1,2.2,-1.4,-2.24,0.56,-1.03,4,0,0
-1.6,-1.85,-0.63,-3.45,2.86,1.1,1.98,2.66,4,0,0
0.29,-0.64,-0.24,0.61,-0.84,1.31,0.06,-0.62,4,0,0
1.26,3.39,0.37,2.05,-1.14,-3.74,1.53,-1.44,4,0,0
2.71,1.58,-0.17,2.44,-1.51,-0.29,0.34,-1.42,4,0,0
2.59,-0.04,-0.62,1.79,-1.28,-0.45,0.45,-0.13,4,0,0
2.09,2.68,1.47,0.42,1.35,0.22,0.64,0.08,4,0,0
-0.11,-0.34,0.95,-0.57,-0.05,1.85,-0.5,0.64,4,0,0
-2.23,-3.04,-0.14,-2.43,0.79,-0.26,-1.48,0.85,4,0,0
0.21,0.79,-0.41,-1.77,2.14,-1.3,0.93,0.88,4,1,1
-1.14,-1.25,-0.64,-0.36,-1.2,0.48,-0.97,-0.48,4,0,0
-2.68,-3.29,-0.74,-2.73,0.41,0.79,-1.15,1.19,4,0,0
-1.94,-0.41,-0.32,-1.86,0.32,-0.04,-1.04,0.25,4,0,0
0.84,0.44,1.46,-0.53,0.9,-0.06,-1.44,0.4,4,0,0
-0.17,1.45,-0.07,-1.47,1.56,-1.15,0.29,0.07,4,0,0
2.5,1.29,-1.51,2.78,-2.64,0.55,0.11,-2.29,4,0,0
-1.5,-1.91,1.61,-2.39,1.5,0.89,-0.55,2.66,4,0,0
-0.38,-0.95,-0.35,-0.02,-0.92,0.36,-1.06,-0.8,4,0,0
-1.62,-1.81,-0.13,-1.78,0.87,0.69,-0.05,0.58,4,0,0
-2.93,-2.02,-0.07,-2.98,0.71,0.25,-2.64,0.23,4,0,0
-0.03,-1.19,-1.28,-0.45,-0.68,1.43,-1.05,-0.67,4,0,0
-0.48,-4.23,0.67,-2.82,2.59,3.85,-0.93,2.06,4,0,0
-1.14,-0.96,-0.39,-1.58,1.38,0.12,0.98,0.05,4,0,0
-0.23,1.0,0.23,-1.15,1.63,0.08,0.94,-0.11,4,0,0
1.5,-1.56,-0.05,1.1,-1.42,3.28,-1.0,-0.55,4,0,0
-1.45,1.78,-0.26,-2.57,2.52,-3.15,0.91,0.54,4,0,0
1.34,1.02,1.56,0.74,-0.43,0.09,-0.73,0.38,4,0,0
-2.13,1.78,0.8,-0.62,0.1,-2.47,0.98,-0.38,4,0,0
0.56,-2.66,-0.44,-2.04,1.91,2.87,-0.62,0.98,4,0,0
-3.58,-2.14,0.03,-4.95,3.09,-1.08,-0.71,2.64,4,0,0
-2.91,-1.92,0.3,-4.43,3.16,-0.12,-0.38,2.41,4,0,0
-0.12,0.34,1.22,0.03,0.09,-1.58,-0.81,-0.09,4,0,0
0.86,-0.22,0.1,0.56,-0.47,2.13,0.49,-0.32,4,0,0
0.65,2.43,-0.75,2.17,-1.79,-3.23,2.07,-1.83,4,0,0
-2.43,-1.13,0.52,-2.07,0.4,1.27,-1.4,0.29,4,0,0
-1.22,-1.64,1.32,-0.2,-0.82,2.55,-1.01,0.14,4,0,0
-3.08,1.51,-0.33,-2.47,0.74,-1.41,-0.33,-0.06,4,0,0
-0.62,-0.53,-0.29,1.49,-3.28,0.67,-1.6,-1.51,4,0,0
-1.33,1.29,1.19,-1.47,0.99,-1.8,-1.05,0.2,4,0,0
1.62,-0.27,-0.3,2.87,-3.2,0.99,-0.85,-2.23,4,0,0
-0.61,-1.77,0.65,-3.42,3.62,2.02,0.22,2.37,4,0,0
1.45,2.42,1.35,3.18,-3.09,-3.34,-1.21,-1.16,4,0,0
-4.62,-2.7,-1.65,-5.29,2.01,1.57,-0.9,1.64,4,0,0
-1.96,0.82,-0.61,-1.49,-0.34,-3.76,-1.54,-0.18,4,0,0
-0.31,-1.78,2.09,-1.39,1.05,-1.2,-2.43,1.88,4,0,0
2.95,2.55,0.91,3.56,-2.2,-1.42,0.26,-1.57,4,0,0
-2.17,-1.4,1.59,-1.77,1.09,-0.86,-0.6,1.06,4,0,0
1.04,1.24,1.7,1.02,-0.1,-0.69,0.52,0.28,4,0,0
-0.35,0.29,-0.26,0.24,-0.21,-1.81,0.9,-0.72,4,0,0
0.82,2.57,1.34,1.64,-1.21,-1.46,-0.01,-0.98,4,0,0
1.86,-1.62,-0.82,2.35,-1.86,3.15,1.77,-1.31,4,0,0
-1.72,-1.0,0.48,-1.37,0.31,-0.15,-1.12,-0.39,4,0,0
2.81,1.81,0.52,1.23,-0.14,0.73,0.43,0.23,4,0,0
1.72,0.03,-0.63,1.72,-1.65,0.71,-0.25,-1.0,4,0,0
-0.61,0.0,0.99,-1.35,1.48,-0.99,-0.32,0.29,4,0,0
-1.36,-2.02,1.24,-0.87,0.16,1.35,-0.6,0.26,4,0,0
0.55,3.69,-0.43,0.29,-0.17,-2.3,0.7,-1.06,4,0,0
-3.36,-2.55,0.28,-4.01,1.73,1.04,-1.98,1.57,4,0,0
-1.11,1.28,-0.77,-0.22,-0.94,-0.67,-0.98,-1.78,4,0,0
-1.85,-1.54,-0.11,-3.48,2.29,0.44,-0.94,1.39,4,0,0
-1.83,-2.26,-0.0,-0.76,-0.63,0.14,0.34,0.85,4,0,0
0.81,3.42,-0.1,0.31,-0.92,-2.93,-0.64,-0.0,4,0,0
0.96,2.6,-0.21,1.47,-1.31,-0.52,-0.09,-2.18,4,0,0
-1.2,-2.54,-0.45,-1.65,0.99,0.79,0.06,0.51,4,0,0
3.12,0.22,-0.63,2.81,-1.77,2.47,0.34,-2.18,4,0,0
0.63,0.36,-0.97,-1.46,1.59,1.25,0.81,0.43,4,0,0
1.73,0.97,-2.52,2.03,-2.19,-1.19,2.05,-1.3,4,0,0
-1.36,4.82,0.28,-0.7,0.34,-4.5,-0.18,-1.5,4,0,0
-0.14,-0.78,-1.02,0.23,-1.54,0.47,-1.37,-1.21,4,0,0
-1.07,-0.67,1.24,0.21,-0.35,-1.51,0.33,0.0,4,0,0
0.87,0.85,0.49,1.84,-0.99,-3.02,1.02,-1.43,4,0,0
1.28,0.54,2.22,2.77,-1.84,-1.4,0.66,-0.38,4,0,0
0.05,1.57,-0.24,-1.11,1.53,-0.65,0.68,-0.39,4,0,0
1.82,3.66,-1.36,1.75,-1.77,-2.3,0.22,-1.74,4,0,0
1.92,-0.11,1.48,0.98,-0.57,1.71,-1.57,0.07,4,0,0
-0.28,-0.77,1.2,-0.21,-0.24,0.09,-1.71,-0.13,4,0,0
-2.37,2.23,0.8,-1.74,0.39,-3.02,-1.58,-0.57,4,0,0
-2.38,-2.24,-0.42,-3.76,3.07,1.07,1.5,2.37,4,0,0
-1.83,-0.0,0.86,-2.3,2.16,-0.31,1.11,1.17,4,1,1
1.47,1.95,0.26,1.67,-1.6,-2.68,-1.27,-1.12,4,0,0
-2.7,-3.81,-1.22,-1.52,-1.21,3.26,-1.57,-0.33,4,1,1
1.0,-1.42,1.17,0.19,0.04,1.22,-0.96,0.65,4,0,0
0.3,-0.6,-0.37,1.45,-2.41,0.49,-1.38,-1.84,4,0,0
-1.8,-2.08,0.15,-2.68,1.67,0.56,-1.8,0.18,4,0,0
-0.85,0.85,0.83,-1.0,0.46,-0.5,-1.15,-0.08,4,0,0
1.89,-2.19,0.85,1.47,-1.22,3.64,-0.05,0.78,4,0,0
2.37,-2.13,0.67,1.59,-1.55,3.98,-2.15,-0.56,4,0,0
-0.62,3.02,0.05,1.0,-1.3,-2.99,0.78,-1.63,4,0,0
-1.14,-0.92,2.36,-1.51,0.68,1.0,-2.99,0.76,4,0,0
-0.03,-1.52,-0.58,-1.66,0.52,2.05,-2.17,0.34,4,0,0
-1.39,3.37,-1.43,-1.07,0.13,-4.36,0.57,-0.9,4,0,0
-2.24,-3.09,-0.18,-3.02,1.4,1.82,-0.39,1.84,4,0,0
1.63,-1.4,-0.53,0.8,-0.59,2.87,0.02,-0.43,4,0,0
-0.78,-1.59,0.7,0.0,-0.99,-0.83,-1.46,-0.21,4,0,0
0.53,1.68,0.93,1.74,-1.0,-0.68,1.37,-1.13,4,0,0
2.65,0.17,0.27,1.72,-0.67,2.21,0.19,-0.76,4,0,0
0.53,-3.01,-0.5,-0.53,0.15,2.44,-0.27,0.63,4,0,0
-0.11,-1.47,0.47,-0.31,-0.1,1.83,-0.31,0.5,4,0,0
4.02,0.72,-0.79,3.38,-1.9,0.74,0.99,-1.68,4,0,0
-1.02,-4.08,-0.02,-2.22,1.23,3.84,-1.34,0.64,4,0,0
2.22,1.52,0.17,1.79,-0.4,-0.93,1.75,-0.25,4,0,0
0.08,0.71,-0.82,1.62,-2.54,0.69,-0.19,-1.87,4,0,0
1.17,-1.5,0.78,1.82,-1.94,1.21,-1.86,-1.48,4,0,0
-0.64,-2.19,-1.41,-1.36,0.0,2.57,-0.57,0.02,4,0,0
-0.09,-0.37,-0.18,-0.74,-0.09,2.19,-0.25,0.73,4,0,0
-0.46,-1.19,0.27,-0.01,-0.95,-0.14,-1.21,-0.14,4,0,0
-0.05,0.5,-1.27,0.98,-1.45,-0.78,1.68,-0.82,4,0,0
-0.92,0.91,0.46,-0.59,0.08,-0.77,-0.03,-0.15,4,0,0
1.06,-2.17,2.76,0.11,0.69,1.26,-2.04,0.89,4,0,0
3.83,2.03,-0.11,3.44,-1.08,-0.92,2.14,-1.73,4,0,0
-1.35,-2.72,-1.14,-2.33,0.32,1.81,-1.85,0.6,4,0,0
-1.6,-3.09,1.74,-0.6,-0.56,0.8,-1.53,1.04,4,0,0
0.96,0.79,0.74,1.72,-1.45,-1.49,0.35,-0.54,4,0,0
0.42,1.03,1.37,0.44,-0.38,-2.8,-1.41,-0.08,4,0,0
1.07,3.29,0.68,0.66,0.5,-1.52,0.35,-1.54,4,0,0
1.41,0.79,0.27,0.72,0.56,1.2,1.86,-0.33,4,0,0
1.17,-2.24,0.9,2.9,-3.09,2.47,-0.39,-0.96,4,0,0
0.59,-1.59,1.3,-0.26,0.41,1.75,-1.51,0.62,4,1,1
1.89,3.08,0.66,1.33,-0.01,-1.62,0.37,-1.45,4,0,0
1.21,0.17,1.26,0.56,-0.01,2.35,-0.68,-0.69,4,0,0
-2.69,-2.7,-0.11,-2.57,0.52,-0.65,-1.13,1.7,4,0,0
-0.29,4.84,0.15,1.14,-1.26,-4.74,0.37,-2.04,4,0,0
-1.37,-0.76,0.01,-1.57,-0.27,0.98,-2.49,0.17,4,0,0
2.37,0.28,-0.03,3.18,-2.58,0.45,-0.08,-2.19,4,0,0
-0.1,-3.45,-0.13,-0.89,0.33,2.7,-0.85,0.47,4,0,0
0.09,2.7,1.01,-0.07,0.27,-2.16,0.03,-0.31,4,0,0
-0.67,1.64,0.31,0.72,-1.28,-0.85,0.7,-0.67,4,0,0
1.2,-0.24,-2.35,0.96,-1.48,-0.19,0.17,-1.47,4,0,0
1.1,-0.97,0.68,-0.71,0.98,0.81,-0.85,1.1,4,0,0
-0.19,-1.62,1.29,-0.33,-0.12,1.62,-1.27,0.55,4,0,0
-1.73,-0.11,0.38,-1.11,-0.52,0.5,-2.25,-0.68,4,0,0
-0.48,-0.16,0.83,0.07,-0.51,-1.88,-0.81,-0.25,4,0,0
-0.08,-0.09,2.02,-0.57,0.29,-0.04,-1.92,0.69,4,0,0
3.91,-2.7,-0.01,1.14,0.57,4.47,0.98,1.21,4,0,0
-0.05,0.23,-0.55,-0.45,-0.0,-0.81,0.05,-0.24,4,0,0
-2.28,-2.94,-1.11,-1.51,-0.48,1.3,-0.28,0.02,4,0,0
1.73,1.0,0.32,2.69,-2.89,-1.17,-2.11,-2.19,4,0,0
-1.54,-1.33,1.06,-1.47,0.96,0.15,-1.02,0.15,4,0,0
-3.89,1.36,-1.02,-4.11,1.82,-0.94,-0.66,-0.27,4,0,0
-1.41,1.06,0.56,0.54,-1.05,-2.95,-0.15,-1.36,4,0,0
-0.62,1.04,-0.34,1.54,-2.92,-0.57,-1.1,-2.28,4,0,0
-0.07,-1.96,0.77,-1.45,1.4,1.22,-0.04,1.56,4,0,0
0.13,-1.88,-0.04,0.94,-1.08,2.56,1.56,-0.18,4,0,0
-0.27,0.74,0.12,0.95,-1.14,-3.05,0.56,-0.57,4,0,0
-3.22,-3.93,0.06,-3.41,1.02,0.48,-1.71,1.76,4,0,0
0.09,-4.42,0.76,-0.69,0.31,3.23,-1.22,1.08,4,0,0
-0.7,-5.96,0.74,-0.63,-0.15,3.58,-0.95,0.8,4,0,0
0.63,3.23,1.16,0.78,0.32,-2.59,2.29,0.43,4,0,0
-0.55,-2.47,0.4,-0.8,0.5,1.94,0.39,0.92,4,0,0
-0.42,2.32,1.18,-0.8,1.24,-2.57,0.88,0.57,4,0,0
-2.37,-1.0,-0.41,-2.12,1.1,-0.59,0.97,0.9,4,0,0
-0.98,0.98,-0.61,-0.05,-0.86,-2.29,0.21,-0.27,4,0,0
-2.16,-3.54,-1.19,-3.66,1.7,1.88,-0.98,1.66,4,1,1
0.65,0.33,-0.31,1.28,-1.42,-1.5,0.29,-0.76,4,0,0
-0.58,1.69,0.32,-1.43,1.35,-2.25,0.01,0.17,4,0,0
0.23,0.52,0.57,-0.05,0.04,-2.17,-0.68,0.05,4,0,0
0.93,2.03,0.74,-0.41,1.36,-2.51,1.27,1.19,4,0,0
1.02,-1.48,1.27,1.76,-2.09,0.75,-1.86,-0.49,4,0,0
2.34,4.64,0.49,3.66,-2.57,-3.87,0.75,-2.22,4,1,1
1.99,1.6,0.45,0.57,0.66,1.16,1.03,-0.27,4,0,0
0.44,-1.48,-0.13,-1.1,0.66,1.01,-0.84,1.2,4,0,0
0.14,1.26,-0.02,-0.42,0.12,-2.07,-0.71,-0.34,4,0,0
0.23,3.25,0.91,0.92,0.1,-2.32,2.01,-0.79,4,0,0
0.54,3.38,0.51,1.58,-2.56,-2.39,-2.52,-1.71,4,0,0
-2.73,-1.23,-0.6,-2.66,0.77,0.26,-0.48,0.79,4,0,0
2.76,1.25,1.11,1.74,-0.5,-1.1,-0.51,-0.14,4,0,0
-0.71,-2.2,0.67,-1.37,0.63,1.71,-1.55,0.87,4,0,0
-0.64,-1.99,-0.86,-0.16,-0.49,0.59,0.95,-0.28,4,0,0
-1.18,1.04,-2.18,-2.37,0.88,-1.35,0.05,-0.16,4,0,0
1.36,-0.99,-0.28,1.95,-1.36,1.33,1.65,-0.67,4,0,0
-0.45,3.97,-2.17,-0.98,0.78,-4.22,2.22,-0.22,4,0,0
-0.12,1.77,0.06,2.42,-2.56,-1.62,1.13,-2.05,4,0,0
-1.87,-0.39,-1.56,-5.07,4.07,0.71,-0.45,1.28,4,0,0
0.11,-2.19,0.62,-0.04,0.52,-0.78,1.12,1.08,4,0,0
-0.14,-3.33,1.5,-0.48,-0.33,2.8,-1.67,1.48,4,0,0
1.06,-1.4,1.15,-0.47,1.15,0.08,-0.31,1.27,4,0,0
-1.39,1.5,-0.3,-3.67,3.41,-0.78,0.14,0.87,4,0,0
-0.43,0.29,1.1,-0.67,0.57,-0.38,-0.06,0.56,4,0,0
3.74,1.78,0.43,0.98,1.46,0.09,1.68,0.25,4,0,0
1.85,0.39,1.55,2.19,-1.56,2.38,-0.41,-0.77,4,0,0
-1.45,-0.18,-0.74,-0.58,-1.27,-1.17,-0.75,0.16,4,0,0
0.8,3.1,-0.46,3.12,-3.74,-1.46,0.04,-2.58,4,0,0
2.6,1.12,-0.64,4.04,-3.57,0.7,0.82,-2.34,4,0,0
1.49,1.47,-1.19,0.73,-0.58,0.0,0.79,-0.8,4,1,1
0.86,0.87,-0.97,1.22,-1.28,-1.08,0.23,-1.21,4,0,0
-0.66,2.25,0.2,0.17,-1.26,-0.65,-1.37,-1.38,4,0,0
1.0,-1.55,-0.41,-0.09,-0.12,1.81,-0.12,0.38,4,0,0
0.37,-1.61,-1.34,0.47,-0.73,1.81,0.8,-1.12,4,0,0
-0.47,-1.93,0.95,-1.27,1.1,2.28,-0.59,0.64,4,0,0
0.46,1.56,-0.0,0.23,-0.42,-0.19,-0.37,-0.79,4,0,0
1.46,1.89,-0.21,2.79,-1.9,-1.81,1.39,-2.29,4,0,0
0.11,-1.28,-1.15,-1.07,0.04,0.54,-1.64,-0.08,4,0,0
0.14,2.01,-0.78,0.61,-1.49,-2.23,-0.8,-1.12,4,0,0
0.24,0.56,1.7,0.28,0.17,0.02,0.46,0.37,4,0,0
-0.89,-1.59,1.38,-2.22,1.58,-1.45,-2.51,1.3,4,0,0
-0.7,0.46,0.98,0.13,-0.72,-0.04,-1.39,-1.22,4,0,0
0.05,-0.0,0.69,-1.85,1.61,-1.79,-1.01,1.67,4,0,0
-0.59,3.63,1.26,-0.13,-0.58,-4.14,-1.76,-0.36,4,0,0
-1.6,1.54,-0.07,-1.46,0.2,-0.58,-1.19,-0.52,4,0,0
-1.8,-3.08,-0.77,-4.15,2.53,1.04,-0.92,2.53,4,0,0
-3.22,-2.28,0.59,-5.06,3.59,0.54,-1.91,1.93,4,0,0
0.31,0.56,1.4,0.5,-0.78,-0.02,-1.44,0.01,4,0,0
1.53,1.3,1.49,1.1,-0.49,0.78,-0.7,-0.15,4,0,0
-2.22,-2.47,0.14,-2.28,1.14,0.38,-0.24,1.08,4,0,0
3.68,2.66,1.91,3.18,-0.65,-1.31,0.77,-1.06,4,1,1
2.03,0.28,1.72,2.59,-2.25,-0.29,-1.39,-0.17,4,0,0
2.86,0.67,-0.07,1.7,-0.79,-0.68,-0.03,-0.19,4,0,0
1.81,-0.59,0.72,1.24,-0.4,0.84,-0.45,-0.62,4,0,0
-2.44,-1.75,1.14,-1.68,-0.07,0.71,-2.1,0.33,4,0,0
0.21,-1.06,-0.05,-0.2,-0.07,0.41,-0.09,0.45,4,0,0
0.49,-0.37,0.43,0.99,0.02,1.02,1.73,-1.04,4,0,0
0.32,0.38,-0.76,-1.01,0.17,1.37,-1.49,-0.34,4,0,0
-0.46,-3.21,0.01,-0.29,-0.74,3.38,-0.99,-0.06,4,0,0
0.01,0.44,0.13,1.01,-0.99,0.21,1.82,-0.17,4,0,0
-1.47,-0.39,-0.07,-1.43,0.32,-0.81,-0.71,0.17,4,0,0
1.7,2.28,0.67,1.88,-0.92,-0.39,1.21,-0.67,4,0,0
2.89,-2.51,-0.76,2.17,-1.68,2.84,0.57,-0.21,4,0,0
2.35,1.95,0.93,1.46,0.93,-2.38,2.78,-0.11,4,0,0
0.07,1.31,0.69,0.67,0.29,-1.85,2.36,-0.34,4,0,0
-1.2,-0.61,-0.45,-0.02,-1.23,-1.11,-0.37,-0.81,4,0,0
0.15,-1.47,2.04,-0.04,-0.1,2.44,-2.25,-0.16,4,0,0
-3.04,-3.48,-0.04,-3.13,0.47,1.53,-2.48,1.52,4,0,0
1.78,-0.52,0.34,1.29,-1.12,1.14,-1.4,-1.13,4,0,0
-4.27,-5.33,-0.37,-4.69,2.09,3.32,-1.14,2.09,4,0,0
0.18,-0.21,-1.09,0.09,-1.36,-0.97,-1.9,-0.83,4,0,0
-4.43,0.07,-0.67,-3.6,0.39,-2.48,-2.25,0.34,4,0,0
0.53,0.69,-0.53,1.13,-1.68,1.86,0.08,-1.3,4,0,0
-0.98,-2.26,-1.87,-0.62,-1.22,1.87,-0.98,-1.18,4,0,0
-1.01,-0.08,0.91,-0.28,-0.88,0.1,-1.56,-0.01,4,0,0
1.67,-2.1,0.0,1.49,-0.91,3.3,0.81,-0.54,4,0,0
0.23,4.46,0.26,0.5,0.4,-5.08,1.91,-0.72,4,0,0
3.14,2.69,-0.48,2.42,-1.14,-1.05,0.52,-1.68,4,0,0
1.46,-0.95,-0.21,0.48,0.58,0.93,1.35,-0.19,4,0,0
-0.01,1.7,0.77,1.98,-2.3,-1.59,-0.42,-1.6,4,0,0
4.01,6.06,-0.12,5.69,-3.94,-2.35,1.93,-3.43,4,0,0
-2.56,-1.14,-0.28,-3.6,1.78,2.63,-1.22,0.7,4,0,0
-1.25,-0.62,-0.12,-2.15,1.42,0.24,0.24,0.94,4,0,0
-1.7,0.61,-0.37,-1.98,0.68,-0.5,-0.02,0.57,4,0,0
-0.5,-0.14,0.72,-0.05,0.17,-0.99,-0.16,-0.35,4,0,0
1.14,-1.35,0.01,1.74,-1.74,-0.3,0.12,-0.41,4,0,0
-0.12,-0.68,-0.94,-1.0,1.49,2.79,3.09,0.46,4,0,0
-1.03,-2.94,1.27,-2.45,2.54,3.09,-0.18,1.52,4,0,0
0.35,-0.89,0.63,-0.17,0.33,0.9,-0.48,-0.12,4,0,0
-0.43,-1.38,0.13,-0.22,-1.0,0.98,-1.56,-0.08,4,0,0
-1.88,-1.86,-0.1,-2.04,0.18,0.14,-1.75,0.92,4,0,0
-1.7,0.06,-0.69,-1.85,1.3,-3.7,1.22,1.07,4,0,0
1.48,0.5,1.07,0.91,-0.05,0.6,0.73,0.38,4,0,0
-2.15,-2.41,-0.7,-1.62,-0.39,1.62,-1.31,-0.14,4,0,0
2.69,0.43,0.8,2.02,-0.04,-0.21,1.5,-0.24,4,0,0
0.53,1.1,-0.5,-0.17,0.37,-0.95,0.66,-0.19,4,0,0
3.0,0.12,-2.18,2.02,-1.59,2.43,1.26,-1.39,4,0,0
0.76,1.57,-1.99,1.6,-1.31,-1.88,1.97,-2.26,4,1,1
0.73,-0.29,-0.09,-1.18,1.66,0.3,0.21,0.81,4,0,0
-1.5,-2.11,-1.38,0.61,-2.15,-0.13,1.09,-0.81,4,0,0
2.69,-0.4,-0.23,1.42,0.13,1.8,1.51,-0.8,4,0,0
1.62,1.83,1.47,1.8,-0.17,-1.13,1.12,-1.03,4,0,0
0.17,0.63,0.17,0.05,-0.25,-0.51,-0.28,-0.52,4,0,0
-2.33,-2.91,0.12,-2.06,0.31,0.73,-2.0,0.08,4,0,0
-3.67,-2.51,-0.86,-3.4,1.15,1.01,-0.14,0.75,4,0,0
-2.98,-3.15,1.4,-3.79,1.5,-0.26,-3.74,2.48,4,0,0
-1.01,-2.29,-0.94,-0.62,-0.28,1.29,0.62,0.08,4,0,0
-0.67,-1.22,-0.78,-1.68,1.03,2.22,-0.1,0.11,4,0,0
0.88,2.28,-0.64,1.25,-2.71,-1.88,-2.72,-1.56,4,0,0
1.75,0.01,1.42,1.92,-0.83,1.42,1.35,0.11,4,0,0
-2.88,-0.2,-0.92,-2.85,0.36,-0.43,-2.22,-0.26,4,0,0
1.92,4.1,-1.73,2.64,-2.35,-2.43,1.29,-2.67,4,0,0
1.77,-0.19,0.7,2.33,-1.6,0.35,0.33,-0.89,4,0,0
-1.31,0.42,0.09,-0.9,-0.04,-1.02,-0.36,-0.03,4,0,0
3.13,0.57,1.83,1.63,0.16,2.22,-0.07,-0.09,4,0,0
-0.2,-0.89,0.87,-0.74,1.3,1.42,1.28,0.51,4,0,0
-1.07,-1.81,0.99,-1.11,0.51,0.75,-0.63,1.0,4,0,0
-1.57,-1.34,-0.12,-1.81,1.02,0.93,0.26,0.3,4,0,0
0.29,2.16,-1.64,1.34,-1.79,-0.84,1.1,-2.13,4,0,0
-1.33,-2.93,-1.03,-2.74,2.11,2.15,0.64,0.89,4,0,0
-0.95,-0.05,0.13,-1.04,-0.52,-1.57,-2.61,-0.21,4,0,0
-0.95,-2.13,0.18,-1.46,1.03,-0.4,1.05,2.06,4,0,0
-0.92,-2.25,0.44,-2.66,2.21,2.61,-0.63,1.32,4,0,0
1.26,1.85,0.78,0.93,-0.36,-0.88,0.1,-0.25,4,0,0
0.14,1.68,0.35,-1.2,0.83,-1.22,-1.53,0.25,4,0,0
1.2,1.44,0.97,1.44,-0.92,0.8,0.3,-0.8,4,0,0
-1.13,0.72,0.76,-2.46,2.69,-1.34,0.54,0.99,4,1,1
-0.29,1.51,0.5,-0.49,0.15,-2.35,-1.67,-0.7,4,0,0
1.32,0.44,-0.21,-0.62,1.05,0.76,-0.3,0.24,4,0,0
-1.16,1.08,0.07,-1.32,0.18,-1.16,-1.43,-0.02,4,0,0
1.02,2.99,-0.46,-1.34,2.05,-2.89,0.52,0.39,4,0,0
-2.9,1.74,-0.36,-2.22,1.32,-3.96,0.75,-0.35,4,0,0
-0.71,-3.11,0.05,-0.93,-0.24,2.03,-2.44,-0.6,4,0,0
1.24,1.31,0.52,1.05,-0.41,-2.63,-0.3,-0.67,4,0,0
-1.33,0.26,0.1,-0.88,-0.04,-1.32,-0.37,0.05,4,0,0
-1.39,-1.74,0.2,-2.35,1.64,-0.51,-0.32,1.35,4,0,0
-1.98,-5.73,-0.2,-2.69,1.07,4.09,-0.84,1.65,4,0,0
0.13,1.59,0.11,1.36,-1.32,-3.33,0.72,-1.01,4,0,0
0.75,0.59,-0.21,0.53,-1.38,-1.17,-1.46,-0.11,4,0,0
0.59,1.33,0.25,1.44,-1.96,0.45,-0.95,-1.12,4,0,0
-0.67,-1.42,-1.06,-1.99,1.08,1.04,-0.84,0.15,4,0,0
-1.6,-7.48,0.42,-2.9,2.1,5.85,-0.59,1.83,4,0,0
-0.76,0.65,-0.69,1.5,-2.28,-1.84,1.25,-1.39,4,0,0
1.01,-0.57,0.35,0.62,-0.26,1.67,-0.27,-0.79,4,0,0
3.07,0.2,1.17,2.18,-0.82,1.17,-0.0,-0.38,4,0,0
-2.15,-0.75,0.46,-2.33,1.31,0.15,-0.72,0.17,4,0,0
0.19,0.31,-0.45,-0.02,-0.34,1.88,0.14,-0.81,4,0,0
1.73,2.32,1.13,2.61,-1.65,-2.07,0.37,-1.19,4,0,0
0.26,-3.24,0.69,-2.17,1.72,4.44,-2.38,0.89,4,0,0
-1.56,-0.58,0.27,-0.09,-1.1,-0.74,-0.21,-0.21,4,0,0
2.11,-0.69,-0.87,1.38,-0.94,4.41,0.45,-1.24,4,0,0
-1.18,-2.42,-2.77,-2.31,1.45,2.35,1.55,-0.19,4,0,0
-0.09,-0.29,1.73,-0.22,1.22,-1.32,1.42,0.9,4,0,0
2.0,2.6,-1.2,1.35,-0.18,0.0,2.61,-1.18,4,0,0
0.25,1.68,0.53,1.04,-0.57,-0.38,1.41,-0.49,4,0,0
0.59,-1.52,-1.7,-0.45,0.53,0.98,1.97,-0.04,4,0,0
2.05,0.37,0.5,1.24,-0.13,-0.11,1.75,0.81,4,0,0
-1.05,0.67,-0.14,0.05,-0.66,-0.88,0.07,-1.24,4,0,0
-0.58,-2.67,-0.1,0.16,-1.28,2.27,-0.13,0.14,4,0,0
1.87,-1.11,-0.63,0.95,0.06,3.89,1.51,-1.07,4,0,0
2.93,3.86,-0.15,2.25,0.11,0.47,4.12,-1.16,4,0,0
-1.03,-1.52,-0.95,-1.78,0.42,0.96,-1.14,0.06,4,0,0
-0.36,-0.35,-0.84,-1.67,1.27,1.05,0.43,0.18,4,0,0
-1.39,1.06,0.26,0.33,-2.02,-0.77,-2.18,-1.74,4,0,0
-1.31,-0.36,0.64,-2.08,1.6,-0.24,0.02,1.24,4,0,0
-0.61,-1.69,-0.31,-0.36,-0.71,1.35,-0.81,-0.26,4,0,0
