@relation SyntheticData-N_1200-D_8-Nmin_140-Zmin_4-CL_2_2-R_0
@attribute X0 real [-5.35, 6.16]
@attribute X1 real [-6.11, 5.89]
@attribute X2 real [-7.13, 5.65]
@attribute X3 real [-4.64, 6.96]
@attribute X4 real [-4.01, 4.96]
@attribute X5 real [-5.07, 4.42]
@attribute X6 real [-5.54, 6.04]
@attribute X7 real [-5.09, 5.38]
@attribute cluster_idx {0,1,2,3}
@attribute is_noise {0,1}
@attribute Class {0,1}
@inputs X0,X1,X2,X3,X4,X5,X6,X7,cluster_idx,is_noise
@output Class
@data
0.02,1.04,-0.16,1.35,-0.63,0.74,0.78,0.12,0,0,1
0.22,-0.34,-2.03,-0.69,-0.34,3.51,0.47,-1.15,0,0,1
0.52,2.09,1.86,-0.02,-1.56,-1.54,0.95,1.96,0,0,1
-0.64,0.2,0.01,0.41,0.19,0.69,0.06,-0.6,0,0,1
-0.73,-0.24,-0.69,-1.13,0.86,-0.54,0.67,-0.1,0,0,1
0.22,-0.19,-0.7,0.04,0.39,1.75,1.87,0.43,0,0,1
-1.55,2.9,-0.42,0.69,-2.37,1.67,4.16,2.18,0,0,1
0.83,0.6,-0.92,-1.17,-0.85,-1.48,-1.55,-1.37,0,0,1
2.28,-0.75,-0.22,-1.56,1.34,-1.32,-0.22,1.1,0,0,1
-0.38,-0.35,-1.66,-0.08,0.86,1.46,2.77,0.82,0,0,1
2.89,1.08,-4.32,0.5,-0.44,-0.74,2.99,2.54,0,0,1
0.26,-0.84,0.59,1.35,3.0,-0.28,0.54,0.3,0,0,1
-2.78,-1.54,2.24,-0.89,1.01,0.44,0.81,-0.72,0,0,1
-2.21,-0.64,0.86,-1.73,0.74,0.4,-1.2,-2.62,0,0,1
-0.85,1.34,1.63,1.61,1.45,0.65,1.98,0.7,0,0,1
-2.98,-0.15,0.32,-0.41,0.24,3.05,2.0,-0.86,0,0,1
0.29,0.26,-0.36,-0.16,0.06,0.46,1.72,0.96,0,0,1
1.29,-1.0,0.83,-0.3,1.53,0.62,0.93,1.4,0,0,1
1.17,0.89,-3.25,1.71,0.48,1.48,-2.4,-2.74,0,0,1
-0.99,-0.27,-3.85,0.26,1.34,1.13,-0.02,-2.7,0,0,1
3.54,0.38,-3.67,-0.37,-0.29,0.71,1.58,1.98,0,0,1
1.13,1.02,-1.78,-0.37,-0.48,-0.61,1.82,2.0,0,0,1
0.34,-1.77,-0.49,-3.12,1.05,-1.17,1.9,1.54,0,0,1
2.1,-0.32,-1.63,-1.99,-1.57,0.23,1.21,1.67,0,0,1
0.11,0.12,-1.28,-2.04,-1.14,-0.49,1.96,0.99,0,0,1
0.31,1.1,1.54,1.22,1.22,-1.05,0.77,0.65,0,0,1
1.88,0.84,-1.46,-0.56,0.87,-2.7,-0.82,0.62,0,0,1
1.04,-1.28,0.13,-1.55,0.58,0.42,-1.85,-0.73,0,0,1
0.26,0.41,1.47,-1.33,-0.89,-2.09,-0.78,0.31,0,0,1
0.66,1.7,-2.3,-1.4,-2.78,-1.12,0.95,0.99,0,0,1
0.92,0.89,-3.47,-0.63,-1.14,1.39,3.05,1.91,0,0,1
0.38,-0.9,-3.51,-2.3,-1.35,3.42,-0.32,-2.02,0,0,1
2.12,-3.73,-2.35,-2.72,2.67,0.48,-0.91,-1.09,0,0,1
-0.25,-0.01,-0.48,-1.31,-0.88,-1.01,-2.31,-2.09,0,0,1
0.37,2.84,1.05,2.18,-0.91,-0.44,0.45,1.0,0,0,1
2.71,1.38,-0.15,2.97,2.37,-0.57,-3.56,-1.24,0,0,1
0.88,-1.48,-0.81,-1.2,1.37,-0.5,-4.08,-3.35,0,0,1
-0.54,0.9,-2.3,-2.45,-2.42,0.51,1.66,0.29,0,0,1
-0.21,-1.58,-0.92,1.04,4.96,1.92,0.96,-0.96,0,0,1
0.53,-0.87,1.74,-1.06,2.38,-1.84,0.33,1.42,0,0,1
0.42,1.79,-0.18,0.15,-1.89,-0.51,-1.87,-1.21,0,0,1
-1.6,-0.8,0.81,-1.36,1.62,-0.31,-2.12,-2.8,0,0,1
1.63,0.94,-4.17,0.02,-1.33,2.57,4.52,3.07,0,0,1
1.1,-0.22,-1.26,-1.38,0.17,-0.91,-1.64,-1.15,0,0,1
-1.07,-3.18,-1.97,-2.46,2.63,1.65,-2.62,-4.9,0,0,1
1.57,1.51,-3.09,-1.42,-2.0,0.02,3.29,2.26,0,0,1
0.0,-0.55,0.78,-0.05,0.72,-0.07,0.2,0.07,0,0,1
1.48,-0.73,-1.47,-1.95,-0.66,0.46,2.03,2.3,0,0,1
-0.29,0.08,-1.92,0.18,1.38,1.86,1.26,-1.29,0,0,1
1.2,0.45,0.97,-2.06,-0.69,-3.51,-0.6,1.77,0,0,1
0.83,1.62,-1.07,1.53,-1.82,2.96,2.28,1.92,0,0,1
3.74,0.39,-1.8,0.24,0.27,1.5,1.15,2.28,0,0,1
0.22,3.49,-0.04,2.1,-0.71,-0.05,4.28,3.65,0,0,1
0.82,-1.48,-0.2,-1.92,0.82,-2.41,-1.91,-1.29,0,0,1
0.29,-0.05,0.64,-1.02,-1.0,0.58,-0.11,0.5,0,0,1
0.89,-1.29,-0.13,-0.79,0.68,1.08,4.23,3.38,0,0,1
1.19,2.71,-0.74,1.96,-2.85,1.6,2.37,2.67,0,0,1
-1.65,2.95,0.69,1.34,-1.9,0.66,2.21,1.21,0,0,1
1.27,0.46,0.43,-0.2,0.65,-2.66,-2.34,-0.59,0,0,1
0.41,-1.36,-1.39,-1.46,0.57,-1.36,-2.75,-2.67,0,0,1
0.75,-0.09,0.86,-0.0,0.32,-0.82,-2.9,-1.11,0,0,1
0.82,0.5,0.0,-1.08,-0.76,-1.77,-1.13,-0.18,0,0,1
0.85,-0.06,-2.44,-0.67,-0.81,1.39,0.74,0.0,0,0,1
2.31,0.4,0.74,0.08,-0.39,-1.35,-2.49,0.15,0,0,1
-1.37,-0.16,-0.6,-1.0,-0.14,-0.57,0.15,-1.18,0,0,1
-1.21,0.18,0.13,-0.14,0.71,-0.52,-3.64,-3.69,0,0,1
0.35,2.33,-1.39,1.71,-2.19,1.96,2.12,0.69,0,0,1
0.72,-1.66,1.73,-0.8,2.0,-1.56,-0.72,0.38,0,0,1
1.49,0.7,-3.94,-1.01,-1.29,1.6,5.58,3.45,0,0,1
-1.32,-1.18,0.63,-2.04,1.4,0.2,1.47,-0.1,0,0,1
0.18,-1.37,0.48,0.31,-2.47,-2.69,0.35,0.23,1,0,1
3.05,-4.43,1.7,2.34,-0.74,-1.01,0.57,3.35,1,0,1
-2.15,0.8,1.18,-0.42,0.04,-0.8,-2.02,-0.98,1,0,1
0.57,-2.68,-1.06,0.46,1.13,-0.05,0.55,2.24,1,0,1
0.95,-2.2,1.24,0.24,0.23,0.09,0.85,0.35,1,0,1
0.45,-0.79,-0.83,-0.79,-1.6,0.22,1.91,-0.82,1,0,1
-0.41,-0.37,-0.81,0.53,1.56,2.24,0.62,0.59,1,0,1
-0.17,0.42,2.01,2.67,-0.15,-0.07,-0.24,1.51,1,0,1
-1.51,-1.77,-1.23,0.77,-0.33,-1.1,1.4,2.34,1,0,1
-2.37,2.31,-1.6,-0.79,2.99,2.71,-1.01,-0.21,1,0,1
1.46,-1.01,3.06,3.72,-1.16,-1.03,-0.25,2.94,1,0,1
-1.02,-1.41,2.85,2.72,-0.97,-1.01,0.58,1.7,1,0,1
6.16,-2.74,0.27,1.78,0.22,-0.19,-1.92,3.3,1,0,1
1.86,-0.82,3.49,2.67,-0.42,0.6,-0.24,1.33,1,0,1
-0.07,-1.94,3.01,3.4,-1.17,1.0,3.59,1.8,1,0,1
0.32,-2.25,-2.85,0.22,2.64,2.97,1.86,2.45,1,0,1
-0.87,-2.86,-0.47,0.29,3.93,2.86,0.6,2.22,1,0,1
-1.72,0.77,0.08,1.26,-1.31,-0.21,0.81,0.02,1,0,1
-0.27,1.19,0.34,3.15,-0.14,1.87,1.74,2.07,1,0,1
1.46,-0.39,3.78,2.3,-2.18,0.11,1.76,-0.25,1,0,1
-0.98,0.16,1.79,2.22,1.36,3.9,3.15,0.53,1,0,1
-0.2,0.06,5.13,3.61,-1.29,-1.03,-0.12,1.87,1,0,1
-1.8,-1.66,1.76,1.84,-0.09,0.19,1.83,1.31,1,0,1
-1.26,-1.01,2.92,1.29,0.37,-1.75,-1.78,1.47,1,0,1
0.14,-0.82,-1.96,-0.77,1.62,1.63,0.0,0.18,1,0,1
-1.73,0.67,-0.54,-1.49,1.64,0.6,-1.3,-1.16,1,0,1
-1.51,1.13,-1.28,-1.24,-1.38,1.78,3.39,-2.42,1,0,1
0.97,0.83,-5.02,-3.41,4.45,2.59,-3.16,-0.96,1,0,1
1.3,-3.57,2.41,2.3,-1.06,-1.01,2.27,1.79,1,0,1
1.3,-3.37,0.37,-0.3,0.21,-1.18,0.42,1.47,1,0,1
2.02,1.01,1.98,0.13,0.39,0.69,-2.21,-0.5,1,0,1
1.31,0.89,0.3,0.12,0.1,1.92,0.41,-0.48,1,0,1
-3.2,-0.8,-3.9,-1.74,1.88,-0.99,-0.57,0.91,1,0,1
2.94,-1.48,0.13,0.41,1.23,1.55,-0.49,0.79,1,0,1
2.07,-0.8,0.31,-0.83,-0.9,0.89,1.14,-1.56,1,0,1
0.53,2.33,-1.73,0.9,1.34,0.29,-3.09,1.64,1,0,1
-1.08,-0.51,0.25,-0.15,-1.17,0.47,1.95,-0.81,1,0,1
1.74,-3.31,-1.57,-1.7,-0.85,1.51,3.46,-0.77,1,0,1
-0.55,0.11,-0.2,-0.48,-0.63,0.3,0.45,-1.11,1,0,1
0.43,2.12,0.1,0.99,-0.38,0.14,-1.37,-0.38,1,0,1
-1.0,2.34,-1.98,1.04,0.96,3.15,1.86,0.01,1,0,1
-0.85,0.69,0.72,-0.27,-1.53,-0.86,0.54,-1.37,1,0,1
0.11,1.53,-2.06,-2.16,2.57,2.92,-1.67,-1.74,1,0,1
-0.57,-0.42,2.41,1.58,-2.79,0.21,3.43,-0.55,1,0,1
0.67,0.6,-1.47,1.22,2.48,1.64,-0.9,2.36,1,0,1
-1.24,4.42,2.3,0.07,-1.29,-2.22,-4.35,-1.85,1,0,1
-0.22,0.27,-0.2,-0.03,0.81,1.15,0.52,-0.3,1,0,1
-2.33,-1.36,0.12,-2.82,-1.16,0.29,2.39,-3.24,1,0,1
-2.19,0.76,1.38,-2.35,-1.19,-4.38,-3.64,-1.95,1,0,1
1.65,-2.02,-2.82,-0.78,3.67,1.8,-1.35,2.14,1,0,1
-0.41,-2.88,-1.5,-2.56,1.66,1.25,1.28,-0.85,1,0,1
1.5,2.3,1.49,1.4,-1.03,-0.67,-2.23,-0.01,1,0,1
-1.1,0.7,0.38,-0.78,0.55,2.4,1.13,-1.92,1,0,1
-1.01,-1.54,-0.71,2.36,1.44,2.79,3.39,2.28,1,0,1
1.62,-1.6,-0.09,2.46,1.24,1.22,-0.21,3.57,1,0,1
-0.16,0.13,-0.69,1.04,1.23,0.01,-1.88,1.95,1,0,1
-0.91,0.85,1.5,-2.03,-0.13,-1.93,-3.08,-2.11,1,0,1
-2.43,1.87,0.91,0.54,-0.94,1.12,1.59,-1.38,1,0,1
-4.24,0.88,-1.38,-1.23,0.71,1.57,1.29,-1.74,1,0,1
-3.22,2.6,1.5,2.67,-3.71,0.97,3.86,-0.6,1,0,1
-0.54,-2.06,0.23,-0.65,1.25,2.29,3.32,-0.52,1,0,1
3.35,0.51,2.63,3.87,-0.92,-0.57,-1.74,2.66,1,0,1
0.57,-2.76,1.96,1.73,-1.51,-0.95,2.23,1.32,1,0,1
-1.55,-0.36,-0.7,0.97,2.26,2.29,0.73,1.58,1,0,1
-0.92,-1.46,0.16,1.93,-0.35,1.23,2.81,1.4,1,0,1
-0.3,-0.84,1.28,0.2,-3.2,-2.38,1.26,-0.76,1,0,1
-0.13,2.1,0.71,1.11,-0.52,-1.62,-2.81,0.49,1,0,1
0.13,-0.33,0.46,-0.72,1.72,-1.78,-4.03,0.66,1,0,1
-1.45,-0.63,1.96,1.85,-0.38,0.61,2.09,0.85,1,0,1
3.73,-0.28,3.85,3.9,-1.17,0.95,0.09,2.04,1,0,1
0.67,0.37,-3.78,1.72,-0.5,-1.53,2.16,-2.22,2,0,0
-0.0,-0.26,-0.63,1.76,-1.31,-0.03,-0.5,-1.74,2,0,0
-1.38,0.57,-0.51,2.16,0.63,-1.38,1.11,-0.33,2,0,0
-1.94,-0.96,0.11,0.01,1.54,0.2,1.06,0.66,2,0,0
-0.7,0.39,2.03,-0.75,1.9,-1.48,-0.23,0.93,2,0,0
-0.29,1.73,-3.65,0.63,-1.25,-2.42,0.76,-2.55,2,0,0
0.58,1.26,1.69,-0.4,0.79,-2.0,-1.49,0.11,2,0,0
-2.46,2.8,2.54,0.12,1.3,-1.47,-0.7,1.07,2,0,0
0.61,4.15,0.25,-0.31,0.23,-0.67,-2.33,-0.88,2,0,0
0.12,-0.38,-2.37,0.3,-2.07,0.99,3.0,-1.28,2,0,0
0.11,2.43,-1.15,1.04,0.15,-1.05,1.92,-2.82,2,0,0
-0.12,0.66,-1.08,0.9,-0.26,-0.11,3.77,-2.41,2,0,0
0.3,-0.11,0.23,-0.41,1.04,-3.1,-1.01,0.17,2,0,0
-0.37,2.29,1.69,1.41,0.34,-1.13,1.21,1.72,2,0,0
0.3,0.5,2.25,-1.17,0.67,1.83,1.26,-1.92,2,0,0
-0.1,0.25,-3.99,-0.85,-1.94,0.16,2.29,-3.84,2,0,0
-3.48,-0.34,-2.91,1.15,-0.55,0.39,0.47,0.14,2,0,0
-1.04,-0.38,0.46,1.51,-0.04,0.06,-0.49,2.25,2,0,0
1.89,-1.32,-3.05,-0.59,-0.84,1.87,-1.35,-1.82,2,0,0
0.21,-0.33,0.63,1.13,-0.13,-0.42,1.9,-0.84,2,0,0
1.29,2.07,-2.27,0.66,-2.9,-0.6,0.81,-3.14,2,0,0
0.96,-1.13,-0.51,0.33,0.73,0.63,-0.22,-1.25,2,0,0
2.55,-2.95,-1.27,0.21,1.16,-0.56,0.74,-0.4,2,0,0
-0.49,1.71,1.47,-0.91,0.48,1.01,1.35,-2.03,2,0,0
1.65,-0.04,0.56,0.0,2.4,-0.65,-2.37,1.51,2,0,0
-0.68,-1.72,-3.58,-0.95,1.05,0.18,-1.26,0.81,2,0,0
0.94,0.32,-3.6,-0.52,-1.2,0.59,1.46,-2.35,2,0,0
-0.92,-0.97,0.56,-1.01,1.14,0.69,-1.1,3.13,2,0,0
0.45,-2.36,-0.13,0.89,1.74,-0.22,2.03,-1.7,2,0,0
-0.23,-0.33,4.15,1.43,2.05,-1.23,-0.63,3.95,2,0,0
-0.77,-0.26,2.62,-0.01,1.07,-0.62,2.24,0.38,2,0,0
0.14,1.26,2.66,-1.05,0.79,1.8,-2.9,3.36,2,0,0
0.89,0.93,1.83,0.86,0.34,-0.13,-1.23,0.74,2,0,0
2.54,1.62,-2.3,-0.61,-2.07,-0.88,1.19,-2.29,2,0,0
-0.23,-1.29,2.32,-0.55,1.61,-1.47,4.23,-1.44,2,0,0
-2.77,0.71,-1.44,-0.95,-0.06,0.47,-0.5,0.1,2,0,0
1.58,2.17,-1.3,-0.78,-0.87,-1.0,-0.8,-2.37,2,0,0
1.53,-3.86,-2.36,1.34,-0.43,0.97,2.46,-0.98,2,0,0
0.08,0.59,-0.4,1.09,-0.13,0.03,0.86,-0.07,2,0,0
-1.25,0.3,-0.79,0.35,0.55,-0.05,-2.97,0.57,2,0,0
-0.25,-2.09,2.48,-0.15,-1.07,2.41,3.12,0.17,2,0,0
-0.19,-1.25,2.24,0.91,2.18,-1.5,-2.91,2.76,2,0,0
-0.35,0.92,0.16,-1.32,1.8,-1.48,-0.56,-0.84,2,0,0
-0.79,0.8,-0.76,1.38,0.23,-1.19,0.2,-0.09,2,0,0
-0.25,0.15,-2.4,0.8,0.39,-2.04,-1.04,-0.61,2,0,0
-0.46,-0.07,-1.1,-1.32,0.44,-2.18,-0.52,0.19,2,0,0
0.73,2.83,-0.9,2.34,-2.61,0.44,3.13,-2.27,2,0,0
0.91,-3.2,0.64,-0.27,1.33,0.5,1.82,1.91,2,0,0
0.71,-3.69,-3.8,1.12,0.22,-0.25,-1.34,-1.67,2,0,0
-1.91,2.33,-1.14,-0.46,0.46,-3.05,-2.79,-0.65,2,0,0
0.81,-2.48,-2.38,0.73,0.65,0.3,1.64,-2.48,2,0,0
2.21,-1.4,1.19,1.37,0.55,-1.33,1.82,-1.43,2,0,0
-1.64,4.85,-1.13,-1.49,-0.46,-2.35,-0.17,-0.15,2,0,0
-2.89,0.82,1.36,-0.52,2.31,0.31,1.84,0.76,2,0,0
-0.09,0.39,-0.38,1.13,-0.45,-1.25,-0.04,0.28,2,0,0
-0.51,0.17,-0.32,2.38,-1.55,-1.82,-0.7,-0.0,2,0,0
0.15,0.51,1.14,-0.13,-0.72,1.49,2.56,0.35,2,1,1
2.03,-1.14,0.23,1.05,1.5,-1.08,0.09,-0.94,2,0,0
-1.31,0.65,-0.84,0.58,-1.05,-0.54,-1.83,-1.17,2,0,0
-1.38,2.1,-1.79,0.02,1.03,-2.94,-3.46,0.8,2,0,0
-0.29,3.97,-3.82,-1.37,-2.98,-3.81,-2.82,-2.69,2,0,0
-1.61,0.89,0.4,1.53,-1.79,1.81,4.42,-1.94,2,0,0
0.75,-0.39,-1.64,0.17,0.62,-0.5,-0.28,-1.01,2,0,0
-1.86,0.33,-1.37,-0.42,-0.6,-0.67,0.13,0.14,2,0,0
1.11,1.19,0.84,-0.13,1.17,0.83,1.32,-0.74,2,0,0
0.61,-2.99,1.12,1.29,1.13,1.03,3.12,0.76,2,0,0
-1.7,1.01,-2.26,0.04,-0.95,-2.12,-3.46,0.63,2,0,0
-3.06,0.32,-0.54,-0.11,0.86,0.95,1.81,1.8,2,0,0
-1.38,-1.54,-4.11,1.86,-1.5,-0.84,1.54,-1.13,2,0,0
-0.78,0.48,2.03,-1.17,1.75,-0.25,1.0,1.45,2,0,0
-0.15,-2.63,-2.39,1.13,0.17,-0.28,1.27,-1.23,2,0,0
0.45,-2.88,-2.34,-0.06,0.55,-1.11,0.09,-1.39,2,0,0
0.5,-2.12,-0.32,-0.62,1.75,-0.83,-1.86,0.66,2,0,0
0.19,1.32,0.56,-0.35,1.93,-0.56,0.52,-0.69,2,0,0
0.28,-2.82,-0.73,2.13,-0.53,-0.51,-1.77,0.35,2,0,0
0.57,-1.31,0.23,1.68,1.03,0.08,0.52,0.36,2,0,0
0.82,2.74,0.98,0.22,0.62,0.7,1.62,-1.9,2,0,0
0.94,-0.69,-0.51,1.13,-1.48,1.19,1.92,-0.24,2,0,0
-3.35,1.84,-2.84,-0.34,-1.68,-0.16,-0.93,0.01,2,0,0
0.14,-1.02,-1.53,1.76,-0.44,0.05,3.34,-1.53,2,0,0
-0.51,1.26,-1.62,-0.4,1.56,-1.29,0.15,-2.61,2,0,0
-0.4,0.06,-0.31,0.24,0.1,-0.24,-1.85,0.72,2,0,0
0.81,-0.35,-0.93,1.31,-1.19,-0.2,2.2,0.48,2,0,0
0.99,0.44,-1.62,1.84,0.08,-1.36,0.6,-0.82,2,0,0
-0.98,3.26,-0.51,0.36,-1.05,0.03,-3.2,1.71,2,0,0
0.32,1.43,1.0,-0.16,1.61,-3.08,-0.4,-0.52,2,0,0
0.37,-1.68,-0.37,0.44,1.63,-1.08,-0.49,1.11,2,0,0
-1.29,-1.81,-1.56,2.57,-2.05,-0.44,3.39,-0.59,2,0,0
2.46,-1.61,-1.27,1.41,-0.77,-1.02,2.54,-3.07,2,0,0
-0.99,0.11,-1.24,-1.13,0.87,0.34,-1.79,0.68,2,0,0
-0.99,2.65,2.48,-0.32,3.5,-5.07,-1.17,0.7,2,0,0
-1.95,2.21,-1.79,-0.04,-1.01,0.93,0.9,-2.73,2,0,0
-0.24,-0.77,-1.87,0.68,-1.31,-1.62,-0.36,-0.3,2,0,0
-1.61,0.18,-5.76,1.33,-3.74,-0.98,1.37,-1.6,2,0,0
-1.65,1.13,-2.23,-1.28,1.15,-0.34,-0.96,0.26,2,0,0
-0.76,0.79,0.03,-0.81,-0.1,1.22,2.39,0.22,2,0,0
-2.14,1.79,3.66,0.6,0.5,1.07,1.06,1.18,2,0,0
-0.62,-1.64,4.66,0.75,2.56,-0.57,0.59,2.76,2,0,0
0.07,0.16,0.95,0.94,0.67,0.27,-1.56,1.37,2,0,0
1.35,-0.42,0.31,1.16,0.94,-0.84,2.02,-0.32,2,0,0
2.81,1.74,-1.78,-0.66,-1.52,0.97,4.51,-4.77,2,0,0
0.02,-4.65,-3.98,0.19,0.25,1.22,-0.32,0.14,2,0,0
-1.4,2.27,0.09,3.92,-1.45,-0.33,1.69,-0.82,2,0,0
-0.24,-3.04,-0.04,0.93,0.46,-0.1,1.68,-0.1,2,0,0
-1.67,-1.22,0.67,0.24,0.27,0.65,-2.78,2.52,2,0,0
0.33,-0.24,-0.28,-2.0,1.74,-1.97,-1.1,1.69,2,0,0
-0.72,-0.36,-0.0,2.08,0.26,-0.86,1.65,-1.22,2,0,0
0.11,0.96,-0.36,0.08,-0.07,-1.56,-1.52,1.92,2,0,0
1.12,-2.33,-3.39,0.83,-0.11,-1.06,-0.98,-0.14,2,0,0
-0.99,2.93,1.53,1.28,-2.83,-0.3,0.25,-0.14,2,0,0
-2.48,2.3,2.73,0.1,1.64,-0.46,-2.37,3.68,2,0,0
-1.37,3.74,3.01,0.17,0.76,-1.62,0.87,1.47,2,0,0
-3.2,2.44,2.23,-0.74,1.92,0.81,0.66,-0.3,2,0,0
-0.43,-2.78,-1.49,-0.09,1.89,-0.28,0.52,0.92,2,0,0
0.02,-3.09,0.34,0.14,1.18,-0.73,2.52,-0.39,2,0,0
-2.58,-0.31,-3.02,-0.34,0.33,-2.55,1.72,-0.1,2,0,0
-0.31,0.66,0.32,-0.17,-0.71,1.17,0.26,1.17,2,0,0
-1.14,1.88,0.44,-1.63,1.35,-0.24,-0.42,-1.1,2,0,0
1.75,0.25,0.41,0.26,-1.73,-0.25,1.13,-1.58,2,0,0
-2.56,2.51,0.23,-1.08,0.65,0.31,-1.07,1.58,2,0,0
-0.85,-0.44,-0.0,1.71,0.23,0.36,2.83,-0.25,2,0,0
-0.01,1.89,-1.5,0.95,-1.16,-3.13,-5.54,3.14,2,0,0
-0.66,-1.41,-0.56,1.16,0.77,-0.88,0.19,2.74,2,0,0
1.03,1.48,-3.18,-0.75,-0.4,-0.47,-1.46,-1.21,2,0,0
-0.24,-1.37,-1.08,0.44,0.8,-0.22,0.9,1.61,2,0,0
-1.09,0.95,-0.58,0.27,-0.78,0.55,1.29,-0.07,2,0,0
0.86,-0.64,-1.41,0.53,-0.1,-1.67,0.89,-0.79,2,0,0
4.03,0.42,-2.62,-0.1,-1.03,-0.96,0.19,-2.23,2,0,0
-0.26,-0.88,2.54,0.12,2.29,-1.12,0.45,2.0,2,0,0
1.09,0.27,-3.68,1.36,-3.08,-1.19,1.21,-5.09,2,0,0
-1.34,1.75,4.74,0.3,3.56,-1.02,-3.13,3.17,2,0,0
2.57,1.06,3.53,1.49,1.74,-1.54,3.08,-2.53,2,0,0
0.67,-1.21,-1.14,-1.12,0.85,-0.62,1.55,-0.22,2,0,0
1.58,2.08,3.5,-0.38,0.99,0.09,2.4,0.85,2,0,0
-0.13,2.3,-0.48,-0.06,-1.04,-0.92,0.09,-1.71,2,0,0
1.25,-0.87,3.09,-0.35,0.33,1.16,4.43,0.1,2,0,0
2.77,-3.36,-1.25,1.88,-0.17,-1.01,-0.93,0.01,2,0,0
-0.3,2.67,0.0,-0.07,-1.51,2.08,-1.81,0.74,2,0,0
-1.31,2.64,0.21,0.54,-1.18,0.13,2.67,-0.31,2,0,0
0.87,1.51,1.61,-0.49,0.61,0.58,0.35,-0.99,2,0,0
0.25,2.39,0.23,0.14,-0.76,-0.55,4.43,-3.45,2,0,0
0.68,1.0,0.29,0.17,-2.19,1.78,1.71,0.28,2,0,0
-0.28,2.67,0.66,-0.64,0.77,-0.88,-0.61,-1.22,2,0,0
0.76,1.18,-2.16,0.85,-0.54,-3.45,1.0,-1.42,2,0,0
-1.04,-0.94,3.02,-0.39,2.25,-1.53,0.01,1.83,2,0,0
-0.01,-1.67,0.48,1.12,0.05,-1.2,-0.39,0.88,2,0,0
-1.4,2.46,-1.45,0.47,-1.7,-0.17,2.85,0.03,2,0,0
0.07,0.97,-0.99,0.4,-2.64,1.97,2.41,-1.81,2,0,0
-0.61,-0.0,-2.29,1.59,-0.62,-1.67,-1.79,0.32,2,0,0
1.26,-4.7,-3.87,0.81,0.39,-0.88,-0.04,0.37,2,0,0
-0.41,-1.82,-2.92,-0.54,-0.76,-0.95,-1.94,0.1,2,0,0
0.45,-1.19,-1.56,0.88,-0.65,-0.43,-0.66,-1.73,2,0,0
-0.11,-1.96,0.3,0.76,0.04,-1.41,-1.25,1.97,2,0,0
-1.88,2.98,-1.95,-1.24,-2.03,0.64,-2.04,1.04,2,0,0
-1.77,1.09,-4.01,0.07,-1.13,-2.14,-3.1,-0.73,2,0,0
0.1,0.18,-2.2,-0.5,-0.28,-2.08,1.1,-1.28,2,0,0
-0.29,-0.12,1.96,1.48,1.35,0.77,2.07,1.1,2,0,0
-2.06,2.52,1.11,-0.3,1.49,-0.09,-0.04,0.64,2,0,0
-2.12,-1.53,-0.01,0.37,3.17,-1.11,-0.63,1.83,2,0,0
0.74,1.74,-0.27,0.69,-0.65,-0.93,2.43,-2.24,2,0,0
-1.95,-0.31,-2.34,2.11,-2.99,1.67,3.52,0.98,2,0,0
-0.19,0.32,-0.21,-0.38,-0.73,-0.22,0.5,1.13,2,0,0
-0.79,1.0,-1.58,1.19,-0.95,-0.15,2.06,-1.47,2,0,0
0.1,-1.5,0.58,-1.13,1.21,0.51,1.02,1.27,2,0,0
-0.69,-1.99,-2.44,-0.42,0.64,0.05,-1.42,0.96,2,0,0
0.93,1.37,0.6,-0.01,-0.36,-0.64,-1.31,0.27,2,0,0
0.85,-0.85,-4.25,0.55,-2.99,0.22,-0.96,-2.18,2,0,0
1.03,-0.52,-2.44,-0.86,-1.18,2.56,-2.27,1.0,2,0,0
0.5,0.16,2.76,1.07,1.88,-0.95,0.76,0.35,2,0,0
1.46,2.26,-2.24,2.56,-2.44,-0.35,0.22,-1.8,2,0,0
-0.49,-1.65,0.42,1.88,-0.13,1.67,3.26,0.91,2,0,0
-0.96,-0.5,0.11,-0.35,4.11,-2.69,1.22,0.29,2,0,0
-0.95,1.7,0.34,-1.64,-0.95,1.68,-0.57,0.9,2,0,0
0.56,-1.61,0.25,-0.81,1.69,2.58,3.48,0.56,2,0,0
0.65,1.29,2.05,0.65,-0.44,0.69,2.4,-0.54,2,0,0
-2.45,0.92,-1.02,-0.72,-0.38,-0.58,-0.04,-1.27,2,0,0
-2.38,-0.44,-0.79,0.6,2.83,-2.11,-1.49,1.87,2,0,0
2.03,-0.01,2.91,0.28,1.75,-0.82,1.88,0.17,2,0,0
1.29,0.83,-0.61,-0.09,-1.44,-0.43,-2.97,0.93,2,0,0
0.27,0.48,1.89,-0.4,2.18,-0.84,0.93,0.81,2,0,0
-1.99,1.21,-2.92,0.53,-1.58,-0.15,3.65,-2.7,2,0,0
-1.19,0.39,-1.41,1.29,-1.2,0.12,1.25,-1.75,2,0,0
-1.59,2.05,-1.22,1.17,0.7,-3.46,-2.23,-0.95,2,0,0
1.05,-1.08,3.95,0.21,1.83,1.2,-0.68,3.5,2,0,0
1.6,3.72,0.68,0.4,-0.59,-0.24,-1.06,2.2,2,0,0
0.6,-1.3,-0.1,1.73,0.27,-0.61,0.95,0.42,2,0,0
-0.18,0.4,-2.34,-0.2,-0.53,-1.19,0.33,-1.08,2,0,0
0.14,-2.89,0.37,0.36,0.81,-0.59,-0.77,3.81,2,0,0
-2.04,1.97,-2.31,-0.96,-1.6,-0.72,0.37,-1.18,2,0,0
1.33,1.91,-1.69,0.13,-2.04,-0.92,0.57,-1.18,2,0,0
0.84,-1.73,-0.21,1.47,-0.3,0.18,2.54,-1.26,2,0,0
-0.69,0.78,-1.85,-1.88,1.49,-1.19,-3.72,0.09,2,0,0
1.0,-1.15,0.71,-0.32,1.74,1.3,-0.09,0.69,2,0,0
-1.28,2.52,1.23,-1.47,0.05,-0.37,-0.37,-1.54,2,0,0
-0.12,-0.5,-0.21,1.26,0.46,-2.38,1.03,0.21,2,0,0
1.68,-1.7,2.04,0.42,0.7,1.23,1.51,1.58,2,0,0
0.39,-0.14,1.73,1.56,-0.02,-0.33,3.28,1.38,2,0,0
-0.87,2.21,0.05,-1.31,-0.15,0.19,1.49,-1.82,2,0,0
-0.75,-1.99,-2.38,2.66,-2.57,0.7,-0.48,-0.04,2,0,0
0.08,-0.63,-2.81,-0.7,-0.34,-1.38,-0.97,-0.28,2,0,0
1.69,0.21,-1.32,1.45,-0.69,-1.12,2.16,-2.8,2,0,0
-0.66,-1.75,0.5,1.11,0.14,-0.8,0.56,1.53,2,0,0
-0.21,-1.82,-1.06,2.35,-0.53,-1.11,0.9,-0.73,2,0,0
1.88,-2.18,-0.78,-1.75,1.65,-0.7,-1.45,-0.96,2,0,0
-0.4,0.04,-1.87,1.78,-0.06,-2.06,-2.88,1.77,2,0,0
-1.63,-0.74,-1.3,0.42,-0.07,0.73,-0.49,1.67,2,0,0
2.53,1.65,-1.32,-2.15,0.04,-0.95,-3.96,-0.02,2,0,0
-0.37,-3.07,1.78,1.05,-0.53,2.13,2.18,1.83,2,0,0
-1.57,3.58,-0.54,-1.27,0.07,-1.15,0.52,0.03,2,0,0
-1.26,0.97,-2.07,2.14,-3.21,0.21,-3.1,1.38,2,0,0
1.55,0.92,3.14,1.79,-1.05,0.64,-0.49,2.88,2,0,0
1.09,1.01,-0.12,1.14,0.74,-1.16,-1.34,2.74,2,0,0
-1.95,2.67,-3.6,0.58,-2.45,-0.26,-1.02,-1.47,2,0,0
-0.24,-1.39,-2.31,-1.32,0.93,-1.58,2.04,-2.77,2,0,0
-0.9,1.24,-0.71,0.8,-0.43,0.59,4.22,-0.3,2,0,0
1.41,-1.34,-1.03,-0.45,-0.9,0.74,-0.86,-2.1,2,0,0
-3.04,0.3,0.15,0.85,1.04,-1.28,1.35,0.25,2,0,0
1.94,1.74,2.5,-0.32,1.44,-1.87,2.23,0.02,2,0,0
-0.37,2.9,0.75,1.5,0.87,-0.52,-3.28,2.03,2,0,0
1.01,0.15,-0.28,-1.35,0.79,-0.51,-2.13,0.4,2,0,0
0.31,-1.41,0.9,0.9,1.38,-0.63,1.56,0.61,2,0,0
-1.42,2.36,-2.85,-0.52,-1.59,-1.96,-2.43,-0.64,2,0,0
-0.54,-1.14,-1.72,-1.2,1.07,0.23,-0.86,0.14,2,0,0
-0.32,-0.08,0.55,-0.64,0.71,-0.47,-0.9,1.58,2,0,0
-1.7,-0.13,-0.08,0.98,-0.26,-0.38,0.62,0.8,2,0,0
-1.4,-2.69,-1.98,1.35,0.19,-0.25,-0.16,-2.64,2,0,0
-1.7,3.11,0.23,0.79,-1.77,-0.75,1.76,-2.21,2,0,0
-0.72,0.34,-2.25,0.68,-0.51,-2.67,-1.14,-0.98,2,0,0
0.54,-0.28,-4.84,0.34,-0.98,-2.53,0.53,-3.25,2,0,0
-1.8,-0.95,-3.89,1.47,-1.45,-1.26,0.7,-2.87,2,0,0
-2.15,0.16,-0.32,0.56,-0.44,0.52,1.33,-0.08,2,0,0
-0.08,-2.5,-0.53,-0.61,3.2,-0.6,-0.82,1.41,2,0,0
0.81,1.69,-0.21,1.1,-0.59,-0.41,1.01,-1.07,2,0,0
1.84,-1.88,4.0,1.27,3.3,-0.35,2.04,3.79,2,0,0
1.1,-0.47,1.61,2.39,-0.63,0.71,-0.52,3.96,2,0,0
1.21,-1.54,0.32,0.69,2.38,-1.81,0.71,0.55,2,0,0
-0.86,0.41,-1.01,-0.08,0.47,-0.4,-1.08,2.33,2,0,0
1.85,0.29,-0.02,2.56,-0.82,-0.59,2.68,-0.91,2,0,0
2.12,-0.25,-1.44,0.04,0.41,-1.93,-3.18,0.38,2,0,0
0.86,0.74,-1.78,0.12,-0.57,-0.21,-0.92,-1.24,2,0,0
-0.08,0.2,1.1,-0.39,1.91,-0.96,0.07,1.59,2,0,0
-2.42,1.48,2.17,0.17,1.75,-1.1,-1.31,2.39,2,0,0
0.33,-1.21,0.75,0.12,1.65,-0.13,-0.89,0.3,2,0,0
0.27,0.65,1.46,-0.2,1.84,-0.56,1.87,0.28,2,0,0
-1.85,0.65,-1.14,2.34,-2.24,-0.39,2.25,-2.34,2,0,0
0.2,-2.1,4.03,0.55,1.18,2.35,3.51,3.72,2,0,0
-1.45,0.86,-3.24,0.61,-2.98,-0.52,1.36,-0.95,2,0,0
0.21,-1.76,-0.51,-0.45,1.49,-0.34,-3.02,1.55,2,0,0
1.33,-0.8,-0.6,1.51,-1.02,-1.35,1.71,-2.14,2,0,0
-1.19,2.84,-0.59,-0.85,0.29,-1.64,-1.31,0.92,2,0,0
2.33,-1.68,2.63,-0.11,1.07,-0.03,-0.96,3.24,2,0,0
-1.27,1.51,-0.25,0.88,0.97,-2.05,-1.69,2.29,2,0,0
-2.24,-0.7,-1.71,-2.61,0.86,-0.76,-0.38,-1.22,2,0,0
-2.24,1.43,-1.14,-0.78,1.28,0.73,-0.71,0.43,2,0,0
0.5,-0.9,-1.54,-0.69,1.57,-0.29,3.76,-0.87,2,0,0
0.39,0.01,-0.94,0.22,-0.45,-0.85,0.82,0.41,2,0,0
1.61,0.67,-1.92,-0.02,-2.52,-0.59,-0.26,0.0,2,0,0
1.42,1.38,1.72,1.66,0.16,-0.69,2.89,-0.95,2,0,0
0.53,1.01,-1.38,1.45,0.56,-2.17,-1.31,-1.64,2,0,0
0.23,0.3,2.69,0.96,1.82,-0.45,-2.06,1.58,2,0,0
-2.33,0.42,-0.84,0.2,0.24,-0.12,-0.17,0.45,2,0,0
-0.46,0.08,-2.77,0.25,-0.5,0.39,2.42,-0.47,2,0,0
1.43,-1.5,-0.76,-1.01,0.0,0.92,3.04,-2.32,2,0,0
0.05,-0.5,-2.47,0.14,-0.66,-0.38,1.29,-0.05,2,0,0
-1.35,0.81,-3.13,1.3,-2.29,-1.51,-1.06,0.67,2,0,0
-0.51,0.53,1.28,1.38,0.8,-1.14,-0.83,0.26,2,0,0
0.29,2.12,-0.05,0.74,0.29,-1.64,-3.08,2.14,2,0,0
-0.31,-0.22,-2.66,1.08,-1.79,-0.83,0.5,-2.22,2,0,0
1.45,-4.53,-3.7,2.48,-1.3,-0.06,0.31,-1.43,2,0,0
1.33,2.91,1.64,-0.64,0.8,0.49,2.03,-3.37,2,0,0
0.48,2.35,2.36,-0.35,1.03,0.42,-1.27,0.87,2,0,0
-1.79,0.15,-1.29,0.11,0.33,-1.9,2.12,-1.59,2,0,0
1.58,-0.63,3.13,0.14,2.44,0.66,0.69,1.69,2,0,0
-0.53,0.41,-1.55,0.11,-0.82,0.33,-0.86,0.6,2,0,0
-0.58,-3.24,0.62,1.39,1.97,-0.48,-0.25,2.28,2,0,0
-1.93,0.72,-2.83,1.06,-0.82,-1.92,-2.29,-1.74,2,0,0
-0.77,2.01,0.86,0.59,1.07,-3.45,-1.46,0.32,2,0,0
-1.71,2.08,2.32,-0.21,1.03,-0.15,-1.52,1.68,2,0,0
-1.34,0.34,-2.04,0.01,-1.68,-0.41,-2.24,-0.14,2,0,0
0.68,-1.36,-3.23,0.8,-1.68,0.7,0.46,-1.7,2,0,0
-3.45,2.13,-0.92,2.17,-0.76,-1.74,-0.05,0.65,2,0,0
0.83,-0.25,-1.39,0.76,-0.33,-0.47,1.01,-0.32,2,0,0
-1.02,-0.79,-2.8,1.84,-2.04,-0.21,2.27,-1.08,2,0,0
-2.66,0.01,-2.47,-0.52,-1.83,-0.39,1.3,-0.08,2,0,0
0.15,-2.57,-1.47,0.72,-0.13,0.98,-2.27,2.82,2,0,0
-0.26,-1.22,-2.88,0.28,-0.25,-1.27,-0.15,-2.43,2,0,0
-0.91,3.47,1.89,1.18,0.56,-3.5,-0.31,-1.04,2,0,0
0.35,-0.96,-0.65,1.13,-0.03,0.26,-0.39,-1.21,2,0,0
2.43,-1.08,2.75,0.33,3.24,-0.37,-1.09,2.66,2,0,0
-0.26,3.9,1.84,1.96,0.96,-0.09,-0.99,1.11,2,0,0
-4.31,0.93,2.35,2.16,-0.31,-0.24,-1.5,2.85,2,0,0
-0.86,0.17,-6.18,2.06,-3.2,-0.04,-1.42,-1.47,2,0,0
-0.84,-1.0,-1.51,0.42,-1.16,-0.39,-0.35,1.25,2,0,0
-0.61,-2.28,-2.2,-1.56,0.81,0.32,-0.19,-0.08,2,0,0
-0.89,1.5,2.24,0.09,1.25,-0.95,-0.1,1.12,2,0,0
1.57,-0.54,-0.13,-0.5,-0.25,0.88,4.12,-2.37,2,0,0
-0.51,4.31,1.53,0.14,2.23,0.08,-1.77,2.38,2,0,0
-1.74,0.14,-1.47,0.29,1.08,-1.37,1.87,-0.9,2,0,0
-1.57,1.95,-2.43,1.21,-0.77,-0.96,-2.25,0.81,2,0,0
-1.01,0.64,-0.94,-0.06,-0.29,0.47,-0.25,1.02,2,0,0
0.71,-2.93,3.96,1.23,2.41,-0.33,0.87,2.93,2,0,0
1.14,-4.59,-1.72,1.98,-0.18,-0.3,1.02,-0.43,2,0,0
0.26,0.95,-1.26,-0.05,-0.3,-0.48,-0.58,0.29,2,0,0
-3.43,2.0,-1.33,0.57,-1.33,0.15,-2.64,4.46,2,0,0
1.37,-2.41,-3.54,-0.53,0.7,-0.64,-1.41,0.19,2,0,0
0.23,-2.31,-0.25,-0.23,1.28,0.77,3.23,-0.27,2,0,0
-1.29,0.59,-5.16,0.97,-2.18,-0.75,-2.44,-2.81,2,0,0
2.17,2.73,1.86,-0.04,0.79,0.47,4.13,-0.69,2,0,0
-1.71,1.37,-1.09,0.16,-1.43,0.09,-0.89,-0.33,2,0,0
-1.02,-0.03,-0.02,1.1,-1.02,1.8,1.35,0.99,2,0,0
-2.86,2.11,1.03,-1.04,1.86,-0.01,1.14,0.33,2,0,0
0.72,-0.98,0.29,0.13,2.02,0.5,-0.76,1.95,2,0,0
-0.33,2.58,0.01,0.35,-0.33,0.59,1.02,0.95,2,0,0
-1.38,-0.32,0.18,-0.62,2.26,-0.34,1.35,0.3,2,0,0
-1.42,1.22,1.19,-1.55,0.33,0.95,-0.91,1.71,2,0,0
-0.83,3.79,-0.83,1.07,-0.28,-0.76,-0.12,-0.88,2,0,0
1.43,1.01,-0.77,0.24,-1.06,0.25,1.55,-2.95,2,0,0
-2.71,3.11,2.33,0.05,1.62,-1.53,-1.73,5.38,2,0,0
1.94,-1.67,-3.54,0.62,-1.18,1.21,0.17,-2.05,2,0,0
0.83,-0.86,-1.19,0.57,-0.5,-1.05,-3.08,1.25,2,0,0
-2.83,-1.06,-4.65,-0.73,0.57,0.21,0.78,0.88,2,0,0
-0.56,2.32,1.97,-0.14,0.18,-0.37,-1.89,2.04,2,0,0
1.76,-3.01,2.67,0.1,4.09,-0.36,0.68,1.67,2,0,0
-0.38,2.61,-4.83,1.82,-3.53,-0.33,-0.75,0.18,2,0,0
0.5,-0.02,-0.04,-0.91,1.03,-2.77,0.18,-0.42,2,0,0
1.55,-0.48,0.74,0.53,0.63,0.52,4.48,-0.95,2,0,0
-0.37,-0.56,-1.25,-0.1,-0.68,-0.26,0.68,-0.15,2,0,0
-3.11,0.23,-1.32,0.13,-1.08,3.15,-1.15,0.16,2,0,0
0.59,-1.43,-2.93,0.91,-1.57,0.32,1.41,-2.34,2,0,0
1.31,1.21,0.62,0.87,1.33,0.44,-0.31,0.81,2,0,0
-0.31,0.05,1.2,-0.5,1.01,1.56,-0.68,2.33,2,0,0
-0.28,0.27,-2.66,0.44,-0.43,-1.55,0.98,-0.12,2,0,0
-0.98,0.41,-2.73,0.75,0.15,-1.0,0.93,-1.89,2,0,0
-1.29,-0.64,1.77,2.45,-0.27,1.86,1.2,3.67,2,0,0
0.13,-0.65,0.99,2.15,0.49,0.2,1.05,0.08,2,0,0
-1.23,0.76,-1.76,1.0,0.82,-1.88,-2.24,1.69,2,0,0
1.19,-1.11,-4.72,-0.92,-1.22,-1.16,2.48,-2.62,2,0,0
1.8,2.96,1.2,-0.16,-0.9,0.38,-0.43,-2.16,2,0,0
0.1,3.84,-4.11,-0.55,-0.47,0.2,-2.18,-1.45,2,0,0
-1.97,-0.41,0.53,-0.06,0.98,-0.35,3.82,-0.26,2,0,0
1.28,-0.9,-2.85,-0.46,0.66,-0.04,-0.07,-1.24,2,0,0
0.34,0.15,1.79,0.93,1.05,-1.5,1.03,1.59,2,0,0
0.51,-0.85,-0.2,-0.77,2.13,-1.65,0.59,-2.74,2,0,0
-3.34,1.61,0.65,-0.41,-0.09,0.12,0.19,1.63,2,0,0
-1.7,-0.11,2.23,0.63,1.7,-0.32,-0.39,2.33,2,0,0
-0.8,1.26,1.68,-0.24,0.79,1.5,2.77,1.36,2,0,0
-0.41,3.76,-0.53,0.73,1.76,-1.62,1.1,-2.85,2,0,0
-1.28,3.33,-1.25,-0.74,-1.48,-0.58,-1.21,0.27,2,0,0
0.42,1.96,3.15,0.56,1.49,-1.39,1.06,0.38,2,0,0
-1.28,-1.82,-0.45,0.81,-1.07,0.42,1.05,-1.11,2,0,0
-2.15,-1.41,0.31,1.47,1.68,-0.69,-2.25,1.31,2,0,0
-0.52,-2.05,-3.87,2.56,-1.44,-1.02,2.53,-2.19,2,0,0
1.09,0.56,0.85,1.33,-0.7,-1.36,1.37,0.23,2,0,0
-1.39,3.16,2.61,0.79,1.29,-0.72,-0.84,2.3,2,0,0
-0.57,0.19,-0.05,0.03,0.84,-1.64,-0.97,-0.04,2,0,0
0.8,0.23,-2.96,0.23,-2.09,1.03,-1.05,-0.57,2,0,0
-0.35,1.95,1.08,3.07,-1.53,1.47,6.04,-1.14,2,0,0
2.45,-0.05,0.53,-0.23,1.17,0.09,0.5,1.0,2,0,0
-0.98,-1.47,0.04,2.93,-0.62,-0.59,-2.91,4.05,2,0,0
0.44,-1.33,-0.03,-0.68,0.59,1.71,4.93,-0.9,2,0,0
-0.54,-0.55,-2.49,0.45,-1.05,0.37,1.57,-2.71,2,0,0
0.24,-0.69,2.04,2.09,1.3,1.01,1.88,0.52,2,0,0
-0.67,-0.53,-0.78,1.08,-1.52,0.56,1.71,-0.31,2,0,0
0.61,1.39,2.23,0.33,0.92,0.77,1.56,1.96,2,0,0
-2.67,-4.54,-3.4,0.48,0.77,-0.76,-2.6,2.22,2,0,0
1.26,0.11,-0.41,0.02,0.53,-0.22,-0.8,1.67,2,0,0
-2.63,3.34,-1.96,0.59,-1.52,0.08,-0.59,-1.1,2,0,0
3.27,1.21,0.38,0.23,0.21,0.74,1.98,-1.24,2,0,0
-0.78,-1.98,0.55,-0.17,2.33,-2.25,0.47,1.97,2,0,0
-1.36,-0.48,2.57,-0.21,0.35,2.93,3.53,0.12,2,0,0
-0.18,0.96,0.37,-0.28,1.97,-0.77,-0.97,-0.27,2,0,0
1.1,-0.46,-1.76,1.49,-1.64,0.84,1.71,-2.24,2,0,0
-1.45,0.12,2.06,0.5,0.07,0.04,1.06,1.74,2,0,0
1.67,1.89,-0.97,-0.13,-1.66,0.36,-1.0,-1.3,2,0,0
1.17,-1.95,-0.67,0.35,1.7,-1.52,2.01,-1.57,2,0,0
-0.91,2.24,0.11,-1.01,-1.03,1.24,-0.21,-1.34,2,0,0
-0.62,1.54,0.53,-0.17,0.28,-1.09,-1.39,1.01,2,0,0
-0.33,0.93,-3.87,-0.13,-3.16,-0.2,0.5,-1.09,2,0,0
1.0,-1.77,0.02,-1.11,2.49,0.37,1.47,2.66,2,0,0
0.28,-1.15,-2.44,0.1,-0.57,-0.45,-2.97,1.51,2,0,0
0.41,4.38,2.05,0.29,0.04,-2.02,-2.98,1.42,2,0,0
-2.65,5.89,1.62,1.24,-1.57,-0.51,1.26,0.68,2,0,0
1.64,-1.48,-0.1,-0.73,-0.22,-0.61,0.19,0.22,2,0,0
0.44,0.93,1.66,0.22,0.27,-0.06,-1.9,3.08,2,0,0
-1.31,1.08,-1.86,1.91,0.46,-1.23,0.19,-2.1,2,0,0
0.99,-2.29,-2.11,1.31,0.35,-1.18,-0.05,0.44,2,0,0
1.89,1.11,-0.0,1.58,-0.61,0.03,3.37,-2.61,2,0,0
1.47,-0.89,-2.46,1.14,-1.68,-0.44,-0.81,-0.12,2,0,0
0.06,0.53,-2.03,0.75,-0.49,-0.0,0.61,0.15,2,0,0
-2.78,2.86,-3.29,-0.51,-2.83,0.39,1.02,-1.62,2,0,0
0.22,2.33,2.84,-1.7,-0.13,1.98,-0.23,3.81,2,0,0
-0.52,1.94,1.26,1.4,-0.27,-2.33,3.18,-0.48,2,0,0
-1.53,-0.05,-1.65,2.01,0.59,-1.22,1.27,-2.83,2,0,0
0.99,-0.98,2.5,0.28,1.78,1.63,2.88,1.22,2,0,0
0.25,0.21,0.53,0.12,0.45,0.25,1.87,0.19,2,0,0
-0.16,1.68,-1.38,0.19,-1.02,-1.79,2.71,-4.13,2,0,0
0.12,0.54,-2.69,1.04,-2.47,0.43,-1.16,-0.94,2,0,0
-1.35,0.29,0.11,-0.55,1.7,-0.3,-0.99,1.39,2,0,0
-0.86,1.03,-1.24,1.36,0.22,-1.05,-0.66,-0.64,2,0,0
-0.42,-4.18,-3.7,0.98,-0.96,0.65,3.35,-2.51,2,0,0
-1.13,-0.65,-0.08,0.11,0.59,-0.81,0.58,0.46,2,0,0
0.49,-0.44,-3.63,1.58,-2.79,-0.13,2.82,-2.68,2,0,0
-1.69,-0.23,-1.14,0.52,1.63,-0.78,-0.26,-1.82,2,0,0
2.4,-0.07,-1.61,0.56,-1.4,-0.71,3.23,-2.89,2,0,0
-2.02,1.14,-0.69,-0.31,0.26,-1.22,-0.13,0.84,2,0,0
0.74,-0.46,2.75,2.76,-0.31,-0.41,0.39,1.12,2,0,0
0.03,-1.27,-1.36,0.2,-0.64,0.58,2.36,0.13,2,0,0
-0.29,-1.09,-0.28,1.34,-0.57,-0.9,-1.48,0.56,2,0,0
0.63,-1.79,1.81,2.38,1.02,0.93,4.53,0.92,2,0,0
-1.58,-0.22,-4.47,-0.43,-1.48,-0.09,-0.05,-0.88,2,0,0
-0.95,1.09,-1.56,-1.52,-0.55,-1.34,-0.6,-1.77,2,0,0
-0.47,-0.67,-0.66,-0.44,0.09,-0.97,1.27,0.71,2,0,0
-0.98,1.33,3.58,0.84,0.81,1.1,2.23,0.97,2,0,0
-0.38,1.4,0.09,1.77,0.29,-0.91,-0.24,0.79,2,0,0
-1.82,1.76,2.42,1.31,0.39,-0.56,0.29,2.1,2,0,0
-2.83,-0.79,0.62,-0.29,3.82,0.36,3.67,-0.64,2,0,0
-2.24,-0.92,-4.63,-1.06,-2.01,-2.4,-2.95,0.09,2,1,1
1.34,-1.14,1.02,0.19,0.38,0.06,0.06,-0.53,2,0,0
-1.54,2.08,1.9,-0.2,0.74,-0.85,-2.13,1.57,2,0,0
-1.07,1.33,0.04,0.22,0.78,0.03,1.76,-0.19,2,0,0
-1.53,-0.44,-0.02,1.96,-1.1,-0.36,2.37,-0.54,2,0,0
-1.76,0.06,-0.66,0.3,0.11,-1.03,1.47,-0.67,2,0,0
-0.12,-0.7,1.79,0.55,1.59,1.24,1.19,0.52,2,0,0
0.86,1.26,3.48,1.66,1.27,0.37,1.86,2.6,2,0,0
-0.96,1.75,1.06,1.29,0.19,-2.62,2.59,-1.62,2,0,0
-1.22,1.87,1.67,1.77,0.44,-0.42,-0.65,2.57,2,0,0
-0.98,-0.31,-1.47,2.07,0.34,-0.7,-0.83,0.42,2,0,0
-0.07,0.67,1.52,1.06,0.95,-2.08,-2.94,1.24,2,0,0
2.48,2.6,1.79,0.34,1.38,-1.1,2.35,-2.41,2,0,0
-1.87,0.63,-0.39,-0.37,0.87,-1.77,-1.53,2.53,2,0,0
-2.19,1.68,-4.42,1.75,-4.01,-1.24,1.26,-1.33,2,0,0
0.39,-0.1,2.05,-1.07,2.28,0.5,-0.75,0.68,2,0,0
2.02,-1.36,0.33,2.02,1.02,-0.49,-0.1,1.66,2,0,0
1.12,-1.38,-2.03,-0.02,-1.13,0.07,0.26,-2.89,2,0,0
-0.2,1.62,-2.47,-0.96,0.04,-1.53,2.28,-2.4,2,0,0
-2.34,4.62,0.52,-0.17,0.52,-1.92,-1.71,-0.15,2,0,0
-1.26,1.34,1.91,-1.08,0.21,-0.09,-2.14,3.12,2,0,0
3.71,-1.93,0.99,0.16,0.96,-1.06,4.06,-1.1,2,0,0
0.11,-0.12,2.42,-1.03,3.42,1.12,1.01,1.35,2,0,0
1.37,-0.26,-0.78,1.52,-0.74,-2.23,-0.44,-1.0,2,0,0
-1.8,0.01,-1.2,-0.84,0.96,-1.91,0.56,-0.57,2,0,0
-1.06,0.17,-0.61,2.94,-1.25,-2.28,1.44,-0.32,2,0,0
-1.14,-1.81,-3.62,-0.75,1.25,-1.69,-2.13,-0.15,2,0,0
-1.58,-0.97,1.13,-0.14,0.96,0.31,-0.72,2.9,2,0,0
0.6,1.53,1.12,1.19,-0.31,-0.54,0.08,1.58,2,0,0
-0.34,0.44,2.84,0.92,1.29,0.37,3.89,-0.93,2,0,0
-1.38,2.09,-2.25,1.82,-0.51,-2.21,1.57,-2.44,2,0,0
-0.54,-0.48,-0.46,0.51,-0.99,1.6,-2.77,2.22,2,0,0
0.49,1.54,0.73,-0.96,0.58,-0.4,1.97,-0.17,2,0,0
-0.64,2.14,0.29,-1.63,0.36,0.03,0.34,0.64,2,0,0
0.8,0.48,-0.82,-0.01,0.48,-0.36,-0.89,0.53,2,0,0
-0.78,0.17,-1.49,3.37,-2.02,-2.54,-1.61,1.73,2,0,0
0.58,-0.4,1.52,1.52,-0.28,0.39,-0.83,1.69,2,0,0
-1.94,-0.78,0.29,-0.22,0.95,-0.59,-1.75,3.36,2,0,0
-0.47,1.46,0.14,0.94,0.04,-1.7,0.06,-0.26,2,0,0
0.12,-2.2,-1.89,-0.22,-0.74,0.46,1.95,-1.5,2,0,0
1.05,-0.66,-0.05,-0.62,0.87,-0.43,0.19,-0.52,2,0,0
2.74,-0.76,-0.32,1.07,-1.07,-0.57,2.88,-3.15,2,0,0
0.13,-0.01,-1.25,0.3,1.73,-2.64,-2.43,0.14,2,0,0
-1.31,-1.1,-1.41,0.77,0.42,1.07,0.37,0.18,2,0,0
-1.17,1.63,-0.34,-1.85,1.03,-2.44,-3.3,1.5,2,0,0
-1.25,-2.5,-1.09,2.1,-0.67,-1.38,-1.04,2.13,2,0,0
0.51,0.17,-0.25,-0.09,0.56,1.79,0.17,2.04,2,0,0
-1.09,-0.0,-2.12,0.62,-0.6,1.3,1.31,0.24,2,0,0
-2.3,2.39,-3.16,1.37,-2.75,-0.82,-1.02,-0.43,2,0,0
0.87,1.88,-0.65,0.22,-0.48,-2.21,0.44,-1.07,2,0,0
-0.61,-1.72,0.23,-0.58,1.33,0.48,1.9,1.39,2,0,0
-2.08,-2.77,0.0,-0.09,0.28,0.17,1.14,1.22,2,0,0
1.64,-0.39,1.69,0.27,0.32,1.41,2.87,0.32,2,0,0
-1.49,-1.65,-2.28,-0.33,-0.35,-1.58,1.06,-2.59,2,0,0
-1.3,4.2,-0.03,-0.52,0.55,-1.07,-0.52,-1.64,2,0,0
1.22,0.37,-1.81,1.25,-3.03,1.13,0.43,-2.13,2,0,0
1.91,-2.8,-1.29,-0.51,1.23,-0.38,0.52,-0.37,2,0,0
1.17,-1.85,-1.83,1.56,0.96,-3.53,-3.03,1.66,2,0,0
2.29,-1.68,-1.06,1.6,0.21,-0.27,4.55,0.49,2,0,0
-0.73,1.96,1.58,1.02,0.32,-1.37,1.05,1.84,2,0,0
-1.28,1.34,0.33,0.28,-0.22,1.66,-0.85,0.37,2,0,0
-1.37,-2.29,0.7,1.27,-0.43,-0.83,0.14,2.55,2,0,0
0.74,-0.26,0.63,-0.02,1.85,1.26,1.1,-0.85,2,0,0
-2.01,1.52,-1.75,1.09,-0.56,-0.52,-2.01,-0.19,2,0,0
1.57,-0.79,-1.46,0.99,-0.1,0.48,0.61,-0.77,2,0,0
-1.7,3.53,0.22,1.32,-2.2,1.42,0.38,-0.64,2,0,0
-0.06,-1.49,-0.53,0.68,0.04,1.14,5.61,-3.65,2,0,0
-0.14,1.58,-5.23,1.57,-2.71,0.46,-1.07,-1.51,2,0,0
0.08,0.26,-3.08,-0.81,-2.23,0.34,1.89,-3.05,2,0,0
-5.35,-2.23,-0.89,1.7,-0.74,0.94,1.67,1.27,2,0,0
-0.62,1.68,-0.84,0.55,-0.39,0.46,-0.47,-0.07,2,0,0
0.85,0.6,3.4,-1.43,2.1,0.68,2.58,1.06,2,1,1
-1.6,1.33,-2.92,0.14,-1.42,-1.44,-1.44,0.04,2,0,0
-1.36,2.19,3.45,0.55,2.36,-2.41,-0.59,1.46,2,0,0
2.14,-2.03,-5.15,1.32,-1.92,-0.29,3.45,-3.24,2,0,0
-1.52,0.28,0.88,0.5,1.41,1.07,3.34,-1.17,2,0,0
-1.26,2.56,-1.27,0.23,-0.97,0.72,0.69,-2.14,2,0,0
-0.99,3.32,1.98,-0.07,2.04,-2.83,-0.44,0.85,2,0,0
-0.83,2.74,0.03,-0.69,1.06,-2.07,0.07,-1.93,2,0,0
1.42,-1.28,-3.18,1.12,-2.5,0.98,1.11,-1.94,2,0,0
-0.97,0.59,-3.71,2.46,-1.78,-2.95,-0.51,-2.13,2,0,0
-0.05,-1.97,-1.3,0.67,0.86,-0.06,3.25,-1.57,2,0,0
1.63,-0.27,-0.56,1.67,-0.53,0.6,-1.41,-0.37,2,0,0
0.39,1.86,2.47,-1.94,2.11,0.49,2.4,1.04,2,0,0
0.51,-0.34,4.53,-2.06,4.71,1.45,0.26,4.28,2,0,0
-1.02,-0.41,-3.31,1.21,-1.18,-2.33,-0.83,0.07,2,0,0
-1.01,1.46,-0.81,-1.57,0.56,-0.29,-1.11,-0.64,2,0,0
1.96,0.1,-1.56,1.77,-2.18,-0.5,0.11,0.67,2,0,0
1.21,1.92,0.64,1.61,-2.75,0.72,2.93,-1.88,2,0,0
-1.52,1.04,0.88,2.4,1.38,0.35,1.26,0.98,2,0,0
0.93,-0.53,-2.2,2.35,-3.16,-1.18,3.36,-2.87,2,0,0
0.85,-0.13,0.85,1.88,-0.7,-1.5,-0.38,0.68,2,0,0
-1.17,-0.37,-0.07,0.16,1.23,-2.64,1.42,-1.45,2,0,0
-0.34,1.86,-0.23,2.07,-2.17,-2.06,-0.67,1.19,2,0,0
-1.55,0.9,-0.36,-1.46,1.97,-1.64,2.2,-1.07,2,0,0
-1.14,2.37,-4.72,0.82,-0.73,-1.95,1.31,-2.87,2,0,0
-2.43,-1.64,-2.56,1.58,-0.92,-0.73,0.47,0.06,2,0,0
-1.97,0.22,-3.88,2.74,-2.13,0.23,1.96,-0.56,2,0,0
-2.01,0.29,-0.62,0.33,0.64,-1.44,-0.18,1.59,2,0,0
-1.37,-1.9,-3.22,1.51,-2.82,1.36,0.81,-0.49,2,0,0
-0.7,2.05,-1.5,0.36,-0.41,-0.48,-0.03,-1.07,2,0,0
-2.5,1.34,-0.31,0.93,0.41,-0.52,-2.33,4.04,2,0,0
-2.58,3.23,-0.25,-0.53,-0.7,-0.28,1.92,1.58,2,0,0
0.92,3.3,1.78,-0.28,0.97,0.39,-1.54,1.34,2,0,0
0.25,1.57,3.38,0.34,1.74,-0.5,-1.24,2.63,2,0,0
-1.32,2.96,-0.93,-0.98,-0.88,-0.81,1.28,-0.99,2,0,0
1.56,1.48,1.13,-0.43,-2.83,1.92,3.65,-1.53,2,0,0
0.43,-2.17,-1.95,-0.88,0.61,-0.32,2.68,-1.65,2,0,0
-3.48,-0.01,-2.9,1.55,-1.36,-1.85,-1.06,-0.44,2,0,0
2.38,-1.08,1.93,-0.36,0.61,-1.59,-2.9,0.15,2,0,0
-0.18,-0.01,2.07,-0.27,1.16,0.78,-1.07,2.98,2,0,0
-0.51,1.72,2.37,0.97,-0.22,0.18,1.96,-0.48,2,0,0
-0.17,-3.68,-2.26,3.41,-1.71,-0.51,-0.78,0.64,2,0,0
0.09,-3.05,-0.48,0.67,2.61,-0.74,2.05,-1.66,2,0,0
-0.44,-3.2,1.59,2.09,0.53,1.23,-1.67,-1.46,3,0,0
-1.41,-0.47,1.14,0.66,-1.08,1.2,-2.01,-2.81,3,0,0
-1.35,0.34,-2.56,-1.3,0.19,2.69,-0.08,-1.14,3,0,0
-0.51,0.1,-0.08,-2.32,-1.09,2.38,-1.63,-0.28,3,0,0
1.01,2.03,-3.67,-0.61,0.54,-1.73,2.03,0.69,3,0,0
-2.48,2.12,-1.83,0.53,0.99,1.24,0.82,2.78,3,0,0
0.54,-0.26,-1.17,-0.21,0.14,1.07,-0.75,-1.96,3,0,0
0.65,-1.22,1.81,-2.47,-2.26,0.09,-2.52,-0.36,3,0,0
-1.85,1.18,-3.92,1.19,0.91,-0.94,2.75,1.14,3,0,0
-0.12,-2.07,1.29,1.44,-0.1,-0.39,-0.53,0.14,3,0,0
-1.69,-2.32,-2.14,3.07,1.59,-1.52,2.51,0.84,3,0,0
1.24,-1.58,1.45,-1.1,-1.54,-0.08,-2.01,-1.15,3,0,0
-1.91,3.04,-4.11,-1.05,0.43,0.31,1.67,1.48,3,0,0
1.33,-1.49,3.39,0.07,-1.22,0.71,-2.7,-1.63,3,0,0
-3.33,-0.14,-1.57,2.26,0.23,-0.06,0.9,-1.31,3,0,0
-1.32,-0.03,-2.53,1.29,2.32,2.63,0.54,0.83,3,0,0
1.41,-3.55,2.63,2.98,1.31,1.23,-1.34,0.01,3,0,0
-2.02,-0.04,0.93,-1.32,-2.65,0.45,-2.13,-0.7,3,0,0
-0.27,1.05,2.44,-2.96,-3.07,0.06,-1.7,2.76,3,0,0
-0.18,3.67,-0.86,1.68,2.51,1.79,0.74,2.93,3,0,0
-2.41,-2.01,-0.09,-0.13,-1.24,2.11,-1.7,-2.47,3,0,0
2.76,2.54,0.31,-0.41,1.31,1.75,-1.61,-0.22,3,0,0
-4.05,0.14,-0.39,0.25,-0.81,0.73,-0.72,0.94,3,0,0
2.07,2.08,0.91,-1.35,-0.21,1.04,-0.71,2.59,3,0,0
-1.91,-1.85,-0.39,1.21,-0.6,-1.46,0.82,0.74,3,0,0
2.21,0.3,2.01,-0.54,-0.1,0.81,-1.33,0.63,3,0,0
-1.32,-1.16,-0.42,0.4,-0.38,0.84,-0.34,-2.31,3,0,0
1.54,-4.97,2.83,2.35,-0.04,-0.27,-1.49,-1.64,3,0,0
2.16,-0.94,1.55,-0.82,-0.49,-0.05,-0.97,0.66,3,0,0
2.3,-0.8,-1.53,2.59,2.51,-0.99,1.45,-0.81,3,0,0
1.51,-0.29,-0.69,0.77,1.26,-0.84,1.49,2.71,3,0,0
-0.06,5.3,0.07,-1.78,-1.36,0.09,-1.63,-0.22,3,0,0
1.93,-3.32,4.74,0.84,-0.92,-0.26,-2.04,1.91,3,0,0
-1.23,0.06,-1.02,-0.37,-0.57,0.55,0.32,-0.58,3,0,0
0.95,-1.95,1.4,0.88,-0.95,-1.89,-0.4,-1.48,3,0,0
0.69,-1.04,-0.7,-1.63,0.26,2.84,-0.95,1.88,3,0,0
3.6,1.68,0.14,-3.44,-1.26,0.7,-1.34,1.1,3,0,0
-0.48,-0.41,1.41,2.13,0.33,-0.48,-0.09,0.64,3,0,0
1.85,-2.79,-2.15,-1.63,0.03,1.36,-0.04,-0.09,3,0,0
-0.47,1.33,1.01,-0.02,-0.29,1.74,-1.86,-1.32,3,0,0
0.16,-0.53,0.92,1.02,0.3,-0.69,-0.16,0.61,3,0,0
0.65,-1.44,-0.43,-2.29,-1.54,0.57,-0.83,-1.26,3,0,0
0.84,4.75,0.59,-3.63,-0.69,2.47,-2.72,3.53,3,0,0
-0.11,1.02,0.08,0.67,0.66,0.74,-0.11,0.72,3,0,0
0.14,-1.48,1.34,2.78,0.51,-1.99,1.09,1.63,3,0,0
0.35,0.81,-2.45,0.89,0.95,-1.47,1.28,-0.75,3,0,0
-1.66,0.57,-1.74,1.19,1.2,2.17,-0.37,-2.76,3,0,0
1.24,-4.89,0.78,1.51,0.02,-1.53,0.14,0.25,3,0,0
-0.15,1.35,0.94,0.26,0.29,3.54,-2.25,-2.03,3,0,0
0.01,-0.93,-1.6,-0.95,-0.11,0.41,0.22,0.52,3,0,0
0.81,1.0,1.46,-1.49,-0.84,1.75,-2.2,0.52,3,1,1
0.89,-1.26,0.04,1.96,0.33,-2.41,1.29,0.06,3,0,0
-0.7,0.86,0.62,-0.74,-1.44,-0.45,-0.67,0.38,3,0,0
1.25,-0.1,-2.01,-0.33,1.06,1.27,0.79,-0.71,3,0,0
1.81,1.35,0.47,1.29,1.19,-0.58,-0.15,0.16,3,0,0
-0.19,-2.02,0.38,-0.32,-1.05,0.97,-0.73,-1.63,3,0,0
-1.51,-0.8,1.19,2.26,0.32,1.02,-1.04,-1.3,3,0,0
-0.13,2.21,-1.34,-2.15,0.29,2.55,-1.07,2.36,3,0,0
3.39,-2.0,3.26,-1.56,-1.46,0.81,-2.42,0.89,3,0,0
2.51,1.34,-1.68,-0.2,1.71,0.99,0.4,1.27,3,0,0
4.61,-0.5,-2.67,-1.15,1.34,-1.54,1.51,1.77,3,0,0
-0.24,1.06,2.01,0.37,-0.61,-0.53,-0.89,2.15,3,0,0
-0.73,-1.98,1.01,2.09,0.09,0.33,-0.45,-0.93,3,0,0
1.18,0.82,0.34,-1.18,0.05,1.88,-1.17,1.1,3,0,0
2.06,1.08,2.12,-0.4,0.14,2.08,-1.99,0.39,3,0,0
0.43,-4.34,1.93,1.72,-0.6,0.36,-1.43,-4.28,3,0,0
2.24,-2.31,0.15,0.99,0.8,-0.77,0.33,0.13,3,0,0
1.13,0.79,0.01,-1.14,-0.97,-0.69,-0.2,0.55,3,0,0
-4.53,3.11,-5.61,3.88,3.29,0.94,3.77,-0.68,3,0,0
1.16,3.85,0.1,0.44,0.7,0.23,-0.08,0.41,3,0,0
1.47,1.18,-0.16,-2.96,-1.7,0.09,-1.16,0.17,3,0,0
0.87,-1.14,0.2,-0.03,-0.51,-0.33,-0.31,-0.21,3,0,0
0.66,3.97,-2.55,-3.09,-0.41,-0.69,1.32,5.16,3,0,0
-2.04,0.22,0.88,-0.23,-1.73,-0.72,-0.46,1.46,3,0,0
0.38,-0.74,-3.09,2.88,2.41,-0.46,1.7,-2.03,3,0,0
0.06,-0.47,0.96,1.23,0.57,0.24,-0.75,1.29,3,0,0
2.6,1.2,-0.01,-0.2,-0.46,-2.71,0.75,0.91,3,0,0
-2.81,-2.85,-0.99,1.52,0.34,2.03,-0.39,-2.06,3,0,0
-1.01,0.71,-2.52,0.6,0.95,0.51,1.06,-0.55,3,0,0
0.25,-4.8,3.37,5.61,1.51,-1.07,-0.52,-0.62,3,0,0
-0.55,-1.04,0.27,-1.13,-1.03,1.69,-1.55,-0.49,3,0,0
1.1,-0.83,0.05,-2.79,-1.47,2.46,-2.0,-1.56,3,0,0
-0.29,1.88,1.3,0.17,-0.62,1.09,-1.39,-0.83,3,0,0
-1.09,-1.13,-2.52,2.23,1.25,-0.15,1.23,-1.92,3,0,0
0.89,0.52,-1.86,3.22,2.53,-2.41,2.51,1.0,3,0,0
-0.85,-0.95,1.06,1.12,-0.22,-0.47,-0.02,0.13,3,0,0
3.76,3.07,-1.19,-0.13,1.79,-0.59,1.08,2.68,3,0,0
-1.96,-0.39,1.03,-0.37,-0.68,2.5,-2.37,0.61,3,0,0
-0.32,-0.5,-0.25,-0.06,0.25,0.9,-0.26,1.59,3,0,0
1.68,-3.43,0.91,2.52,0.54,-2.57,1.13,0.7,3,0,0
-0.07,0.31,-1.99,1.76,1.15,-1.98,2.34,1.03,3,0,0
-0.99,1.43,0.01,1.53,0.78,0.04,-0.04,0.58,3,0,0
-1.33,-0.29,1.64,0.9,-0.99,-0.84,-0.77,1.47,3,0,0
0.94,-2.38,2.78,1.41,0.1,0.27,-1.59,0.29,3,0,0
-0.91,-2.79,0.04,3.8,1.13,-1.23,1.28,-0.87,3,0,0
0.76,1.08,-0.91,-0.34,0.01,-1.39,1.18,2.47,3,0,0
-0.51,2.47,-1.84,1.61,1.84,1.35,1.06,0.73,3,0,0
-1.24,-1.92,-2.16,-0.27,-0.15,-0.07,-0.04,-0.33,3,0,0
2.17,0.97,1.12,-0.2,-0.65,-1.5,-0.21,0.38,3,0,0
1.84,-1.84,2.03,-0.02,-1.09,-0.78,-0.71,-0.92,3,0,0
0.53,3.71,-2.46,1.25,1.79,-2.02,3.46,4.48,3,0,0
-0.91,2.17,-2.82,1.32,0.87,-2.42,2.52,0.99,3,0,0
-2.52,-0.68,0.66,1.43,-1.03,-1.26,0.23,0.61,3,0,0
3.22,-0.17,0.53,1.53,2.25,0.2,0.29,1.09,3,0,0
-0.59,-0.66,0.83,0.25,-1.06,-1.93,0.39,2.48,3,0,0
3.5,-3.4,-0.06,1.08,0.42,-2.65,1.04,-0.36,3,0,0
2.16,-1.82,1.45,2.01,1.38,-1.17,0.85,3.26,3,0,0
-0.08,1.47,0.36,0.94,0.7,1.74,-1.0,-1.91,3,0,0
-1.32,-4.84,-1.23,1.78,-0.92,-3.8,1.87,-1.4,3,0,0
0.63,0.34,-1.9,-1.17,0.24,0.98,0.24,0.76,3,0,0
3.87,1.32,1.05,-2.6,-1.5,-0.93,-1.12,0.67,3,0,0
-0.05,2.31,2.12,-2.64,-1.74,3.8,-3.8,-0.42,3,0,0
-1.04,-2.68,-1.41,1.44,-0.05,-0.81,1.15,-0.97,3,0,0
2.24,-4.53,2.42,2.29,0.61,-0.91,-0.39,0.17,3,0,0
-0.69,-2.8,-0.75,-0.72,-1.0,0.06,-0.82,-1.35,3,0,0
4.42,0.52,-0.78,-4.13,-1.08,-0.67,0.06,3.77,3,0,0
2.58,-0.84,-0.76,1.01,1.01,-0.85,0.31,-1.66,3,0,0
2.89,-1.36,2.24,-4.0,-2.91,0.33,-2.99,-1.72,3,0,0
0.57,0.44,-0.02,-2.22,-1.07,2.03,-1.7,0.91,3,0,0
0.11,0.92,-0.7,0.97,0.96,-0.24,1.11,1.43,3,0,0
4.0,-6.11,2.18,0.06,-0.5,-1.64,-0.06,1.89,3,0,0
0.01,-1.97,-0.37,0.2,-0.51,-1.06,0.35,0.39,3,0,0
-0.54,0.18,-0.38,1.28,-0.84,-2.6,0.88,-1.97,3,0,0
0.8,-1.45,-0.74,-1.41,-1.06,0.33,-0.39,-1.11,3,0,0
1.14,-1.2,0.48,-0.67,-1.08,-0.66,0.02,-0.69,3,0,0
1.52,-0.03,0.54,-0.86,-0.58,0.94,-1.32,-0.56,3,0,0
1.09,-0.0,3.52,-1.21,-2.38,-1.27,-2.3,0.93,3,0,0
1.73,2.42,-2.9,-1.29,1.06,-0.26,1.06,1.53,3,0,0
0.98,-1.95,-0.22,2.27,1.68,0.22,0.56,0.68,3,0,0
-0.5,-1.45,1.59,2.57,-0.17,-1.14,-0.24,-1.24,3,0,0
0.54,0.02,-0.5,-1.31,-0.4,0.48,-0.31,1.51,3,0,0
1.9,-1.27,1.45,1.14,-0.46,-3.24,0.93,1.9,3,0,0
0.67,4.81,-2.0,-1.15,-0.15,-0.85,0.72,0.28,3,0,0
0.77,3.86,-1.81,-3.53,-0.77,1.73,-1.35,1.09,3,0,0
-1.81,-2.8,0.76,0.13,-0.46,3.01,-2.63,-1.53,3,0,0
-0.89,2.09,2.79,-1.72,-2.27,1.07,-2.53,1.08,3,0,0
-0.1,0.95,-1.41,0.4,1.17,2.48,-0.66,-2.18,3,0,0
0.56,1.89,-2.01,-1.69,0.01,0.64,-0.05,1.05,3,0,0
0.68,-0.3,-1.81,0.26,0.42,-1.41,1.56,0.21,3,0,0
3.8,0.24,-0.26,-1.75,0.77,2.2,-1.39,-0.36,3,0,0
3.16,-4.75,-0.23,-1.19,-1.14,-2.1,0.78,0.97,3,0,0
-0.65,2.17,0.12,-0.16,0.11,0.83,0.15,1.47,3,0,0
1.55,0.23,-3.35,-1.68,-0.4,-1.67,1.44,-0.08,3,0,0
1.92,-2.55,1.98,3.4,0.93,-1.26,-0.4,-1.38,3,0,0
-0.04,1.23,0.6,-3.06,-2.61,1.84,-2.3,-1.68,3,1,1
-0.18,-1.36,-2.26,0.91,0.79,-1.05,1.39,0.19,3,0,0
0.66,-4.54,-1.08,1.9,-0.09,-2.65,1.23,-3.53,3,0,0
0.28,2.18,0.51,-0.65,-1.08,-1.17,0.16,0.55,3,0,0
0.03,-0.69,-1.41,-1.74,-1.77,-0.31,-0.96,-3.2,3,0,0
-1.9,0.52,-3.58,2.0,1.32,-1.63,2.5,0.62,3,0,0
-1.95,1.81,-2.26,2.45,1.91,1.09,0.78,-2.54,3,0,0
0.55,-1.74,0.55,0.25,-0.62,-1.0,0.38,-0.38,3,0,0
-0.48,1.66,-0.27,0.68,0.44,1.02,-0.58,0.09,3,0,0
-2.45,-1.84,0.52,1.77,-1.28,-1.15,0.46,-2.08,3,0,0
3.22,-2.98,-1.83,-2.61,-0.78,-0.12,-0.09,-0.21,3,0,0
-0.91,0.05,1.95,-0.37,-1.14,1.2,-1.75,0.72,3,0,0
-3.42,3.28,-2.82,1.33,1.16,-0.3,1.95,1.43,3,0,0
4.02,0.46,1.11,-3.39,-0.61,2.56,-2.16,1.56,3,0,0
-2.68,-2.43,-1.65,-0.38,-0.84,1.28,-0.88,-1.62,3,0,0
0.74,-2.95,0.25,1.52,0.12,-1.53,1.33,0.64,3,0,0
-0.77,3.25,-0.37,-1.25,-0.09,1.55,-0.28,2.3,3,0,0
-1.39,-0.48,0.36,0.88,-0.61,0.5,-0.91,-1.54,3,0,0
0.22,1.36,-3.43,-1.16,-0.41,-1.43,1.76,-0.52,3,0,0
3.36,-2.42,0.01,2.69,1.84,-1.88,1.41,-0.43,3,0,0
-2.02,3.98,-1.71,-2.32,-2.02,-0.79,-0.09,0.48,3,0,0
0.9,-3.47,1.72,3.45,1.51,0.22,-0.26,-0.93,3,0,0
-2.72,-0.84,0.18,1.82,-0.31,0.87,-0.15,-2.23,3,0,0
-3.87,1.7,-0.42,0.7,0.08,2.35,-0.89,0.65,3,0,0
3.01,0.72,1.31,-2.47,-0.48,2.3,-2.97,-0.51,3,0,0
0.53,0.53,-3.72,-0.42,0.25,-1.38,1.51,-1.23,3,0,0
1.87,-3.11,3.08,0.09,-0.65,1.72,-2.67,-2.1,3,0,0
0.29,0.24,1.39,-2.48,-1.77,1.51,-2.26,1.29,3,0,0
-0.87,-0.98,-2.21,0.34,-0.02,-0.5,0.85,-0.42,3,0,0
2.1,2.17,-1.27,-1.88,0.85,2.93,-0.57,0.02,3,0,0
-1.14,4.18,-2.48,-0.07,0.48,-1.19,1.67,1.43,3,0,0
4.55,1.35,-1.2,-2.23,-0.65,-2.66,1.3,2.52,3,0,0
1.12,-0.37,-2.36,0.01,-0.1,-2.84,2.28,0.76,3,0,0
0.83,-0.38,4.3,0.19,-1.58,1.0,-3.4,-1.44,3,0,0
0.6,-1.2,-0.6,0.86,0.81,0.69,0.27,-0.51,3,0,0
-0.5,2.56,-3.26,-1.09,0.34,0.31,0.76,0.83,3,0,0
1.75,-2.84,1.44,-1.75,-1.34,2.51,-2.37,-1.48,3,0,0
3.67,1.71,0.38,-2.02,-0.9,-2.0,-0.0,1.49,3,0,0
-0.34,-2.16,0.16,1.37,-0.22,-2.28,1.05,-0.49,3,0,0
-1.71,-2.15,-1.5,0.49,-0.19,0.19,0.68,-0.34,3,0,0
2.31,-3.53,0.58,1.94,0.49,-2.04,0.26,-1.86,3,0,0
-1.77,0.62,-1.46,3.55,2.01,-0.83,2.15,2.24,3,0,0
-0.52,-1.39,-2.44,4.03,2.65,-0.98,2.71,-1.08,3,0,0
-0.24,0.55,1.95,0.25,-0.9,0.09,-2.09,-1.4,3,0,0
-2.63,1.06,-2.2,-2.17,-2.69,-0.7,0.08,-1.29,3,0,0
3.27,-1.67,4.2,-0.51,-0.74,0.49,-1.93,1.73,3,0,0
0.22,-1.78,-4.08,3.35,1.9,-3.54,3.9,-1.23,3,0,0
0.67,-0.61,0.29,0.18,0.27,2.21,-1.78,-2.17,3,0,0
-0.91,1.91,1.33,-1.23,-1.68,1.5,-1.53,1.35,3,0,0
-0.05,-0.48,-0.33,0.2,0.0,0.54,0.34,1.71,3,0,0
-2.59,-0.6,0.86,-0.24,-1.64,1.15,-1.63,-1.66,3,0,0
1.1,-0.44,0.52,-0.64,0.26,0.76,-1.05,1.4,3,0,0
0.65,0.7,0.35,2.37,1.13,-1.32,0.71,-0.24,3,0,0
-0.46,-1.83,1.28,1.49,0.75,2.09,-1.37,-0.12,3,0,0
-1.23,4.19,-4.4,0.94,1.57,-0.91,3.54,1.79,3,0,0
-1.26,1.35,-7.13,-0.32,2.42,2.64,2.4,-1.57,3,0,0
-1.82,3.38,1.01,-1.48,-1.86,0.03,-0.9,2.29,3,0,0
0.48,-4.21,-1.18,0.79,0.07,-0.26,0.35,-1.24,3,0,0
0.05,0.47,0.28,-2.2,-2.35,-1.32,-1.04,-0.34,3,0,0
1.41,-1.46,1.27,-1.67,-1.55,0.76,-1.68,-0.48,3,0,0
-2.4,0.78,-1.64,0.57,0.29,1.8,-0.27,-1.22,3,0,0
3.16,-0.39,-1.74,-0.6,0.91,-0.62,0.58,1.35,3,0,0
-4.51,-0.71,-4.41,1.45,0.69,0.99,1.46,-1.93,3,0,0
-1.6,-0.11,-4.0,1.05,1.35,0.66,1.87,0.62,3,0,0
-1.11,2.88,-1.66,-1.03,-0.48,-1.35,1.2,3.68,3,0,0
-0.07,-2.45,0.38,1.54,-0.12,-1.23,0.16,-1.51,3,0,0
-0.62,0.7,-1.16,0.45,0.88,2.4,-0.67,-0.74,3,0,0
1.76,1.74,-0.52,-3.16,-1.63,0.72,-0.72,-0.19,3,0,0
1.13,1.02,0.41,1.21,1.2,1.08,-0.87,-1.05,3,0,0
-1.69,-1.4,-2.62,2.63,1.45,-1.35,2.28,-0.99,3,0,0
0.69,1.29,2.16,-0.78,-1.13,0.64,-1.62,-0.53,3,0,0
1.43,2.73,-0.4,-2.3,-0.27,0.62,-0.6,2.01,3,0,0
2.23,-1.51,3.39,-0.78,-1.54,-0.03,-1.87,0.32,3,0,0
1.04,-0.86,0.78,-0.77,-0.98,0.38,-1.04,-0.18,3,0,0
1.25,0.31,-1.29,-0.12,-0.27,-1.08,0.81,-0.75,3,0,0
0.04,0.83,1.8,0.83,-0.53,-0.16,-1.11,-0.9,3,0,0
-1.93,-1.04,0.14,1.06,0.32,2.0,-0.43,-0.69,3,0,0
0.55,-3.08,-0.38,-0.15,-0.79,-0.83,0.19,-0.57,3,0,0
1.36,-1.45,-1.62,-2.36,-1.23,0.15,-0.49,-1.29,3,0,0
-0.9,1.48,0.15,-0.46,-0.28,0.53,0.24,1.44,3,0,0
-0.94,-1.08,0.03,3.9,1.39,-0.48,0.97,-0.52,3,0,0
1.77,3.1,-1.53,-2.94,-0.43,0.52,-0.16,1.17,3,0,0
0.93,0.89,2.97,1.99,0.34,-0.14,-1.19,-0.44,3,0,0
2.18,-0.73,-0.04,-1.07,-0.42,-0.18,-0.2,-0.08,3,0,0
1.16,1.01,0.47,-1.11,-0.49,0.09,-0.84,2.01,3,0,0
-0.36,0.24,-0.49,-1.57,-1.28,1.79,-1.56,-1.72,3,0,0
2.01,-2.39,1.94,1.88,-0.01,-2.15,0.02,0.4,3,0,0
2.78,-1.88,-0.7,1.3,0.88,-2.28,1.24,-0.24,3,0,0
1.92,-0.86,0.68,0.84,0.23,-1.34,0.57,1.86,3,0,0
0.91,2.47,-1.07,0.68,1.4,-0.64,0.95,1.3,3,0,0
1.57,3.44,-3.04,3.27,3.78,-1.17,3.02,2.09,3,0,0
-1.28,-1.06,1.45,0.48,-0.69,1.51,-1.66,0.18,3,0,0
1.0,-4.86,1.37,2.23,1.47,1.03,-1.13,1.01,3,0,0
0.44,1.34,-0.06,0.79,0.29,-1.3,0.41,0.68,3,0,0
0.69,-1.04,1.78,-0.85,-0.34,2.11,-1.62,0.67,3,0,0
1.56,-1.09,0.72,-0.94,-1.06,-1.64,0.22,1.93,3,0,0
1.35,0.49,3.13,-1.33,-0.86,1.56,-2.61,3.34,3,0,0
-3.28,3.04,-4.03,2.7,2.56,0.45,2.35,0.99,3,0,0
-0.23,0.03,-2.01,-2.17,-0.56,1.82,-0.56,0.34,3,0,0
-1.04,-0.47,1.8,1.74,-0.34,-0.54,-1.53,0.36,3,0,0
0.35,-0.56,0.17,-0.88,-0.44,1.81,-1.19,0.5,3,0,0
-0.89,1.9,-2.15,-1.57,-0.39,1.4,0.09,-0.17,3,0,0
-0.51,-2.16,0.39,2.32,0.63,-0.4,0.03,-1.14,3,0,0
-1.66,-4.38,2.61,2.01,-0.72,1.27,-2.2,-2.34,3,0,0
-0.77,1.33,0.81,-0.23,-0.09,0.57,-0.24,2.88,3,0,0
0.28,-3.07,1.44,1.47,-0.4,-0.23,-0.78,-1.18,3,0,0
1.68,1.37,-2.16,-3.58,-1.31,-1.38,1.56,3.34,3,0,0
-0.08,1.32,0.36,-0.05,-0.07,1.43,-1.36,-1.26,3,0,0
3.07,-2.61,1.63,-0.36,-0.43,-0.35,-1.22,-0.59,3,0,0
-1.05,3.74,-2.47,-2.34,-0.89,-0.29,0.26,1.51,3,0,0
-4.3,1.75,-0.51,-0.99,-1.52,2.56,-1.59,-1.06,3,0,0
4.2,0.44,-0.68,-0.91,0.71,-0.37,0.37,1.19,3,0,0
-2.12,4.12,-3.88,1.69,1.99,0.52,2.1,-0.27,3,0,0
-1.31,1.29,-2.08,0.33,0.3,0.4,0.54,-1.41,3,0,0
0.42,1.35,-3.52,0.82,1.78,-0.92,2.46,0.78,3,0,0
1.88,3.17,-0.17,-4.35,-1.7,1.94,-1.8,1.2,3,0,0
-0.11,-0.15,0.77,0.31,0.09,1.61,-1.46,-0.7,3,0,0
2.67,-1.55,0.46,-1.52,-1.3,-0.6,-0.7,-1.33,3,0,0
0.47,1.98,-0.6,-0.26,0.59,1.77,-0.81,1.35,3,0,0
2.88,-0.79,0.59,-1.3,-0.08,-0.71,0.2,4.12,3,0,0
-0.72,-0.12,-0.3,1.56,0.17,-0.34,0.62,-0.91,3,0,0
1.12,2.65,-0.45,-1.49,0.43,2.05,-0.64,1.61,3,0,0
-0.32,-1.81,2.19,0.54,-0.18,1.43,-1.27,1.8,3,0,0
-0.63,1.24,1.5,-0.01,0.01,0.91,-1.61,1.75,3,0,0
0.12,-1.25,2.27,1.88,0.38,-0.24,-0.02,0.49,3,0,0
1.37,-1.75,0.25,-0.52,-0.45,1.75,-2.16,-2.75,3,0,0
-0.16,0.26,0.28,-2.09,-2.24,0.35,-1.14,-0.21,3,0,0
1.23,0.96,0.53,-0.8,-0.24,0.42,-0.34,3.17,3,0,0
-1.51,1.39,-0.07,-1.25,-0.64,2.57,-1.76,-0.27,3,0,0
2.1,0.18,1.84,-2.3,-0.72,2.73,-2.7,0.19,3,0,0
0.8,-1.41,2.65,1.13,-0.97,-0.14,-1.31,-1.34,3,0,0
-0.72,1.96,-0.89,-1.36,-0.27,2.3,-0.5,-0.13,3,0,0
1.62,-0.62,1.57,-0.03,-0.12,0.43,-1.26,-0.54,3,0,0
1.94,-1.2,0.6,1.01,0.29,-1.97,1.11,1.32,3,0,0
-0.59,1.16,-2.31,1.02,1.13,0.16,0.84,-0.79,3,0,0
0.66,-3.4,0.06,0.74,-0.69,-1.47,0.27,-1.95,3,0,0
-1.6,0.12,0.15,1.29,0.94,3.75,-2.08,-2.4,3,0,0
-0.67,-3.03,-0.81,2.08,-0.87,-2.89,0.73,-3.26,3,0,0
-0.31,-0.67,1.29,1.17,0.22,0.86,-1.05,0.13,3,0,0
0.06,1.17,-1.49,0.39,0.7,0.03,0.33,0.05,3,0,0
1.3,0.4,-2.5,-0.22,1.26,-0.48,1.2,0.66,3,0,0
-0.03,2.16,-0.73,0.07,1.02,2.03,-0.54,1.48,3,0,0
1.02,-2.03,1.55,-0.75,-0.92,-0.48,-0.57,1.38,3,0,0
0.28,1.36,0.75,0.53,0.22,0.28,-0.83,-0.09,3,0,0
0.01,0.32,-2.14,-0.15,0.53,1.75,0.36,-1.48,3,0,0
-1.87,-0.02,-2.07,1.85,0.3,-0.7,1.05,-2.45,3,0,0
-0.54,-0.92,-3.03,0.6,0.7,-1.22,2.24,0.88,3,0,0
1.98,-2.08,1.47,-0.5,-1.38,-1.31,-0.26,0.61,3,0,0
-1.01,-0.66,-0.42,-0.76,-1.04,0.73,-0.83,-1.31,3,0,0
0.61,-0.13,-0.18,-0.79,-0.75,-0.56,-0.86,0.04,3,0,0
-0.4,5.43,-1.9,-0.91,1.28,1.88,0.62,2.72,3,0,0
0.12,-0.23,3.07,2.6,-0.09,-0.99,-0.4,1.4,3,0,0
0.2,2.76,-3.91,0.09,1.53,-0.11,1.7,0.04,3,0,0
1.73,0.56,3.07,-1.27,-1.47,0.83,-2.83,-0.21,3,0,0
-0.73,-1.0,0.21,1.74,0.52,0.09,-0.05,-0.86,3,0,0
-2.92,3.58,-1.42,1.35,0.79,2.83,-0.77,-1.77,3,0,0
2.43,-0.39,0.8,-3.04,-2.15,-0.7,-0.96,1.48,3,0,0
-0.95,3.44,-1.79,0.26,0.07,-1.32,0.8,-0.63,3,0,0
-0.2,-0.15,-2.88,1.53,0.79,-2.57,2.97,2.14,3,0,0
-0.24,-1.55,0.82,0.02,-0.67,1.21,-1.9,-2.02,3,0,0
-1.28,-0.27,0.92,1.36,0.31,0.87,-0.6,0.7,3,0,0
-0.5,2.99,0.14,-3.21,-1.97,0.79,-1.25,2.01,3,0,0
1.37,0.83,1.19,-1.86,-0.92,0.29,-1.07,2.21,3,0,0
0.38,-1.4,-2.08,-0.35,-0.05,-0.87,0.5,-1.57,3,0,0
-0.27,2.44,-2.25,0.62,1.43,0.7,1.43,0.89,3,0,0
1.41,-0.88,1.04,0.65,0.11,-0.97,0.34,0.22,3,0,0
-0.39,3.76,-3.46,1.32,2.54,1.23,1.46,1.16,3,0,0
0.68,2.93,-1.3,-1.24,0.48,1.74,-0.8,1.29,3,0,0
0.87,2.87,-0.18,-4.64,-2.29,0.77,-1.16,2.62,3,0,0
1.21,-0.74,-0.57,2.52,1.62,-0.66,1.15,1.14,3,0,0
-1.03,-0.13,-1.02,-0.04,-1.0,-1.2,0.42,-0.99,3,0,0
-0.61,0.83,-0.55,0.4,0.0,2.35,-1.53,-3.66,3,0,0
0.8,-0.41,2.02,-0.56,-0.09,1.81,-2.18,1.68,3,0,0
0.52,2.88,-0.61,-0.35,0.5,0.56,-0.37,-0.51,3,0,0
3.73,-4.49,2.19,0.41,-0.38,-0.38,-1.45,-1.08,3,0,0
1.94,2.11,0.11,-0.4,0.67,-0.0,-0.03,1.03,3,0,0
1.91,-0.59,0.46,-0.74,0.43,2.97,-1.91,-1.39,3,0,0
-0.33,-1.94,-0.86,1.74,1.2,0.88,0.13,0.54,3,0,0
3.53,-2.32,-0.63,3.26,3.05,-0.19,1.88,-0.17,3,0,0
-1.97,-0.18,0.05,1.8,0.34,0.83,-0.49,-1.49,3,0,0
3.21,-1.28,3.37,-1.18,-1.63,-1.9,-1.26,2.24,3,0,0
-0.65,-0.12,-2.32,1.07,0.89,1.21,0.61,-2.66,3,0,0
-1.49,3.67,-1.88,-3.73,-1.31,2.7,-1.4,0.83,3,0,0
0.74,2.16,0.57,-3.3,-2.11,2.19,-2.65,-2.29,3,0,0
1.73,3.65,1.5,-1.62,0.62,3.27,-2.5,3.16,3,0,0
1.22,0.44,0.32,-0.48,-0.35,-1.01,0.54,2.74,3,0,0
1.0,-4.5,1.65,3.14,1.42,0.32,-0.53,-0.48,3,0,0
-0.09,-2.54,2.37,0.9,-0.74,1.73,-2.14,-1.87,3,0,0
-0.64,-0.63,-2.77,-1.62,0.04,1.3,-0.0,0.58,3,0,0
1.37,1.53,-2.3,-0.24,1.27,0.14,0.84,0.9,3,0,0
-0.12,-1.15,-1.49,-0.59,-0.6,0.72,-0.27,-1.45,3,0,0
0.7,-0.08,-1.08,-0.35,-0.3,-1.06,0.92,-1.39,3,0,0
1.2,-3.5,0.68,1.02,-0.05,0.74,-1.35,-2.58,3,0,0
-1.46,0.37,0.66,0.86,0.25,1.62,-1.5,-0.32,3,0,0
-2.34,0.14,1.64,1.86,-0.44,0.45,-0.74,-0.94,3,0,0
-1.85,0.63,-0.0,0.28,0.18,1.57,-0.58,2.75,3,0,0
0.3,1.04,0.25,-2.03,-0.86,1.49,-1.39,1.19,3,0,0
1.96,-1.18,-1.02,-0.02,-0.18,-1.98,0.9,-2.09,3,0,0
0.36,1.97,-2.81,-1.11,0.59,1.23,-0.1,-0.92,3,0,0
1.72,3.09,-1.18,-2.51,-0.4,0.62,-0.21,2.0,3,0,0
-2.51,2.42,-3.28,0.14,0.35,0.6,1.1,-0.05,3,0,0
-1.2,2.82,-1.43,0.04,-0.02,-0.8,0.56,-0.99,3,0,0
0.77,2.61,1.77,-2.02,-2.36,-1.72,-1.51,1.01,3,0,0
-1.79,-1.99,-0.52,2.17,0.43,0.13,0.89,-0.18,3,0,0
-1.58,0.99,1.01,1.41,-0.06,0.34,-0.2,0.42,3,0,0
-0.08,-3.61,0.51,2.58,0.2,-1.29,0.31,-1.76,3,0,0
1.14,3.56,-2.8,-0.89,1.07,-0.72,1.68,1.47,3,0,0
-1.56,1.69,-3.38,-1.02,0.24,0.94,0.24,-0.49,3,0,0
0.02,-0.59,2.35,-1.14,-2.85,-1.79,-1.36,-1.42,3,0,0
-0.71,-0.03,-2.76,0.31,0.09,-0.91,1.78,-0.21,3,0,0
0.47,-0.3,0.8,1.9,0.96,0.98,-0.02,-0.45,3,0,0
-2.54,0.11,-3.55,1.2,0.55,-1.47,2.29,2.04,3,0,0
-2.18,1.06,0.69,3.3,1.61,1.41,-0.14,0.81,3,0,0
-1.32,-1.64,0.24,2.43,1.41,1.68,0.4,0.95,3,0,0
-0.94,-3.28,-1.4,2.08,0.44,-2.59,2.2,1.28,3,0,0
-2.02,3.56,-0.34,-1.52,-1.85,-0.98,0.17,2.8,3,0,0
0.38,2.54,-3.6,-0.86,1.07,-0.25,2.39,2.45,3,0,0
0.27,0.01,1.4,-1.55,-2.49,-1.85,-0.5,1.46,3,0,0
1.96,1.15,0.73,-1.94,-1.62,-1.12,-1.01,-0.09,3,0,0
-1.91,0.91,-1.59,1.09,0.35,-0.58,0.67,1.02,3,0,0
-0.41,4.23,-1.51,-1.48,-0.72,-0.82,0.52,1.72,3,0,0
-1.72,1.21,-2.39,2.1,1.81,0.9,0.98,-0.01,3,0,0
-0.26,2.42,-2.63,-0.24,2.06,3.49,0.52,1.12,3,0,0
-1.62,-1.49,-5.06,0.81,0.87,-0.28,2.58,-1.97,3,0,0
-0.29,-3.78,3.38,1.95,-0.64,1.16,-1.76,-1.85,3,0,0
2.49,-1.75,0.38,0.45,-0.59,-3.78,1.38,0.79,3,0,0
-1.3,0.8,0.79,2.1,0.4,0.93,-0.45,-0.39,3,0,0
-1.43,-2.2,0.92,2.01,-0.34,0.46,-0.33,-1.63,3,0,0
-0.4,1.42,-3.03,-0.12,0.36,-1.76,1.99,1.12,3,0,0
1.24,-1.67,-0.44,1.64,0.6,-2.28,0.8,-0.29,3,0,0
-1.08,-1.2,-3.09,2.93,2.55,0.29,2.0,0.83,3,0,0
0.45,0.34,0.5,-1.55,-0.55,2.17,-2.06,-0.09,3,0,0
-1.72,0.06,1.01,0.3,-1.03,0.56,-0.97,-1.35,3,0,0
-2.63,1.17,-2.13,-0.63,-0.56,0.82,0.36,-0.83,3,0,0
-0.62,-1.75,-0.65,0.94,0.52,1.37,0.15,0.54,3,0,0
-1.72,-0.9,-0.97,-0.67,-1.33,-0.6,0.12,1.47,3,0,0
0.11,3.2,-0.89,-1.95,-0.79,0.95,-0.7,0.05,3,0,0
0.05,-2.25,0.06,1.71,0.67,-0.47,0.45,-0.02,3,0,0
0.92,0.21,-1.57,-1.5,-0.43,0.38,-0.35,-0.15,3,0,0
-0.21,-1.03,0.68,0.39,-0.77,-0.05,-0.63,-0.47,3,0,0
-4.03,2.82,-2.37,1.9,0.95,0.12,1.47,2.1,3,0,0
0.34,-2.04,-0.12,-3.2,-3.21,-1.87,-0.43,1.25,3,0,0
0.68,-0.2,-1.85,-2.11,-1.34,-1.12,0.23,0.32,3,0,0
-0.28,-2.54,2.03,0.1,-1.01,0.72,-1.54,-0.81,3,0,0
-0.23,0.62,-1.35,-1.05,-0.75,-1.08,0.21,0.84,3,0,0
-0.17,-1.91,2.01,1.16,-1.43,-1.87,-0.81,-0.69,3,0,0
0.7,-0.05,-1.21,0.94,1.32,0.43,1.02,0.99,3,0,0
0.07,-0.37,-3.03,-2.39,-1.12,0.95,-0.38,-3.21,3,0,0
-2.44,3.01,-4.48,-0.25,1.47,3.07,0.73,-0.68,3,0,0
0.09,-2.87,-0.04,2.65,0.45,-1.46,0.56,-1.11,3,0,0
-3.28,-3.43,-3.02,6.96,3.18,-1.48,3.61,-3.17,3,0,0
3.38,0.25,2.28,-1.8,0.09,2.81,-3.49,-0.83,3,0,0
0.7,-3.47,0.03,3.57,1.76,0.43,0.31,-1.77,3,0,0
1.86,4.52,-3.08,0.31,3.28,-0.2,2.75,4.51,3,0,0
0.48,-1.38,0.58,2.04,-0.23,-3.35,1.36,0.28,3,0,0
1.54,-1.61,-0.15,0.59,-0.18,-1.0,0.46,-1.39,3,0,0
3.68,2.66,-1.16,1.4,2.41,-1.24,1.49,0.25,3,0,0
3.39,-0.68,-0.43,1.66,2.04,-1.06,1.46,1.98,3,0,0
3.25,-3.63,2.5,2.46,0.86,-0.89,-0.18,-1.3,3,0,0
0.53,2.26,-0.44,-0.65,-0.47,-0.49,0.56,1.18,3,0,0
-0.99,0.4,-1.53,-2.0,-1.88,-0.23,-0.37,-0.79,3,0,0
0.24,0.55,0.39,0.17,0.11,0.71,-0.28,1.23,3,0,0
-0.57,0.64,0.04,0.99,-0.08,-0.36,-0.09,0.23,3,0,0
-1.0,2.16,-4.54,-3.3,-0.99,-0.19,0.91,1.79,3,0,0
3.61,-1.34,1.94,-1.69,-0.49,1.7,-1.82,0.97,3,0,0
0.31,-1.23,2.62,1.2,-0.15,-0.4,-1.43,-0.49,3,0,0
-1.48,-0.87,-3.5,3.2,1.27,-2.07,3.02,-1.34,3,0,0
0.77,1.3,-0.59,0.32,0.07,-2.38,1.92,3.58,3,0,0
-0.35,3.08,-2.61,-2.32,-1.35,-0.24,-0.09,-1.15,3,0,0
-0.64,-0.72,4.77,-2.02,-3.47,1.53,-3.97,-1.38,3,0,0
0.03,-0.7,0.2,0.11,-0.96,-2.22,0.33,1.97,3,0,0
-3.01,3.34,-2.42,1.39,1.75,0.97,1.62,2.42,3,0,0
0.85,-0.13,-0.37,1.86,0.15,-2.35,1.13,-0.77,3,0,0
-1.67,1.03,-2.27,2.36,1.75,-1.27,2.16,1.99,3,0,0
0.06,-0.24,0.92,2.85,0.85,-1.01,0.26,-1.49,3,0,0
-1.02,0.06,-1.32,-0.03,-0.43,-0.58,0.75,0.17,3,0,0
2.58,-0.3,1.89,-1.35,-0.91,1.24,-2.2,-1.79,3,0,0
0.36,1.53,-1.06,-2.12,0.14,4.42,-2.25,-0.53,3,0,0
-0.17,0.25,-1.48,-1.54,-0.82,0.48,-0.23,0.38,3,0,0
-0.15,1.61,-1.91,1.33,1.83,0.31,1.62,3.42,3,0,0
0.98,1.07,-2.46,-0.23,0.87,-0.54,0.55,-0.71,3,0,0
-0.71,-2.16,0.54,4.73,2.8,0.94,0.56,0.35,3,0,0
2.85,0.7,0.6,-2.99,-1.06,1.84,-1.46,-0.22,3,0,0
-1.6,1.3,1.19,2.08,0.01,-0.14,0.18,0.12,3,0,0
-1.89,2.11,-1.41,2.9,2.57,1.99,0.35,-0.06,3,0,0
-0.52,-0.9,1.74,0.23,-0.88,0.22,-0.9,1.12,3,0,0
-1.9,2.28,-5.37,-0.4,0.21,-1.38,2.84,-1.31,3,0,0
1.36,2.92,-2.94,-1.35,0.55,-1.05,0.96,1.34,3,0,0
0.09,1.23,-1.02,0.24,0.63,-0.44,0.24,0.54,3,0,0
3.62,-2.75,5.65,-3.36,-3.72,0.08,-4.77,-0.44,3,0,0
-1.53,-0.28,-0.04,1.3,0.79,1.4,-0.32,1.52,3,0,0
-0.2,1.84,-0.83,0.51,0.81,1.31,-0.72,0.25,3,0,0
0.22,-2.49,2.36,0.1,-0.8,1.13,-2.23,-0.12,3,0,0
0.54,-1.06,1.32,-1.86,-2.48,-0.45,-1.19,-0.94,3,0,0
-1.38,0.23,-4.07,-0.21,0.22,-0.35,1.54,-0.88,3,0,0
0.09,1.78,-1.78,-0.73,0.1,-0.87,0.73,1.58,3,0,0
0.14,-1.71,0.54,1.97,0.08,-1.44,0.88,-0.5,3,0,0
0.68,0.45,0.4,1.12,0.75,1.48,-0.82,-0.92,3,0,0
2.66,-1.01,1.89,-0.22,-0.49,-0.33,-0.76,-0.07,3,0,0
-0.17,-0.19,0.03,-1.18,-1.02,0.52,-0.48,0.6,3,0,0
1.63,2.64,-1.18,-3.3,-0.4,1.86,-1.09,1.9,3,0,0
-1.38,1.34,0.83,-1.76,-1.87,1.2,-1.16,1.67,3,0,0
-0.91,2.26,-2.3,-0.73,-0.18,-0.9,1.04,2.26,3,0,0
1.35,-0.22,1.63,-1.25,-0.57,3.69,-2.28,-1.5,3,0,0
-2.23,-0.38,-2.48,1.73,0.36,-1.27,2.0,-1.06,3,0,0
-0.92,0.66,2.41,3.77,0.5,-1.14,-0.52,-0.25,3,0,0
-0.63,0.83,-3.05,-0.93,0.3,1.13,0.13,-1.31,3,0,0
1.37,2.12,0.96,-2.78,-0.7,0.91,-1.43,4.53,3,0,0
0.87,0.54,-0.16,0.31,0.58,0.16,0.5,1.75,3,0,0
-1.23,-3.58,-2.09,2.7,0.26,-1.19,1.32,-4.18,3,0,0
-0.83,-3.33,2.54,3.2,-0.0,-0.57,-0.54,-0.95,3,0,0
-0.87,0.29,-0.3,-0.8,-0.72,1.85,-1.47,-1.98,3,0,0
-1.43,3.54,0.18,-2.04,-1.09,0.61,-0.65,3.65,3,0,0
0.5,-2.7,0.64,0.92,-0.2,0.12,-0.66,-0.4,3,0,0
0.13,-2.26,-0.1,1.0,0.1,0.57,-0.36,-1.1,3,0,0
2.42,1.9,-2.62,-2.78,0.4,2.77,-0.71,0.02,3,0,0
-1.93,1.23,-2.41,0.72,0.88,1.93,0.45,-1.76,3,0,0
2.22,0.33,-0.61,-1.98,-0.49,-0.53,-0.78,0.09,3,0,0
-0.34,-2.79,0.78,1.51,0.28,0.07,-0.46,-1.27,3,0,0
-2.09,0.4,0.21,-0.5,-1.96,0.29,-0.94,-1.98,3,0,0
1.09,-1.16,0.87,0.71,-0.31,-1.6,-0.66,-1.17,3,0,0
-0.55,1.01,-1.65,0.93,1.23,1.94,-0.06,-2.13,3,0,0
-2.95,3.29,-2.28,-0.2,-0.35,0.29,0.78,-0.28,3,0,0
0.35,0.49,3.15,-1.48,-3.33,-1.84,-1.57,1.0,3,0,0
-1.08,-1.12,0.24,-0.54,-0.45,2.25,-1.94,-1.03,3,0,0
0.91,1.17,-0.39,-0.44,-0.35,-1.13,0.28,-0.84,3,0,0
0.4,-2.42,1.06,-0.25,-1.33,-0.36,-0.56,-2.17,3,0,0
-1.48,-0.18,-0.92,0.95,0.27,0.94,0.19,-1.12,3,0,0
-0.35,-1.74,-2.07,2.16,1.84,1.48,0.63,-2.14,3,0,0
-1.75,0.42,-0.41,1.19,0.77,1.34,-0.16,0.53,3,0,0
0.36,-0.63,-1.65,-1.46,-1.14,-0.5,-0.07,-0.51,3,0,0
1.03,-0.58,1.06,-0.73,-0.66,0.24,-1.44,0.17,3,0,0
-1.11,-1.33,0.42,-0.12,-0.73,0.95,-1.17,0.18,3,0,0
-0.71,-0.04,-2.52,-0.24,0.37,1.44,-0.13,-2.66,3,0,0
-0.82,0.94,-1.33,-0.39,0.06,-0.27,0.68,2.23,3,0,0
0.35,-0.15,0.63,0.17,-0.24,2.01,-1.57,-1.78,3,0,0
-0.61,2.79,-2.49,-0.5,0.72,-0.6,1.14,2.75,3,0,0
0.51,-0.37,-1.83,0.97,2.18,1.97,0.73,1.32,3,0,0
-1.3,-0.97,0.14,2.62,1.22,-0.05,1.0,1.97,3,0,0
-3.33,1.74,0.11,1.19,-0.0,2.07,-1.41,-2.13,3,0,0
-0.99,-0.78,-2.29,-0.14,0.01,-0.74,0.82,-0.43,3,0,0
0.06,-0.95,0.25,1.51,-0.8,-2.0,0.18,-2.74,3,0,0
1.11,2.95,3.03,1.99,1.88,2.94,-1.77,3.1,3,0,0
-0.14,-1.16,-0.74,0.98,0.98,2.04,-0.4,-2.06,3,0,0
0.43,-0.7,-1.65,-0.76,-0.36,-0.48,0.99,0.89,3,0,0
0.9,1.32,0.31,-1.2,0.22,0.82,-0.69,4.28,3,0,0
-0.62,3.04,-4.01,1.18,1.57,-1.06,2.77,0.77,3,0,0
0.31,-2.33,2.48,-0.43,-1.87,0.1,-2.15,-1.59,3,0,0
1.09,-1.63,0.6,0.6,0.13,0.97,-1.17,-0.71,3,0,0
1.56,-3.45,1.43,3.45,1.44,-1.42,0.84,0.75,3,0,0
1.26,-1.48,-2.26,1.1,1.46,-1.24,2.21,2.71,3,0,0
0.6,0.73,2.21,-1.61,-2.03,-0.16,-1.66,0.6,3,0,0
1.76,-0.95,1.23,1.86,0.72,-1.56,0.54,-0.11,3,0,0
-0.2,-2.96,1.92,0.75,-1.68,-1.43,-1.41,-2.04,3,0,0
1.05,0.44,-0.3,-0.62,0.09,-0.82,-0.05,3.01,3,0,0
-1.28,1.66,-2.68,-0.61,0.03,0.1,1.13,1.2,3,0,0
1.24,-0.25,-3.03,-1.75,-0.43,0.61,0.28,-3.08,3,0,0
0.38,2.55,-2.75,0.7,1.0,-1.42,2.15,0.58,3,0,0
2.77,0.99,1.99,-0.35,0.09,0.6,-0.81,1.67,3,0,0
-0.18,-1.31,-2.14,-1.41,-0.39,0.29,0.57,0.86,3,0,0
-0.63,-0.54,2.43,2.35,-0.03,-0.09,-0.94,-0.15,3,0,0
-2.22,-2.47,1.58,2.96,-0.39,-0.85,0.08,-2.05,3,0,0
-0.79,-2.07,0.73,2.58,0.9,0.61,-0.65,-1.87,3,0,0
0.92,0.51,1.09,-1.97,-1.79,-1.0,-1.24,0.89,3,0,0
1.08,2.56,-2.78,1.91,3.08,0.0,1.78,2.21,3,0,0
1.84,2.38,-0.28,0.54,1.39,1.0,0.51,0.28,3,0,0
0.12,0.58,-2.64,1.53,1.66,-0.48,2.18,0.61,3,0,0
-0.62,0.54,0.72,1.02,-0.04,-0.9,0.29,2.67,3,0,0
-1.61,3.62,-5.46,0.37,2.2,0.12,2.84,2.46,3,0,0
-0.55,-0.87,2.18,2.84,0.58,0.69,-0.69,-1.42,3,0,0
0.87,-4.26,1.36,0.09,-0.79,-0.15,-1.27,-0.78,3,0,0
0.66,-2.52,1.81,2.35,0.62,-0.07,-0.01,1.08,3,0,0
-2.51,2.84,-2.0,-0.03,0.72,2.02,0.67,1.83,3,0,0
0.91,-2.73,1.12,-1.36,-0.78,2.35,-2.25,-0.28,3,0,0
-1.83,-3.11,1.41,-0.92,-2.06,1.59,-2.49,-1.25,3,0,0
2.24,-1.05,1.66,-0.31,-0.66,-0.49,-0.92,-0.4,3,0,0
3.54,-1.15,-0.12,0.06,0.34,-3.14,1.31,2.43,3,0,0
0.49,-2.01,-1.36,-1.01,-2.23,-3.88,1.2,-1.76,3,0,0
-0.69,-1.7,0.56,0.82,-0.23,1.7,-0.97,-2.02,3,0,0
0.15,-1.26,0.08,0.52,-0.1,-0.76,0.17,0.23,3,0,0
3.04,-1.71,0.39,-3.85,-1.89,0.38,-1.24,1.41,3,0,0
-0.44,0.27,-2.17,1.24,1.66,1.34,0.52,-0.38,3,0,0
0.1,1.38,-0.97,-1.18,-0.2,-0.35,1.01,2.1,3,0,0
0.17,4.32,-1.31,-0.72,-0.06,0.13,0.81,1.15,3,0,0
0.04,1.79,-2.5,-0.5,0.87,1.99,0.03,-1.01,3,0,0
1.12,0.17,-4.77,0.53,1.93,-0.55,2.4,-0.25,3,0,0
