@relation SyntheticData-N_600-D_16-Nmin_60-Zmin_32-CL_1_3-R_0
@attribute X0 real [-7.27, 8.17]
@attribute X1 real [-7.38, 7.25]
@attribute X2 real [-7.28, 8.82]
@attribute X3 real [-6.43, 7.08]
@attribute X4 real [-5.39, 7.92]
@attribute X5 real [-6.53, 6.60]
@attribute X6 real [-7.43, 7.84]
@attribute X7 real [-6.72, 7.90]
@attribute X8 real [-5.71, 7.56]
@attribute X9 real [-6.68, 7.23]
@attribute X10 real [-7.35, 7.30]
@attribute X11 real [-6.84, 7.23]
@attribute X12 real [-7.43, 8.65]
@attribute X13 real [-10.58, 8.90]
@attribute X14 real [-7.18, 6.33]
@attribute X15 real [-8.48, 8.64]
@attribute cluster_idx {0,1,2,3}
@attribute is_noise {0,1}
@attribute Class {0,1}
@inputs X0,X1,X2,X3,X4,X5,X6,X7,X8,X9,X10,X11,X12,X13,X14,X15,cluster_idx,is_noise
@output Class
@data
-2.96,1.18,-0.12,2.03,0.12,1.44,3.4,-3.48,1.3,0.75,1.23,-1.33,0.76,1.07,-1.06,4.0,0,0,1
2.21,1.07,-0.32,2.28,1.13,0.79,-3.69,-0.2,0.95,-3.79,3.18,-0.43,-6.09,-2.9,-1.05,-1.59,0,0,1
-0.32,-2.28,3.46,-0.18,2.2,1.75,-2.31,2.01,1.59,-3.67,2.02,-2.96,-5.72,-2.7,1.25,-8.48,0,0,1
1.32,-1.63,-0.72,-2.37,-0.48,0.23,-2.82,0.67,0.35,-2.1,-0.73,-1.36,-3.3,-3.98,-0.39,-0.26,0,0,1
0.4,-0.08,-2.1,-1.46,1.71,0.52,-3.04,0.93,2.12,-2.68,6.76,-0.72,-1.87,-1.58,0.5,0.46,0,0,1
1.63,-1.89,0.98,-1.88,0.55,-1.54,-2.1,2.33,-0.57,0.15,2.03,0.76,-1.71,-0.97,-0.77,-0.05,0,0,1
1.52,2.89,3.71,-0.07,1.11,2.35,-1.24,3.44,-0.11,-4.4,1.89,-0.13,-1.92,-0.06,-2.24,-2.54,0,0,1
-1.87,-2.48,-2.47,0.3,1.83,-1.35,-1.79,-5.46,2.5,0.66,1.52,2.07,1.5,0.7,1.2,3.22,0,0,1
1.94,1.72,-2.64,-1.33,0.86,-1.51,-2.0,0.05,2.32,1.17,0.79,0.41,1.72,3.98,1.62,2.5,0,0,1
-1.22,0.71,1.77,-0.59,-1.79,0.7,1.16,1.81,-2.33,0.42,-2.01,0.46,1.15,-1.31,0.4,-0.62,0,0,1
4.09,-0.7,-0.68,-1.65,-0.19,-2.18,-3.76,1.77,0.58,-2.73,0.96,-0.4,-1.54,-0.97,1.28,1.04,0,0,1
-3.3,-0.18,0.17,-3.18,-0.8,1.86,-0.07,2.58,2.83,2.38,-3.16,0.99,0.19,-0.64,-0.89,-0.85,0,0,1
1.58,0.91,-0.5,0.81,-1.88,0.57,-0.7,2.26,-0.87,-0.2,0.31,0.3,-3.68,-1.51,-1.95,-1.96,0,0,1
-2.18,-3.05,3.84,1.63,-1.46,3.61,5.79,0.69,-0.71,-0.29,-3.46,-2.34,0.21,-2.38,-3.36,1.39,0,0,1
5.92,2.04,-3.62,-3.01,3.08,-3.16,-4.58,4.22,-1.58,-1.57,5.15,4.56,-1.41,2.06,3.15,0.03,0,0,1
-0.11,2.72,2.02,-0.03,5.12,-2.07,-3.88,-2.19,3.51,1.06,2.77,-0.72,0.39,4.0,0.78,1.36,0,0,1
0.08,-0.98,0.09,1.38,2.25,-1.83,-0.99,-5.84,2.42,-0.07,-0.65,-3.06,-0.31,-0.17,1.67,1.95,0,0,1
-2.23,-0.3,1.8,1.6,0.07,1.61,3.42,-3.39,2.0,-0.94,1.51,-2.24,1.47,1.62,-1.86,5.52,0,0,1
-1.29,1.22,-2.84,0.75,-0.87,2.43,4.05,1.1,-1.02,-0.36,4.04,3.61,2.78,0.52,-0.88,5.97,0,0,1
1.88,2.18,2.94,3.31,-3.33,-1.04,-0.36,-0.9,-2.53,0.29,-6.17,-2.25,0.18,-0.03,2.39,-2.05,0,0,1
1.87,4.49,0.74,2.72,1.4,2.46,1.17,-1.51,-0.93,-2.29,0.86,-1.24,-1.37,1.93,-2.56,1.65,0,0,1
-0.85,-1.04,-1.13,-2.6,2.09,-0.11,-1.23,-1.35,0.05,-1.04,1.47,-0.64,0.44,-1.11,1.95,-0.54,0,0,1
1.47,2.91,-0.88,1.48,0.32,1.04,-0.53,3.72,-1.92,-2.0,4.22,4.03,-2.03,-0.51,-0.18,0.41,0,0,1
-1.06,-1.77,1.49,-0.8,0.09,3.11,1.99,2.09,-2.06,-1.97,-0.91,0.76,0.38,-2.35,-1.1,-1.59,0,0,1
0.47,1.84,1.68,-2.92,1.36,-4.57,-6.01,-1.18,3.79,2.4,-1.87,-1.58,0.88,2.33,1.4,1.76,0,0,1
-1.9,-1.82,1.28,-2.33,-0.53,1.24,1.75,2.19,-1.8,1.59,-3.43,0.05,-0.54,-2.37,0.36,-4.29,0,0,1
-5.06,-4.22,3.23,0.67,1.91,3.51,5.09,-2.92,1.77,0.16,-5.42,-3.13,-0.92,-3.17,-0.51,-1.4,0,0,1
-0.73,2.89,-1.26,-2.28,-0.77,0.78,-0.37,2.89,-0.33,0.9,0.63,0.77,0.2,0.77,1.97,-2.92,0,0,1
-0.56,1.33,-1.49,-2.4,-0.14,0.08,-1.98,1.42,2.4,-0.63,1.81,2.02,-0.08,0.86,-0.49,1.06,0,0,1
0.05,-0.24,2.56,2.12,0.72,-0.27,-2.46,0.8,0.39,-0.2,-2.71,0.25,1.17,-2.92,0.15,3.88,0,0,1
-4.23,-0.74,-3.93,-2.7,-3.61,6.6,3.67,0.15,5.27,-3.1,-3.87,2.11,-2.52,-1.92,-3.7,1.86,0,0,1
-0.54,0.19,5.58,3.7,-0.65,-1.62,-1.69,-5.01,1.75,2.43,-2.81,-5.86,-1.0,0.7,-3.73,2.45,0,0,1
2.73,2.32,1.19,3.4,-2.03,0.53,1.91,3.46,-5.71,0.92,-0.32,0.17,-2.21,-0.32,1.7,-5.33,0,0,1
-3.03,-1.04,0.35,2.84,-0.2,2.59,3.91,-3.18,0.71,0.72,-1.67,-1.87,0.05,-1.12,-1.38,2.17,0,0,1
0.66,0.3,2.37,0.26,-0.21,-0.96,0.31,-0.7,-1.88,0.13,-2.83,-3.14,1.69,-0.48,3.34,0.65,0,0,1
2.28,0.37,-0.16,3.72,-3.81,-2.23,0.53,0.92,-3.41,2.81,0.02,-1.29,0.97,0.12,2.6,-1.06,0,0,1
-0.75,-1.38,0.63,-3.1,3.51,-0.11,1.06,1.83,0.63,-0.36,-0.98,3.81,1.81,0.23,1.16,1.61,0,0,1
-4.31,-3.95,-1.87,-3.85,4.33,3.35,4.42,-4.39,3.29,-0.62,0.44,-2.06,-0.44,-1.03,-1.52,0.28,0,0,1
0.18,1.84,-3.17,-1.68,0.71,-0.31,2.59,-0.65,0.22,0.12,2.88,1.64,3.23,2.63,0.71,5.9,0,0,1
1.13,1.42,-2.95,-0.55,-1.69,-1.97,-3.85,-0.78,0.92,1.53,-0.08,-0.15,0.63,1.91,2.94,-1.62,0,0,1
-0.56,-1.92,2.27,-2.26,0.92,1.91,1.63,3.55,-1.07,-0.88,-0.43,0.72,-0.59,-2.22,-0.95,-0.62,0,0,1
-1.25,-1.94,-0.21,-1.7,0.67,-2.07,-0.71,-2.49,2.05,2.07,-2.5,0.53,2.3,1.08,1.78,3.32,0,0,1
2.3,0.01,-2.11,2.1,-2.64,-2.01,-4.6,-1.64,-0.38,-0.29,-1.54,0.22,2.77,-0.59,2.22,3.1,0,0,1
1.62,2.68,-2.52,0.53,-2.88,1.28,-3.33,3.36,-0.26,-2.05,3.5,1.83,-2.06,-2.65,-2.5,1.15,0,0,1
-0.24,0.33,-2.91,-3.52,0.26,-1.69,-3.37,2.02,0.94,1.9,2.0,2.21,2.61,-0.09,0.73,2.69,0,0,1
-0.95,0.63,-0.08,-2.17,-0.24,-0.64,3.64,0.71,-1.5,2.58,-1.18,0.02,1.95,2.06,2.1,-0.33,0,0,1
-0.84,-0.89,-1.46,-0.23,1.88,1.68,2.33,-0.96,0.69,-0.87,5.54,-2.39,-1.52,-2.67,-1.76,3.38,0,0,1
-0.55,2.81,-4.31,-1.55,1.72,4.68,4.8,3.04,0.05,-3.03,7.15,3.54,-1.8,0.62,-2.34,1.25,0,0,1
-3.29,-1.81,-1.86,-1.37,0.37,1.93,4.53,-0.85,0.53,1.23,3.09,1.58,2.71,-0.46,-2.54,6.01,0,0,1
-1.97,-0.51,0.08,0.49,0.94,2.57,3.36,1.02,-0.63,-0.04,2.73,1.64,-0.04,-0.47,-1.75,-0.8,0,0,1
2.8,2.26,0.76,-1.56,0.17,-2.42,-1.68,2.72,-1.74,0.74,2.3,2.11,1.33,2.86,0.65,1.23,0,0,1
-1.65,2.5,-1.19,-0.1,-0.71,2.52,-0.08,-1.98,2.34,-3.25,1.87,1.14,0.94,1.21,-1.68,4.41,0,0,1
-1.23,-0.75,0.89,-0.13,-0.1,2.03,-0.19,3.65,-0.72,-1.17,3.38,0.95,-2.38,-2.32,-0.43,-3.1,0,0,1
-1.89,-1.93,-1.27,0.22,2.76,1.2,5.2,-4.07,2.95,1.12,-3.84,-3.66,-0.25,1.84,2.29,-2.46,0,0,1
-3.16,0.18,2.48,-0.47,-2.28,3.17,4.27,4.65,-2.18,-1.05,0.8,4.02,2.8,-1.81,-1.75,4.25,0,0,1
1.36,0.33,-1.51,2.98,-1.29,0.15,0.43,-3.13,2.38,-1.08,1.88,-4.88,-1.21,-0.6,-0.98,3.75,0,0,1
0.51,-1.58,2.01,2.88,0.66,-2.07,1.0,-3.43,-0.81,1.93,-2.38,-3.76,2.53,-0.09,2.17,2.36,0,0,1
0.2,0.64,2.41,3.99,-3.81,-1.88,-1.85,-0.65,-2.99,1.31,0.38,-1.52,2.13,-1.71,2.42,1.23,0,0,1
-1.32,-1.22,-0.6,-0.03,-3.29,0.52,0.48,3.75,-1.45,3.11,-3.49,2.0,1.83,-2.55,-0.22,-1.1,0,0,1
-1.61,-3.86,1.44,0.32,-0.69,-1.12,3.74,-2.17,-0.84,5.13,-7.27,-2.34,3.35,-0.04,2.03,-0.74,0,0,1
-0.38,3.24,-0.78,1.95,1.54,2.25,-0.39,-2.04,-0.02,-0.64,1.92,-2.32,-2.5,-1.9,-0.54,1.62,1,0,0
0.65,0.32,4.12,-2.94,-0.13,1.63,-0.99,-2.98,-1.06,-4.18,-0.75,-0.87,1.75,1.31,-2.98,1.37,1,0,0
1.68,-0.19,5.48,-0.59,-0.24,-0.39,0.19,-1.57,-0.68,2.06,-3.91,0.25,5.93,2.58,1.32,2.43,1,0,0
0.46,-1.62,1.75,0.4,1.12,0.28,-1.48,-0.68,1.09,-0.64,-0.53,-0.19,0.15,0.79,1.04,1.33,1,0,0
-2.56,-0.46,-1.44,3.44,1.39,2.5,-2.49,-1.61,1.0,-2.7,1.01,-1.73,-2.51,-3.02,1.51,0.69,1,0,0
0.82,1.92,-0.53,1.48,3.18,-2.05,3.25,4.59,-0.12,3.26,3.85,-1.96,1.28,0.35,2.77,-0.57,1,0,0
-2.23,-2.0,1.2,1.26,0.24,-1.05,3.25,1.04,-1.24,1.36,-1.58,-4.06,1.21,0.72,3.14,-0.02,1,0,0
2.87,-0.93,-2.84,1.5,-0.71,-4.34,-2.8,1.0,2.03,5.66,-1.85,-0.59,-0.87,-1.58,1.61,-1.16,1,1,1
-1.03,-1.71,-1.4,-1.43,-0.88,0.23,-0.87,3.39,2.7,2.13,-0.19,-1.4,0.94,0.35,3.37,1.21,1,0,0
-1.39,4.27,-1.0,1.95,3.37,0.59,0.85,2.41,1.58,-0.17,4.83,1.79,-0.9,-1.37,1.44,-1.68,1,0,0
-0.15,1.98,1.78,-0.2,2.29,1.07,3.17,0.49,-3.42,-0.68,2.44,-3.32,2.79,2.09,-0.89,1.98,1,0,0
-0.38,-2.57,0.74,-1.12,-0.14,-0.41,0.47,2.86,-0.61,-0.74,1.9,-0.69,2.34,3.79,2.86,-1.67,1,0,0
-1.52,6.47,-3.92,-2.71,2.66,1.62,2.63,4.34,3.09,-3.46,2.72,3.42,-2.81,-3.82,-3.43,-1.66,1,0,0
3.25,1.31,1.33,1.3,2.09,-1.65,2.68,3.29,-1.95,7.23,-3.66,-0.1,6.42,3.81,2.69,1.4,1,0,0
-0.1,2.54,-1.72,5.9,1.35,-1.03,-2.33,0.16,1.03,3.31,-1.24,-1.83,-0.02,-3.68,3.06,-0.06,1,0,0
2.36,1.36,-0.32,1.98,0.03,0.85,0.63,1.26,-1.33,1.01,0.97,2.75,-2.22,1.82,1.32,1.24,1,0,0
-2.14,0.55,-1.46,1.81,2.31,4.94,1.53,1.8,0.58,2.76,-4.96,-3.15,1.45,0.53,2.81,3.76,1,0,0
1.71,2.72,6.42,1.95,-0.18,0.19,0.95,0.62,-1.9,-0.95,0.53,-0.35,2.98,2.4,1.21,1.17,1,0,0
-0.61,2.01,1.53,-0.25,1.19,1.94,2.43,-1.42,-1.46,2.76,0.87,-2.7,3.47,2.42,2.2,1.82,1,0,0
-4.69,-1.51,-2.48,-2.74,-0.49,1.89,0.67,0.78,2.28,-2.96,-1.79,-2.02,-2.53,-0.85,-0.03,0.25,1,0,0
0.84,0.18,3.18,2.86,1.96,1.17,-0.47,2.57,-1.83,0.07,4.94,-4.32,2.68,5.7,3.76,-1.76,1,0,0
0.23,-3.55,2.9,0.18,-0.33,-1.06,0.01,-0.29,0.36,-0.75,0.82,-3.64,-1.27,2.3,2.28,0.49,1,0,0
0.01,1.85,-1.12,0.39,-1.02,2.42,2.09,-2.26,-2.99,0.68,-1.71,-1.45,-2.13,-0.73,-1.5,2.73,1,0,0
3.59,0.89,1.36,-2.11,1.17,-0.41,-1.26,-0.59,0.9,-0.49,3.15,1.78,0.73,2.47,-0.81,-0.77,1,0,0
3.37,0.3,7.53,5.4,-0.37,1.43,-3.09,-0.58,-0.3,-2.87,-0.92,-0.22,1.55,-0.99,2.05,1.82,1,0,0
0.29,-2.27,3.86,0.66,-0.22,1.48,-5.22,-0.77,-0.0,-5.53,-0.68,-3.22,2.26,0.94,-0.58,1.33,1,0,0
-5.77,3.96,-1.3,0.25,4.96,4.6,6.36,-1.4,-1.54,-1.96,-1.69,-0.05,-1.33,-3.78,-2.42,2.82,1,0,0
-2.03,-2.07,-1.16,0.73,0.97,0.34,0.96,0.91,1.01,1.36,-3.22,-0.49,-0.25,-0.88,2.14,0.63,1,0,0
-1.99,2.22,-3.99,2.01,0.3,-0.35,0.3,-1.74,-1.16,-4.88,2.85,-0.23,-5.16,-5.76,-3.22,-2.63,1,0,0
-1.99,-1.12,-0.35,1.11,2.17,2.95,1.44,1.29,-2.89,2.86,-1.1,-4.1,6.06,2.14,2.99,1.51,1,0,0
0.63,-0.38,-0.18,-2.93,-1.51,-1.48,-2.91,-3.61,3.57,-1.54,-2.29,3.45,-0.92,-2.06,-1.65,-0.67,1,0,0
1.86,-0.59,-5.9,0.35,-1.22,-1.03,-1.71,-0.73,0.38,3.36,-4.06,-1.5,-4.47,-5.25,-2.78,2.23,1,0,0
-2.68,-4.82,-0.12,2.58,-1.45,0.49,-2.1,-1.65,-0.32,0.41,-2.02,-5.64,1.4,1.34,4.27,-2.6,1,0,0
-1.59,-2.88,1.98,0.86,-2.48,0.7,0.58,-2.24,-2.39,-2.05,2.08,-1.49,-0.49,1.62,2.29,-0.9,1,0,0
0.21,-1.9,-1.1,0.09,1.52,0.16,-0.41,-0.64,-0.17,-0.57,-1.17,-0.75,0.52,-1.28,-0.58,-0.99,1,0,0
3.68,1.29,-0.78,-0.71,-2.38,-2.62,-3.99,-2.29,1.94,3.15,-4.7,1.6,1.64,-2.34,-2.03,-1.14,1,0,0
2.88,1.03,1.86,-1.22,-5.32,-2.38,0.54,2.97,-1.12,2.77,0.19,-2.07,1.73,5.91,2.97,-1.74,1,0,0
1.89,-2.24,-2.55,0.74,-0.7,-2.46,-0.01,-0.12,-1.22,1.13,1.79,-1.32,-3.32,0.05,0.16,-1.36,1,0,0
2.56,2.35,4.13,0.44,0.7,-1.26,0.59,-3.09,-3.71,-3.59,2.23,2.82,1.5,1.11,-3.4,-1.07,1,0,0
-1.02,0.84,-2.32,-2.25,1.47,2.31,1.82,-1.66,-0.29,2.39,1.11,0.25,2.58,1.07,1.06,0.24,1,0,0
1.71,-1.34,0.68,-2.34,-2.07,-1.06,-2.59,-2.67,0.86,-1.53,-5.62,3.6,-1.18,-0.34,-2.87,1.17,1,0,0
0.02,4.61,2.17,1.73,0.29,3.97,4.39,2.68,-3.79,-0.88,2.69,-2.52,2.48,0.24,0.74,0.89,1,0,0
1.03,2.36,-0.18,2.71,1.8,0.25,4.67,5.37,-2.48,1.86,5.7,-2.44,-0.52,3.31,3.36,-1.76,1,0,0
-2.23,-1.6,0.42,-0.26,-1.76,-0.58,-0.15,0.5,1.26,0.41,-3.68,-1.61,-0.65,-0.15,2.06,1.43,1,0,0
-0.6,0.18,-1.63,-5.06,2.22,1.91,-0.04,-2.21,2.76,-6.14,0.57,2.62,-4.75,-3.24,-5.78,2.1,1,0,0
2.22,4.83,-0.42,2.69,2.48,1.18,1.5,1.74,-0.6,1.33,0.9,2.38,-0.81,-0.46,0.02,0.71,1,0,0
1.21,1.0,2.91,-0.27,-2.23,1.45,1.16,-0.66,-0.69,4.3,-3.09,-0.67,4.76,2.73,3.6,2.08,1,0,0
2.49,2.75,-2.28,0.14,-0.4,-1.07,-0.66,0.5,0.48,1.26,0.15,-0.99,-2.27,-4.17,-2.52,0.69,1,0,0
0.89,-0.93,-3.1,-1.03,-0.9,0.7,-1.62,0.14,-0.83,-3.1,1.23,1.78,-3.73,-0.59,-2.33,-1.49,1,0,0
-0.44,-2.04,1.71,1.76,0.06,-1.83,-0.78,-1.65,-0.94,0.95,-1.42,-0.37,1.24,-0.04,1.6,-0.15,1,0,0
0.06,-0.26,2.68,0.2,-0.52,-0.66,5.22,3.7,-1.56,1.0,0.12,-0.44,1.76,2.82,3.38,-0.17,1,1,1
1.2,-1.63,4.88,3.93,0.58,-1.81,3.55,-0.34,-4.76,-0.51,1.34,-2.58,0.7,3.22,2.19,0.32,1,0,0
2.26,0.35,3.55,0.66,0.31,0.76,-0.71,-1.41,0.5,-2.6,1.38,0.26,-0.56,1.05,0.19,0.89,1,0,0
4.56,-1.11,1.4,-0.78,-1.03,-2.22,-4.93,-1.67,-1.83,1.68,-1.45,0.04,2.1,3.53,-1.24,1.17,1,0,0
2.77,3.16,1.98,-0.43,1.01,-1.17,-0.98,1.08,2.96,1.1,1.89,1.21,1.66,0.68,1.2,-0.33,1,0,0
-0.85,-0.38,-0.86,5.01,2.69,1.54,0.57,-1.13,-1.05,-2.92,-0.61,3.32,-4.37,-3.49,0.22,0.57,1,0,0
1.71,-2.11,3.58,-0.06,-2.17,-1.16,1.75,2.39,-2.21,-0.42,-2.74,-3.82,3.25,0.76,0.65,0.56,1,0,0
-0.6,1.7,-0.82,3.35,0.59,3.34,-1.01,-0.7,-2.09,-2.5,-1.97,1.75,-0.05,-1.39,-0.38,0.53,1,0,0
-1.88,1.38,-2.82,-1.91,0.72,1.24,-1.49,-5.14,2.25,-1.93,3.1,-0.68,-2.54,-5.18,-2.11,0.64,1,0,0
-4.15,-7.38,-0.3,-0.87,-4.52,0.26,-2.92,-3.21,2.26,-4.1,-3.57,0.35,-4.91,0.03,2.59,-0.61,1,0,0
-2.85,0.62,-0.49,-1.48,0.59,3.34,0.13,-0.88,0.58,-4.91,0.67,0.99,-3.2,-1.29,-1.57,0.06,1,0,0
-1.93,-0.26,-3.2,-3.2,0.04,-1.93,2.28,0.06,0.89,-2.02,1.99,-4.41,-4.25,-0.3,-2.46,-0.7,1,0,0
-2.67,-3.11,-3.93,-5.33,-1.02,-0.38,-0.4,-5.38,0.66,-4.49,-0.08,1.05,-3.41,-3.03,-4.51,-2.23,1,0,0
-1.95,0.54,-2.85,-4.0,-1.16,-0.53,-0.59,-0.09,3.23,0.09,0.94,-2.92,-1.16,-2.01,-0.91,-0.77,1,0,0
2.2,1.71,-2.46,3.12,3.24,1.83,-0.9,0.86,-1.39,2.02,-3.71,-0.84,-1.35,-3.72,-3.11,1.85,1,0,0
-2.03,0.17,0.16,-2.81,0.6,3.95,-1.68,-0.66,1.88,-2.37,-2.34,0.17,1.89,0.15,-0.54,1.71,1,0,0
-0.17,-2.64,2.71,-0.53,1.67,0.27,1.35,2.05,-1.44,0.25,4.55,-4.06,1.93,7.29,3.76,-1.07,1,0,0
1.97,0.24,-2.26,2.86,-1.84,-0.05,-7.43,0.89,3.71,1.18,-1.66,0.37,-2.45,-2.94,1.57,1.0,1,0,0
-1.06,1.16,-2.61,3.72,1.41,0.73,-1.15,1.67,1.91,2.13,0.71,-1.43,-3.36,-2.85,2.25,0.07,1,0,0
-4.23,-0.23,-1.61,2.83,3.85,3.1,0.01,-2.11,-0.9,-3.93,0.32,-0.99,-1.5,-5.23,-0.91,2.37,1,0,0
1.96,1.38,-1.47,-1.5,-2.71,1.45,0.86,1.02,-3.67,-0.59,-0.77,-1.16,-0.32,1.05,-2.83,0.88,1,0,0
0.08,-2.75,3.34,0.89,-1.54,-0.0,1.04,0.54,-1.17,2.26,2.16,-4.01,1.95,4.95,5.48,0.69,1,0,0
-2.07,-0.49,1.67,-2.3,0.75,2.82,-0.3,-0.64,1.98,-1.96,-0.05,-0.74,0.41,0.95,1.2,3.16,1,0,0
-0.84,-1.05,1.55,-3.82,-0.63,0.43,-0.14,-3.01,0.01,-0.66,-1.05,0.64,1.72,1.64,-0.84,1.46,1,0,0
-0.77,0.36,-0.96,0.66,-0.22,0.51,0.73,0.4,-0.47,0.49,-2.41,-1.06,0.6,-0.6,0.53,0.33,1,0,0
-1.32,-0.65,1.2,-3.58,-0.9,-0.19,1.79,-1.61,1.05,-1.61,-6.32,2.29,-0.23,-1.82,-2.47,1.47,1,0,0
-0.2,0.66,2.05,-1.86,0.36,2.54,-1.41,-2.52,1.01,-2.53,0.14,0.58,0.94,-2.33,-1.71,3.04,1,0,0
1.5,2.01,0.41,-1.42,-0.77,-0.36,0.4,-0.73,-1.43,1.05,-0.89,0.81,0.97,1.18,-1.05,1.61,1,0,0
-1.83,-7.16,-2.05,-0.87,1.75,-3.44,-5.22,-3.74,3.93,0.28,-3.41,-2.34,-0.51,-3.56,0.16,0.95,1,0,0
-1.06,-0.38,-4.36,0.05,1.02,-0.18,-1.2,-0.81,1.3,-2.73,3.05,-0.26,-6.17,-2.2,-1.72,-1.44,1,0,0
-3.66,-1.82,-2.52,-1.37,0.28,3.88,0.75,0.82,1.37,1.91,-2.88,-0.42,1.45,-1.05,2.85,1.8,1,0,0
-3.7,1.41,-3.12,-0.45,0.46,2.9,3.64,1.18,-1.25,3.7,1.03,-1.7,1.72,2.65,4.01,-0.95,1,0,0
-0.89,1.93,-0.61,-3.9,2.93,2.01,4.06,0.12,-0.78,-0.1,3.91,-1.18,1.33,1.85,-1.08,1.92,1,0,0
3.54,1.13,5.11,-2.38,-3.7,-0.91,2.55,-0.54,-4.42,2.2,-0.97,-0.82,6.12,5.15,0.6,-0.05,1,0,0
-1.28,-0.15,-0.15,-1.24,0.72,0.77,3.05,1.55,-2.21,-1.23,-2.72,-1.79,1.39,0.58,-1.67,0.08,1,0,0
-1.73,-2.15,-0.87,-1.53,2.0,-1.54,-1.33,-0.3,2.53,-3.16,5.17,-0.17,-1.64,1.28,0.92,-2.96,1,0,0
0.71,-1.59,-1.24,-0.71,0.33,-1.54,-2.91,0.41,2.14,-0.06,-2.44,-3.4,-1.26,0.41,-0.88,0.28,1,0,0
0.18,0.27,8.82,-0.98,0.77,1.63,4.42,0.39,-2.21,0.06,2.39,-5.53,5.44,6.59,3.56,3.84,1,0,0
-0.83,-1.46,-1.62,-2.88,-0.44,0.39,1.37,-0.54,2.02,0.08,-0.32,3.01,-2.64,0.41,0.94,0.99,1,0,0
0.39,0.87,2.31,1.41,-0.48,0.92,3.78,-0.54,-3.6,-1.51,3.05,2.13,0.22,1.88,1.66,-0.3,1,0,0
4.43,1.97,2.77,-2.04,-0.78,-0.09,4.73,3.31,-3.09,3.95,4.26,0.15,2.67,6.94,2.26,1.3,1,0,0
3.29,3.87,1.94,2.07,0.39,1.7,3.17,1.48,-2.45,-0.68,3.02,3.89,-1.47,1.98,0.81,0.45,1,0,0
-2.08,2.9,0.41,5.24,2.97,4.99,1.98,0.09,-2.44,-0.81,2.67,-0.66,0.19,-1.52,2.55,2.32,1,0,0
6.69,0.93,1.89,-3.46,-1.94,-5.04,-5.6,-1.78,2.49,-0.17,-0.54,2.3,1.6,0.42,-3.19,-0.46,1,0,0
-4.02,0.04,-3.96,0.44,1.3,2.68,-3.19,-0.83,3.37,-0.76,0.14,-0.57,-0.68,-4.58,1.43,1.34,1,0,0
1.39,0.4,2.07,-1.43,-1.22,1.07,2.31,1.41,-1.21,-1.32,3.64,0.41,-1.59,4.39,1.6,1.18,1,0,0
0.41,0.37,-1.15,-1.31,3.23,0.7,5.48,5.39,-2.33,0.83,2.11,2.07,0.61,4.0,0.31,-0.79,1,0,0
-0.85,0.44,-3.14,-2.15,2.21,0.56,1.61,0.48,0.59,0.93,0.76,0.12,-0.1,-1.67,-0.99,0.67,1,0,0
2.49,3.49,-0.45,0.75,-0.84,-0.15,-1.59,3.69,0.41,1.19,2.36,-0.55,0.76,0.55,0.32,-1.68,1,0,0
4.0,2.56,0.18,-4.66,-1.87,-1.76,-3.02,1.48,4.1,1.49,1.52,2.93,1.61,0.51,-0.48,0.38,1,0,0
-2.32,-1.22,-1.83,4.92,1.51,-1.25,-0.19,2.44,1.91,1.64,1.12,-0.31,-3.45,-2.66,4.86,-0.94,1,0,0
1.84,-0.81,-1.42,-0.47,-2.88,-1.43,1.08,1.6,-1.68,2.18,-1.47,0.55,-1.03,2.25,0.95,-0.62,1,0,0
1.44,1.0,4.95,1.24,1.63,2.94,4.1,-1.07,-2.31,-2.33,0.65,-0.08,-2.99,1.7,-0.37,5.27,1,0,0
2.77,1.19,-0.84,0.67,1.62,-3.83,0.76,1.11,-0.34,3.35,0.1,3.13,-0.08,-0.41,0.25,0.68,1,0,0
4.39,3.43,-5.4,-0.38,-2.99,-1.86,-4.64,-3.53,0.23,-1.04,-2.69,4.03,-5.01,-6.69,-7.18,-1.42,1,0,0
-2.38,-1.65,-4.22,-1.52,1.11,1.18,-0.69,0.3,1.39,-1.72,1.51,-0.01,-2.37,-1.54,-0.46,-0.96,1,0,0
0.67,4.86,-1.07,-1.47,5.08,3.38,3.9,3.54,0.87,1.38,4.41,-0.24,1.26,1.35,0.34,1.88,1,0,0
4.83,1.1,-2.71,-4.53,-2.14,-4.48,2.43,2.63,-2.22,2.21,2.99,4.69,-0.46,2.94,-2.35,-2.45,1,0,0
-0.16,-6.12,0.24,-1.09,-2.21,0.59,-1.68,-3.09,-2.1,0.79,-2.44,-4.89,1.08,1.77,0.96,1.97,1,0,0
-1.04,3.51,-1.22,-1.47,1.29,-2.47,4.71,-0.04,-2.16,0.71,0.67,3.83,3.16,-1.11,-1.4,-2.34,1,0,0
-1.66,-4.16,2.37,-1.0,0.95,-0.16,-2.37,-0.43,4.39,2.62,-0.15,-1.41,2.42,3.41,6.02,1.51,1,0,0
0.89,-0.55,1.74,-0.06,0.36,-0.49,2.51,1.35,-2.06,2.97,-1.14,-4.6,4.79,0.85,1.9,2.0,1,1,1
1.55,-0.29,-2.57,1.21,-1.78,-3.62,1.56,2.76,-3.64,4.6,1.23,-1.92,1.81,3.77,2.39,-3.4,1,0,0
0.57,-0.36,4.39,-1.91,-2.57,-3.25,-1.14,-0.3,2.85,0.23,-0.03,0.21,2.67,2.55,3.01,-0.77,1,0,0
-1.71,3.5,0.24,-2.91,4.12,3.44,5.29,3.45,-0.97,-2.5,2.0,-0.57,0.92,0.84,-2.28,1.92,1,0,0
-0.45,-2.71,-0.91,2.46,-0.23,-0.88,-2.21,-1.47,1.93,4.75,-1.96,-1.24,1.59,-0.17,4.96,0.94,1,0,0
-2.03,3.07,1.3,2.6,0.71,-0.4,1.0,-0.09,-0.87,-0.54,2.89,1.13,1.3,0.11,2.48,-4.9,1,0,0
3.03,1.52,1.27,5.41,0.72,-1.7,0.47,1.32,-0.58,4.15,-3.32,0.41,-0.19,-2.58,2.06,1.76,1,0,0
0.07,-0.57,1.82,-1.59,-0.94,1.21,1.79,-0.39,-1.89,-0.17,-1.49,-0.98,2.57,0.95,0.28,3.14,1,0,0
2.87,1.05,2.75,1.68,1.29,0.32,-1.38,1.65,-1.48,-3.47,3.26,1.7,-3.5,1.85,-1.15,0.99,1,0,0
0.52,-0.95,0.58,-5.37,-0.44,3.43,1.48,0.98,-0.53,-0.29,-1.78,-2.06,1.44,3.83,-1.22,5.51,1,0,0
3.57,5.16,2.48,1.06,0.28,-3.08,2.41,1.18,-3.04,-0.02,4.82,1.27,0.88,1.78,-1.11,-1.56,1,0,0
3.36,-0.0,2.37,0.91,-2.04,-3.24,-3.36,-1.71,1.12,0.88,-0.49,0.82,0.47,-0.91,0.28,-0.94,1,0,0
1.0,-0.63,0.47,-2.71,0.48,4.23,-2.03,-2.34,0.59,0.24,-2.34,-1.52,1.33,-0.34,-1.8,4.86,1,0,0
0.21,1.91,1.9,-0.61,2.17,2.58,3.87,2.38,-1.39,-1.45,-3.25,2.33,-0.2,0.63,-1.72,3.28,1,0,0
2.09,-1.25,-7.28,-0.86,-0.87,-2.49,-3.2,-2.31,-0.36,5.67,-3.94,-0.88,-1.04,-4.02,-2.28,1.22,1,0,0
2.03,-0.44,2.1,-3.5,-2.78,-5.17,-3.02,0.34,2.52,-1.89,0.4,1.84,1.87,1.34,-0.52,-2.55,1,0,0
-0.54,0.65,1.09,-0.54,-0.45,3.05,2.58,-0.29,-1.8,1.44,1.52,-2.18,2.23,3.75,3.08,1.72,1,0,0
-3.46,3.86,-1.23,2.48,1.49,2.1,1.76,0.16,-1.19,-2.07,7.3,-0.79,2.33,-1.11,3.14,-4.05,1,0,0
-1.47,-1.74,-0.87,0.02,-1.47,-2.29,-1.43,-1.72,0.79,-3.52,2.56,1.66,-2.9,-1.07,0.56,-3.86,1,0,0
-3.83,-1.58,-0.48,-0.24,3.03,3.5,-5.18,-0.78,6.02,-3.9,4.39,-3.99,-0.18,-1.75,2.83,1.33,1,0,0
-2.95,-1.73,1.12,-1.58,-0.45,2.84,1.03,-0.21,0.64,-4.89,-3.35,0.82,0.06,0.29,-0.07,0.38,1,0,0
1.3,1.87,1.94,5.69,0.1,3.62,0.29,0.88,-2.26,1.2,-7.35,0.7,1.37,-2.72,0.85,3.59,1,0,0
6.53,1.4,2.45,1.25,-0.71,-3.8,-2.26,2.39,-1.98,3.23,-0.41,-0.73,2.14,2.5,-0.53,0.77,1,0,0
0.75,-2.09,0.71,1.62,-1.24,-3.44,-0.12,0.28,1.04,-1.22,-0.28,2.28,-3.66,-1.39,1.0,-2.49,1,0,0
-0.46,2.2,2.31,-1.95,-0.97,1.78,1.95,0.88,0.71,3.37,-2.62,-0.3,4.39,2.32,2.34,0.51,1,0,0
1.85,1.07,0.26,-0.24,-0.97,-1.44,1.32,2.82,1.28,6.02,1.4,0.88,4.73,2.23,5.26,-2.67,1,0,0
-0.07,0.83,-0.94,2.97,1.55,-1.91,-0.12,-1.83,-0.5,1.99,-0.15,-2.16,1.82,-3.56,0.97,-0.5,1,0,0
-1.9,-2.23,1.95,-1.48,-0.69,0.15,-0.28,-2.26,-0.12,-2.81,2.89,-0.7,0.37,2.0,1.53,-1.21,1,0,0
-1.39,-1.11,-4.57,-4.09,0.03,-3.09,-0.2,-1.78,2.13,-0.74,4.23,0.33,-3.08,-0.49,-0.93,-3.11,1,0,0
4.45,-0.93,3.04,-1.6,-2.76,-3.35,-3.68,0.07,3.1,5.74,-2.56,-3.55,3.7,3.03,2.81,1.91,1,0,0
-0.08,-0.41,2.49,-0.06,-1.43,0.2,-0.92,-1.6,0.41,0.25,-1.95,-1.31,1.77,1.61,1.72,0.89,1,0,0
-1.1,1.61,-2.37,2.14,2.14,0.96,0.44,2.93,1.68,4.77,0.51,-2.02,0.92,-0.55,3.93,0.58,1,0,0
-0.2,-2.19,-3.72,1.24,-1.08,-1.75,-2.41,0.05,2.46,1.55,-1.93,2.1,-3.81,-1.51,1.68,-2.15,1,0,0
2.14,-2.63,0.66,0.27,-0.82,0.87,-1.64,-4.66,-1.96,0.69,-3.47,-0.09,-1.43,-0.13,-1.55,3.22,1,0,0
4.74,1.89,0.91,2.48,-1.68,-4.5,0.3,-0.15,-3.19,3.05,-1.0,3.33,2.05,-0.93,-0.45,-2.47,1,0,0
-0.26,-4.32,3.45,0.79,2.77,1.37,-4.09,-2.0,3.53,-0.61,-1.53,0.69,1.58,1.01,3.43,2.24,1,0,0
1.38,-1.12,1.2,-0.43,-1.85,-2.87,-4.41,-2.63,0.39,-2.45,1.3,0.86,0.76,-1.33,-0.88,-3.15,1,0,0
0.89,0.61,1.36,-0.58,-0.67,0.87,3.08,-0.91,-3.02,-1.87,2.32,0.9,-1.51,2.53,-0.47,0.41,1,0,0
-1.09,2.11,1.48,1.32,2.86,0.62,0.99,0.58,2.53,0.85,3.33,-3.13,2.82,-1.43,3.3,0.38,1,0,0
-1.06,-2.19,5.23,1.28,0.5,0.01,-0.64,-2.84,0.72,-5.72,1.03,-2.56,-1.7,-2.3,-0.62,0.32,1,0,0
1.37,1.13,-1.67,-2.14,1.95,1.72,-1.5,3.48,3.93,1.13,1.09,-2.5,0.4,1.53,0.98,1.51,1,0,0
2.94,3.48,-5.08,0.01,-0.66,0.14,-1.34,3.48,2.72,1.75,-3.21,1.52,-2.08,-4.65,-2.03,0.64,1,1,1
1.89,2.02,-2.39,-0.32,0.63,-2.69,-1.17,2.69,1.95,1.86,-1.27,-0.18,0.12,-3.19,-1.41,-1.57,1,0,0
1.64,-4.56,0.49,3.68,-2.01,-4.13,-4.27,-1.78,1.63,-0.75,-3.82,1.24,-3.75,-2.56,1.0,-2.55,1,0,0
1.04,1.56,-0.29,-0.58,3.51,1.24,0.44,-0.23,-0.58,-0.34,2.45,-0.98,0.36,-0.66,-2.05,1.97,1,0,0
-3.72,0.9,-2.59,-3.58,2.93,6.12,-3.46,1.35,6.93,-4.01,1.1,-2.85,-1.03,-2.87,-0.62,2.34,1,0,0
0.65,-0.77,0.03,1.87,1.35,-0.33,0.8,-0.31,-1.93,-0.11,1.29,-3.77,0.82,-0.81,0.17,-0.17,1,0,0
3.59,4.3,4.28,4.98,4.39,2.75,0.61,0.32,-1.65,-0.09,-2.76,2.45,2.0,-2.3,-1.39,4.21,1,0,0
1.25,1.56,3.36,-1.95,1.84,0.43,1.41,-0.3,-0.08,-2.62,3.59,-0.3,0.76,1.64,-1.41,0.7,1,0,0
-3.76,-2.02,-0.17,0.71,-2.23,1.42,-0.66,1.93,2.82,-1.49,0.48,0.39,-1.42,0.01,4.73,-3.03,1,0,0
-0.18,0.83,0.76,-1.63,1.31,3.53,1.01,-0.22,0.81,0.42,0.5,-0.18,-0.65,2.0,0.73,2.63,1,0,0
0.12,0.28,-0.58,-0.56,-1.31,1.52,2.35,2.07,-1.38,0.73,-1.84,-0.07,0.63,1.81,0.97,0.24,1,0,0
-1.2,-1.09,-0.6,0.61,2.1,3.73,-0.65,-3.36,-1.38,-2.25,-0.72,0.04,-0.42,-2.07,-1.48,1.82,1,0,0
-1.6,-2.29,2.26,1.17,-1.09,0.89,2.29,-2.68,-2.17,0.14,-2.22,-2.1,-1.01,-0.26,1.49,2.23,1,0,0
3.83,5.06,-1.16,-1.18,-1.58,1.09,0.8,2.76,0.52,5.06,1.47,2.07,0.79,3.32,2.04,0.5,1,0,0
-0.99,0.71,-4.37,0.18,0.25,1.15,-1.25,0.29,1.12,0.56,0.52,-0.39,-1.87,-3.76,-0.5,-0.97,1,0,0
-1.35,-0.81,4.77,-0.28,0.1,1.71,-2.34,-4.1,1.15,-6.68,3.99,-0.02,-0.38,1.55,0.73,-0.61,1,0,0
-1.1,1.53,0.38,-1.07,0.66,2.64,2.42,-2.91,-0.87,-5.2,-0.14,0.56,-2.92,-2.17,-3.46,0.22,1,0,0
-3.68,-3.16,-1.59,0.41,-0.22,1.84,-1.59,-1.56,1.45,-0.54,-4.23,-0.56,-0.52,-1.73,2.22,1.95,1,0,0
-0.91,1.3,-3.01,-0.53,1.42,0.24,-0.81,-2.69,-0.41,0.72,0.91,-1.38,0.39,-2.35,-1.42,0.94,1,0,0
1.34,-1.54,-2.45,-2.81,-0.98,-2.72,1.24,-1.35,-0.38,-1.05,3.93,0.49,-3.56,1.38,-1.25,-2.02,1,0,0
-2.66,-2.41,1.34,-0.39,1.34,0.47,1.71,-2.29,-1.58,-4.47,0.46,0.56,-0.18,1.67,0.12,-0.31,1,0,0
0.31,-0.45,2.49,0.14,-0.96,-1.99,1.33,-2.51,-2.91,-1.26,0.5,-1.2,0.94,1.75,-0.31,-1.08,1,0,0
-0.43,-0.96,0.43,4.79,1.67,-1.96,3.04,-1.28,-2.43,-4.08,2.18,2.25,-6.71,-1.37,-0.27,-2.96,1,0,0
0.23,1.53,0.52,-0.2,-1.3,-0.15,3.66,-3.2,-3.9,-1.38,1.65,1.5,-0.08,-0.21,-1.66,-2.46,1,0,0
0.08,1.82,-0.23,-2.17,-1.54,-2.45,-2.01,-3.51,0.3,-1.58,2.03,1.28,2.58,-1.12,-1.79,-3.64,1,0,0
-1.0,2.53,-2.04,-1.5,1.0,2.48,-2.91,-3.39,1.99,-2.07,-2.06,2.16,-0.04,-4.98,-3.21,3.8,1,0,0
1.8,2.28,0.96,0.62,3.73,-2.54,1.19,0.3,-1.11,-1.34,1.19,0.11,1.03,-2.46,-3.06,-0.08,1,0,0
1.97,-0.89,2.86,-0.29,-1.02,-0.99,2.32,-2.17,-1.65,1.78,1.9,-0.63,-0.76,3.19,1.72,1.42,1,0,0
1.79,-1.77,0.81,3.09,-3.87,-3.66,-0.94,-4.16,-0.01,2.98,0.44,2.28,1.43,-0.93,-0.92,5.64,2,0,0
-3.45,5.22,1.83,4.36,-0.25,1.0,-3.48,-5.08,0.6,-1.93,-2.2,-1.64,0.03,0.8,-3.14,1.91,2,0,0
2.58,0.37,3.3,0.15,-2.47,-0.8,-1.61,-3.07,-1.29,2.88,-3.31,-1.38,-3.04,-2.51,3.02,2.16,2,0,0
-2.17,0.82,4.29,-1.2,0.78,1.77,-2.45,0.6,3.94,-0.31,-0.22,-2.94,-1.88,-0.93,2.51,-3.5,2,0,0
0.89,-1.11,-2.65,-3.1,-3.78,-0.96,-3.33,1.25,-0.53,4.26,-1.13,-0.32,-1.7,-1.19,2.31,0.5,2,1,1
-3.49,1.2,1.55,-2.97,-2.42,-5.13,1.2,1.14,3.51,-0.98,-3.05,3.28,4.37,1.44,-1.91,6.71,2,0,0
0.57,2.1,-3.22,-2.62,1.84,-2.92,-0.68,0.83,1.11,2.37,1.67,0.12,-4.08,1.11,0.51,-1.23,2,0,0
-2.97,-0.16,1.9,3.39,-0.56,-5.49,1.04,-0.45,1.0,-0.96,3.0,5.97,1.11,-6.23,-3.17,-4.63,2,0,0
-0.13,-0.39,0.37,0.15,-2.98,3.23,-1.11,-0.13,-0.69,0.84,-1.95,-1.77,0.7,-1.11,-0.76,2.73,2,0,0
-2.96,-1.41,-0.17,-1.53,-1.26,2.71,-1.54,-0.61,3.39,0.43,0.43,-1.3,-2.12,-1.68,0.53,1.34,2,0,0
-3.75,5.97,0.68,-1.28,1.94,0.44,-1.84,-3.04,3.25,-5.3,-2.81,-2.67,1.64,2.36,-1.5,1.43,2,0,0
2.9,-0.5,1.02,0.06,-2.81,-1.63,0.24,1.88,-1.68,3.96,-1.16,0.93,-0.54,-0.95,-0.05,1.96,2,0,0
-0.39,-1.14,-0.79,2.9,-0.09,-6.53,-0.57,-0.92,0.59,2.58,2.84,5.6,-1.59,-3.66,-1.41,-1.55,2,0,0
-1.47,0.37,0.26,-3.04,-4.24,1.2,-5.32,-1.66,1.02,1.67,-5.27,-4.07,-1.55,0.24,4.12,2.98,2,1,1
-2.94,-1.07,2.61,2.84,2.79,0.46,-2.54,-0.6,1.48,-2.2,1.09,0.73,-0.67,-0.32,-1.71,0.81,2,0,0
1.92,3.84,2.84,-0.32,0.82,-1.22,0.44,-0.14,-0.18,0.3,1.04,-0.91,1.75,1.47,0.57,-1.27,2,0,0
-2.45,1.67,-0.17,3.09,-1.22,-3.09,2.31,-1.99,1.6,-1.92,-2.75,3.27,0.88,-3.01,-2.68,-0.45,2,0,0
4.19,-0.43,-2.35,2.9,1.43,-0.86,0.23,-2.1,-3.69,0.2,3.58,-0.61,4.15,4.13,0.28,-0.96,2,0,0
3.16,0.25,-1.16,-2.57,3.53,-0.13,0.13,2.11,-1.62,1.08,2.06,-1.58,-0.2,4.8,-0.31,2.96,2,0,0
-1.23,-4.23,-0.95,-0.41,-1.71,2.8,-1.31,1.57,-0.88,0.66,-0.99,1.25,-3.13,-4.83,2.22,-1.87,2,0,0
-2.06,3.09,2.51,-2.93,4.0,-0.69,1.03,1.0,4.83,-3.99,1.85,-1.56,3.0,5.4,-0.06,1.24,2,0,0
3.72,-3.32,-3.48,-1.09,1.06,4.65,4.28,0.32,-0.62,1.15,3.69,-2.71,-0.69,-0.8,3.19,-3.24,2,1,1
-1.87,0.29,4.07,1.24,-1.24,-0.16,0.63,-2.7,0.99,-2.08,-0.17,0.47,3.56,-1.61,0.69,-0.0,2,0,0
2.27,-1.73,-2.05,0.5,-0.59,-0.96,-0.62,1.65,-3.07,2.77,0.63,1.96,-1.82,-1.56,-1.11,0.76,2,0,0
-0.38,-4.37,-0.75,1.37,-0.35,-4.56,-2.09,0.5,0.76,2.96,1.52,3.85,-2.96,-2.67,0.07,1.39,2,1,1
-0.73,2.41,2.39,0.06,-1.14,-2.8,0.1,1.11,0.56,-0.48,0.5,1.18,3.51,-1.29,-2.88,-1.15,2,0,0
-2.19,-0.75,-2.92,-2.68,-1.92,-3.01,0.81,2.08,-0.01,0.19,-1.27,3.79,1.22,-2.13,-1.41,0.91,2,0,0
-0.53,-1.22,-0.06,1.39,0.39,3.87,0.79,3.82,-0.24,-2.05,-0.39,-0.75,-0.67,-1.9,-2.26,-1.46,2,0,0
0.49,0.33,-0.39,-0.54,-3.58,-4.65,-2.5,-0.41,-1.05,3.91,-1.91,1.33,-1.4,0.42,0.41,2.45,2,0,0
-0.93,-2.01,-1.31,3.69,-2.82,-3.75,1.45,-1.8,-1.57,1.15,0.57,5.3,1.05,-3.65,-2.94,0.61,2,0,0
-2.9,-0.18,-2.33,-0.76,-1.27,-2.65,-4.98,-3.5,0.33,1.63,1.52,1.67,-1.28,0.88,1.28,3.09,2,0,0
-0.05,-0.6,0.16,-1.1,0.08,-1.88,-2.17,-2.25,-0.1,0.06,-1.44,0.15,0.88,0.45,0.07,5.56,2,0,0
-1.96,0.96,-0.47,1.72,-1.96,-3.25,-0.45,-0.38,-1.35,-0.23,-0.61,3.18,4.04,0.37,-2.24,0.03,2,0,0
1.06,0.59,1.26,1.06,-1.62,-0.22,3.09,-0.55,0.19,2.14,-0.75,2.09,-0.98,-3.84,-0.6,1.21,2,0,0
1.28,5.85,3.51,0.59,0.54,5.21,5.29,-0.21,0.9,-5.02,-2.27,-3.75,5.44,1.94,-1.63,-0.41,2,0,0
-3.56,-2.6,-1.18,-1.08,-0.99,-2.06,-1.58,0.96,1.95,1.29,0.16,2.68,-3.75,-0.47,0.36,1.83,2,0,0
-2.27,4.39,-2.04,-3.61,-2.14,-2.96,2.24,-0.88,3.22,0.02,-2.27,-0.15,-0.55,-3.96,-0.93,-2.81,2,0,0
-0.55,-0.94,3.39,1.94,0.93,1.09,-0.05,0.84,1.31,-1.19,0.34,-0.26,3.16,1.33,0.47,0.41,2,0,0
-0.26,-0.74,0.07,1.34,1.33,-1.06,2.52,-0.28,-1.61,-1.38,1.52,1.61,3.97,0.12,-1.06,-3.04,2,0,0
0.42,0.84,-1.49,-3.94,-2.28,-2.61,-0.46,-0.57,3.23,2.34,-1.41,-1.92,-0.45,2.14,2.88,1.81,2,0,0
0.1,0.92,2.15,3.51,-2.85,-0.22,2.51,-3.7,-0.56,-0.62,-2.38,1.44,1.59,-3.5,-1.88,2.16,2,0,0
1.22,-0.34,0.39,-2.15,-2.46,-0.07,0.22,-0.42,1.0,2.1,-0.82,-0.54,-1.8,-1.53,0.26,2.63,2,0,0
-5.5,3.37,0.39,0.85,-2.29,0.92,0.44,-2.22,2.5,-4.53,-5.03,-0.58,1.82,0.74,-1.73,2.45,2,0,0
1.94,-1.66,2.73,2.45,4.85,3.03,0.03,-0.51,1.11,-1.24,3.54,-3.38,-1.03,3.62,1.66,-1.4,2,0,0
-2.04,0.26,-0.41,2.39,-1.42,0.37,-1.2,-3.85,0.84,-0.79,0.96,-0.54,-0.03,-3.01,0.53,-2.77,2,0,0
2.74,3.36,0.7,0.2,1.91,4.0,-1.42,-2.48,-1.58,-0.29,1.51,-5.81,4.24,8.9,1.23,3.46,2,0,0
-0.75,-3.39,-4.01,-0.04,-4.98,-4.56,-0.06,-1.66,0.37,3.46,-0.34,5.51,-0.24,-1.73,1.42,2.46,2,0,0
-2.91,1.56,0.22,-0.89,-2.02,-1.4,0.5,-0.48,3.57,-0.07,-2.04,1.2,0.64,0.64,-0.69,3.77,2,0,0
-0.75,-1.01,0.3,-3.7,-3.7,-3.38,1.57,4.62,0.7,2.74,-1.14,3.86,0.0,-2.4,-1.07,1.89,2,0,0
0.79,0.66,0.57,1.86,3.67,2.43,-4.53,-1.96,0.88,-0.79,4.25,-4.38,-0.07,5.9,2.23,-0.42,2,0,0
2.33,-2.83,-4.34,2.25,-1.87,-0.18,-2.32,-3.15,-3.45,4.22,1.9,1.27,-4.45,-0.45,1.44,0.86,2,0,0
2.57,2.35,-1.65,0.05,-1.74,-2.68,0.75,-0.24,-1.4,1.32,0.49,1.36,2.68,4.2,-1.32,3.37,2,0,0
-4.36,0.93,3.28,1.2,-1.32,1.57,-1.11,-1.51,4.15,-1.62,-2.72,-1.23,-3.45,-2.67,-1.31,1.46,2,0,0
-5.4,0.24,2.38,0.71,0.52,1.01,-2.65,-1.62,0.94,-1.93,-1.97,0.27,0.75,-1.12,-2.09,3.96,2,0,0
-2.22,2.08,0.75,-1.42,0.97,0.66,0.25,1.08,2.39,-1.19,0.31,0.61,-2.39,-3.08,-0.48,-2.1,2,0,0
-1.51,2.19,-0.42,-1.35,-1.55,-1.61,-4.68,-2.35,0.03,1.91,-2.7,-1.2,0.62,3.15,0.65,4.62,2,0,0
3.48,-1.27,-1.76,3.41,-2.99,-3.91,1.15,-2.21,-3.74,3.53,1.19,3.84,2.4,0.62,-0.35,1.64,2,0,0
-0.07,-1.03,-2.94,1.58,-0.17,1.07,-0.23,-0.74,2.09,-0.05,0.05,-0.21,0.25,2.17,1.73,-1.03,2,0,0
0.16,0.45,-2.32,0.45,-0.14,-1.3,-6.04,-1.27,-2.55,2.86,2.97,0.56,1.24,4.26,0.58,1.95,2,0,0
2.07,0.15,-2.49,-1.47,1.88,2.1,3.91,2.31,0.35,-1.26,3.17,-2.39,3.32,2.99,0.16,-4.97,2,0,0
-2.13,1.64,2.33,1.07,0.75,5.07,-0.29,-0.23,-0.17,-4.08,-0.56,-3.25,2.98,-1.39,-1.74,-1.72,2,0,0
3.4,-3.31,1.56,0.49,2.4,0.38,0.96,3.41,-2.73,1.86,4.41,1.11,0.6,-0.13,-0.9,-0.47,2,0,0
-0.04,-0.8,5.0,1.29,0.87,-0.54,-1.51,0.72,-0.15,-0.69,2.36,0.93,3.08,-2.74,-1.19,0.62,2,0,0
-0.58,0.09,-2.54,-5.09,-2.83,-2.76,-1.02,4.55,0.49,1.76,-2.22,3.58,-3.23,-4.63,0.02,0.99,2,1,1
-0.98,-1.65,-0.56,0.35,0.42,-0.02,0.09,2.01,1.34,-0.33,0.22,1.11,-0.8,0.27,-1.09,0.54,2,0,0
0.88,2.86,0.62,1.17,-1.16,1.67,-0.28,-1.16,-1.54,0.98,-1.24,-1.69,-0.74,-1.3,-0.59,-0.88,2,0,0
1.25,-0.59,-0.41,0.74,-2.85,-4.15,-0.48,-0.01,-1.24,3.76,0.17,3.39,0.17,-2.5,-1.72,1.74,2,0,0
0.13,1.51,1.46,1.38,-1.71,-3.6,1.84,1.28,2.58,1.15,0.45,2.75,-0.32,-2.19,-1.27,-2.15,2,0,0
1.22,2.81,-3.07,-2.29,1.27,-1.86,3.33,2.31,0.36,0.09,0.91,0.64,0.53,-0.49,-3.28,-1.32,2,0,0
-3.16,1.26,0.38,4.35,1.98,3.69,0.32,-1.75,-0.24,-3.49,0.23,-0.95,0.62,-0.48,-3.87,-0.58,2,0,0
-1.02,0.63,0.35,-1.61,0.15,2.81,-1.84,4.22,-2.17,-1.11,-0.72,-2.17,1.67,3.05,-0.88,-0.74,2,0,0
2.06,3.52,-0.69,1.62,-2.28,-2.35,-2.42,-2.68,-0.14,2.11,-1.13,-1.77,2.2,3.57,-0.61,3.27,2,0,0
-0.65,0.93,2.13,-0.16,-1.18,-0.74,-0.88,0.37,0.1,0.81,-1.31,1.0,-0.73,-1.45,-0.67,2.25,2,0,0
1.87,2.83,2.43,-1.86,-1.98,-1.98,-3.64,1.12,-1.86,1.71,-1.3,-1.26,6.1,5.43,0.37,4.69,2,0,0
3.09,-3.21,2.09,3.14,-2.48,-5.88,2.43,-0.97,-3.55,4.23,4.08,7.23,1.85,-7.99,-1.09,-1.93,2,0,0
-2.33,2.74,-0.44,0.76,1.95,-0.27,-5.65,-1.58,-0.06,1.05,3.59,0.09,-1.55,0.08,-1.22,-2.49,2,0,0
-2.98,1.96,1.34,-1.15,-0.93,-1.59,-1.05,0.7,2.61,-2.77,-1.17,0.53,3.37,0.09,-2.16,2.48,2,0,0
-4.09,-0.15,0.37,2.79,-4.07,-3.84,3.11,-3.79,2.24,-2.57,-5.93,4.77,3.03,-3.98,-2.83,5.47,2,0,0
3.57,1.38,-0.62,-1.72,0.51,3.88,2.13,2.43,-1.6,-0.45,1.1,-3.32,2.88,2.9,1.71,-3.13,2,0,0
2.15,3.81,-2.34,-3.44,-1.8,-1.81,-1.31,-0.09,0.3,2.32,-1.51,-0.77,1.49,4.66,-0.08,5.78,2,0,0
2.9,0.84,-1.08,-1.38,2.21,-0.77,0.74,3.02,-1.23,1.07,2.52,0.96,-1.51,-3.21,-0.61,-5.87,2,0,0
1.57,2.18,1.8,1.09,2.12,3.36,2.59,-1.42,1.75,-2.87,0.27,-2.65,0.04,1.51,1.43,-2.19,2,1,1
-5.96,1.21,3.12,-1.03,-3.62,0.89,-0.14,-0.32,4.38,-3.03,-3.29,0.46,3.04,-3.86,-0.49,0.49,2,0,0
-2.09,0.3,0.83,-2.33,0.58,-0.02,2.9,0.84,2.28,-3.51,-2.16,0.23,2.69,-0.9,0.54,-1.19,2,0,0
0.96,-0.07,0.0,-0.73,-2.99,-2.91,-0.67,-1.72,-0.01,2.85,0.61,1.77,3.03,-1.19,0.86,1.34,2,0,0
-0.56,-0.9,-1.8,-0.52,-1.39,-0.08,-2.29,0.98,0.79,1.88,0.11,0.17,-2.24,-1.13,0.62,-1.04,2,0,0
1.0,-5.35,-1.98,-2.76,-1.19,0.47,-2.03,1.94,-0.71,2.98,-0.25,0.44,-4.92,-1.06,3.79,1.64,2,0,0
4.51,3.3,-0.17,1.79,6.12,5.63,2.45,-3.23,1.39,-1.04,2.64,-6.84,-3.13,7.47,0.16,1.99,2,0,0
0.76,-1.13,-1.95,5.27,-1.11,-4.58,1.35,-4.91,0.08,1.23,-1.05,3.05,1.76,0.65,-2.87,5.92,2,0,0
-1.17,0.92,-0.09,-2.45,0.66,-2.86,-2.56,-0.66,0.64,1.19,0.01,1.66,-1.09,-0.2,1.03,1.26,2,0,0
-1.61,5.78,3.36,0.79,1.89,2.77,-1.22,-0.33,0.01,-3.82,-0.27,-2.99,2.73,2.25,-2.3,-1.12,2,0,0
-3.79,1.81,2.49,2.96,0.83,0.16,2.88,-0.41,3.97,-5.25,-1.22,0.99,1.37,-3.86,-2.41,-4.44,2,0,0
-4.83,1.52,1.08,7.08,-1.02,2.14,-0.5,-4.87,2.05,-3.13,-1.06,-0.03,0.51,-3.89,-3.74,-1.37,2,0,0
0.3,-2.44,-0.45,2.54,-0.73,1.87,-0.6,0.43,-4.25,0.42,1.88,1.61,2.1,-1.02,-0.33,-1.09,2,0,0
-2.11,-2.25,1.09,1.51,-1.04,1.02,4.3,-1.69,2.82,-1.04,-3.08,1.94,-3.23,-3.47,-0.79,3.54,2,0,0
-0.54,1.55,-2.75,0.59,-0.16,-0.41,-1.5,-2.17,0.78,-1.05,-1.2,-0.07,-0.95,1.89,0.76,1.44,2,0,0
0.89,-1.72,2.66,2.22,2.05,-2.35,3.79,2.34,-0.42,-0.46,3.36,3.82,0.48,-4.15,-2.0,-4.62,2,0,0
-1.88,-1.03,-4.62,-0.75,-0.11,1.28,-3.88,-1.56,0.89,2.28,-0.66,0.01,-6.59,0.05,1.97,2.11,2,0,0
-0.67,-1.64,-1.13,0.29,-1.03,0.99,-0.35,-0.95,0.48,-0.98,-2.44,-0.39,-0.09,-0.74,1.48,1.24,2,0,0
-1.05,1.81,-1.22,-0.99,-0.02,-0.71,-2.99,-1.05,-0.05,1.18,-0.2,-1.61,-0.06,2.27,-1.25,3.27,2,0,0
-1.89,2.57,4.71,-1.88,-1.02,0.52,-6.15,-0.24,-0.45,-0.72,0.49,-2.12,4.13,1.38,2.54,-1.94,2,0,0
0.72,0.85,2.68,-2.07,1.61,4.24,1.01,2.85,0.92,-2.02,-0.91,-3.85,1.01,0.13,1.61,-2.15,2,0,0
-0.33,-1.97,5.72,1.02,0.65,2.82,-2.79,0.64,-2.25,0.32,2.39,-2.58,2.41,-0.17,0.23,-0.45,2,0,0
2.36,-1.65,2.25,2.79,1.98,0.65,0.81,0.06,-0.97,0.02,1.52,1.17,-0.69,-0.9,-1.28,2.26,2,0,0
1.03,3.2,0.02,-1.46,3.29,-0.01,2.47,-0.91,1.71,0.72,1.36,-0.86,-3.74,0.02,-0.09,-1.47,2,0,0
-1.29,4.24,-0.98,-1.2,-2.59,1.43,0.18,1.47,1.53,-1.78,-5.2,-1.87,2.89,2.95,-1.7,3.13,2,0,0
-1.56,-2.73,0.98,0.95,1.41,-0.06,1.43,1.42,1.34,-0.04,1.58,2.12,-0.73,0.61,-0.94,2.9,2,0,0
-0.5,0.31,4.09,4.04,0.6,-2.32,2.33,-2.87,0.4,-1.77,2.04,2.0,5.18,-1.94,-3.32,-0.51,2,0,0
1.91,-1.28,2.61,-0.64,2.46,-1.79,7.68,2.2,1.89,-0.52,2.57,3.34,-1.61,-5.96,-1.36,-3.88,2,0,0
-2.56,-1.43,-0.25,0.51,-0.42,1.93,-1.82,-3.35,1.95,-0.67,-1.83,-1.36,-4.07,-0.17,1.38,3.34,2,0,0
2.56,3.03,-3.19,-1.95,-0.41,2.58,-1.6,-0.44,-2.45,0.68,-0.47,-3.4,0.3,3.27,2.82,-2.18,2,0,0
-2.02,2.56,3.09,0.91,1.57,0.39,1.85,-0.48,2.4,-3.32,-0.26,-0.88,1.79,0.21,-1.85,-0.25,2,0,0
2.53,-4.98,-3.2,-0.83,-1.16,-4.58,-0.01,3.87,-2.83,5.93,2.09,6.62,-3.85,-0.62,0.23,2.94,2,0,0
-1.22,0.31,0.95,-1.5,1.37,-0.79,-0.29,1.81,2.52,1.47,2.2,1.39,-4.55,-1.22,-0.61,0.58,2,0,0
1.17,1.78,4.77,0.73,0.79,-2.36,0.37,-0.89,-0.07,-0.21,-0.35,-0.27,3.01,3.21,-1.11,4.88,2,0,0
0.36,0.53,0.16,-1.76,0.32,-3.39,6.49,1.55,2.13,-0.06,0.03,3.54,-2.78,-3.87,-2.87,1.22,2,0,0
-1.16,-1.8,-1.24,-3.84,-1.55,-0.73,-3.03,0.92,2.3,1.77,-1.16,-1.35,-2.41,0.93,4.42,-1.02,2,0,0
-2.05,-0.82,2.58,2.91,-1.4,-2.7,2.4,0.72,0.93,-0.64,0.21,5.0,-0.97,-6.22,-3.53,-0.39,2,0,0
-1.24,1.32,3.33,0.52,0.96,4.11,1.49,-0.15,3.3,-4.21,-1.73,-3.05,0.95,1.71,0.05,1.49,2,0,0
-1.31,1.6,-3.72,-6.43,0.15,-3.54,2.03,2.63,2.67,2.32,0.34,2.91,-5.37,-0.76,0.98,0.17,2,0,0
-3.52,1.75,1.63,0.66,-2.81,1.19,7.84,-0.47,4.33,-4.5,-6.36,1.45,1.1,-3.32,-2.43,1.15,2,0,0
-0.87,-0.16,3.02,-1.07,0.41,-2.09,-3.7,0.99,-0.34,-0.68,0.09,0.04,2.73,0.25,-1.33,3.55,2,0,0
4.55,0.03,3.2,1.44,1.46,-0.48,1.2,1.35,-0.77,1.17,2.67,-0.75,-0.56,-1.14,-0.47,-1.92,2,0,0
-1.08,-1.91,-5.32,-2.98,-4.85,0.44,-6.35,-1.44,0.77,4.28,-4.44,-2.12,-3.81,5.06,3.1,8.64,2,0,0
-1.33,2.7,-1.35,0.19,0.05,-0.6,-5.35,-4.04,-1.82,0.36,0.26,-1.2,3.2,2.83,-0.24,3.15,2,0,0
1.08,3.27,-1.94,2.21,3.21,-0.48,2.65,-0.68,-0.97,-2.93,2.29,0.23,2.38,1.12,-2.3,-6.09,2,0,0
2.08,1.41,-0.85,1.89,0.87,0.15,-0.72,-2.39,-0.98,-0.25,0.01,-1.69,0.51,2.46,0.7,-0.59,2,0,0
-2.8,0.52,1.13,2.16,1.34,3.09,2.38,-0.53,3.05,-2.98,1.12,-0.69,0.0,0.11,-3.0,0.25,2,0,0
-0.56,0.64,1.68,-1.16,-1.12,0.5,-2.8,0.58,-0.03,0.79,-2.27,-0.91,1.52,1.98,0.34,4.29,2,1,1
1.81,-1.73,1.51,0.36,2.24,1.03,3.43,3.46,-0.74,-0.58,3.61,-0.2,5.34,1.96,-3.03,0.26,2,0,0
-3.07,3.56,-1.01,-1.62,-2.67,0.15,-1.83,-1.01,-0.53,1.78,-2.59,2.08,-4.48,-2.82,-0.46,1.15,2,0,0
-3.99,-0.62,-2.4,1.7,-1.3,0.05,-0.41,-1.37,0.09,-0.1,1.36,2.66,0.44,-2.74,-3.05,0.66,2,0,0
2.21,2.65,2.09,1.39,2.37,-2.26,0.36,-1.37,-1.19,1.44,0.25,-0.11,-0.83,2.37,-1.72,3.1,2,0,0
2.79,0.75,-0.07,1.4,-0.78,1.99,3.37,3.21,-2.49,0.63,2.99,0.35,-0.43,-3.64,-0.76,-8.36,2,0,0
-1.34,1.35,3.52,-0.1,0.79,0.25,0.47,-0.15,1.24,-2.11,1.92,1.02,1.92,-2.27,0.54,-2.35,2,0,0
-1.74,2.13,2.61,-2.72,0.48,3.53,-2.55,1.14,1.48,-1.97,0.59,-1.67,0.77,1.16,1.76,-0.45,2,0,0
-4.39,0.5,0.2,0.39,-4.18,-0.69,-5.28,-0.73,2.15,-0.53,-3.86,0.36,-0.8,-5.45,-0.26,-1.85,2,0,0
-3.81,2.49,-3.01,-3.66,0.5,1.66,-0.91,-1.86,4.37,-3.05,-2.01,-2.84,-2.48,2.88,0.15,2.9,2,0,0
-3.78,1.24,-0.71,1.34,-0.8,-1.88,1.05,-4.51,4.05,-1.74,0.62,2.73,-2.51,-3.52,0.16,-1.99,2,0,0
-7.27,2.67,5.8,0.68,-0.57,1.67,5.07,-1.08,7.56,-5.83,-5.77,-0.77,1.24,-2.27,-2.41,2.13,2,0,0
1.3,-0.72,5.59,3.48,1.38,-1.74,1.04,-1.58,1.11,-0.87,0.81,0.57,4.42,1.75,1.38,-1.21,2,0,0
2.93,-1.67,-2.44,-5.06,0.06,0.37,3.4,7.9,-0.63,1.71,-0.63,-0.81,-1.23,0.88,0.72,-2.06,2,0,0
-4.85,-1.81,3.74,4.46,2.22,1.64,2.43,-2.61,0.96,-5.62,-1.32,1.01,4.92,-2.05,-4.07,2.19,2,0,0
1.69,0.59,-3.26,1.41,1.98,-4.14,0.93,-1.17,-2.02,2.04,3.0,3.96,0.09,0.89,-2.87,2.37,2,0,0
-0.67,-0.4,1.0,0.57,-1.55,2.74,-3.36,-1.71,1.31,3.46,1.31,-2.86,-2.29,2.29,0.85,3.28,2,0,0
3.17,1.73,-0.42,-1.08,-1.83,-0.51,0.26,1.41,-1.11,2.64,1.97,-0.05,1.69,-1.62,0.07,-2.32,2,0,0
-1.48,2.79,0.13,1.21,1.62,5.42,-1.59,-0.75,-2.52,-2.81,-0.85,-3.68,1.89,0.51,-2.54,-0.37,2,0,0
-3.47,-0.22,-0.26,-0.63,-1.15,0.87,-2.5,-2.06,1.01,-0.02,-0.69,-0.47,-3.47,-3.94,1.55,-2.1,2,0,0
-0.14,0.41,-1.16,-0.78,-1.73,-4.1,4.79,-2.06,-0.81,-0.23,-0.68,5.05,2.22,-3.02,-1.87,2.61,2,0,0
0.13,3.59,-2.89,-0.97,-0.34,-0.35,-0.01,0.01,0.34,0.23,1.08,1.13,-2.11,-1.14,-0.37,-2.51,2,0,0
0.1,-2.98,3.49,3.73,-0.1,2.24,1.67,0.52,0.33,-0.94,1.25,-0.36,2.94,-0.53,-0.08,-1.26,2,0,0
0.26,3.43,1.18,-1.67,0.6,2.68,1.18,1.6,3.7,-3.24,-1.37,-4.56,3.21,4.45,0.12,-0.34,2,0,0
0.7,0.04,6.01,-0.95,2.93,2.34,4.43,1.95,2.24,-2.92,-0.86,-2.07,2.14,1.83,-1.18,3.99,2,0,0
-1.4,0.16,0.14,3.13,1.23,2.09,-0.14,-2.29,-0.26,-0.71,3.69,0.25,-0.39,-0.13,-0.29,-3.62,2,0,0
-1.18,5.09,2.91,-1.56,-0.64,2.48,-1.99,-2.7,0.94,-1.66,-2.02,-3.56,2.15,-0.31,0.48,0.27,2,0,0
1.3,-0.1,-1.67,0.5,0.1,2.24,-2.05,0.13,0.03,1.89,0.9,-3.54,0.18,3.8,-0.11,1.2,2,0,0
-2.01,-3.73,-0.99,-1.33,0.09,-1.57,-1.39,1.98,-0.55,0.5,1.2,2.4,-0.14,-3.6,1.24,-2.87,2,0,0
0.03,4.37,6.04,2.14,1.74,-0.03,4.02,-2.01,2.57,-5.35,-0.03,-1.61,8.65,2.57,-1.63,-1.27,2,0,0
-1.42,4.56,1.4,-0.01,1.21,-0.08,3.52,-1.19,1.15,-4.22,-0.19,1.12,2.17,-0.5,-2.5,-0.28,2,1,1
0.82,0.09,1.2,3.21,-0.03,1.5,-3.49,-0.3,-3.58,1.93,3.32,-1.3,3.93,1.72,-0.41,-3.33,2,0,0
0.37,-1.86,0.75,1.18,0.86,-2.82,-0.29,-0.54,-0.53,0.94,3.69,2.7,-0.29,-2.64,1.39,-3.56,2,0,0
-1.37,-1.95,-2.0,0.35,1.16,-1.04,-2.86,0.0,1.99,2.87,2.29,1.0,-4.85,1.72,-0.9,4.49,2,0,0
-0.28,-0.78,-2.97,0.86,-4.54,2.6,-5.22,-2.65,-2.08,2.79,-1.33,-1.11,-3.3,-2.44,2.75,-0.22,2,0,0
-2.97,-0.52,-2.7,-2.05,-2.02,1.3,0.43,-0.0,2.43,-0.94,-2.64,0.25,-1.85,1.26,0.96,3.33,2,0,0
3.18,-0.01,-0.2,-2.27,2.2,1.97,-4.52,-0.46,-2.12,1.82,3.83,-4.82,-0.63,2.84,3.52,-1.93,2,0,0
-0.32,0.53,-0.44,3.78,-1.59,-1.46,-1.69,-2.73,-1.54,-0.25,-2.3,0.08,1.48,1.92,-2.09,2.93,2,0,0
-0.39,1.06,-5.77,-2.12,-2.91,-1.5,0.46,-1.21,0.46,1.93,-1.18,1.34,-0.42,0.69,0.24,2.21,2,0,0
-0.44,-2.03,-4.93,-3.74,-0.68,-2.52,3.65,2.57,0.73,1.35,0.65,4.12,-3.16,-3.47,0.35,-0.4,2,0,0
-0.86,0.37,-3.5,-0.82,-2.07,-2.23,-1.69,0.71,-1.79,3.01,0.18,3.83,-3.13,-2.08,-1.22,0.92,2,0,0
-2.06,-0.03,1.14,2.82,-1.77,1.19,-1.29,-1.8,0.24,0.15,-1.03,0.18,1.5,-0.3,-1.17,1.25,2,0,0
-1.37,0.17,-0.79,-3.37,-3.01,-4.48,-6.43,0.81,0.6,3.03,-0.08,1.16,-0.71,-0.16,2.26,-0.46,2,0,0
-0.29,-2.91,0.26,-1.74,-2.85,-2.68,-3.31,-0.2,0.04,3.98,0.46,0.95,-3.44,-2.25,1.27,2.36,2,0,0
0.11,0.68,-0.19,0.63,0.8,0.31,-2.29,-0.96,-0.44,1.21,0.26,-0.02,-1.53,1.84,0.13,3.15,2,0,0
1.0,-1.29,-0.91,-1.64,-1.57,1.53,-2.66,0.93,-1.01,0.44,0.15,-1.7,5.37,3.68,2.21,2.15,2,1,1
-1.55,1.29,-0.83,-1.11,1.83,0.09,-2.16,-0.51,1.4,-0.75,2.56,-0.78,2.6,0.92,1.39,-5.23,2,0,0
-2.39,0.09,2.42,2.98,0.12,-1.2,0.57,-1.11,-1.1,-1.52,-1.44,3.17,-1.31,-2.01,-0.96,-0.25,2,0,0
-0.35,1.97,-0.08,-0.59,-1.96,-4.37,0.93,1.01,0.22,0.75,1.27,4.11,3.58,0.02,-0.65,-2.24,2,0,0
-0.15,4.37,2.06,-4.15,0.97,1.47,1.38,2.53,-1.81,-4.05,-2.42,-2.69,2.95,-0.53,-0.35,-3.63,2,0,0
-1.89,-0.07,2.22,-2.9,-1.79,2.82,-0.76,1.33,2.36,-1.55,-2.58,-2.28,-0.94,-4.63,2.25,-2.03,2,0,0
-0.14,-1.31,0.58,4.47,0.16,-1.11,-3.64,-3.76,-0.42,0.29,0.54,0.57,-0.54,1.82,1.51,1.2,2,0,0
-0.31,0.29,-0.55,0.27,-0.7,0.88,2.1,-3.34,-1.4,0.91,2.33,-0.98,-0.52,-0.99,-0.76,0.83,3,0,0
4.26,-1.07,1.46,2.19,5.4,0.65,-0.61,0.85,-3.01,1.38,-1.69,-1.52,1.14,3.1,-0.83,-0.17,3,0,0
-2.18,-1.77,1.1,2.21,-1.07,0.92,-0.26,3.02,0.45,0.44,0.81,-1.0,-0.06,1.34,1.0,-0.55,3,0,0
0.67,0.64,-0.79,-1.76,1.03,-0.52,-1.48,-3.81,1.92,1.76,-1.72,0.12,3.11,-2.17,0.74,2.13,3,0,0
-2.04,-1.76,-0.38,-1.63,-2.5,-1.76,0.13,-1.22,3.51,-1.62,-1.67,2.92,2.78,-1.4,5.39,-1.85,3,0,0
3.73,0.44,0.59,3.55,-1.43,2.17,-4.13,-1.13,1.53,-1.29,-2.77,-0.56,-4.45,-2.0,1.79,-0.51,3,0,0
3.65,2.9,-0.27,4.31,1.38,2.74,1.68,-3.77,-2.55,0.36,-2.3,-1.77,-3.2,-2.2,-5.13,2.57,3,0,0
-5.09,0.26,0.06,-0.3,0.3,0.41,1.68,5.99,-0.34,-0.3,4.03,0.44,-0.18,1.96,0.59,-1.84,3,0,0
0.08,-1.03,1.08,-1.78,-1.42,2.39,5.54,-2.5,-1.59,2.01,2.41,-2.17,-0.86,-3.36,-0.22,-1.96,3,0,0
-1.49,-2.57,-2.94,-4.18,0.81,-1.04,3.42,-2.68,-0.1,0.41,0.36,2.05,4.19,0.15,2.98,-1.63,3,0,0
3.07,-0.41,-3.8,-2.93,2.02,1.06,1.29,-3.92,0.06,0.78,-5.62,-0.47,0.42,-3.05,3.51,-0.48,3,0,0
-2.42,-0.88,1.41,3.41,-0.89,-2.99,-0.78,2.48,0.7,1.86,-0.53,-2.11,-1.31,3.92,1.23,2.65,3,0,0
-0.67,1.92,-2.36,1.74,-1.41,-0.03,-0.89,-0.11,3.88,-1.8,-3.38,3.07,-6.96,-2.97,3.35,-1.4,3,0,0
-1.27,0.24,1.01,-0.52,-0.15,-1.74,1.68,1.75,0.06,1.05,-0.5,0.36,1.77,-2.04,-1.29,0.28,3,0,0
3.43,0.15,-1.61,3.82,-1.63,1.97,-1.18,-2.13,1.23,-1.41,-4.09,0.71,-4.46,-4.2,0.76,-1.04,3,1,1
-1.09,1.19,0.44,-1.48,-3.09,-1.36,-2.29,-3.02,5.04,-3.79,-1.17,3.41,0.28,0.79,5.74,-0.79,3,0,0
0.4,5.58,4.14,-0.18,0.86,-0.56,-1.9,-1.07,3.29,-2.38,1.57,2.98,-5.78,-1.86,1.9,-0.98,3,0,0
7.0,-0.21,0.51,-1.49,6.62,0.72,-1.84,-2.12,-1.58,1.48,-1.52,0.82,-0.51,-4.01,-0.69,-1.79,3,0,0
-1.99,1.04,-0.32,-2.5,-3.33,-1.87,-1.59,1.42,5.0,-1.34,-0.25,2.33,-0.39,-2.63,0.08,0.67,3,0,0
1.87,0.42,4.34,2.52,0.57,0.31,-0.13,-2.59,0.78,-2.52,1.13,0.88,-3.07,-0.69,1.85,-1.51,3,0,0
-0.69,-1.94,-7.14,0.5,0.42,4.39,-1.68,0.91,0.51,-1.66,-2.46,4.38,-1.33,-5.39,0.71,-3.5,3,0,0
-1.95,-2.17,-0.54,2.43,-0.51,-0.48,4.57,1.23,-2.01,2.83,1.7,0.74,-0.87,1.63,-3.83,-0.5,3,0,0
-4.45,0.03,-1.56,-0.55,-1.23,-1.14,-0.11,0.15,1.6,-2.67,1.4,2.9,1.91,2.47,1.23,1.09,3,0,0
1.93,-1.03,3.59,-2.76,-0.11,-1.82,1.5,-2.82,2.39,-1.32,0.33,-1.41,-1.74,0.16,1.45,1.57,3,0,0
5.04,-2.52,-2.17,-2.76,3.88,-1.05,2.26,-2.15,0.83,2.35,-5.33,1.1,-0.44,-1.09,3.7,-2.79,3,0,0
0.75,0.29,2.05,-2.08,-1.43,-3.89,0.74,-2.5,3.22,-0.17,0.86,1.31,-0.85,1.87,2.27,0.15,3,0,0
-2.93,5.73,-0.39,1.3,2.0,-1.21,-2.84,2.77,0.39,-1.23,2.01,0.64,-3.92,1.99,0.86,1.69,3,0,0
0.31,-1.32,-1.85,-1.62,0.59,1.78,3.69,-6.72,-0.43,3.41,-0.81,1.85,-0.79,-10.58,-0.98,-2.87,3,0,0
-1.07,3.03,0.72,-0.05,0.85,-0.98,1.59,-2.04,1.25,-3.6,1.76,-0.11,-3.8,4.09,2.2,2.21,3,0,0
0.92,1.3,4.42,-0.42,-0.43,-2.07,3.3,-2.56,-0.85,-1.78,3.71,-0.34,-1.04,3.52,-0.5,0.65,3,1,1
-0.2,2.72,2.38,-0.54,-0.48,3.25,-1.94,-3.03,1.57,-4.17,0.87,2.96,2.41,-6.1,-1.05,-0.0,3,0,0
0.35,-0.41,-1.64,-2.91,-1.38,0.76,-0.42,0.47,3.33,-3.22,-1.62,1.22,-1.93,-2.06,1.75,-0.16,3,1,1
-1.55,2.79,-1.61,0.85,-0.12,-2.15,-2.63,2.57,-0.92,0.81,0.95,0.8,-0.69,1.75,0.86,-0.15,3,0,0
0.11,-1.12,-1.76,0.93,-2.21,-1.01,-0.64,1.54,1.02,0.23,-2.99,1.34,1.86,0.63,0.66,-0.63,3,0,0
-3.39,2.27,-0.31,0.34,-1.13,-3.35,-1.46,0.43,4.06,0.38,1.53,4.2,-1.64,-1.64,2.63,-0.82,3,0,0
-1.49,-0.48,-4.64,-0.59,-3.0,2.39,-3.35,-1.61,0.96,-0.83,0.82,-3.28,-2.07,-1.38,1.91,2.15,3,0,0
-2.15,-1.17,-1.4,-1.52,-5.39,0.96,-0.41,-0.28,3.8,-1.13,-1.42,0.86,-0.74,-2.81,-0.07,1.13,3,0,0
-4.51,3.72,1.62,-0.45,0.25,-1.41,1.14,0.31,0.35,-1.67,2.62,0.85,0.7,0.12,-0.21,2.35,3,0,0
-2.66,-0.17,0.26,-2.67,-1.66,-1.65,2.67,-1.24,3.48,0.8,2.03,4.23,-2.06,-2.4,2.08,-2.94,3,0,0
1.61,3.21,1.25,3.1,2.5,3.21,-2.0,1.62,-2.47,-2.02,1.04,1.66,-2.78,-1.45,-1.46,-2.95,3,0,0
-4.11,-0.47,-1.26,-0.7,-4.14,-0.15,1.81,-3.39,2.17,-1.22,3.22,0.78,0.65,0.75,1.95,1.46,3,0,0
6.05,1.69,2.81,1.74,2.13,-0.36,-1.85,-5.12,0.15,-0.51,0.32,0.71,-2.95,-2.14,0.7,-0.66,3,0,0
0.54,0.37,-0.08,0.91,2.93,-2.32,-0.32,-2.12,-2.14,-0.15,1.38,1.48,3.41,0.88,-0.49,0.22,3,0,0
1.03,0.34,3.68,0.23,1.32,2.6,1.78,-0.65,-3.29,-0.79,1.84,-5.31,-1.27,2.89,-2.66,2.95,3,0,0
-0.53,2.27,-0.7,1.63,1.79,1.26,3.88,-4.28,-2.33,-1.12,0.06,0.18,0.27,-0.6,-1.36,1.28,3,0,0
4.99,1.34,2.35,1.07,1.13,0.83,0.2,-5.17,-0.74,0.36,-1.45,-2.09,-2.8,-2.75,-0.1,0.36,3,0,0
2.39,-5.59,-1.94,-3.47,-0.4,0.42,2.43,0.53,0.15,3.07,-2.15,-4.33,-1.3,0.48,1.61,-0.74,3,0,0
-2.26,-2.88,-5.18,-3.14,-1.09,-2.67,-1.06,4.16,3.01,-0.95,-3.32,2.42,1.1,1.26,1.87,-0.11,3,0,0
-0.03,-0.68,-2.65,0.04,1.4,0.52,-1.51,0.62,-2.96,-0.5,0.79,-0.38,-0.49,6.39,-0.93,1.28,3,0,0
0.58,-1.76,0.15,-3.34,-3.47,0.35,2.28,-3.75,0.76,-0.72,0.65,0.03,1.24,2.98,-0.68,1.44,3,0,0
0.64,3.07,-2.85,2.45,3.06,-0.55,2.48,-1.01,-1.58,0.62,-0.28,2.4,-3.88,-1.82,0.94,-2.76,3,0,0
0.54,-1.87,0.86,1.48,-1.16,-1.83,-2.77,3.01,0.6,2.46,0.93,-0.48,-0.94,0.59,-1.51,0.06,3,0,0
1.89,-2.0,-0.4,2.39,1.63,1.02,-1.61,2.63,-0.94,-0.59,-3.22,2.51,0.67,0.37,1.65,-3.66,3,0,0
-1.79,-2.69,-4.26,1.46,1.19,-0.21,-1.08,6.3,-0.64,2.75,-3.37,-1.5,2.04,2.27,1.05,0.38,3,0,0
-4.69,2.03,-0.67,0.16,-2.72,0.76,-2.8,2.29,0.6,-1.61,5.28,1.93,-0.42,0.6,-2.09,0.66,3,0,0
0.4,2.79,-0.63,-1.76,-0.74,-4.43,-1.76,1.13,3.41,-1.77,-1.62,5.97,0.82,-2.08,0.33,-0.98,3,0,0
0.98,-1.8,-2.13,2.32,1.95,0.25,4.37,0.16,-4.71,2.71,-0.18,-1.28,0.11,3.4,-0.82,-1.88,3,0,0
3.35,-3.0,0.16,-1.93,1.99,2.68,0.18,-0.78,-0.94,-3.9,-2.3,-1.58,0.75,3.39,-0.14,1.56,3,0,0
-0.98,-0.25,0.82,1.27,-3.15,1.36,-1.24,1.57,0.19,0.48,3.36,0.05,0.22,-0.63,-3.5,0.03,3,0,0
0.07,-6.12,-0.86,2.96,0.69,1.67,0.04,2.9,-3.46,0.85,0.2,-2.11,3.49,6.27,2.76,-2.53,3,0,0
-4.06,3.42,1.82,0.41,-5.0,-0.64,-0.25,-1.98,2.29,-0.69,2.39,-0.16,1.22,-1.55,-0.33,2.65,3,0,0
1.36,-1.61,-3.03,-1.65,0.73,1.17,2.65,-0.63,-1.12,0.35,-3.02,0.32,-0.02,-2.63,-1.13,-0.22,3,0,0
2.41,-1.99,-0.72,1.54,3.31,-2.1,-3.55,2.12,-0.19,-2.53,-0.98,3.47,-0.7,5.18,4.24,-2.84,3,0,0
5.33,3.75,5.37,2.71,3.26,-1.82,1.41,-5.99,-3.1,2.19,-0.94,-2.42,0.46,1.66,1.02,1.61,3,0,0
-3.52,-1.74,-2.04,-0.1,-2.37,3.32,2.64,2.28,-1.48,-0.96,-1.21,-4.76,-0.04,0.96,-0.57,1.79,3,0,0
2.24,0.33,-0.25,-1.2,1.45,-1.98,0.47,-0.69,-0.15,0.56,-1.29,0.61,0.3,2.31,1.47,-0.18,3,0,0
2.92,0.46,-2.39,-3.03,-1.16,-2.9,1.02,-1.68,4.4,-0.04,-5.45,4.14,-3.33,-3.8,1.56,-1.45,3,0,0
0.4,-0.2,1.65,1.2,-1.54,1.95,-0.38,0.15,-0.59,-1.8,2.63,-3.0,-2.67,1.87,-1.84,1.78,3,0,0
2.54,-0.2,2.18,-2.22,-2.75,0.04,-2.23,-2.84,3.85,-3.89,-2.99,-2.07,-2.62,0.75,3.95,1.67,3,0,0
3.16,-1.57,2.15,-0.64,-0.49,0.25,0.31,1.16,-2.89,3.19,0.47,-6.48,1.07,1.89,-1.05,1.21,3,0,0
-2.73,-0.96,-1.04,-0.05,-0.4,-0.77,-1.5,3.98,-0.37,-1.5,2.24,3.24,3.83,1.64,1.03,-2.29,3,0,0
0.6,-5.64,3.29,-0.18,-3.41,0.29,-0.53,-1.14,1.42,0.3,1.07,-5.45,-1.8,3.97,1.82,2.37,3,0,0
-1.79,2.85,-4.11,1.03,1.92,-1.22,-1.48,4.85,0.35,-0.27,-0.75,6.18,-1.64,-4.58,-3.96,-1.82,3,0,0
-5.18,-1.81,-6.68,1.75,-2.23,2.91,2.72,5.44,-1.69,1.89,-0.49,-0.94,-3.52,-0.42,-0.78,-1.42,3,0,0
-2.66,2.15,-0.93,3.66,-1.93,-0.18,3.05,-0.53,2.59,-0.57,-1.31,4.04,-3.41,-4.72,0.15,-1.46,3,1,1
-4.4,-1.66,-2.71,-4.82,-2.28,-0.88,-2.96,4.05,4.11,-0.25,-0.35,1.36,-1.01,-2.18,2.83,-1.13,3,0,0
-3.0,3.16,-2.52,3.17,0.47,2.07,2.83,-3.11,-2.86,0.58,1.1,0.08,1.37,-2.02,0.51,-0.26,3,0,0
4.73,5.47,3.29,-3.58,3.91,0.69,-2.97,-1.1,0.45,-4.59,-1.88,-1.58,-2.1,-2.34,0.75,1.13,3,0,0
3.62,1.97,3.18,-2.88,3.04,-1.1,2.23,-4.52,-0.9,0.46,-1.69,-1.77,4.31,1.17,1.65,1.13,3,0,0
-1.21,-0.42,-2.56,-0.68,-1.65,-0.16,0.36,2.41,0.02,0.69,0.17,0.23,-1.11,0.7,0.36,-1.02,3,0,0
-0.84,-0.38,-1.62,-0.99,-1.05,-1.72,1.75,1.18,0.62,1.73,-1.81,2.17,4.33,-1.97,-1.37,-0.53,3,0,0
6.5,-1.96,-1.46,0.29,7.92,-2.03,-0.33,0.76,-1.81,2.48,-6.41,-0.84,-2.8,1.71,4.17,-2.56,3,0,0
-3.31,-0.6,-1.46,-4.86,-0.52,-4.84,0.2,-2.13,3.29,2.56,4.78,3.67,-2.11,-3.42,2.41,-2.13,3,0,0
8.17,1.12,0.01,0.52,2.63,-1.35,-2.4,-3.58,0.38,2.31,-6.48,2.57,0.46,-4.12,-2.01,-0.12,3,0,0
-0.68,3.05,1.85,1.09,1.58,-0.1,-0.01,1.61,-1.49,-0.62,1.89,0.29,-0.21,-2.31,-0.74,-0.85,3,0,0
2.57,-0.84,2.5,3.93,-0.61,0.78,-1.95,-0.0,0.67,-2.99,-1.14,-1.04,-3.53,2.11,2.45,-0.1,3,1,1
0.76,2.99,-0.6,-2.17,-4.31,2.11,-4.64,2.12,4.6,-4.32,-0.74,1.14,-5.8,-3.58,-1.1,1.42,3,0,0
1.43,5.46,2.82,0.48,0.62,-2.63,-1.58,-2.24,3.23,-0.38,-2.61,4.24,0.06,-6.43,0.52,-0.64,3,0,0
-0.37,-0.97,-1.58,-0.7,2.01,4.62,0.33,-0.7,-2.67,-1.6,-0.3,-2.65,1.01,1.91,2.67,-0.67,3,0,0
2.03,0.13,0.96,-3.02,-0.77,-0.12,-2.52,-1.44,0.91,-2.41,1.09,0.02,0.96,1.87,0.83,0.63,3,1,1
3.73,4.95,0.54,0.18,5.52,-1.34,0.86,-2.86,-2.45,-1.25,-3.49,-1.51,-0.13,2.98,1.94,1.55,3,0,0
2.11,-2.73,-2.03,-0.53,3.97,-1.84,1.45,-2.34,-0.51,0.55,-2.15,3.0,1.8,1.59,1.23,-0.67,3,0,0
-0.69,2.59,-1.57,-0.22,2.19,0.73,-1.32,-0.57,-1.06,-3.66,-0.51,1.94,2.93,5.68,2.07,0.84,3,0,0
-2.63,-1.81,-3.78,1.62,-0.3,-1.54,6.67,0.75,-1.14,5.05,-0.24,1.19,-3.53,-2.6,-0.78,-2.84,3,0,0
-0.08,1.52,-2.29,-1.71,2.03,-0.83,-2.34,-0.1,0.53,-0.83,-1.57,2.91,2.52,1.18,2.17,-0.37,3,0,0
1.85,5.48,3.74,-0.03,1.35,1.03,-6.37,0.86,4.19,-4.48,-1.69,1.04,-2.4,-1.42,1.95,1.82,3,0,0
-2.14,-2.3,-2.18,-1.5,-0.67,0.95,0.05,0.25,-0.41,-0.15,1.41,-1.37,-1.92,1.95,2.06,0.14,3,0,0
5.27,4.18,4.05,4.52,3.19,1.68,-5.69,3.34,-1.82,-0.18,-0.14,-1.67,-2.92,0.39,-1.85,-0.44,3,0,0
2.52,-0.09,0.76,-1.8,0.95,2.11,-1.42,-2.89,-0.19,-1.63,-0.41,-0.38,-1.2,-1.82,0.67,-0.2,3,0,0
-1.31,1.64,-1.42,-3.12,-0.17,-2.45,3.35,-3.02,-0.1,0.26,0.24,1.83,0.8,-0.76,2.64,-0.71,3,0,0
4.87,-1.84,2.25,-0.74,-1.77,4.29,-1.3,-0.88,-1.04,-0.08,0.78,-3.56,-0.38,-1.39,-3.88,0.13,3,0,0
-2.52,-0.78,2.96,1.92,-1.69,-0.56,-2.48,0.49,-0.12,-0.94,2.66,-0.78,4.25,-0.58,-1.31,2.07,3,0,0
5.28,1.62,1.4,1.78,1.31,-1.08,0.78,-6.47,0.04,-0.18,-0.78,1.54,-2.89,-2.93,1.13,-0.87,3,0,0
-6.91,-2.04,0.15,0.77,-4.87,1.13,1.16,3.86,0.87,0.28,3.35,-5.86,-2.77,2.73,-0.76,3.98,3,0,0
-1.58,0.47,-0.31,3.33,-3.85,-2.37,1.24,-0.82,1.27,2.83,1.84,4.33,-1.84,-6.41,-3.62,-1.85,3,0,0
0.0,4.17,1.16,1.77,1.07,-0.22,-3.29,-1.67,2.17,-4.19,-1.3,2.08,-0.3,-0.04,0.54,2.46,3,0,0
-0.57,0.9,0.63,4.53,-2.08,0.59,-1.54,0.46,2.8,0.07,0.45,0.61,-3.82,0.63,1.49,-0.36,3,0,0
3.56,0.59,0.21,0.26,3.22,-2.93,2.26,1.45,-1.91,1.9,-2.24,1.51,0.41,1.69,-3.03,-0.47,3,0,0
-1.21,5.69,1.89,-0.96,-2.87,-1.92,2.08,-1.03,1.54,2.33,0.88,0.24,-2.92,-7.37,-1.99,0.53,3,0,0
1.36,-1.96,1.19,2.85,2.25,4.07,-2.25,-1.78,-1.91,-1.28,2.89,-2.22,-2.19,-1.51,-3.5,1.42,3,0,0
2.88,3.41,3.75,2.0,3.04,1.38,-1.94,0.4,-1.13,-1.54,-0.64,1.26,1.47,-3.41,-1.57,-1.13,3,0,0
0.57,-2.48,-2.49,-2.22,-2.08,0.24,-1.59,-1.79,1.18,-1.25,0.88,1.4,1.73,-0.02,1.01,-1.62,3,0,0
-4.16,0.53,1.49,-0.18,-3.8,1.52,-0.78,4.71,0.52,-2.34,2.02,-2.15,1.65,-0.13,-2.57,2.09,3,0,0
0.54,-0.14,-1.43,-0.3,0.06,2.75,-0.88,-2.34,-0.38,1.22,-0.93,-1.82,0.12,-2.01,1.91,-0.05,3,0,0
0.39,2.66,1.33,5.31,-2.8,-3.87,2.42,-2.35,1.02,-0.01,-1.4,3.33,-2.96,1.33,0.16,0.23,3,0,0
-0.8,-0.06,2.08,4.75,-2.31,-0.29,-0.04,-0.92,1.4,-0.63,1.72,3.96,-2.56,-1.53,-1.81,-1.26,3,0,0
0.07,-2.67,-1.19,-2.67,-1.81,0.06,-0.19,0.8,2.73,-1.91,-1.41,2.08,2.33,-0.1,1.01,-1.42,3,0,0
-2.17,-1.08,0.63,-1.59,-0.92,-1.31,5.08,-3.17,0.02,1.43,2.71,3.9,1.72,-2.17,-2.14,-1.58,3,0,0
0.69,1.51,0.54,2.12,1.43,-4.46,-2.25,0.59,4.43,-0.78,-3.51,5.05,-0.65,-0.71,1.46,0.76,3,0,0
2.97,4.03,0.51,1.05,2.95,-3.79,0.67,-1.13,1.2,-0.57,-2.01,6.73,-0.32,-4.25,0.02,-3.03,3,0,0
0.28,0.55,0.42,-0.9,-2.7,3.26,3.37,-3.81,-0.86,0.49,0.63,-2.01,1.08,-3.93,-0.76,-0.17,3,0,0
-2.51,3.04,2.77,0.49,-2.15,0.95,0.33,1.14,0.97,-0.75,-0.66,-3.7,4.2,0.46,-0.22,3.52,3,0,0
-1.04,-1.96,1.13,1.64,-0.55,-0.39,0.67,-0.52,0.43,0.73,1.9,-1.2,-2.45,2.83,2.65,-0.27,3,0,0
0.04,-0.57,-3.01,0.52,1.96,0.82,1.73,2.72,-2.77,-0.3,-1.65,0.19,4.33,3.37,-0.67,-0.02,3,0,0
-0.34,-3.11,-2.64,-2.33,-3.86,0.16,-1.66,3.47,3.19,0.9,-1.45,4.12,-1.12,-5.68,-1.21,-3.69,3,0,0
1.58,-1.54,-3.46,-2.65,2.7,-2.48,0.52,-0.62,0.81,3.24,-5.64,0.76,-0.78,0.44,6.33,-2.39,3,0,0
4.28,1.01,-0.5,-1.65,0.18,1.24,-4.4,-2.69,2.73,-4.0,-2.85,4.88,-0.6,-5.0,0.72,-1.85,3,0,0
-0.26,0.69,-0.78,3.15,-1.56,5.03,3.81,-3.49,-1.93,-0.58,-0.61,-1.2,-1.25,-4.71,-2.64,0.71,3,0,0
0.04,5.27,1.02,-1.21,2.97,-2.38,6.45,-1.96,-1.09,2.65,-0.53,2.78,-0.34,-4.4,-0.62,-1.9,3,0,0
-0.84,-1.28,-2.76,0.07,0.2,-1.7,7.2,-4.38,-1.57,1.66,-3.49,-1.21,6.41,2.04,2.0,1.99,3,0,0
1.23,1.85,-2.32,3.14,-1.07,-0.49,-2.14,-2.32,1.1,-0.81,-2.45,2.05,-1.87,-0.17,-0.95,1.62,3,0,0
-0.52,4.3,3.91,-2.91,1.81,-5.0,-1.89,-1.29,4.8,-1.84,2.19,5.22,-2.91,-1.77,3.14,-1.08,3,0,0
0.56,-0.17,0.49,1.99,2.95,-0.18,0.99,-1.72,-0.66,-0.34,-2.24,-2.11,-1.16,3.16,3.83,2.19,3,0,0
-2.73,5.98,3.39,2.47,2.2,3.37,3.11,-0.68,-2.15,-2.46,2.1,-4.95,-2.4,2.68,-1.46,4.94,3,0,0
-2.96,0.84,0.19,3.17,-3.42,-0.95,3.96,-0.78,0.58,-0.77,-0.55,-1.41,-1.31,1.93,-0.92,3.02,3,0,0
0.68,1.69,-0.32,-1.34,2.41,-1.16,-4.5,4.32,-0.05,-1.64,1.82,1.62,-1.46,-0.99,-2.88,-0.45,3,0,0
-0.3,0.85,0.35,3.06,5.09,-1.26,4.38,4.9,-4.8,3.17,-0.16,-1.12,-0.09,-0.0,-2.97,-1.69,3,0,0
-1.02,0.72,0.5,4.69,-1.54,1.02,-0.13,0.29,0.69,-0.03,1.07,0.35,-4.08,-1.48,-0.61,-0.24,3,0,0
4.58,2.6,2.6,0.81,2.97,-0.92,0.77,-4.0,0.53,-0.95,-3.72,1.67,-0.46,1.56,4.96,-0.92,3,0,0
-1.18,-0.93,1.23,-1.82,-1.07,2.27,-1.16,3.16,-1.29,-2.06,2.07,-3.56,1.64,3.22,-0.41,1.05,3,0,0
3.05,-4.04,0.71,-2.22,1.86,-2.12,-1.94,-1.2,0.83,-0.79,-0.51,0.4,2.32,0.7,1.77,-0.83,3,0,0
2.07,-0.37,-1.13,3.36,-2.21,4.08,-2.28,3.1,0.17,-0.46,-0.73,-0.14,-1.22,-2.85,-4.8,-0.12,3,0,0
-1.82,0.91,0.87,-1.92,-0.48,-2.57,2.24,-1.02,1.21,-1.14,1.95,0.19,-0.6,3.4,0.43,2.41,3,0,0
2.08,1.21,-2.2,-0.75,3.66,-2.3,1.08,-0.89,-2.93,3.71,0.86,1.06,0.77,-1.03,0.85,-2.58,3,0,0
0.79,-3.98,-0.76,1.4,-1.15,0.18,2.6,-0.95,-1.14,1.9,-1.34,-2.04,-0.36,0.57,1.21,-1.3,3,0,0
3.73,2.97,3.4,-0.73,-1.22,1.73,-1.95,-3.15,2.12,-5.96,-3.44,0.8,2.41,-0.61,2.15,0.93,3,0,0
-2.57,1.13,-1.59,4.19,0.93,-0.17,1.15,2.73,-2.42,2.53,-0.36,-0.71,1.77,2.42,-0.4,0.72,3,0,0
1.26,-2.09,6.28,-5.02,0.21,-1.8,-3.89,-2.55,5.15,-2.76,0.38,1.72,3.14,-0.53,3.98,0.06,3,0,0
1.99,-1.19,-0.98,1.62,-2.83,0.87,-0.8,0.01,2.38,-0.22,-5.77,-0.4,-2.49,-0.7,0.54,1.57,3,0,0
-2.07,-2.24,0.2,-1.99,2.91,1.81,2.32,0.15,-4.59,2.9,4.51,-2.92,5.02,1.87,0.54,-1.09,3,0,0
-3.13,-1.7,-2.18,1.33,-2.87,0.33,1.01,3.38,-1.12,-1.36,2.4,-1.12,-0.06,2.05,-2.5,0.51,3,0,0
-0.65,0.58,-0.37,3.22,0.99,3.59,-1.04,1.99,-0.87,-2.39,-1.98,-1.71,-0.86,2.37,2.35,-0.04,3,0,0
-0.06,-1.0,-1.57,0.69,-1.89,-0.62,-2.4,-0.32,3.4,-0.71,-1.49,5.02,-0.97,-5.58,0.59,-2.63,3,0,0
3.85,-2.5,-4.67,2.19,1.94,3.94,-0.22,-1.77,-2.59,0.24,-5.43,-2.36,-2.15,-0.2,4.05,-2.25,3,0,0
5.57,-1.6,1.26,2.68,3.0,0.46,0.32,-2.11,-2.29,1.09,-1.99,-1.91,-3.18,2.1,0.86,-1.13,3,0,0
0.41,7.25,4.05,-1.54,-0.54,-4.14,-2.89,-0.64,4.43,-1.11,-0.43,4.92,-1.69,-4.07,-0.09,0.07,3,0,0
0.97,3.61,0.04,0.17,2.09,-2.37,0.2,0.67,-0.45,0.05,0.95,1.73,0.18,-3.53,-6.29,2.21,3,0,0
-0.93,-0.17,1.75,1.99,-2.88,1.57,-4.88,4.25,1.27,0.69,2.69,1.97,-0.14,-0.79,-3.04,-1.37,3,0,0
0.52,2.1,2.08,1.09,1.88,3.22,-2.13,-2.84,-0.63,-3.64,1.27,-1.85,0.08,2.62,1.46,2.53,3,0,0
6.55,1.01,1.14,-5.49,5.68,-1.66,-1.68,-1.69,1.39,0.67,-5.34,1.24,-0.1,-1.26,2.83,-0.93,3,0,0
-1.04,1.22,-0.06,-3.29,1.97,1.88,2.13,-1.9,-0.89,-2.26,-0.26,-4.75,1.05,1.89,4.98,1.54,3,0,0
1.64,4.75,-0.55,3.71,1.73,-1.59,-0.9,4.31,0.56,-1.5,-2.23,0.67,-7.43,1.56,-2.39,1.75,3,0,0
-2.11,1.1,4.4,3.89,-0.95,-2.96,-4.16,2.85,4.04,-2.26,1.09,4.27,-0.29,0.62,2.7,-0.5,3,0,0
-3.95,0.7,-0.06,-2.7,-5.2,-0.33,3.72,-1.37,3.35,-0.47,1.4,-0.56,-4.29,-0.33,0.71,1.18,3,0,0
1.49,-0.49,3.05,-2.83,1.29,2.32,1.56,-5.45,-1.09,-0.03,3.94,-1.73,0.7,-1.33,0.74,-0.8,3,0,0
-1.54,-0.07,1.49,-3.5,-1.72,1.57,-1.15,-0.98,1.67,-2.78,1.61,-0.07,1.23,-0.48,1.08,0.35,3,0,0
0.86,-5.08,-2.42,0.96,1.44,-0.66,-1.64,1.4,-1.2,2.54,0.69,5.09,4.69,2.14,-2.32,-2.94,3,0,0
-0.0,3.44,0.37,-0.98,-0.06,-0.36,2.12,-2.59,2.64,-3.58,-1.55,1.94,-3.12,-3.04,0.31,0.95,3,0,0
-0.92,-0.02,-0.45,1.49,-1.02,-0.12,2.54,-4.25,0.64,1.87,-0.5,0.85,0.24,-1.44,3.28,-0.93,3,0,0
-2.35,0.13,1.33,-0.83,-2.67,1.42,-0.83,1.23,0.18,-0.71,0.99,-1.34,-0.2,-0.21,0.47,-0.02,3,0,0
-2.88,1.71,5.21,-3.21,-0.66,-5.71,3.72,1.29,2.48,0.51,1.64,2.16,1.02,2.54,-2.0,1.97,3,0,0
-1.56,-0.17,2.45,2.45,-2.41,0.0,-3.01,1.12,2.76,-0.33,-0.02,-1.44,-1.26,1.61,2.64,1.86,3,0,0
-2.44,1.15,-0.26,0.69,0.84,-1.1,3.74,1.81,-1.45,1.29,1.76,-1.87,-1.27,0.57,-1.52,1.08,3,0,0
-3.46,2.42,0.36,2.82,-0.9,3.21,1.04,2.66,-1.46,-1.91,1.29,-1.59,-1.05,1.6,-1.48,1.25,3,0,0
-4.06,-1.48,-1.07,-6.29,-3.56,-1.77,-0.6,1.51,2.05,0.68,2.85,1.66,4.56,-1.2,-2.03,0.66,3,0,0
-4.91,-0.63,-1.86,0.27,-3.34,2.05,-2.57,3.7,0.41,1.66,4.0,2.5,-1.76,-1.41,-2.99,-1.31,3,0,0
-2.79,1.15,-2.44,-1.31,-0.4,1.14,1.08,-0.45,-0.69,1.05,0.39,0.3,-0.51,-2.53,-0.85,0.58,3,0,0
-1.33,-1.85,-1.36,0.09,1.69,-1.59,3.49,2.32,-1.43,2.46,-3.07,-0.32,4.28,4.82,2.99,-1.17,3,0,0
-0.17,0.5,1.65,0.35,-0.78,-2.51,1.7,1.56,0.87,-0.77,-0.67,0.15,-2.47,1.35,0.04,0.5,3,0,0
-1.79,-2.63,1.18,-0.22,-3.25,3.25,-0.05,-0.4,0.05,-2.66,2.4,-2.88,-1.3,4.06,-1.25,2.92,3,0,0
