@relation SyntheticData-N_600-D_16-Nmin_100-Zmin_4-CL_1_2-R_0
@attribute X0 real [-7.10, 6.92]
@attribute X1 real [-8.23, 8.38]
@attribute X2 real [-7.52, 6.93]
@attribute X3 real [-8.98, 6.97]
@attribute X4 real [-7.68, 7.84]
@attribute X5 real [-6.44, 7.30]
@attribute X6 real [-6.58, 7.89]
@attribute X7 real [-8.84, 6.84]
@attribute X8 real [-6.61, 9.11]
@attribute X9 real [-8.71, 7.30]
@attribute X10 real [-6.21, 5.23]
@attribute X11 real [-8.50, 7.50]
@attribute X12 real [-7.04, 6.74]
@attribute X13 real [-6.16, 6.31]
@attribute X14 real [-7.75, 6.60]
@attribute X15 real [-9.90, 7.19]
@attribute cluster_idx {0,1,2}
@attribute is_noise {0,1}
@attribute Class {0,1}
@inputs X0,X1,X2,X3,X4,X5,X6,X7,X8,X9,X10,X11,X12,X13,X14,X15,cluster_idx,is_noise
@output Class
@data
0.78,2.64,-3.34,0.72,-3.49,2.38,-2.23,1.02,5.24,-0.08,-2.29,0.77,-0.71,-0.37,-2.46,0.98,0,0,1
1.77,-1.53,-3.22,-1.38,1.04,-0.66,-3.11,0.75,1.93,0.51,2.09,-2.99,3.61,3.99,2.41,4.35,0,0,1
-1.36,-2.26,2.12,-1.13,2.43,3.44,0.17,2.35,-2.72,0.85,2.6,-1.1,2.57,-0.66,6.6,-1.18,0,0,1
2.43,0.73,1.0,5.27,-0.88,0.42,-0.77,-0.62,-1.11,-0.32,-3.72,-0.23,-1.91,-2.82,-0.15,-4.04,0,0,1
-0.92,-2.95,-6.19,3.88,-2.83,1.41,-0.45,0.34,-1.88,-0.79,-1.87,-4.47,-3.49,1.06,-0.57,-0.76,0,0,1
-0.89,-4.46,-1.23,1.77,-2.03,2.11,-1.13,-2.16,-0.99,-2.05,-0.17,-3.58,0.4,2.26,-1.0,-1.43,0,0,1
1.26,1.52,-0.55,-0.5,-0.46,1.11,1.01,0.59,3.58,1.34,-3.2,4.39,-3.06,-2.56,-4.96,0.42,0,0,1
-1.49,-3.56,1.24,0.16,2.5,3.77,-2.91,-0.37,-3.0,1.18,-0.77,-3.15,0.32,1.92,4.12,2.11,0,0,1
4.72,-6.26,-3.85,1.17,2.69,-1.82,-1.22,0.54,-1.71,1.97,-2.23,-2.24,1.85,4.62,2.65,1.1,0,0,1
-4.28,2.73,1.14,0.86,-1.76,0.23,1.29,0.51,0.36,-0.01,0.81,1.23,0.03,-2.8,-1.16,-4.49,0,0,1
0.55,-3.12,-0.14,1.25,-1.37,4.57,-1.75,0.94,-1.25,-0.41,0.12,-1.05,3.64,-0.93,1.99,-0.01,0,0,1
-2.3,2.17,4.27,1.3,1.27,0.6,-2.21,-2.15,0.64,-2.34,-1.16,0.93,-0.61,-2.06,2.57,-3.59,0,0,1
-1.69,-0.51,-0.41,0.81,3.29,0.88,-2.85,-1.41,0.9,1.17,0.4,-3.24,-2.93,-0.82,4.44,1.04,0,0,1
1.39,-0.84,-0.95,0.56,-2.77,6.12,-0.3,2.95,2.29,1.31,-4.19,2.53,1.2,-0.93,-3.87,0.97,0,0,1
-1.69,-3.32,-3.53,-2.06,-1.03,3.84,0.84,1.93,-2.72,-2.32,1.5,-1.85,-1.36,3.88,0.77,1.3,0,0,1
0.56,-3.51,-4.0,-2.02,2.99,-1.03,-1.55,1.91,-0.25,0.52,0.89,-2.19,-1.74,2.88,4.81,1.54,0,0,1
2.56,0.38,0.7,4.76,-3.47,-2.83,1.16,-4.05,-2.12,1.46,-0.41,0.1,2.81,0.52,1.73,0.83,0,0,1
0.58,-3.94,-2.36,-2.03,0.03,1.84,-1.52,0.79,4.01,-2.94,-1.01,-0.25,1.8,2.67,-2.63,-1.71,0,0,1
-1.35,-2.12,1.04,4.96,-2.03,-1.85,-1.38,-5.28,-1.16,1.2,2.46,-6.13,-0.18,-0.43,2.42,0.43,0,0,1
-1.08,2.43,1.99,2.48,2.76,-1.64,0.62,-0.21,-0.57,1.91,-3.32,1.56,-1.28,-0.71,-1.55,-0.63,0,0,1
1.19,0.23,0.71,-2.96,0.91,1.51,1.42,2.24,2.58,1.76,2.0,1.92,2.68,0.14,-0.42,4.11,0,0,1
3.64,-3.05,-0.85,-0.5,-1.49,-1.11,0.14,-2.24,0.27,-3.36,-1.09,1.03,2.33,3.73,-4.43,-0.39,0,0,1
0.52,-0.69,-1.5,3.07,-1.04,-2.51,-2.14,-1.61,1.67,5.15,1.83,-2.06,3.84,-3.24,1.74,2.67,0,0,1
2.22,0.96,0.15,1.5,-4.77,-2.95,2.59,-1.73,1.21,3.77,0.27,3.92,4.72,-2.97,-2.88,-0.03,0,0,1
-1.81,-1.65,-1.01,1.37,-0.43,2.15,-3.24,-0.89,2.41,-0.66,-0.31,-3.39,1.63,0.6,-1.37,0.59,0,0,1
-0.04,1.8,-3.67,-3.81,-2.21,4.28,2.21,4.73,2.86,-3.68,-0.6,5.24,-2.33,-1.85,-3.85,-1.72,0,0,1
-4.24,1.52,1.73,4.45,-1.12,1.21,-4.42,-2.25,-0.33,1.85,-0.55,-3.39,1.44,-1.35,6.44,-0.41,0,0,1
-2.08,0.21,1.91,1.28,-0.44,4.87,-2.01,1.49,-0.57,-0.06,-0.62,-0.02,1.22,-3.05,1.63,-1.49,0,0,1
0.95,0.01,2.93,-1.33,2.14,2.57,1.45,3.35,-2.54,-4.38,-0.92,3.85,2.92,1.99,2.47,-4.61,0,0,1
-0.65,1.63,4.82,1.84,1.45,-0.42,-0.92,-0.93,0.42,0.52,-0.69,0.83,0.79,-2.63,2.87,-1.79,0,1,0
-1.61,2.48,2.9,3.24,-0.66,-2.77,-1.94,-4.18,0.67,-0.92,0.27,-1.85,0.12,-1.14,-0.78,-2.65,0,0,1
-1.85,-0.43,0.68,1.4,-2.6,4.36,1.78,1.69,-0.43,-1.93,2.04,-0.46,1.98,-1.34,0.86,-0.49,0,0,1
2.19,-2.54,-2.63,0.4,-1.9,-3.27,1.28,-1.94,0.09,3.47,-0.48,-0.68,-2.05,0.32,-3.21,2.04,0,0,1
-1.85,1.57,5.0,2.69,-0.53,0.75,0.82,-0.15,-1.36,1.94,1.51,-2.18,-0.38,-3.27,4.07,-0.72,0,0,1
1.11,2.18,2.62,3.02,-0.96,0.47,1.3,-0.19,-0.06,0.42,-1.3,1.97,0.37,-3.34,1.45,-2.28,0,0,1
2.61,-0.87,-2.35,0.73,-2.47,3.09,0.74,2.31,-0.97,0.87,0.16,0.89,1.92,-1.54,0.44,1.64,0,0,1
1.22,1.82,2.25,1.42,-0.65,-3.2,-5.64,-5.95,1.36,0.07,3.42,-4.17,0.75,-1.84,2.42,1.68,0,0,1
-0.0,-0.5,3.01,-4.49,5.28,-0.95,1.34,1.49,-2.67,-2.42,0.64,3.64,3.1,4.19,1.03,-0.53,0,0,1
1.53,-0.48,-2.25,0.91,-0.34,0.52,2.06,1.45,-2.98,0.95,-1.51,0.27,-4.75,-0.49,0.01,-1.56,0,0,1
-3.01,-0.56,0.65,-4.45,2.12,2.89,0.67,2.4,-0.76,-3.63,0.9,1.38,-1.47,2.06,-0.46,0.11,0,0,1
-1.73,-1.18,0.51,-1.71,0.9,-0.79,-2.2,-1.6,-0.55,-0.98,3.85,-2.72,1.07,1.1,2.71,2.76,0,0,1
0.84,0.44,2.93,1.55,-3.99,0.94,1.63,-0.98,-1.02,1.6,-1.88,4.82,4.21,-0.79,-1.12,-0.06,0,0,1
4.22,-1.98,-0.83,-1.56,2.25,-0.88,1.67,2.36,-0.94,-1.41,-2.35,3.86,-0.36,1.31,0.79,-1.95,0,0,1
4.6,-3.22,-1.1,-0.93,3.61,-3.85,2.79,1.83,-1.71,1.02,-1.61,3.67,3.44,2.65,-1.86,-2.07,0,0,1
4.6,-4.83,-3.15,0.84,0.16,2.11,0.5,0.76,-2.05,3.32,-0.76,-1.28,-1.31,0.12,0.71,3.32,0,0,1
-2.9,2.11,-0.21,2.4,0.13,0.19,0.23,-0.79,-0.93,-1.18,-1.42,-1.12,-1.12,0.28,-2.34,-0.48,0,0,1
2.45,1.5,-1.67,0.94,-2.33,-0.77,0.73,-0.6,1.4,-0.73,-1.34,1.83,1.46,1.2,-4.02,-0.61,0,0,1
-3.66,0.17,1.47,2.82,0.3,4.66,-2.58,0.04,-0.25,0.88,2.63,-5.39,-1.2,-3.35,4.61,1.48,0,0,1
0.99,0.82,0.71,0.51,-0.35,-0.7,0.6,-0.64,0.08,0.14,-0.97,0.28,1.07,2.19,-0.4,1.1,0,0,1
-0.18,-2.64,-4.45,-5.3,1.79,0.79,-1.76,2.98,3.09,-2.09,3.3,-0.01,0.9,0.76,-0.78,2.15,0,0,1
-2.42,1.99,3.45,3.12,-0.37,1.8,-0.76,-1.51,-1.39,-0.91,-2.73,0.07,2.49,0.31,-1.89,-1.33,0,0,1
2.03,-2.33,-2.7,-0.51,-2.71,-1.08,2.52,-0.62,-1.32,-3.16,-1.23,1.53,-2.31,2.46,-3.29,-2.64,0,0,1
-0.04,-0.72,-4.4,-1.66,-0.28,0.36,2.94,2.42,-1.33,-2.8,-1.21,3.88,-4.7,-0.3,-3.67,-2.29,0,0,1
1.21,1.3,3.04,3.13,-4.01,-0.06,1.48,-1.23,-3.37,-0.57,-3.17,2.88,0.18,-0.18,0.89,-3.33,0,0,1
-1.61,1.49,-3.53,-4.4,-2.57,2.15,3.76,2.92,0.28,-3.25,-1.35,6.5,-4.44,-0.08,-6.78,-2.12,0,0,1
1.36,-0.65,-0.99,1.6,4.79,-0.58,1.69,3.65,-1.56,-2.97,-4.02,1.98,-2.48,0.64,1.37,-5.29,0,0,1
2.96,-1.23,-0.88,-1.73,0.73,0.85,-0.82,2.0,2.18,-0.61,-1.44,2.38,2.42,1.64,-0.79,0.57,0,0,1
-0.05,2.13,4.36,0.32,0.66,1.92,-0.95,0.24,0.71,-0.43,-0.91,2.11,1.49,-2.79,-0.34,-0.23,0,0,1
-1.57,-1.45,-0.99,0.38,1.7,0.6,-3.12,-1.21,1.84,1.46,1.2,-1.59,1.62,-1.81,0.71,1.98,0,0,1
0.45,-0.26,-1.75,0.82,-0.75,-1.91,-0.42,-0.98,-1.74,-2.15,0.1,-1.31,-1.87,1.37,0.38,-1.19,0,0,1
-0.13,3.35,4.95,-1.15,-0.42,3.16,2.95,0.93,-0.77,-2.22,1.13,4.4,-2.03,-4.34,-1.79,-1.71,0,0,1
4.1,2.11,0.5,-1.38,0.02,-0.39,3.41,1.75,0.41,-0.81,-2.08,6.11,-1.09,-0.64,-3.5,0.12,0,0,1
1.17,2.82,-1.35,1.12,-3.09,-1.09,-2.61,-0.87,3.8,-2.47,-2.43,1.02,4.37,2.28,-3.81,-2.03,0,0,1
0.06,0.24,0.31,-3.59,2.45,2.56,3.56,4.53,-0.52,-5.41,-0.61,4.69,0.08,2.27,-2.13,-3.68,0,0,1
-1.9,1.77,6.42,3.11,0.56,0.09,-0.82,-3.22,0.07,1.05,-0.54,-0.68,1.79,-1.54,2.49,-0.48,0,0,1
-1.03,-0.97,0.99,3.92,-4.36,-0.29,1.86,-4.74,-2.65,0.24,-0.18,-1.24,-2.05,-1.86,-3.21,-1.77,0,0,1
-3.35,2.12,0.57,0.53,3.25,-1.77,0.66,0.81,-0.14,-1.43,0.13,-0.59,-0.92,1.24,1.12,-2.39,0,0,1
-2.02,-2.11,1.09,0.95,-4.88,4.98,-1.44,-1.08,-1.58,0.03,0.53,-1.61,2.47,-0.72,-0.06,0.28,0,0,1
1.31,0.36,2.02,3.5,1.09,-3.17,-2.18,-3.18,-0.31,-2.25,-0.98,-3.79,0.56,3.4,3.3,-2.97,0,0,1
0.57,1.67,2.65,-2.35,1.78,-0.85,2.73,-0.87,3.3,-2.38,0.86,3.0,-2.49,-1.62,-4.98,-2.52,0,0,1
-1.09,-0.63,-2.26,-0.92,0.01,2.13,-1.85,-1.04,2.0,-4.17,-0.21,-2.77,1.6,5.25,-3.56,0.45,0,0,1
-0.81,1.23,1.54,3.27,-4.05,-0.48,0.66,-1.77,-0.88,2.02,-0.38,1.44,2.47,-3.82,-1.54,-2.24,0,0,1
2.06,-0.14,0.09,-1.01,0.23,-4.7,-0.3,-2.09,2.02,-1.45,1.22,-1.06,2.0,2.93,-2.02,-1.16,0,0,1
-2.52,0.03,-0.43,4.21,-1.52,-0.36,-1.39,-1.91,-1.8,2.02,-0.64,-4.87,-0.58,1.67,2.53,0.26,0,0,1
3.0,1.38,-0.89,1.32,0.33,-3.02,1.13,1.41,-2.95,2.57,-3.26,1.97,-0.88,1.19,0.57,-1.55,0,0,1
-2.11,-1.91,0.39,-4.02,2.85,6.21,0.21,4.16,-0.93,-0.34,0.34,1.46,-0.3,0.66,2.38,3.67,0,0,1
-0.07,-0.09,-1.98,1.68,0.62,-2.7,1.93,-0.25,0.08,-0.81,1.43,-2.89,-2.46,0.71,1.19,-1.82,0,0,1
-0.18,-2.69,-3.32,-3.91,0.51,7.3,4.67,5.82,-1.79,-3.91,-2.73,2.95,-4.51,3.59,-4.87,0.7,0,0,1
0.16,3.42,-0.38,2.02,0.45,-4.93,-1.76,-1.91,5.13,-1.28,-1.88,1.27,-0.37,-1.22,-1.53,-4.7,0,0,1
-0.31,1.51,0.77,-0.28,0.35,-2.43,-2.86,-1.85,2.82,0.97,0.93,-1.07,0.44,-0.68,1.14,1.43,0,0,1
2.63,-0.13,-1.98,-3.21,0.2,-3.5,-0.89,0.24,2.06,3.41,2.62,0.38,2.63,0.51,1.28,2.26,0,0,1
-0.53,1.7,-1.4,-1.97,0.75,-0.69,-2.0,-0.34,3.67,-4.68,-0.63,2.77,4.02,4.35,-2.59,0.17,0,0,1
-1.59,2.4,5.46,0.44,1.36,0.99,-0.02,-1.76,-1.69,-3.48,2.28,-0.02,-1.02,-2.03,2.7,-1.69,0,0,1
-0.37,0.71,0.98,3.0,0.68,0.82,-0.2,0.07,-0.23,-0.77,-3.21,1.49,-0.05,-0.99,1.6,-2.67,0,0,1
0.77,-1.73,1.64,1.15,-0.46,-0.91,-2.26,-3.87,-0.42,1.91,-0.4,-3.8,-1.1,2.55,1.43,1.91,0,0,1
-0.53,0.9,0.13,-0.7,0.01,-1.48,-2.21,-2.76,0.27,2.55,3.3,-3.01,2.35,2.26,1.3,6.09,0,0,1
0.52,-0.94,-0.81,-2.52,1.14,-0.67,3.17,2.08,0.5,-1.53,-1.99,4.23,-0.61,2.3,-4.08,-1.24,0,0,1
0.9,-3.62,-3.08,-2.84,0.98,3.47,2.12,3.46,-0.9,0.67,-4.71,2.81,-4.19,2.93,-2.74,-0.01,0,0,1
2.59,1.54,-1.52,-3.93,1.7,-1.28,3.35,2.59,1.03,-2.05,-3.56,7.5,-0.39,0.93,-7.75,-1.46,0,0,1
-1.26,0.55,-4.32,-3.58,0.77,2.91,1.58,5.03,1.92,-3.03,-1.96,3.34,-3.16,1.43,-2.25,0.12,0,0,1
0.58,-0.96,-4.33,-1.59,3.05,-5.1,0.43,-0.43,3.36,0.43,1.88,-2.21,-1.7,1.85,-2.51,1.48,0,0,1
-1.04,2.52,1.73,-0.4,-2.26,3.44,1.81,2.09,0.88,-1.32,-2.31,5.8,-1.27,-3.98,-1.64,-2.84,0,0,1
-1.06,-3.64,-1.71,2.83,0.26,-2.28,0.46,-1.41,-2.27,5.38,-1.58,-0.91,0.57,-1.07,0.59,1.96,0,0,1
-1.71,4.08,2.08,3.19,-0.18,-2.33,1.13,-3.32,-1.23,-1.15,-0.88,0.88,-1.64,-1.63,-2.99,-2.78,0,0,1
-0.22,2.73,-1.01,-0.21,-1.67,4.32,-1.2,2.73,2.49,-1.43,-2.35,1.11,-0.18,-0.4,-2.6,2.08,0,0,1
-2.46,1.34,4.09,5.47,2.46,2.61,1.23,0.3,-4.93,2.62,-3.1,0.72,1.02,-2.47,2.79,-0.33,0,0,1
-3.41,-0.71,0.67,0.72,-1.47,4.97,-1.08,-1.07,-2.87,-2.16,-1.6,-1.96,-0.97,2.92,-1.31,0.96,0,0,1
-0.97,-0.24,-2.66,1.56,-0.62,0.53,-2.07,-0.57,2.21,0.56,-1.49,-0.87,-0.07,-0.93,-3.52,0.49,0,0,1
-1.63,0.94,1.19,0.16,-0.76,0.66,-1.44,1.1,1.32,2.17,1.08,1.11,5.41,-2.32,2.08,-0.74,0,0,1
1.89,-2.85,-1.71,0.68,-1.9,3.17,2.11,3.31,-4.28,3.15,-1.44,0.38,-0.14,-0.2,-0.88,0.52,0,0,1
-2.11,-2.44,-0.74,-1.01,3.88,0.57,-1.37,-1.96,-0.82,-1.4,-1.78,1.44,1.43,2.15,2.04,-0.41,1,0,0
1.63,3.66,-0.64,1.35,-2.39,-5.36,-1.3,0.52,0.99,1.21,1.88,0.67,3.18,-0.87,-1.95,0.8,1,0,0
-0.77,-1.54,-2.1,3.95,0.69,0.02,2.36,1.15,0.79,1.43,0.03,-0.11,1.17,1.73,-0.07,-1.67,1,0,0
-2.27,-3.34,-2.18,-0.63,0.86,-0.12,-1.36,-3.38,2.51,0.33,-2.01,1.31,1.34,1.01,2.09,1.14,1,0,0
-0.55,2.31,-1.48,-0.52,2.96,-2.39,-0.41,4.67,-1.22,-2.0,1.1,-1.66,-1.34,3.28,-0.9,1.68,1,0,0
0.86,-4.87,-0.71,5.72,-2.08,4.28,4.65,3.89,2.67,1.05,1.79,-1.37,3.33,-2.48,-2.18,-5.24,1,0,0
-2.81,-3.01,-3.71,3.47,2.44,2.74,4.09,2.11,2.56,-1.43,-1.42,-2.74,1.37,6.02,1.28,-4.31,1,0,0
-2.88,1.2,-0.57,-1.48,7.84,1.21,-1.96,4.98,-0.6,-1.59,0.27,0.06,3.72,0.65,-3.12,0.21,1,0,0
1.35,1.01,-3.22,1.43,-0.6,2.58,4.73,0.93,4.36,3.0,-1.27,-2.97,-1.88,2.15,-1.17,-2.35,1,0,0
1.79,0.15,3.01,6.62,-2.71,-0.1,4.44,4.24,-2.07,2.37,3.75,-2.39,-1.38,1.54,-2.35,-1.14,1,0,0
4.25,1.97,-0.79,-0.02,-2.62,-0.16,-0.58,-0.49,0.64,0.19,0.19,-1.69,-2.96,-0.12,0.23,1.18,1,0,0
4.87,4.56,-0.59,-1.06,2.62,0.27,1.42,-1.25,-2.99,4.5,-1.7,-3.69,-3.21,2.11,-2.33,1.85,1,0,0
0.63,-0.2,-1.6,0.6,0.81,0.28,0.37,-0.39,-0.16,2.29,-1.08,-1.41,-0.84,2.9,0.16,2.19,1,0,0
0.67,1.73,1.1,-1.83,-3.79,2.26,-0.69,1.36,1.89,-3.1,2.81,-1.2,-0.56,-1.93,-2.8,3.53,1,0,0
-5.02,1.55,-3.98,2.89,-0.67,1.15,-1.66,3.0,3.41,-2.39,1.22,-4.36,1.67,4.21,-4.16,-1.19,1,0,0
0.12,-1.11,-0.97,-5.51,-1.3,3.23,-2.39,-0.12,-1.01,-1.95,-0.26,0.53,2.24,-1.85,-1.11,4.45,1,0,0
-3.36,-2.82,-3.16,-2.17,1.98,-0.2,-0.56,-1.6,2.69,-1.48,-2.14,0.93,0.35,4.76,3.5,-0.36,1,0,0
2.32,-3.63,-1.05,0.27,-0.97,4.9,0.46,-1.07,-0.99,-0.41,-1.86,-0.96,-3.23,0.23,2.64,-0.48,1,0,0
-1.93,-4.15,-0.98,3.78,-2.07,0.59,2.75,1.61,1.97,-2.08,0.66,2.95,0.04,-0.55,3.75,1.03,1,0,0
4.17,0.89,1.15,0.16,0.0,-1.04,2.21,1.43,-2.66,4.86,0.43,2.09,-0.05,-3.15,-1.06,1.4,1,0,0
2.15,4.99,1.08,1.5,-0.74,-1.03,-0.13,2.84,-1.02,1.38,1.41,-1.88,0.48,0.56,-2.65,1.88,1,0,0
2.36,2.51,4.24,0.6,1.38,0.47,-2.77,-3.51,-2.19,-1.82,0.12,-0.09,-3.03,1.15,2.13,3.55,1,0,0
-0.17,0.5,2.69,-2.33,1.97,-2.65,-3.31,-1.9,-1.67,0.48,1.64,2.37,0.73,-1.17,-1.71,2.33,1,0,0
1.87,0.67,2.89,3.43,1.05,3.44,3.54,1.43,-2.99,0.57,1.14,-2.57,1.99,1.81,-2.09,-2.38,1,0,0
4.74,2.93,4.42,-0.31,-1.83,2.48,5.98,4.18,-4.13,0.17,3.91,-1.19,-1.57,0.86,-2.65,-1.09,1,0,0
-2.71,-1.81,-1.8,-0.26,3.31,0.35,-1.99,-0.77,0.57,3.85,-2.17,2.03,1.63,-1.21,-0.8,2.53,1,0,0
0.27,-1.87,2.4,-1.82,1.12,-0.91,-0.75,-2.47,-0.32,-1.7,1.07,1.4,-0.52,-0.51,1.08,3.92,1,0,0
3.26,3.49,0.01,-1.32,-0.73,3.17,0.76,2.25,1.42,0.73,2.14,-5.31,-3.71,1.44,-5.96,-3.49,1,0,0
3.81,1.66,-2.42,-3.09,-2.46,0.15,1.7,-3.23,3.49,0.32,-1.17,0.44,-7.04,0.73,2.66,1.75,1,0,0
-0.78,-1.55,-3.48,-0.25,-1.14,-0.59,-1.1,-0.43,3.24,0.44,-0.89,-1.19,0.49,1.74,-0.12,-1.93,1,0,0
1.87,-1.67,-1.09,-4.77,-2.11,2.07,-0.24,-3.76,1.64,-0.9,-0.88,-0.25,1.92,-1.88,-0.95,-1.65,1,0,0
4.13,1.02,6.3,-1.53,0.06,-0.97,-3.2,-1.09,-5.27,2.56,1.87,4.21,-1.79,-4.75,-0.24,4.47,1,0,0
-0.04,1.19,0.85,-0.91,-1.03,0.53,2.13,2.87,1.46,0.83,1.54,2.51,0.32,-0.0,-0.65,-1.6,1,0,0
1.9,2.95,1.48,0.69,-0.88,-1.39,0.06,0.36,-0.29,0.77,2.13,-1.07,1.45,0.22,-3.56,-3.26,1,0,0
3.03,-1.65,-2.42,0.26,-4.56,-0.2,2.2,-0.05,0.91,1.86,-0.76,2.81,-3.98,-1.08,3.52,-1.21,1,0,0
2.79,3.15,0.58,-3.47,-0.9,0.08,-0.03,-0.29,-0.72,0.05,1.77,-1.64,-2.53,0.01,-3.54,0.28,1,0,0
-3.52,-3.77,-1.06,-1.43,-0.16,-0.67,-1.06,-0.14,3.04,-5.1,1.36,1.09,0.31,0.77,1.12,-1.14,1,0,0
-1.71,-1.2,0.45,-0.62,3.13,-1.45,-0.33,-4.97,0.24,-1.68,-0.66,-0.61,5.93,2.55,-1.12,-4.78,1,0,0
-0.12,1.58,-1.56,-5.54,0.65,0.24,-3.9,-1.07,4.15,-3.23,0.72,-1.91,3.05,-1.92,-3.77,3.08,1,0,0
0.91,0.1,-1.52,-0.45,0.43,0.48,2.38,2.71,2.31,1.36,0.2,0.61,-4.16,1.47,0.98,0.15,1,0,0
0.18,3.03,-1.91,-0.42,0.57,0.63,1.96,5.18,2.17,0.42,1.21,-0.29,0.97,-1.08,-2.91,1.14,1,0,0
-0.98,-0.88,-2.87,2.42,-0.08,-0.88,0.5,0.23,-0.61,-0.63,0.48,-3.89,3.19,4.56,-2.4,-2.57,1,0,0
-2.67,-0.94,-0.96,0.72,0.19,-0.26,-4.25,-1.06,1.15,-2.48,0.23,-0.32,1.83,-0.09,-0.48,3.85,1,0,0
-2.55,-1.6,4.64,2.49,4.24,0.39,-2.94,0.04,-3.37,0.7,0.8,3.48,0.23,-1.14,0.0,-0.77,1,0,0
-1.18,-0.29,4.64,-4.37,-0.71,-2.25,-3.63,-1.47,-0.71,-2.73,2.13,4.76,2.15,-1.12,1.28,0.56,1,0,0
1.58,0.38,4.0,3.32,1.32,2.12,1.91,4.68,-4.54,0.64,2.96,0.34,1.2,-1.74,-2.27,2.24,1,0,0
2.52,2.49,0.65,0.62,-1.55,-1.98,1.52,-2.48,-2.14,0.91,-0.97,0.91,-0.6,3.21,3.19,0.89,1,0,0
-4.43,-1.66,-2.89,1.68,4.2,-0.29,-0.92,6.21,0.3,1.75,-1.11,3.09,3.89,1.17,0.38,-0.72,1,0,0
2.49,-0.32,-0.28,-3.9,0.7,-1.17,-4.47,-3.54,-4.09,2.18,-2.34,3.34,-1.5,-1.19,2.22,2.4,1,0,0
1.92,3.19,2.07,-1.86,-0.81,-2.4,-0.69,-3.44,1.47,-0.9,1.28,-0.93,-0.75,1.13,-0.67,0.98,1,0,0
-2.99,-2.36,3.37,-3.22,3.79,-1.85,-0.02,-1.8,-0.85,-3.57,1.56,3.96,2.79,-0.92,0.45,0.22,1,0,0
2.63,-1.35,0.69,1.17,-3.59,2.28,0.49,1.36,-0.31,4.5,0.82,0.48,-0.71,-1.68,-1.77,-2.25,1,0,0
-0.22,-2.39,2.16,-0.2,3.59,3.9,2.99,-5.15,-0.75,2.23,-2.45,1.44,-2.03,0.82,1.91,0.34,1,0,0
-0.24,-2.57,-2.67,-0.37,0.09,-0.13,-2.58,-2.01,2.97,3.23,-1.97,0.78,1.01,-1.15,0.52,2.82,1,0,0
-1.44,0.84,-0.15,-1.66,-0.72,-1.63,-0.27,3.17,-0.33,-0.55,2.06,1.67,2.76,1.15,-1.41,0.69,1,0,0
-1.26,-1.09,1.46,5.64,-0.32,-0.82,2.23,2.03,-0.31,3.57,0.39,3.56,3.34,0.68,1.65,-1.56,1,0,0
-1.44,-2.81,4.64,-1.86,-0.05,-1.01,2.23,-8.29,-2.07,-1.73,-0.38,3.35,-0.69,1.05,3.73,1.23,1,0,0
-0.64,-1.67,0.21,-0.49,-1.94,-0.26,0.14,-2.65,1.56,0.98,-0.54,3.4,0.48,-0.73,1.57,-1.87,1,0,0
-0.38,-0.46,-1.57,-1.65,-0.55,0.99,-2.0,-2.02,1.37,-1.26,-1.26,3.01,1.02,-0.3,2.37,0.97,1,0,0
2.38,0.29,0.09,0.24,-2.58,2.56,1.09,4.22,0.93,0.3,2.6,-0.01,-0.31,-1.99,-3.03,-4.4,1,0,0
-1.26,-0.92,-0.72,2.28,-0.33,-2.31,-1.28,-0.04,0.24,-3.41,0.99,-1.19,0.71,1.99,0.99,0.84,1,0,0
0.56,2.26,0.86,3.64,0.01,0.14,-1.38,1.76,-0.82,-1.23,1.41,-0.87,1.96,-1.73,-1.87,0.93,1,0,0
0.98,1.75,2.14,2.18,-0.78,1.61,0.6,-1.17,-1.22,0.52,1.81,-5.05,-1.99,2.13,-4.32,-1.02,1,0,0
-1.43,-2.29,3.16,-0.62,4.34,-0.62,0.1,-2.28,-4.47,2.43,-2.55,6.59,-1.37,1.91,6.48,3.19,1,0,0
-0.42,-1.45,-2.52,-0.74,-1.03,2.03,-3.01,-3.36,1.71,0.05,-2.12,-1.48,-0.57,-0.85,-0.31,1.78,1,0,0
-2.9,-1.39,0.97,-1.34,3.17,-1.33,-3.77,-2.71,0.48,-1.86,-0.77,1.66,1.68,1.58,1.68,2.0,1,0,0
1.96,-0.52,-2.03,0.17,-1.83,1.42,5.06,-0.03,-0.11,0.86,-0.67,-1.58,-1.61,2.12,0.4,-1.72,1,0,0
-1.05,0.41,-0.51,-1.6,1.34,-1.16,-0.36,0.94,0.9,1.26,0.82,0.93,-1.51,0.49,-1.78,0.91,1,0,0
-0.13,-2.37,-0.99,-1.04,1.74,0.56,-0.9,-6.02,2.83,-0.18,-2.21,-2.31,-1.91,2.63,1.38,0.83,1,0,0
0.08,-2.19,2.76,-2.32,1.48,4.29,-2.05,-2.32,-0.98,-1.05,0.91,-1.31,-0.02,-0.75,-2.74,0.15,1,0,0
-0.36,-1.61,1.64,2.17,-0.08,-0.62,0.61,-0.27,-1.66,0.45,1.11,-1.96,-2.74,1.72,-0.35,2.82,1,0,0
0.61,4.43,1.06,-4.88,2.53,4.13,-0.93,1.02,0.29,-1.79,1.74,-5.17,-1.43,2.72,-6.61,-0.56,1,0,0
-1.45,-3.18,-2.57,1.75,-0.62,0.67,1.64,2.67,-0.31,-0.2,0.62,-1.23,1.62,2.21,-1.24,-4.37,1,0,0
1.37,0.35,-3.22,-0.42,-2.82,1.43,3.0,0.28,2.09,2.06,-0.81,0.57,-3.01,0.56,0.37,-2.61,1,0,0
0.57,1.91,-3.39,-0.27,3.85,-2.47,0.15,0.01,1.37,-0.25,-0.65,-2.84,-2.03,4.33,-0.51,-0.28,1,0,0
1.14,-3.76,-5.64,4.98,-4.17,0.94,3.72,0.58,3.54,4.38,-1.71,-0.56,1.17,1.36,0.24,-9.9,1,0,0
1.24,0.38,2.7,2.54,-1.15,1.83,1.53,1.36,-1.12,1.83,2.07,-1.12,-0.2,-0.64,-3.0,-0.72,1,0,0
-0.71,-3.81,-0.68,2.63,0.08,-0.01,0.69,-0.38,0.48,0.58,-0.42,1.93,0.01,1.63,2.35,-5.18,1,0,0
3.37,3.53,0.96,-8.23,2.1,1.6,-0.87,-2.49,-0.23,1.91,-0.54,0.25,-0.06,-1.37,-3.54,1.19,1,0,0
0.13,-1.03,0.58,-1.18,3.13,-0.77,-1.93,-1.05,-0.67,2.11,-0.37,0.28,0.24,-1.6,-1.68,2.33,1,0,0
0.51,-2.92,-2.06,1.66,-3.9,1.3,2.67,-0.23,1.97,-0.91,-0.07,0.17,-0.78,0.4,2.49,-0.26,1,0,0
0.17,-1.21,0.05,-0.94,0.93,0.5,-2.55,2.97,-2.25,-0.85,0.96,1.32,2.14,-2.0,-0.96,2.3,1,0,0
4.36,-1.88,-0.62,-2.87,-0.42,2.88,-0.01,2.5,-2.25,2.9,0.07,0.48,-1.52,-1.96,-1.52,-2.81,1,0,0
3.21,1.91,0.17,-2.77,0.38,3.99,3.5,0.93,-1.49,3.37,-0.06,0.08,0.24,0.13,-2.46,0.42,1,0,0
3.48,-1.89,1.36,-5.1,1.6,5.0,-0.9,-1.51,-2.58,1.23,-1.26,2.69,-4.28,-1.9,1.67,4.2,1,0,0
0.69,0.54,1.24,-2.65,2.75,0.17,-1.86,0.89,-1.53,0.63,-0.24,0.38,-3.12,-0.47,0.12,6.22,1,0,0
0.04,0.16,-0.92,-1.52,-0.35,1.13,-2.83,-0.77,2.3,0.62,0.06,-0.7,2.8,-1.83,-3.32,-2.37,1,0,0
-0.35,2.95,2.41,-2.08,3.05,-3.07,-1.83,1.85,-1.95,-4.06,2.32,0.31,4.25,3.73,-0.36,0.64,1,0,0
3.34,3.07,3.4,3.56,0.56,-0.99,0.43,0.92,-4.92,0.88,1.84,-2.02,1.15,0.7,-1.82,2.23,1,0,0
-1.77,-0.86,-2.68,-2.34,0.94,1.59,0.3,-0.68,1.28,-0.25,-1.66,-1.59,0.02,3.93,0.25,-0.32,1,0,0
1.66,-1.08,-0.17,-6.58,-7.68,1.92,-2.0,-2.67,1.97,-2.14,1.32,1.66,0.0,-2.95,-0.54,1.63,1,0,0
-0.74,0.53,0.16,0.19,-0.81,3.87,2.52,1.9,3.05,0.78,0.9,0.64,1.18,-0.11,-1.87,-0.48,1,0,0
-0.71,0.55,-0.07,-1.03,0.2,-0.91,-2.45,3.29,0.49,-1.67,1.74,1.57,1.72,-0.79,-0.81,1.45,1,0,0
4.85,6.9,1.46,-3.0,-1.54,1.51,-0.12,2.26,-0.82,-1.03,3.29,-5.56,-0.26,0.62,-6.98,-0.31,1,0,0
-6.0,-1.71,-2.18,1.48,5.45,-2.05,-2.54,0.15,2.94,-0.44,-1.06,1.22,4.61,3.0,-0.22,-2.74,1,0,0
1.07,0.42,0.86,-0.04,-0.66,0.21,0.27,-2.28,-1.56,-2.23,1.11,-2.68,-1.29,2.94,-1.0,-0.93,1,0,0
4.26,-1.65,-3.17,-5.09,-6.43,2.57,0.07,-5.99,3.64,2.86,-2.81,3.99,-4.55,-2.42,4.05,0.22,1,0,0
0.38,-0.17,2.34,-1.01,2.74,-0.69,-3.28,0.6,-3.91,1.84,-0.33,2.82,-1.19,-1.66,0.68,4.14,1,0,0
-0.25,-3.71,3.94,2.34,3.89,-0.54,1.05,0.3,-5.67,2.02,-0.04,5.86,3.22,-1.31,3.23,1.57,1,0,0
0.39,0.24,2.25,6.21,-1.11,1.6,3.03,4.32,1.37,2.02,2.18,1.33,1.34,-3.72,-1.65,-0.96,1,0,0
1.31,1.03,-2.56,-4.07,2.61,0.93,-1.22,-2.09,2.54,-0.29,-2.22,2.03,-0.81,-0.93,1.27,-0.11,1,0,0
2.84,-1.16,1.42,2.14,-4.08,-2.01,0.21,1.75,-1.41,1.96,1.86,2.2,-0.28,-1.24,1.29,-0.76,1,0,0
-1.16,-0.44,-1.92,-2.96,0.37,-1.11,-0.27,0.34,2.68,2.55,-0.88,2.66,-2.99,-0.43,0.27,0.53,1,0,0
1.22,-2.08,-0.29,-2.73,-0.83,2.84,-1.9,1.06,-1.96,-3.01,-0.05,0.22,-3.21,-0.45,1.76,2.76,1,0,0
-0.56,0.33,-1.2,1.38,-0.26,-0.21,0.37,3.98,0.5,0.02,0.61,0.15,1.35,0.76,-0.34,-0.11,1,0,0
2.93,0.81,1.82,2.7,1.05,0.08,2.92,3.03,-3.1,3.37,0.24,1.55,-3.9,0.68,1.51,-1.02,1,0,0
-1.7,-2.81,-1.44,0.08,1.2,-0.4,0.89,-0.47,3.16,0.02,-0.71,4.09,0.4,-1.18,2.46,-1.84,1,0,0
2.15,2.25,0.88,-3.11,1.22,0.75,0.42,1.85,-1.74,-0.84,1.35,0.29,-2.73,-0.26,-1.72,0.45,1,0,0
4.52,2.9,3.27,-2.4,-3.01,0.15,-0.42,-3.92,-0.37,0.09,1.22,1.32,1.0,-3.74,-1.23,1.16,1,0,0
0.47,0.31,0.5,5.61,0.0,-0.99,2.65,4.8,-1.28,0.69,2.52,-1.21,-0.17,2.75,-0.96,-2.53,1,0,0
3.86,-1.19,0.01,-1.28,-5.96,-0.68,2.8,1.37,-3.23,1.67,1.24,3.5,-4.02,1.19,3.22,-2.17,1,0,0
-1.1,-3.6,1.39,0.79,-4.41,0.27,-0.83,-3.25,-1.19,1.89,-0.58,4.15,4.12,-2.19,1.74,-0.55,1,0,0
-3.87,-4.17,-0.88,1.22,-1.88,1.41,-2.63,-1.66,1.11,-0.65,-0.77,2.1,4.08,0.46,1.4,-0.58,1,0,0
2.06,-0.37,-4.11,-2.15,-0.35,0.16,-2.29,-1.96,1.97,3.22,-1.4,-2.15,-0.08,-0.56,-3.01,-0.76,1,0,0
2.31,0.63,-1.17,2.81,-2.04,-0.17,-0.13,0.76,0.5,5.71,0.46,-2.93,-4.18,-1.19,-3.77,0.67,1,0,0
0.14,-2.02,-3.36,4.23,-1.23,0.46,2.48,1.26,1.12,5.89,-2.72,3.0,-1.72,0.43,3.87,1.91,1,0,0
2.04,-2.23,-2.47,-1.16,-3.95,3.49,0.77,-1.38,1.99,2.85,-1.91,2.06,-0.86,-2.47,1.45,0.45,1,0,0
-1.1,2.35,0.71,0.09,-0.76,-1.86,-0.66,0.91,3.06,0.06,2.76,-1.25,5.4,0.5,-4.83,-2.41,1,0,0
1.84,-0.4,-0.66,-4.62,-3.25,3.39,0.32,-4.18,2.06,0.68,-1.56,0.18,0.53,-2.14,-0.26,2.65,1,0,0
1.33,1.68,1.15,0.91,2.45,0.34,1.35,1.78,-3.72,1.22,0.11,-0.7,-0.58,2.86,0.27,2.11,1,0,0
-2.79,1.42,0.13,-1.04,3.67,0.52,-0.3,1.39,1.06,-0.6,-0.24,2.27,-0.69,2.85,0.99,1.76,1,0,0
3.35,0.12,1.41,-4.39,0.73,3.62,-0.49,-2.88,-0.88,2.62,-1.0,0.07,-4.81,-2.14,-1.07,3.36,1,0,0
-2.68,-4.21,-0.46,5.35,-3.69,-0.65,-0.37,-2.11,0.27,-0.53,0.91,-2.73,1.45,2.97,-0.41,-2.62,1,0,0
0.9,1.75,-1.63,0.23,-0.22,-0.98,0.51,2.63,2.51,1.46,1.01,1.05,2.0,0.25,-1.8,-4.42,1,0,0
1.69,0.21,-1.95,-0.87,-0.49,-1.3,0.74,0.82,0.82,-1.66,1.16,-1.42,0.29,0.09,-1.2,-0.61,1,0,0
3.43,1.14,-1.88,-3.73,-0.17,1.7,-0.15,-2.13,0.86,-0.64,-0.44,-2.19,2.13,0.58,-2.02,-2.51,1,0,0
-0.34,-1.9,-0.75,1.59,-3.71,0.8,1.12,0.41,2.24,-1.71,0.77,1.63,1.48,0.66,2.64,0.98,1,0,0
0.18,1.82,3.02,1.1,-1.32,-1.23,-2.72,2.12,-0.73,0.44,2.67,1.18,0.48,-1.37,-1.88,3.09,1,0,0
0.98,1.16,-2.17,-2.59,-4.26,-4.97,-2.51,-2.67,1.82,-0.24,1.06,1.62,-0.72,-0.1,-0.32,-0.75,1,0,0
4.84,-1.07,-1.35,-2.87,-5.81,0.93,-0.45,-0.3,1.97,1.48,0.47,1.93,-0.38,-4.72,0.06,-0.12,1,0,0
-5.61,-2.7,-0.89,-0.25,0.77,-2.11,-2.69,-1.32,1.53,-2.98,-0.08,2.99,3.32,1.79,2.01,0.46,1,0,0
1.59,-4.95,-4.22,-0.6,-3.28,2.9,-1.19,-1.63,1.37,2.75,-2.83,2.83,-0.47,-3.26,2.42,-0.63,1,0,0
0.05,-0.08,-2.28,-4.61,-1.55,-0.35,0.45,-4.78,1.7,-2.39,-0.62,-1.3,0.14,2.85,0.03,0.5,1,0,0
2.22,0.33,4.53,0.6,-1.58,-0.37,3.36,2.14,-2.67,1.97,3.68,1.23,-1.57,-1.12,-2.34,-1.84,1,0,0
2.32,-1.35,-0.01,2.98,-0.25,2.83,3.35,1.21,1.49,2.4,0.67,0.83,-0.0,-3.52,-1.49,-2.97,1,0,0
-0.51,-4.37,-2.94,1.98,-0.61,3.83,2.93,5.04,0.95,4.94,-2.02,4.32,-0.65,-1.82,2.28,-2.82,1,0,0
3.31,0.33,0.55,-1.65,-0.32,-1.18,1.82,-1.3,-3.38,4.22,-0.83,3.28,-3.97,0.46,2.21,1.01,1,0,0
3.53,2.66,4.0,-3.1,-0.52,2.37,-1.82,-1.56,-5.24,-1.31,2.52,-3.88,-1.72,0.21,-4.6,2.88,1,0,0
0.56,1.56,1.5,-3.72,-1.17,-0.44,-0.51,0.6,-1.57,-3.87,2.37,-0.42,3.05,0.99,-1.72,1.03,1,0,0
3.1,1.6,-4.53,-4.13,-0.58,1.65,1.48,0.45,2.79,-0.95,-0.63,-2.76,-0.01,1.38,-1.73,-2.07,1,0,0
1.76,-0.42,-3.18,-0.7,-3.98,-0.11,-0.0,0.28,1.28,-0.59,-0.35,-1.11,-1.0,1.49,1.53,1.51,1,0,0
4.12,2.17,5.25,-6.62,-1.1,-0.36,-1.24,-6.34,-4.14,-2.51,1.22,0.76,-3.66,0.44,0.43,1.62,1,0,0
0.37,2.82,-0.6,-3.34,0.06,-0.23,-0.1,1.18,4.59,-1.01,2.13,-3.42,-0.6,0.66,-4.79,1.33,1,0,0
3.89,0.41,-0.59,-0.89,-1.73,1.57,1.99,1.14,0.79,2.18,1.02,-2.09,-4.06,-0.17,-2.11,-1.03,1,0,0
-3.93,-3.62,1.6,2.75,-1.84,-3.2,-0.3,0.32,0.72,-1.17,1.94,5.62,3.2,-0.15,2.62,-1.88,1,0,0
3.15,1.26,2.9,-3.7,2.39,2.44,2.7,0.1,-0.2,2.1,0.64,1.95,-0.16,-0.74,-1.46,-2.76,1,0,0
3.93,1.47,4.18,-0.58,3.43,0.41,-1.73,-3.49,-3.93,2.51,-0.75,0.23,-2.73,-1.8,-0.18,3.28,1,0,0
3.42,-1.06,4.1,-6.01,-0.7,2.48,-1.53,-1.29,-3.74,-0.08,0.66,5.01,-1.97,-4.74,1.3,2.84,1,0,0
0.75,0.26,-0.46,-1.01,-0.58,0.54,0.57,-1.41,0.35,-1.64,0.52,-0.89,2.45,1.17,-1.25,-2.37,1,0,0
1.17,0.13,1.06,-2.61,3.64,3.05,-2.12,-0.12,-2.11,-0.83,-0.81,1.92,1.87,-2.77,-0.17,3.31,1,0,0
3.34,-0.77,1.11,0.2,-2.97,-0.27,-2.43,-3.33,-0.92,2.22,0.57,0.01,-0.75,-3.26,-0.94,4.42,1,0,0
-2.68,1.97,0.24,-0.65,0.43,-3.92,-0.18,-2.62,3.76,-2.96,1.36,-1.22,-0.76,4.3,-0.02,1.22,1,0,0
-1.36,0.27,-3.7,1.32,-2.72,-2.3,1.15,1.48,1.66,0.4,-0.43,0.39,-0.26,5.43,2.5,-1.72,1,0,0
-0.22,2.41,0.48,-2.25,-0.16,-0.86,-0.9,0.93,-0.03,-2.27,2.5,-1.1,4.04,0.11,-4.35,-1.23,1,0,0
1.94,-0.45,-3.98,-1.05,-4.66,0.02,1.17,-1.26,4.24,1.33,-0.79,1.57,0.69,-0.83,0.83,-2.73,1,0,0
1.3,-2.06,-0.99,4.58,0.81,-0.17,1.92,3.14,-2.42,5.14,-0.39,0.58,-0.73,0.96,0.29,-1.89,1,0,0
-2.66,-0.2,-1.52,-0.61,1.48,0.85,-1.3,0.29,1.48,-1.79,-0.55,-0.9,3.69,1.87,-0.61,2.26,1,0,0
0.55,-1.13,-2.01,2.65,1.01,3.37,2.92,4.56,-0.06,-2.14,0.66,-1.56,0.56,2.88,0.48,-2.34,1,0,0
-0.72,1.72,2.14,-2.68,1.13,-0.47,-1.26,1.0,-0.29,-1.33,2.06,0.85,3.22,-0.63,-3.1,-0.54,1,0,0
0.17,0.16,0.33,-1.5,-2.83,-0.6,-0.36,-2.55,-1.07,-1.29,0.44,0.22,0.62,3.48,1.41,1.14,1,0,0
-1.28,-1.37,1.29,4.66,0.06,-3.14,-3.06,1.13,-0.09,-3.1,3.13,-0.34,5.12,-0.03,-1.51,-2.16,1,0,0
1.4,-2.4,-5.39,-2.3,0.08,2.26,2.11,1.75,3.9,0.61,-0.6,-2.59,0.63,1.37,-1.88,-3.5,1,0,0
1.26,-2.25,-1.07,1.44,2.34,1.59,1.56,1.77,-3.66,2.39,-1.52,0.26,1.02,1.72,1.26,0.58,1,0,0
-0.92,-2.17,0.1,-0.4,-3.07,0.3,-0.34,0.18,-1.65,-1.19,1.28,-1.94,-1.35,1.1,-0.82,4.52,1,0,0
-1.18,3.11,-0.26,-1.09,2.5,-0.51,-1.88,0.97,1.68,0.66,0.57,-0.22,6.61,-0.77,-4.26,0.6,1,0,0
2.3,3.65,3.49,-4.97,-2.07,-0.26,-4.56,-5.71,-0.25,-0.35,1.71,-0.54,-3.12,-2.82,-3.91,4.38,1,0,0
-0.31,-0.03,1.3,1.94,0.69,-1.75,-0.15,0.91,-0.71,0.23,1.99,-0.12,3.45,-2.35,-3.06,1.81,1,0,0
1.49,-1.65,0.63,-1.91,-1.37,-0.78,-0.34,-2.85,1.42,1.32,0.76,0.21,1.66,-3.04,-2.68,-2.48,1,0,0
2.99,4.08,2.93,-4.63,0.84,1.36,-0.73,0.32,-2.31,-2.56,2.67,-3.78,-3.61,0.63,-4.39,4.05,1,0,0
-0.19,1.52,-0.82,2.92,5.63,1.27,1.59,5.71,0.68,-0.63,0.69,-1.85,0.66,2.75,-1.22,-1.94,1,0,0
2.68,2.31,1.2,2.7,1.12,-0.93,1.66,1.63,-0.93,4.25,0.5,-0.19,-3.3,2.96,0.15,-0.93,1,0,0
-1.74,-1.0,-0.46,1.31,0.32,3.85,5.3,4.3,0.01,-0.92,1.12,-1.69,1.15,5.44,-0.5,-4.24,1,0,0
1.34,2.02,3.31,-2.26,1.61,-0.89,-3.16,-1.43,-4.56,-1.01,1.0,0.81,-2.25,0.47,-0.23,4.53,1,0,0
1.99,-0.01,-3.58,-2.46,-2.22,1.33,-0.42,0.1,0.65,-1.06,-0.34,-3.31,-1.79,2.36,-0.82,0.52,1,0,0
-2.86,-1.51,-0.76,-1.32,1.58,2.06,3.39,0.61,1.41,0.13,-0.94,1.86,0.27,3.17,1.47,-1.89,1,0,0
2.11,-1.47,-2.59,0.24,-0.7,3.05,3.92,3.79,0.06,-0.39,1.26,-2.03,-1.46,1.42,-2.08,-5.16,1,0,0
1.85,0.83,-2.07,1.04,-0.05,5.24,2.07,1.38,-0.66,1.6,-1.78,-1.21,-3.3,0.95,0.54,2.54,1,0,0
2.49,3.97,1.72,-4.94,1.39,-1.36,-2.22,-4.26,-0.28,-0.15,-0.37,0.27,-1.32,1.1,-0.34,2.01,1,0,0
-1.95,-2.08,4.73,2.1,0.92,-1.01,1.77,0.7,-1.37,-3.18,2.78,0.92,1.31,1.99,1.27,0.33,1,0,0
3.33,-0.55,0.44,-3.44,-2.33,2.36,0.31,-3.88,-2.42,-1.49,-0.91,-3.64,0.82,2.19,-0.16,0.55,1,0,0
-3.66,-0.66,-3.74,3.47,1.05,1.03,0.95,1.94,3.79,-0.94,-0.95,0.06,6.66,2.72,-0.07,-4.13,1,0,0
2.7,-0.78,1.65,-0.9,-4.44,0.47,3.37,1.22,-0.07,-0.38,2.9,0.9,-1.1,-0.61,-0.76,-3.09,1,0,0
-1.11,-4.79,0.19,3.39,-5.7,0.1,3.75,-1.81,-0.63,2.42,-0.18,4.1,-0.65,2.58,4.86,-2.1,1,0,0
1.53,-1.8,-3.64,-1.5,-2.5,1.08,0.22,1.32,3.64,-1.62,0.15,-0.84,1.2,-0.96,-0.55,-4.05,1,0,0
-1.49,-0.85,1.83,-2.42,3.86,2.55,1.42,0.71,0.25,0.29,1.21,1.24,6.28,-4.04,-5.5,-1.62,1,0,0
3.98,0.46,-3.02,1.36,-4.53,4.94,4.25,-2.69,2.71,2.15,-1.57,-3.58,0.32,-0.09,-1.28,0.04,1,0,0
-0.83,-0.36,-1.09,-4.53,-1.51,2.4,-3.17,-1.03,1.09,-3.88,-0.54,1.7,0.18,-2.77,1.01,6.43,1,0,0
-1.36,-0.73,-1.56,-3.08,1.17,-1.87,-4.23,-4.14,0.08,-1.77,-1.62,2.25,2.98,2.06,1.97,-1.05,1,0,0
-4.98,-6.47,0.87,4.64,4.07,-0.49,-0.02,-0.25,-2.55,-0.51,-0.37,1.34,4.67,0.3,0.95,0.27,1,0,0
-1.61,-0.96,1.72,3.18,3.23,1.05,4.43,3.93,-0.72,2.18,0.06,3.58,2.1,0.65,1.72,-0.45,1,0,0
0.09,-1.77,-0.9,-0.23,-3.13,-4.29,-3.21,-3.31,2.6,-1.6,1.8,-0.07,-1.38,-2.29,-0.9,1.45,1,0,0
-1.71,-1.53,3.07,-3.44,-0.08,-1.11,-2.52,-1.8,-0.84,-3.83,1.6,1.69,2.12,0.28,0.18,-0.75,1,0,0
-1.92,0.16,-2.42,-2.22,-1.66,-0.87,-2.5,0.72,3.3,-5.49,2.94,-4.76,1.27,2.48,-4.03,0.64,1,0,0
4.13,1.39,0.19,-0.42,-2.04,2.98,1.2,0.83,0.38,0.99,0.31,-2.78,-4.6,-0.32,-1.16,1.93,1,0,0
-1.55,0.27,-1.55,1.34,0.66,-2.51,-1.19,-0.71,-0.18,-0.73,0.36,-1.89,-0.86,4.01,-0.42,1.24,1,0,0
0.13,-3.23,-0.46,1.94,-2.23,0.2,2.33,-1.21,1.88,-0.54,0.07,1.33,0.8,-1.16,1.92,-0.18,1,0,0
-0.86,-0.21,0.37,0.67,2.24,1.77,0.12,4.34,1.45,0.19,1.09,2.39,2.05,-1.77,-0.6,1.59,1,0,0
4.08,4.46,1.15,-2.81,-1.74,-0.9,-3.25,-3.95,-2.46,1.81,0.24,-3.28,0.06,-1.76,-4.3,6.85,1,0,0
1.18,-0.71,1.2,1.86,-2.12,-1.69,0.3,1.71,-0.12,0.55,1.3,3.57,0.95,-0.81,2.38,1.28,1,0,0
-0.37,3.3,4.22,-5.44,3.55,-2.73,-2.84,-1.62,-1.82,-3.16,1.48,1.19,2.68,2.12,-0.97,-0.19,1,0,0
-3.49,-1.83,0.01,2.35,-2.69,-0.1,-2.77,-1.08,1.46,-2.96,1.74,-2.98,4.02,1.66,-2.67,-1.12,1,0,0
4.0,-1.04,-4.04,-2.6,-2.47,1.49,-1.19,-1.67,-0.98,3.04,-2.92,1.46,1.2,-1.09,1.57,-0.1,1,0,0
0.78,-0.38,5.18,-0.34,0.87,-0.91,-2.43,-2.77,-5.79,2.48,0.68,2.25,0.0,-0.61,-0.12,4.63,1,0,0
-3.1,-4.99,-1.39,-0.11,-4.53,-0.0,0.22,0.69,3.35,-1.39,1.2,3.6,4.66,-1.47,0.86,-3.38,1,0,0
1.08,1.87,1.95,-0.45,-1.23,-1.39,1.66,3.13,1.08,0.48,3.5,1.93,-1.07,-1.9,-2.58,-0.68,1,0,0
3.35,-2.45,-2.75,-1.04,-4.13,1.81,2.08,-1.3,-0.25,0.46,-0.38,-3.3,-6.68,2.38,1.02,0.22,1,0,0
-1.19,-2.43,-0.24,-1.56,-1.57,-1.52,-1.0,-4.21,1.93,-1.93,-0.76,3.53,2.84,-0.55,3.07,-0.94,1,0,0
2.61,1.06,5.59,-1.89,1.27,-0.87,-1.95,-1.0,-5.78,-1.53,1.3,1.68,-3.96,-0.68,1.89,5.65,1,0,0
1.08,1.05,-0.44,-1.73,0.04,0.44,0.88,-1.13,0.57,1.67,-1.03,-0.97,-2.06,2.7,0.45,2.53,1,0,0
-0.51,-2.2,-0.96,-0.18,-0.16,-3.84,0.0,-1.16,-0.34,2.52,-0.21,2.83,4.29,-0.25,0.24,-2.2,1,0,0
2.25,0.28,0.81,0.52,-2.03,1.13,1.99,-1.27,0.04,0.73,1.48,-4.85,-0.99,0.49,-3.88,-0.47,1,0,0
-1.33,0.1,0.22,3.0,2.67,-2.42,0.36,4.44,1.56,-0.28,1.64,3.28,1.68,-0.14,0.82,-2.45,1,0,0
5.07,0.32,0.68,-0.16,-1.65,3.31,4.88,1.87,-0.59,0.84,0.81,1.52,-1.66,-1.09,1.16,-2.89,1,0,0
-2.92,-1.7,0.4,2.86,1.41,-1.53,-0.5,2.19,1.39,1.34,1.33,1.12,3.55,-0.08,-1.75,-1.95,1,0,0
0.48,-0.97,0.39,-2.57,1.89,2.64,1.17,-2.91,0.03,-0.15,-1.71,0.16,-4.8,1.92,2.4,2.92,1,0,0
0.11,-4.12,1.73,2.23,2.03,2.58,0.84,1.17,-0.85,3.43,-0.63,3.99,-0.05,-1.53,1.74,-3.45,1,0,0
2.37,1.85,1.17,4.41,-1.18,1.75,7.89,3.19,1.69,1.33,2.39,-2.35,-4.96,2.97,-0.76,-2.55,1,0,0
-0.4,-0.63,-1.75,-0.57,2.74,1.94,-0.33,0.48,0.13,1.17,-1.23,-1.99,2.55,1.44,-1.54,2.33,1,0,0
0.01,-1.37,0.2,-3.35,1.27,2.08,0.4,-3.06,-0.27,0.04,-1.42,1.66,-3.02,-0.0,1.46,1.7,1,0,0
-2.2,-2.55,-0.89,3.18,1.39,0.52,0.17,-2.43,1.75,3.55,-1.58,0.78,4.05,0.16,-0.31,-0.19,1,0,0
-1.43,-1.94,-5.22,-0.2,1.49,2.79,-1.05,-4.13,4.4,0.19,-3.92,-1.86,-0.1,0.59,0.62,1.97,1,0,0
1.95,-1.92,0.4,-2.8,-0.24,5.94,3.56,-0.54,0.24,0.2,-0.33,-0.19,-0.63,1.41,0.09,-1.18,1,0,0
3.66,-1.44,-2.54,1.7,-0.1,0.8,-1.15,2.18,1.05,5.82,-2.22,3.9,-2.61,-3.92,2.35,-0.76,1,0,0
-3.26,-0.95,-0.07,1.14,0.2,-1.41,-5.03,-2.56,1.25,0.36,-0.39,1.23,1.72,0.46,0.25,3.89,1,0,0
-0.09,-1.92,0.08,-2.53,0.9,-0.91,-2.43,-4.61,-1.26,-2.04,-0.57,0.04,3.47,0.94,0.26,-0.31,1,0,0
-0.45,-1.0,2.93,3.78,-0.35,-0.96,0.01,0.54,-0.97,3.16,1.0,2.89,2.95,-2.48,-0.6,-0.79,1,0,0
2.92,0.97,0.37,1.54,0.67,5.24,1.24,2.98,-2.19,-0.59,0.86,-3.04,-1.71,-2.04,-2.52,4.45,1,0,0
-2.51,-0.22,0.13,-2.56,1.67,-3.3,-4.43,-2.8,0.08,-3.4,0.48,-0.23,1.26,2.25,0.04,2.92,1,0,0
2.12,0.17,3.51,0.2,0.66,1.96,0.69,0.74,-1.97,0.99,1.65,1.24,-0.42,-3.3,-1.78,0.94,1,0,0
5.29,1.46,3.2,-3.17,-3.08,-0.02,-2.64,0.85,-2.22,-0.34,2.54,3.52,-3.11,-5.94,-0.1,2.56,1,0,0
-1.6,-1.15,-0.82,1.72,-0.13,-1.72,-1.7,0.54,0.6,1.66,0.06,3.42,2.28,0.11,0.99,-0.34,1,0,0
3.18,1.08,2.78,3.99,-2.52,-2.11,-1.64,0.23,-3.02,0.73,2.07,0.78,-1.58,-2.39,0.3,3.1,1,0,0
-0.67,-2.9,-0.89,3.09,0.34,1.66,2.28,-1.35,1.21,1.81,-2.54,2.87,-0.16,0.78,4.8,-0.61,1,0,0
1.09,0.44,3.27,-0.79,2.15,1.04,-1.77,-2.45,-4.29,0.0,0.35,0.36,2.92,0.32,-1.26,1.85,1,0,0
1.46,-1.58,3.58,0.04,-1.09,0.4,1.09,-2.29,-3.52,-0.26,1.15,-1.79,-0.61,0.3,-0.78,0.77,1,0,0
-0.1,-3.46,-1.51,-1.95,1.29,2.34,1.34,-5.04,0.17,-0.74,-3.73,1.11,-1.87,3.06,5.43,0.5,1,0,0
-3.26,0.2,-0.24,-0.52,1.51,-4.73,-2.3,-1.68,2.81,0.33,0.15,2.11,0.81,0.52,-0.18,-0.16,1,0,0
-7.1,-4.11,0.48,2.72,1.16,-0.47,-1.19,-1.5,1.1,-5.08,0.29,2.56,4.45,3.04,3.06,-0.95,1,0,0
0.06,0.01,1.68,1.33,4.9,0.31,0.99,2.49,-2.63,-0.92,1.12,-0.87,0.3,0.64,-1.32,1.32,1,0,0
1.43,-1.04,0.24,0.65,-0.92,0.79,0.19,0.57,-2.9,1.36,-0.12,0.17,1.61,-2.2,-0.8,2.19,1,0,0
1.5,0.99,2.44,-1.83,3.0,-0.99,0.77,-0.71,-0.89,1.62,-0.83,5.31,-0.78,-0.79,3.5,2.42,1,0,0
3.81,1.68,-0.56,-6.27,3.42,0.25,-2.63,-1.93,-0.76,-1.6,-0.9,-0.27,-1.1,-1.09,-0.86,0.19,1,0,0
-1.27,-2.22,1.64,3.18,-1.63,1.66,0.48,0.88,-0.32,0.91,1.85,0.49,2.71,-1.83,-2.23,-0.14,1,0,0
3.51,3.67,3.03,1.07,-1.47,-1.28,1.83,-0.95,-4.18,2.16,1.7,-1.45,-3.29,2.39,-1.64,0.77,1,0,0
0.95,-1.12,-1.98,1.48,-3.18,-1.73,-0.72,2.54,0.95,3.21,0.49,3.74,3.09,-2.48,0.37,-0.46,1,0,0
-0.11,0.14,0.46,-4.19,1.49,-0.87,-2.13,-2.68,-1.35,-2.35,0.1,1.17,0.33,1.75,0.29,-0.37,1,0,0
1.07,0.65,-0.02,0.85,-0.18,1.5,-1.85,2.41,-2.96,2.0,0.92,-0.61,1.5,-0.84,-2.72,4.06,1,0,0
1.07,3.79,1.69,0.25,-0.78,1.42,-1.42,0.04,-0.37,2.68,0.68,-0.73,-0.46,-1.75,-3.9,2.56,1,0,0
1.19,1.06,1.89,2.58,0.25,-3.66,0.56,-0.98,-2.31,0.79,0.48,0.97,-2.83,2.97,2.77,1.23,1,0,0
-0.43,-1.84,0.66,-0.22,-0.92,1.48,1.37,-3.82,-0.39,-2.01,-0.82,-1.0,4.04,3.32,1.35,-1.49,1,0,0
3.1,-6.88,-4.22,4.02,-5.76,-1.39,-2.53,1.31,0.99,2.88,-6.21,-4.42,1.88,-1.72,-1.05,-5.53,2,0,0
-2.08,-1.94,3.78,-2.73,-2.42,-0.97,-1.25,1.18,3.13,-1.21,-0.35,-1.26,1.64,0.09,-1.95,4.35,2,0,0
2.15,-0.87,-1.63,0.81,-4.75,-2.39,-1.89,0.88,0.65,1.48,-2.24,-2.73,-2.59,2.66,1.28,0.13,2,0,0
-5.08,-3.8,2.28,-2.93,0.2,0.27,0.78,3.93,-0.22,2.14,1.37,-0.53,3.49,-0.14,-3.73,-0.27,2,0,0
-0.42,0.55,6.39,-4.83,-5.33,-2.01,1.88,3.84,0.95,-1.93,-1.33,-0.79,3.36,2.07,-3.98,-2.18,2,0,0
2.08,-6.75,0.91,0.31,-6.03,-2.17,1.9,1.95,5.82,-0.8,-5.54,-5.61,1.33,0.61,-5.56,-3.65,2,0,0
-0.6,1.01,0.21,-3.15,-0.65,1.76,-0.57,-1.25,-3.99,2.83,2.18,-1.72,0.05,1.74,4.13,-1.47,2,0,0
0.8,-0.91,-2.0,1.41,-2.97,0.42,-1.38,-0.77,0.25,0.66,-1.66,-2.15,-1.69,1.94,1.42,-3.77,2,0,0
-0.06,3.88,1.54,-1.28,-4.91,-1.84,-1.09,-1.38,-2.61,-1.79,-0.53,1.12,-4.85,0.18,0.83,-2.91,2,0,0
-2.06,-2.13,3.73,-2.49,-3.41,-0.17,0.83,0.04,-2.3,1.3,-0.5,0.2,0.68,2.89,-0.08,-1.8,2,0,0
-0.3,-0.08,1.3,0.19,-0.14,2.07,-0.47,3.13,0.85,0.95,-0.03,-1.97,5.43,0.32,-1.14,3.31,2,0,0
-2.51,-0.47,0.87,0.58,-2.82,-1.54,2.61,3.4,2.82,-3.11,-1.73,2.97,-1.65,4.68,-5.93,0.14,2,0,0
-1.41,-2.33,-5.57,0.16,-2.61,-1.57,-2.8,-0.59,-1.84,2.89,-0.69,-3.04,0.07,3.65,1.42,-0.93,2,0,0
-0.91,-0.67,-0.91,1.24,-0.32,-0.46,-1.07,0.14,-1.07,0.43,-1.09,-2.36,-1.67,-3.22,-0.22,-1.32,2,0,0
-2.46,3.48,4.65,-4.55,-5.96,-0.19,-1.57,-2.4,-3.13,0.17,2.45,-5.32,-4.02,-0.63,2.25,2.79,2,0,0
1.38,-8.23,0.86,-1.52,-1.0,-2.36,-1.75,-1.16,4.71,2.81,-0.72,0.61,3.37,1.5,-0.57,-0.81,2,0,0
4.61,-3.38,-0.3,2.04,-1.42,1.14,-2.66,-0.16,4.38,-0.6,-1.94,-0.64,3.98,-1.16,2.19,-1.53,2,0,0
-3.48,4.33,3.76,-6.78,-0.15,-0.98,1.09,0.63,0.34,-3.85,0.97,0.61,1.12,3.28,-0.8,2.15,2,0,0
-2.32,2.85,-0.61,-3.14,5.29,-3.08,0.21,-3.89,0.7,1.42,2.27,2.97,-1.4,-0.0,-1.5,-0.05,2,0,0
-0.91,0.42,-3.83,1.44,-2.32,-1.15,-1.87,2.34,-1.28,2.01,-0.36,1.08,-3.85,-1.73,-0.17,-2.34,2,0,0
-1.38,-2.83,2.94,-2.35,-1.86,-3.94,-2.29,-1.07,2.33,2.71,-0.37,-4.24,1.64,-0.32,-2.53,2.41,2,0,0
-0.42,2.49,-1.73,-1.74,1.16,-2.72,-2.64,-0.85,-0.66,0.86,0.06,0.71,-0.78,-1.48,1.24,1.87,2,0,0
0.92,0.58,0.98,-0.54,0.44,0.56,0.25,-1.01,0.59,-1.84,-0.49,1.15,-0.29,-1.04,1.16,-0.32,2,0,0
-1.57,-0.2,-1.17,-3.8,-0.84,3.34,0.33,4.41,-0.17,0.64,1.11,1.64,4.66,1.73,0.9,-3.04,2,0,0
-1.37,0.42,1.19,-4.99,0.58,2.76,-1.63,1.95,-2.4,3.28,1.7,1.7,2.01,-2.16,4.78,-2.81,2,0,0
3.72,-0.24,0.54,3.8,-1.94,-2.36,3.15,-2.44,0.15,-0.54,-5.52,-3.83,-2.72,-0.66,-2.63,3.18,2,0,0
0.31,-2.36,1.75,2.37,-2.9,0.35,1.92,-2.8,-5.12,0.46,-0.47,-2.31,-0.79,3.52,0.12,0.29,2,0,0
1.55,-0.32,-3.33,3.87,-1.39,2.86,-2.02,4.67,1.37,-1.53,-0.94,1.05,1.13,-4.93,0.1,-1.19,2,0,0
1.3,-2.27,1.26,-0.16,0.91,-1.59,-0.47,-0.33,1.34,-0.02,-2.19,0.15,2.5,-0.96,-0.23,1.9,2,0,0
-1.61,2.34,3.7,-2.44,-1.52,1.51,3.88,1.35,1.67,-3.88,-1.17,0.98,-1.38,4.34,-1.67,0.24,2,0,0
1.13,4.16,0.26,-0.27,1.89,1.34,1.65,3.3,0.14,-1.3,1.22,1.89,1.09,1.32,0.13,-1.11,2,0,0
-0.58,-1.73,-2.38,-0.45,-1.51,-0.47,-3.51,-0.04,-1.89,3.91,0.04,0.09,-1.78,-1.63,3.38,-2.93,2,0,0
3.14,0.11,-0.36,3.22,-1.22,-3.0,-2.41,-2.52,2.0,-0.74,-2.25,-1.2,-0.44,-0.38,-0.13,3.21,2,0,0
-4.92,-1.8,6.3,-7.2,3.31,-0.73,1.39,1.26,-1.53,2.29,2.89,3.1,3.57,2.39,-0.21,4.27,2,0,0
-2.93,-1.71,-2.14,-1.38,0.22,-1.23,2.11,0.11,-1.29,1.17,0.36,-1.07,-1.42,2.09,-2.78,0.26,2,0,0
0.06,-5.37,-2.97,1.09,-2.76,1.64,0.35,0.77,0.35,3.71,-1.8,-2.45,-0.49,2.67,0.42,-5.8,2,0,0
-5.1,-0.74,0.58,-3.77,0.35,2.52,-1.79,1.92,1.7,-0.72,3.25,1.35,4.61,-0.3,-1.32,1.29,2,0,0
-3.8,-4.89,2.77,-1.47,0.64,3.05,1.82,5.65,3.11,-0.59,0.76,1.68,6.48,2.43,-4.37,-1.5,2,0,0
-5.27,-1.39,3.6,-3.14,0.71,5.54,-0.07,2.68,-0.23,0.11,4.11,1.37,-0.13,-0.5,2.74,3.14,2,0,0
-1.13,-2.55,-1.09,1.98,2.01,0.77,0.0,-1.62,1.07,-0.12,1.43,1.87,1.92,1.9,-1.85,1.12,2,0,0
-5.2,-3.38,-1.85,0.1,2.54,4.12,-0.96,3.56,-1.71,0.15,1.75,2.52,3.87,1.19,1.05,1.24,2,0,0
-5.3,1.71,2.75,-5.76,-1.02,-2.33,-2.07,-1.63,-2.05,0.43,3.01,0.13,-1.84,1.82,1.28,3.7,2,0,0
-0.15,2.69,0.25,-1.53,0.17,-3.15,-2.39,-0.6,-2.38,1.78,-1.52,-1.16,1.38,-0.9,0.73,3.99,2,0,0
-1.52,-4.57,0.81,-0.89,1.44,0.01,-0.43,5.04,2.9,2.42,1.07,1.06,4.87,-0.41,-2.94,-1.49,2,0,0
0.49,-1.15,0.09,1.99,-3.05,-0.87,-1.01,3.04,3.3,-2.58,-2.24,1.82,1.4,-1.59,-4.07,-4.0,2,0,0
0.64,5.21,1.46,-5.84,2.69,-1.73,3.58,-2.37,0.48,0.4,0.68,0.05,0.61,2.67,-0.86,-3.05,2,0,0
-0.4,0.19,1.77,-3.72,-3.12,-0.08,-1.68,1.72,2.74,-0.48,2.27,3.25,-0.92,4.04,1.92,-5.11,2,0,0
2.06,-2.64,-1.57,-1.36,0.02,-0.09,-2.83,-1.87,3.62,-0.51,-3.67,-0.67,3.29,-2.42,2.48,1.36,2,0,0
2.77,8.38,-2.37,-0.89,4.72,1.81,4.77,-1.46,1.93,-5.65,-0.05,3.6,-1.43,3.33,0.09,-1.73,2,0,0
-3.82,1.0,4.85,-6.56,-1.6,-2.18,-1.43,1.5,0.23,0.92,0.66,-0.19,2.34,3.03,-0.29,3.77,2,0,0
-1.24,-3.05,-1.9,-2.58,0.96,-6.44,-4.14,-6.54,-3.75,7.3,1.78,-2.21,-1.39,1.33,2.28,0.11,2,0,0
-2.42,-1.8,-2.56,1.92,1.71,1.41,-0.99,0.22,-1.18,0.09,-0.76,5.01,0.12,1.91,1.07,-0.62,2,0,0
-5.1,-2.02,3.1,-6.42,3.47,-0.94,0.79,-2.13,-4.94,1.55,3.53,6.34,2.38,6.31,2.9,3.5,2,0,0
1.89,-0.12,1.25,-1.57,2.0,3.33,0.62,-1.11,4.87,-4.77,-0.84,3.5,4.61,2.6,1.97,0.36,2,0,0
-0.71,-0.19,4.16,-1.21,-2.08,1.14,-0.26,0.91,0.48,-1.56,-0.19,-0.65,0.53,-1.93,-0.28,0.61,2,0,0
0.03,0.11,0.51,-2.62,4.57,-1.86,1.07,-2.04,3.1,-0.61,0.51,3.49,1.98,2.42,-0.95,-0.79,2,0,0
2.47,-0.95,0.73,0.6,0.91,0.51,0.79,-1.35,1.24,-0.16,0.18,0.82,-0.65,0.39,1.74,2.02,2,0,0
-2.79,-0.56,3.86,-1.88,-1.32,-0.29,1.47,1.91,-1.5,1.01,2.83,1.79,-1.59,2.39,-1.51,0.34,2,0,0
-2.26,0.05,1.13,-1.44,2.4,0.14,0.12,-0.14,-2.89,1.56,2.21,-0.44,2.5,0.56,-0.11,3.95,2,0,0
-5.25,-3.44,2.09,-6.62,-1.57,-1.45,-0.32,3.95,0.33,2.23,3.4,2.21,1.47,5.75,-0.74,-4.01,2,0,0
-3.15,-1.28,0.32,-3.83,-0.39,1.64,-0.63,6.84,-0.07,0.09,1.63,3.77,5.03,1.06,-0.72,-1.39,2,0,0
-1.66,3.01,-4.12,0.4,2.55,-6.02,-2.07,-1.94,-3.42,2.77,0.42,5.81,-6.2,2.93,1.08,-0.24,2,0,0
2.1,2.99,0.65,-2.25,4.2,-0.55,2.25,-3.69,3.32,-2.16,-2.14,2.52,1.37,0.34,-0.6,-0.75,2,0,0
1.14,-2.86,1.89,-1.5,-3.55,-1.84,-1.1,2.62,5.6,-0.88,-2.06,-3.57,3.95,-0.87,-4.22,1.73,2,0,0
2.75,-2.38,2.04,2.6,-2.99,2.39,-0.79,0.94,5.62,-2.7,-0.22,1.12,1.2,0.7,-0.24,-1.35,2,0,0
2.78,2.43,1.57,0.19,-2.29,-5.15,-1.79,-6.73,-0.08,-0.92,-0.32,2.47,-6.86,1.7,1.97,1.47,2,0,0
0.69,-2.86,-0.94,1.16,0.32,-0.66,-1.41,0.11,2.21,-0.38,-2.89,0.27,2.52,0.17,0.29,4.58,2,0,0
-1.96,2.24,-2.07,0.27,-4.46,-3.73,-3.02,-0.13,-2.04,1.56,-2.76,-5.89,-2.07,-1.78,-2.45,3.3,2,0,0
-4.25,-1.79,2.42,-3.2,-4.37,0.02,-1.73,2.68,-0.66,3.82,1.81,-5.92,2.11,1.63,-1.99,-0.87,2,0,0
-0.63,3.78,5.75,-2.94,-1.1,-0.56,1.97,-0.65,-1.64,-2.23,1.81,-0.7,-0.4,2.77,-0.11,4.45,2,0,0
-0.92,1.51,1.61,-3.74,2.25,-2.65,0.59,-3.78,2.07,-0.6,0.32,1.54,-0.96,2.81,-0.66,1.5,2,0,0
-2.39,-0.29,0.81,-1.54,1.69,-0.06,2.08,1.35,-0.01,0.18,1.08,-1.52,2.92,1.78,-3.41,2.77,2,0,0
0.45,0.13,-1.99,1.73,-0.22,-0.17,-3.08,-1.85,-3.34,2.76,0.54,-0.81,-0.78,1.4,3.92,-0.87,2,0,0
-0.21,0.36,2.15,-0.42,0.45,3.17,0.31,0.93,0.76,-1.45,1.3,6.79,0.27,5.24,3.68,-2.81,2,0,0
-3.36,-5.8,-2.01,-0.5,0.85,3.84,1.26,3.62,0.53,2.0,1.87,-0.21,3.32,1.57,-1.61,-5.87,2,0,0
0.97,3.47,-2.05,-0.01,3.11,0.02,-1.19,-0.3,0.22,-1.88,-2.12,1.4,1.45,-3.69,0.97,1.79,2,0,0
1.85,5.69,-2.66,0.69,0.17,5.2,-0.09,3.28,-3.1,-2.4,-1.6,0.04,2.24,-1.99,4.26,2.73,2,0,0
3.07,1.29,-1.98,-0.12,-0.1,1.38,-0.9,0.56,0.78,1.63,2.36,1.48,0.38,3.62,3.71,-1.63,2,0,0
-2.0,0.61,0.39,-2.43,-0.23,-2.28,-0.07,-2.28,-2.0,2.39,1.39,-2.51,-2.1,1.29,-0.17,3.13,2,0,0
-5.15,-4.8,-1.73,0.49,2.92,3.74,2.18,3.11,-0.69,1.16,2.2,4.16,0.0,1.64,-0.77,0.69,2,0,0
-1.71,0.47,1.05,-3.46,2.48,-0.77,1.29,-2.51,-2.79,1.06,2.33,4.17,-0.9,3.92,1.74,-1.76,2,0,0
-0.18,-0.38,-0.92,0.67,-4.99,2.98,-1.91,4.53,1.08,-2.11,-1.86,-3.66,2.16,-2.8,-0.09,-5.0,2,0,0
1.61,4.16,0.59,0.41,1.77,-0.31,-2.36,-1.77,2.9,-4.25,-1.77,-0.47,2.58,-3.58,0.43,7.19,2,0,0
3.72,0.91,-1.02,0.77,-0.83,0.79,-1.45,0.91,1.16,-1.43,-2.74,1.26,2.61,-2.56,2.31,0.49,2,0,0
3.69,3.14,-0.02,1.3,2.81,0.54,2.87,-1.34,-1.56,-1.29,-0.97,0.51,0.85,-0.88,0.22,-1.47,2,0,0
0.59,0.19,0.55,-0.31,3.05,1.83,-0.6,1.27,2.77,-0.34,0.95,1.06,4.81,-3.07,-0.97,-1.37,2,0,0
2.55,3.91,-1.93,-0.81,-2.83,2.79,-2.8,2.6,-1.38,-0.27,-1.24,-0.71,0.78,-1.27,5.69,-0.88,2,0,0
-3.54,5.08,-1.37,-2.24,4.57,2.04,1.37,0.7,-2.32,-2.24,2.38,4.74,-0.59,0.62,1.28,-0.77,2,0,0
1.54,0.17,2.67,0.38,5.38,2.66,4.65,-1.07,2.27,-5.32,-0.66,6.16,3.81,4.02,-0.47,0.24,2,0,0
0.06,-5.33,-3.66,2.5,1.45,-1.1,-0.92,-1.82,1.43,2.86,-0.89,2.44,-0.28,2.02,-0.38,-3.11,2,0,0
-3.45,-0.11,3.99,-3.33,-3.74,-1.23,-2.12,1.88,-1.41,2.22,0.7,-2.36,0.83,1.21,-0.61,1.7,2,1,1
-1.66,-4.32,0.75,3.77,-0.09,5.94,0.12,4.95,0.45,-0.86,-2.08,1.77,3.36,-4.27,-0.9,-3.63,2,0,0
4.13,2.2,-3.69,1.09,2.84,-2.67,1.26,-1.24,3.85,-0.22,-3.17,1.46,-0.75,-0.37,-1.45,-2.02,2,0,0
4.19,4.27,-4.83,3.3,-4.17,-5.35,-4.22,-2.7,-0.16,1.13,-2.86,-8.5,-3.34,-2.52,-0.5,0.18,2,1,1
1.42,-3.62,0.74,4.23,-0.0,0.54,3.7,-0.86,3.42,-2.76,-1.74,-0.44,-0.45,-0.06,-4.43,1.38,2,0,0
3.1,3.08,1.84,-2.82,-5.33,-2.27,1.76,1.22,2.67,-2.21,-4.08,-2.84,-1.6,2.73,-1.11,-4.53,2,0,0
3.83,0.38,-1.93,6.14,-2.19,6.18,3.13,3.12,4.64,-5.77,-4.27,2.27,0.4,1.42,-0.98,-3.64,2,0,0
0.02,-3.0,0.38,-0.06,-1.74,-1.96,0.75,0.8,2.42,0.46,-1.78,-0.76,-0.32,2.1,-2.63,-2.63,2,0,0
-1.36,-2.94,-1.35,1.8,2.38,2.5,0.27,0.92,0.08,0.27,-0.12,3.63,1.97,-0.7,-0.57,-1.2,2,0,0
-2.59,-2.25,6.93,-2.59,-1.16,2.74,2.21,2.29,-2.3,-0.79,2.86,3.17,0.48,4.76,1.92,0.78,2,0,0
2.99,-1.95,-5.44,3.85,2.52,-0.04,1.23,-2.14,-3.4,1.66,-2.56,1.63,-0.03,-0.59,1.54,-1.69,2,0,0
3.77,0.29,2.82,1.48,1.02,2.34,3.22,-0.62,1.23,-2.03,-1.23,1.0,2.29,1.91,0.23,-2.51,2,0,0
-0.53,-0.09,-2.95,0.7,-1.48,3.37,-2.29,2.55,1.1,0.29,2.27,1.53,0.1,-0.62,1.72,-6.19,2,0,0
0.57,-2.89,1.67,0.72,-0.78,-0.76,1.23,-1.7,4.34,0.39,-1.42,-3.43,0.1,2.94,-1.92,4.82,2,0,0
3.49,1.43,-2.23,2.82,-0.74,-1.94,-1.27,-4.58,0.18,0.08,-5.86,-0.36,-4.79,0.74,3.66,1.78,2,0,0
0.35,3.69,2.12,-0.83,-1.78,-1.38,-1.24,-0.96,-4.29,-0.43,1.21,0.45,-2.19,1.7,2.54,-0.88,2,0,0
-2.14,0.49,1.87,-2.76,2.23,-3.04,-0.47,-0.74,-3.68,2.8,0.74,5.31,-2.81,1.39,2.15,2.84,2,0,0
1.53,2.88,-3.08,2.31,0.4,-3.1,-2.02,-4.44,-2.24,1.82,0.95,-1.39,-4.25,2.56,2.19,0.93,2,0,0
-0.68,2.26,3.55,-0.36,-2.33,-0.66,0.35,0.27,-2.84,-0.74,-1.43,-3.71,-0.04,-2.68,-1.52,2.98,2,0,0
-2.51,-0.24,-3.4,0.87,3.94,0.17,-2.04,-0.22,-1.31,1.0,-2.63,1.42,3.07,-3.71,-0.22,-0.54,2,0,0
0.33,0.22,-2.56,5.97,-0.89,-0.38,-0.81,-0.31,-1.35,0.19,-3.71,-6.01,-3.39,-2.69,-0.87,4.65,2,0,0
-1.65,-1.23,-2.01,-2.14,2.16,1.9,0.29,5.1,2.06,0.25,2.19,2.75,6.74,1.29,-2.09,-2.11,2,0,0
1.64,5.78,2.22,-3.75,-2.56,-0.5,0.7,-0.82,3.21,-4.95,1.73,4.69,-1.78,3.12,0.14,-4.69,2,0,0
2.1,1.65,-2.54,0.56,4.88,1.49,-0.86,-2.35,-1.09,2.17,1.7,4.11,0.59,0.56,4.27,-2.51,2,0,0
-0.83,1.94,1.19,0.81,3.81,0.3,2.86,-0.64,-0.45,-0.55,1.56,4.0,-1.75,-0.47,-2.1,-0.2,2,0,0
4.89,6.14,-4.93,1.72,-0.7,-4.41,1.23,-3.61,-0.45,-0.18,-2.74,-0.44,-5.42,1.61,-0.67,-2.59,2,0,0
-2.36,-3.09,2.15,-0.15,2.21,2.21,3.72,1.97,-0.44,-0.22,1.05,2.98,1.07,3.03,-2.2,-0.25,2,0,0
4.31,-0.43,0.01,2.58,0.42,0.26,1.66,-1.27,4.09,-0.61,-3.72,-4.24,2.62,-1.21,-2.31,0.39,2,0,0
-0.33,2.31,1.61,-3.23,-0.56,1.06,0.2,0.4,-1.34,0.17,0.38,-0.44,1.74,0.16,1.49,-1.21,2,0,0
2.66,1.99,-0.7,4.04,2.73,0.45,1.03,-2.28,-1.48,-1.04,-0.59,-0.21,-1.53,-0.5,1.05,1.77,2,0,0
1.99,-2.98,0.3,-1.8,-0.76,-2.07,-2.09,-0.38,6.84,-0.12,-0.75,-2.66,3.79,-2.18,-2.48,1.2,2,0,0
5.38,-1.89,-2.26,0.69,0.12,-0.22,-2.45,-1.96,4.95,-1.0,-3.25,0.69,1.78,-2.29,3.02,-0.29,2,0,0
-0.72,-0.35,-1.16,4.08,-2.8,1.19,1.33,3.58,-1.32,-2.74,-4.82,-1.39,-0.0,-2.17,-3.96,-2.4,2,0,0
-2.16,0.57,1.84,-2.7,0.85,2.03,0.07,1.92,0.85,-1.03,0.72,2.92,3.04,1.08,0.1,-2.1,2,0,0
1.61,2.32,0.55,-0.68,-1.56,1.06,-1.15,-0.03,-1.63,-0.27,0.68,-0.15,-0.17,0.0,3.15,-2.8,2,0,0
-0.39,0.94,0.39,0.86,-3.93,-3.72,-2.06,-0.96,-1.7,1.88,-2.46,-3.91,-2.23,2.88,-0.47,1.26,2,0,0
-3.37,4.15,0.45,-2.94,1.07,2.78,2.41,2.55,-2.12,-1.04,4.68,4.37,-0.81,4.38,-0.05,-3.02,2,0,0
-2.77,-4.67,-2.18,-1.8,-0.87,1.63,-1.19,2.41,-1.61,2.19,0.82,1.27,1.89,1.46,1.55,-4.0,2,0,0
2.48,-0.92,6.46,-1.3,-0.67,-0.85,1.91,-1.47,4.6,-2.69,-2.94,-1.69,1.11,0.12,-1.32,3.23,2,0,0
-3.0,-1.98,-1.58,2.06,-0.52,-0.67,-6.44,-0.7,-1.33,2.01,2.91,-3.22,-0.69,-6.16,1.27,2.68,2,0,0
0.67,0.8,0.54,-1.81,-2.54,-1.5,0.55,-0.23,-3.31,2.09,-0.26,-4.25,0.4,0.98,0.24,-1.53,2,0,0
-2.11,3.03,4.97,-3.67,-0.26,-1.28,0.74,-1.81,-0.78,-0.83,3.54,-0.29,-0.77,3.39,-0.53,4.43,2,0,0
-2.46,2.71,1.93,-2.82,3.9,0.8,3.81,-0.9,-1.66,-1.88,0.06,2.67,-0.32,1.61,-0.5,2.09,2,0,0
3.16,2.79,-3.46,-3.45,2.07,-2.35,-1.09,-1.21,1.9,2.28,0.33,-1.65,3.29,-2.37,0.34,-0.18,2,0,0
2.9,2.54,2.42,1.58,1.05,5.42,5.25,3.29,9.11,-8.71,-0.37,4.71,3.43,4.18,-3.63,-1.39,2,0,0
-3.57,-0.75,2.88,-1.33,3.08,1.83,3.87,3.51,0.65,-2.65,1.13,3.8,2.55,1.77,-3.69,3.78,2,0,0
-2.73,-0.15,2.47,-1.89,-1.84,1.6,-0.66,0.01,-2.88,-1.39,1.57,0.11,-0.61,-0.69,1.71,-2.76,2,0,0
0.94,-2.2,-0.36,2.45,-5.45,-1.26,-3.3,-2.14,-2.6,1.64,0.33,-5.03,-1.61,0.12,1.66,-0.17,2,0,0
-0.59,6.32,0.06,-0.94,-0.31,-1.8,-1.59,-2.95,-1.37,-1.16,0.97,-1.48,-4.12,0.31,1.6,2.31,2,0,0
3.82,-4.72,-0.36,3.24,-3.05,-0.1,0.78,-2.27,-0.71,2.18,-2.9,-1.86,-1.92,-0.31,1.22,-2.69,2,0,0
-1.9,2.46,0.8,-2.16,2.66,1.11,-1.64,-2.18,-0.11,-2.05,2.58,5.13,0.93,3.14,3.31,2.14,2,0,0
-2.5,-0.38,-3.45,-1.82,-0.51,1.72,-0.31,6.42,1.91,1.07,-1.25,2.42,4.6,-1.38,-2.95,-7.11,2,0,0
-6.87,-4.73,0.38,-8.98,-3.25,1.26,-2.98,6.54,-1.05,5.37,4.34,-1.19,6.32,-3.07,-0.89,-6.25,2,0,0
-1.02,3.02,4.23,1.71,-0.37,-2.13,6.4,-3.72,-3.37,-4.1,-1.85,-0.2,-5.81,2.75,-4.78,2.71,2,0,0
-0.08,-0.66,-2.2,0.49,-2.79,1.28,-3.35,-0.25,-1.32,1.66,-0.99,-2.57,-0.3,-0.44,3.54,-2.09,2,0,0
-2.07,0.92,-0.08,-1.01,4.23,2.14,1.33,-0.45,-2.1,-0.51,0.18,6.03,-0.61,2.02,2.69,0.21,2,0,0
5.22,-4.28,-2.0,5.75,-0.8,0.88,-1.45,-0.03,6.89,-1.48,-5.06,-4.46,4.54,-4.01,-2.36,-0.24,2,0,0
0.69,-3.89,-4.66,4.08,-0.97,-0.25,-2.27,2.25,2.47,0.56,-3.02,-2.72,3.29,-3.04,-3.11,0.07,2,0,0
2.23,0.83,0.91,0.11,-0.39,-1.14,3.36,-3.06,0.89,-1.72,-4.55,0.97,-3.66,0.67,-0.8,-0.29,2,0,0
0.7,-1.26,1.55,-2.61,0.14,-0.82,-2.45,-0.9,0.66,1.85,1.22,0.74,3.3,1.04,2.42,-0.38,2,0,0
-6.11,-0.47,3.79,0.21,-1.7,3.55,-2.75,5.47,-2.86,-2.5,1.37,4.42,0.44,-1.51,1.22,2.85,2,0,0
-4.07,-1.73,0.45,-2.02,1.52,-0.79,1.36,-0.86,-0.83,2.41,3.08,0.99,-1.59,3.65,-1.54,1.83,2,0,0
0.62,-0.78,-5.26,1.36,1.98,1.42,-1.22,-0.68,-0.31,1.67,-3.39,1.34,2.2,0.66,2.51,-2.46,2,0,0
0.82,-1.64,-0.64,0.42,0.12,-1.03,0.2,-2.04,-1.4,2.79,-2.27,-0.96,-0.25,2.3,1.18,-0.23,2,0,0
1.69,1.76,-4.87,2.12,-1.68,-2.41,-2.69,-0.81,-0.35,1.95,-1.14,1.16,-3.65,0.81,1.51,-4.53,2,0,0
1.29,0.93,-1.68,1.23,-6.97,1.93,-1.73,4.52,-2.86,2.55,-1.52,-3.29,-0.91,1.32,2.68,-5.61,2,0,0
-0.49,2.08,2.74,0.67,1.54,-2.63,1.04,-1.92,-2.43,-2.05,2.05,4.45,-3.75,2.67,-0.45,3.09,2,0,0
-4.21,-0.83,1.51,-2.66,-0.78,-1.87,-2.18,-2.49,-3.47,2.51,2.11,-2.08,-2.06,1.05,1.47,2.96,2,0,0
0.91,-4.45,-2.23,4.91,-2.99,-0.8,-6.45,-1.88,4.09,-0.36,-0.35,-4.07,2.22,-2.78,-0.87,2.46,2,0,0
1.34,-4.59,-3.61,3.83,2.55,0.32,1.72,-0.6,1.34,0.91,-3.17,-3.82,3.58,-4.34,-3.93,2.12,2,0,0
-0.3,5.77,0.76,-0.45,0.09,-1.41,-1.57,-2.26,-1.11,-1.78,-0.93,-2.62,-0.76,-2.99,-0.06,4.71,2,0,0
0.78,-0.95,2.09,1.27,-2.2,3.89,0.14,0.05,2.51,-3.74,-2.2,-0.22,0.24,0.86,1.38,0.75,2,0,0
-2.68,1.56,1.86,-0.76,-3.03,2.03,-3.04,2.97,0.68,-1.27,0.66,-0.68,2.14,-3.22,-0.4,1.75,2,0,0
-1.43,2.08,5.04,-3.41,0.11,-3.04,3.07,-2.28,-2.21,0.16,0.25,0.57,-2.48,4.12,-1.29,3.3,2,0,0
-2.45,0.21,-1.54,-0.33,-2.15,1.58,-0.36,2.96,1.14,-2.03,0.91,-0.49,1.69,3.5,-1.49,-2.1,2,0,0
-1.36,-2.44,-0.37,-2.51,2.35,1.59,-1.69,0.63,0.57,2.28,1.33,-0.94,2.81,-4.53,1.53,-0.74,2,0,0
-1.19,1.0,-3.28,-0.7,1.25,0.27,-3.86,0.42,-1.44,2.95,1.84,-1.12,1.01,-2.41,2.68,-0.57,2,0,0
-0.98,-0.25,0.92,-0.86,3.26,1.21,-0.22,1.03,-0.14,-1.37,0.3,2.34,1.17,-5.38,0.69,4.65,2,0,0
-3.89,-1.24,0.83,-4.47,2.25,0.31,-1.23,1.47,-0.78,0.68,1.37,3.19,1.76,0.87,1.86,0.02,2,0,0
-2.08,2.35,3.94,-1.42,-2.94,-1.24,3.67,-1.81,-4.67,-0.66,-0.46,-2.2,-4.94,2.33,-1.71,0.79,2,0,0
0.21,3.66,6.53,-4.41,2.02,0.16,4.96,0.69,2.63,-3.41,1.65,1.48,2.35,0.55,-4.02,-0.31,2,0,0
0.67,6.37,2.02,-2.08,1.32,1.92,3.38,-1.64,-2.35,-2.79,0.5,3.63,-1.98,2.43,1.27,-3.05,2,0,0
3.73,1.54,0.71,-0.25,-4.84,-0.14,4.7,-0.84,-4.11,-1.91,-3.27,-1.76,-4.24,4.21,1.61,-5.16,2,0,0
-2.43,-1.79,-1.99,-2.43,-4.08,-2.29,-6.58,1.77,1.36,0.94,-0.63,-3.22,3.11,-3.93,-0.47,1.98,2,0,0
1.29,0.54,5.29,-1.47,-0.86,-3.6,1.95,-4.2,-1.06,-0.38,-0.04,-3.04,1.48,1.66,-2.89,2.65,2,0,0
3.03,-2.97,-0.64,5.22,-1.61,1.24,3.19,-0.89,2.74,-0.57,-3.03,-2.26,-0.05,3.95,-2.81,-2.47,2,0,0
-1.39,2.51,1.79,-3.98,3.29,-2.52,-0.34,-4.33,-1.03,1.56,3.13,3.75,0.11,3.73,1.5,1.0,2,0,0
2.28,-0.32,-5.37,3.02,1.82,-0.08,0.22,-1.52,1.7,1.88,-2.23,-2.87,2.03,0.74,-1.1,0.05,2,0,0
-4.45,3.52,-0.79,-2.69,3.11,1.65,-0.55,0.75,-0.57,-1.04,3.97,4.3,0.08,1.77,0.42,0.37,2,0,0
-1.79,-0.17,-2.57,-0.13,1.76,-0.8,-3.42,-2.23,2.39,-0.72,-0.04,-3.19,1.57,-3.54,-0.69,4.94,2,0,0
4.01,3.53,-0.16,3.14,2.46,-2.86,-1.69,-8.84,-2.54,0.19,-0.4,-2.03,-3.33,-1.98,2.93,5.02,2,0,0
2.83,-4.21,0.3,1.23,-6.35,-0.88,-1.81,3.2,2.65,0.53,-2.16,-3.64,0.93,-1.97,-1.27,-2.65,2,0,0
4.72,-1.11,-2.31,0.97,-0.08,0.6,1.28,1.13,4.38,-0.62,-3.78,-0.09,3.82,2.04,-0.63,-0.72,2,0,0
1.72,-2.26,0.47,-2.06,1.22,-4.15,1.62,-1.61,0.75,2.82,-1.24,0.85,-0.09,1.33,-1.79,-1.42,2,0,0
-1.81,6.27,2.34,-4.49,-0.22,-1.32,1.13,-3.41,-2.13,0.35,5.23,2.62,-4.85,5.02,1.04,-2.11,2,0,0
-2.3,-0.49,2.77,-0.5,1.68,2.1,1.42,4.49,5.8,-4.2,-2.23,1.29,4.87,-1.58,-4.92,4.56,2,0,0
1.81,-2.08,0.67,0.66,-4.32,0.35,-1.83,2.34,3.63,-1.02,-1.06,-0.8,-0.1,-2.06,-0.24,-1.76,2,0,0
3.08,-1.81,2.57,2.3,0.37,1.67,3.28,3.09,2.43,-1.68,-2.61,0.11,1.76,0.08,-1.72,0.41,2,0,0
6.92,0.24,-2.31,3.11,1.32,-1.58,1.81,-5.16,0.61,-0.88,-2.39,-0.69,-1.68,-1.06,1.22,-0.72,2,0,0
-0.17,0.47,1.61,-1.24,1.39,-1.42,2.65,-2.84,-2.44,-0.8,-0.19,1.9,-2.47,1.15,0.12,1.31,2,0,0
-3.73,1.69,-0.31,-2.95,3.25,-3.24,-0.15,-1.6,-5.54,4.0,0.93,2.26,-2.5,0.4,0.78,1.87,2,0,0
-0.57,3.73,2.62,-0.4,-1.77,0.14,-0.17,0.32,-1.31,-2.64,-1.29,0.51,-1.29,-0.27,0.78,1.9,2,0,0
-0.91,1.6,0.16,-1.53,-4.19,-0.96,-2.65,1.53,-2.21,2.02,1.22,-1.16,-2.84,1.9,2.63,1.37,2,0,0
1.76,5.16,0.18,0.7,0.81,1.9,1.73,-0.22,-0.67,-4.26,-3.63,-1.51,1.48,-1.66,0.44,2.02,2,0,0
-3.71,-0.24,1.65,-5.2,2.04,-0.14,-1.24,0.87,1.03,1.58,3.5,0.06,6.24,1.43,-1.85,1.84,2,0,0
-2.22,-6.66,-2.1,-1.92,-1.03,-0.74,-2.96,1.71,2.3,5.68,-0.21,-3.02,4.81,-0.48,-1.5,-5.84,2,0,0
0.43,-1.01,0.05,-0.96,2.9,0.79,-2.93,-1.01,2.34,-0.73,-0.33,3.29,2.81,-2.73,2.37,0.99,2,0,0
-4.36,1.15,0.87,-2.94,1.97,1.77,-1.17,2.99,-2.21,1.71,0.66,-1.76,4.49,-1.19,0.07,5.16,2,0,0
-2.14,-2.19,-1.69,-2.72,1.48,-1.15,-1.15,-0.01,1.63,-0.22,-3.1,0.55,4.62,-1.21,-1.84,-0.74,2,0,0
-2.06,-6.61,1.16,-0.56,-0.8,-1.67,1.63,-0.09,-1.61,1.44,-1.31,0.64,-0.11,3.52,-1.25,0.17,2,0,0
-3.88,-0.06,1.15,-3.67,0.04,0.1,0.06,4.72,0.61,-0.41,-1.05,4.61,2.76,1.34,-1.58,-2.85,2,0,0
-0.24,3.98,-0.43,-0.43,-2.76,3.9,-2.09,1.87,-3.31,-1.42,0.58,0.78,-1.44,-1.25,4.89,-1.07,2,0,0
1.45,3.64,1.2,-1.75,5.33,0.62,-1.03,0.28,7.17,-5.83,-0.68,3.15,2.85,-1.74,0.42,4.87,2,0,0
4.02,-0.91,0.73,0.87,-4.36,-1.63,0.14,-1.75,-0.14,0.85,-2.96,-3.96,-2.07,0.84,1.1,0.96,2,0,0
-0.55,0.92,0.81,1.63,0.38,2.12,-1.76,-0.9,-1.76,-0.85,-0.34,-1.21,1.62,-1.63,2.02,4.05,2,0,0
1.4,0.24,-3.12,1.31,-2.03,-0.63,-2.3,-1.59,-4.97,3.42,0.33,3.66,-4.06,1.11,4.83,-6.23,2,0,0
1.57,4.37,3.48,-1.3,-0.55,-0.5,0.54,-1.97,-0.13,-3.19,-1.41,0.44,-1.99,-0.61,1.74,1.73,2,0,0
4.96,0.35,-3.86,4.81,0.32,-1.14,-0.07,-0.64,1.47,0.01,-4.21,-1.62,-3.03,-2.15,0.84,-0.18,2,0,0
0.07,-1.71,-7.52,6.97,-2.03,-0.54,-2.41,0.79,2.0,-1.3,-4.06,-4.24,-1.22,-2.14,-3.08,1.04,2,0,0
-3.12,0.85,0.09,0.38,0.54,3.1,0.55,4.03,3.88,-3.61,0.17,4.58,-1.28,3.33,-1.23,-0.99,2,0,0
-0.98,-0.33,0.09,-0.55,-1.78,-1.02,-2.28,0.42,-2.54,2.65,1.65,-1.56,0.97,1.25,1.06,-0.69,2,0,0
3.23,2.85,-1.18,1.38,-2.39,-1.6,0.75,-2.62,-2.05,-1.9,-1.75,-3.61,-4.52,-1.28,1.4,2.21,2,0,0
2.5,3.25,-3.22,1.3,0.05,-2.81,-3.34,-4.69,-2.02,2.06,0.19,-0.76,-2.92,-0.74,3.0,0.18,2,0,0
-0.49,-1.59,-2.76,2.03,3.5,-0.28,-3.45,-1.39,-1.14,2.87,2.04,-2.18,3.66,-4.28,0.48,2.32,2,0,0
2.06,0.69,4.52,-1.13,-6.28,2.56,0.55,0.83,-6.61,1.96,-0.72,-2.35,-2.18,1.19,5.82,-0.93,2,0,0
0.57,-2.69,2.93,-1.13,-2.75,2.14,3.26,6.0,3.09,-1.58,-1.54,0.81,1.28,3.47,-1.52,-1.06,2,0,0
-1.47,2.25,2.93,-2.19,2.22,-2.02,2.22,-2.49,-5.62,0.19,-0.51,1.38,-0.49,1.63,0.73,4.71,2,0,0
5.05,3.17,-3.02,3.68,-1.66,1.48,0.3,-0.38,0.7,-3.47,-2.43,-1.92,0.72,-1.93,0.48,-1.47,2,0,0
-0.47,1.15,1.37,-0.11,-3.37,-0.74,-0.9,1.16,0.22,-1.98,-2.18,-4.1,-0.12,-1.09,-0.86,5.59,2,0,0
-3.48,2.38,1.25,-2.55,-0.47,1.13,-0.95,-2.05,-3.87,0.34,1.93,1.39,-2.49,0.18,2.49,-0.14,2,0,0
0.26,-0.52,2.99,-1.1,-1.61,1.6,-0.06,-0.68,-1.32,-0.64,1.58,2.0,-0.67,2.35,2.91,-4.32,2,0,0
1.74,0.01,-0.84,2.59,1.11,1.7,-0.1,-0.15,0.5,-0.49,-0.72,1.85,-3.4,1.5,3.27,-0.96,2,0,0
-1.48,-2.09,0.49,-1.72,0.86,1.41,0.22,0.79,2.06,-0.81,-0.34,0.35,0.77,-0.13,0.23,0.25,2,0,0
0.31,4.45,5.24,-5.33,-2.57,-2.69,1.31,0.85,-0.0,-1.31,-2.63,-2.09,-1.01,1.22,0.41,0.79,2,0,0
-1.63,-1.43,-1.94,3.77,-0.75,3.3,-1.07,0.76,1.87,0.92,1.89,-2.19,-2.7,2.11,0.4,-0.97,2,1,1
-0.46,-1.52,0.29,3.82,-1.06,3.45,0.33,3.65,-0.72,0.25,-1.88,-1.35,0.55,-1.19,-0.14,2.25,2,0,0
0.15,4.2,2.82,-0.61,1.25,3.72,1.38,0.01,-1.35,-3.62,2.38,2.98,-0.37,2.88,3.63,2.64,2,0,0
2.36,-2.92,0.83,-1.23,4.2,-1.3,4.22,-2.02,3.36,1.6,-1.81,0.45,1.2,1.13,-1.87,0.4,2,0,0
-2.43,0.79,-1.21,-0.53,0.89,-1.46,1.14,-1.87,-4.77,2.79,2.58,-0.7,-1.7,0.41,-1.82,-3.29,2,0,0
-0.43,1.77,0.9,1.03,-1.1,1.96,3.4,-0.48,-0.64,-0.7,-0.37,-3.45,-2.22,1.99,-2.11,-2.18,2,0,0
1.82,3.57,1.38,2.65,-2.3,-0.18,1.4,-0.28,1.27,-2.39,0.85,1.97,-4.67,2.14,-1.06,0.97,2,0,0
2.22,0.45,-1.11,0.95,3.57,-1.03,-2.57,-4.04,-1.29,1.93,-1.4,-1.62,-0.42,-0.84,5.22,6.74,2,0,0
-2.57,-2.73,2.59,-3.43,-0.96,-0.57,-1.48,0.76,1.62,0.18,-0.43,3.77,0.94,4.79,1.84,-0.47,2,0,0
1.7,2.01,-2.43,0.7,0.15,-0.86,-0.15,-1.44,-3.23,1.63,1.6,-0.39,-1.69,-0.07,1.28,-2.88,2,0,0
-2.18,2.15,-1.31,-1.91,-0.12,-0.99,2.9,0.23,-6.15,2.51,0.99,-0.02,-2.64,5.46,0.92,-0.87,2,0,0
0.46,-2.39,-4.2,0.46,4.07,2.33,-0.27,-0.55,-0.55,1.21,0.78,1.05,2.02,-2.31,2.56,2.67,2,0,0
-1.83,-3.36,-2.86,-1.0,-0.95,1.66,-4.3,5.05,-1.15,4.27,1.0,-0.73,4.12,-2.25,2.16,-2.92,2,0,0
0.15,-1.02,-4.16,1.43,2.72,4.19,-1.06,1.68,-0.06,-0.19,-0.64,3.05,4.15,-1.92,2.41,-2.01,2,0,0
0.37,-0.59,-1.7,1.86,-4.16,1.59,-3.83,2.87,-2.53,2.78,-3.27,-3.08,-0.22,-3.0,3.2,-2.24,2,0,0
2.22,1.3,-0.11,-0.64,-4.09,-0.49,-1.39,-0.96,2.29,-1.31,-0.41,-3.54,0.43,1.62,0.4,-3.98,2,0,0
0.7,1.77,3.92,-0.2,-2.11,2.02,2.94,0.23,-1.42,-2.33,-0.46,-0.24,-1.18,2.51,0.84,0.89,2,0,0
-1.14,-3.03,-2.43,2.45,5.28,-0.4,2.16,-0.4,2.99,-1.22,-1.51,3.01,2.32,-1.42,-5.09,1.07,2,0,0
3.74,-0.28,1.97,1.08,-1.93,1.74,0.42,3.48,1.91,-0.44,-2.25,0.96,1.91,-0.7,0.76,-1.79,2,0,0
-5.36,-3.85,-3.94,-2.43,-2.31,1.81,-2.85,5.11,0.04,2.28,4.08,-0.74,2.67,0.69,-0.94,-3.81,2,0,0
3.19,-0.07,0.74,1.01,5.49,3.58,2.11,-3.19,5.07,-4.55,-0.91,6.37,1.95,0.46,2.47,4.27,2,0,0
1.79,6.2,-1.07,-0.77,6.61,2.12,1.08,-0.6,0.76,-1.91,4.33,6.55,-0.38,1.29,3.28,-0.35,2,0,0
-1.93,-0.5,0.66,-1.72,1.21,2.65,-1.39,1.99,3.77,-3.86,-0.67,2.28,3.5,-1.67,0.43,3.13,2,0,0
-0.76,1.5,1.07,-2.73,-0.58,0.15,0.94,0.47,0.31,-0.31,-0.79,1.65,0.23,1.1,-0.54,-3.29,2,0,0
-1.07,-2.27,0.35,-3.9,3.22,-3.49,0.46,-3.67,1.28,2.33,2.84,1.13,0.14,0.5,-1.11,2.02,2,0,0
0.27,-4.05,1.14,-0.93,1.65,0.48,3.14,-0.63,2.6,0.07,-1.32,3.68,1.05,3.88,-1.01,-3.13,2,0,0
