@relation SyntheticData-N_1200-D_8-Nmin_140-Zmin_8-CL_1_3-R_0
@attribute X0 real [-6.01, 7.62]
@attribute X1 real [-4.19, 4.87]
@attribute X2 real [-5.60, 6.68]
@attribute X3 real [-5.15, 5.59]
@attribute X4 real [-6.13, 5.89]
@attribute X5 real [-5.73, 5.34]
@attribute X6 real [-5.51, 5.67]
@attribute X7 real [-6.59, 6.01]
@attribute cluster_idx {0,1,2,3}
@attribute is_noise {0,1}
@attribute Class {0,1}
@inputs X0,X1,X2,X3,X4,X5,X6,X7,cluster_idx,is_noise
@output Class
@data
-3.57,-1.47,-0.51,0.58,1.51,-1.7,-2.02,-2.75,0,0,1
2.3,2.29,1.09,-1.3,-0.9,-1.91,-0.07,0.03,0,0,1
-1.73,-2.32,0.24,3.92,0.39,0.7,-1.1,-2.9,0,0,1
-3.24,-3.16,0.06,-0.28,1.0,2.37,-1.42,0.11,0,0,1
0.31,-0.62,2.51,1.81,2.08,0.78,-1.04,-0.02,0,0,1
-0.84,-1.32,1.8,-1.24,1.08,-0.2,0.49,5.08,0,0,1
0.55,-0.94,2.89,0.54,0.9,0.26,-1.32,0.67,0,0,1
-0.35,0.52,0.07,-1.39,-1.17,-1.99,-2.2,-0.39,0,0,1
1.03,2.27,-0.65,-1.42,0.5,-0.26,2.45,0.33,0,0,1
1.45,2.36,-1.1,-3.61,0.01,2.31,1.35,2.05,0,0,1
0.03,-0.01,-0.62,1.38,-1.11,-0.35,0.92,-2.06,0,0,1
-0.57,-0.17,-0.28,0.58,-0.37,-0.45,-0.95,-1.43,0,0,1
1.08,1.1,2.18,-1.28,1.02,-0.94,-0.84,0.99,0,0,1
0.25,0.33,0.16,2.23,0.12,-1.08,0.73,-1.08,0,0,1
2.6,0.29,3.44,1.4,0.14,0.02,-0.29,1.65,0,0,1
-0.18,0.47,-0.35,2.72,-0.42,-2.17,-0.47,-5.19,0,0,1
-3.39,-3.35,0.77,3.12,2.23,0.49,-0.54,-0.92,0,0,1
-1.59,1.3,-2.84,0.08,1.44,-1.42,5.19,-2.63,0,0,1
0.91,0.55,0.42,-0.07,-0.43,0.49,-0.18,-1.4,0,0,1
2.7,-0.67,5.81,1.04,-0.07,-1.03,-5.51,-1.34,0,0,1
-1.92,0.35,-3.33,1.0,0.07,1.98,1.09,-1.37,0,0,1
1.15,-0.86,2.17,1.75,-0.56,0.35,-1.6,-0.6,0,0,1
-0.44,-1.66,3.89,1.85,0.42,-3.12,-4.14,-1.77,0,0,1
-1.91,-1.42,-1.33,1.06,0.1,1.06,1.08,-1.84,0,0,1
-1.53,-2.25,1.67,0.76,0.74,1.43,-3.19,-0.88,0,0,1
-0.73,-0.96,1.38,0.52,0.48,-0.13,-1.5,0.76,0,0,1
-0.33,3.25,-3.82,0.43,-0.49,-2.29,1.63,-4.0,0,0,1
-2.21,-0.14,-1.88,1.73,1.04,-1.21,2.89,-1.39,0,0,1
-1.6,0.56,-1.75,-1.88,0.87,0.24,2.15,1.19,0,0,1
-0.31,-0.96,1.12,2.33,0.13,-0.7,-0.02,-1.37,0,0,1
0.38,2.31,-0.25,0.29,1.69,-1.74,2.05,0.83,0,0,1
-0.12,-0.66,2.22,1.31,0.9,-2.63,1.98,-0.29,0,0,1
4.9,4.42,1.93,-4.7,-1.98,-2.21,0.34,3.37,0,0,1
0.07,3.18,-3.34,-1.06,0.18,-0.23,2.8,0.03,0,0,1
2.17,1.22,1.39,-0.82,0.01,1.25,-0.62,1.21,0,0,1
-0.2,0.32,0.58,-1.92,-0.2,0.09,-1.97,0.67,0,0,1
0.49,1.54,-0.37,0.03,0.68,-0.38,1.5,-0.03,0,0,1
2.55,4.48,-1.58,-5.15,-0.95,-0.48,1.94,0.86,0,0,1
-3.15,-1.29,-1.17,-0.66,1.29,-0.28,1.42,1.94,0,0,1
0.88,-0.36,1.24,4.48,-1.01,-1.53,-1.94,-3.98,0,0,1
3.46,0.74,4.31,-1.62,-1.02,0.21,-3.5,2.61,0,0,1
-0.71,0.22,-1.9,-0.5,-2.39,-0.4,-2.35,-2.71,0,0,1
2.39,2.56,-0.81,-2.44,-1.42,0.81,1.1,1.16,0,0,1
-5.9,-1.94,-3.11,-0.45,3.91,0.94,3.27,1.62,0,0,1
-1.01,1.98,-4.27,-2.33,-1.08,0.62,2.33,1.22,0,0,1
-3.07,-1.9,0.9,2.69,1.54,-3.44,-1.52,-3.39,0,0,1
-2.6,-1.2,-1.19,1.54,2.54,1.58,2.91,1.68,0,0,1
-4.24,0.05,-4.23,-0.85,3.5,2.57,3.94,1.59,0,0,1
5.3,2.33,2.06,1.73,-4.36,-1.49,-1.68,-1.82,0,0,1
1.81,0.45,0.64,0.79,-2.32,1.03,-2.55,-2.18,0,0,1
4.43,2.32,0.01,1.3,-4.16,1.54,-2.43,-3.83,0,0,1
-1.31,-1.72,2.1,0.22,2.07,1.32,-2.18,-0.72,0,0,1
0.87,0.61,1.39,1.53,-0.0,-2.39,0.25,-1.98,0,0,1
1.69,1.41,2.32,0.72,0.41,-2.83,0.34,-1.94,0,0,1
-2.25,0.34,-1.94,0.82,1.15,-0.97,0.8,-1.42,0,0,1
-1.46,0.98,-1.61,-1.82,0.6,-0.24,-1.36,-0.91,0,0,1
0.81,0.21,2.03,1.03,0.22,-0.9,-2.16,-2.6,0,0,1
1.44,0.15,2.49,-0.78,-0.42,0.73,-3.47,-0.3,0,0,1
5.84,1.47,6.68,2.07,-0.42,-1.94,-1.47,0.87,0,0,1
-0.94,0.82,-1.6,1.15,1.13,1.06,-0.14,-2.06,0,0,1
2.69,1.14,2.66,-0.92,-1.07,-0.3,-3.5,-0.71,0,0,1
-2.0,-0.77,0.1,3.48,2.4,-1.57,2.25,-1.47,0,0,1
-0.27,0.5,0.16,0.05,1.48,0.0,1.75,1.83,0,0,1
0.02,-1.07,0.63,0.14,-1.47,1.32,-2.66,-0.6,0,0,1
1.7,2.95,-2.0,-2.83,-1.73,0.51,1.08,2.32,0,0,1
-0.81,2.06,-4.42,1.41,-0.16,1.16,2.89,-3.6,0,0,1
1.33,0.64,0.04,0.08,-1.8,1.01,-1.81,-0.76,0,0,1
2.13,3.61,-1.02,-1.78,-0.55,-1.19,0.92,-1.76,0,0,1
2.42,1.54,1.74,4.3,-0.52,-2.81,-0.64,-4.18,0,0,1
-2.16,-3.41,1.43,4.53,-0.22,-0.66,-2.6,-4.6,0,0,1
1.23,3.61,-1.83,-3.07,-0.46,-1.49,1.49,-2.22,0,0,1
0.12,-0.06,1.95,1.05,0.44,-2.19,-1.72,-1.0,0,0,1
2.91,2.07,1.73,-0.28,-1.45,-3.09,0.62,-0.85,0,0,1
-1.32,1.75,-2.82,-2.45,0.16,0.44,-0.47,-0.67,0,0,1
-1.71,1.18,-2.95,-0.36,1.77,1.36,2.72,1.83,0,0,1
-1.29,-0.82,-0.73,3.86,0.55,-1.21,2.17,-3.55,0,0,1
-0.28,0.68,1.39,-2.04,0.6,-0.6,-3.85,-0.93,0,0,1
-3.25,-1.87,0.75,3.38,4.25,-1.72,3.52,-0.99,0,0,1
3.58,3.93,-0.65,-1.44,-1.47,-0.45,2.68,0.94,0,0,1
-0.85,-1.59,1.05,4.66,-0.6,-1.57,-2.87,-3.77,0,0,1
-4.95,-3.09,-0.8,1.31,1.74,-0.39,-1.2,-1.32,0,0,1
0.61,0.1,1.99,-1.03,0.5,0.91,-3.78,0.2,0,0,1
-1.91,-2.4,2.4,2.23,-0.02,-2.84,-5.28,-4.56,0,0,1
2.93,3.1,0.05,-1.29,-0.85,-0.26,0.96,0.35,0,0,1
2.79,1.03,1.51,1.42,-2.45,-0.6,-0.61,-0.81,0,0,1
-2.37,-1.01,0.1,2.72,2.01,-1.29,-1.08,-3.04,0,0,1
-1.96,1.98,-4.12,-0.09,1.75,-0.15,5.32,-0.58,0,0,1
-0.14,-0.1,-0.08,0.61,-0.58,1.37,-2.97,-2.48,0,0,1
0.93,2.63,-2.41,0.91,-0.56,0.57,1.41,-0.14,0,0,1
2.68,4.38,-2.7,-5.0,-0.94,2.95,3.7,3.83,0,0,1
2.29,1.21,-0.16,2.4,-2.38,0.17,-0.75,-2.18,0,0,1
0.78,-2.12,4.29,2.22,-0.81,-1.89,-3.02,-1.83,0,0,1
-0.68,0.76,-0.08,1.22,1.2,-1.13,-0.58,-2.66,0,0,1
-0.32,0.18,-0.55,0.12,-0.78,-0.32,-0.58,-2.9,0,0,1
-6.01,-2.5,-2.04,-0.51,3.24,0.93,-1.05,-0.31,0,0,1
-4.78,0.01,-5.6,-2.69,1.6,2.56,3.18,2.31,0,0,1
-1.25,-1.01,1.15,1.23,1.71,-0.42,0.22,-2.09,0,0,1
-2.09,-0.75,-0.21,1.6,1.25,-2.25,1.3,-2.87,0,0,1
3.21,3.62,-0.88,-1.3,-1.69,-1.26,2.87,-1.18,0,0,1
0.12,0.19,0.91,-1.26,0.15,0.04,-1.11,0.8,0,0,1
-3.26,-1.49,0.44,0.96,3.07,-0.42,-2.01,-2.78,0,0,1
-2.67,-0.39,-1.14,-1.82,1.08,-0.89,0.05,2.44,0,0,1
-0.28,1.03,-0.38,0.63,1.2,-0.55,1.95,1.11,0,0,1
0.77,4.27,-3.54,-4.28,0.36,1.12,2.89,2.23,0,0,1
-4.64,-1.29,-2.71,1.52,2.11,-2.06,3.11,-2.0,0,0,1
1.28,1.42,0.36,-1.8,-1.8,-1.23,-2.48,-2.24,0,0,1
-1.29,0.7,0.09,-0.1,2.45,-1.38,1.34,2.51,0,0,1
-0.25,-1.01,2.28,2.79,0.55,-1.84,-2.84,-3.62,0,0,1
-0.75,0.79,-1.61,0.72,-0.37,-2.08,2.97,-0.65,0,0,1
4.25,1.36,4.08,-1.87,-1.1,0.35,-1.77,1.53,0,0,1
1.88,2.15,0.99,-1.47,-0.54,-1.14,-0.23,0.93,0,0,1
-3.71,0.66,-2.92,-2.95,4.24,1.99,2.66,3.46,0,0,1
6.32,1.93,4.99,1.24,-2.59,-0.01,-2.75,1.11,0,0,1
0.61,1.1,0.44,-3.46,-0.17,1.07,-1.81,0.66,0,0,1
1.23,2.45,-1.75,1.47,0.19,-0.71,3.6,-2.86,0,0,1
-1.64,0.09,-0.56,-2.75,0.19,-0.86,-0.34,1.69,0,0,1
0.18,-1.05,2.02,2.5,-0.64,-1.29,-2.52,-1.65,0,0,1
0.34,0.72,-1.43,0.82,0.65,2.78,3.16,1.5,0,0,1
0.77,0.82,0.05,-0.42,0.3,2.33,-0.18,2.54,0,0,1
2.57,3.37,-0.6,-2.24,-0.94,-0.98,2.07,1.11,0,1,0
-0.56,-0.96,2.5,0.27,1.81,0.65,-1.52,4.19,0,0,1
7.62,1.79,6.47,2.39,-3.72,-1.01,-4.71,-1.18,0,0,1
-3.87,-1.95,-2.32,2.33,1.36,0.6,1.21,-0.67,0,0,1
3.31,2.24,0.64,-1.04,-2.28,0.33,-0.62,0.27,0,0,1
-1.73,-2.91,1.43,3.23,-0.55,-1.47,-1.77,-4.04,0,0,1
1.51,3.54,-2.16,-2.31,-0.78,0.12,1.06,0.15,0,0,1
0.92,2.14,-1.58,-2.69,-0.88,1.25,0.38,1.27,0,0,1
1.58,-0.11,2.67,1.28,-0.42,-0.55,-1.04,0.96,0,0,1
0.26,0.82,-0.29,-3.31,1.1,3.97,0.67,3.64,0,0,1
-1.44,-0.3,-1.45,-0.54,0.1,1.18,0.09,0.44,0,0,1
-1.19,0.42,-0.1,-1.94,1.67,-0.96,2.27,3.83,0,0,1
-2.07,-0.06,-1.31,1.59,1.02,-1.07,-0.19,-2.66,0,0,1
-1.99,0.68,-2.86,2.61,-0.37,-3.28,1.2,-6.18,0,0,1
3.2,0.44,4.03,2.39,-2.3,-2.96,-5.07,-3.46,0,0,1
1.82,1.94,0.43,-0.98,0.21,0.04,1.53,2.24,0,0,1
-1.61,1.19,-1.5,-1.51,1.76,0.65,-0.58,1.82,0,0,1
2.59,1.74,0.57,-0.09,-1.99,-0.93,0.75,-0.33,0,0,1
4.64,3.72,-0.15,-2.9,-3.51,0.57,-0.66,0.66,0,0,1
0.23,-1.76,2.3,4.95,-0.97,-1.32,-2.94,-4.68,0,0,1
0.57,2.55,-1.49,-3.92,0.05,0.51,1.67,2.57,0,0,1
3.29,-1.98,0.91,1.35,0.97,-0.27,-0.15,1.71,1,0,0
1.04,0.34,2.52,0.79,1.06,-0.51,1.71,-0.43,1,0,0
1.36,-0.78,0.74,-1.89,-0.11,-1.32,3.61,1.95,1,0,0
1.75,2.16,0.72,0.4,-2.48,-1.95,1.7,0.82,1,0,0
0.45,3.12,-0.98,0.78,-1.3,-0.31,-0.22,0.09,1,0,0
0.79,0.32,0.28,1.11,1.39,1.44,-0.01,-1.27,1,0,0
0.7,-0.49,-0.48,-0.29,0.26,-0.44,0.03,0.95,1,0,0
0.5,0.54,-0.01,-1.63,-1.79,0.85,-0.03,0.09,1,0,0
0.96,0.64,-0.8,0.5,-0.5,0.5,-0.33,-0.49,1,0,0
0.69,-1.31,0.51,-1.2,0.27,2.04,-0.68,-0.76,1,0,0
-1.19,-0.2,1.87,0.33,0.05,0.33,1.84,-2.9,1,0,0
-1.61,2.51,-0.89,2.59,1.55,-0.78,-0.35,-1.0,1,0,0
0.59,2.92,1.0,-0.92,-0.48,1.55,1.29,-0.15,1,0,0
-0.27,1.22,1.91,-1.07,-0.31,-1.42,3.47,0.08,1,0,0
0.38,1.98,-2.37,-0.64,0.97,-0.11,-1.35,2.27,1,0,0
1.23,-1.41,-0.29,-1.1,0.58,-1.5,-0.17,3.18,1,0,0
1.32,1.74,1.38,-1.74,-2.78,-2.08,4.15,0.45,1,0,0
0.6,2.52,-3.05,-1.17,-0.01,2.71,-1.85,0.57,1,0,0
2.62,-1.45,1.12,1.66,-1.51,-2.07,2.22,-1.41,1,0,0
-0.77,-3.66,-1.03,-1.45,2.0,-1.92,0.29,1.45,1,0,0
2.75,0.11,1.19,3.28,-0.22,-2.59,1.46,0.81,1,0,0
-1.36,-1.31,0.9,1.9,2.57,-2.42,1.27,-0.95,1,0,0
-2.05,1.49,0.39,-0.21,1.14,-0.88,0.76,-0.03,1,0,0
0.53,0.13,-0.6,-2.43,-2.1,0.49,-0.33,0.45,1,0,0
-1.01,-1.09,1.33,1.21,0.59,-0.18,-0.4,-1.65,1,0,0
1.84,2.06,1.18,-2.2,-2.77,-0.41,2.3,0.25,1,0,0
-0.86,-1.4,2.12,0.08,2.96,3.67,-3.56,-1.85,1,0,0
-1.47,-0.55,-1.28,-0.28,3.18,-0.73,-1.06,1.78,1,0,0
-2.24,3.2,-1.71,-0.06,-0.28,-1.38,-1.0,0.48,1,0,0
-1.28,0.14,-0.96,-1.2,1.12,-0.26,0.71,0.24,1,0,0
1.72,0.79,-0.33,1.11,-1.95,-0.85,-0.29,0.39,1,0,0
-2.95,1.5,-1.98,1.32,2.81,1.04,-2.0,-2.22,1,0,0
-2.62,2.69,-1.79,-1.7,1.38,1.21,-0.44,-1.03,1,0,0
1.32,0.2,-0.64,0.44,1.09,0.72,-2.33,1.37,1,0,0
-0.4,-0.81,-0.15,-1.93,2.72,2.54,-2.56,0.8,1,0,0
0.84,-0.55,-0.08,-2.42,-1.07,0.75,-0.42,1.23,1,0,0
-0.07,-0.12,-0.64,-2.94,-0.56,1.82,-2.63,1.96,1,0,0
-0.89,2.39,2.59,-2.34,-1.59,-0.87,3.42,0.02,1,0,0
3.45,2.21,-0.01,-0.68,-3.05,-1.44,3.12,2.34,1,0,0
2.68,2.18,-1.56,3.73,0.1,-0.42,-2.3,0.84,1,0,0
1.24,-0.14,-1.58,-0.04,0.57,0.02,0.3,0.79,1,0,0
0.13,4.67,-0.82,1.55,-0.97,0.91,1.14,-2.04,1,0,0
-1.71,-0.17,1.37,-1.21,-0.06,-1.55,2.04,-0.47,1,0,0
2.35,4.87,-2.2,1.83,-2.77,-1.63,3.02,-0.12,1,0,0
-1.32,-1.84,0.61,0.96,2.93,-1.74,-0.75,0.81,1,0,0
2.29,-1.75,2.49,0.0,0.41,1.68,-0.8,-0.02,1,0,0
1.75,-0.63,0.39,0.39,0.33,-2.32,0.97,2.04,1,0,0
-1.05,0.26,1.0,-3.27,-1.43,0.07,1.57,-0.32,1,0,0
0.37,-0.35,-2.52,-0.95,0.79,-0.19,-0.47,1.11,1,0,0
0.34,3.23,-0.15,-0.18,-2.46,0.58,2.08,-1.39,1,0,0
0.37,3.56,-1.24,-2.21,-0.32,1.68,-1.87,2.55,1,0,0
-2.22,-0.87,-3.53,-0.33,3.04,-0.01,-2.6,1.36,1,0,0
2.17,-1.09,-1.83,-3.18,-0.46,0.62,0.15,2.68,1,0,0
1.2,-1.73,0.53,-2.02,-0.02,-0.21,0.46,1.05,1,0,0
0.02,0.85,-0.29,-1.71,-0.64,1.44,0.78,-0.37,1,0,0
2.73,0.73,1.09,2.8,-0.77,0.43,-2.57,0.64,1,0,0
0.46,0.74,0.75,1.21,1.23,-0.39,-0.36,0.52,1,0,0
-2.63,-0.69,-1.69,-0.53,3.85,-0.59,-2.26,2.09,1,0,0
-1.06,1.14,-1.19,1.1,0.45,0.18,-3.07,0.27,1,0,0
-1.88,-0.11,-3.55,0.91,3.3,-0.04,-2.12,0.15,1,0,0
4.03,-0.7,0.28,2.68,-1.04,-1.88,-1.01,2.05,1,0,0
0.77,2.11,-0.15,-0.43,-0.48,0.15,-0.33,0.67,1,0,0
1.28,-0.06,-1.33,-0.02,1.12,-0.13,-1.3,1.7,1,0,0
0.71,1.75,1.58,-0.25,-1.1,-0.31,0.32,0.5,1,0,0
-1.35,1.3,-1.73,3.03,2.02,-0.82,-1.12,-1.1,1,0,0
0.59,1.34,-0.16,1.9,0.87,-1.23,1.01,-0.33,1,0,0
2.35,0.68,0.5,1.87,-1.17,-3.68,3.66,0.91,1,0,0
2.47,-0.36,1.21,-1.4,-1.67,0.95,-0.18,1.32,1,0,0
-1.51,1.51,-1.11,2.0,1.52,-0.9,-0.86,-0.53,1,0,0
2.22,-1.71,-0.1,0.88,-0.34,-0.85,-0.47,0.96,1,0,0
0.58,-1.62,3.21,1.42,0.94,1.54,1.76,-4.29,1,0,0
2.13,2.56,1.69,1.37,-2.94,0.13,-0.7,-0.06,1,0,0
2.3,-1.35,2.04,-1.86,-1.71,-1.59,1.26,2.75,1,0,0
1.39,1.61,-0.46,-2.55,-1.44,-0.38,0.95,2.8,1,0,0
0.62,-0.03,0.85,-0.07,-0.89,-1.86,1.2,0.34,1,0,0
-0.41,1.08,-1.22,-2.55,0.92,1.11,-0.05,1.53,1,0,0
-1.08,1.7,-0.42,2.86,2.49,0.01,-0.75,-0.82,1,0,0
-0.53,-0.45,-1.17,-0.19,2.06,0.64,-0.11,0.36,1,0,0
0.32,-0.98,1.0,-0.16,1.31,-1.28,2.85,0.25,1,0,0
-2.47,0.04,0.63,-0.61,1.06,-0.12,-1.85,-0.4,1,0,0
-0.47,-1.45,1.17,-0.74,0.98,0.63,-0.41,-0.54,1,0,0
0.08,0.22,1.35,0.36,0.53,-1.33,-0.05,0.47,1,0,0
0.61,0.79,2.0,0.59,-0.24,-0.02,0.86,0.19,1,0,0
-0.97,-1.33,0.5,-0.42,1.72,-1.53,-0.22,1.54,1,0,0
1.3,-0.4,1.48,0.29,-1.25,-2.91,2.71,1.12,1,0,0
0.22,0.46,0.14,1.17,0.5,-3.11,0.8,1.86,1,0,0
-1.96,1.89,-1.83,-1.96,0.56,-0.68,0.2,1.51,1,0,0
3.48,0.77,4.33,0.56,-2.05,-0.47,3.15,-0.05,1,0,0
-0.42,-0.13,-2.0,0.04,-0.06,-1.39,0.1,-0.11,1,0,0
-1.61,-0.95,-1.07,1.22,3.28,-0.38,-1.34,-1.0,1,0,0
-1.83,1.49,-1.56,-0.64,3.17,2.81,-3.4,0.33,1,0,0
-0.34,1.0,3.53,2.54,1.55,-1.97,1.87,-0.7,1,0,0
3.27,-1.53,0.41,0.48,0.35,0.82,-2.53,1.88,1,0,0
0.15,-0.19,-0.51,0.71,2.01,-2.4,1.17,1.07,1,0,0
1.76,-2.04,-1.74,-1.67,0.14,-1.44,0.46,2.69,1,0,0
0.67,0.3,-0.39,0.8,-0.49,-1.26,-0.03,0.68,1,0,0
2.47,0.56,3.94,2.11,-1.65,-1.37,3.91,-1.96,1,0,0
-3.17,-1.27,-2.88,-2.82,2.86,0.09,-2.9,2.67,1,0,0
-1.72,-0.97,-1.43,-0.54,2.6,1.91,-4.0,0.33,1,0,0
0.39,0.86,0.51,-0.84,-1.48,-0.29,-0.32,0.91,1,0,0
1.91,-1.11,-0.46,-0.08,-0.2,-1.18,1.71,0.46,1,0,0
-0.7,3.35,-0.57,-2.24,-1.61,-0.61,1.08,1.01,1,0,0
-1.04,1.4,-0.54,-0.17,0.28,-0.96,-0.09,-0.08,1,0,0
-1.15,-3.85,-0.22,-2.2,2.7,-0.34,-2.11,1.88,1,0,0
1.0,-2.35,1.78,1.37,1.03,0.05,-0.98,-0.83,1,0,0
0.29,-2.65,1.27,1.02,1.95,-1.49,-0.95,0.53,1,0,0
0.25,0.64,-0.77,-0.32,1.12,-2.63,1.92,1.48,1,0,0
-2.54,2.02,0.08,-0.95,0.02,-0.55,0.18,-0.01,1,0,0
-1.22,-0.71,1.0,-0.61,1.26,-0.83,1.31,0.03,1,0,0
-2.52,3.68,-3.03,1.66,1.16,0.93,-0.16,-2.48,1,0,0
-0.2,-0.07,-0.5,-2.23,0.41,0.09,-0.48,1.98,1,0,0
-0.72,0.22,0.13,-0.82,0.51,0.93,0.22,-0.81,1,0,0
1.34,-1.16,2.42,-1.67,-0.3,0.21,0.63,1.35,1,0,0
1.71,-2.5,2.82,0.85,0.43,-1.75,1.31,0.79,1,0,0
-0.34,1.52,-2.07,1.02,0.33,1.14,-2.25,-0.85,1,0,0
-2.5,0.44,-2.58,-0.88,3.83,0.34,-2.09,1.34,1,0,0
1.68,1.66,1.93,-0.15,-3.54,-1.09,1.5,-0.39,1,0,0
1.48,-0.68,2.3,2.06,0.54,-0.75,0.77,-0.71,1,0,0
0.37,0.11,2.01,-0.56,0.42,1.27,-1.69,0.35,1,0,0
-1.03,-0.94,-0.33,0.72,1.9,-0.22,-0.74,-0.44,1,0,0
0.85,0.85,0.26,-1.47,-1.2,0.86,-0.45,0.7,1,0,0
1.47,2.84,0.24,0.46,-0.81,0.29,1.02,0.61,1,0,0
-1.58,-0.43,0.7,1.46,2.53,1.33,-3.33,-1.32,1,0,0
1.42,-0.82,2.05,0.5,0.37,-0.8,1.05,0.32,1,0,0
2.24,1.57,2.76,3.24,-1.52,-3.39,4.03,-1.31,1,0,0
0.76,-1.89,1.2,3.62,0.38,-1.0,0.08,-2.83,1,0,0
0.95,1.78,-0.16,0.21,0.56,1.67,1.25,-1.24,1,0,0
-0.41,0.87,-0.36,2.56,0.93,-0.82,-0.29,-0.78,1,0,0
1.56,0.74,-1.83,-1.64,-1.24,-1.59,0.18,3.11,1,0,0
1.74,-0.56,2.52,0.55,0.26,-0.12,1.91,-0.96,1,0,0
1.73,2.23,-1.0,-1.47,-1.85,1.11,-0.59,1.56,1,0,0
-1.86,-0.15,-0.43,-2.38,-0.0,-1.31,0.93,0.4,1,0,0
-0.5,-2.17,0.16,-2.06,1.86,0.79,0.58,-0.12,1,0,0
-2.07,0.45,-2.62,1.27,2.58,0.01,-1.59,-0.77,1,0,0
1.73,-0.04,-0.0,1.63,-0.02,-0.81,-0.99,0.74,1,0,0
1.19,-0.82,-0.31,5.59,2.51,-1.11,-1.76,-1.76,1,0,0
-0.19,-0.78,0.1,2.05,2.21,-0.3,-0.85,-0.46,1,0,0
1.84,-1.56,3.8,3.82,0.74,-1.24,1.99,-2.34,1,0,0
0.78,1.05,0.43,0.91,0.6,-0.3,-0.95,1.98,1,0,0
1.8,-0.3,-2.15,-1.28,-0.47,0.35,-1.72,2.61,1,0,0
2.11,0.22,-3.57,-0.45,1.47,-0.29,-1.57,3.44,1,0,0
0.14,0.61,0.59,-1.18,0.03,-1.15,1.2,1.48,1,0,0
-0.3,-2.09,0.11,0.3,0.41,-2.36,1.44,-0.23,1,0,0
0.53,0.09,0.74,-0.7,-0.58,0.07,0.98,-0.18,1,0,0
0.63,0.37,0.52,-0.28,-0.97,-1.68,2.28,0.12,1,0,0
4.85,0.57,2.24,1.67,-2.26,-2.22,3.61,1.07,1,0,0
-1.61,-0.83,1.0,-0.98,0.99,-0.57,-0.63,1.4,1,0,0
2.28,-1.81,1.39,-1.34,-0.41,0.09,-0.74,2.11,1,0,0
-0.88,-2.2,-1.09,1.21,3.04,-0.22,-2.6,0.35,1,0,0
-0.37,-2.52,0.24,0.41,3.53,-0.52,-1.3,0.77,1,0,0
1.04,2.2,0.51,3.49,-0.44,-1.64,2.13,-2.27,1,0,0
-0.67,-1.65,-0.66,0.35,3.84,0.44,-3.05,1.94,1,0,0
1.83,0.94,1.62,-1.22,-2.09,-0.76,2.5,1.1,1,0,0
1.96,1.75,0.9,4.04,-0.09,-1.22,-0.22,-0.61,1,0,0
-1.48,0.68,-2.95,-1.96,1.03,-0.4,-0.32,1.47,1,0,0
2.9,1.48,0.99,-2.74,-3.78,0.73,2.9,0.55,1,0,0
1.26,2.17,-2.36,1.1,-0.18,0.06,-2.79,2.42,1,0,0
-2.51,1.76,0.11,2.97,2.49,0.63,-0.44,-3.65,1,0,0
-0.77,0.2,-1.98,-1.54,0.29,-0.8,0.06,0.79,1,0,0
2.02,-1.22,1.02,0.56,-0.46,0.31,-2.48,0.7,1,0,0
0.06,-0.78,0.36,-2.9,-0.66,-0.95,0.45,2.58,1,0,0
2.88,2.8,0.21,-0.17,-4.1,1.21,1.18,-0.84,1,0,0
1.18,3.81,-1.61,0.73,-1.29,0.08,0.76,-0.34,1,0,0
-0.69,0.66,1.83,-1.3,0.03,-0.42,0.25,0.93,1,0,0
1.23,-0.92,-1.6,1.88,1.87,1.14,-3.38,0.47,1,0,0
1.17,0.53,-1.04,-0.07,0.55,0.93,-1.56,1.16,1,0,0
2.33,1.73,1.57,0.63,-1.88,-0.73,1.82,0.19,1,0,0
-1.08,1.95,-1.51,0.39,1.26,0.2,-2.12,1.01,1,0,0
-1.43,2.32,0.52,-2.83,-0.95,-1.38,3.8,0.02,1,0,0
0.18,1.84,-0.94,-1.7,-0.93,0.04,0.47,1.59,1,0,0
2.21,0.5,0.67,2.0,0.34,0.4,-3.38,1.46,1,0,0
2.07,0.63,0.23,3.01,0.41,-2.53,2.0,0.34,1,0,0
-1.41,2.07,1.47,-0.75,-0.49,-0.2,0.48,-0.1,1,0,0
-2.12,0.57,0.06,-0.77,1.11,2.89,-1.47,-2.26,1,0,0
1.3,0.84,-0.14,1.93,-0.64,-1.88,-0.22,1.02,1,0,0
-0.27,0.68,-0.03,-0.11,2.23,-0.19,-0.73,1.71,1,0,0
-2.02,3.32,-3.97,-1.62,0.46,1.8,-3.6,1.24,1,0,0
2.57,0.61,0.78,-1.37,-1.69,-0.07,-0.89,3.29,1,0,0
0.82,-0.07,1.42,-1.97,-0.67,0.49,-0.85,1.18,1,0,0
-0.07,-0.86,1.59,-0.9,-0.94,-2.46,2.64,0.38,1,0,0
0.58,-2.02,0.31,2.79,2.83,-0.42,-0.32,-1.01,1,0,0
-2.16,2.22,0.9,-1.49,-0.01,0.2,3.26,-2.8,1,0,0
1.75,2.7,-0.2,4.1,-0.11,-0.65,-0.33,-0.67,1,0,0
0.81,0.88,1.45,1.51,0.45,0.08,0.35,-0.89,1,0,0
-1.86,0.81,1.33,-3.67,-0.79,1.26,-0.55,0.71,1,0,0
-2.39,-1.91,-1.36,0.12,3.27,0.66,-3.19,-0.14,1,0,0
-0.43,-0.39,-0.22,-1.27,1.41,1.21,-2.09,1.26,1,0,0
3.24,3.48,-0.5,0.48,-2.52,1.19,-0.3,0.69,1,0,0
-1.45,2.44,0.28,0.63,-1.69,-0.49,0.88,-3.16,1,0,0
-1.59,2.56,-1.68,2.55,2.04,0.37,-0.14,-2.25,1,0,0
1.37,0.95,-0.09,1.13,-0.98,-1.87,0.33,1.67,1,0,0
0.17,-0.14,0.61,-1.37,1.55,-0.16,1.8,0.74,1,0,0
-0.5,0.23,-1.34,-2.3,1.28,0.74,-0.87,1.94,1,0,0
1.6,-0.03,3.78,-0.92,-1.74,0.53,1.66,-0.16,1,0,0
0.15,1.35,1.84,1.92,2.25,1.46,0.09,-1.73,1,0,0
0.79,-0.18,-0.1,0.17,0.7,-2.29,0.21,1.98,1,0,0
0.25,0.27,-0.24,1.55,1.21,0.9,-0.74,-1.2,1,0,0
1.16,0.74,1.63,-2.07,-0.75,1.11,2.21,-0.39,1,0,0
0.27,3.17,0.72,0.76,-0.2,2.54,-2.37,-0.24,1,0,0
0.6,2.49,-0.95,-1.84,-0.9,0.05,0.25,1.82,1,0,0
-2.59,1.51,0.02,-0.54,0.6,-0.33,0.41,-0.73,1,0,0
0.57,-2.28,-0.44,1.71,3.17,-0.15,-0.87,0.41,1,0,0
1.61,-0.74,-0.67,-0.99,-0.42,0.09,-1.22,1.93,1,0,0
-0.01,1.24,0.92,0.19,-0.23,-0.17,0.31,0.06,1,0,0
0.69,0.66,1.24,2.53,-0.36,-1.6,1.15,-0.8,1,0,0
-3.17,-1.36,-0.45,-0.27,5.4,0.92,-1.86,-0.1,1,0,0
-0.14,-1.55,1.41,-0.24,2.13,-0.32,-0.65,1.13,1,0,0
-1.91,-0.75,1.87,-0.65,2.15,0.12,0.82,-1.42,1,0,0
-0.15,-0.77,-1.53,2.93,2.25,-1.45,-2.1,-0.32,1,0,0
0.15,0.26,-1.0,-3.54,-0.1,0.47,1.27,0.6,1,0,0
0.59,0.95,0.88,-1.59,0.22,0.81,-1.33,1.85,1,0,0
-0.47,0.6,-1.86,-2.44,0.61,-0.6,-1.57,3.71,1,0,0
-0.43,0.25,-0.86,-0.31,0.69,2.2,-2.32,-1.0,1,0,0
-0.7,1.2,2.61,-0.24,-0.27,2.01,-0.12,-2.11,1,0,0
0.15,-1.8,3.04,2.03,1.75,-0.85,0.51,-1.58,1,0,0
1.25,0.08,1.84,-1.09,-0.58,-1.67,2.85,1.35,1,0,0
-2.87,-0.52,-1.3,-2.49,1.46,-0.08,0.07,-0.58,1,0,0
1.78,1.47,3.5,-0.88,-2.04,-0.27,2.48,0.12,1,0,0
-1.27,0.13,-0.33,-1.03,2.29,1.28,-1.66,0.92,1,0,0
0.27,0.01,-0.61,-0.82,0.5,0.34,0.71,-0.02,1,0,0
4.64,1.32,-0.09,-2.12,-2.25,-1.2,2.41,3.76,1,0,0
2.35,-1.53,2.3,-1.17,-0.51,0.56,0.83,0.78,1,0,0
-0.57,0.96,1.04,-0.48,-0.59,-0.25,1.14,-0.94,1,0,0
-1.13,2.94,-0.55,-0.45,0.24,0.51,-1.34,1.36,1,0,0
1.78,-1.84,-0.27,-0.27,1.46,-0.09,-0.83,1.99,1,0,0
-0.72,-3.68,-2.05,0.14,3.83,-0.54,-3.74,2.13,1,0,0
1.5,1.99,2.02,1.76,-1.26,-2.65,4.06,-0.02,1,0,0
-1.95,-3.14,-1.83,-1.24,3.56,-0.86,-2.7,1.76,1,0,0
-1.71,-0.68,0.51,0.48,2.78,1.73,-2.52,-1.37,1,0,0
0.41,1.34,-1.97,-1.95,-1.2,-0.32,2.73,0.17,1,0,0
0.62,1.73,-0.86,-1.14,-1.67,-0.06,1.1,0.26,1,0,0
3.5,-0.5,1.81,1.84,-1.57,-0.86,1.92,-0.19,1,0,0
1.76,2.09,-1.91,1.58,-0.1,0.58,-2.32,1.74,1,0,0
-1.26,0.62,-3.12,-2.58,2.06,1.19,-1.81,2.37,1,0,0
-0.28,0.44,0.04,-2.4,-1.32,0.14,0.53,0.23,1,0,0
1.09,-0.15,1.15,-0.61,-0.02,-2.73,2.22,2.39,1,0,0
-0.51,0.13,1.17,-0.31,-0.18,-1.23,2.0,-1.12,1,0,0
2.77,0.65,0.74,2.63,-1.11,-3.34,1.72,1.55,1,0,0
0.34,3.3,0.47,2.07,0.54,-0.55,-1.59,1.86,1,0,0
0.15,1.65,0.24,-1.47,0.13,1.79,0.19,-0.32,1,0,0
-3.16,-1.67,-0.75,-1.55,3.18,-0.32,-1.21,0.71,1,0,0
-1.18,0.96,0.61,-1.58,0.72,0.55,-0.18,0.57,1,0,0
0.92,0.53,0.66,0.36,0.56,1.56,-2.82,1.23,1,0,0
1.29,-0.81,1.39,-1.12,-0.24,-0.18,0.13,0.97,1,0,0
1.99,-1.4,0.91,1.95,-0.16,-1.66,-0.38,0.27,1,0,0
1.71,0.6,0.09,4.69,1.52,-0.72,-1.72,-0.24,1,0,0
-1.91,2.12,0.99,2.19,1.22,-0.03,-2.2,-0.83,1,0,0
0.42,-0.86,-1.24,-0.83,1.2,-0.03,-1.79,2.01,1,0,0
-1.67,0.92,0.64,1.34,3.03,-1.06,-0.19,0.15,1,0,0
-0.69,1.49,-0.27,-0.72,0.31,1.15,-0.95,-0.28,1,0,0
-0.91,0.66,1.04,-0.16,0.22,0.57,0.08,-1.12,1,0,0
-1.48,-0.9,0.19,1.48,1.61,1.01,-0.18,-3.49,1,0,0
-1.71,-1.28,-2.01,-0.86,2.75,0.68,-2.85,0.71,1,0,0
-0.65,-1.92,-2.1,0.57,2.53,-2.27,-0.66,1.6,1,0,0
-0.04,0.48,-0.45,-0.01,0.37,-0.74,-0.17,0.18,1,0,0
-1.33,2.79,-2.03,-2.65,-1.12,0.68,-1.02,1.37,1,0,0
-0.2,4.66,0.19,0.5,-1.22,0.74,-0.23,-1.14,1,0,0
-0.98,1.97,0.53,-3.24,-2.33,-1.17,4.62,-0.81,1,0,0
-1.97,-2.46,-1.12,0.93,2.82,-0.58,-1.03,-1.48,1,0,0
-0.69,-1.88,1.33,-2.34,1.39,-0.17,1.32,0.84,1,0,0
-0.94,-0.28,0.49,0.57,2.02,-0.89,0.37,-0.25,1,0,0
-0.75,-0.61,0.54,-2.78,-0.32,-1.53,1.35,1.38,1,0,0
-0.08,1.65,0.58,5.34,1.92,0.91,-4.75,-1.36,1,0,0
0.11,-0.1,0.64,0.55,1.13,-0.18,-0.1,0.23,1,0,0
-1.03,-0.35,-0.13,-0.25,3.11,1.1,-0.91,-0.43,1,0,0
-0.84,0.54,-1.24,0.27,1.74,1.26,-1.87,0.58,1,0,0
-1.01,-0.78,-1.44,-0.74,1.58,-0.4,-0.86,0.31,1,0,0
1.54,2.99,-2.01,0.65,-2.04,-1.85,2.19,0.71,1,0,0
1.46,0.18,2.11,-0.09,-0.09,-1.01,2.26,0.62,1,0,0
0.48,-1.39,-1.52,0.01,1.43,-0.7,-1.52,1.56,1,0,0
-1.19,1.36,-2.47,1.84,3.32,1.0,-2.86,-0.38,1,0,0
1.35,1.14,1.54,0.33,-0.92,-0.69,2.68,-0.8,1,0,0
1.08,-0.62,2.45,-1.08,-0.28,-1.13,1.92,0.9,1,0,0
1.35,1.58,1.29,1.23,-2.04,-0.93,2.77,-1.73,1,0,0
-2.14,-0.69,-1.63,-1.28,1.92,2.21,-3.47,-1.11,1,0,0
0.53,2.92,1.16,-1.85,-2.12,0.97,1.09,0.16,1,0,0
-1.12,3.37,-0.56,-2.0,0.04,1.41,2.24,-1.32,1,0,0
1.67,0.55,1.4,-1.12,-1.79,0.43,1.4,0.04,1,0,0
2.95,-1.44,-0.99,1.72,-0.31,-1.78,-1.18,1.66,1,0,0
0.5,1.45,-2.65,-1.58,-1.13,0.89,-1.03,1.1,1,0,0
0.99,-2.42,-0.21,1.71,1.89,-0.09,-2.45,0.52,1,0,0
-1.2,4.11,2.02,2.77,-0.5,-1.38,2.2,-2.3,1,0,0
-1.92,0.18,-0.27,-1.71,0.58,-1.17,0.95,0.98,1,0,0
-0.71,0.14,1.44,0.92,1.79,0.68,0.97,-2.1,1,0,0
2.41,1.28,1.4,-0.4,-2.76,-2.07,3.8,0.72,1,0,0
-3.34,-2.0,0.07,-1.73,3.45,-0.69,0.18,-0.08,1,0,0
0.47,0.79,0.51,-3.27,-1.5,0.68,0.72,1.79,1,0,0
0.73,1.6,1.49,0.89,-1.76,-1.24,2.24,-1.67,1,0,0
0.47,0.26,2.36,2.49,0.21,-0.48,1.08,-2.51,1,0,0
-0.12,2.48,0.17,1.12,-0.56,0.4,0.74,-1.79,1,0,0
-3.32,-1.11,-0.98,0.27,3.92,1.24,-2.87,-1.02,1,0,0
-1.65,-0.77,-1.83,-3.54,1.9,1.12,-0.76,1.25,1,0,0
-0.21,-2.3,1.22,-2.7,-0.69,-0.36,-0.32,0.88,1,0,0
-0.28,0.21,-0.61,2.2,1.55,1.65,-3.83,-0.72,1,0,0
-2.36,0.45,-0.8,-2.04,0.7,-0.63,0.24,-0.12,1,0,0
2.99,2.14,1.02,2.54,-2.29,-1.42,0.39,0.76,1,0,0
0.41,-1.32,-0.52,-0.3,1.06,-1.65,1.59,0.9,1,0,0
0.98,-0.97,-0.38,1.28,0.59,-0.13,-0.13,-0.25,1,0,0
-1.53,1.38,-3.07,-1.25,1.82,1.01,-2.55,1.05,1,0,0
0.63,-0.08,2.83,0.22,-1.27,-2.61,2.32,0.19,1,0,0
1.16,-0.0,2.95,-1.51,0.11,1.12,0.12,1.08,1,0,0
-2.04,3.13,-0.56,0.56,0.84,3.32,-3.86,-1.66,1,0,0
-0.77,4.12,-0.43,-2.05,-2.67,-0.38,2.17,-0.12,1,0,0
1.91,-0.39,1.03,-1.01,-1.31,0.93,0.38,-0.17,1,0,0
0.85,1.46,0.28,-0.2,-1.86,0.35,1.67,-1.59,1,0,0
-1.86,0.88,0.62,-2.32,-0.58,0.9,1.75,-2.46,1,0,0
0.38,1.41,-1.29,2.64,1.45,-1.12,-1.5,0.91,1,0,0
2.26,1.58,0.64,1.1,-1.93,-1.36,0.35,1.3,1,0,0
-0.23,-1.13,-1.62,0.74,1.64,-0.68,-0.33,0.08,1,0,0
1.71,2.47,0.94,-0.94,-3.15,-0.29,2.21,0.87,1,0,0
-0.12,-0.96,0.33,-0.46,1.59,1.25,-1.9,-0.01,1,0,0
-1.34,1.89,-0.44,-1.64,0.72,0.59,-0.15,0.77,1,0,0
-0.96,-0.73,-1.31,-0.47,2.04,-0.58,-1.47,1.54,1,0,0
3.39,1.98,-1.32,0.15,-2.9,0.15,0.45,0.61,1,0,0
-0.44,-0.03,1.89,2.15,1.07,0.52,1.09,-3.79,1,0,0
0.24,1.42,-3.23,2.25,1.73,-0.78,-0.93,0.62,1,0,0
0.15,2.76,-0.47,-1.04,-1.93,0.3,0.56,0.1,1,0,0
1.14,-1.72,1.1,-2.26,-1.32,-1.7,2.39,1.68,1,0,0
-0.23,0.98,1.94,0.51,-0.63,0.39,2.95,-3.41,1,0,0
1.54,2.23,-0.83,-1.35,-1.6,-1.26,4.08,0.06,1,0,0
0.56,-1.11,-1.36,-1.33,1.06,0.58,-1.49,1.26,1,0,0
0.28,2.84,-3.67,-2.17,0.39,2.9,-0.61,0.35,1,0,0
-0.58,-1.16,0.41,2.13,2.75,-0.97,-1.66,0.54,1,0,0
1.36,2.3,1.45,0.87,-1.64,-0.2,2.37,-1.41,1,0,0
-0.11,0.55,0.94,-0.74,-1.08,-1.02,2.1,-0.77,1,0,0
2.07,3.91,-0.98,0.79,-2.0,-1.11,0.61,1.32,1,0,0
-2.56,1.59,-1.36,-1.05,1.43,0.83,-0.88,-0.79,1,0,0
-0.54,1.99,1.24,0.5,-0.78,1.77,0.18,-2.27,1,0,0
-0.12,2.72,-2.29,-0.04,-0.47,1.88,-2.06,-0.28,1,0,0
2.38,-3.24,1.32,-1.59,0.65,-1.19,2.31,1.55,1,0,0
1.31,-0.35,-0.34,3.46,1.28,0.93,-3.86,0.31,1,0,0
0.33,-1.17,-2.12,-1.83,0.86,0.84,-0.98,1.5,1,0,0
0.98,0.53,-2.28,0.22,1.06,-1.43,-0.03,2.62,1,0,0
0.99,-2.09,-0.68,-0.05,2.01,-0.94,-2.04,2.86,1,0,0
-0.26,0.4,-0.6,0.94,0.51,1.45,-2.01,-1.08,1,0,0
-0.46,2.03,0.07,-0.69,-0.4,0.68,2.07,-1.77,1,0,0
1.27,-2.34,1.61,-0.55,2.23,-0.94,-0.42,2.7,1,0,0
1.63,0.6,0.61,0.58,-3.08,-1.32,2.81,-1.49,1,0,0
1.07,-0.51,1.45,1.22,0.27,-0.28,0.32,-0.48,1,0,0
1.78,-1.87,0.65,0.62,-0.71,-1.76,1.7,0.25,1,0,0
0.97,1.14,-0.88,-1.05,-1.0,-0.52,0.76,0.88,1,0,0
1.7,3.65,0.8,0.25,-1.68,0.6,1.25,0.23,1,0,0
0.93,2.28,-3.5,-0.4,0.66,1.01,-1.66,2.08,1,0,0
-0.72,0.41,-4.39,-0.34,2.24,1.78,-4.34,1.39,1,0,0
0.86,1.38,1.13,0.88,-0.77,-0.82,1.65,-0.75,1,0,0
0.44,2.35,-0.38,1.01,-1.07,-2.04,2.05,0.71,1,0,0
-0.37,-0.65,0.83,-1.72,-1.1,-1.67,2.01,1.03,1,0,0
2.08,1.45,1.34,-0.06,-1.11,-1.6,2.32,1.0,1,0,0
1.91,4.41,-0.29,4.26,-0.02,-0.03,-0.38,-1.01,1,0,0
2.06,0.73,1.27,-1.55,-0.83,1.55,-0.22,1.11,1,0,0
1.37,1.89,-2.79,-1.12,0.67,0.97,-1.08,3.01,1,0,0
1.03,-1.17,-1.79,-0.72,1.02,-1.56,-0.08,2.66,1,0,0
0.32,2.19,-3.92,0.87,0.16,-2.44,-0.22,2.59,1,0,0
-0.01,-0.93,-1.04,0.17,1.2,-0.7,-0.61,0.21,1,0,0
-1.77,1.36,-1.61,2.89,2.28,4.0,3.21,-2.35,2,0,0
0.33,3.83,-0.62,0.2,-0.23,2.87,1.01,-1.8,2,0,0
-1.43,1.02,0.53,0.72,1.86,0.87,0.2,-2.22,2,0,0
0.5,0.93,-0.3,-1.05,-2.56,-1.59,-0.68,-1.91,2,0,0
0.99,-0.12,1.91,0.98,1.2,-0.62,-1.71,-1.03,2,0,0
-0.4,-0.4,-4.02,-1.9,-5.52,-4.47,1.93,-3.56,2,0,0
-0.19,1.61,-2.38,-2.51,-4.64,-3.03,0.56,0.61,2,0,0
-1.18,1.6,-3.12,-1.95,-1.64,0.25,2.58,1.21,2,0,0
-0.12,0.53,1.27,-0.01,1.59,0.06,-0.91,-2.32,2,0,0
-1.77,0.94,-1.91,1.1,0.86,3.9,2.94,-2.57,2,0,0
-0.7,2.02,-1.17,-2.18,-2.03,-1.37,0.25,1.36,2,0,0
0.02,0.19,0.39,-1.34,-0.98,-3.25,-1.3,-0.1,2,0,0
1.07,-0.6,-0.69,-2.88,-2.02,-2.18,-0.58,-0.28,2,0,0
0.7,1.67,3.35,1.4,2.09,0.91,-2.69,4.54,2,0,0
0.46,-0.18,3.01,1.8,1.06,-0.78,-2.72,-0.83,2,0,0
-0.6,-1.08,0.27,2.49,2.34,0.58,0.72,-6.59,2,0,0
0.54,-0.65,0.65,-0.15,0.68,-0.99,-0.71,-3.51,2,0,0
0.33,0.3,1.42,1.32,-1.03,0.02,-1.52,-0.32,2,0,0
1.07,1.66,0.95,-0.96,-0.76,-0.52,-1.44,2.13,2,0,0
-0.27,3.84,1.88,1.62,2.74,4.45,-0.38,0.12,2,0,0
-0.15,2.36,2.02,2.62,2.4,2.93,-0.74,0.54,2,0,0
0.14,1.81,0.39,0.15,0.69,1.98,0.03,1.54,2,0,0
-0.71,-0.72,-0.64,-1.98,-0.39,-1.67,0.07,-1.42,2,0,0
1.52,0.4,1.09,0.91,1.15,1.1,-0.69,-0.29,2,0,0
0.51,-0.17,-2.22,-1.2,-2.42,-0.52,1.41,-2.78,2,0,0
-0.79,0.83,0.42,1.45,0.39,0.32,-0.04,-2.57,2,0,0
-0.3,-2.71,-1.04,0.38,-1.09,-0.96,0.68,-0.6,2,0,0
-1.58,0.81,-1.74,-0.07,-1.31,-0.44,1.46,-0.54,2,0,0
-0.05,0.86,0.57,-0.27,1.83,0.41,-0.13,-3.23,2,0,0
1.04,0.98,-4.4,-3.66,-4.13,-1.17,2.72,0.71,2,0,0
2.66,-1.43,1.18,0.15,-1.49,-2.36,-2.08,0.09,2,0,0
1.93,0.17,3.09,-0.38,0.14,-1.21,-3.47,0.28,2,0,0
-0.2,-0.36,-1.76,-1.72,-1.18,-0.37,1.2,-1.19,2,0,0
-0.41,-0.82,-2.76,-1.33,-1.91,-0.45,2.07,0.64,2,0,0
0.94,-2.27,-0.83,-1.17,-0.71,-1.88,0.15,-3.9,2,0,0
0.55,0.49,0.01,-0.36,-1.84,-0.57,-0.61,-1.2,2,1,1
-0.31,1.02,-2.62,-2.37,-2.66,-1.04,1.56,0.34,2,0,0
2.21,1.78,3.41,0.79,0.87,0.13,-3.31,3.07,2,0,0
-0.12,1.76,-0.82,-1.9,-0.24,0.18,0.55,-2.18,2,0,0
-0.18,-0.85,-3.76,-3.66,-4.57,-2.56,1.84,0.98,2,0,0
-1.55,0.42,-1.58,-0.76,1.19,1.45,2.05,-1.7,2,0,0
0.3,0.23,0.01,0.95,-0.69,-0.85,-0.21,-1.44,2,0,0
0.57,-0.35,0.15,-0.5,-1.96,-1.49,-0.94,-0.95,2,0,0
0.63,3.3,-0.53,-1.63,-1.22,-0.24,-0.05,-0.14,2,0,0
-0.2,1.46,2.31,1.6,0.98,0.72,-1.78,-0.64,2,0,0
0.82,1.63,1.97,1.19,1.69,2.61,-1.15,0.7,2,0,0
-0.4,2.63,0.56,0.54,0.14,1.65,-0.23,1.46,2,0,0
-3.21,-0.22,-1.94,2.77,1.41,0.27,2.9,-4.53,2,0,0
1.2,2.65,2.59,-1.16,0.85,0.3,-2.66,3.74,2,0,0
1.57,1.77,-1.53,-4.07,-4.89,-2.7,-0.65,3.15,2,0,0
-0.3,-0.15,-2.13,-1.06,-0.64,-0.81,1.73,-0.97,2,0,0
-0.43,-2.18,-3.54,-2.69,-3.05,-3.49,2.01,-3.42,2,0,0
-0.07,-4.19,-1.05,-0.96,-0.22,-3.31,0.38,-5.42,2,0,0
1.06,-1.27,-2.16,-0.81,-1.76,1.03,1.68,0.36,2,0,0
0.18,3.34,0.53,1.08,-1.04,0.26,-0.61,0.73,2,0,0
-0.89,2.89,0.59,0.41,0.75,1.86,-0.03,-1.39,2,0,0
0.36,-0.14,1.23,0.95,-1.8,-2.71,-1.95,-2.24,2,0,0
0.69,1.0,2.45,1.42,1.31,-0.65,-2.14,-0.99,2,0,0
-0.58,1.39,-2.21,-1.19,-0.64,1.26,2.12,-0.47,2,0,0
-1.42,2.1,-0.44,0.78,-0.02,1.68,0.89,-1.89,2,0,0
-1.04,2.85,1.76,1.65,1.32,0.38,-1.11,-3.07,2,0,0
1.87,-1.39,-2.52,-4.53,-4.76,-3.29,0.15,4.75,2,0,0
-1.26,-2.32,-1.49,-0.5,-0.32,-3.27,0.96,-5.62,2,0,0
0.41,2.1,-4.94,-4.73,-4.45,-1.74,3.04,-0.8,2,0,0
-0.78,2.47,-1.94,-0.16,-1.15,1.37,1.93,-2.92,2,0,0
1.14,-2.74,-0.41,-2.78,-1.81,-4.59,-1.15,-2.07,2,0,0
-0.35,3.91,-1.7,-1.33,-2.33,0.82,1.13,2.12,2,0,0
-0.03,2.45,0.84,-1.57,-0.17,0.12,-1.08,0.4,2,0,0
0.64,1.58,0.44,0.88,1.5,2.1,0.28,-3.37,2,0,0
0.77,-2.0,-0.19,0.0,0.11,-1.09,-0.03,-2.28,2,0,0
-2.0,4.26,-1.13,0.45,-0.46,3.02,1.65,2.04,2,0,0
0.6,1.23,0.56,0.53,1.33,1.79,-0.02,0.75,2,0,0
-0.02,1.28,0.8,1.99,0.79,1.01,-0.23,-1.71,2,0,0
1.78,3.1,2.34,2.72,1.75,2.73,-1.32,-1.32,2,0,0
-0.27,1.57,1.74,0.98,0.75,-0.59,-1.53,-1.4,2,0,0
-1.41,1.39,-2.35,-0.93,0.29,1.17,2.55,-0.99,2,0,0
0.4,-0.25,0.06,-2.27,-1.66,-2.04,-1.12,1.56,2,0,0
-0.31,0.89,-0.44,0.78,1.32,2.22,1.17,-2.22,2,0,0
0.57,0.62,2.13,1.12,1.78,2.28,-1.34,0.17,2,0,0
0.06,2.21,1.69,0.54,0.29,-0.41,-1.64,-0.01,2,0,0
0.87,0.7,-0.8,0.28,1.54,2.81,1.5,-0.43,2,0,0
0.28,-0.04,-0.58,0.66,0.41,1.24,0.9,-0.88,2,0,0
0.51,0.76,-0.04,-2.17,-1.55,-1.64,-0.92,1.46,2,0,0
1.19,-0.87,-0.87,-0.71,-2.45,-1.64,-0.11,-2.29,2,0,0
-0.59,2.97,0.18,-0.37,-0.21,0.75,-0.16,1.45,2,0,0
1.26,-2.13,-2.12,-2.94,-2.53,-2.33,0.69,-0.71,2,0,0
-0.13,0.34,0.07,-0.61,-1.28,-2.69,-0.85,-0.5,2,0,0
-0.66,-0.13,-2.71,-0.65,-0.93,1.12,2.63,-2.8,2,0,0
0.49,0.9,-0.14,-1.02,-3.49,-2.74,-1.23,-0.69,2,0,0
0.93,0.28,2.21,1.07,1.04,0.16,-1.88,-3.39,2,0,0
1.04,0.73,3.2,1.45,1.69,0.02,-2.73,-0.32,2,0,0
0.95,0.3,-1.75,-4.42,-5.0,-3.93,-0.64,1.43,2,0,0
0.49,-0.17,0.04,-2.55,-3.02,-3.05,-1.57,0.76,2,0,0
0.29,2.3,1.92,1.6,3.97,3.05,-0.43,0.26,2,0,0
-0.26,3.21,-0.36,-1.25,-1.58,0.41,-0.08,-0.22,2,0,0
-0.09,1.42,-1.12,-2.15,-0.85,-1.79,0.43,-5.39,2,0,0
0.63,0.3,0.17,-1.49,0.54,-0.84,-0.44,-1.34,2,0,0
0.35,0.68,-2.04,-1.19,-3.1,-1.69,0.89,-0.23,2,0,0
-0.12,1.49,-0.38,0.81,-1.49,-0.17,0.15,-3.82,2,0,0
-0.45,-1.04,-3.3,-3.4,-2.9,-3.67,1.7,-4.16,2,0,0
1.06,0.6,0.03,0.37,0.44,0.83,0.11,1.48,2,0,0
-0.7,-0.36,-1.54,-1.66,-2.31,-2.33,0.5,-2.25,2,0,0
1.65,1.2,0.08,1.45,-2.15,-0.02,-0.52,0.06,2,0,0
0.18,1.33,-0.24,-1.11,-1.8,-0.07,-0.35,-0.07,2,0,0
0.06,-2.29,-1.1,-1.39,0.16,-1.02,0.76,-0.98,2,0,0
2.26,0.21,-0.11,-1.98,-2.69,-2.89,-1.38,0.47,2,0,0
0.42,-0.74,-0.39,0.19,-0.06,1.11,0.48,0.56,2,0,0
-1.48,0.02,-3.13,-0.95,-1.09,-0.05,2.86,-2.63,2,0,0
1.1,2.48,1.2,-0.06,-1.1,0.51,-1.5,2.68,2,0,0
0.49,0.91,2.63,2.63,2.19,1.73,-1.6,-1.55,2,0,0
-0.57,1.43,-1.78,-0.58,-0.75,-0.35,1.51,-1.65,2,0,0
-0.34,3.24,1.2,-0.19,0.66,1.16,-0.9,-0.4,2,0,0
-0.32,1.67,-0.95,-1.03,-1.05,-0.82,0.45,0.54,2,0,0
-1.0,2.5,-3.01,-2.87,-1.47,1.4,2.54,2.71,2,0,0
0.46,0.08,-2.76,-1.93,-2.01,-1.25,1.83,-1.89,2,0,0
-0.69,1.43,-2.54,-1.88,-4.42,-3.41,0.87,-2.83,2,0,0
-0.1,-0.89,-4.53,-4.73,-5.6,-4.07,2.03,0.17,2,0,0
0.27,-1.3,-0.39,-0.97,-0.16,-0.44,0.09,0.99,2,0,0
1.9,1.57,2.08,0.45,0.03,0.28,-2.15,1.61,2,0,0
0.82,-1.06,1.34,2.94,1.34,0.13,-0.7,-4.89,2,0,0
0.17,0.41,-0.58,-1.44,-0.47,-0.31,0.2,-0.87,2,0,0
-0.94,-1.08,-1.3,0.06,-0.19,0.47,1.37,-1.53,2,0,0
0.42,-0.9,-0.23,-1.32,-2.19,-3.05,-0.94,-1.04,2,0,0
0.7,-1.5,-0.15,0.73,0.61,-1.4,0.12,-4.19,2,0,0
-0.11,2.29,2.29,1.28,3.16,3.02,-1.01,1.17,2,0,0
1.57,0.68,4.4,3.27,2.77,1.85,-3.23,-0.68,2,0,0
0.28,0.88,-1.9,-0.02,0.03,1.37,2.06,-1.35,2,0,0
2.4,-2.6,1.42,0.6,1.06,-1.13,-1.52,0.81,2,0,0
-0.1,1.6,-1.29,-1.02,0.26,1.76,1.45,1.03,2,0,0
1.21,2.47,2.35,-1.33,1.29,-0.86,-2.47,0.27,2,0,0
0.07,-1.15,-1.81,-0.58,-2.58,-2.04,0.8,0.27,2,0,0
0.01,1.46,-1.59,-1.94,-1.96,-1.15,0.73,-1.68,2,0,0
2.6,-1.27,-1.76,-2.28,-4.42,-2.69,-0.17,1.87,2,0,0
-0.84,2.65,-1.63,-0.55,-1.67,1.08,1.37,1.12,2,0,0
-1.0,4.02,-0.31,-1.76,-0.59,0.51,0.07,1.84,2,0,0
1.65,-1.41,-0.94,-2.02,-2.06,-1.7,-0.21,0.6,2,0,0
0.65,0.79,-1.63,0.46,0.81,1.94,2.07,-0.46,2,1,1
-0.51,0.59,-0.76,-1.04,-0.18,-1.15,0.45,-2.09,2,0,0
1.86,-1.58,-4.01,-3.5,-4.22,-2.6,2.06,-0.58,2,0,0
1.05,2.59,1.77,-0.48,0.32,0.84,-1.76,2.82,2,0,0
0.48,1.14,-2.55,-2.61,-6.13,-4.26,0.16,0.52,2,0,0
-1.66,-0.99,-2.7,-0.66,0.9,0.92,3.04,-2.54,2,0,0
1.55,1.15,1.29,-0.14,-0.84,0.58,-1.58,2.35,2,0,0
-1.43,2.13,0.27,1.1,1.12,0.47,0.33,-4.98,2,0,0
-0.42,-1.57,0.99,-0.44,-1.06,-3.2,-1.75,-2.48,2,0,0
1.61,0.67,-0.49,-0.31,-2.85,-1.13,-0.52,1.96,2,0,0
2.21,0.58,4.58,1.42,2.64,0.54,-3.94,1.5,2,0,0
-0.07,0.15,-0.89,-2.64,-2.15,-2.03,-0.24,-2.19,2,0,0
0.22,0.89,-3.2,-1.66,-2.69,0.01,2.35,-0.32,2,0,0
0.45,-0.73,-2.06,-2.41,-2.48,-1.78,0.82,3.33,2,0,0
0.22,1.5,-1.32,-0.21,-0.04,3.32,1.73,-0.1,2,0,0
0.12,-0.49,-0.46,0.13,1.18,-0.17,0.66,-0.32,2,0,0
1.44,0.81,0.58,0.59,-0.46,0.82,-0.61,0.19,2,0,0
0.74,-1.85,-1.02,-0.41,-1.5,-2.62,0.16,-1.23,2,0,0
-0.01,1.11,0.66,1.07,2.69,2.3,0.42,-2.96,2,0,0
-0.99,-0.43,-2.79,-2.13,-3.06,-2.74,1.46,0.23,2,0,0
1.65,1.84,-0.12,-1.71,-3.67,-1.7,-1.35,3.56,2,0,0
-1.1,0.59,-1.57,-0.4,-0.32,0.76,1.63,-2.6,2,0,0
0.54,-1.09,-1.09,-0.86,-0.35,-1.91,0.54,-1.31,2,0,0
1.43,-2.15,-0.38,-1.27,-0.86,-1.95,-0.42,-0.09,2,0,0
1.82,-1.7,-0.54,0.16,-0.76,-0.24,0.19,-0.92,2,0,0
1.73,2.12,1.84,1.3,-0.38,0.63,-1.83,1.86,2,0,0
-0.6,1.7,1.07,0.86,0.93,1.05,-0.59,0.58,2,0,0
-1.25,2.26,0.01,-2.8,-0.57,-1.5,-0.63,-1.89,2,0,0
-0.66,3.14,-0.21,-0.57,-0.22,-0.41,0.1,-3.03,2,0,0
1.57,-1.36,-0.7,-1.62,-2.41,-3.42,-0.71,-1.11,2,0,0
0.89,-0.11,0.34,0.08,0.07,-0.55,-0.49,-0.44,2,0,0
0.04,2.43,1.13,0.39,-1.48,-0.1,-1.45,0.43,2,0,0
0.66,-0.09,2.15,3.1,0.82,0.12,-1.6,-1.93,2,0,0
0.34,-0.76,1.27,-0.22,0.44,-1.37,-1.47,-0.74,2,1,1
2.02,-1.94,2.83,3.11,3.05,1.75,-1.67,-1.5,2,0,0
-0.07,-0.61,-1.66,-0.55,-0.71,-0.2,1.37,-1.04,2,0,0
-1.93,0.26,-0.74,0.52,-0.42,0.24,0.88,-1.82,2,0,0
2.0,0.75,1.49,-1.79,-3.02,-3.99,-3.17,0.02,2,0,0
0.12,2.04,-1.76,-1.44,-0.11,0.71,1.64,-1.78,2,0,0
0.57,1.07,0.58,-0.52,-0.64,-0.15,-0.89,0.63,2,0,0
1.86,-0.52,0.79,-1.73,-3.42,-5.18,-2.71,-0.52,2,0,0
0.21,-1.18,-0.94,0.04,-0.96,-2.19,0.39,-3.89,2,0,0
1.45,0.74,1.88,2.72,0.42,0.08,-1.51,-4.24,2,0,0
-0.29,-0.76,-0.82,0.34,1.5,2.14,1.48,0.3,2,1,1
-0.25,0.39,-0.44,-1.43,-0.63,-0.94,-0.04,-0.03,2,0,0
1.02,1.74,0.72,-0.55,0.29,0.85,-0.71,1.38,2,0,0
1.18,2.32,3.29,-1.04,0.48,-0.58,-3.52,0.81,2,0,0
0.85,-0.97,4.71,4.32,5.18,2.89,-2.66,-1.44,2,0,0
-0.19,0.32,3.45,2.29,1.46,-0.21,-2.86,-2.07,2,0,0
0.99,-0.27,1.35,0.17,1.17,1.22,-1.04,2.82,2,0,0
-0.71,0.29,-1.82,-2.39,-1.41,-1.86,0.94,-0.63,2,0,0
1.3,1.89,-0.9,-1.28,-3.08,-1.43,-0.26,-0.66,2,0,0
1.16,0.03,4.37,2.65,1.55,0.08,-3.77,-1.48,2,0,0
0.4,-0.35,-0.96,-0.88,0.38,1.1,1.02,0.45,2,0,0
1.43,0.32,0.89,-0.49,-0.16,-0.02,-1.15,0.45,2,0,0
0.88,0.01,-1.37,-0.76,-1.3,1.31,1.09,-1.0,2,1,1
-0.52,-0.82,-1.56,-0.92,-0.07,-0.53,1.38,-3.49,2,0,0
1.88,1.6,2.09,1.64,1.51,2.72,-1.33,2.31,2,0,0
0.55,-0.71,0.72,0.94,1.45,2.56,0.02,-0.12,2,0,0
0.12,2.33,0.15,-0.93,0.27,1.01,-0.09,-0.05,2,0,0
-1.99,-0.29,-4.5,-1.52,-3.68,-0.97,3.47,-1.36,2,0,0
-0.17,2.49,1.24,2.56,1.47,2.46,-0.2,-2.31,2,0,0
1.62,2.81,-0.01,-2.57,-3.46,-1.66,-1.49,2.36,2,0,0
-0.09,0.98,-2.02,-1.06,-2.96,-1.11,1.04,-0.09,2,0,0
-0.04,2.94,0.68,2.27,1.84,4.44,0.66,0.23,2,0,0
-0.41,2.53,1.67,1.46,0.87,1.65,-1.03,0.25,2,0,0
3.25,-0.25,-0.58,-3.48,-3.51,-2.8,-1.39,4.71,2,0,0
2.91,-0.75,2.39,-0.63,0.22,-0.29,-2.76,3.31,2,0,0
0.56,-1.04,2.18,0.56,1.1,-1.71,-2.17,-3.31,2,0,0
-0.21,-0.22,2.29,2.59,1.63,0.26,-1.55,-2.33,2,0,0
1.0,1.4,-1.31,-4.18,-3.39,-1.88,-0.41,4.68,2,0,0
-1.97,1.38,0.92,2.88,2.83,3.31,0.72,-2.88,2,0,0
1.21,1.04,-0.13,-2.45,-1.26,-1.08,-0.77,1.47,2,0,0
0.79,1.79,-0.19,-1.33,-0.51,0.27,-0.16,2.22,2,0,0
-0.04,0.99,2.15,2.26,3.36,1.9,-0.83,-2.04,2,0,0
0.91,0.91,0.47,0.11,1.61,1.82,0.08,-1.23,2,0,0
-0.85,0.16,1.53,0.61,1.0,-1.24,-1.39,-0.87,2,0,0
0.17,0.17,-2.91,-3.34,-2.54,-1.7,1.6,1.0,2,0,0
-0.42,0.9,-0.26,0.34,0.26,1.59,0.6,0.15,2,0,0
1.11,-0.25,1.81,0.75,-0.56,0.05,-1.96,1.31,2,0,0
0.62,1.63,-1.79,-2.73,-1.64,-0.59,0.93,-1.63,2,0,0
-1.0,2.76,0.79,1.09,0.8,1.99,-0.12,0.33,2,0,0
-1.42,1.51,-2.3,-2.04,-2.46,-1.91,1.27,1.23,2,0,0
1.43,2.95,-0.35,-3.12,-2.99,-0.11,-0.92,6.01,2,0,0
-0.23,0.54,1.72,0.01,-0.92,-0.72,-2.02,-2.15,2,0,0
1.82,-1.1,0.92,-0.7,-0.24,-0.93,-1.37,-1.08,2,0,0
-0.56,-0.76,-0.87,-1.07,-2.48,-3.18,-0.26,-2.86,2,0,0
-0.88,2.0,-0.64,-0.32,1.67,2.65,1.42,-2.16,2,0,0
-0.59,-0.01,-0.63,0.81,0.85,0.27,1.01,-3.51,2,0,0
-0.13,-0.23,1.59,0.22,0.81,-1.2,-1.57,-1.47,2,0,0
1.15,-1.14,0.06,-0.57,1.2,0.88,0.14,-0.01,2,0,0
0.58,-1.35,-1.35,-2.0,-2.07,-2.75,0.12,0.74,2,0,0
1.43,-0.3,-3.24,-3.35,-4.77,-3.48,1.09,-0.18,2,0,0
-1.39,0.48,-1.78,-1.02,-1.99,-1.27,1.13,-3.54,2,0,0
0.82,-0.12,-1.18,-0.01,-2.83,-1.36,0.25,0.69,2,0,0
-1.23,1.75,-4.01,-2.97,-4.68,-2.45,2.27,1.46,2,0,0
-0.55,0.14,-1.58,-2.63,-2.25,-2.49,0.37,0.55,2,0,0
0.37,0.82,-3.37,-2.85,-3.87,-1.96,1.8,-0.58,2,0,0
0.26,0.92,-0.0,1.22,-0.09,1.06,0.27,-1.19,2,0,0
0.26,2.02,-2.24,-1.24,0.13,3.78,2.6,1.48,2,0,0
-0.41,4.09,3.76,2.11,5.01,4.66,-1.66,-0.11,2,0,0
0.03,1.57,-2.2,-1.04,-1.96,0.47,1.67,-0.29,2,0,0
0.05,2.02,3.33,0.09,0.3,-2.87,-3.69,-1.96,2,0,0
-0.21,-2.75,-2.11,-0.9,0.04,-1.66,1.79,-6.45,2,0,0
0.48,-0.06,0.42,0.58,-1.01,-1.8,-0.9,-0.61,2,0,0
1.14,-1.87,1.26,-1.1,-0.3,-3.19,-2.06,-1.57,2,0,0
1.04,-0.62,3.2,-0.17,-0.09,-3.6,-3.89,-0.65,2,0,0
1.73,0.2,2.92,1.93,2.17,1.34,-2.15,0.05,2,0,0
0.15,3.64,1.79,3.05,1.24,3.22,-0.67,0.27,2,0,0
0.61,1.21,1.34,0.63,0.79,0.52,-1.07,0.36,2,0,0
0.77,1.47,-0.8,1.32,-0.06,2.71,1.29,-1.35,2,0,0
-0.04,3.63,0.27,-0.76,0.42,2.37,0.05,1.21,2,0,0
0.6,-0.32,-0.92,-0.55,-3.01,-1.55,-0.11,-1.12,2,0,0
-0.13,0.15,-3.29,-2.94,-4.99,-2.45,1.38,2.6,2,0,0
-0.67,-0.4,-2.63,-0.82,-2.16,-0.93,1.92,-0.72,2,0,0
-0.02,3.26,-0.03,-0.17,0.68,2.21,0.5,-1.56,2,0,0
-0.44,0.39,0.51,-0.51,0.72,-0.45,-0.49,-0.41,2,0,0
-0.72,-0.97,-4.41,-2.49,-5.14,-5.73,2.13,-1.61,2,0,0
0.27,-0.27,-0.6,-0.3,-2.05,-1.42,-0.13,-3.06,2,0,0
1.23,1.59,-1.82,-2.42,-3.58,-1.89,0.34,-1.15,2,0,0
0.63,0.73,-0.4,-0.04,-1.96,-1.42,-0.3,-1.72,2,0,0
-0.25,-1.38,-2.19,0.05,-2.7,-1.5,1.38,-2.5,2,0,0
2.17,0.63,1.02,-1.46,-0.0,-0.32,-1.46,0.92,2,0,0
-1.18,3.47,2.66,2.29,3.07,3.22,-1.1,-2.2,2,0,0
-1.42,-0.86,-0.69,-1.62,-0.6,-2.91,-0.01,-1.72,2,0,0
-0.36,0.99,-3.13,0.08,-3.45,-0.14,2.33,2.02,2,0,0
1.49,-0.87,1.27,-0.38,1.33,0.08,-1.14,-2.24,2,0,0
1.41,1.44,1.04,-0.55,-1.56,-0.88,-1.69,-1.79,2,0,0
-1.01,0.26,-2.35,0.28,-0.87,1.32,2.46,-2.52,2,0,0
1.19,-0.39,-0.36,-1.38,-1.26,-0.43,-0.29,-0.42,2,0,0
-0.61,1.04,0.03,0.63,-1.59,-0.92,-0.41,-0.9,2,0,0
2.32,-1.29,-0.72,-0.77,-3.25,-3.28,-0.79,-1.19,2,0,0
-0.26,0.77,-0.61,-0.42,0.53,0.54,0.74,-0.22,2,1,1
-1.27,2.16,0.3,0.69,2.25,1.55,0.61,-2.08,2,0,0
1.03,-0.93,2.05,0.1,1.42,-1.37,-2.03,-2.16,2,0,0
-0.17,3.64,-0.04,-0.49,-0.97,0.7,-0.14,0.31,2,0,0
-0.98,3.6,1.75,0.06,3.95,3.94,-0.19,-2.81,2,0,0
-0.61,-0.44,-0.74,-2.03,0.2,-1.32,0.33,-0.84,2,0,0
-0.24,0.92,-1.64,-2.4,-0.3,-0.47,1.19,-1.09,2,0,0
0.02,0.68,1.25,1.11,0.37,-0.54,-1.14,0.52,2,0,0
0.45,-2.21,0.44,0.44,0.34,0.31,-0.37,2.07,2,0,0
0.63,0.98,1.55,0.97,0.7,0.7,-1.21,-2.7,2,0,0
0.56,-0.82,-0.49,-1.39,-1.76,-0.15,-0.2,0.97,2,0,0
-0.6,-0.34,2.08,0.34,1.62,-1.92,-1.92,-4.27,2,0,0
-0.99,2.28,0.57,-1.51,-0.87,-1.59,-1.14,-0.38,2,0,0
1.29,1.56,-0.64,-2.3,-1.33,-1.71,-0.32,-0.43,2,0,0
-0.37,-0.22,-1.78,-0.13,0.13,0.81,1.92,-2.06,2,0,0
0.5,-0.59,1.58,2.29,1.83,1.29,-0.72,-3.78,2,0,0
-0.16,-1.84,-0.04,-0.48,0.09,-2.39,-0.36,-2.7,2,0,0
-1.59,0.73,1.87,2.06,3.18,2.99,-0.34,-3.49,2,0,0
-0.02,1.67,-1.31,-1.03,1.18,2.3,1.77,-1.28,2,0,0
0.52,-2.11,-3.26,-3.87,-3.42,-2.69,1.48,2.92,2,0,0
-0.72,3.46,-1.65,0.41,-1.66,1.41,1.63,-3.15,2,0,0
1.47,1.77,-2.93,-1.55,-5.88,-1.03,1.1,3.81,2,0,0
0.1,0.9,-3.35,-3.86,-2.53,-0.78,2.13,0.03,2,0,0
-0.4,2.95,-1.02,-0.17,-0.78,2.63,1.25,-1.85,2,0,0
-0.62,-0.66,-0.31,0.4,-0.33,-1.35,0.13,-2.78,2,0,0
-1.13,3.21,-0.2,-1.23,-0.06,0.42,0.12,2.95,2,0,0
2.03,0.41,1.46,-0.67,0.17,0.07,-1.7,1.77,2,0,0
-0.73,3.14,1.33,0.71,0.62,0.85,-0.91,-2.41,2,0,0
-1.51,1.25,-3.68,-0.99,-0.1,1.77,3.92,-5.26,2,0,0
0.14,0.6,-0.66,0.26,-0.02,1.42,0.86,-0.01,2,0,0
1.09,1.12,-0.25,-0.57,0.26,-0.64,0.02,0.73,2,0,0
0.58,-1.69,-1.02,-1.27,-2.64,-3.78,-0.37,-1.43,2,0,0
1.36,2.56,2.32,0.75,0.75,1.07,-2.01,-0.16,2,0,0
-0.79,-1.52,-0.59,0.7,-0.25,0.74,0.74,0.13,2,0,0
1.07,-0.81,2.2,1.92,-0.18,-1.0,-2.25,-0.68,2,0,0
-1.29,0.77,-1.24,-1.25,0.34,0.04,1.24,-1.52,2,0,0
0.44,-0.4,0.46,0.21,-0.46,-1.3,-0.74,-5.2,2,0,0
-0.59,2.54,-0.23,-1.43,-0.64,-0.39,-0.14,0.78,2,0,0
-0.27,0.32,2.48,2.05,3.42,1.79,-1.18,-2.62,2,0,0
-0.23,1.34,3.12,0.87,3.8,2.11,-1.88,0.59,2,0,0
-0.86,-2.64,-3.95,-4.2,-4.15,-5.22,1.72,-0.57,2,0,0
0.34,1.41,-2.33,-1.54,-2.7,0.84,1.58,2.17,2,0,0
0.1,0.4,-0.74,-2.36,-2.26,-1.87,-0.41,1.24,2,0,0
0.67,2.35,-0.32,-0.35,0.37,0.68,0.4,-1.0,2,0,0
0.8,0.81,1.68,1.2,-0.07,0.38,-1.55,-2.57,2,0,0
1.24,0.59,3.72,2.45,1.0,0.97,-3.17,0.98,2,0,0
-1.76,1.42,-0.41,-0.65,0.62,-0.2,0.54,-1.06,2,0,0
1.34,-0.85,0.27,-0.98,-0.22,-1.53,-0.82,0.64,2,0,0
-0.23,-2.1,1.06,2.36,2.17,0.13,-0.25,-4.2,2,0,0
-0.49,0.08,-1.32,1.77,-1.02,0.61,1.46,-3.88,2,0,0
1.32,0.09,-0.31,-0.54,-1.18,-0.51,-0.24,1.2,2,0,0
1.3,0.87,0.24,0.19,-0.46,0.25,-0.4,0.37,2,0,0
1.2,3.03,0.82,-0.53,-0.26,0.8,-0.91,-2.01,2,0,0
-0.87,-0.58,-2.13,-0.86,-0.72,-0.4,1.83,-1.38,2,0,0
-0.33,2.46,2.14,1.23,0.74,0.66,-1.7,-1.61,2,0,0
1.41,0.91,-2.4,-2.27,-1.46,0.32,1.7,-1.17,2,0,0
-1.08,-1.05,-2.97,-0.94,-0.27,-0.81,2.75,-4.39,2,0,0
2.52,-2.2,2.18,-0.71,-1.4,-3.23,-3.29,-0.72,2,0,0
0.27,0.08,-3.16,-1.37,-5.54,-4.47,1.08,-3.05,2,0,0
-1.07,1.32,-0.27,-0.25,-0.37,-0.49,0.14,-0.48,2,0,0
0.45,0.18,0.68,1.49,3.18,2.78,0.58,-2.5,2,0,0
1.38,0.04,-0.01,0.74,0.27,0.61,0.14,-1.24,2,0,0
-0.5,0.24,0.47,-0.03,1.4,0.8,-0.06,1.0,2,0,0
-0.49,1.9,-2.07,-1.09,-4.2,-1.68,0.75,0.89,2,0,0
-0.43,1.0,-1.74,-0.17,-3.07,-0.13,1.03,-1.03,2,0,0
-0.17,2.84,0.11,0.13,1.16,3.95,0.72,2.43,2,0,0
3.2,-3.89,-0.24,-1.88,-2.3,-4.57,-1.46,-1.83,2,0,0
-0.65,0.49,1.1,0.41,-0.66,-1.86,-1.45,0.29,2,0,0
-0.94,3.52,-4.15,-0.12,-2.39,2.99,4.12,-1.72,2,0,0
2.45,2.08,3.31,1.48,1.32,0.91,-2.91,0.91,2,0,0
1.98,-1.1,0.67,-0.48,1.09,-0.44,-0.75,0.59,2,0,0
0.86,-2.15,0.13,-1.97,-1.23,-3.0,-1.22,0.23,2,0,0
1.43,0.66,2.34,0.43,1.11,1.25,-2.01,1.66,2,0,0
-0.21,0.28,-0.56,-0.97,-3.31,-2.6,-0.7,0.37,2,0,0
0.73,0.85,-0.26,-0.28,-2.62,-2.31,-0.78,0.32,2,0,0
1.82,-1.6,-0.57,-1.47,-0.66,-1.4,-0.17,0.55,2,0,0
0.85,0.09,3.28,3.65,2.69,1.54,-2.06,-2.16,2,0,0
0.79,0.25,1.23,1.66,0.7,1.26,-0.75,-1.9,2,0,0
-0.37,1.67,-0.45,0.34,-0.15,0.4,0.53,-1.36,2,0,0
0.04,1.53,-0.39,0.07,-0.06,0.61,0.44,-0.14,2,0,0
-2.75,2.64,2.44,4.72,5.09,5.34,0.3,-2.24,2,0,0
-0.26,-0.1,-1.54,-2.86,-2.85,-2.68,0.11,0.56,2,0,0
0.09,2.88,2.32,2.52,3.05,2.96,-0.88,-1.12,2,0,0
0.91,0.3,0.93,-0.38,0.28,-1.16,-1.2,0.31,2,0,0
0.18,-0.8,-0.14,-0.06,0.41,0.48,0.24,-0.98,2,0,0
-0.4,0.14,1.64,0.24,1.08,-1.27,-0.09,-1.9,3,0,0
4.74,0.46,0.97,-2.29,0.4,-0.66,1.16,3.7,3,0,0
0.47,1.89,-0.01,1.19,0.84,1.84,-2.02,-0.21,3,0,0
-0.18,-0.95,-0.82,-0.74,-0.14,-1.59,0.15,0.35,3,0,0
-0.25,0.02,2.51,0.23,1.26,0.63,0.45,0.21,3,0,0
0.87,-0.04,-0.83,-1.16,-0.06,0.73,1.41,0.84,3,0,0
0.28,0.68,-0.42,-0.89,0.23,1.92,0.41,-0.14,3,0,0
-0.99,1.28,-0.09,1.5,-0.05,-0.49,-2.7,-0.77,3,0,0
-0.76,-0.61,-1.2,0.62,-1.07,-0.39,1.29,-1.53,3,0,0
0.16,0.01,1.3,0.42,-1.32,-0.4,1.27,1.83,3,0,0
-0.43,0.2,0.71,1.75,1.27,-2.43,-2.24,-1.62,3,0,0
1.42,1.4,0.16,0.09,0.16,1.79,0.72,-0.83,3,0,0
0.98,3.02,1.5,1.08,1.85,2.73,-1.67,-1.9,3,0,0
1.49,-0.28,-0.8,-1.28,-1.05,1.81,1.03,2.01,3,0,0
0.95,-0.54,-0.96,-0.31,-1.68,-1.16,0.17,1.6,3,0,0
-1.91,0.13,0.1,2.54,-1.52,-0.8,-1.66,-0.35,3,0,0
2.54,-0.72,-3.52,-2.81,-1.0,-1.16,-0.92,1.05,3,0,0
2.87,0.52,-2.34,-2.09,-1.49,2.03,0.44,-0.39,3,0,0
0.84,-0.19,1.16,-1.83,0.79,0.8,1.01,1.36,3,0,0
-1.7,0.09,-0.31,1.07,-0.86,-2.28,-1.08,-4.24,3,0,0
0.21,-0.3,-0.29,-1.29,0.77,-0.66,-0.61,0.39,3,0,0
2.79,0.37,-0.99,-2.52,1.05,-0.6,-0.18,5.31,3,0,0
1.03,-0.45,-0.81,-2.05,1.03,-1.38,-1.34,-0.45,3,0,0
-2.48,0.3,1.41,1.72,1.55,-2.05,-3.01,-3.66,3,0,0
1.91,-0.04,-1.77,-1.24,-1.77,0.24,0.14,2.47,3,0,0
0.52,-0.27,0.95,-2.34,3.02,1.05,-0.22,-0.22,3,0,0
0.56,-0.15,0.76,-0.83,0.06,-0.65,0.13,0.62,3,0,0
0.33,-0.44,0.05,-1.68,-0.27,2.08,0.87,1.72,3,0,0
1.55,0.34,-1.22,-1.75,0.3,1.88,0.27,2.41,3,0,0
2.27,1.15,1.99,-1.16,2.52,1.32,0.7,2.38,3,0,0
-0.39,-0.12,-0.3,0.08,0.95,-1.34,-0.67,-0.93,3,0,0
-1.4,-0.14,-1.44,1.22,-1.44,0.12,-0.33,-1.16,3,0,0
0.27,0.06,-1.19,0.15,-0.24,-0.51,-1.51,0.51,3,0,0
-2.1,-0.8,-0.84,1.95,-1.1,-1.33,0.74,-1.82,3,0,0
0.17,-1.99,-1.41,-1.97,-1.42,1.01,3.98,-1.79,3,0,0
0.08,1.99,3.9,0.34,3.32,1.02,-0.95,-1.34,3,0,0
1.7,-0.16,-2.13,-0.95,-2.72,1.38,1.13,0.81,3,0,0
0.23,-0.47,-1.29,-2.25,-0.93,1.4,0.95,-0.79,3,0,0
1.21,2.12,1.57,-0.55,3.01,0.8,-2.37,-1.67,3,0,0
3.68,2.07,0.05,-1.13,-1.44,4.38,2.71,0.71,3,0,0
0.27,2.21,2.55,-0.02,3.89,1.71,-1.93,-2.05,3,1,1
0.13,-0.33,0.37,-1.42,1.26,-0.33,-1.29,1.38,3,0,0
-0.04,-0.17,-0.61,0.28,-0.99,-0.48,1.29,0.66,3,0,0
-0.41,0.61,-0.71,1.76,-2.66,-2.6,-1.85,-0.16,3,0,0
-0.8,0.17,-0.49,1.28,-1.75,0.39,0.82,-0.01,3,0,0
2.37,2.59,1.78,-0.38,1.93,1.35,-2.4,-2.04,3,0,0
-1.4,-0.43,1.09,0.14,0.54,0.06,-0.31,-0.38,3,0,0
-0.6,0.28,0.26,2.32,-3.18,0.61,3.15,0.94,3,0,0
1.51,0.35,-3.26,-0.38,-2.73,-1.33,-0.86,0.3,3,0,0
-0.38,-0.57,-0.43,0.09,-0.37,-3.5,-1.09,0.71,3,0,0
0.77,0.38,0.11,0.61,-2.46,1.51,1.93,1.1,3,0,0
-0.06,0.46,2.15,-0.19,2.43,-0.49,-0.08,1.02,3,0,0
2.19,0.22,-0.26,-1.08,-1.21,1.95,1.94,0.5,3,0,0
-0.09,-1.46,-1.02,-2.11,-1.71,1.16,1.99,0.17,3,0,0
2.27,1.02,-0.8,-0.06,-2.32,1.38,1.63,1.62,3,0,0
0.75,2.16,3.29,1.35,1.59,0.34,-1.57,0.49,3,0,0
-0.96,0.86,1.0,1.55,1.08,0.57,-0.82,-0.11,3,0,0
0.88,1.71,3.17,0.25,2.23,3.94,0.42,-1.17,3,0,0
-2.45,-0.11,-1.13,2.39,-0.72,-2.36,-2.38,-3.13,3,0,0
-1.33,1.63,0.46,2.98,0.15,0.16,-2.55,-0.03,3,0,0
-0.76,-1.32,-0.93,-0.43,-2.03,0.16,2.18,0.3,3,0,0
1.65,1.21,1.13,-1.49,1.86,0.56,-1.51,-0.89,3,0,0
-1.27,-0.77,-0.59,-0.71,0.55,-1.05,-0.85,-0.23,3,0,0
1.03,2.6,0.07,-0.55,3.1,2.76,-2.8,-0.64,3,0,0
-0.52,-1.32,0.22,-2.4,1.55,-0.06,0.75,-2.69,3,0,0
0.08,-0.57,-1.26,0.06,-2.39,0.6,2.0,-0.27,3,0,0
0.91,0.5,1.23,-0.26,0.5,-1.48,0.23,2.14,3,0,0
0.52,1.19,0.26,0.28,-0.27,0.23,-0.37,-0.45,3,0,0
0.17,-0.16,-0.72,1.41,-2.47,-2.64,-1.82,3.44,3,0,0
-0.6,-2.57,-1.97,-1.2,-1.63,-2.97,1.51,0.68,3,0,0
0.74,0.11,-0.84,-1.86,0.23,0.43,0.03,-0.64,3,0,0
0.51,0.52,-0.18,-1.53,2.62,-0.61,-2.75,-0.62,3,0,0
-1.3,-1.45,-1.38,-1.74,0.99,-1.21,-0.19,-0.24,3,0,0
-0.67,1.54,-1.56,1.52,0.26,-1.46,-4.63,-3.51,3,0,0
-0.06,0.21,0.44,-0.53,1.63,-1.8,-2.09,0.41,3,0,0
0.14,0.68,0.7,0.4,-0.61,-0.46,-0.29,1.42,3,0,0
2.47,0.72,-1.11,-1.6,-0.14,-0.74,0.15,0.37,3,0,0
1.52,-1.23,-0.55,-0.96,-2.85,-0.83,3.87,2.16,3,0,0
-0.25,-0.4,-1.4,-0.67,-0.47,0.98,-0.35,1.3,3,0,0
0.48,-0.7,-0.23,-1.97,0.88,1.03,1.62,0.3,3,0,0
0.0,1.33,2.61,0.23,2.24,-0.13,-1.39,-0.42,3,0,0
-1.4,-1.34,-3.32,-0.43,-2.34,-0.78,0.87,-3.52,3,0,0
-0.25,0.3,-0.07,1.49,-2.4,-1.16,0.58,1.5,3,0,0
1.91,2.32,2.39,0.23,3.07,-1.16,-2.97,-0.3,3,0,0
0.11,1.82,0.41,1.5,-0.2,1.3,-2.07,-0.23,3,0,0
-0.26,-1.33,-0.07,-3.36,3.88,-1.31,-2.28,0.23,3,0,0
2.65,1.5,0.32,-1.31,0.99,1.22,-0.91,2.23,3,0,0
0.26,1.37,-0.46,1.23,-1.27,0.75,-1.12,-1.1,3,0,0
0.82,1.18,1.9,0.39,0.28,0.27,-0.09,0.54,3,0,0
1.66,1.55,0.41,1.68,-1.85,-1.81,-1.2,1.86,3,0,0
1.79,0.22,-1.2,-1.1,-1.45,1.83,1.49,2.41,3,0,0
1.27,2.19,2.26,-0.42,2.98,1.08,-2.75,1.37,3,0,0
0.92,0.83,-1.56,0.55,-2.62,2.53,0.99,-0.44,3,0,0
-0.53,-0.61,-2.91,-1.63,-0.43,-0.13,-1.14,-0.83,3,0,0
0.77,1.17,0.04,0.53,-0.14,-0.28,-1.13,0.6,3,0,0
-0.15,-1.44,-1.68,-0.94,-2.61,0.81,3.25,0.91,3,0,0
-1.09,0.51,0.72,0.7,1.49,-1.65,-2.57,-1.7,3,0,0
1.77,0.28,1.66,-2.27,1.2,1.24,1.06,2.07,3,0,0
0.63,0.59,0.67,0.88,-1.36,0.56,1.02,0.76,3,0,0
0.1,0.85,0.72,0.73,0.09,1.85,0.34,0.53,3,0,0
0.23,0.58,-0.36,-0.93,0.93,2.47,-0.36,0.39,3,0,0
0.32,1.0,1.87,-1.68,2.89,1.22,-1.68,1.17,3,0,0
1.39,-1.21,-2.5,-1.78,-1.55,-1.33,0.21,2.17,3,0,0
0.51,-1.52,-0.07,-2.25,-0.8,0.36,3.67,-0.44,3,0,0
2.04,3.37,5.52,-1.0,5.89,3.01,-2.57,-0.13,3,0,0
1.35,1.29,3.18,0.91,0.96,-0.38,1.75,2.72,3,0,0
0.55,-1.17,-0.23,-1.2,-0.31,-0.42,1.68,-0.15,3,0,0
-0.14,1.63,1.63,1.0,0.87,1.87,-0.02,0.34,3,0,0
-0.58,0.98,0.68,1.13,0.71,-1.31,-1.54,-1.78,3,0,0
-0.1,0.21,-0.04,-0.33,1.22,-0.85,-2.51,-0.03,3,0,0
-0.14,0.16,1.45,0.43,1.28,0.36,0.53,1.65,3,0,0
0.32,0.34,-0.01,-0.27,-1.02,2.21,2.14,-1.56,3,0,0
-2.07,0.29,0.1,1.94,0.33,0.11,-1.01,-0.11,3,0,0
1.18,1.83,2.37,0.69,1.91,-1.05,-0.55,0.7,3,0,0
0.64,2.41,0.54,1.45,1.17,2.44,-2.05,0.51,3,0,0
-0.35,0.11,1.15,0.38,0.15,-0.75,-0.29,-1.17,3,0,0
0.44,1.05,2.49,0.15,2.49,-0.42,-1.41,0.42,3,0,0
0.06,1.12,1.26,0.67,0.25,-0.23,-0.27,0.91,3,0,0
-0.3,-0.4,-0.14,-0.75,0.07,-0.08,0.21,-0.4,3,0,0
-2.44,-2.37,-0.18,-0.15,-0.68,-2.92,1.63,-2.41,3,0,0
0.77,-0.23,-0.01,-1.08,-0.0,-1.06,-0.19,-2.1,3,0,0
1.98,-0.03,0.5,-1.48,1.18,-1.22,0.8,1.07,3,0,0
-0.15,-0.53,0.22,-1.21,0.2,0.29,0.95,0.98,3,0,0
-0.55,-1.05,-0.57,-0.91,0.0,-0.66,0.91,0.34,3,0,0
-0.63,-2.68,-1.78,-2.34,-1.72,0.38,2.52,-0.94,3,0,0
0.07,1.59,1.19,1.86,0.31,-0.54,-2.15,0.99,3,0,0
1.63,2.46,0.84,0.18,1.8,1.14,-2.62,-0.08,3,0,0
-1.28,-0.84,0.13,0.28,-1.86,-0.74,1.76,-0.27,3,0,0
1.02,-0.83,-2.72,-0.72,-3.71,0.67,3.26,0.31,3,0,0
-0.25,-0.23,-1.16,0.23,-1.82,-0.23,-0.29,1.52,3,0,0
-0.14,0.41,0.69,1.69,-0.27,-1.92,-1.11,0.8,3,0,0
0.41,1.75,1.38,0.49,1.89,0.11,-2.03,0.23,3,0,0
-0.45,-1.34,0.13,-1.1,-0.42,-0.67,3.98,-0.55,3,0,0
-0.68,-0.88,-1.06,-1.45,-0.07,1.94,2.13,-1.11,3,0,0
1.26,1.15,0.64,0.38,-0.12,-0.71,0.3,0.48,3,0,0
0.11,-0.36,-0.32,0.87,-2.69,0.31,2.1,2.16,3,0,0
0.36,-1.7,0.61,-1.49,-1.3,-0.41,2.69,-1.29,3,0,0
0.68,1.42,3.2,1.64,0.42,-0.39,0.67,-0.3,3,0,0
-2.34,0.88,2.79,2.78,0.77,-1.73,-1.52,-2.46,3,0,0
-0.06,-0.85,0.24,0.36,-1.79,-2.49,2.05,2.45,3,0,0
0.6,-2.12,-4.99,-3.37,-2.22,-1.09,-0.05,-0.39,3,0,0
2.32,-0.62,-1.09,-1.17,-2.04,0.27,2.38,2.0,3,1,1
-0.88,2.63,0.91,3.1,0.87,0.73,-3.19,-0.53,3,0,0
-2.16,-0.71,-0.98,1.92,-1.53,-0.91,0.96,-1.39,3,0,0
-0.38,-0.18,-0.34,0.21,-1.48,-1.82,-0.17,-1.28,3,0,0
1.19,2.04,1.21,0.58,0.82,-0.1,-2.05,1.67,3,0,0
-0.72,-0.43,-0.14,-0.18,-0.0,-1.61,-0.94,-1.58,3,0,0
-1.5,0.26,1.98,0.99,1.27,-0.56,-1.4,-0.54,3,0,0
1.03,1.53,0.37,1.04,-0.37,-1.48,-1.8,0.79,3,0,0
-2.04,-0.45,-0.33,1.92,-1.42,-1.02,0.51,0.27,3,0,0
-2.83,-0.28,0.57,1.99,1.02,-2.69,-1.9,-0.72,3,0,0
0.41,0.33,-0.37,0.47,-2.08,0.34,1.42,-0.84,3,0,0
-2.11,-0.26,1.76,1.77,-0.27,-0.98,1.86,-1.42,3,0,0
-1.93,-0.34,0.4,1.19,0.96,-2.19,-1.28,0.14,3,0,0
0.75,0.43,1.45,-1.04,0.62,2.54,1.93,1.53,3,0,0
-1.62,-0.15,-2.02,1.59,-1.93,-0.21,-2.18,-1.75,3,0,0
-0.19,-1.04,-0.42,-1.71,0.56,0.2,1.01,-1.16,3,0,0
0.22,-0.05,-0.43,-0.04,-0.76,0.54,0.34,0.61,3,0,0
-0.1,-0.93,-2.83,-1.03,-2.39,-1.29,-0.95,-0.81,3,0,0
-0.93,0.39,-1.51,2.02,-2.5,0.44,-0.36,-0.56,3,0,0
-0.08,-0.6,0.02,-1.6,0.23,-1.67,-2.32,0.04,3,0,0
-0.37,-1.63,-3.33,-1.53,-1.54,-1.66,0.42,-0.96,3,0,0
0.21,-1.13,1.62,-1.07,-0.14,2.05,2.69,-0.75,3,0,0
-0.05,-0.11,0.39,0.55,-1.01,0.11,0.2,1.11,3,0,0
-1.25,-1.08,-1.7,1.14,-3.54,-2.29,0.96,-1.42,3,0,0
0.23,0.64,0.32,0.73,0.32,-1.25,-2.23,2.48,3,0,0
-1.14,-0.8,-3.44,-1.02,-1.0,2.47,0.46,0.52,3,0,0
-2.51,-1.38,-1.06,1.23,-1.34,-1.29,0.26,-2.88,3,0,0
1.77,1.06,-0.75,0.88,-2.0,0.76,-0.18,-2.23,3,0,0
-0.13,-1.15,-0.02,-3.05,1.42,1.49,2.33,-1.69,3,0,0
0.04,1.15,3.64,0.55,2.58,-1.46,-1.36,-0.51,3,0,0
1.01,-0.13,0.41,-0.17,-1.78,0.52,1.73,-0.08,3,0,0
0.25,1.15,-0.45,1.48,-0.71,-0.2,-1.53,-1.07,3,0,0
-1.64,-1.84,-1.34,-1.37,-0.04,-0.79,0.62,-2.36,3,0,0
0.11,0.27,0.6,-0.07,-0.33,1.34,2.45,-2.33,3,0,0
0.65,0.48,-1.47,-0.78,-0.26,0.19,-0.96,-0.15,3,0,0
1.13,-0.46,-3.42,-0.79,-4.11,2.08,3.16,1.67,3,0,0
-0.49,-0.17,0.11,0.32,-0.39,0.62,1.36,0.55,3,0,0
0.91,1.7,-1.14,1.19,-1.22,1.38,-2.07,-0.52,3,0,0
-2.42,-0.59,-0.61,1.75,-0.51,-1.0,-0.65,-0.92,3,0,0
-1.48,1.91,0.11,2.08,0.23,1.41,-2.58,-2.12,3,0,0
0.66,0.51,-0.45,-1.91,2.47,0.06,-1.69,-0.72,3,0,0
-0.53,-0.94,-1.75,-0.47,-1.86,-1.78,0.25,0.3,3,0,0
0.31,-0.51,-2.08,-0.08,-2.26,0.85,1.59,0.53,3,0,0
-0.85,0.4,2.57,-0.27,1.98,0.18,-1.13,-2.08,3,0,0
1.03,0.97,1.58,1.32,-0.95,0.22,0.19,1.17,3,0,0
-1.63,0.02,-0.52,0.34,0.85,-0.62,-1.22,-1.63,3,0,0
-1.85,1.23,1.33,1.61,2.83,0.25,-2.73,-1.76,3,0,0
0.73,0.72,1.01,-0.27,1.52,0.77,-0.02,-0.56,3,0,0
-0.64,0.13,0.63,2.16,-2.74,0.33,1.01,1.27,3,0,0
0.63,-0.5,-1.78,0.09,-1.78,-0.26,0.75,1.06,3,0,0
0.0,0.2,1.07,-1.04,2.14,-0.36,-1.41,0.58,3,0,0
-1.61,0.2,0.58,1.1,-0.64,1.59,0.24,-0.92,3,0,0
0.51,2.43,1.5,0.83,2.01,1.61,-1.96,-1.0,3,0,0
1.69,0.16,1.18,-0.83,-0.45,-1.11,-0.19,1.67,3,0,0
0.06,1.72,2.97,0.6,1.97,0.88,-1.32,0.24,3,0,0
0.76,0.61,1.5,-0.95,1.11,-0.04,1.24,1.52,3,0,0
0.37,-1.31,-2.36,-0.32,-3.06,-1.15,2.83,1.49,3,0,0
-0.04,-1.12,-2.49,-1.15,-1.12,0.75,0.81,1.03,3,0,0
1.3,-1.05,-0.38,-1.31,-0.74,-2.74,0.81,0.56,3,0,0
-0.84,0.61,1.06,1.72,0.5,-0.24,1.12,0.14,3,0,0
-0.11,-0.67,-0.19,-1.11,0.18,1.02,2.24,0.38,3,0,0
-0.79,-0.14,1.95,-0.96,1.22,-0.39,0.78,-0.32,3,0,0
0.25,1.34,-0.55,-0.21,0.75,0.25,-3.5,0.44,3,0,0
-2.16,-1.05,0.88,0.41,1.7,-2.56,-0.43,-2.18,3,0,0
1.72,2.49,2.25,-0.33,3.59,0.65,-3.78,2.24,3,0,0
0.1,-1.42,-2.4,-0.83,-2.59,-1.74,1.8,0.2,3,0,0
2.2,0.54,-0.4,-1.09,-0.58,1.34,1.29,1.6,3,0,0
-1.0,1.21,1.81,1.51,0.85,1.88,0.11,0.42,3,0,0
0.16,0.66,1.32,-0.12,-0.06,0.29,0.7,-0.69,3,0,0
0.12,-1.41,-0.53,-0.95,-1.82,-0.71,1.88,1.15,3,0,0
1.13,0.75,-1.31,0.15,-0.94,1.7,0.17,0.06,3,0,0
1.31,1.95,-0.01,-0.4,0.85,1.07,-1.53,1.49,3,0,0
0.63,-0.58,0.59,-1.37,0.6,-1.28,0.11,0.56,3,0,0
1.04,-0.05,-0.77,-1.76,-0.34,0.67,0.37,0.19,3,0,0
-0.38,-1.81,-2.22,-1.6,-0.29,-1.84,0.08,-0.55,3,0,0
0.07,-0.17,2.5,-1.21,1.37,0.7,1.75,-1.89,3,0,0
-0.69,-1.65,-1.98,0.04,-4.42,-0.62,2.47,0.07,3,0,0
-1.85,-0.82,-0.21,1.23,-1.7,-1.75,0.38,-1.0,3,0,0
0.06,-0.78,0.44,-0.26,-0.8,0.19,0.82,0.25,3,0,0
0.87,0.98,0.49,-1.56,2.7,1.89,-1.98,-2.26,3,0,0
2.17,2.16,0.04,-0.0,1.26,1.64,-1.95,1.27,3,1,1
1.09,1.78,1.3,0.13,1.38,0.49,-1.2,0.2,3,0,0
-0.97,-1.65,-0.9,-1.12,-0.13,-0.17,1.46,-1.25,3,0,0
-2.29,-1.18,-0.86,0.1,0.47,-1.18,-0.93,-3.52,3,0,0
0.2,0.33,0.77,1.19,0.74,-3.02,-2.32,-0.87,3,0,0
-0.25,0.87,2.0,0.22,3.43,-1.38,-2.09,-1.28,3,0,0
0.92,0.92,2.67,-0.04,0.92,0.97,1.03,0.64,3,0,0
-1.26,-1.84,-1.76,-0.04,-2.31,-2.27,0.14,0.15,3,0,0
-0.1,-0.89,-0.47,-2.04,0.45,1.33,2.56,-1.18,3,0,0
-1.17,0.13,0.94,0.15,-0.15,0.38,-0.89,-0.73,3,0,0
0.01,0.87,-0.47,1.47,-1.44,1.79,-0.22,-0.61,3,0,0
0.33,0.64,0.23,-0.49,1.93,-0.09,-2.28,-0.58,3,0,0
-0.71,0.06,-0.02,-0.6,2.18,-1.07,-3.03,-2.1,3,0,0
1.78,0.49,1.21,-1.95,0.75,2.13,1.49,-2.73,3,0,0
0.84,0.12,5.09,-0.71,3.84,0.54,2.54,1.57,3,0,0
-1.3,-1.95,1.2,-1.04,0.89,-1.61,1.32,0.37,3,0,0
-1.33,0.12,-0.26,0.74,0.44,-0.96,-0.12,-0.77,3,0,0
1.07,0.06,-0.46,-1.95,1.38,-0.17,-0.58,1.34,3,0,0
1.01,2.45,2.71,-0.13,4.13,2.55,-2.5,0.15,3,0,0
-2.52,-0.68,2.16,1.36,0.72,-2.08,1.38,-2.63,3,0,0
-0.23,-0.07,0.65,0.0,0.42,-1.6,-0.48,-1.56,3,0,0
-0.52,0.15,1.76,0.8,0.98,-1.31,0.25,-0.88,3,0,0
0.32,0.32,0.77,-0.69,0.78,1.71,1.29,1.25,3,0,0
0.05,1.76,-0.2,3.02,-2.47,0.05,-1.17,-1.42,3,0,0
1.39,-0.08,0.66,-0.27,-1.59,1.34,0.52,1.12,3,0,0
0.63,0.47,2.18,-0.59,1.6,-0.16,0.4,1.13,3,0,0
0.46,0.61,1.04,-0.11,1.19,0.53,0.34,0.44,3,0,0
-0.96,2.17,1.26,2.42,1.3,0.75,-3.58,-1.95,3,0,0
1.51,0.67,-0.06,-0.73,0.07,0.69,0.83,1.04,3,0,0
-0.63,0.21,1.58,0.84,0.17,-0.07,1.23,-2.45,3,0,0
1.54,-0.36,-0.82,-0.09,-2.91,-0.41,1.14,3.22,3,0,0
-1.59,0.11,-1.74,2.76,-2.78,-1.26,-0.32,-0.7,3,0,0
-2.58,-0.87,-0.21,0.42,0.6,-1.07,0.2,-2.64,3,0,0
1.77,0.41,-1.14,-2.01,0.53,-0.0,-1.05,-0.83,3,0,0
0.51,0.08,2.65,-1.29,2.48,-0.44,0.56,0.4,3,0,0
-0.46,-0.03,1.05,-1.17,2.0,-0.15,-1.11,0.34,3,0,0
2.26,2.27,2.29,1.47,-0.11,2.03,1.74,0.95,3,0,0
-0.49,0.74,-1.28,1.26,-0.98,0.77,-0.49,-0.24,3,0,0
-1.53,-0.86,-0.69,1.5,-1.84,-1.94,0.64,-0.47,3,0,0
-0.01,-0.16,-2.62,0.3,-2.25,-0.06,0.33,0.18,3,0,0
-0.41,-0.27,-2.01,0.23,-2.48,-0.06,-1.44,-0.33,3,0,0
-0.6,-0.02,1.35,2.2,-1.45,-1.92,1.64,0.46,3,0,0
2.08,0.31,0.87,-3.2,3.14,1.63,0.67,-0.82,3,0,0
-0.88,1.11,2.17,2.51,-0.01,-1.7,-1.01,-1.84,3,0,0
0.01,-0.46,-0.67,-0.69,0.55,0.18,-0.22,2.54,3,0,0
-0.28,-0.49,1.04,-1.88,1.23,0.02,1.07,-0.15,3,0,0
0.22,0.29,1.73,0.42,0.47,-1.2,-0.06,-0.4,3,0,0
-1.73,-0.93,0.49,1.93,-2.13,-0.81,2.4,1.36,3,0,0
0.5,-0.58,-1.24,-0.29,-1.07,-0.71,1.23,-0.84,3,0,0
-0.23,1.16,-0.64,-0.07,0.87,0.36,-2.97,0.98,3,0,0
1.49,-0.53,-1.28,-0.11,-2.14,-1.93,1.61,-1.25,3,0,0
-2.74,-1.44,0.69,0.82,0.44,-1.94,0.86,-1.58,3,0,0
3.84,0.54,0.92,-2.91,-0.15,1.14,1.99,3.05,3,0,0
-1.57,-0.59,0.75,1.33,-2.36,-0.2,2.24,-0.65,3,0,0
-2.06,-1.61,-0.5,1.15,-0.96,-3.51,-0.79,-1.8,3,0,0
-2.24,-0.57,-0.07,2.63,-2.34,-1.63,1.33,-0.26,3,0,0
-2.37,-0.57,-0.28,1.93,-1.29,-2.38,-0.2,-1.83,3,0,0
-1.42,0.17,-0.12,0.32,-0.3,-0.49,-0.67,-2.14,3,0,0
1.12,1.72,1.18,-0.6,2.17,2.71,-1.61,-1.78,3,0,0
1.65,-0.09,1.74,-1.7,0.65,-1.64,1.04,-0.53,3,0,0
0.14,-0.23,3.02,0.25,0.28,-1.18,1.44,0.29,3,0,0
0.79,1.64,0.67,0.41,0.39,0.34,-2.6,1.07,3,0,0
-1.28,0.13,0.52,1.41,-0.21,-0.03,-0.51,-0.93,3,0,0
-1.26,0.27,-1.5,1.31,-2.44,1.07,-0.27,-0.05,3,0,0
-1.11,-0.15,1.62,0.83,0.26,-0.6,-0.73,1.87,3,0,0
1.11,-0.36,0.63,-1.12,-1.07,-0.73,1.15,0.03,3,0,0
-1.49,0.58,0.31,1.89,-0.72,-0.77,-1.1,-0.63,3,0,0
0.57,1.3,0.61,1.47,-0.14,-0.07,-0.95,0.36,3,0,0
2.29,0.51,0.38,-1.43,-0.08,2.31,1.08,0.45,3,0,0
3.25,1.23,-0.91,-0.71,-0.95,1.53,0.36,1.75,3,0,0
0.66,-1.5,-1.11,-0.97,-3.08,2.01,5.67,0.26,3,0,0
2.6,1.3,0.56,-2.69,2.19,1.45,-1.18,1.7,3,0,0
0.8,1.13,0.33,-0.02,0.58,0.04,-0.77,-1.03,3,0,0
-1.71,1.01,2.61,0.8,2.33,1.75,-1.23,-3.06,3,0,0
1.51,0.09,1.46,-2.43,1.58,3.05,1.4,-0.24,3,0,0
-0.91,-0.64,-1.9,1.14,-2.32,-3.11,-1.06,1.11,3,0,0
0.08,1.66,1.85,1.61,0.51,2.13,-0.24,-0.42,3,0,0
0.32,1.08,0.63,0.1,0.62,-0.04,0.03,0.94,3,0,0
0.64,-1.16,0.61,-3.13,1.41,0.22,0.98,-0.46,3,0,0
-0.01,0.89,0.02,0.87,0.65,-0.17,-1.66,-0.09,3,0,0
-0.25,-0.27,-0.25,-0.87,-0.23,1.42,0.56,-0.04,3,0,0
-0.54,0.22,-1.46,1.27,-1.01,-2.22,-2.84,-0.48,3,0,0
0.28,0.95,0.43,-0.63,1.22,2.15,-1.14,-0.52,3,0,0
-0.61,-2.29,-3.53,-1.44,-3.49,1.08,3.52,-1.52,3,0,0
0.05,1.72,1.22,0.53,1.47,0.81,-1.81,0.03,3,0,0
0.88,1.56,-2.01,0.97,-0.98,1.02,-3.17,-0.17,3,0,0
1.81,-0.17,-0.55,-1.57,0.99,-0.75,-0.21,0.91,3,0,0
-1.25,0.18,0.09,1.6,-0.93,-0.68,0.24,1.22,3,0,0
0.89,-0.16,-0.27,-0.48,0.32,0.93,1.23,-0.44,3,0,0
1.33,1.17,1.0,-0.87,1.15,0.23,-2.0,1.5,3,0,0
-1.56,0.56,0.52,1.59,-0.84,-0.81,-0.3,-0.51,3,0,0
-0.81,0.5,1.67,0.02,0.77,0.08,-1.49,-0.06,3,0,0
-1.85,-1.69,-1.48,0.33,-2.17,-1.67,1.04,0.49,3,0,0
-0.41,0.1,-1.84,1.05,-2.16,-2.44,-1.46,1.43,3,0,0
-0.65,1.15,0.76,1.96,-1.05,1.59,0.97,0.98,3,0,0
-1.22,-0.97,-1.17,1.59,-1.83,-1.59,0.87,1.78,3,0,0
-2.22,-1.45,-0.98,-0.16,-1.0,0.37,2.39,1.03,3,0,0
-1.79,0.31,1.43,2.78,-1.12,-2.34,-0.36,-2.27,3,0,0
-1.1,0.63,1.02,1.46,0.58,-1.43,-1.0,-1.25,3,0,0
-1.6,1.91,3.36,1.49,3.99,0.43,-2.63,-2.26,3,0,0
1.01,-0.92,-2.23,-0.82,-2.28,-0.66,0.93,0.58,3,0,0
-0.76,-1.48,-3.76,-0.44,-1.84,-2.54,-1.33,0.15,3,0,0
-1.45,0.74,-1.86,2.08,-1.21,-0.63,-3.09,-1.25,3,0,0
-0.17,-0.19,1.38,-0.94,0.28,0.61,2.2,-2.37,3,0,0
-0.2,-0.9,0.49,-0.09,-2.29,0.04,2.36,0.48,3,0,0
-0.24,0.93,1.24,0.89,0.95,0.39,-1.21,-0.29,3,0,0
-2.37,-1.2,-1.38,1.23,-1.75,-1.89,1.19,-3.18,3,0,0
0.24,-0.41,-1.11,-1.05,1.01,-2.42,-1.67,-1.3,3,0,0
-0.62,1.98,2.86,1.2,2.48,1.27,-1.31,0.72,3,0,0
1.24,0.04,0.94,0.43,-0.88,-0.36,1.2,0.71,3,0,0
1.34,-0.9,-3.4,-2.57,-2.07,1.91,1.13,1.52,3,0,0
-1.62,-1.09,-0.45,1.09,-0.94,-2.54,-0.58,-0.08,3,0,0
1.31,2.5,1.66,0.59,2.11,1.21,-1.82,2.14,3,0,0
1.79,0.16,-0.92,-0.84,-1.44,1.46,1.67,2.46,3,0,0
-0.12,0.31,0.56,1.15,-0.6,-0.18,0.39,0.78,3,0,0
2.58,0.82,0.15,-0.88,-2.82,3.47,3.57,2.2,3,0,0
1.11,1.0,2.02,-1.81,2.88,1.37,1.08,-2.0,3,0,0
-0.85,-0.35,1.26,-0.37,1.48,-0.69,-0.61,0.12,3,0,0
-1.26,0.42,-0.05,1.95,-1.27,-1.09,0.1,-1.68,3,0,0
-1.59,0.7,1.65,1.53,1.88,-0.77,-2.24,-3.04,3,0,0
-0.87,0.42,1.12,0.21,1.28,-0.62,-0.13,-3.11,3,0,0
0.38,1.22,-0.05,1.82,-1.46,-1.52,-1.71,0.7,3,0,0
0.42,-0.04,1.72,-0.48,0.85,0.73,2.1,-0.36,3,0,0
-1.89,1.71,1.95,2.43,1.36,-0.08,-2.47,-1.86,3,0,0
0.73,0.31,0.86,-1.99,2.95,-1.46,-1.88,0.48,3,0,0
0.99,1.37,1.52,0.06,0.85,1.14,0.69,-0.58,3,0,0
-0.24,0.14,1.14,0.0,1.34,0.07,0.1,-0.72,3,0,0
-0.3,1.01,1.41,2.25,-0.03,-1.72,-0.57,0.54,3,0,0
-0.98,-0.14,-0.04,0.58,0.67,-1.82,-0.48,-1.13,3,0,0
0.51,-1.66,-1.46,-0.23,-2.63,-0.95,2.02,0.23,3,0,0
-2.35,1.49,-0.2,3.94,-1.7,0.3,-2.0,-2.29,3,1,1
0.37,-1.14,0.82,-0.59,-1.21,-0.57,2.33,-0.23,3,0,0
