@relation SyntheticData-N_600-D_16-Nmin_140-Zmin_16-CL_3_2-R_0
@attribute X0 real [-7.25, 8.06]
@attribute X1 real [-6.74, 6.89]
@attribute X2 real [-6.60, 5.86]
@attribute X3 real [-6.81, 6.81]
@attribute X4 real [-7.42, 10.82]
@attribute X5 real [-9.87, 9.01]
@attribute X6 real [-6.35, 7.31]
@attribute X7 real [-6.85, 7.82]
@attribute X8 real [-7.32, 6.04]
@attribute X9 real [-6.87, 6.75]
@attribute X10 real [-6.87, 7.53]
@attribute X11 real [-7.35, 8.45]
@attribute X12 real [-7.61, 8.06]
@attribute X13 real [-6.19, 6.83]
@attribute X14 real [-5.30, 6.21]
@attribute X15 real [-7.47, 6.84]
@attribute cluster_idx {0,1,2,3,4}
@attribute is_noise {0,1}
@attribute Class {0,1}
@inputs X0,X1,X2,X3,X4,X5,X6,X7,X8,X9,X10,X11,X12,X13,X14,X15,cluster_idx,is_noise
@output Class
@data
1.94,-0.39,-1.3,-2.66,1.93,-0.85,-0.87,0.41,0.94,3.28,2.13,-1.03,1.55,1.3,1.34,-0.02,0,0,1
-2.08,1.15,0.54,1.09,0.85,2.57,1.72,-0.35,0.77,-2.32,-6.87,-2.08,1.37,-0.56,-1.31,0.93,0,0,1
1.51,-0.06,1.95,-0.64,2.76,-1.26,2.39,3.01,2.91,-2.89,-0.5,-4.6,-0.88,-1.34,2.05,0.27,0,0,1
0.15,-0.46,2.1,1.72,0.65,-2.18,-2.95,-1.02,-0.14,-0.89,2.3,0.05,0.19,-0.86,2.86,0.36,0,0,1
1.66,-0.88,0.4,0.43,-2.3,-0.9,4.81,-0.35,1.66,-2.36,2.27,1.48,1.24,2.37,-0.97,-0.73,0,0,1
2.39,1.96,-0.54,-1.29,3.72,0.76,-2.14,-4.18,3.7,-0.24,2.1,0.61,-3.71,-3.46,3.29,3.88,0,0,1
5.37,0.8,3.41,-0.67,-0.65,-0.42,2.16,0.49,3.01,-0.79,6.39,-0.57,-5.98,-0.78,1.83,4.76,0,0,1
-0.18,0.89,-1.85,1.17,-1.73,2.98,-1.61,-1.74,-0.26,0.06,1.89,-0.2,0.84,0.57,1.51,3.01,0,0,1
-0.05,0.38,-1.99,-1.1,0.94,-3.97,-1.97,-3.09,-0.43,0.49,1.09,0.63,0.99,-0.32,1.54,-0.64,0,0,1
1.54,-1.14,-0.51,-5.74,2.26,-1.4,-0.79,-0.9,2.51,2.24,1.48,-1.19,-2.44,-2.35,2.55,1.97,0,0,1
3.5,0.84,-0.68,-5.51,-0.38,-0.18,1.93,1.96,1.55,-0.01,-0.28,-3.32,-2.24,1.78,0.65,1.47,0,0,1
-0.09,1.61,2.01,1.15,2.5,-1.38,-2.68,-1.06,0.42,1.52,0.75,-2.41,0.23,-1.89,0.72,0.6,0,0,1
2.9,3.3,1.38,-1.3,1.62,1.46,-0.0,-2.64,2.11,0.46,-2.56,0.02,-0.56,0.5,1.97,4.64,0,0,1
-1.68,3.86,2.02,1.17,-1.53,4.82,-3.62,-1.83,0.95,-1.37,-2.93,-5.29,-1.76,-2.07,1.67,6.8,0,0,1
0.12,0.34,-1.01,-1.3,-0.08,1.44,-0.05,1.11,0.07,2.23,-5.15,0.95,5.03,4.05,-0.08,3.12,0,0,1
1.26,-1.15,1.27,-1.82,2.73,-0.81,0.29,3.11,-1.23,0.73,1.84,-3.35,0.79,0.09,0.86,-2.61,0,0,1
2.43,1.97,1.28,0.12,1.53,-2.68,2.02,-2.49,4.41,-0.9,0.48,4.13,-0.36,-0.24,-2.74,0.85,0,0,1
1.76,3.08,0.51,2.26,1.17,4.03,-1.79,-3.06,0.63,0.04,0.1,1.1,-0.68,-0.14,0.76,3.1,0,0,1
1.32,0.71,1.78,-0.22,2.88,-1.8,-1.21,-1.65,2.1,0.04,1.04,2.94,-1.64,-2.47,-0.37,2.18,0,0,1
1.96,1.82,-0.69,1.71,1.52,4.34,2.52,2.33,-0.87,-2.7,-0.79,-0.25,1.79,1.14,0.92,1.13,0,0,1
-1.23,0.75,2.64,-0.07,-1.24,-1.83,-2.33,-2.66,-2.16,2.16,-3.02,1.14,1.48,0.47,-2.82,-1.54,0,0,1
1.88,2.34,-2.98,-1.46,3.79,2.05,-1.92,-3.73,-0.61,-0.86,0.51,-0.59,-1.78,-2.23,3.5,0.35,0,0,1
-2.73,2.27,1.4,3.16,-0.28,-2.72,-4.03,-1.66,-0.34,0.46,-0.53,-5.23,3.73,0.11,0.16,-1.16,0,0,1
1.9,1.18,1.51,1.54,-1.29,-2.62,0.96,-0.07,-1.12,-3.76,2.44,-1.33,-3.08,0.69,-1.1,-3.18,0,0,1
-0.46,-2.11,2.38,0.15,0.24,0.14,1.81,0.82,1.37,-2.19,0.42,-0.69,-0.25,-1.5,-1.23,-2.89,0,0,1
1.57,2.68,-0.81,1.43,-4.88,1.15,4.17,0.07,-2.07,-1.98,-1.82,-2.42,2.32,5.88,-3.24,-0.98,0,0,1
-0.65,3.09,-0.26,-2.85,0.4,-0.8,-1.63,-4.34,-0.94,1.93,-6.35,2.97,1.6,0.85,-4.51,-0.85,0,0,1
0.93,-1.25,0.58,0.42,0.04,3.07,0.76,3.12,-1.91,1.35,-0.92,0.37,1.14,2.99,-2.22,-0.72,0,0,1
0.63,1.36,-4.83,1.35,4.15,0.35,-3.7,-2.46,-2.76,1.71,3.67,2.03,0.7,-1.04,2.48,-1.01,0,0,1
-1.11,-0.14,0.78,3.12,2.97,-0.53,-5.19,-2.87,-0.85,1.5,-1.68,2.48,1.4,-1.1,1.7,0.73,0,0,1
-2.1,2.48,0.88,1.11,-1.0,-1.9,-1.0,-1.8,0.38,-0.32,-1.12,-3.44,2.63,-0.26,-2.17,-0.28,0,0,1
-0.44,3.39,-2.61,1.96,0.83,1.66,-1.46,-1.49,-0.86,5.38,-1.3,0.26,5.19,3.11,-3.2,1.13,0,0,1
-0.13,0.51,0.5,-0.65,2.57,-2.79,0.7,-1.05,1.8,0.98,-3.04,2.78,0.56,-0.72,-3.99,-0.77,0,0,1
-0.73,-2.37,1.03,0.64,-4.9,4.31,-0.53,0.61,-1.43,2.56,-1.72,2.12,3.33,4.21,0.33,5.0,0,0,1
-2.91,2.19,-1.64,1.17,3.48,0.8,-6.35,-6.85,0.12,0.33,-3.8,4.97,2.59,-3.71,1.35,2.9,0,0,1
-0.68,4.49,-0.49,1.91,1.32,2.69,-4.13,-4.44,-0.04,0.13,-1.51,1.61,0.16,-1.0,-1.94,2.35,0,0,1
-1.73,0.24,-0.22,0.88,0.78,-1.63,-1.36,-2.01,-0.07,-0.99,-2.54,1.26,2.21,-0.13,-1.31,-1.93,0,0,1
1.06,-1.32,1.79,1.26,-2.11,-0.7,0.06,-4.01,2.61,2.09,1.39,5.9,-0.41,0.87,-2.03,1.11,0,0,1
1.93,4.45,-2.88,-2.14,5.09,-2.42,-0.12,-3.07,2.24,-0.3,-1.6,3.96,-0.61,-1.94,-3.51,-1.21,0,0,1
0.61,-2.29,0.04,-1.97,-1.22,-1.13,2.29,-0.67,0.79,-3.01,-0.44,1.08,-0.35,0.52,1.61,0.25,0,0,1
1.72,-0.68,-2.45,-0.58,1.5,1.63,2.52,2.15,-3.05,-5.18,1.41,-0.35,0.11,0.23,2.73,-1.75,0,0,1
0.92,1.17,1.6,-1.27,-0.18,-2.76,3.06,0.23,-0.5,-4.77,-1.37,-3.13,-0.87,0.02,-1.56,-4.0,0,0,1
1.29,1.45,1.35,1.14,-1.11,0.3,0.76,2.73,-0.86,2.48,-0.47,0.93,3.71,4.19,-3.94,0.67,0,0,1
0.74,-0.32,-2.9,-1.62,2.9,-3.22,3.04,2.16,-2.94,-2.36,-0.78,-0.56,2.32,1.09,-1.67,-7.47,0,0,1
0.51,1.95,-0.67,3.93,-0.77,3.6,-3.88,-2.87,-1.91,2.35,4.3,3.4,0.59,0.1,-0.95,2.89,0,0,1
2.78,-3.17,1.49,-2.92,1.03,-2.4,0.94,4.15,2.31,2.29,1.61,-0.23,-1.47,1.59,1.22,2.01,0,0,1
1.55,-0.98,1.83,1.04,0.16,-1.96,1.59,0.72,1.3,-1.49,3.96,2.18,-2.44,-1.07,-2.07,-0.91,0,0,1
-3.68,1.51,-2.05,-2.76,-0.13,3.17,-2.32,-0.0,0.51,-1.47,2.0,-0.63,-4.85,-0.59,-0.74,-0.95,1,0,1
-0.07,0.86,1.77,-6.41,1.68,-2.17,-0.54,1.74,2.25,-0.73,-1.87,2.75,-1.85,-5.46,-0.35,-4.03,1,0,1
3.69,-2.59,0.13,0.0,4.05,1.89,1.77,1.45,2.71,0.7,1.35,0.1,0.85,1.23,-1.47,-2.95,1,0,1
-3.24,1.43,1.8,-3.82,-4.94,0.7,-2.32,-1.3,-1.44,1.82,-0.98,-3.4,-1.18,1.01,-1.15,-1.15,1,1,0
-0.05,0.05,-1.33,1.04,1.24,-3.22,0.09,-0.27,0.88,-1.42,-3.16,3.46,1.17,-2.78,-2.36,0.32,1,0,1
2.73,-0.96,4.89,0.71,1.3,-0.35,5.26,-0.62,1.17,1.46,-0.1,3.64,-2.47,-0.24,1.8,2.28,1,0,1
-0.26,-1.11,0.33,-0.21,-0.56,1.34,-2.96,-4.47,-3.76,1.1,2.56,-2.25,-2.48,-1.91,-0.31,0.38,1,0,1
-0.8,-0.84,-1.99,-2.02,3.04,3.23,-0.87,-0.54,0.5,-0.79,-1.47,-2.27,-2.51,1.87,0.92,-2.59,1,0,1
0.18,-1.32,2.7,0.48,-1.4,2.28,0.47,-3.69,-1.95,0.24,1.61,-4.21,-4.62,5.51,2.01,1.13,1,0,1
-3.61,-2.85,-0.1,-2.85,-1.17,2.91,-3.98,-1.22,0.17,0.36,-0.07,-0.69,-1.52,2.29,1.02,0.86,1,0,1
3.05,-4.05,4.23,3.73,-0.96,2.22,0.17,-2.16,-0.4,1.96,2.94,2.33,-1.82,-1.83,-1.35,3.23,1,0,1
-0.43,1.07,2.01,-3.14,2.66,-0.87,4.45,-0.56,-0.75,2.65,-0.18,0.14,2.38,1.49,2.3,-3.91,1,0,1
4.01,-0.13,-0.87,3.54,1.94,-1.38,0.83,-3.42,-0.23,-1.53,1.73,0.39,-4.16,-0.23,1.11,0.62,1,0,1
3.21,0.34,-3.22,3.25,2.97,0.16,2.82,3.0,2.51,0.57,-1.11,1.49,4.25,-2.01,-3.05,-3.11,1,0,1
-7.18,2.34,-1.13,-0.36,-2.44,-3.82,-3.31,-2.58,-5.37,-3.51,-0.54,-2.41,2.54,0.35,-1.44,5.69,1,0,1
2.36,-1.73,2.59,-4.68,-0.66,-2.47,2.39,-3.23,1.5,2.5,1.78,-2.35,-2.31,2.67,-0.97,-3.35,1,0,1
1.85,-0.7,5.04,-0.1,-2.64,-0.08,0.33,-2.72,-2.45,1.94,2.06,-1.87,-0.76,2.18,2.09,2.35,1,0,1
2.04,2.59,0.33,-2.2,-0.26,-3.82,1.53,-0.12,2.07,0.27,0.69,3.04,-2.43,-3.91,-2.02,-3.22,1,0,1
-0.55,2.22,-0.43,1.78,-3.94,1.88,0.31,-1.68,-1.45,2.51,-0.68,-2.4,0.94,0.14,-3.74,2.67,1,0,1
5.97,0.68,1.42,-3.62,-0.19,-1.44,3.42,-0.71,4.85,0.71,0.64,-3.27,-4.88,3.56,-2.18,-5.72,1,0,1
1.05,1.55,0.15,0.08,1.81,-0.19,-1.65,0.56,-2.3,-1.35,-2.15,-1.0,1.21,0.35,2.19,1.32,1,0,1
3.41,-3.22,1.28,-0.75,0.21,0.96,-1.1,1.25,1.55,0.86,3.6,0.5,-1.83,-0.28,-2.2,-1.28,1,0,1
-0.72,-1.17,2.45,-3.84,0.56,2.8,0.96,-1.54,-0.52,2.03,1.44,-0.94,-4.03,0.75,2.64,-1.3,1,1,0
2.41,-2.64,1.87,-1.41,3.39,-1.98,2.98,-1.55,-0.41,-1.31,-0.96,-2.75,-2.8,0.67,0.55,-1.4,1,0,1
1.38,-4.76,3.06,-1.82,1.4,1.79,-0.5,-2.76,-1.23,4.71,5.66,2.0,1.0,-3.59,0.3,-2.38,1,0,1
1.6,1.73,0.29,1.71,1.66,-1.86,6.31,-1.81,0.71,0.32,-1.17,0.59,-0.61,1.11,1.25,1.0,1,1,0
1.49,-3.42,2.86,-2.5,-0.07,0.73,0.59,-1.01,0.51,3.4,1.52,-0.29,1.78,-1.8,-2.32,-0.85,1,1,0
3.43,-2.56,4.74,-4.7,-3.82,2.92,-2.84,-1.46,1.18,5.56,4.0,-0.44,-0.9,-1.69,-2.28,0.17,1,0,1
0.58,-1.6,-0.84,-1.93,-1.3,1.55,-3.71,1.37,2.49,-1.34,2.05,-0.66,-2.74,0.78,-0.71,-0.54,1,0,1
2.99,-0.83,4.11,0.59,-2.53,0.92,0.45,-0.4,-2.11,2.15,1.11,-3.55,0.68,3.2,0.62,2.91,1,0,1
0.92,-2.2,-2.89,6.71,0.59,-0.11,-0.72,-2.7,0.39,-3.34,-0.32,2.02,-3.46,-0.94,1.75,4.09,1,0,1
5.37,-1.14,3.32,-0.24,-0.04,2.08,1.19,2.9,2.52,2.23,4.09,1.85,0.25,-0.6,2.17,0.02,1,0,1
2.7,-1.94,-0.27,2.34,0.06,3.35,2.17,0.03,1.89,2.84,1.54,0.56,-0.43,1.79,-0.44,-0.33,1,0,1
-3.57,-0.9,-5.14,2.48,2.26,0.76,1.14,-2.61,-0.33,-1.91,-2.89,-2.17,-1.8,2.3,-0.11,-2.08,1,0,1
3.41,-0.71,1.27,3.3,1.18,0.29,-0.36,2.05,-0.24,0.07,2.12,4.3,0.31,-1.56,2.07,2.23,1,0,1
0.87,-1.34,-0.02,-4.86,2.95,1.03,-2.54,-4.73,-1.37,-1.84,1.68,-4.92,-7.11,1.36,4.13,-3.86,1,0,1
-0.92,-3.4,-2.54,-2.52,-0.65,4.29,-4.91,0.26,2.01,0.99,3.46,-2.22,-0.28,-0.86,-5.3,-2.65,1,0,1
2.67,0.42,2.44,-4.47,-0.93,0.28,2.83,1.18,5.89,-0.78,-1.47,0.01,-7.23,2.28,0.11,-0.71,1,0,1
0.71,-2.12,0.56,-3.61,-1.19,1.43,-0.6,-1.59,2.4,2.21,-0.61,-2.12,-3.18,1.36,-3.52,-3.11,1,0,1
-3.01,2.14,-0.24,0.74,-0.35,0.07,-1.19,0.2,-1.81,-0.38,-2.43,1.92,4.12,-2.57,0.69,3.26,1,0,1
-1.11,-0.13,-1.24,1.31,2.68,0.16,-1.07,0.32,-1.85,-0.23,-0.3,3.55,2.37,-3.02,1.93,0.66,1,0,1
2.23,-0.15,2.25,0.68,-2.17,-2.63,1.38,0.24,-1.64,0.75,0.53,-1.64,0.78,-0.31,-3.05,3.2,1,0,1
1.91,0.8,0.8,-1.42,0.05,0.59,3.22,-0.6,1.56,3.25,0.51,-1.08,-0.12,0.75,0.08,-4.33,1,0,1
3.57,0.92,-0.35,-0.65,-1.94,-1.8,-2.38,0.87,2.51,1.83,-0.3,3.42,0.77,-2.62,-1.91,-1.91,1,0,1
2.86,0.79,-3.33,0.71,4.03,-2.06,3.28,-1.49,1.49,0.86,-2.2,0.25,0.83,1.67,-0.56,-5.49,1,0,1
2.32,0.77,1.3,-1.32,0.55,-2.36,-1.66,1.76,-2.01,-0.27,-0.15,-0.9,2.63,-0.35,1.68,-1.89,1,0,1
-2.34,0.8,-3.67,-0.23,3.24,-3.93,0.29,-0.57,-0.14,-3.58,-3.79,0.41,1.68,-0.21,0.01,0.07,1,0,1
-1.43,0.59,-1.07,0.12,-1.38,-2.76,-1.09,-0.87,-0.56,-1.49,1.87,1.55,-0.23,1.87,0.33,1.18,2,0,1
-0.16,-2.22,-2.48,-1.85,-1.31,1.25,0.95,1.03,-1.01,2.5,2.75,2.34,2.95,-2.07,3.8,-1.23,2,0,1
-2.02,-1.15,-3.92,1.72,4.77,3.07,1.54,3.06,0.54,6.63,1.55,-2.07,2.09,-1.48,2.0,-3.44,2,0,1
-4.81,-2.87,-1.87,1.8,-1.28,-3.59,3.63,-2.25,-0.29,-1.47,1.02,-2.3,1.76,-0.96,1.05,-4.0,2,0,1
0.32,2.09,1.07,-0.14,1.08,1.8,-1.83,-2.12,-2.88,1.83,-1.55,0.7,0.27,-1.34,1.85,1.61,2,0,1
-2.48,-4.47,-0.63,3.02,6.48,1.22,3.6,2.72,4.41,4.83,0.22,-0.05,0.24,-2.93,-1.65,-6.29,2,0,1
-2.28,3.42,-3.84,-0.9,3.74,3.4,-1.47,-1.18,-3.48,3.1,0.11,0.83,0.76,-0.67,3.18,1.04,2,0,1
-0.14,1.25,-0.72,-0.03,-0.17,0.81,0.88,0.62,2.36,1.39,-1.05,-2.48,-0.64,1.49,0.16,3.25,2,0,1
0.75,3.07,-2.41,-2.69,-2.18,3.58,-2.19,3.02,-3.76,-4.46,2.8,3.06,1.37,-0.43,0.74,-1.16,2,0,1
-2.42,-0.71,1.13,5.47,-1.96,-1.47,-0.63,4.55,1.37,-4.35,3.22,0.43,0.05,1.38,-4.41,-1.05,2,0,1
-3.42,-4.21,1.45,1.25,3.55,-2.77,1.6,-0.34,2.52,-3.48,-1.51,0.0,-0.44,-3.9,-4.11,-4.06,2,1,0
0.73,0.95,0.99,2.12,-4.97,-1.02,-1.57,1.2,0.24,-3.3,-0.87,-1.15,0.68,-1.87,-1.57,2.11,2,0,1
-2.26,2.02,-3.54,2.53,0.18,5.03,-0.14,0.28,-4.41,-1.07,-1.15,-1.75,-0.42,1.05,3.82,3.75,2,0,1
-0.8,-0.46,1.22,1.11,0.55,1.76,1.97,0.9,-1.38,-1.3,-0.14,1.64,0.93,-1.79,-0.47,-1.17,2,0,1
-0.66,1.73,0.08,2.51,3.37,3.98,0.66,-3.13,-1.18,5.25,-3.28,-3.52,1.41,-2.56,2.16,0.23,2,0,1
-1.5,0.31,-1.72,0.97,5.02,1.97,1.52,2.9,-1.37,2.27,3.03,4.2,1.88,0.07,0.9,-5.09,2,0,1
-0.3,2.3,0.46,0.97,-4.39,-3.45,-1.9,-0.51,-1.91,-2.46,2.37,1.51,1.29,1.07,-0.18,-0.85,2,0,1
-0.48,0.14,1.84,-2.38,3.51,0.38,-3.59,1.49,-0.17,-0.65,-2.6,1.26,-1.49,-5.59,-2.81,-2.21,2,0,1
2.99,-2.78,4.37,-6.54,1.49,-3.96,1.62,-2.08,2.69,-2.43,-2.67,1.88,-3.46,0.46,-2.16,-1.07,2,0,1
-4.75,-1.57,-1.51,4.19,-1.41,2.42,-1.32,3.61,-0.34,-0.01,3.32,1.7,1.33,-0.67,1.09,1.33,2,0,1
4.19,1.96,4.27,-4.21,1.65,-0.28,0.66,-6.48,-3.52,3.23,-4.13,2.36,-0.27,-2.29,2.35,-1.74,2,0,1
-0.39,-0.42,-0.0,-0.87,-1.76,-0.44,-1.32,0.07,3.01,-0.69,-0.33,-0.61,-0.7,-0.13,-1.98,3.84,2,0,1
2.31,4.52,2.12,-2.88,-1.83,-3.56,2.78,-0.65,0.56,-1.61,1.57,3.26,-1.44,5.64,-1.76,-1.16,2,0,1
0.03,6.89,-0.84,3.7,-2.3,-0.19,-2.92,-1.03,-5.67,-1.53,3.21,3.61,4.04,1.91,1.89,0.19,2,0,1
-0.43,-2.08,-1.22,-0.14,-4.95,-2.03,-0.39,-0.15,1.41,-3.28,-1.67,-4.93,-0.9,-0.11,0.0,3.62,2,0,1
2.57,2.4,2.39,-3.31,2.56,1.55,-0.76,-1.27,-4.03,2.36,-1.97,2.32,-1.28,-1.55,1.56,-2.44,2,0,1
0.13,-1.88,-1.4,-0.01,0.3,-0.64,0.02,0.41,-0.99,-2.19,2.65,2.96,1.42,-0.23,0.12,-1.7,2,0,1
-0.99,0.93,-0.5,-0.95,1.2,-1.96,-0.42,-0.1,0.79,-0.39,-1.57,-0.18,-1.15,0.55,0.16,1.91,2,0,1
-0.22,-1.38,3.31,1.03,3.93,-0.29,1.37,1.56,0.53,1.88,-1.09,1.94,-2.37,-0.49,-1.26,-1.44,2,0,1
2.09,2.48,0.19,-0.73,-0.74,-0.97,-4.12,0.5,-0.8,-0.0,0.72,2.4,0.85,0.12,0.34,1.95,2,0,1
-1.77,-0.35,-1.98,1.29,-0.49,0.38,1.43,4.11,1.35,-0.45,2.53,0.76,-0.24,1.72,-0.08,-0.25,2,0,1
2.11,-1.59,5.6,0.66,-1.3,-2.25,1.37,-3.6,0.03,-1.01,-0.3,2.09,-1.2,2.11,-1.49,-1.09,2,0,1
1.57,4.38,-1.5,0.5,0.26,3.66,-3.35,1.08,-2.99,2.01,3.47,1.44,3.11,0.9,0.87,-0.7,2,0,1
0.82,0.26,2.06,-3.16,1.02,0.55,1.99,1.76,1.18,-0.86,-0.98,2.48,-1.16,0.11,-0.84,-0.3,2,0,1
-2.34,-5.06,-2.73,6.06,-0.68,0.8,-1.67,1.47,1.33,3.35,0.46,-3.56,3.33,-4.92,1.11,0.61,2,0,1
-1.07,3.91,-2.39,0.31,2.31,2.03,0.56,2.76,-1.46,-0.64,3.66,3.58,-0.48,4.12,-0.63,-1.61,2,0,1
2.48,-2.0,4.74,2.63,0.18,-0.54,1.46,-1.51,0.49,3.12,-1.34,-0.55,-2.25,2.63,0.41,3.43,2,0,1
0.51,0.88,0.2,1.55,4.07,1.26,-0.23,-0.15,0.86,-2.65,-3.14,-0.38,-3.33,1.67,-2.89,4.21,2,0,1
-2.34,0.91,-6.22,-2.89,2.0,2.71,1.52,3.98,1.73,1.76,2.86,0.51,1.6,1.43,1.73,0.25,2,1,0
-2.34,-2.52,1.77,1.6,-2.14,-2.3,2.0,-3.05,-1.52,-1.85,0.06,1.28,0.48,-1.61,0.35,-2.28,2,0,1
0.81,1.44,2.41,0.52,0.96,0.26,-1.07,-0.03,2.67,-1.91,-1.75,-0.52,-2.9,1.39,-5.16,-0.85,2,0,1
-0.54,-4.38,2.05,1.06,-1.92,-4.58,3.31,-2.24,0.66,-2.74,0.91,1.76,0.91,-0.08,0.0,-2.25,2,0,1
1.91,3.11,-0.01,-0.61,-1.01,-0.9,1.11,-4.99,-3.37,4.44,2.32,1.92,2.62,1.38,2.91,-5.46,2,0,1
-1.46,-6.74,2.54,-0.73,-2.26,-2.71,2.3,-0.53,5.18,-1.04,-0.97,-0.43,-2.88,0.37,-1.69,3.59,2,0,1
3.46,3.72,2.09,-1.46,1.42,1.62,-3.0,-0.01,-1.37,3.6,-2.55,0.09,-2.48,1.58,0.37,3.77,2,0,1
-1.02,-1.04,0.43,2.65,1.26,-3.36,2.95,-1.0,2.66,-1.4,0.85,-1.75,-1.06,3.35,-3.85,-1.62,2,0,1
-0.22,0.61,-0.15,-0.73,-1.11,0.46,-0.4,-0.35,-4.5,0.41,-0.4,0.88,1.36,1.72,3.02,-1.23,3,0,0
1.82,2.25,1.44,3.11,0.23,2.2,0.99,1.51,0.16,-2.64,-0.96,1.45,-1.8,0.47,-2.02,-3.27,3,0,0
-4.65,-1.32,-1.22,0.37,-1.54,2.21,2.13,-4.91,1.71,2.65,-1.33,-3.05,4.98,2.29,-0.5,-7.22,3,0,0
2.45,1.22,2.67,2.07,2.35,-0.76,2.81,0.66,-6.66,3.73,-2.1,3.63,0.33,-1.0,4.19,-0.39,3,0,0
-0.18,2.42,1.68,-2.31,-1.4,-2.96,0.32,0.27,0.72,-0.64,0.88,0.88,-2.75,1.37,-0.48,2.97,3,0,0
-0.07,0.69,3.07,2.3,0.9,4.13,3.12,3.86,2.37,-2.43,-4.04,2.45,-3.46,2.61,-2.87,0.57,3,0,0
-1.66,2.7,3.53,-0.87,-0.22,-1.37,0.51,0.93,1.46,4.23,4.33,1.97,-1.56,-1.23,-2.68,2.11,3,0,0
0.23,-0.44,-6.58,-1.04,-0.25,1.62,-2.65,-3.71,2.78,-5.95,-5.1,-4.62,1.5,1.45,-2.26,-1.14,3,0,0
0.76,-0.52,1.24,3.32,3.34,0.9,-1.02,1.79,4.0,-4.17,-0.16,-0.32,-1.56,-0.11,-3.0,-0.52,3,0,0
1.46,4.34,-0.73,3.18,-2.77,-0.48,0.37,1.33,-0.52,-0.51,3.25,1.56,-3.83,1.53,-1.19,0.33,3,0,0
-0.08,0.79,-0.25,-6.81,0.28,0.74,-0.87,0.18,1.02,0.08,0.92,0.71,3.26,-1.03,-0.96,3.02,3,0,0
3.36,4.32,-2.06,-4.53,0.72,-5.63,-3.05,-2.84,-0.26,-1.38,0.15,0.12,1.38,-1.24,-0.77,1.4,3,0,0
0.63,0.86,2.39,1.48,2.01,1.19,0.76,1.47,0.72,0.29,-1.35,2.56,-0.55,-0.54,-2.66,-1.98,3,0,0
-2.55,-4.29,-1.7,2.17,0.38,4.47,1.0,0.56,4.8,1.97,-3.33,-1.58,1.51,0.9,0.24,1.34,3,0,0
-2.71,0.25,-0.79,-4.3,0.89,-0.5,-0.03,-3.87,2.29,-1.68,1.04,-2.19,1.45,-0.79,-0.24,0.92,3,0,0
1.3,1.86,-1.83,0.57,-1.85,2.32,-0.84,3.4,4.92,-4.12,2.78,3.68,-2.63,1.38,-2.64,2.61,3,0,0
-4.22,-5.23,-0.92,1.79,-1.13,6.27,2.2,-0.53,1.98,2.1,-3.9,-1.4,1.69,1.12,1.83,-2.3,3,0,0
1.94,0.75,0.05,0.42,-1.12,-1.19,-1.34,2.64,-2.41,-3.61,2.09,1.69,-4.42,-0.09,-0.72,1.25,3,0,0
-0.94,1.05,3.72,2.06,-0.64,0.64,0.55,1.28,-1.76,3.84,-2.31,-0.52,-1.88,0.92,-0.48,1.45,3,0,0
4.21,-1.83,2.7,5.66,3.84,-3.35,-1.13,3.6,-2.92,-0.54,2.36,3.97,-0.09,-1.91,-0.91,-3.45,3,0,0
-3.16,1.58,-3.4,0.69,-7.42,8.17,4.26,-0.68,1.8,2.93,-3.73,-2.64,-1.75,3.71,1.81,0.12,3,0,0
2.47,1.83,-4.05,3.88,0.52,-0.9,-2.11,-1.08,2.53,-0.02,0.12,-0.25,1.39,-0.12,-2.7,-1.36,3,0,0
0.85,-0.28,-1.31,1.74,1.87,0.2,-3.46,-0.14,3.62,-1.08,1.12,-0.87,0.8,-2.59,-4.54,-1.26,3,0,0
-2.76,1.37,4.6,2.44,1.82,-4.77,-2.05,-2.25,-1.97,3.39,7.53,-0.41,1.54,-0.9,-0.52,-4.43,3,0,0
-2.1,-0.44,1.73,-3.83,3.29,-0.08,1.64,-2.89,-0.55,2.79,-2.03,0.77,5.45,-0.61,-0.71,-2.63,3,1,1
-2.63,-3.91,-0.18,0.52,-0.58,0.18,-1.56,1.11,2.53,-2.04,-0.95,-1.8,-1.82,1.88,-0.86,1.85,3,0,0
2.0,-0.36,-1.33,-1.44,1.52,-1.05,-1.62,1.13,-2.69,-4.53,0.91,0.26,-1.2,-0.72,1.28,2.75,3,0,0
-6.05,-0.57,3.17,-1.01,-2.04,0.95,2.01,-2.64,2.84,2.41,0.95,-2.15,-2.41,0.03,-1.16,-1.43,3,0,0
3.75,3.97,-0.57,-0.16,-1.65,-1.48,-0.19,2.29,-3.65,0.1,1.55,4.0,-0.47,1.21,0.06,0.8,3,0,0
-2.44,-2.87,-0.36,3.16,-2.52,2.59,2.92,1.02,-0.51,2.84,-0.73,1.59,-2.52,1.27,3.14,1.1,3,0,0
0.57,-1.56,1.5,1.83,-0.56,-1.49,-0.05,1.14,-2.59,0.86,-1.01,0.01,-1.96,-0.07,0.69,0.46,3,0,0
0.65,2.52,4.92,-1.37,1.79,-2.28,1.13,0.22,-6.26,1.64,1.07,1.08,-0.79,-1.48,0.08,0.02,3,0,0
0.61,1.05,0.74,0.46,1.23,0.6,1.32,0.29,2.23,0.16,-0.24,1.5,-0.69,-1.3,-2.49,-0.12,3,0,0
0.81,2.35,2.13,-1.07,1.4,-1.78,0.39,0.09,-3.2,-2.05,2.53,1.44,0.93,0.75,-0.46,-1.76,3,0,0
-2.11,-1.28,-0.58,-0.03,-1.16,1.83,0.86,-0.54,1.64,-0.19,0.62,-0.79,-2.11,-0.6,1.38,0.94,3,0,0
-2.69,1.16,4.53,0.77,0.1,1.51,1.43,0.45,-0.71,0.65,-0.13,0.72,-1.43,1.03,-3.23,-2.84,3,0,0
2.77,-0.97,-5.48,2.05,1.13,-3.46,-2.73,-2.83,2.19,-0.49,1.9,-2.02,2.76,-2.35,0.72,-0.49,3,0,0
-2.38,-3.02,-3.02,2.04,0.28,-0.84,-3.74,-3.33,-0.74,-0.97,1.88,-2.83,1.53,-0.19,3.17,-1.15,3,0,0
-0.27,0.85,2.69,2.99,-0.82,-2.53,-1.96,1.26,0.32,-0.82,2.45,0.55,-2.21,1.88,-1.15,-1.6,3,0,0
1.41,2.06,-0.56,2.95,-0.73,0.77,0.77,1.39,1.29,0.25,1.48,2.95,-0.54,1.27,0.11,0.22,3,0,0
2.02,-0.45,-0.02,0.93,1.35,0.12,-1.12,2.3,0.75,-3.11,0.71,2.66,1.28,0.88,-0.47,-1.59,3,0,0
-0.97,-3.14,-1.8,-4.55,0.86,-1.63,-0.57,-2.32,-0.63,2.2,-0.96,-3.17,2.5,-1.77,5.23,3.0,3,0,0
2.17,5.9,0.71,3.58,-5.7,4.46,2.37,3.87,-0.05,-1.64,-0.05,3.9,-2.89,5.32,-2.26,-2.96,3,0,0
1.38,-3.43,-3.13,-0.32,2.18,-0.58,-0.54,-2.57,-1.39,0.77,-6.78,-5.3,1.78,-1.71,3.17,2.48,3,0,0
6.58,5.4,0.25,2.43,-0.52,-4.17,-0.55,2.91,-3.6,-1.41,4.35,4.26,-2.58,-0.66,0.01,0.1,3,0,0
0.46,-3.4,-1.46,3.47,1.8,-0.88,-2.45,1.41,-0.91,0.31,1.12,0.39,1.11,0.28,3.5,1.59,3,0,0
1.55,1.58,0.57,0.48,-1.42,-0.52,0.65,1.72,-2.38,1.47,4.02,1.58,-1.89,-1.92,-0.22,1.82,3,0,0
-0.4,-3.79,-0.29,2.52,1.71,2.34,3.07,1.28,4.48,0.94,-0.38,1.97,0.76,-1.27,-0.1,-1.18,3,0,0
-0.15,-1.2,-0.19,-2.74,2.05,-0.49,-0.3,-1.72,1.04,-0.74,-0.9,-0.38,3.42,-0.46,2.4,-0.42,3,0,0
-0.4,1.56,2.28,6.81,-1.8,1.56,0.07,3.85,-0.75,-2.74,3.7,3.47,-3.38,4.26,-1.62,-3.82,3,0,0
0.94,-2.73,0.71,2.64,1.77,1.4,0.29,2.02,1.79,0.7,-1.49,1.49,0.26,-1.04,0.69,0.24,3,0,0
-1.3,-0.55,-1.96,3.68,-0.24,2.62,-0.89,-1.33,4.2,-2.01,-1.15,-0.84,0.98,1.43,-3.48,-5.84,3,0,0
-2.19,-1.73,-2.22,-1.06,0.51,-1.27,-0.42,-3.33,3.82,3.13,2.35,-0.64,3.01,-1.97,1.23,1.14,3,0,0
1.6,1.51,-0.8,-2.98,1.46,-3.81,-1.63,-3.02,-3.15,-3.16,-0.06,-2.28,-0.73,-2.2,-0.27,0.8,3,0,0
2.14,5.18,-1.68,-0.54,-3.05,0.49,-1.39,-1.03,-1.42,-1.86,0.3,-0.44,-1.03,0.03,-3.56,-3.12,3,0,0
3.91,1.15,-1.18,-5.39,3.42,-2.3,-2.61,1.06,-1.81,-4.95,0.7,0.25,1.71,-2.09,-1.52,3.26,3,0,0
-0.39,-0.78,2.61,1.99,1.83,-1.82,-1.01,1.19,4.42,-2.15,0.33,-0.19,-2.9,-0.06,-3.1,0.22,3,0,0
1.25,1.83,-4.73,1.34,-4.69,3.87,0.45,0.49,5.01,-2.45,-1.67,1.07,-0.39,2.94,-1.91,-1.84,3,0,0
-1.97,-4.08,1.67,2.75,0.31,0.81,1.43,1.46,2.02,-2.25,1.89,2.28,-0.91,0.83,-0.2,-4.42,3,0,0
-2.65,2.6,-0.46,-3.19,-3.48,0.35,-0.07,-2.86,-3.94,0.44,-0.12,-2.72,-3.11,0.1,0.85,2.19,3,1,1
2.42,-1.3,0.06,-0.66,0.46,2.43,0.28,3.54,-6.22,0.22,-3.99,0.97,-1.63,-0.25,4.59,5.45,3,0,0
-1.6,-3.1,-0.69,3.29,-0.68,2.36,0.25,1.56,2.22,-4.13,0.16,1.23,0.13,4.13,1.61,-2.66,3,0,0
-0.96,3.08,-0.62,1.29,-4.17,5.27,2.78,-0.06,-0.33,-1.41,-1.51,-0.27,-3.54,1.52,-1.44,-1.5,3,0,0
-0.59,-1.13,3.79,3.72,0.35,-0.66,0.0,1.76,-0.98,1.43,-2.26,-0.93,-1.36,2.01,-0.56,-1.12,3,0,0
-3.83,-1.98,-1.96,1.76,-3.04,3.2,2.38,-1.0,2.46,2.35,-2.62,-2.73,-1.4,2.97,2.49,1.67,3,0,0
-0.55,1.15,-2.73,-1.96,-2.08,1.65,0.73,-0.32,-0.46,-2.54,-0.72,-0.91,-2.66,1.2,0.42,2.86,3,0,0
-5.16,-3.83,-0.04,0.45,-2.66,0.89,2.17,-1.08,0.68,2.84,0.3,-2.31,-0.84,2.57,4.61,1.95,3,0,0
-1.3,-0.35,2.44,-0.61,-0.47,-0.48,-0.57,-1.53,-0.89,-0.38,-1.81,-3.74,-1.52,-1.15,-3.02,-2.57,3,0,0
-0.97,-0.69,1.34,0.64,-1.99,2.01,2.17,2.18,-1.04,0.33,0.23,1.03,-0.5,2.64,1.55,-0.63,3,0,0
-2.03,1.76,0.76,2.76,-1.35,3.5,1.84,1.29,4.75,0.72,1.98,1.68,-2.67,0.72,-3.24,0.21,3,0,0
1.35,-0.92,1.99,2.15,1.15,0.12,1.59,3.25,-0.65,0.25,-0.4,3.08,-0.91,1.13,1.07,1.03,3,0,0
2.05,2.17,-0.72,3.37,1.29,-1.55,-1.11,-1.53,-0.71,-0.93,1.53,0.03,-0.27,-1.49,-0.7,-2.35,3,0,0
5.64,4.13,0.13,-3.38,0.6,-1.38,-1.81,2.1,-2.57,-1.9,-3.71,0.26,-0.61,-1.02,-3.54,1.76,3,0,0
-1.16,-0.52,-0.82,-3.29,1.07,-2.5,-2.03,-2.88,0.27,-1.88,0.74,-2.29,2.27,-0.35,-0.9,0.18,3,1,1
-1.26,1.24,3.33,0.83,-1.12,2.17,2.78,1.97,-0.31,1.36,3.37,3.13,-0.31,0.75,-0.87,-2.65,3,0,0
-1.62,1.43,0.97,1.05,1.32,2.96,3.08,-0.83,0.14,-2.93,-2.06,2.81,-0.32,2.52,-1.0,-3.07,3,0,0
-1.34,1.11,1.13,-0.4,-2.45,4.05,2.85,1.77,0.88,1.8,-0.48,1.5,-0.84,1.56,0.08,0.54,3,0,0
3.13,-0.22,-1.55,1.02,2.0,-2.73,-1.0,0.28,3.67,-0.49,-0.6,0.98,2.2,-0.54,-1.85,-1.33,3,0,0
1.13,3.25,2.58,1.76,0.78,-2.04,-0.37,1.05,-3.12,-0.23,4.25,4.12,-0.46,0.45,-0.52,-2.29,3,0,0
-2.27,-3.62,2.68,-1.54,3.59,-0.72,1.2,-0.05,3.89,-0.2,-1.85,-0.53,-0.15,-1.06,-1.16,1.97,3,0,0
-1.29,-2.25,-3.9,3.63,-1.98,3.99,0.65,0.61,0.49,-0.29,-1.99,-0.58,-1.37,2.36,2.64,1.06,3,0,0
-2.37,-3.94,-2.6,-1.15,-0.74,-0.56,-0.27,-0.58,1.0,2.22,0.87,-2.49,-0.35,-0.68,2.98,5.43,3,0,0
-1.93,3.13,-0.79,-3.81,-4.27,3.97,3.23,-1.8,-1.2,3.34,-2.62,-0.0,2.02,2.64,2.13,-0.31,3,1,1
-1.36,-0.2,1.4,4.66,-0.02,3.47,4.02,2.36,-0.92,2.09,1.18,4.81,-0.17,2.72,2.83,-1.39,3,0,0
-0.11,-0.53,-0.31,-3.37,-0.17,-2.29,-0.83,-0.34,-6.51,-1.7,0.24,-1.55,-0.52,0.78,3.15,4.14,3,0,0
2.2,-0.61,-3.29,2.73,-0.77,3.1,1.13,2.2,4.43,-0.9,0.49,2.67,-1.66,-1.73,-1.77,0.14,3,0,0
3.2,5.03,3.41,-0.0,0.52,-5.77,-2.43,0.36,-3.26,-0.62,6.74,1.3,-2.24,-3.31,-4.1,-2.16,3,0,0
-2.27,-3.66,-4.81,3.06,-3.47,1.34,-2.67,-4.18,-0.7,0.82,-3.81,-4.98,1.23,1.09,2.09,-4.75,3,0,0
-1.06,0.53,3.2,4.21,0.17,-1.07,0.7,0.25,0.84,1.12,3.16,0.84,-2.43,-0.5,-0.92,-2.45,3,0,0
1.35,1.45,-2.7,2.49,-0.88,0.26,-2.19,-0.07,1.82,-1.34,1.85,1.83,1.27,0.88,-1.3,-2.09,3,0,0
3.93,1.31,1.18,-1.99,1.49,-2.35,-1.38,2.79,-5.52,1.42,1.31,1.61,0.29,-2.56,0.03,2.6,3,0,0
0.2,-0.51,0.62,-4.21,-0.78,-0.53,0.6,-0.18,-2.02,-2.24,-0.48,-1.7,-1.86,-1.33,1.1,2.28,3,0,0
-3.46,-2.45,-0.06,1.35,0.19,5.96,2.94,-0.26,4.45,-1.13,-2.28,1.79,2.49,2.29,-2.12,-5.36,3,0,0
2.91,1.71,2.06,0.58,1.96,-4.92,-1.49,2.33,-1.21,-1.11,1.64,2.02,-2.18,0.28,-0.23,2.98,3,0,0
-2.51,2.13,2.22,1.73,-6.96,4.6,2.25,0.94,-6.72,1.1,-3.1,-2.97,-4.28,4.74,1.92,-1.43,3,0,0
0.51,1.74,-2.22,-4.24,-3.24,-0.81,-0.5,-1.74,-2.98,1.97,-0.16,-0.88,0.09,-0.79,2.52,2.41,3,0,0
-1.12,1.01,2.6,-1.66,1.27,-1.83,0.32,-2.48,-3.02,-1.53,-0.28,-0.28,0.92,0.3,-0.71,-3.24,3,0,0
-2.11,0.67,-0.51,-0.56,-2.32,1.08,-0.55,-1.04,0.84,1.74,0.49,-0.02,-1.55,0.09,1.08,1.83,3,0,0
-0.03,-0.18,-0.22,1.29,0.3,1.91,-0.6,0.37,2.99,-4.85,-0.23,0.87,-1.06,0.75,-1.89,-2.75,3,0,0
1.79,0.04,-1.95,-1.2,1.72,-3.22,-0.85,-1.94,0.61,-0.9,1.39,-0.78,0.24,-3.15,-0.57,0.23,3,0,0
0.26,0.25,0.41,5.99,1.49,6.06,1.86,3.69,6.0,0.3,0.81,7.27,2.55,1.82,-3.92,-3.97,3,0,0
-7.19,-0.07,-0.12,-1.96,-3.58,1.7,0.54,-5.14,4.02,0.8,1.48,-5.0,1.77,2.21,-3.88,-5.35,3,0,0
-4.23,-0.16,3.01,0.99,-1.8,0.01,-0.04,-0.2,1.8,2.16,2.5,0.83,-1.94,1.43,-0.25,-0.42,3,0,0
-3.37,-3.06,-2.92,-0.67,-0.56,-0.36,-0.17,-5.69,0.15,-0.37,-1.33,-3.25,3.59,0.73,2.34,-4.0,3,0,0
3.31,3.21,-1.47,-3.1,-2.43,-0.57,-3.07,1.63,-1.52,-1.13,1.63,-1.35,0.42,-0.58,-2.22,0.47,3,0,0
-2.57,-2.27,-0.55,-1.61,0.05,1.13,0.7,-2.14,-0.89,0.66,-2.95,-2.18,2.18,1.34,2.08,0.11,3,0,0
0.24,-1.98,-6.6,-0.71,-2.25,-2.53,-3.06,-1.73,6.04,-2.44,0.02,-4.44,-2.46,-0.25,0.71,5.29,3,0,0
-1.77,-0.95,-2.0,-0.14,-1.04,-0.05,-0.76,-0.36,-0.99,-4.79,2.53,-0.72,-1.4,2.73,2.22,-0.07,3,0,0
-1.97,0.13,-2.59,-5.14,-1.31,1.45,1.06,-2.03,0.92,0.79,-2.32,-0.26,1.65,0.98,1.55,2.76,3,0,0
1.53,-1.15,-0.94,-0.46,3.52,-4.33,-3.56,0.56,2.44,-1.73,4.02,-0.62,1.33,-1.41,0.96,2.9,3,0,0
0.52,3.54,-0.53,-3.56,-3.11,0.9,1.14,0.49,1.46,1.61,1.34,1.0,-0.24,0.2,-1.09,2.38,3,0,0
-1.78,-0.37,2.43,2.98,-1.15,3.12,1.05,1.43,-1.33,-0.0,0.56,-0.17,-3.41,0.21,1.14,-0.57,3,0,0
-3.75,1.09,1.63,-0.02,-2.12,2.16,2.5,-1.59,1.39,2.37,-0.66,-1.01,-0.37,1.9,-1.08,-0.61,3,0,0
0.63,0.12,0.33,-5.22,2.43,-5.68,-2.39,-2.17,-4.55,1.18,1.28,-0.39,3.71,-1.3,1.15,1.98,3,0,0
-0.75,-1.7,2.93,-4.49,1.25,-5.95,0.48,0.29,1.89,4.62,2.44,0.55,-1.09,-2.7,1.92,6.68,3,0,0
2.62,1.9,2.24,2.85,0.49,-3.36,-0.0,3.31,0.96,0.74,3.23,3.8,-2.43,0.56,0.29,2.03,3,0,0
1.9,3.2,-0.4,0.66,-1.26,1.91,1.51,2.26,1.21,-0.25,2.07,2.7,-1.65,-0.26,-1.97,0.66,3,0,0
0.49,0.66,1.37,1.21,2.23,-2.64,-0.13,-0.58,0.97,-1.67,0.53,0.31,-0.52,-0.18,-2.5,-1.4,3,0,0
1.22,1.44,-1.79,0.48,-2.38,0.54,-1.68,1.36,-0.62,1.22,3.3,0.44,0.41,-0.22,-0.4,0.22,3,0,0
-0.57,0.79,0.94,0.67,-2.06,1.74,1.4,1.57,-0.03,0.18,0.45,0.56,-1.19,2.05,0.6,-0.06,3,0,0
2.04,0.77,1.31,3.3,3.33,-1.34,-2.12,0.85,3.19,-6.87,2.97,4.09,-0.37,-0.24,-4.2,-5.53,3,0,0
3.2,6.87,1.77,-0.64,-2.29,-1.12,1.3,0.87,-2.69,2.78,1.39,1.78,-2.8,-1.94,-4.35,0.29,3,0,0
-2.45,-3.22,1.82,-2.14,0.11,-0.12,2.09,-0.43,-0.66,4.69,-0.32,-0.9,-0.11,-2.16,3.04,3.64,3,0,0
2.55,5.34,4.12,-1.68,2.61,-6.01,-2.05,-1.54,-4.43,-0.5,1.07,-0.46,-0.38,-1.17,-2.35,-0.9,3,0,0
0.82,-0.63,0.14,0.23,0.83,-1.54,-0.14,-1.31,-1.35,2.68,-2.5,-0.64,1.73,-0.97,0.6,-0.75,3,0,0
-2.53,0.63,2.23,-2.63,0.66,-1.06,0.72,-1.31,0.04,-0.2,0.1,-0.34,-0.14,1.27,0.48,0.98,3,0,0
-0.21,-0.29,2.34,-0.27,-0.07,2.16,1.21,2.87,0.6,0.66,-1.63,2.56,-1.52,0.59,-0.23,2.07,3,0,0
-0.55,-3.27,2.41,0.87,-1.19,1.29,1.88,4.34,0.55,1.78,-0.63,1.05,-2.0,1.12,1.25,3.17,3,0,0
4.41,0.95,-1.19,3.72,2.15,1.12,-1.35,2.17,-2.21,-3.93,-0.68,1.49,0.05,-0.57,-1.5,-1.92,3,0,0
-3.28,-1.16,1.69,-1.05,-2.49,-1.07,-2.09,0.69,-1.22,-0.72,4.06,-2.35,-4.09,0.21,0.45,2.66,3,0,0
-4.35,-1.61,-0.33,2.84,1.36,0.65,-0.27,-2.15,4.03,0.26,1.92,0.41,1.57,1.82,-0.55,-2.57,3,0,0
-1.89,-0.81,1.56,-0.9,0.68,-0.8,0.26,-0.14,0.1,0.53,1.41,2.01,1.36,1.3,1.31,0.11,3,0,0
-0.18,0.96,2.87,1.25,-1.41,-0.45,1.09,1.2,1.48,1.2,-1.21,0.03,-3.03,0.7,-1.88,0.34,3,0,0
-1.03,-0.46,-1.96,-3.66,-0.88,2.9,0.39,-1.81,-0.61,-0.76,-3.72,-4.07,0.81,-0.73,-1.66,0.46,3,1,1
0.97,-3.03,3.37,2.87,3.06,2.38,1.83,3.08,0.03,2.32,-4.31,2.08,1.32,-0.32,0.5,-1.06,3,0,0
-2.2,-0.2,0.21,-4.89,-0.99,-1.92,1.42,-1.66,-0.45,0.69,0.16,-0.68,0.29,0.86,1.28,3.06,3,0,0
-0.04,2.34,-0.58,-1.47,-0.21,-1.8,-1.51,-1.68,1.53,-3.8,1.9,-1.14,-0.46,0.36,-3.43,-2.01,3,0,0
1.25,-3.4,-2.42,3.27,1.19,-1.97,-2.02,0.81,0.51,-1.71,1.16,0.98,-0.17,-0.01,2.38,0.49,3,0,0
-0.7,-1.76,1.93,-0.18,1.28,-1.21,0.11,-0.41,0.41,-0.05,-1.45,-0.84,0.49,-0.33,-1.67,-1.83,3,0,0
-2.07,-2.43,1.9,-2.51,1.18,3.29,1.83,1.25,-0.41,0.99,-2.69,0.4,1.34,0.1,-0.76,0.95,3,0,0
1.27,2.2,-0.75,0.92,-0.34,1.65,0.28,0.86,0.28,-0.2,1.66,1.44,2.13,0.84,-1.49,-1.32,3,0,0
4.9,-1.9,-0.98,0.74,10.82,-9.87,-4.05,-1.88,3.6,-3.49,5.68,3.42,6.12,-4.94,-0.72,-1.72,3,0,0
-0.16,-0.8,-1.21,-1.18,0.36,1.09,1.39,-0.84,0.99,3.25,-2.3,-1.06,1.96,-1.09,-0.12,1.23,3,0,0
-2.72,-2.21,2.48,-1.84,2.07,1.48,1.69,-1.28,-1.14,2.88,-2.94,-2.69,1.52,-1.26,0.23,-0.8,3,0,0
3.2,3.07,0.8,3.87,-0.11,-1.28,-1.64,1.33,-0.87,-0.45,2.31,2.54,0.4,0.54,-1.03,-3.83,3,0,0
2.92,-1.88,-4.31,1.79,-0.15,0.9,-3.18,3.57,2.73,-5.96,2.0,4.08,0.45,1.92,0.62,0.65,3,0,0
0.18,-0.06,-0.03,-2.14,0.24,-1.25,2.91,-0.61,-1.83,6.53,0.81,-0.65,1.8,-1.87,4.04,3.34,3,0,0
-2.16,-1.29,0.57,1.08,-0.21,1.13,-1.91,1.01,1.02,3.62,1.49,0.29,1.81,0.8,0.46,1.63,3,0,0
-1.98,-3.19,4.37,2.04,2.64,-3.82,-0.95,0.49,1.12,-0.64,2.39,-0.85,-0.31,0.12,-2.31,-2.2,3,0,0
4.04,4.25,-1.42,0.68,-1.61,0.76,-0.46,3.02,0.51,-5.71,2.04,3.25,-4.22,-0.05,-4.34,-0.13,3,0,0
2.04,-4.31,-0.05,2.37,6.4,-0.85,-1.04,0.22,1.73,-0.54,-0.19,1.28,5.48,-2.96,-1.01,-4.24,3,0,0
0.49,-3.4,-0.71,1.46,2.86,-0.24,-0.62,1.74,3.93,-4.63,-0.61,2.58,0.1,1.23,0.19,-1.26,3,0,0
0.45,-0.68,-0.9,0.18,-0.46,-0.29,-0.17,1.08,-0.41,0.15,1.53,0.89,-1.64,-1.26,-0.16,2.68,3,0,0
3.03,3.07,-1.43,-4.75,1.97,-0.01,0.02,0.04,-0.78,-0.63,-0.52,1.39,2.8,-2.07,-3.48,1.64,3,0,0
1.51,0.7,-2.23,-2.02,0.47,-1.62,-2.99,-0.47,-0.14,-2.62,1.38,-0.38,-0.18,-1.7,-1.81,1.08,3,0,0
-0.32,3.44,3.9,-3.48,0.4,1.69,3.94,1.69,-0.03,-3.75,-1.57,3.45,-0.54,3.92,-1.23,-1.23,3,0,0
-0.39,-1.81,1.42,-0.82,1.42,-1.41,-1.18,-0.9,-1.69,-3.67,-3.1,-2.36,0.2,1.4,0.95,-1.91,3,0,0
1.35,-1.56,0.55,0.08,0.06,-1.21,0.09,3.31,-1.16,0.99,3.3,1.69,-2.56,-2.04,1.61,4.45,3,0,0
-0.38,-0.2,-3.53,-0.58,1.52,-0.11,-3.98,-3.05,4.0,-3.11,1.88,-0.04,1.77,-2.87,-4.15,-1.97,3,0,0
2.49,0.24,-2.24,1.55,0.31,0.66,-3.49,2.86,3.64,-4.65,2.56,1.42,-1.68,-0.95,-4.9,0.6,3,0,0
-5.72,-0.97,-0.92,4.25,-5.72,9.01,7.31,-0.7,2.59,3.99,-1.48,0.03,-1.42,3.71,1.7,-2.82,3,0,0
-1.88,1.41,0.07,2.8,-3.29,2.69,0.26,-0.89,-0.5,1.23,-1.53,-1.09,-2.72,1.25,-0.81,-2.23,3,0,0
2.1,1.55,0.8,1.18,-1.22,0.76,0.7,2.44,1.3,1.79,-2.21,0.04,-1.87,0.43,-0.3,2.16,3,0,0
1.08,-2.22,-0.14,-0.88,0.96,-0.21,-0.09,2.04,-0.52,2.69,-0.31,0.72,0.89,-1.64,1.33,2.5,3,0,0
3.33,5.86,5.86,4.39,-0.09,-1.7,2.83,3.75,-3.46,-1.97,2.92,8.45,-2.99,2.41,-3.97,-6.34,3,0,0
-0.7,1.65,-0.5,1.52,-2.18,1.54,0.53,1.54,1.56,-1.95,-0.87,0.75,-3.8,3.37,-0.05,1.83,3,0,0
2.51,0.97,0.39,-3.05,4.03,-4.25,-0.79,-2.43,-0.96,-2.55,-1.71,-0.68,2.24,-2.12,-2.4,-1.03,3,0,0
0.04,1.22,2.47,1.82,-1.08,-2.02,-0.65,-0.0,1.15,0.48,1.67,0.27,-0.88,0.38,-1.99,-3.28,3,0,0
5.35,2.49,-1.1,1.31,2.1,-3.97,-2.35,1.28,0.84,0.53,2.97,2.96,0.07,-3.61,-1.87,0.88,3,0,0
0.4,-2.5,-4.97,0.63,-0.19,2.07,-1.53,-0.38,3.38,0.85,-2.19,-0.28,2.38,-0.17,1.41,1.37,3,0,0
-2.76,-1.75,3.86,2.31,0.58,-0.99,1.65,-0.85,-1.22,1.17,0.61,-0.36,-1.24,0.46,1.11,-2.75,3,0,0
0.16,2.71,1.42,-0.89,-1.39,-1.14,0.88,0.65,-0.7,-0.8,3.38,2.35,-0.22,1.24,-2.36,-2.62,3,0,0
2.88,-0.9,0.44,-2.28,5.88,-5.12,-2.17,-0.11,-2.95,3.24,2.12,1.38,4.17,-4.21,2.63,3.54,3,0,0
-2.9,-0.51,2.35,1.08,1.35,-0.89,1.35,-2.09,-1.55,2.41,2.9,-1.12,2.13,0.16,1.28,-2.88,3,0,0
0.91,0.94,-0.01,1.74,1.37,-3.33,-2.0,-2.97,0.16,0.39,0.41,0.58,2.89,-0.46,-1.21,-5.72,3,0,0
0.74,0.68,1.89,1.81,-0.47,4.61,3.92,3.31,-1.07,0.78,-2.26,4.83,-0.39,1.48,-0.4,-2.88,3,0,0
2.64,0.11,1.78,3.39,-0.15,1.65,1.53,4.39,0.2,1.28,2.11,3.24,-2.05,-1.22,0.76,-0.24,3,0,0
-1.36,2.41,-0.79,-1.27,-2.27,0.97,-0.09,-1.33,-0.89,0.82,1.6,-1.04,1.34,1.63,0.39,-1.17,3,0,0
-1.18,0.47,1.51,-0.2,2.0,-1.86,-1.5,-2.34,1.35,2.33,0.14,-1.51,0.83,-2.13,-2.02,-0.93,3,0,0
1.5,3.52,-0.33,-1.18,-1.58,0.84,1.01,2.14,-1.4,2.93,0.19,2.21,-0.41,1.18,0.65,4.89,3,0,0
1.31,-5.16,-1.09,-0.41,4.47,-1.6,2.47,-0.53,-1.36,5.86,-0.39,0.58,5.6,-4.01,4.79,2.14,3,0,0
-0.24,-0.9,0.17,2.59,0.38,-0.95,-1.41,-0.19,-0.67,2.52,2.49,1.28,1.55,-0.65,1.58,-1.85,3,0,0
-1.29,4.23,-0.34,-0.55,-4.09,0.96,0.54,-1.87,-2.21,1.38,-1.75,-2.5,-4.72,0.44,-1.46,2.22,3,0,0
-3.11,0.48,3.6,-3.79,2.36,-3.21,1.37,-4.07,-3.98,2.74,-0.38,-4.04,0.25,-1.91,0.88,1.37,3,1,1
1.01,-0.23,2.67,-1.99,3.19,-4.84,-1.08,0.83,-3.24,2.65,3.08,0.76,1.95,-2.02,-0.6,2.07,3,0,0
1.0,-0.76,1.44,2.18,1.35,2.49,1.14,2.35,0.12,4.37,-0.94,3.07,1.66,-1.16,1.34,0.44,3,0,0
1.32,-2.53,-0.2,0.89,0.54,-0.52,0.72,0.5,0.43,2.44,-4.22,-3.8,-1.79,-2.29,-0.15,1.9,3,0,0
-4.51,-3.02,3.4,-1.1,1.91,-0.57,2.85,0.13,2.36,1.64,2.29,0.65,-0.84,-0.11,-0.28,2.16,3,0,0
-1.34,1.18,-0.25,2.38,-2.27,3.07,1.51,-0.15,2.64,1.76,1.52,0.91,-0.9,-0.1,-1.73,-2.03,3,0,0
-1.53,0.19,-2.37,-1.96,-3.44,3.39,-0.25,0.94,0.25,-1.94,-1.88,-1.58,-2.32,2.41,0.17,4.08,3,0,0
-0.64,4.35,4.02,3.53,-1.89,1.31,3.15,1.3,-2.49,0.33,2.45,4.61,-2.69,2.73,-0.53,-4.67,3,0,0
-0.47,-2.05,-1.34,-0.15,-0.41,-0.85,-1.41,0.06,1.25,-0.86,1.59,-0.49,-0.86,-0.43,2.03,2.2,3,0,0
0.42,1.58,-0.88,-0.59,-4.38,2.91,3.41,1.25,0.38,1.19,-1.41,0.65,-0.04,2.66,-0.02,-1.72,3,0,0
2.56,6.65,1.24,-5.38,-3.25,-0.62,0.22,2.32,-2.93,-1.69,3.93,2.45,-2.02,0.6,-1.5,2.71,3,0,0
-1.09,-1.51,2.91,-0.6,0.48,-5.45,-2.5,-0.16,-6.14,1.4,0.72,-2.45,-3.09,0.11,4.69,3.65,3,0,0
-1.78,-1.36,-0.51,-5.1,0.84,-0.04,1.59,-1.73,1.15,0.17,-2.03,-1.36,1.31,-0.47,0.2,3.36,3,0,0
0.62,1.6,0.71,1.1,-2.05,-2.55,-2.24,0.28,-1.91,0.96,5.19,-0.75,-2.48,-1.62,0.98,0.99,3,0,0
-2.19,-0.4,-1.38,-3.78,-1.68,-0.23,1.87,-1.67,1.16,1.32,0.27,-2.15,-0.29,0.2,1.82,4.42,3,0,0
-1.78,-2.58,-0.04,2.23,2.41,-0.6,0.73,-4.17,-2.26,-1.36,-1.18,-1.68,0.13,-2.1,0.76,-5.25,3,0,0
-0.53,-2.76,0.51,0.88,-0.99,-1.32,1.3,1.26,0.23,1.81,-0.29,-2.03,-3.15,-0.59,0.83,2.98,3,0,0
-5.6,-3.61,5.31,1.17,1.96,1.0,0.87,-0.46,2.58,1.48,0.59,-1.39,-0.32,0.51,0.5,-0.12,3,0,0
-2.34,-4.3,-2.58,5.47,-1.58,1.03,-1.18,-0.98,-1.64,5.38,0.42,-2.11,1.59,0.76,6.21,0.34,3,0,0
-0.32,0.99,-2.77,-4.31,-4.84,4.78,3.19,-0.32,-0.97,4.45,-3.68,0.28,0.81,-0.31,1.54,2.58,3,0,0
-0.02,1.21,1.61,2.2,1.57,-2.05,-2.46,-0.05,-2.0,-1.4,1.25,-1.48,-0.69,0.94,-1.29,-1.25,3,0,0
-0.35,-2.07,-4.03,0.75,-1.3,-1.42,-1.11,-2.22,1.88,-0.03,-1.32,-4.65,0.59,0.7,0.97,0.88,3,0,0
0.71,-2.67,-1.16,-1.8,1.55,-1.17,-2.36,0.59,0.96,-0.25,-0.29,-1.01,1.05,-1.92,-0.53,2.95,3,0,0
-3.01,0.21,1.62,-6.55,1.49,-3.23,0.06,-4.4,-0.84,3.49,0.19,-3.22,3.15,-1.72,1.11,2.53,3,0,0
2.45,1.39,-4.78,-1.26,-0.62,-3.61,-4.52,-3.08,-2.12,0.36,3.68,-0.8,1.79,-3.63,0.48,-0.61,3,1,1
-0.38,-1.79,-2.94,-0.72,0.79,3.05,-0.36,-1.32,0.48,-2.46,-2.1,-0.82,2.04,-0.64,-0.84,-2.77,3,0,0
1.55,-1.75,0.32,-0.26,1.67,-4.1,-3.66,0.26,-1.45,0.89,0.59,-1.55,1.07,-1.42,1.73,2.18,3,0,0
1.78,-0.22,-0.58,0.48,1.49,-0.18,-3.05,-1.12,-0.92,-4.1,-1.08,1.61,2.85,-0.09,-1.19,-6.51,3,0,0
1.16,0.93,-0.45,0.19,1.36,-4.25,-2.96,-0.33,-1.84,0.28,2.85,-0.79,0.43,-0.32,1.12,2.21,3,0,0
-0.32,-0.02,-1.38,0.04,-0.39,-0.37,-2.03,-0.87,0.46,-0.97,2.47,0.77,2.42,0.56,-0.29,-2.49,3,0,0
1.12,-0.82,2.16,-4.06,3.12,-2.71,0.31,-0.97,-0.88,0.62,-2.34,-1.57,2.47,-2.15,-1.2,0.18,3,0,0
1.63,2.85,-0.88,0.61,-2.98,2.78,2.07,2.19,2.73,0.32,0.24,2.92,-0.37,1.74,-2.04,-1.07,3,0,0
4.01,0.41,-0.53,-1.33,4.73,-6.46,-2.69,-1.07,-1.99,2.6,0.3,-0.51,1.83,-4.41,0.73,2.91,3,0,0
-2.11,-0.19,-2.15,-3.39,-1.78,1.13,-0.28,-4.03,2.69,-0.64,-4.01,-4.11,1.81,0.95,-0.07,-1.13,3,1,1
3.1,0.1,-2.23,1.98,0.77,-1.59,-1.84,0.13,-0.88,-2.24,0.51,-1.59,-0.07,-1.25,-1.19,-2.45,3,0,0
-1.11,-2.09,2.18,-0.73,0.54,-1.81,0.42,0.66,2.06,0.82,1.2,0.86,0.67,0.6,1.13,-0.1,3,0,0
-1.11,-0.65,1.4,0.28,-1.05,-1.0,2.52,-0.69,0.26,2.31,-0.94,-0.29,-0.35,1.3,2.28,-0.5,3,0,0
0.38,-1.42,-0.54,2.37,0.47,0.09,0.78,-0.75,0.86,2.08,2.06,1.26,1.52,-2.27,0.38,-2.84,3,0,0
0.79,0.54,-1.2,-0.53,-0.95,0.86,-2.05,1.17,-0.81,-6.35,1.4,-0.83,-1.24,1.93,0.14,-1.45,3,0,0
-1.6,-3.3,-2.46,-0.56,-0.93,3.25,0.72,-0.19,3.4,-1.91,-2.83,-0.18,1.77,1.88,0.19,-1.36,3,0,0
2.89,-0.74,1.7,-3.65,5.13,-5.18,-3.77,-0.22,-2.15,-3.06,0.08,-0.39,1.08,-3.69,-1.32,1.15,3,0,0
-1.06,-1.12,-2.39,1.54,-0.27,1.04,-1.53,-0.1,1.91,0.23,2.72,-1.02,-0.14,-1.13,-0.62,1.14,3,0,0
0.21,-3.81,2.63,6.03,2.19,-2.78,-1.71,2.97,1.01,-1.23,4.15,2.9,-0.6,0.46,-0.32,-3.4,3,0,0
-2.05,-3.62,-1.49,1.02,-0.79,1.09,0.39,-2.25,0.23,-2.37,-2.54,-4.39,0.02,1.25,2.27,-2.17,3,0,0
2.75,-0.63,0.02,-2.01,2.29,-4.81,-3.62,0.24,-1.04,-2.2,-1.14,-2.39,-0.37,-1.97,-2.65,0.67,3,0,0
-1.04,-1.44,2.33,0.15,0.66,-2.22,0.24,-0.43,1.91,1.15,-0.16,0.17,0.64,0.27,-1.01,-0.97,3,0,0
0.64,0.09,3.24,2.89,1.56,-1.81,1.41,2.42,-1.36,2.31,3.89,2.12,-0.85,-0.76,-0.33,-0.04,3,0,0
1.5,1.86,-2.49,1.03,2.92,-3.6,-0.41,0.08,-2.86,0.27,1.12,0.36,0.4,-1.32,-0.74,1.17,4,0,0
4.07,-1.49,1.02,2.44,-1.66,0.9,1.7,-1.96,0.34,1.35,1.31,5.23,1.97,4.07,3.49,0.11,4,0,0
-1.36,1.88,1.46,-1.57,-2.41,-0.57,-1.72,-1.34,-2.6,-0.83,2.42,4.25,-2.21,0.22,0.98,0.34,4,0,0
0.8,0.8,0.35,0.68,1.02,0.8,0.39,0.52,-2.24,-2.97,-0.23,2.44,-4.73,2.2,2.73,-1.3,4,0,0
4.71,-2.07,-3.02,3.27,-0.37,0.35,1.88,-1.61,1.27,0.31,2.24,0.41,-0.71,-1.91,-1.47,-0.73,4,0,0
-0.74,0.14,2.03,1.53,1.7,-1.59,-1.54,-1.85,1.68,0.69,0.01,0.97,-1.38,-1.2,0.23,-0.85,4,0,0
0.79,-0.14,-3.63,1.14,-1.01,-1.65,2.81,1.28,-1.96,-0.53,1.16,-2.24,-0.22,-0.59,-0.63,-1.05,4,0,0
-0.52,-1.92,-1.41,1.27,-0.35,0.67,1.68,0.73,-0.59,-1.15,-2.84,0.32,-0.16,-1.05,0.58,2.61,4,0,0
0.52,-1.31,-1.94,-2.79,0.36,2.78,-1.73,-1.29,1.12,-5.39,-0.56,3.03,-3.0,2.33,1.21,0.04,4,0,0
2.61,-4.06,-0.41,0.8,0.43,-0.2,2.28,-2.01,4.3,-0.42,2.17,3.59,0.72,3.89,2.91,-2.59,4,0,0
-0.23,-2.18,4.05,4.39,-1.56,-1.69,1.95,3.02,2.8,6.75,-0.31,-3.58,3.43,-4.97,-0.18,-2.01,4,0,0
1.3,1.11,2.31,2.26,-0.43,0.48,2.4,2.54,-0.95,3.89,-1.83,-1.83,2.36,-3.63,0.11,1.49,4,0,0
2.29,1.05,-0.73,0.88,-1.53,-1.88,-1.88,2.59,-1.19,1.88,1.09,-1.21,1.57,-1.52,-2.63,2.24,4,0,0
-5.09,-1.03,-0.06,-1.83,1.83,2.97,-0.37,-2.82,2.25,-1.68,-2.12,-0.41,-1.67,2.3,1.75,-2.69,4,0,0
-1.8,-2.53,-3.44,-0.35,-1.24,0.23,1.89,1.2,-1.5,-1.79,-1.38,-0.39,-1.03,-4.17,-0.83,1.59,4,0,0
-2.88,1.26,-0.55,-1.56,-3.45,3.09,-4.65,1.02,-2.93,-1.87,-2.37,0.76,0.13,3.7,0.29,3.22,4,0,0
1.95,0.76,3.19,-1.32,0.8,-1.37,1.88,3.01,-0.58,2.95,-1.76,-4.69,5.82,2.18,0.57,2.47,4,0,0
-1.25,0.83,3.95,-1.02,-1.62,2.72,-1.92,-1.37,3.58,0.0,-1.09,-0.35,-1.64,1.13,0.38,-1.72,4,0,0
-3.28,6.34,1.12,-6.74,-1.36,1.77,-3.6,-1.87,-0.97,0.05,1.51,-2.67,0.83,2.06,-4.17,1.13,4,0,0
-5.83,0.41,-0.88,3.74,-4.22,-0.02,-2.12,4.08,-5.09,1.72,-3.04,-4.34,-2.17,-4.83,-1.1,-1.28,4,0,0
-2.02,-2.02,2.25,-3.06,-0.88,0.96,-0.07,-2.36,2.72,-0.4,1.15,1.72,-0.2,-0.68,0.53,-1.7,4,0,0
2.25,0.98,-1.9,-1.37,-0.54,-1.87,-0.92,-0.25,-2.74,1.1,3.69,0.45,3.61,3.23,-1.19,0.69,4,0,0
-1.54,-5.03,1.31,1.88,-2.93,1.06,0.04,-2.43,5.84,2.5,2.17,0.1,1.46,-1.0,-1.26,-3.83,4,0,0
2.5,0.93,-4.72,-1.54,3.47,0.01,3.95,0.89,-2.81,-3.73,-0.88,-0.36,-1.49,2.25,1.49,0.52,4,0,0
0.78,2.01,2.92,-2.39,-0.65,1.05,-2.32,2.49,-1.79,-2.6,-1.14,0.52,-1.55,4.73,1.85,1.36,4,0,0
-2.91,-3.67,-0.34,-0.18,1.09,0.35,1.42,-3.37,2.08,-4.31,-0.54,2.31,-4.24,4.07,2.21,-0.95,4,0,0
0.74,1.02,-5.4,-1.17,2.33,-1.23,-2.8,1.52,-2.51,-4.96,-2.13,0.61,-2.77,2.44,-0.66,3.49,4,0,0
1.78,-3.37,-4.24,3.18,-3.23,0.29,-2.85,-1.99,1.62,-0.89,3.42,2.21,-2.18,-0.98,-2.71,-1.99,4,0,0
-4.27,2.73,4.61,-3.18,1.79,-1.53,-1.88,-0.9,0.31,-2.19,-1.62,-2.51,-0.49,6.83,2.55,-2.99,4,0,0
4.89,1.23,1.24,-3.61,-0.95,0.76,2.4,-0.55,1.44,-3.67,1.84,0.49,-2.53,-0.1,-1.87,1.59,4,0,0
-1.35,-1.03,0.51,-0.76,-1.85,0.21,-3.53,1.1,0.25,-1.02,-0.31,1.45,-0.21,-1.14,2.75,-1.68,4,0,0
-3.97,3.49,-0.16,-2.23,2.52,1.24,-0.85,-1.25,-0.02,-0.13,-1.54,-3.25,-1.67,0.16,-2.21,0.82,4,0,0
0.14,-1.57,-0.49,1.16,2.1,-1.18,3.45,-4.39,1.55,1.1,2.43,-0.72,0.01,1.74,-2.06,-1.89,4,0,0
0.72,-0.1,1.6,-2.02,-1.14,-1.62,3.68,-1.09,0.23,1.69,3.14,0.96,0.19,-3.2,-1.27,-0.33,4,0,0
-2.32,0.24,4.43,0.62,-4.35,1.77,-0.33,2.46,-1.82,-0.9,-0.17,-1.33,-2.86,3.38,3.29,-3.53,4,0,0
4.12,2.77,-2.82,0.46,0.39,0.41,-1.86,-3.95,0.85,0.01,5.23,-0.59,-1.21,0.52,-3.92,-3.87,4,0,0
-1.7,-2.56,-2.6,-3.12,3.38,-1.97,1.02,-1.38,0.75,2.21,0.99,0.02,7.36,0.58,0.69,0.02,4,0,0
-0.65,0.44,1.25,0.26,-0.87,2.55,-1.04,-2.05,0.94,-2.21,-0.54,-2.0,-1.31,6.02,-0.08,-1.88,4,0,0
-0.39,-0.51,-1.61,1.4,0.87,0.05,1.25,-1.83,-1.87,-1.04,-1.39,1.13,-0.9,2.67,-0.48,1.45,4,0,0
-0.26,1.13,4.3,-1.74,-0.05,-0.33,1.01,1.55,1.1,2.67,-0.12,-1.9,2.16,-2.08,0.87,-1.42,4,0,0
-1.31,-0.24,0.05,0.3,1.02,-0.54,1.7,1.03,-2.05,1.84,-1.22,-0.73,2.59,0.75,1.43,1.19,4,0,0
1.08,2.51,-2.63,-0.53,0.1,2.25,-0.71,1.54,-3.82,-2.44,-1.7,3.55,-3.18,1.2,1.45,3.94,4,0,0
-0.75,-0.1,2.21,-2.38,-1.43,-1.24,0.44,-2.6,3.84,-0.38,2.01,-2.22,-2.42,-6.04,-4.21,-1.92,4,0,0
2.95,-2.09,-1.5,-3.6,7.85,1.24,0.25,-6.09,4.46,-3.03,-1.94,5.51,0.05,-1.4,-1.64,6.45,4,0,0
-0.68,0.29,0.61,0.95,-0.08,1.54,-1.95,0.62,-1.63,0.28,-2.21,-0.32,-0.77,-3.76,-3.67,5.75,4,0,0
2.58,1.89,1.71,0.37,3.52,2.12,1.24,0.28,2.01,-2.25,-3.69,-2.28,-4.17,-0.67,-0.43,1.64,4,0,0
-1.33,2.73,0.46,-1.63,0.82,-0.43,-3.1,-0.4,-1.57,-0.42,-0.65,0.79,-0.73,-1.68,-0.53,0.85,4,0,0
1.24,-2.7,-1.41,2.94,3.08,-0.83,2.17,-0.34,1.66,0.49,-1.54,2.15,-0.16,-1.65,1.23,1.12,4,0,0
1.68,0.7,-2.16,-3.05,-0.71,-1.39,-0.38,1.71,-4.72,-3.63,-1.02,0.75,2.37,3.43,-0.61,6.66,4,0,0
3.92,0.33,2.49,-0.47,-0.75,-2.59,-0.2,0.57,3.88,2.75,2.4,-1.43,3.14,-3.74,-2.02,-0.15,4,0,0
-1.01,-1.13,-5.21,-1.99,-0.17,0.85,-0.3,-1.57,-1.74,-6.2,0.73,3.59,-7.61,-1.25,-2.2,1.19,4,1,1
-4.2,-1.74,-1.15,0.65,-0.98,0.23,0.21,0.87,-1.94,-2.58,-1.53,-2.14,-5.17,-3.2,-0.32,-1.9,4,0,0
-5.45,-2.39,3.56,4.09,-3.79,-0.05,1.09,-0.28,2.08,6.64,0.57,-4.02,4.2,-1.74,0.68,-4.82,4,0,0
1.22,0.4,-0.2,-0.73,-0.5,1.44,-0.59,1.02,0.07,-2.54,-0.24,1.17,-2.07,3.72,1.56,0.27,4,0,0
-0.69,1.94,1.95,-0.99,-0.57,1.72,-1.33,-1.06,2.54,0.12,-0.05,-2.13,-0.33,0.4,-1.4,-1.53,4,0,0
0.29,0.84,2.18,-1.04,0.74,1.11,-1.87,3.39,-1.41,-2.54,-4.87,-2.25,-2.8,0.19,-0.72,4.64,4,0,0
2.07,1.97,2.23,2.19,0.87,-1.3,-0.97,-0.44,1.01,0.72,1.62,-0.73,-2.69,-0.26,-0.43,-2.31,4,0,0
-1.92,-2.42,-1.44,-0.15,0.8,-0.82,2.41,0.18,0.14,0.4,-1.27,2.72,0.03,-2.58,4.24,-1.61,4,0,0
-3.47,0.16,-0.55,-0.2,-1.78,2.8,-1.86,-2.71,-0.46,-0.59,0.79,1.53,-1.74,1.47,-0.2,-1.57,4,0,0
1.84,0.52,-1.81,-0.73,1.92,-3.1,-1.23,-0.03,-1.08,0.5,1.36,0.06,1.74,-1.78,-2.25,1.3,4,0,0
-0.35,-3.51,-1.02,2.58,-1.69,-0.19,1.54,-1.86,0.99,2.79,1.45,0.69,2.27,-0.99,-0.23,-1.84,4,0,0
-2.35,0.35,1.92,0.48,-0.67,0.01,-0.75,1.13,-2.45,-1.6,-0.01,-0.85,-4.31,0.15,1.24,-2.85,4,1,1
0.71,-0.32,2.31,1.31,3.1,0.6,0.19,-2.76,2.86,3.72,0.56,3.62,2.86,1.66,2.19,-0.06,4,0,0
-2.26,-1.08,-1.46,-2.85,-1.0,1.5,-1.77,0.73,0.72,-3.65,-0.94,-0.45,-1.68,0.17,-1.52,2.42,4,0,0
0.52,6.42,1.75,-3.72,-3.8,2.42,-1.31,2.19,-2.62,-2.51,0.13,-5.7,-1.23,2.8,-2.04,0.03,4,0,0
-3.61,-0.21,0.21,1.6,-3.63,1.09,1.2,1.5,-3.08,0.14,0.5,-5.14,-2.37,-0.06,-1.93,-3.8,4,0,0
-3.26,-1.95,-3.33,-0.58,0.4,1.97,-1.78,-4.11,2.49,-2.78,-0.73,-1.22,-1.72,0.04,-1.37,-1.35,4,0,0
-1.32,4.63,-1.77,-1.32,0.15,3.53,-4.89,-0.41,-2.97,-3.62,-1.47,-0.61,-5.59,0.98,-2.74,1.89,4,0,0
-0.68,-0.19,1.86,1.04,0.75,-4.29,0.27,3.33,-1.48,-0.98,-0.4,-3.89,-3.34,-4.52,-0.35,-2.93,4,0,0
4.01,-0.9,1.81,0.76,-2.48,-3.28,3.06,0.82,2.37,1.16,3.12,-5.06,2.5,-0.6,-1.14,-3.88,4,0,0
-3.21,1.1,-1.68,-2.67,0.24,-0.27,-0.44,-2.73,-1.53,-0.65,0.64,-1.2,1.04,-1.19,-3.02,2.15,4,0,0
1.33,3.28,-0.24,-0.12,-5.89,-0.02,-6.16,5.3,-4.68,-1.07,3.35,-3.12,-3.89,-3.25,-4.29,-0.58,4,0,0
2.76,0.98,0.9,-4.14,1.42,-0.23,-0.7,0.78,0.34,-2.44,-0.41,2.03,2.28,3.53,2.73,1.87,4,0,0
-2.04,0.35,1.88,0.17,-2.25,0.38,-0.99,0.44,0.22,2.59,-0.69,-2.75,0.02,-4.54,-3.03,-0.6,4,0,0
3.66,-2.22,1.41,1.99,2.18,-3.14,2.38,-1.98,4.6,1.48,3.57,3.2,0.1,1.39,3.54,-5.39,4,0,0
8.06,-1.55,0.07,-0.2,-1.1,-1.77,2.47,1.95,1.61,0.06,0.91,1.45,2.38,-1.49,-0.19,3.03,4,0,0
-3.7,-2.16,0.29,0.92,-3.13,0.92,-3.16,1.63,-1.85,0.85,-0.33,3.17,0.81,2.29,2.05,0.52,4,0,0
-0.33,-6.01,-2.74,5.65,1.56,0.52,1.46,0.31,3.16,1.62,-1.09,-0.16,-0.02,-0.86,2.29,-3.86,4,0,0
-2.2,-1.48,0.98,0.45,0.08,1.19,0.71,-4.4,2.77,2.12,1.28,1.77,2.68,2.25,0.51,-1.51,4,0,0
-1.64,-2.61,2.43,0.29,-0.46,-0.33,2.71,-2.05,1.96,-0.54,-0.05,-0.09,-0.91,0.25,1.08,-1.28,4,0,0
2.0,3.06,-2.23,-1.82,-0.72,-3.22,3.79,1.59,-4.46,-0.69,2.4,1.68,-0.3,-3.05,0.63,0.5,4,0,0
1.02,-2.31,-1.57,-0.61,-2.9,-3.2,-4.0,-0.92,-0.61,-1.55,2.99,2.48,0.85,-1.63,-1.92,1.22,4,0,0
-0.18,-2.89,-2.37,-2.56,-0.16,-2.73,1.95,1.95,-0.67,-1.42,-1.22,0.2,2.3,-3.07,0.13,3.75,4,0,0
1.42,1.02,-0.62,-4.76,5.56,1.34,0.44,-2.29,1.33,-0.07,-3.44,-1.65,7.61,3.57,-1.84,6.84,4,0,0
2.77,0.98,-0.19,0.97,2.07,0.84,-0.18,-4.54,2.56,-0.47,3.19,3.96,-1.06,3.9,2.63,-4.89,4,0,0
0.03,0.65,0.57,-0.58,-0.95,-1.49,-3.05,-2.92,2.02,0.62,2.82,1.71,0.14,-0.21,-1.16,-2.77,4,0,0
-0.45,0.08,0.99,-2.37,1.98,1.05,1.48,-4.48,1.55,-4.0,0.19,4.53,-5.08,0.84,2.2,-1.27,4,0,0
3.01,3.11,-0.14,-0.84,-4.34,4.83,-4.51,-0.48,-1.56,-1.87,2.12,2.72,-1.67,5.2,-0.62,1.44,4,0,0
-2.44,-0.56,-1.13,-0.49,-1.2,3.34,-2.63,0.04,1.13,0.1,-0.49,0.14,0.86,2.4,-0.6,0.99,4,0,0
-7.25,0.09,5.0,-3.43,-2.54,5.27,-5.05,-1.77,2.52,-0.0,-4.49,-0.08,3.61,5.21,3.83,0.17,4,0,0
4.23,-3.19,0.56,6.39,0.59,-3.0,3.13,4.83,1.03,3.15,-1.31,-4.65,2.5,-1.39,0.66,-0.28,4,0,0
-2.13,-1.76,-2.99,0.03,-3.85,-2.41,-0.56,-0.94,-1.56,-2.13,1.82,1.89,-2.36,-2.58,-0.84,-0.56,4,0,0
-0.67,-0.24,1.38,1.2,-0.1,-2.65,0.18,2.85,-0.1,2.87,0.43,-4.03,2.47,-1.75,0.64,-2.4,4,0,0
3.8,1.89,-3.05,-0.96,1.83,0.15,-0.98,-1.6,0.91,-0.01,2.26,3.18,0.8,0.74,0.13,0.03,4,0,0
-3.15,-4.7,-0.51,2.67,-1.46,-1.17,1.45,2.01,-1.26,-0.42,-1.98,0.16,-2.32,-5.36,0.84,1.26,4,0,0
1.44,-0.04,1.19,3.08,-0.88,0.46,-1.26,0.32,0.2,1.07,-0.75,-1.4,1.95,3.06,-1.05,2.98,4,0,0
1.84,-5.63,-0.28,3.86,-1.8,-3.23,3.05,1.35,-0.31,-0.32,1.26,2.18,-1.45,-3.7,0.77,1.6,4,0,0
2.0,0.35,-1.05,-2.38,-1.33,-0.98,1.15,2.58,-3.37,-2.46,0.21,-1.19,0.21,-0.17,-0.82,3.86,4,0,0
-1.21,-3.06,3.14,3.54,-0.39,0.67,-0.1,0.08,1.43,2.92,-1.91,-0.87,0.25,-2.99,-0.33,1.12,4,0,0
-2.77,1.53,-1.87,-0.79,-1.2,0.82,-2.83,0.73,-1.55,-0.9,-0.14,-0.21,-0.5,1.3,0.68,-1.5,4,0,0
-0.09,-3.15,-0.76,2.11,-4.31,-1.48,-0.61,2.64,-1.89,-0.05,0.25,1.26,1.72,-0.38,1.22,1.95,4,0,0
3.5,0.87,-2.61,4.28,1.35,-0.98,0.94,1.48,-2.35,1.73,1.47,-0.27,-1.25,-3.27,-1.24,0.27,4,0,0
0.98,1.84,-0.75,-2.42,2.85,0.0,-0.14,3.96,-2.52,-0.19,-2.21,-3.56,2.37,1.61,-0.19,3.34,4,0,0
-0.54,0.31,-3.35,-1.34,1.04,-1.24,1.31,-1.17,-1.45,0.87,0.6,-2.4,4.11,-0.46,-3.29,2.06,4,0,0
-4.99,0.92,5.66,-1.17,-2.28,2.08,-1.45,-2.59,4.03,0.98,-0.58,-1.4,-0.8,3.25,0.99,-4.71,4,0,0
-3.93,1.96,2.4,0.06,-0.22,2.76,2.73,-0.74,1.04,3.54,-3.04,-5.82,3.27,1.35,-0.59,-1.29,4,0,0
-0.88,-2.36,0.71,1.03,-0.82,-2.98,2.23,-1.23,-0.12,1.51,2.5,1.03,-1.13,-5.08,0.93,-3.67,4,0,0
-2.27,1.85,1.44,-1.44,1.43,0.26,-0.41,1.37,-0.45,1.66,-0.15,-4.47,-0.28,-2.51,-1.17,-2.08,4,0,0
-1.91,-2.61,-1.74,-2.31,-0.06,-0.9,0.89,-1.3,1.49,-0.71,0.04,2.03,0.72,-0.6,0.35,0.85,4,0,0
1.16,-3.72,-1.55,4.11,0.35,-0.46,1.52,0.41,0.67,1.05,-1.27,-0.01,1.67,0.74,0.66,1.19,4,0,0
-0.47,1.72,4.59,-1.56,-5.37,0.36,2.34,4.02,-0.18,-0.95,-2.56,-7.35,1.19,0.89,0.63,-1.46,4,0,0
1.64,3.05,-0.73,-0.51,2.01,-0.27,0.46,-0.31,-1.29,-0.92,0.25,0.5,-3.7,-1.41,0.17,-1.38,4,0,0
1.34,-4.08,-2.29,3.39,0.07,-2.46,0.21,-2.43,-0.0,0.81,2.45,6.02,-0.39,-0.88,-0.32,0.78,4,0,0
3.9,-2.02,-2.53,0.65,1.87,-0.78,1.85,0.51,0.0,0.45,0.18,4.34,2.14,0.04,1.88,3.07,4,0,0
-1.84,-0.33,-1.86,-2.81,7.15,1.74,-0.07,-3.64,2.3,-2.98,-2.63,0.94,-1.13,0.13,0.65,0.94,4,0,0
-0.39,3.57,2.11,-5.1,-1.06,1.29,-3.1,1.18,-0.79,-3.68,1.03,-1.36,-2.46,2.53,0.99,-2.87,4,0,0
-0.29,-2.96,-0.53,3.05,0.09,0.85,-1.41,2.18,-0.62,-0.82,-1.83,1.76,-2.26,-0.28,1.67,0.45,4,0,0
1.15,-0.05,0.93,-1.24,-3.62,-0.87,0.94,0.3,-0.37,-1.79,0.95,-2.07,-1.52,-2.17,-2.31,0.17,4,0,0
-2.77,-1.14,1.36,0.26,-3.92,0.15,3.55,3.3,-3.14,-0.86,-0.23,-3.56,-2.23,-1.14,0.16,-1.14,4,0,0
1.37,-5.53,0.34,2.02,-1.48,2.04,-0.5,2.62,0.86,-2.43,-2.24,1.93,-1.71,2.32,3.09,1.21,4,0,0
4.55,3.23,0.99,0.86,-1.35,-0.86,-1.21,3.62,-1.18,2.17,0.66,-2.48,1.41,0.64,-0.84,0.55,4,0,0
0.19,1.82,-2.33,0.15,-2.42,-0.98,-2.8,-1.56,-4.86,-1.5,3.17,4.04,-1.28,2.24,-0.0,0.84,4,0,0
3.37,0.4,-3.47,-0.98,2.64,-2.98,-0.7,1.39,-3.06,0.79,-0.59,-0.86,5.88,-0.35,-2.74,5.97,4,0,0
0.68,0.46,3.18,0.18,-2.06,-0.7,1.42,3.11,-0.43,0.99,-1.4,-3.11,1.41,-3.36,0.62,0.09,4,1,1
-2.95,-0.87,0.77,-2.53,-0.76,-0.76,0.18,2.33,-3.48,-1.32,-1.79,-0.08,-1.36,-2.54,-0.51,2.8,4,0,0
2.0,4.45,0.69,-0.32,-0.73,-1.84,-0.72,0.93,-3.84,3.72,3.65,1.29,0.66,-1.17,-2.71,0.86,4,0,0
1.69,-0.13,1.79,-0.5,-1.93,0.85,-1.39,3.35,-0.31,0.9,-0.8,-3.85,2.69,1.44,-1.29,2.63,4,0,0
1.99,3.85,2.69,-0.62,0.35,4.54,1.84,-1.28,1.94,4.47,0.42,-5.76,1.65,-3.89,-5.11,0.71,4,0,0
0.52,0.26,3.03,-0.41,-1.14,2.28,-1.69,-0.12,2.73,1.04,-0.88,-1.94,2.74,4.01,-0.12,0.04,4,0,0
-3.44,-1.06,1.36,4.5,-0.13,1.96,-3.41,-2.11,3.33,4.23,0.38,0.04,1.27,0.57,0.54,-4.24,4,0,0
-6.24,-2.51,0.55,-2.03,1.49,3.49,1.71,-0.04,1.92,0.22,-3.6,-3.27,3.66,3.76,3.34,-1.84,4,0,0
4.12,2.86,-0.09,-1.13,2.25,-0.08,3.46,-2.51,0.84,0.17,0.82,1.02,1.95,2.11,-0.16,2.41,4,0,0
-1.47,0.62,-0.14,-4.38,0.53,-1.58,1.36,-2.84,1.31,-2.34,2.05,1.0,-0.83,-0.1,0.99,-2.31,4,0,0
-3.88,3.76,0.96,-4.15,-0.02,2.28,-0.44,-5.1,-0.25,-0.75,1.17,2.11,0.1,2.82,0.87,-1.74,4,0,0
0.33,2.29,3.15,-1.79,0.14,2.04,0.66,-0.22,1.74,0.9,0.06,-2.27,0.29,0.58,-0.05,-1.95,4,0,0
6.64,0.28,-1.15,-2.92,6.35,-2.21,-0.81,-1.28,2.02,-2.1,0.66,7.09,-1.17,-1.74,0.17,4.56,4,0,0
3.45,-0.72,-2.11,-2.79,-0.57,-4.67,1.63,2.46,-2.22,-1.11,0.95,1.37,4.54,-2.13,0.58,4.79,4,0,0
-1.31,-1.08,1.45,2.44,-2.66,-2.05,-2.6,-0.73,-0.75,3.33,3.87,1.88,-1.61,-2.82,-1.21,-4.25,4,0,0
2.34,-0.07,0.23,-2.84,1.97,0.01,-0.38,0.64,-2.09,-4.47,-0.96,3.24,-3.35,1.36,1.01,3.01,4,0,0
4.52,-1.92,2.19,0.97,-0.05,-1.65,-2.09,-0.15,0.15,-0.05,0.05,7.23,-0.57,0.59,1.54,4.47,4,0,0
3.08,2.05,-2.64,0.95,-2.26,0.35,-1.38,0.2,-2.79,-0.69,3.34,-0.35,-1.52,0.29,-2.75,-0.13,4,0,0
-0.63,3.54,1.55,1.8,0.35,0.77,-0.57,0.48,-2.8,1.47,-0.85,-0.13,-2.07,-0.85,0.39,-0.69,4,0,0
2.16,-0.89,1.9,-0.08,-3.23,-1.42,0.56,4.21,-1.69,1.72,0.4,-0.52,2.27,-3.17,1.41,0.4,4,0,0
-1.54,-0.36,-0.17,0.1,-2.46,-0.16,-1.86,-0.29,0.38,-0.86,-0.11,-1.63,-0.88,1.09,-1.54,0.31,4,0,0
7.19,1.87,-2.32,1.89,-2.93,-2.92,2.02,7.82,-5.45,-1.73,0.36,-1.08,-3.73,-4.45,-1.63,3.65,4,0,0
-6.9,-1.21,-0.02,-5.21,1.52,1.21,2.27,-1.53,-1.03,-0.86,-3.93,-2.55,3.07,-0.33,0.36,2.94,4,0,0
-4.03,-4.43,-2.29,0.76,-0.6,3.34,0.79,-1.85,0.94,-2.56,-3.79,-0.27,-1.64,1.35,-1.32,3.73,4,0,0
-0.67,-0.53,-0.32,-4.54,-3.12,0.63,1.3,-0.11,-1.77,-2.12,0.71,-0.27,0.11,-1.19,-2.64,2.77,4,0,0
1.54,-0.01,1.19,1.5,-1.17,3.4,-0.23,-0.04,0.5,-1.18,-1.96,0.85,-2.13,2.66,2.19,-1.31,4,0,0
2.37,-2.13,0.37,0.48,0.81,0.77,1.58,-0.41,2.04,1.36,-1.65,-0.67,2.67,-2.98,-2.36,4.47,4,0,0
-0.83,-1.21,-0.32,1.95,-0.31,1.0,-3.06,1.53,1.2,-0.25,-1.06,-1.52,-3.18,-3.2,-1.74,-0.52,4,0,0
-1.3,2.83,2.33,-4.97,3.58,-3.27,1.0,-0.42,-0.92,-1.08,-2.76,-1.57,1.9,-2.13,0.54,3.03,4,0,0
0.67,1.39,-0.67,0.98,3.68,-1.68,1.78,-0.32,-1.38,0.26,-1.34,-0.55,-1.79,-2.15,-0.09,1.25,4,0,0
1.45,2.51,-0.15,-5.16,-1.73,0.02,1.54,2.79,-4.02,-3.15,0.23,-1.41,0.46,2.53,1.82,0.65,4,0,0
-0.53,-0.6,-1.6,-3.88,1.78,2.81,-1.09,-2.02,2.09,-4.36,-2.58,0.8,-0.02,3.59,-1.14,3.9,4,0,0
1.0,3.17,0.59,-3.14,-2.9,0.34,-2.17,3.29,-2.6,-3.08,1.59,-3.33,-2.86,-0.4,-1.74,-0.62,4,0,0
0.52,-3.99,1.37,2.41,-0.01,-0.82,3.65,2.88,-0.93,-2.4,-1.93,-0.29,-2.53,1.73,4.5,-1.13,4,0,0
0.69,3.34,1.18,-4.6,-1.34,-0.0,0.41,-1.07,0.26,-3.71,0.6,-2.96,-3.08,-0.53,-3.3,0.63,4,0,0
1.31,-0.69,1.18,-2.05,1.54,1.72,2.43,1.09,1.83,1.23,-3.26,-2.84,5.86,0.56,0.94,3.06,4,0,0
-4.01,-1.36,0.6,-1.04,-3.56,-0.75,-2.87,-1.14,-0.39,1.81,2.66,1.47,1.72,-0.54,-1.34,-0.49,4,0,0
-2.15,1.56,1.59,-2.81,0.79,2.27,3.56,1.4,0.04,0.02,-3.89,-4.53,1.61,-0.5,1.03,-0.13,4,0,0
1.29,1.29,2.11,-1.83,-1.61,1.25,3.64,2.27,-1.91,-5.07,-3.95,-0.63,-4.04,1.23,3.65,1.11,4,0,0
-6.26,0.89,0.42,-1.27,-3.71,2.62,-1.81,1.98,-2.01,0.04,-1.17,-2.72,-0.72,2.18,-0.78,-1.43,4,0,0
0.47,-0.28,-1.14,1.97,0.21,1.73,1.54,-3.57,2.03,0.33,-1.06,1.96,-1.28,0.12,-1.16,1.38,4,0,0
-1.17,-4.13,1.23,0.13,1.89,1.18,-3.14,-0.56,3.97,1.06,-1.72,2.86,3.45,3.54,4.1,-1.28,4,0,0
3.29,0.94,0.51,0.05,-1.46,-1.71,-0.4,1.9,0.15,0.49,0.95,-0.74,1.5,0.04,-0.35,0.81,4,0,0
-5.03,-2.73,3.26,-2.24,-2.1,3.14,-0.38,-1.64,2.87,1.1,-0.21,-1.32,0.91,-1.17,1.15,-3.64,4,0,0
-3.54,0.49,2.28,1.61,-0.67,3.1,2.44,1.34,-0.47,3.29,-4.61,-2.04,1.55,-1.86,0.04,2.59,4,1,1
-4.22,-1.05,0.02,1.16,0.21,-1.03,3.22,1.29,-0.07,-0.6,-0.73,-3.3,-3.72,-2.27,0.18,-3.32,4,0,0
-1.99,1.85,-1.06,-0.16,0.44,0.95,-1.74,2.37,-4.48,-0.99,-1.72,-0.12,-1.71,-0.35,-0.21,3.48,4,0,0
-1.5,-2.02,1.52,2.39,0.06,-1.01,-1.15,1.44,-0.37,3.73,-1.78,-1.1,1.49,-5.75,-0.71,0.39,4,0,0
-2.67,-0.34,-1.11,-2.02,3.62,1.43,1.91,-2.81,0.93,-3.42,-2.07,-1.97,-2.16,2.68,-0.79,0.39,4,0,0
0.02,-1.05,2.61,3.33,-1.86,1.13,-3.14,3.25,-0.15,0.6,-1.79,0.24,-1.32,1.11,2.23,-0.23,4,0,0
0.05,1.88,-1.19,-2.84,0.43,2.44,-2.83,-2.86,0.95,-1.24,1.86,-0.11,0.83,5.11,-2.13,0.2,4,0,0
-4.74,-4.74,-2.27,-3.29,-5.35,1.68,-1.48,0.07,-1.02,-6.16,-1.05,-0.7,-3.62,-1.07,-2.4,2.84,4,0,0
1.33,0.42,4.64,1.2,0.49,2.75,1.39,0.42,1.0,-0.49,-2.77,1.09,-0.56,5.43,2.5,2.93,4,0,0
-2.5,-2.06,1.77,-0.99,0.05,-1.73,-0.93,1.27,0.46,1.6,-2.51,-2.41,2.05,-5.03,-1.28,1.5,4,0,0
2.0,3.35,0.2,0.28,2.58,-3.71,0.36,4.52,-4.39,-0.85,-0.86,-2.6,-0.99,0.65,1.23,0.21,4,1,1
-2.55,1.56,3.22,-2.5,-2.83,1.02,-0.01,1.45,-4.14,-1.45,-0.95,0.58,-1.21,2.54,0.42,3.31,4,0,0
1.21,-0.64,0.06,2.19,1.04,-2.57,1.68,4.5,-3.02,1.54,-0.52,0.79,0.54,-0.97,2.46,0.83,4,0,0
1.45,3.54,-2.13,-3.76,3.06,-2.79,1.29,-2.39,0.21,-0.68,2.06,-0.89,2.92,0.49,-1.69,0.33,4,0,0
-2.55,-1.1,3.6,-0.33,-0.05,2.52,-0.17,1.79,1.41,0.4,-2.88,-2.79,0.01,0.4,1.61,-1.02,4,0,0
-3.53,-0.52,0.17,-1.81,-1.75,4.0,-1.0,-2.23,0.42,-1.63,-0.99,0.39,0.44,4.59,0.55,0.13,4,0,0
6.31,-0.93,1.1,0.93,1.34,-2.57,1.31,3.14,-0.5,2.14,-0.15,2.17,4.01,-0.75,2.11,3.62,4,0,0
0.93,-0.47,-1.85,3.14,-0.53,2.37,-0.01,-2.27,2.2,4.75,-0.41,1.12,5.29,0.56,-1.95,1.35,4,0,0
0.76,-1.06,-3.74,-2.15,2.28,-1.48,4.57,1.78,-2.73,-0.02,-0.17,-1.97,2.46,-1.71,0.02,1.7,4,0,0
-2.81,-0.36,1.32,0.24,-3.35,2.11,0.69,-1.22,0.53,-0.26,-1.54,0.71,-1.43,-1.27,1.39,-1.4,4,0,0
1.26,0.15,-1.13,0.15,2.44,0.68,-0.7,-1.19,2.38,2.17,-1.45,-1.1,2.61,-2.35,-2.29,2.2,4,0,0
-2.14,-1.97,-0.45,2.49,0.57,-1.35,-0.23,0.56,-1.34,0.63,-1.17,2.27,-1.12,-2.4,1.38,0.38,4,0,0
0.37,-3.43,-6.3,1.7,-0.2,-0.69,-1.06,0.15,0.32,-4.91,1.21,-0.09,-6.07,-2.23,-2.71,-1.4,4,0,0
-5.1,-1.14,2.46,-2.45,0.34,3.11,-1.94,-3.41,2.98,1.45,0.35,1.41,0.08,0.24,0.44,-2.41,4,0,0
-2.67,-1.6,0.88,-1.22,0.31,1.71,-1.06,-1.23,0.55,-1.25,-0.97,0.73,-0.23,3.37,2.14,-1.0,4,0,0
-4.62,0.12,1.51,-0.31,-3.19,-1.02,-0.51,-0.57,-1.16,-1.65,0.48,1.59,-2.6,4.76,1.61,-2.51,4,0,0
-3.79,-0.05,2.17,0.56,-1.01,-0.76,-0.69,-0.27,2.28,1.4,0.35,-5.8,0.15,-0.65,-0.81,-6.25,4,0,0
-2.48,-0.76,-0.86,2.25,-4.62,2.19,-3.4,3.75,-4.04,-1.91,1.0,-0.3,-5.24,2.6,-0.41,-1.52,4,0,0
-0.29,-0.71,-0.05,-0.96,2.37,-0.74,2.05,-0.96,-0.27,-1.07,0.69,-1.37,-1.49,-2.29,0.61,-2.95,4,1,1
0.96,-1.03,0.47,1.87,-0.57,-1.56,0.41,0.26,1.33,0.45,1.32,0.23,-3.46,-3.81,-3.19,0.41,4,0,0
-1.43,0.6,1.48,-2.99,0.27,1.14,-1.31,-1.58,1.31,-0.43,-1.23,1.83,1.34,0.96,1.95,0.62,4,0,0
-1.58,2.32,0.03,-2.41,-2.0,1.92,-1.62,-0.22,-1.56,0.42,0.53,0.59,1.21,0.48,-1.33,1.7,4,0,0
-1.31,3.77,1.7,0.15,0.08,0.05,-0.81,-0.04,1.01,4.87,0.17,-3.98,4.42,3.44,-1.12,-2.21,4,0,0
-4.31,-4.6,2.91,-0.83,-0.04,-0.17,1.64,-2.41,4.91,2.25,-0.28,-1.98,2.5,-2.95,0.29,-2.88,4,0,0
-5.27,-4.35,0.74,-1.93,0.62,0.64,1.83,-0.79,-0.0,-0.38,-2.81,4.16,1.49,1.6,5.14,0.96,4,0,0
-1.86,0.88,-0.61,3.75,-3.76,0.83,-1.35,1.93,-2.29,1.25,0.06,-4.79,0.27,-0.12,-2.2,-0.9,4,0,0
-2.08,3.01,2.02,-4.86,-0.87,1.1,0.05,2.93,-3.23,-0.71,-1.38,-2.12,2.94,5.05,2.52,1.49,4,0,0
0.53,-2.54,-3.13,-1.69,-2.01,0.54,-1.92,-1.27,0.55,-4.52,1.74,2.22,-4.35,-1.53,-3.19,1.33,4,0,0
-0.63,-1.67,-2.82,0.26,0.21,-1.82,0.01,-0.85,-1.66,0.21,1.85,2.68,1.75,0.89,0.73,0.89,4,1,1
-0.83,-2.8,-1.26,-0.47,1.3,-1.92,3.03,0.68,-0.3,-1.27,-0.11,0.35,-0.93,-2.6,2.17,-1.48,4,0,0
-3.78,0.74,-0.23,-1.82,-1.81,-3.15,-0.01,-0.22,-1.84,1.38,-0.29,-1.59,3.58,-2.59,-2.88,3.32,4,0,0
-2.33,-1.42,1.23,-3.0,-3.16,-0.52,0.74,0.77,-1.91,-4.46,-0.31,0.63,-2.3,2.06,1.51,0.81,4,0,0
0.43,1.13,0.39,-3.76,1.74,0.89,0.44,-1.82,-1.58,-5.46,-0.12,2.36,-2.96,3.12,2.34,0.82,4,0,0
-1.48,-2.91,-0.87,1.06,-2.24,1.98,-1.82,2.95,-2.57,0.65,-1.38,2.23,2.23,1.22,2.39,2.32,4,0,0
-1.18,1.76,-3.47,-2.97,0.68,3.18,-0.01,-1.3,-2.1,-0.75,-0.18,-0.61,-0.59,-1.78,-3.33,2.38,4,0,0
-2.03,-2.08,0.23,1.82,1.09,-0.59,0.22,-5.37,2.09,-1.34,1.84,3.98,-3.38,-1.45,1.71,-4.28,4,0,0
-0.76,-2.63,-3.49,-0.01,-0.84,2.88,-0.36,-0.42,1.16,-2.0,-2.96,-0.96,3.75,5.39,-1.02,5.03,4,0,0
-6.16,-0.23,0.26,2.47,-6.2,0.61,-1.14,2.35,-3.0,3.41,0.2,-0.03,-1.58,-6.19,0.05,-2.32,4,0,0
2.05,3.31,-4.58,-0.64,-0.37,-1.12,-1.47,1.32,-7.32,-4.57,1.51,1.85,-5.8,-0.52,-2.22,3.47,4,0,0
-0.03,4.54,1.4,-0.91,0.34,1.57,-2.06,3.21,-0.32,2.08,-0.84,-3.38,1.31,0.43,-1.31,1.07,4,0,0
-1.48,-3.78,2.1,1.26,-0.05,1.02,-0.26,-1.73,5.29,3.13,-0.86,-0.67,5.28,2.5,2.31,-3.32,4,1,1
-1.25,1.2,1.22,1.04,0.57,-2.44,-0.6,0.81,-1.01,2.07,-0.76,-2.11,1.43,-0.98,-2.05,1.97,4,0,0
-5.48,-3.22,1.23,0.66,-4.9,2.67,-2.42,3.8,-2.91,0.08,-2.83,-1.03,0.58,3.47,0.84,2.07,4,0,0
-0.21,-2.02,-3.09,2.81,0.07,-0.04,2.54,0.27,-1.84,0.85,0.23,-0.94,0.61,0.92,-0.47,-0.33,4,0,0
-2.02,-4.36,-2.42,4.44,-4.25,1.18,1.29,-2.19,1.88,1.17,0.85,2.28,-0.52,-0.85,0.95,-2.48,4,0,0
-2.32,2.41,2.86,-3.25,0.42,-1.52,-3.09,0.46,-0.63,-0.19,0.31,1.91,1.13,1.41,4.0,-1.06,4,0,0
-1.8,3.35,0.09,-0.86,0.19,-1.92,0.01,0.2,-0.13,0.53,0.08,-2.74,-1.93,-3.2,-3.7,-0.47,4,0,0
2.45,-0.57,-1.56,3.05,-0.39,-0.83,-2.54,-0.01,1.88,3.12,2.09,2.23,2.04,-3.53,-1.56,0.36,4,0,0
-3.76,-3.18,-0.68,-0.13,-1.24,0.59,0.17,1.75,-1.16,1.59,-2.99,0.45,3.79,-0.28,0.85,4.02,4,0,0
4.41,0.29,0.32,0.55,1.9,-0.41,1.63,3.89,0.56,-0.07,-3.0,-1.83,1.68,0.33,0.34,3.9,4,0,0
1.7,0.88,3.58,0.66,0.54,-2.74,3.18,3.82,0.84,6.04,-1.33,-5.32,8.06,-0.55,1.65,-0.23,4,0,0
0.56,-1.12,-0.91,-0.67,-0.07,-5.92,2.05,1.64,-2.37,1.97,1.45,1.03,3.89,-3.48,0.95,0.83,4,0,0
4.72,-0.35,-4.73,-2.03,-4.88,-2.06,-2.69,4.09,-5.94,-2.71,2.38,3.59,1.05,-0.06,-1.58,6.77,4,0,0
