@relation SyntheticData-N_1200-D_8-Nmin_140-Zmin_16-CL_1_2-R_0
@attribute X0 real [-4.84, 5.37]
@attribute X1 real [-7.05, 5.91]
@attribute X2 real [-5.53, 5.65]
@attribute X3 real [-6.41, 5.10]
@attribute X4 real [-6.07, 6.08]
@attribute X5 real [-5.81, 5.67]
@attribute X6 real [-6.49, 5.47]
@attribute X7 real [-5.83, 6.26]
@attribute cluster_idx {0,1,2}
@attribute is_noise {0,1}
@attribute Class {0,1}
@inputs X0,X1,X2,X3,X4,X5,X6,X7,cluster_idx,is_noise
@output Class
@data
-1.2,-1.4,2.31,0.06,-1.26,1.75,-0.01,-1.69,0,0,1
-1.35,-1.28,1.09,-0.35,-1.78,0.82,0.11,-4.0,0,0,1
-0.31,-2.53,1.52,-1.85,-1.85,2.53,0.99,-0.49,0,0,1
1.59,-1.88,1.21,-2.61,-0.81,0.2,1.49,-0.72,0,0,1
1.4,-0.76,-2.58,-0.09,-0.59,-0.79,1.07,-0.29,0,0,1
-1.52,0.75,-0.59,4.93,1.17,-0.69,-2.95,-0.77,0,0,1
-0.28,2.59,-2.91,2.93,2.17,-2.89,-4.19,1.14,0,0,1
-0.03,0.08,0.15,-1.12,-0.58,-0.41,1.04,-1.99,0,0,1
0.0,0.33,-1.06,-2.82,-1.66,0.46,3.02,-1.52,0,0,1
0.31,-0.66,1.5,-1.84,-0.79,1.32,1.5,0.08,0,0,1
-1.17,-1.07,3.11,-0.92,0.34,2.68,0.12,-0.62,0,0,1
-0.5,-0.39,1.36,-1.84,-0.48,1.56,0.56,-0.03,0,0,1
-0.63,1.18,-1.39,2.26,1.72,-1.25,-3.6,2.27,0,0,1
1.5,0.53,-1.92,-0.11,0.5,-1.93,-0.34,1.09,0,1,0
-0.6,1.23,-3.34,1.22,-0.33,-1.17,0.67,-0.26,0,0,1
-0.6,2.78,-4.1,2.23,0.42,-2.79,-0.27,-0.79,0,0,1
1.87,1.63,-3.19,1.0,1.7,-3.76,-1.5,0.98,0,0,1
2.06,-0.3,1.03,-0.3,1.88,-0.66,-0.11,2.57,0,0,1
1.37,1.01,-2.49,0.17,-0.02,-2.24,0.9,0.41,0,0,1
-1.25,0.5,-0.51,0.1,-0.81,-0.42,-1.51,-2.65,0,0,1
0.28,0.17,2.14,-0.25,0.68,1.36,0.33,1.31,0,0,1
0.88,0.17,-1.08,0.53,0.19,-0.56,1.25,0.36,0,0,1
1.48,1.53,-3.37,-0.72,0.76,-1.53,0.78,1.72,0,0,1
1.23,2.4,-0.08,-0.62,-0.09,-0.38,4.67,0.52,0,0,1
1.53,1.38,-0.61,-2.06,0.39,-1.15,2.19,1.52,0,0,1
0.78,0.84,-1.78,-0.06,0.56,-1.75,-0.22,0.41,0,0,1
-1.18,-0.99,-1.46,-0.33,-1.9,-0.05,1.03,-4.43,0,0,1
-0.43,1.59,-0.73,1.09,-0.36,1.01,2.9,1.25,0,0,1
0.1,-0.08,0.93,1.24,-0.22,0.15,1.21,-1.09,0,0,1
0.87,-0.24,0.77,2.04,0.63,-0.31,-0.84,1.4,0,0,1
0.94,1.09,-3.83,-1.99,-1.48,-3.18,0.94,-2.87,0,0,1
-0.9,-0.87,0.07,0.28,-0.98,-0.9,-2.19,-4.97,0,0,1
0.86,3.26,-2.36,3.14,0.84,-1.85,1.9,1.89,0,0,1
0.07,-1.15,1.29,-3.42,-2.61,2.17,4.4,-1.09,0,0,1
-1.66,-1.52,3.25,1.68,0.42,1.6,-2.81,-1.35,0,0,1
-2.47,-2.82,2.41,-1.14,-1.79,3.28,-0.58,-3.28,0,0,1
0.11,0.52,-1.37,1.38,-0.38,-0.52,0.83,-0.85,0,0,1
-0.02,-1.63,1.57,-3.29,-1.57,1.84,1.43,-1.1,0,0,1
1.23,-0.3,2.01,-5.33,-1.09,0.75,2.08,0.12,0,0,1
-0.16,0.26,-0.04,0.97,1.17,0.27,-1.5,1.27,0,0,1
2.75,-1.19,-1.09,-4.27,-0.97,-1.57,2.73,-0.24,0,0,1
0.57,-1.83,2.89,0.79,1.26,0.63,-2.4,1.22,0,0,1
0.25,0.78,1.63,-1.81,-0.31,1.5,3.41,1.37,0,0,1
-0.94,0.13,2.67,2.08,1.42,1.77,-2.12,0.83,0,0,1
3.03,0.97,-1.35,-3.78,-0.17,-2.47,3.03,1.55,0,0,1
-1.96,-1.95,2.15,-1.57,-2.16,3.06,0.23,-3.16,0,0,1
1.59,1.3,-1.1,0.15,1.33,-2.0,-0.89,0.56,0,0,1
0.04,-0.31,-1.49,0.28,0.3,-0.29,-0.79,-0.21,0,0,1
0.99,0.68,-1.27,-2.29,-0.8,-0.63,2.9,-0.58,0,0,1
2.39,0.74,-0.24,0.83,0.55,-0.03,3.9,3.6,0,0,1
0.72,0.26,-1.35,-0.64,-0.58,-1.61,0.92,-2.26,0,0,1
0.16,2.44,-0.94,-1.24,-0.04,0.09,2.01,1.11,0,0,1
0.42,2.58,-3.41,2.25,1.28,-3.45,-1.56,-0.54,0,0,1
-0.15,-1.3,1.42,-1.33,-1.0,1.91,1.7,-0.36,0,0,1
3.18,-0.62,2.11,-3.35,1.92,0.39,0.21,5.42,0,0,1
0.72,0.14,-1.82,1.2,0.4,-0.39,0.05,2.39,0,0,1
0.44,-0.01,-0.67,1.51,0.79,-0.06,-0.76,1.39,0,0,1
0.63,1.16,-1.35,-0.58,0.68,-1.79,0.02,-0.14,0,1,0
0.23,1.44,-0.93,0.47,0.33,-2.1,0.29,-1.39,0,0,1
-0.83,1.54,2.85,-1.74,-0.38,0.31,0.16,-1.42,0,0,1
2.89,1.07,-0.91,-1.42,0.84,-2.23,0.67,2.07,0,0,1
1.85,3.73,-2.68,0.53,1.66,-3.29,0.27,2.22,0,0,1
0.96,0.76,0.74,-1.74,-0.23,0.0,1.34,1.29,0,0,1
1.59,1.07,-1.19,-0.15,-0.92,-0.05,4.49,1.6,0,0,1
2.73,0.6,-1.71,-2.99,-0.46,-2.44,2.73,-0.07,0,0,1
3.89,-0.08,-1.92,-2.09,0.34,-3.23,2.73,1.34,0,0,1
0.87,-3.72,5.65,-2.19,-0.46,3.3,0.37,0.17,0,0,1
-0.31,-0.28,0.94,-1.55,-0.51,1.39,0.41,0.43,0,0,1
-0.26,0.47,-0.55,1.94,-0.61,0.49,2.24,0.07,0,0,1
2.51,1.03,-1.25,-1.71,-0.49,-0.86,4.57,1.82,0,0,1
1.16,1.89,0.16,-1.82,-0.23,0.71,3.83,2.45,0,0,1
2.14,-1.4,1.62,-2.86,-1.39,-0.72,1.9,-0.6,0,0,1
-0.29,0.27,0.75,-1.46,-1.28,0.04,1.54,-1.51,0,0,1
0.24,-1.37,-0.53,0.64,0.29,0.14,-0.44,0.05,0,0,1
1.03,-2.71,4.35,-3.55,-0.74,2.77,1.27,0.56,0,0,1
1.24,-1.02,-1.54,2.62,0.33,0.54,0.56,3.04,0,0,1
2.16,1.95,-2.9,-0.41,0.14,-1.63,2.1,2.38,0,0,1
-0.12,0.76,-2.06,-2.19,-2.18,-1.34,2.89,-3.15,0,0,1
2.66,-0.76,0.43,2.39,2.3,-0.14,-0.49,5.61,0,0,1
-0.36,1.72,-0.64,0.85,0.28,-1.16,0.11,-1.04,0,0,1
-1.89,1.31,1.18,3.01,0.22,1.56,-0.68,-0.08,0,0,1
0.37,1.47,-0.57,1.38,0.89,-1.27,-0.52,0.33,0,0,1
-0.98,-1.34,-0.56,2.77,-0.2,-0.45,-1.64,-2.34,0,0,1
1.04,0.99,1.84,-2.17,0.4,-0.98,0.21,0.12,0,0,1
0.48,0.52,-2.76,3.67,0.88,0.04,1.22,2.86,0,0,1
2.49,1.44,-1.5,-1.12,1.12,-2.94,0.67,1.28,0,0,1
-0.37,2.05,-1.52,5.1,2.29,-2.61,-2.76,0.35,0,0,1
1.66,-1.09,0.15,-0.35,0.21,-1.0,0.85,1.21,0,0,1
2.32,1.74,1.31,-4.09,0.56,-2.82,1.12,-0.82,0,0,1
0.35,-3.05,3.86,-5.94,-2.27,3.13,1.56,-0.33,0,0,1
2.26,1.57,0.56,-2.4,-0.06,-0.0,4.2,3.27,0,0,1
-0.93,-2.52,1.07,-0.68,-1.6,2.15,0.48,-2.33,0,0,1
-0.8,0.73,-0.92,0.9,0.15,-0.29,0.03,-0.97,0,0,1
-0.06,0.56,-0.12,-1.22,-0.46,-0.08,0.32,-0.82,0,0,1
1.5,1.33,-4.74,-0.06,0.43,-3.35,0.02,0.74,0,0,1
1.52,0.48,2.71,-0.93,0.56,-0.72,0.59,0.55,0,0,1
-0.79,-1.24,-1.33,0.68,-0.64,0.1,-1.29,-1.08,0,0,1
-1.97,1.09,-0.17,1.59,0.83,0.12,-2.52,-0.48,0,0,1
1.85,-1.39,1.62,-2.09,0.08,0.18,1.04,1.33,0,0,1
0.67,-1.67,1.09,-2.14,0.47,0.17,-1.74,0.73,0,0,1
-0.47,-0.21,0.29,-0.38,-0.86,0.54,1.25,-1.06,0,0,1
2.05,-2.7,2.15,-1.09,0.48,2.07,1.21,4.03,0,0,1
0.83,-0.04,-1.19,2.16,1.11,-1.73,-1.65,0.6,0,0,1
-1.17,0.48,-0.01,1.2,0.27,-0.5,-1.97,-2.12,0,0,1
2.94,5.35,-3.24,2.03,4.32,-5.06,-1.36,4.37,0,0,1
-1.71,-2.32,1.7,-0.17,-1.05,2.47,-1.0,-1.35,0,0,1
0.6,2.79,-3.9,0.55,0.45,-2.46,1.13,0.05,0,0,1
-1.02,-3.32,3.37,2.85,0.29,3.19,-2.01,0.48,0,0,1
-1.7,0.13,0.12,1.21,-1.08,0.61,1.88,-2.34,0,0,1
1.22,0.09,-0.35,-2.03,0.29,-1.76,-0.44,-0.79,0,0,1
-1.37,-1.04,1.61,2.83,0.32,1.61,-2.7,-0.32,0,0,1
0.2,2.22,-2.55,0.51,-0.35,-2.08,0.9,-1.35,0,0,1
-1.05,-0.11,-2.13,2.07,-1.03,-0.52,-0.39,-1.12,0,0,1
-1.18,-1.05,2.47,-0.54,-0.82,0.57,-1.53,-2.18,0,0,1
-2.22,1.61,-5.43,1.25,-1.03,-2.55,-1.32,-5.55,0,0,1
0.85,-0.09,0.96,-0.83,-0.77,-0.46,0.99,-0.37,0,0,1
-1.55,0.35,0.81,1.99,0.9,1.06,-1.08,-0.42,0,0,1
-1.07,-1.71,0.98,-2.37,-2.13,1.54,0.57,-2.5,0,0,1
0.53,-0.53,1.17,-2.8,-1.36,0.44,2.38,-1.53,0,0,1
-0.21,0.72,-0.77,1.03,1.27,-1.14,-1.37,0.69,0,0,1
0.32,0.85,2.12,0.09,0.72,-0.36,-0.36,0.48,0,0,1
0.48,0.88,1.33,0.16,0.3,-0.21,0.6,0.25,0,0,1
0.18,-0.96,1.52,-2.79,-0.36,0.95,0.59,-0.74,0,0,1
1.13,2.86,-2.98,2.19,1.59,-2.34,0.33,2.11,0,0,1
-0.51,1.69,-2.39,3.0,0.9,-1.17,-0.62,-0.39,0,0,1
3.02,0.34,2.0,-1.1,2.26,-0.61,0.73,3.94,0,0,1
-2.88,-2.72,1.87,1.34,-1.31,2.44,-2.33,-4.19,0,0,1
0.57,0.67,-1.54,-1.15,-1.17,-1.19,2.45,-1.86,0,0,1
-2.22,-2.16,1.51,2.41,-0.49,3.56,-0.32,0.83,0,0,1
-0.25,-0.65,0.37,2.09,0.68,0.52,-1.41,1.73,0,0,1
0.39,0.48,0.05,-0.03,0.97,-0.62,-0.56,0.35,0,0,1
0.49,0.82,0.81,-1.01,-0.64,0.39,1.89,0.3,0,0,1
-1.25,0.5,0.07,1.05,0.25,0.34,-1.2,-1.32,0,0,1
-2.88,0.76,-0.48,0.82,-1.57,0.18,-0.37,-5.83,0,0,1
-0.41,-1.64,0.11,0.2,-0.76,1.15,-1.17,-0.18,0,0,1
-1.01,1.81,-2.25,3.25,1.3,-0.35,-1.45,1.86,0,0,1
1.29,1.74,-0.98,-2.24,0.89,-1.58,0.54,1.0,0,0,1
2.07,0.44,1.51,-1.77,1.52,-0.52,0.81,2.32,0,0,1
1.34,-0.43,-2.02,0.67,0.91,-1.93,-1.37,0.24,0,0,1
-0.0,0.53,-0.3,-2.28,-2.61,-0.79,3.92,-3.01,0,0,1
-0.5,0.02,-0.87,-1.72,0.78,3.29,-1.75,0.43,1,0,0
1.4,0.65,-2.75,-0.02,1.86,2.2,0.48,0.35,1,0,0
1.13,-5.94,-2.33,-0.44,-1.4,-1.26,-0.23,-0.01,1,0,0
-0.02,2.68,-0.14,0.71,-0.03,-0.17,0.1,0.89,1,0,0
1.09,2.62,0.25,0.5,1.02,-0.68,1.31,0.62,1,0,0
-0.87,0.46,2.34,-3.27,3.34,-0.61,2.02,0.29,1,0,0
-0.15,3.57,0.14,0.01,0.47,2.55,-2.31,0.47,1,0,0
1.09,1.17,-0.84,0.29,-1.65,-1.91,-0.23,1.75,1,0,0
1.19,-1.28,-0.85,-0.77,-0.6,1.73,-2.48,0.05,1,0,0
-0.63,-0.83,1.51,-4.29,-1.17,-0.66,-5.09,2.18,1,0,0
1.79,-0.53,-3.03,1.02,-0.54,3.36,-0.75,-0.19,1,0,0
3.95,1.41,-1.58,2.37,-0.89,-0.09,0.45,0.27,1,0,0
0.17,-0.82,-0.13,-0.87,1.21,-0.17,0.24,-0.08,1,0,0
-1.02,-2.2,-1.45,-0.64,0.49,-2.97,2.36,0.94,1,0,0
2.03,0.32,-2.48,1.48,-0.62,0.09,0.89,0.53,1,0,0
1.11,-0.98,-3.85,1.85,-2.62,2.02,-2.04,0.67,1,0,0
1.3,1.89,0.91,-1.77,1.61,-0.1,-0.36,0.75,1,0,0
2.02,-0.15,-0.13,-0.59,-0.1,-0.16,-0.85,0.52,1,0,0
1.48,3.07,1.6,-1.99,1.5,2.25,-3.53,0.39,1,0,0
-1.81,-3.07,-3.51,1.63,-3.23,-2.95,1.66,1.41,1,0,0
-1.31,-4.4,0.03,-3.2,-1.78,-1.15,-2.58,1.26,1,0,0
-0.76,-3.18,-0.42,-0.54,-0.05,0.12,1.32,-0.4,1,0,0
-0.91,2.65,-0.34,1.06,0.47,0.58,1.06,0.45,1,0,0
0.77,0.18,-0.59,-0.56,-1.38,0.39,-1.04,1.1,1,0,0
1.5,1.58,0.32,-1.06,1.2,0.45,0.35,0.54,1,0,0
3.06,1.64,-0.18,-0.3,0.22,2.7,-2.4,0.18,1,1,1
2.4,-1.96,-3.31,2.2,-0.54,0.37,1.35,-0.49,1,0,0
-0.89,-2.46,-2.06,-0.01,-0.05,-0.25,0.94,0.2,1,0,0
-2.98,1.16,4.45,-4.18,2.08,-1.48,0.53,0.94,1,0,0
1.57,0.0,-2.83,2.81,-0.94,3.4,-1.15,-0.9,1,0,0
-0.81,-0.66,2.16,-2.9,-0.78,1.98,-3.48,0.48,1,0,0
1.61,0.29,-1.43,1.04,-0.92,0.92,0.12,0.23,1,0,0
-1.47,0.05,-2.65,0.56,-0.3,0.48,1.17,0.97,1,0,0
3.71,1.52,-0.98,-0.01,-1.02,3.24,-2.64,0.51,1,0,0
2.49,-1.51,-2.59,0.04,1.08,-0.71,1.24,0.35,1,0,0
1.83,-1.39,-1.36,-0.43,-1.58,-1.52,-0.72,1.47,1,0,0
-1.41,-4.62,-1.76,-1.11,-0.72,-2.8,2.0,0.85,1,0,0
1.06,-1.83,-0.13,-2.02,-0.65,2.03,-2.19,0.4,1,0,0
-0.0,3.77,2.03,-2.12,0.59,1.5,-2.29,1.16,1,0,0
-1.35,-1.89,-1.49,-0.12,-0.09,-0.86,1.26,0.45,1,0,0
-1.55,-0.64,-1.6,-1.18,0.67,-3.19,3.67,1.78,1,0,0
-2.15,4.29,-0.07,-0.45,-1.16,-0.81,-1.8,2.59,1,0,0
1.46,2.11,-0.05,0.27,-0.96,3.26,-2.45,0.15,1,0,0
-0.85,-1.03,-0.12,-1.35,1.84,-0.69,1.84,0.06,1,0,0
-3.24,2.76,1.7,-2.73,1.21,-0.47,-1.47,1.69,1,0,0
1.38,2.23,-1.83,2.27,-2.21,1.48,-1.71,0.74,1,0,0
0.82,1.31,1.49,-1.43,2.86,1.48,-0.24,-0.69,1,0,0
-2.9,-1.48,-1.98,-1.25,-0.11,0.66,-1.02,1.1,1,0,0
0.2,-2.16,-0.9,0.61,-2.46,-1.76,-2.14,0.73,1,0,0
2.9,2.7,-1.95,0.45,2.51,1.72,-0.33,0.1,1,0,0
-0.69,3.19,0.78,-1.16,-1.26,1.78,-4.34,1.57,1,0,0
0.18,-1.61,-1.78,0.43,-0.11,3.91,0.02,-0.82,1,0,0
-1.74,-1.2,0.83,-1.87,0.21,0.27,-0.31,0.44,1,1,1
1.35,-2.74,-1.0,-0.33,1.74,3.6,0.91,-1.82,1,0,0
0.56,1.35,-2.37,0.72,-1.09,-0.32,-1.86,1.64,1,0,0
0.21,0.62,0.89,-0.28,0.11,-1.71,0.29,0.62,1,0,0
-0.17,-1.06,-2.02,-0.35,-1.43,-2.07,0.11,1.78,1,0,0
-3.15,-0.21,-1.74,-1.44,-2.11,-4.26,-0.86,3.4,1,0,0
-0.89,4.45,-0.99,1.52,0.62,0.85,0.69,0.81,1,0,0
0.96,-0.74,-0.83,-1.75,-1.41,-0.71,-2.56,1.68,1,0,0
-1.31,-0.45,-0.11,-0.69,0.67,0.22,-0.43,0.14,1,0,0
0.17,-0.41,0.41,-0.64,-2.23,-2.39,-1.39,1.64,1,0,0
0.73,1.46,-0.56,0.94,0.91,1.79,1.22,-0.36,1,0,0
1.59,2.71,0.2,1.13,0.33,2.26,0.38,-0.35,1,0,0
1.26,-2.16,-1.98,0.19,-1.54,1.49,-0.86,0.32,1,0,0
2.54,-0.64,-4.2,1.46,-1.47,1.91,-1.46,0.78,1,0,0
-0.38,-3.1,-2.5,0.64,0.79,0.12,2.56,-0.5,1,0,0
-0.02,-2.3,-2.87,0.58,-0.72,1.36,-0.12,0.11,1,0,0
-3.12,1.25,0.36,-3.39,0.04,-0.01,-4.52,2.33,1,0,0
-0.96,-0.51,0.44,-1.54,-1.01,-1.94,-3.13,1.49,1,0,0
0.75,-0.72,-0.56,0.78,0.04,1.74,1.63,-0.72,1,0,0
1.66,1.58,0.6,0.06,-1.81,1.38,-1.85,0.75,1,0,0
-2.66,0.6,0.69,-1.84,-0.93,-1.39,-1.54,1.77,1,0,0
-0.01,1.42,2.91,-1.86,0.39,0.95,-1.73,0.31,1,0,0
2.43,1.87,-2.2,1.85,-0.77,1.94,-0.29,0.32,1,0,0
-0.37,-2.1,-2.16,-1.15,-2.18,1.21,-3.44,1.22,1,0,0
-0.12,0.28,-0.54,-1.2,0.43,0.43,-1.66,0.74,1,0,0
-0.44,-3.31,-1.33,-0.9,0.06,1.3,1.65,-0.16,1,0,0
0.51,-2.99,-0.97,0.45,0.07,-0.18,0.28,-0.75,1,0,0
2.02,1.56,-2.26,2.0,0.94,4.19,0.88,-0.92,1,0,0
0.14,0.02,0.63,0.0,0.75,3.11,0.28,-0.99,1,0,0
1.77,1.09,-0.85,1.58,-0.3,-0.14,0.52,0.06,1,0,0
0.72,-3.44,-1.6,-0.45,-0.4,2.4,-0.31,-0.63,1,0,0
-0.72,-2.41,-1.2,-1.64,1.02,-1.48,-0.39,0.72,1,0,0
0.44,-2.61,-1.06,-1.77,1.41,-1.2,1.13,0.47,1,0,0
0.32,-0.14,0.2,-0.14,0.65,1.57,-0.47,-0.45,1,0,0
0.82,0.99,-0.35,-0.2,-0.42,1.7,-0.46,0.56,1,0,0
0.65,1.93,-0.35,-0.99,-1.38,1.35,-3.04,1.51,1,0,0
-1.06,-0.56,0.17,-2.25,-0.52,-1.8,-2.26,1.86,1,0,0
-1.07,1.97,0.05,-1.16,0.03,-2.31,0.01,2.15,1,0,0
-1.35,1.31,-1.43,-0.75,0.81,2.27,-0.71,0.7,1,0,0
2.68,-0.84,-2.34,1.31,-0.97,0.53,-0.57,0.19,1,0,0
-2.15,-0.92,-0.36,-0.8,0.38,-0.96,0.4,0.58,1,0,0
-1.47,-2.3,-0.49,-1.7,-0.45,-2.06,-0.65,0.99,1,0,0
1.17,1.81,0.75,0.6,1.35,-0.6,1.09,-0.2,1,0,0
0.1,1.36,1.98,-3.27,3.35,-0.3,1.03,0.56,1,0,0
0.21,-2.16,-1.44,-0.95,0.58,-0.73,2.5,0.45,1,0,0
3.1,-0.77,-2.77,1.41,-0.96,1.31,0.07,0.28,1,0,0
0.69,0.71,1.55,-0.79,1.4,0.99,0.93,-0.55,1,0,0
2.83,0.27,-1.5,0.09,0.9,2.34,-1.06,-0.2,1,0,0
0.12,-1.46,-2.84,0.14,0.01,0.16,-0.35,0.47,1,0,0
1.73,-0.93,-2.22,-0.15,-0.62,-0.16,0.1,0.89,1,0,0
-1.69,0.66,1.01,-2.74,2.44,-0.73,0.46,0.81,1,0,0
1.04,-2.86,-2.44,0.25,-2.54,-0.64,-1.7,0.95,1,0,0
-0.27,2.69,0.03,0.73,-2.35,1.17,-3.5,1.33,1,1,1
1.64,1.25,0.85,-0.6,-1.6,1.71,-2.76,0.81,1,0,0
1.73,0.3,-1.71,0.78,-0.53,0.1,-0.03,0.65,1,0,0
-1.34,0.57,2.14,-2.56,-0.99,-1.42,-1.81,1.81,1,0,0
-0.65,-1.1,-0.19,-1.28,-0.15,-3.0,-0.39,1.39,1,0,0
1.94,0.09,1.0,-1.58,0.45,0.21,-1.12,0.35,1,0,0
-0.31,-1.49,-0.24,-1.3,-0.06,-0.58,0.43,0.61,1,0,0
-1.24,-3.11,-0.74,-2.4,1.1,-0.95,0.77,0.47,1,0,0
0.54,2.16,-1.66,-1.06,1.44,3.51,-0.73,0.8,1,0,0
3.03,1.3,-1.43,0.32,1.65,2.82,1.67,-0.49,1,0,0
0.09,-2.28,-0.66,-0.5,2.27,-1.38,2.67,-0.57,1,0,0
0.56,0.67,-2.35,0.06,-1.67,1.37,-2.09,1.49,1,0,0
-0.92,-2.15,-2.47,0.55,-1.45,-2.57,1.39,1.38,1,0,0
-1.5,-1.26,-0.0,-2.68,0.27,-0.65,1.03,1.39,1,0,0
-0.45,1.19,-0.12,0.62,0.01,2.34,-1.42,-0.25,1,0,0
2.04,2.47,1.55,-1.12,1.21,0.07,-1.28,0.44,1,0,0
2.08,-0.8,-1.58,0.89,-0.65,0.4,0.14,0.11,1,0,0
0.06,-2.46,-1.04,-0.6,0.94,0.0,2.92,-0.26,1,0,0
-0.84,-2.74,-2.04,-1.08,-1.22,-0.28,-1.15,1.06,1,0,0
-3.66,-1.13,-0.56,-2.35,0.29,-1.68,0.58,1.69,1,0,0
0.41,1.42,-1.02,1.6,0.19,-0.47,2.18,0.16,1,0,0
-1.4,-1.75,0.78,-1.69,-1.5,-0.85,-0.71,1.05,1,0,0
0.76,1.81,0.34,-1.06,0.86,-1.9,-0.32,1.36,1,0,0
1.18,3.86,-0.91,1.47,-1.07,1.31,-1.63,1.19,1,0,0
0.95,-0.18,0.33,-1.54,1.43,-0.53,-1.08,0.34,1,0,0
1.74,-0.95,-0.14,-0.91,-2.49,2.17,-3.41,0.58,1,0,0
-1.56,-1.95,-0.08,-1.5,0.38,-1.36,0.14,0.57,1,0,0
-2.12,2.6,1.54,-0.86,0.84,0.22,-0.15,0.87,1,0,0
0.71,4.95,1.23,0.42,0.18,4.23,-2.89,0.12,1,0,0
0.25,0.8,1.37,-1.04,0.13,-0.48,-0.73,0.68,1,0,0
0.16,-0.14,-0.22,-1.63,0.2,0.8,-2.11,0.84,1,0,0
0.39,-0.33,1.63,-1.71,1.05,0.71,0.13,-0.24,1,0,0
-0.07,-1.18,0.22,-1.35,-1.34,1.2,-1.22,0.68,1,0,0
2.96,0.28,1.44,0.93,1.07,2.44,0.74,-1.85,1,0,0
0.21,-2.99,-2.68,1.65,-0.94,-0.09,2.73,-0.31,1,0,0
0.12,-2.72,-1.8,-0.41,1.12,-1.29,2.88,0.06,1,0,0
-0.96,-2.68,-4.13,0.88,0.15,-0.84,2.85,0.52,1,0,0
0.85,0.17,-1.99,0.23,-0.45,-2.08,0.31,1.61,1,0,0
-0.85,-0.72,0.34,-1.48,-0.5,0.01,-0.41,0.8,1,0,0
1.74,-3.26,-2.99,-0.61,-2.32,1.43,-2.59,0.85,1,0,0
-0.24,0.15,0.28,-0.82,0.31,2.43,-0.9,-0.03,1,0,0
0.3,-0.56,-0.84,-0.42,0.46,-0.45,0.36,0.43,1,0,0
-0.22,-1.99,-2.34,1.44,-0.17,-1.19,2.66,0.02,1,0,0
0.86,2.41,-0.23,0.95,-0.69,-0.24,0.7,1.02,1,0,0
-3.73,0.31,2.06,-2.75,-2.39,-1.78,-3.45,2.39,1,0,0
-0.22,-0.24,0.03,-0.62,-1.45,-0.44,-2.2,1.0,1,0,0
1.67,-2.15,-2.85,1.11,-0.38,3.71,-0.57,-1.05,1,0,0
-0.62,0.18,0.76,-2.21,-0.15,2.9,-1.6,0.42,1,0,0
-2.27,-1.5,1.18,-3.35,2.52,-4.42,2.04,1.16,1,0,0
0.83,-1.36,0.29,-1.13,0.34,-0.81,0.36,0.28,1,0,0
1.14,-0.7,0.15,-1.9,-1.62,-0.37,-3.23,1.48,1,0,0
1.02,1.08,0.43,-0.86,-0.06,-0.29,-0.87,0.9,1,0,0
0.14,3.19,0.59,-1.45,-0.2,-0.12,-3.19,1.94,1,0,0
-0.21,2.01,-1.54,0.49,0.38,0.27,0.42,1.01,1,0,0
-2.4,-0.41,-0.1,-1.74,1.71,-4.48,2.43,1.56,1,0,0
0.6,-1.87,-4.86,1.22,-2.23,1.21,-1.42,1.13,1,0,0
0.14,-0.14,-2.8,-0.57,-1.23,-1.51,-1.99,2.21,1,0,0
1.31,1.64,0.57,0.59,-1.59,2.86,-3.91,-0.04,1,0,0
0.65,-2.47,-2.34,-0.34,0.45,0.52,0.82,0.07,1,0,0
-1.77,-2.31,-2.18,-1.7,-0.49,0.98,-0.96,1.03,1,0,0
-2.0,1.32,-1.04,-0.65,2.25,-0.17,0.98,0.64,1,0,0
-1.05,-0.11,2.04,-2.29,1.28,-2.36,-0.03,0.54,1,0,0
-0.63,-2.21,-2.55,-2.46,0.27,-0.62,-1.34,1.78,1,0,0
-1.8,-3.03,-1.94,-1.24,0.42,0.17,1.28,0.41,1,0,0
-2.23,-0.98,-2.14,-0.22,0.23,0.04,0.73,0.61,1,0,0
-0.36,-2.52,-2.08,0.83,1.01,-2.54,4.75,-0.08,1,0,0
0.25,-0.46,1.44,-2.62,-1.7,-0.13,-2.82,1.66,1,0,0
0.19,-2.22,-1.56,-0.06,1.57,0.67,0.13,-0.76,1,0,0
-0.09,0.16,2.45,-1.89,1.99,1.52,-0.26,-0.77,1,0,0
-1.26,-2.6,1.81,-2.45,-0.07,-1.99,-1.25,0.46,1,0,0
-1.06,0.51,0.18,-2.34,1.48,1.78,-2.11,0.47,1,0,0
0.33,-0.92,-2.9,0.69,1.87,-0.38,3.88,0.06,1,0,0
0.53,0.97,0.23,0.0,-0.71,1.79,-0.99,0.42,1,0,0
-0.47,-0.14,1.43,-1.0,0.48,-2.86,1.93,0.89,1,0,0
-0.32,-2.52,-1.19,0.0,-1.56,-2.75,0.64,0.93,1,0,0
2.75,1.42,-1.07,0.96,-0.56,-0.63,0.45,0.92,1,0,0
1.03,1.04,-0.58,0.23,-0.97,1.09,-1.11,0.61,1,0,0
0.24,0.36,-0.82,0.71,1.8,-1.4,2.7,-0.24,1,0,0
0.06,1.88,0.97,-1.93,1.46,0.8,-1.09,0.85,1,0,0
-0.39,-0.85,-1.9,1.6,-1.67,0.37,-1.05,0.31,1,0,0
3.12,0.27,-1.81,1.76,-1.85,2.11,-1.55,-0.1,1,0,0
0.47,-2.39,-0.44,2.05,-2.37,-1.31,1.14,-0.31,1,0,0
-0.79,0.63,0.65,-1.01,-0.45,-4.61,0.83,2.14,1,0,0
1.1,-1.57,-3.61,1.03,0.74,-0.99,4.18,0.52,1,0,0
1.25,-0.81,-1.82,-0.38,0.41,1.48,-1.71,0.2,1,0,0
-0.1,-0.29,-2.5,-0.23,-2.93,2.84,-4.49,1.61,1,0,0
0.01,0.15,-1.23,0.12,-1.05,0.44,-0.85,0.86,1,0,0
1.63,0.68,0.37,-0.39,1.74,1.83,-0.95,-0.7,1,0,0
1.16,0.09,-3.36,1.87,0.14,-1.15,1.43,0.52,1,0,0
-0.73,-1.51,-0.16,-0.42,0.7,1.04,0.12,-0.52,1,0,0
-0.01,0.51,-1.67,-0.5,-0.78,-0.34,-1.43,1.63,1,0,0
-0.31,-1.39,-1.69,-0.72,-0.63,-2.06,-0.63,1.42,1,0,0
0.56,-1.1,-1.61,-0.83,2.73,-1.36,4.05,0.2,1,0,0
-1.47,-1.51,-2.1,-0.48,0.17,-1.76,1.82,1.25,1,0,0
3.35,-0.42,-3.28,1.4,-0.27,1.04,0.15,0.29,1,0,0
0.91,-1.05,-1.36,-0.62,-0.24,-1.81,0.89,1.28,1,0,0
-0.28,0.56,1.02,-1.64,2.62,-0.36,1.93,0.13,1,0,0
-0.4,0.15,0.66,-1.95,1.22,-3.05,0.37,1.43,1,1,1
2.49,1.41,-2.17,1.15,0.25,1.2,-0.95,0.33,1,0,0
-0.15,0.15,1.23,-1.55,-0.04,-0.5,-1.53,0.75,1,0,0
0.99,-3.78,-2.04,0.3,0.26,-1.16,2.93,-0.44,1,0,0
-1.41,-1.71,-1.48,-0.8,1.4,-1.22,1.46,0.42,1,0,0
1.82,-1.38,-2.33,0.91,-0.12,0.25,1.42,-0.13,1,0,0
-0.77,2.46,1.94,-1.31,1.31,0.8,0.18,0.35,1,0,0
0.53,-2.51,-2.24,-0.93,-0.54,1.09,-1.54,0.44,1,0,0
0.99,-0.73,-1.36,-0.27,-0.02,1.05,-1.38,0.35,1,0,0
-1.3,-0.33,0.68,-2.48,2.1,-1.47,1.29,0.85,1,0,0
0.62,0.15,-0.37,0.22,0.89,0.92,1.77,-0.42,1,0,0
1.89,0.03,-1.22,-1.4,-0.95,1.95,-3.9,1.12,1,0,0
-0.88,-4.27,-2.13,-0.45,-1.54,-1.48,-0.86,0.71,1,0,0
0.53,-2.05,-0.89,-0.42,-0.64,-1.56,-0.56,0.6,1,0,0
0.56,-1.78,-1.86,1.74,-1.9,1.39,-0.9,-0.23,1,0,0
0.78,1.64,0.11,-0.46,2.01,2.94,-0.53,-0.43,1,0,0
3.36,1.1,-0.59,1.58,-1.96,2.33,-2.26,-0.01,1,0,0
2.94,-2.44,-1.56,0.96,-1.28,4.19,-1.17,-1.13,1,0,0
2.77,1.06,-0.9,0.91,-1.42,4.08,-3.03,-0.3,1,0,0
-2.1,1.56,3.87,-1.65,-0.08,0.68,-1.1,0.19,1,0,0
1.29,-1.33,-0.09,-0.21,-2.4,-3.47,-0.05,1.59,1,0,0
-1.06,0.24,-3.11,0.65,0.68,-0.7,1.78,1.19,1,0,0
0.65,2.34,1.23,-2.27,2.09,1.56,-0.96,0.5,1,0,0
2.1,2.45,-1.11,-0.01,0.81,2.18,-1.95,0.55,1,0,0
-1.36,-0.84,-0.9,-0.73,0.81,-3.81,2.88,1.46,1,0,0
1.38,-3.12,-1.15,-1.46,-1.35,1.41,-1.55,0.46,1,0,0
0.57,-0.2,-1.35,0.38,-1.61,1.92,-2.04,0.44,1,0,0
0.95,-3.95,-0.53,-3.0,-0.78,-0.91,-1.82,1.08,1,0,0
1.49,-3.63,-1.65,0.38,0.77,0.53,2.74,-1.1,1,0,0
-3.04,1.96,-0.07,-1.12,-0.8,-0.35,-2.02,2.11,1,1,1
1.24,0.47,0.05,1.11,2.18,1.65,3.59,-1.23,1,0,0
-3.99,-4.22,-0.8,-2.92,1.48,-1.39,1.42,0.56,1,0,0
0.67,2.02,0.92,-0.02,0.17,-0.96,0.28,0.83,1,0,0
1.08,2.54,1.14,0.3,1.35,0.37,0.9,-0.19,1,0,0
-0.03,0.46,0.97,-1.14,-1.16,0.57,-0.8,0.92,1,0,0
2.56,-0.97,0.91,-0.77,2.03,2.86,-0.1,-1.67,1,0,0
0.48,0.49,-0.68,-0.13,0.22,1.18,-0.32,0.22,1,0,0
0.9,-1.99,-0.59,0.1,-0.15,-1.0,1.92,-0.09,1,0,0
-1.74,0.13,0.57,-2.25,0.46,-1.47,-0.62,1.57,1,0,0
3.27,-3.71,-5.53,0.75,-0.23,0.17,1.51,0.44,1,0,0
3.46,0.97,0.48,0.38,0.25,3.81,0.44,-0.84,1,0,0
-0.08,0.36,-1.11,1.13,-2.16,-0.01,-0.0,1.12,1,0,0
-0.72,-1.65,-3.66,0.35,-2.73,0.29,-2.93,1.69,1,0,0
-1.98,-0.54,0.01,-0.29,0.71,-2.95,2.41,0.81,1,0,0
1.62,1.1,-1.21,-0.42,1.11,-1.32,0.5,1.08,1,0,0
-1.77,-4.26,-3.32,-1.22,-0.6,-2.22,1.36,1.43,1,0,0
0.06,-1.84,-1.29,0.04,-1.41,0.01,0.38,0.52,1,0,0
0.87,0.21,-1.14,0.45,-3.13,-0.6,-2.29,1.59,1,0,0
-2.58,-1.15,-1.71,-0.81,-1.14,-1.53,-1.37,1.74,1,0,0
-2.41,-2.57,-2.3,0.43,1.94,-4.35,5.47,0.52,1,0,0
-0.55,4.16,3.28,-2.38,4.62,2.56,-0.13,-0.48,1,0,0
1.07,3.33,0.16,0.83,3.35,-1.33,3.98,-0.09,1,0,0
1.14,-1.32,0.87,-0.89,-0.68,-1.07,-0.4,0.13,1,0,0
1.99,0.43,-1.35,1.05,-0.6,2.51,-1.31,-0.18,1,0,0
-0.93,-0.14,-0.55,-2.5,1.4,0.03,0.19,1.29,1,0,0
1.16,-2.04,-0.13,0.51,-2.37,-0.09,-1.15,0.05,1,0,0
1.26,-0.41,-0.08,-2.01,1.96,1.04,-0.64,0.19,1,0,0
-0.46,2.01,1.23,-1.22,3.46,2.08,0.88,-0.89,1,0,0
-0.45,-3.75,-1.58,-1.65,2.76,-2.49,4.46,-0.02,1,0,0
0.41,-3.71,-3.78,-0.07,1.5,-2.12,3.15,0.42,1,0,0
-1.33,2.18,0.26,-2.04,4.65,-0.37,2.75,0.27,1,0,0
-1.94,-2.22,0.73,-2.78,0.8,-4.19,2.44,1.65,1,0,0
-2.02,-1.05,-0.21,-1.52,-0.62,-3.01,-0.25,1.57,1,0,0
1.11,2.56,1.22,0.08,-2.07,0.95,-0.62,1.08,1,0,0
-0.62,0.64,-2.51,0.32,1.88,2.23,1.85,-0.07,1,0,0
0.91,-1.86,-3.77,1.1,-1.32,1.81,0.29,0.48,1,0,0
1.08,-2.87,-1.66,-0.2,1.6,5.06,0.4,-1.94,1,0,0
2.02,0.61,-0.87,0.33,0.37,1.22,-0.91,0.22,1,0,0
2.79,-1.8,-1.52,0.92,-2.83,2.9,-3.65,-0.32,1,0,0
-0.38,0.34,1.28,-2.95,0.58,2.06,-1.4,0.75,1,0,0
1.0,0.71,0.45,-1.57,-0.74,0.91,-2.63,1.05,1,0,0
2.16,-2.79,-4.39,2.18,0.45,4.46,1.73,-1.71,1,0,0
-2.25,-0.11,0.14,-1.59,0.04,-2.4,0.23,1.63,1,0,0
0.53,-3.26,-0.96,-1.55,-0.06,0.05,-1.35,0.31,1,0,0
1.79,-0.21,-1.9,0.74,-0.04,1.45,-0.27,-0.01,1,0,0
0.21,2.43,-1.16,1.34,0.49,1.06,1.98,0.34,1,0,0
-1.68,-2.14,-1.24,-0.94,0.28,-0.45,-1.04,0.3,1,0,0
1.16,1.25,-2.2,0.67,-0.87,-1.86,-0.32,1.7,1,0,0
1.27,-1.93,-2.46,0.52,-2.45,-0.94,-1.32,1.45,1,0,0
-4.84,0.21,0.14,-2.97,0.76,-2.08,-0.5,2.22,1,0,0
0.36,1.75,1.27,-0.82,0.42,-0.48,-0.56,0.71,1,0,0
-0.88,-2.19,-2.94,1.12,-1.77,3.2,-0.6,-0.38,1,0,0
1.07,-1.11,-0.45,0.47,-0.33,-1.13,0.79,0.09,1,0,0
2.03,1.31,-2.74,0.77,-1.92,0.91,-3.06,1.62,1,0,0
-1.2,-2.23,-0.43,-2.34,-0.75,2.05,-2.91,0.48,1,0,0
-1.79,1.56,1.74,-1.83,0.95,-3.04,1.06,1.51,1,0,0
-1.0,-1.26,-0.34,-1.49,1.0,0.38,-0.22,0.13,1,0,0
1.47,1.07,-0.48,-0.97,0.16,3.74,-3.54,0.14,1,0,0
-0.86,-1.0,-0.39,0.65,2.6,-1.93,4.22,-0.72,1,0,0
-0.82,-0.98,-2.27,0.21,-0.68,-1.26,0.14,1.11,1,0,0
2.0,0.22,-0.27,-0.06,0.35,4.34,-0.33,-0.82,1,0,0
-0.75,0.3,1.38,-1.3,1.13,2.35,0.01,-0.43,1,0,0
-0.25,0.05,-1.18,0.86,0.44,0.22,2.17,-0.03,1,0,0
-1.04,0.37,1.16,-0.33,-0.76,0.75,-0.07,0.34,1,0,0
0.98,4.74,0.75,-0.15,0.65,2.14,-2.73,0.76,1,0,0
2.41,1.6,-0.39,0.98,-2.31,1.05,-3.46,0.81,1,0,0
0.11,2.37,-3.17,2.11,-1.12,-0.46,-0.78,1.5,1,0,0
1.8,-0.71,-0.99,0.01,1.44,0.85,1.87,-0.55,1,0,0
0.37,-0.3,-2.69,-0.17,-0.76,0.91,-1.07,1.2,1,0,0
1.24,0.21,1.15,-0.73,1.55,-0.14,1.49,-0.23,1,0,0
-1.32,1.38,-0.64,-0.17,0.83,0.05,0.75,0.82,1,0,0
-0.43,-5.4,-2.12,-0.96,0.62,0.24,2.16,-0.6,1,0,0
0.9,-0.01,-0.88,-0.89,0.57,-1.48,-0.88,1.09,1,0,0
-1.83,-0.51,-1.76,0.17,0.11,-2.87,2.29,1.22,1,0,0
-0.88,-2.69,-1.11,-2.21,2.1,-1.43,2.06,0.43,1,0,0
0.67,3.78,0.59,-1.48,1.61,1.51,-1.93,1.2,1,0,0
1.79,2.39,1.45,-2.01,1.25,4.15,-2.81,-0.02,1,0,0
1.39,-1.46,-2.34,0.68,-0.43,0.44,-0.05,0.2,1,0,0
2.99,-0.99,-2.29,-0.64,-0.36,0.75,-0.4,0.95,1,0,0
1.43,2.1,-3.23,3.93,0.32,1.03,2.58,-0.36,1,0,0
3.55,0.61,-1.83,0.98,-2.17,1.56,-2.81,0.79,1,0,0
-0.93,1.55,0.14,-0.99,-1.25,-0.39,-2.64,1.66,1,0,0
1.53,-1.04,-0.57,-2.07,-1.81,0.73,-4.45,1.57,1,0,0
3.23,1.19,-0.53,1.21,-1.24,1.98,-1.47,-0.07,1,0,0
0.92,-1.29,-1.19,-0.47,0.25,1.09,-1.55,0.05,1,0,0
-0.75,-0.5,-0.14,-1.91,1.53,-1.02,1.31,1.01,1,0,0
-3.23,-1.91,-1.14,-0.15,0.98,-0.38,2.1,-0.11,1,0,0
-0.11,-1.21,-1.02,0.06,-0.97,0.47,-0.31,0.33,1,0,0
-1.28,0.03,-0.07,-1.07,-0.35,-2.48,-0.74,1.61,1,0,0
2.65,-0.72,0.8,-1.32,-0.71,2.97,-2.12,-0.18,1,0,0
-1.46,-1.19,-0.95,-0.47,0.0,0.71,0.07,0.14,1,0,0
2.25,3.43,2.41,-1.36,3.3,-1.68,3.18,0.39,1,0,0
0.51,1.44,0.84,-1.8,0.64,2.68,-2.26,0.42,1,0,0
0.07,2.73,0.62,-0.02,0.44,1.16,-0.06,0.43,1,0,0
-0.9,-0.96,0.08,-2.8,-0.2,0.4,-3.36,1.09,1,0,0
0.58,0.81,1.42,-0.85,-2.13,0.38,-2.63,1.04,1,0,0
-0.87,-2.48,-1.5,-1.49,-0.71,-0.78,-0.35,1.1,1,0,0
1.32,0.54,-1.39,0.16,-2.79,-2.25,-3.29,2.16,1,0,0
0.99,-1.18,-3.32,2.43,0.24,-0.52,3.04,-0.28,1,0,0
-0.58,-1.24,-0.94,-0.79,-1.79,-0.77,-0.63,1.46,1,0,0
0.4,-0.89,0.72,0.09,-1.11,-2.0,0.26,0.6,1,0,0
0.6,0.6,1.97,-3.41,2.82,1.29,-0.79,0.15,1,0,0
2.05,-1.87,0.91,-1.38,1.54,2.87,-0.43,-1.55,1,0,0
0.77,1.65,-0.49,-0.28,0.21,2.48,-1.03,0.33,1,0,0
0.77,-1.54,-2.17,-0.17,0.56,0.96,0.26,0.06,1,0,0
-1.11,3.9,2.6,-2.9,2.37,-1.47,-0.44,1.66,1,0,0
4.17,0.35,-4.83,3.82,-1.16,3.04,0.7,-0.48,1,0,0
0.62,0.16,0.64,-1.12,-0.31,1.09,-3.19,0.42,1,0,0
-0.44,-0.35,-1.06,1.14,-0.61,-3.58,2.52,1.09,1,0,0
-0.41,-0.11,2.26,-2.09,-0.31,0.03,-2.79,0.38,1,0,0
0.67,2.45,-0.78,0.49,2.82,1.94,1.82,-0.33,1,0,0
1.61,-2.77,-2.84,0.96,-2.54,0.26,-0.64,0.58,1,0,0
-2.06,0.38,-0.04,-0.92,-1.56,-1.39,-0.78,1.9,1,0,0
1.86,-1.9,0.13,-0.59,1.43,1.59,0.75,-1.14,1,0,0
0.83,-0.12,1.12,-2.09,1.97,2.58,0.29,-0.51,1,0,0
0.14,1.37,0.91,-0.86,-0.05,0.31,-2.07,0.69,1,0,0
-0.35,2.41,1.3,-2.05,-0.04,-1.21,-1.48,1.97,1,0,0
-0.85,-2.98,-0.68,-1.39,-2.4,1.2,-3.65,0.66,1,0,0
0.17,-1.19,-1.6,0.24,-0.88,0.78,-1.21,0.29,1,0,0
-1.49,0.1,0.67,-1.2,-0.65,-0.75,-0.9,1.14,1,0,0
1.2,0.94,-1.5,-0.01,-0.51,0.32,-0.89,1.06,1,0,0
-0.85,-0.38,-0.91,-0.81,0.36,-1.44,-0.2,1.11,1,0,0
-1.91,-2.36,-2.91,-0.44,-1.95,-0.6,0.26,1.59,1,0,0
1.89,-1.32,-2.31,0.97,-2.08,0.4,-0.61,0.67,1,0,0
-1.65,-2.86,1.73,-2.64,1.17,-1.57,1.46,-0.04,1,0,0
1.48,-0.33,-1.94,1.25,-0.51,-0.17,0.57,0.22,1,0,0
1.51,2.7,0.1,-0.12,1.38,1.74,0.08,0.27,1,0,0
-1.33,-0.64,-1.98,-0.08,-0.17,-2.69,0.31,1.4,1,0,0
3.1,-3.28,-3.31,2.22,-2.87,2.02,-0.66,-0.42,1,0,0
-1.29,0.22,0.16,-0.16,1.99,0.01,2.43,-0.35,1,0,0
0.28,-1.38,-3.19,1.85,-1.98,0.87,0.67,0.48,1,0,0
0.59,-0.09,-2.1,-0.3,-0.32,2.94,-0.18,0.42,1,0,0
1.92,-0.53,-1.75,1.7,0.03,2.36,1.52,-0.74,1,0,0
-0.65,2.88,-0.28,0.66,0.28,0.14,1.07,0.81,1,0,0
1.28,0.51,-0.32,-0.03,-0.13,1.31,-0.19,0.27,1,0,0
0.35,0.04,-1.62,1.76,-0.67,-0.88,1.68,0.19,1,0,0
-0.85,-0.49,1.89,-1.63,-1.56,-1.67,-2.55,1.23,1,0,0
0.7,1.12,-0.17,1.01,0.41,-1.76,0.29,0.44,1,0,0
0.02,-0.66,0.1,-0.41,0.58,-0.39,-0.07,-0.09,1,0,0
1.73,2.6,-0.8,1.57,-0.32,0.42,0.12,0.47,1,0,0
0.5,1.05,-1.45,0.68,1.31,0.66,1.41,0.15,1,0,0
-1.35,-2.46,-1.35,-0.6,0.91,-4.86,4.47,1.17,1,0,0
1.37,2.3,1.74,-1.71,0.73,4.48,-4.62,-0.23,1,0,0
2.08,0.89,-1.11,0.86,-2.05,1.72,-3.06,0.65,1,0,0
2.39,-3.0,-3.47,3.47,-0.37,-0.81,4.69,-1.18,1,0,0
-0.78,-0.1,1.85,-1.45,0.06,0.24,0.66,0.32,1,0,0
0.0,0.61,1.65,-1.45,-1.73,2.25,-4.54,0.52,1,1,1
0.21,-0.58,-1.73,1.38,-1.56,-1.19,0.81,0.57,1,0,0
-1.69,0.77,1.77,-2.74,-0.1,-1.57,-1.84,1.78,1,0,0
-0.28,-1.58,-2.16,-0.47,-1.5,1.11,-1.98,0.94,1,0,0
-0.07,-3.47,-2.27,-2.35,0.29,-1.4,0.05,1.19,1,0,0
-2.09,-0.67,3.34,-4.25,1.03,-2.98,-1.73,1.5,1,0,0
-1.52,0.07,0.72,-2.57,1.03,-3.04,0.05,1.8,1,0,0
1.29,0.6,-2.16,1.34,-0.4,1.22,-0.5,0.11,1,0,0
0.61,-2.37,0.82,-1.09,-0.28,0.33,-0.41,-0.48,1,0,0
0.51,0.39,-0.6,-0.49,0.27,2.21,-2.03,0.06,1,0,0
-1.2,-1.52,-2.89,-1.07,-0.72,0.16,-0.75,1.36,1,0,0
2.77,-0.67,-1.61,1.15,0.14,0.25,0.42,-0.32,1,0,0
0.88,-3.34,-1.23,-1.56,0.24,0.63,-0.19,0.07,1,0,0
-0.02,-1.72,-1.64,0.35,-0.5,1.71,-0.28,-0.2,1,0,0
5.37,1.66,-2.07,3.18,-1.02,1.66,-0.08,-0.36,1,0,0
0.67,-2.69,-0.05,-0.72,-0.8,-0.98,0.75,0.09,1,0,0
-0.24,-0.59,1.35,-2.75,0.85,0.28,-1.53,0.62,1,0,0
1.25,-0.7,1.4,-2.35,-0.35,-1.4,-0.39,1.12,1,0,0
-1.27,-2.86,-1.66,-0.97,0.64,-2.58,2.29,0.73,1,0,0
1.38,-1.76,-2.44,0.15,-0.58,1.65,-0.96,0.05,1,0,0
-0.79,1.49,0.02,-0.71,0.16,1.82,-0.05,0.6,1,0,0
2.87,0.36,0.39,1.04,1.37,1.81,1.37,-1.42,1,0,0
0.35,0.11,0.27,-0.4,-1.07,0.54,-1.86,0.41,1,0,0
-1.7,-0.04,1.82,-3.2,1.48,-0.5,-0.56,0.8,1,0,0
0.24,1.24,-1.01,0.69,-0.45,-1.78,1.24,1.2,1,0,0
2.03,-1.61,-2.72,1.15,1.19,-1.98,3.47,-0.02,1,0,0
0.55,0.77,-1.61,1.0,0.61,3.44,-0.71,-0.61,1,0,0
1.25,1.19,-3.07,1.99,-1.06,1.69,-0.61,0.74,1,0,0
3.15,-2.58,-3.0,1.32,-2.15,2.35,-1.23,-0.19,1,0,0
-0.46,1.81,-0.87,-0.28,2.33,0.25,0.33,0.29,1,0,0
1.05,3.71,0.6,-0.71,1.5,1.97,-1.04,0.52,1,0,0
-1.67,-1.4,-1.26,-1.69,1.3,-4.2,2.43,1.66,1,0,0
1.99,3.95,0.05,-0.12,1.75,1.96,0.46,0.39,1,0,0
0.78,-1.07,-0.28,0.43,-0.34,1.09,0.12,-0.68,1,0,0
-0.21,0.05,-0.79,-0.47,0.06,1.66,-1.6,0.18,1,0,0
1.64,-1.37,1.11,-2.54,-0.6,-0.37,-2.67,0.89,1,0,0
0.52,0.29,-0.77,-0.79,0.41,0.24,-1.59,0.74,1,0,0
-2.73,-0.81,-0.07,-0.96,-0.85,-0.19,-0.48,0.78,1,0,0
0.64,0.76,1.62,-1.27,-1.05,-0.45,-1.51,0.98,1,0,0
2.22,-0.24,-1.36,-0.08,-2.45,2.12,-3.76,0.87,1,0,0
-0.21,-1.0,-2.13,0.44,-0.7,0.49,-1.1,0.35,1,0,0
-2.48,-7.05,-3.3,-1.16,-0.96,-1.66,0.8,0.36,1,0,0
0.36,2.66,0.02,-1.21,1.03,2.47,-2.26,0.69,1,0,0
1.58,1.34,-1.0,0.95,0.85,2.05,0.04,-0.44,1,0,0
0.73,-1.4,-0.33,0.0,-0.46,-1.89,0.58,0.45,1,0,0
-4.55,-1.88,-1.33,-1.51,1.97,-5.39,2.81,1.54,1,0,0
0.52,-0.34,-2.46,0.43,-0.95,2.58,-2.52,0.38,1,0,0
0.82,-1.05,-1.83,-0.36,-0.47,0.61,-0.27,0.81,1,0,0
2.23,2.91,-1.01,-0.31,0.64,1.31,-1.6,1.05,1,0,0
0.27,-0.35,-0.83,-0.45,-1.11,-1.7,-0.35,1.37,1,0,0
0.17,-3.36,-2.42,-0.47,-1.36,0.78,0.31,0.5,1,0,0
-1.13,2.02,-0.02,0.6,0.67,-1.68,1.93,0.77,1,0,0
-1.53,-1.5,2.79,-3.75,3.13,-2.11,2.31,0.15,1,0,0
-1.17,-2.95,-2.81,0.83,-1.23,-0.48,0.37,0.21,1,0,0
3.37,-0.92,-4.26,2.84,-0.61,0.49,1.96,-0.01,1,0,0
0.3,-1.22,-1.62,0.22,-2.31,0.17,-1.46,1.04,1,0,0
-1.81,-2.37,-0.2,-0.86,1.59,-0.18,2.4,-0.5,1,0,0
-0.4,-3.05,-3.0,0.62,-0.44,-1.31,2.07,0.52,1,0,0
-3.37,0.51,1.15,-4.43,2.38,-2.95,0.71,2.26,1,0,0
1.47,-2.51,-1.53,-0.66,-1.29,0.6,-2.01,0.58,1,0,0
-1.07,1.36,1.09,-0.24,-0.06,-2.7,0.78,1.08,1,0,0
-0.92,-3.13,-4.58,1.92,-2.55,-0.08,1.04,0.57,1,0,0
-0.44,0.48,0.15,0.06,0.88,-1.75,2.43,0.5,1,0,0
1.29,-0.98,-2.82,1.75,0.24,1.67,3.2,-0.37,1,0,0
-0.37,-1.68,-2.37,0.18,-1.35,-0.88,1.02,1.17,1,0,0
-2.3,-2.62,0.7,-1.91,0.15,-3.25,0.88,0.76,1,0,0
1.26,-1.9,-0.27,0.35,-1.77,1.25,-1.59,-0.27,1,0,0
-0.18,-0.53,0.09,-2.11,-1.08,1.8,-3.86,0.92,1,0,0
0.67,0.02,-1.2,-0.11,-0.35,1.04,-1.97,0.45,1,0,0
-0.72,1.79,0.43,-1.8,2.1,-0.89,0.49,1.1,1,0,0
0.2,3.97,2.16,-0.1,-2.0,2.93,-4.43,0.78,1,0,0
0.83,2.5,-1.86,0.39,0.02,0.25,0.86,1.34,1,0,0
-0.78,-1.72,0.3,-1.05,2.52,-0.14,2.45,-0.88,1,0,0
-0.49,-1.6,0.31,-2.58,1.61,0.3,-1.01,0.12,1,0,0
-1.85,-3.16,-2.82,-0.5,-0.25,-0.0,0.11,0.41,1,0,0
-0.45,3.86,2.27,-0.25,2.4,0.93,0.04,-0.17,1,0,0
4.03,1.56,-0.05,-0.67,-1.72,5.49,-5.82,0.14,1,0,0
-0.39,-1.68,1.76,-3.14,-0.25,0.64,-1.57,0.64,1,0,0
-0.39,-2.29,-2.07,0.39,-2.81,-2.21,-0.99,1.54,1,0,0
-0.52,-1.82,-2.37,-0.33,-2.52,2.71,-3.37,0.88,1,0,0
-1.8,-2.61,-2.28,-1.69,-1.76,-2.23,-2.31,2.17,1,0,0
0.12,2.18,-0.86,1.96,-0.25,1.69,-0.83,-0.17,1,0,0
2.33,-1.41,-1.79,-0.61,-2.27,3.24,-3.37,0.61,1,1,1
-0.56,-3.8,-3.01,-0.85,1.01,0.77,2.02,-0.01,1,0,0
-0.75,-1.37,-1.64,-0.71,0.32,2.27,-1.66,0.0,1,0,0
1.22,-0.9,-1.14,-1.06,-3.32,3.48,-5.71,1.08,1,0,0
-1.28,1.35,2.08,-4.47,2.49,1.1,-1.56,1.13,1,0,0
0.42,0.75,0.45,0.67,1.1,1.57,1.47,-0.8,1,0,0
1.14,-0.44,-3.32,3.35,-1.23,-0.88,2.79,0.25,1,0,0
2.56,2.89,-0.36,2.77,-0.11,2.86,0.43,-0.92,1,0,0
-1.66,1.81,-0.29,-0.86,0.19,2.48,-2.28,0.58,1,0,0
-1.1,-3.55,-0.38,-2.65,-2.86,0.1,-3.86,1.46,1,0,0
2.01,0.56,0.73,-0.4,0.23,-0.77,-0.03,0.35,1,0,0
0.23,3.11,0.05,1.06,-0.77,1.52,-2.05,0.57,1,0,0
2.28,0.96,-3.84,2.72,-0.61,0.69,2.19,0.58,1,0,0
0.37,-0.79,-1.84,0.72,-0.89,0.65,-0.74,0.44,1,0,0
2.78,0.73,-5.38,3.17,-0.99,2.6,0.22,0.32,1,0,0
-0.35,1.6,-0.75,0.52,0.97,0.19,2.7,0.35,1,0,0
1.85,2.36,-3.58,2.1,-0.82,-0.22,0.33,1.4,1,0,0
0.31,1.13,1.0,-1.11,0.5,-1.79,1.27,1.11,1,0,0
-1.27,1.19,-1.21,-0.81,-0.08,-0.0,-2.36,1.34,1,0,0
3.21,4.32,1.52,-0.59,1.4,2.5,-1.35,0.27,1,0,0
-1.63,-3.76,-2.21,-0.41,0.33,-1.66,1.67,0.23,1,0,0
1.91,2.72,-2.83,1.93,-1.11,5.3,-3.04,0.15,1,0,0
-0.16,-0.39,-0.45,-0.8,1.48,1.92,0.07,-0.5,1,0,0
-3.21,-1.52,-1.24,-0.15,-2.86,-0.69,-2.42,1.55,1,0,0
0.01,2.0,0.65,-1.37,0.7,1.47,-1.35,0.61,1,0,0
2.56,1.9,-1.54,3.0,-0.58,0.53,0.88,-0.28,1,0,0
1.89,2.27,0.24,1.63,-3.24,0.57,-2.18,1.06,1,0,0
2.71,-0.72,-1.49,1.85,-0.76,0.1,1.46,-0.31,1,0,0
-3.88,-1.74,3.8,-6.41,-1.58,-3.93,-4.62,3.25,1,0,0
2.5,-1.17,-1.89,0.16,-1.05,3.0,-3.79,-0.01,1,0,0
-0.34,0.1,-0.59,-0.67,2.84,0.15,2.15,-0.23,1,0,0
0.68,0.12,-0.61,2.49,-1.6,-0.42,1.41,-0.18,1,0,0
-0.15,0.47,-1.82,-0.01,-1.9,-0.79,-0.51,1.92,1,0,0
1.41,-1.06,-3.95,1.89,-0.37,0.6,1.4,0.16,1,0,0
-3.12,-0.84,-0.77,0.31,-0.59,-2.64,3.35,1.12,1,0,0
-0.79,3.48,1.28,-0.14,1.18,1.45,-0.09,0.3,1,0,0
1.32,-0.84,-1.62,0.68,-0.2,0.83,0.85,-0.03,1,0,0
1.91,3.72,1.61,-0.33,0.25,-0.71,-1.04,1.3,1,0,0
-2.73,2.06,3.23,-4.0,1.77,-0.74,0.25,1.43,1,0,0
0.5,1.32,-0.49,-0.12,1.2,2.46,0.39,-0.1,1,0,0
0.34,2.61,-1.26,0.74,0.52,0.99,0.33,0.63,1,0,0
0.71,-0.32,-1.56,0.52,0.05,0.34,1.63,0.3,1,0,0
3.91,1.8,-1.87,1.39,-2.85,2.1,-3.72,1.19,1,0,0
-0.39,-3.59,-0.99,-0.37,-0.19,-3.08,1.77,0.42,1,0,0
0.65,0.14,1.27,-1.99,0.03,1.29,-1.33,0.52,1,0,0
-1.24,2.85,1.69,-2.23,0.98,0.71,-2.16,1.24,1,0,0
0.66,-0.64,0.28,-1.7,0.39,1.39,-2.44,0.24,1,0,0
1.2,0.1,-0.94,0.74,-1.67,-2.0,0.49,1.35,1,0,0
0.25,-0.82,-1.76,-0.2,-0.65,2.37,-2.0,0.28,1,0,0
1.5,-1.54,-0.27,-1.77,0.53,3.8,-3.0,-0.5,1,0,0
4.96,0.96,-0.81,-0.77,-0.31,4.07,-3.75,-0.02,1,0,0
-3.07,0.06,0.44,-1.94,1.64,0.38,0.57,0.5,1,0,0
1.27,3.35,2.86,-3.96,-0.21,1.33,-6.49,2.14,1,0,0
-0.34,0.62,-1.06,-0.1,-1.36,0.37,-1.18,1.12,1,0,0
-0.2,4.54,1.6,-1.48,0.72,0.76,-1.14,1.65,1,0,0
1.54,-0.34,-0.61,0.08,0.12,1.24,1.41,-0.06,1,0,0
-1.59,-0.61,-0.77,-1.48,-0.72,-4.57,-0.43,2.61,1,0,0
2.22,1.38,2.7,-1.22,-1.04,2.33,-3.31,0.03,1,0,0
-0.53,-3.54,-0.65,-1.73,1.65,-1.15,1.27,-0.12,1,0,0
1.45,1.69,0.76,1.42,0.55,0.74,2.23,-0.67,1,0,0
-1.1,-0.51,0.93,-0.26,-3.91,1.42,-4.25,0.8,1,0,0
2.99,3.4,2.25,-0.16,1.12,1.76,-0.97,-0.22,1,0,0
-4.48,2.37,3.03,-3.82,2.28,-2.36,0.07,1.94,1,0,0
0.87,-0.37,-0.63,-0.73,0.99,-1.17,0.92,0.62,1,0,0
2.28,-4.88,-2.12,-1.01,-2.99,-0.86,-2.85,0.93,1,0,0
1.59,5.45,1.55,0.29,-0.77,2.29,-2.66,0.94,1,0,0
0.52,1.32,-0.21,-0.44,-0.39,1.71,-2.24,0.72,1,0,0
0.66,1.74,-0.88,0.2,0.46,0.24,-0.37,0.65,1,0,0
-1.83,0.46,2.38,-1.42,1.95,0.25,1.02,-0.46,1,1,1
-0.24,-1.14,0.01,-1.9,1.58,-2.28,2.53,1.02,1,0,0
-0.32,0.2,-0.55,-0.31,1.37,-0.77,1.95,0.33,1,0,0
0.48,-3.46,0.01,-0.5,1.07,0.3,-0.63,-2.61,2,0,0
-0.6,0.54,-3.09,0.4,-0.28,0.34,-0.41,-0.21,2,0,0
-0.03,-0.44,-0.57,2.16,3.41,-0.23,-1.51,-0.86,2,0,0
0.81,-0.35,1.54,-0.37,-1.28,-1.02,1.21,-0.25,2,0,0
2.11,1.17,-0.43,-0.08,-1.54,0.97,1.7,-0.54,2,0,0
0.5,-1.2,0.06,1.61,3.46,-1.73,1.3,-1.3,2,0,0
0.4,1.05,2.81,2.28,2.04,-1.83,0.57,-0.46,2,0,0
0.57,0.72,-0.37,0.51,3.48,-1.09,1.18,0.33,2,0,0
-0.36,0.88,-0.94,2.78,-2.67,0.3,-0.31,-1.43,2,0,0
0.83,0.42,-0.9,-0.28,1.28,-0.05,-1.93,1.25,2,0,0
-0.35,2.09,0.52,-0.11,3.48,-2.73,-1.07,3.85,2,0,0
-1.43,-2.26,-3.34,-0.21,-0.82,1.29,-2.72,-1.38,2,0,0
1.15,-2.98,0.18,-2.29,0.8,2.91,-0.03,-1.04,2,0,0
0.29,1.29,3.91,-0.01,0.99,-3.29,2.8,0.95,2,0,0
-1.6,0.41,-0.6,-1.58,-0.24,-1.53,-2.11,1.68,2,0,0
0.25,-0.32,0.43,-1.33,-2.39,2.91,0.94,0.28,2,0,0
-2.34,2.22,1.3,1.45,1.76,-2.34,-3.39,3.68,2,0,0
0.13,1.79,-0.66,-0.84,-1.99,1.15,0.34,1.53,2,0,0
0.41,1.99,1.07,-1.8,-2.64,0.26,1.44,2.86,2,0,0
0.42,-0.78,1.05,1.86,1.95,-0.76,-0.48,-0.62,2,0,0
0.36,0.18,2.27,0.92,2.23,-1.37,-0.8,1.27,2,0,0
-0.11,0.57,-0.81,-3.12,-2.61,1.57,-0.08,2.14,2,0,0
2.86,-1.6,-1.33,2.12,2.28,0.17,2.25,-2.86,2,0,0
-1.74,1.64,-1.04,1.46,1.92,-0.75,-2.62,3.67,2,0,0
-0.47,-0.15,-0.9,-0.19,0.12,-0.86,-1.47,-0.4,2,0,0
-3.16,0.7,0.4,-0.41,-0.97,-2.21,-3.4,2.37,2,0,0
-1.07,0.23,1.01,-2.22,-0.56,-0.24,-0.55,1.42,2,0,0
-2.63,-0.44,-1.27,-0.66,0.9,0.11,-3.21,1.84,2,0,0
1.42,0.58,1.12,2.97,0.9,-0.46,1.86,-1.2,2,0,0
2.39,-0.82,0.62,-1.53,0.09,4.95,2.27,-0.79,2,0,0
-1.65,-0.17,1.3,0.78,-1.77,-1.1,-0.78,0.9,2,0,0
1.11,2.25,1.5,-1.2,1.18,1.54,1.31,2.23,2,0,0
-2.36,1.41,-2.34,-0.87,-0.23,-3.88,-3.35,2.71,2,0,0
0.54,0.27,2.93,-0.1,0.68,-0.18,0.64,0.9,2,0,0
1.07,1.53,-0.04,1.66,2.94,-1.45,-0.71,1.18,2,0,0
0.64,0.72,-1.07,1.56,-0.06,-2.07,1.18,-0.05,2,0,0
-0.89,3.96,-0.37,0.89,0.05,-4.43,-0.79,4.59,2,0,0
2.67,2.09,1.16,-0.17,-1.31,3.72,0.96,1.8,2,0,0
-2.22,-1.33,1.11,-2.04,-2.95,1.33,-2.56,0.36,2,0,0
1.56,-2.51,-0.34,0.87,-0.16,1.56,1.92,-3.31,2,0,0
-1.03,1.32,1.07,0.33,-0.1,-2.51,0.57,1.25,2,0,0
1.0,-2.18,0.6,0.95,1.03,0.98,1.18,-2.45,2,0,0
-1.45,0.87,1.29,2.66,1.76,-2.89,-1.14,1.04,2,0,0
-0.56,1.78,-0.93,1.5,-2.67,-2.19,0.24,0.52,2,0,0
-0.67,-2.06,1.48,0.7,2.14,-2.38,0.75,-1.75,2,0,0
1.74,-1.29,2.0,-1.7,-1.75,4.38,2.25,-0.78,2,0,0
-1.21,-0.36,0.72,1.38,3.58,-2.84,-1.06,0.16,2,0,0
-1.17,0.1,-3.53,0.84,-0.42,-0.35,-1.32,-0.19,2,0,0
-1.04,1.22,1.44,-0.36,-0.53,-2.48,0.81,0.31,2,0,0
-0.14,1.08,-0.53,0.28,0.08,-0.35,-0.5,2.4,2,0,0
-2.33,-2.1,-0.82,-1.17,1.32,-2.92,-2.34,0.82,2,0,0
-0.55,-0.72,-4.55,1.63,-0.06,1.02,-1.32,-1.51,2,0,0
-0.64,0.13,-0.57,-0.19,0.47,0.71,-1.03,1.22,2,0,0
-0.22,-2.02,0.1,0.69,1.56,0.37,-0.27,-2.57,2,0,0
-4.19,-0.97,-1.16,1.06,-0.25,-2.91,-4.23,0.36,2,0,0
0.12,0.41,0.5,1.05,0.44,0.16,-0.98,0.89,2,0,0
2.23,-1.12,3.95,-0.36,2.13,1.5,2.47,-0.54,2,0,0
1.19,0.75,0.05,3.1,1.52,-0.48,0.96,-0.1,2,0,0
0.05,1.89,1.89,0.1,-1.05,-0.69,1.55,0.72,2,0,0
-0.09,2.6,-1.59,2.67,3.83,-3.33,0.22,2.27,2,0,0
-1.87,0.06,-0.5,-2.48,-1.22,-0.02,-2.84,2.13,2,0,0
1.52,-3.52,1.85,-2.35,2.32,-0.16,1.0,-2.17,2,0,0
-1.97,1.31,2.58,-4.47,-0.72,-0.79,-1.59,4.27,2,0,0
-1.31,-1.89,-2.71,-0.25,-3.09,-1.22,0.03,-0.33,2,0,0
-2.09,-0.78,-1.51,0.49,-1.48,-1.23,-1.48,-0.7,2,0,0
1.13,-3.07,0.91,4.72,6.08,2.01,0.02,-4.57,2,0,0
-0.09,0.91,-0.25,2.98,-1.93,0.38,2.01,-0.15,2,0,0
1.82,-2.23,2.06,0.77,2.26,0.48,2.16,-3.95,2,0,0
-0.14,3.42,-0.19,1.89,-0.16,0.11,-0.61,2.5,2,0,0
-1.64,-0.75,-2.14,-2.09,-2.0,1.27,-1.56,-0.37,2,0,0
-1.37,3.88,-1.03,-1.13,-0.64,-1.65,-1.53,3.58,2,0,0
-1.94,0.75,0.98,-1.96,1.44,-2.68,-2.23,3.31,2,0,0
1.23,0.4,-0.17,1.22,1.26,-1.26,2.13,-0.24,2,0,0
-1.79,-0.86,-0.51,-2.88,-1.45,0.85,-2.02,0.67,2,0,0
-0.51,-0.53,0.52,0.68,-0.12,-1.02,-0.9,-0.94,2,0,0
-2.52,-4.0,-2.75,1.32,0.48,2.87,-2.96,-1.91,2,0,0
0.13,-0.11,0.17,-0.52,-3.47,2.8,0.96,1.0,2,0,0
-0.95,0.57,-0.72,0.56,-0.76,-0.76,-0.49,0.21,2,0,0
1.01,-2.06,3.02,-0.98,0.22,3.96,0.82,-2.12,2,0,0
-1.51,-2.53,-3.93,-0.61,-1.62,-0.32,-1.28,-0.55,2,0,0
-1.05,0.9,1.08,-0.42,0.23,-0.76,-0.14,1.67,2,0,0
0.35,3.13,2.64,0.8,-0.16,-1.77,2.26,1.37,2,0,0
-0.36,-0.21,-0.03,-0.84,-0.96,-0.63,-0.49,-0.04,2,0,0
-0.42,-1.21,0.5,-0.3,-1.48,1.96,-0.15,-0.86,2,0,0
0.9,-0.85,2.43,-0.16,2.17,1.15,-0.79,1.03,2,0,0
-0.12,4.05,0.72,-0.21,-1.68,-2.06,1.76,2.84,2,0,0
-3.37,1.09,1.66,-0.85,-0.66,-1.41,-3.33,3.55,2,0,0
-1.53,-4.29,-0.5,0.38,0.3,-0.39,-0.68,-2.69,2,0,0
-0.23,1.26,-1.69,1.25,1.22,-0.3,-1.87,0.82,2,0,0
-0.4,0.71,-2.15,0.97,1.84,-0.6,-2.11,0.78,2,0,0
-0.37,1.19,-1.63,0.73,-3.04,1.58,0.46,0.74,2,0,0
-2.09,0.78,-3.27,-1.88,-1.82,-1.95,-1.82,2.3,2,0,0
-0.6,-0.2,-0.05,1.96,1.44,0.97,-0.44,-0.46,2,0,0
1.15,0.21,0.99,-2.07,-2.1,0.46,2.69,0.61,2,0,0
-1.48,-0.98,1.03,-0.66,0.61,-1.73,-2.79,1.35,2,0,0
-0.56,1.3,2.03,-1.78,2.53,-1.19,-2.73,3.07,2,0,0
0.84,-1.67,-1.38,3.06,1.6,0.33,1.25,-2.58,2,0,0
-0.06,5.89,2.64,-0.93,-1.85,-3.48,1.44,1.84,2,0,0
0.18,2.25,0.56,0.39,1.51,-2.49,0.58,-0.22,2,0,0
-0.12,2.45,2.07,-3.16,-0.26,-0.0,-1.28,4.31,2,0,0
0.97,-2.42,-1.01,1.71,0.58,2.05,0.94,-2.94,2,0,0
0.96,2.09,2.3,2.19,2.29,-0.37,0.23,1.61,2,0,0
1.15,3.87,-1.23,-0.13,-1.74,-0.38,0.1,3.23,2,0,0
1.05,2.08,-2.87,2.59,2.65,-1.02,-0.94,1.28,2,0,0
0.53,-1.15,-0.37,-0.24,1.42,1.26,-0.78,-0.99,2,0,0
2.1,-1.81,1.92,2.21,2.07,0.14,2.72,-3.26,2,0,0
-1.07,0.15,-0.14,-1.09,-0.13,1.69,-1.57,0.88,2,0,0
0.18,-0.12,1.32,0.48,-1.57,1.86,0.8,-0.61,2,1,1
1.71,-1.83,2.87,-1.26,0.46,4.04,-0.12,0.16,2,0,0
-1.3,1.53,1.66,1.49,-0.51,-1.27,0.54,1.27,2,0,0
3.07,-1.2,1.03,-1.93,1.35,4.23,1.94,-0.31,2,0,0
0.77,-0.03,0.84,0.4,0.67,-0.48,-0.01,0.4,2,0,0
0.1,-0.17,1.7,-1.29,4.11,-0.83,-0.96,1.27,2,0,0
-1.08,3.81,-2.4,3.4,0.42,-2.2,-1.41,2.27,2,0,0
2.27,1.14,2.33,0.71,-0.39,1.07,2.27,1.17,2,0,0
-0.88,-0.46,-3.26,1.13,-0.39,-1.69,-1.87,-0.76,2,0,0
-2.2,-1.19,-2.95,0.23,0.79,-1.33,-3.4,0.86,2,0,0
1.39,0.2,3.14,-0.88,1.99,1.09,0.79,0.8,2,0,0
-3.3,-1.2,-0.74,0.44,-0.29,-2.57,-2.99,1.22,2,0,0
-1.07,-1.43,-0.15,2.29,-1.52,-1.23,-1.38,-2.14,2,0,0
1.25,-1.57,1.88,-1.93,0.85,-0.88,2.04,-0.34,2,0,0
2.89,-3.96,-0.87,0.21,2.53,3.7,2.3,-4.26,2,0,0
0.78,0.49,2.18,-1.58,0.34,0.07,-0.24,1.6,2,0,0
1.87,-1.62,2.08,0.34,0.63,2.53,1.11,-2.3,2,0,0
-1.03,-0.88,-0.93,-3.11,-4.06,2.8,0.17,1.09,2,0,0
0.08,-2.87,1.74,0.11,1.89,0.67,1.09,-1.76,2,0,0
-1.57,0.07,1.66,-3.7,-3.97,1.5,-1.02,2.9,2,0,0
-1.62,0.42,2.28,-1.47,-0.69,-0.15,0.31,0.47,2,0,0
-1.08,2.44,-2.96,-0.08,-4.21,4.12,-2.74,1.43,2,0,0
-0.45,-1.17,-2.04,1.01,-0.66,1.88,0.13,-1.94,2,0,0
-0.24,-0.81,1.38,-1.73,-5.34,0.85,1.98,-0.32,2,0,0
-1.79,1.14,-1.16,-1.87,-1.34,0.67,-1.64,2.39,2,0,0
-0.71,0.5,0.5,0.48,1.14,-1.31,-0.08,1.15,2,0,0
1.68,-0.63,-1.29,-0.15,-1.53,3.43,0.64,-0.59,2,0,0
0.83,0.08,-0.01,0.37,-0.87,0.7,1.14,0.21,2,0,0
-0.06,0.31,1.64,-1.05,-1.07,2.76,1.31,0.46,2,0,0
0.11,0.23,-1.48,1.3,-0.75,-3.16,0.49,-0.68,2,0,0
-1.24,-1.57,-2.04,0.21,-1.67,-1.22,-0.93,-2.34,2,0,0
-1.1,-2.14,0.83,0.15,-1.85,3.88,-1.18,-0.33,2,0,0
-0.05,-0.88,-0.66,2.04,-4.19,0.9,1.54,-2.53,2,0,0
-0.29,0.89,-0.59,-0.46,-0.55,-1.4,-1.61,1.06,2,0,0
0.17,-1.38,-0.63,-1.51,-0.19,1.34,-1.17,1.04,2,0,0
-0.49,-0.09,0.35,-1.02,4.77,-0.16,-0.89,1.25,2,0,0
-1.37,-1.82,1.99,0.53,-0.84,-0.66,-0.38,-2.33,2,0,0
1.13,1.97,-1.09,1.3,1.39,0.79,1.19,0.74,2,0,0
0.06,-3.14,-2.88,0.55,0.3,2.17,-1.28,-0.79,2,0,0
0.58,-1.58,-0.31,2.2,-0.31,-0.1,0.21,-2.18,2,0,0
-1.44,-1.05,-3.42,-1.09,-1.35,-0.48,-3.06,-0.5,2,0,0
2.72,-3.68,2.02,1.64,3.49,3.46,1.39,-4.64,2,0,0
2.15,0.55,2.0,-1.73,0.39,2.2,1.43,1.16,2,0,0
0.86,-2.05,0.2,0.47,-0.17,1.39,0.5,-0.96,2,0,0
1.42,0.61,-0.73,3.88,0.16,0.1,0.72,-1.93,2,0,0
1.99,-0.27,-0.97,0.69,1.24,0.7,2.11,-2.11,2,0,0
-1.81,-5.04,1.2,-1.37,-0.79,2.58,-1.89,-3.31,2,0,0
-0.29,0.18,0.63,1.51,-0.78,-1.95,0.36,-1.7,2,0,0
-1.5,-2.9,0.88,0.28,-0.84,1.47,-0.82,-1.76,2,0,0
1.75,3.05,-0.77,0.52,2.9,-1.86,-0.83,3.31,2,0,0
-0.11,-0.74,-0.26,-1.47,-0.22,1.59,0.08,1.4,2,0,0
0.92,2.34,-0.66,1.69,1.11,0.76,0.66,0.79,2,0,0
2.48,-2.16,0.96,1.43,3.31,-1.31,2.43,-3.29,2,0,0
1.74,2.21,-0.88,-0.94,-0.45,-0.33,2.07,1.07,2,0,0
0.14,3.69,1.15,-1.91,1.23,-2.86,0.62,4.05,2,0,0
2.25,1.21,3.59,-1.37,1.2,-0.44,3.22,0.98,2,0,0
-0.27,-0.7,-2.56,3.18,2.96,-0.81,-2.58,0.46,2,0,0
0.26,-4.24,-1.49,0.65,-1.23,3.34,0.12,-3.57,2,0,0
0.46,-1.72,0.51,1.66,-2.48,2.38,0.44,-2.62,2,0,0
-0.08,-2.03,2.4,-0.05,2.89,1.11,-1.48,-0.56,2,0,0
-0.15,-2.11,-0.93,1.78,2.08,-0.13,-0.15,-2.41,2,0,0
-0.46,1.15,0.96,0.88,1.77,-1.45,0.8,0.81,2,0,0
1.7,1.86,1.66,-0.36,1.37,0.84,1.18,1.18,2,0,0
-0.03,-2.2,-0.24,0.92,-1.25,0.25,0.36,-2.02,2,1,1
-0.56,-1.05,-1.23,-1.09,-1.61,2.39,-0.4,-0.8,2,0,0
0.45,0.44,-0.48,0.6,0.43,-0.28,0.4,0.14,2,0,0
-1.77,-2.82,0.22,-2.19,1.82,-2.76,-1.54,1.06,2,0,0
0.16,0.34,-1.23,1.69,0.93,0.57,-0.42,0.37,2,0,0
-0.54,-0.43,-2.03,0.11,-2.21,1.8,0.16,1.49,2,0,0
-2.21,1.27,-1.05,-3.21,0.65,0.34,-4.17,4.63,2,0,0
-1.91,-0.91,0.35,2.38,1.28,-1.27,-0.56,-1.39,2,0,0
0.19,0.43,-0.11,-1.31,1.88,-0.96,0.12,0.89,2,0,0
1.44,-1.0,-1.41,0.42,-2.91,2.95,1.17,-1.8,2,0,0
2.66,-1.05,2.45,1.24,3.88,1.2,2.29,-2.19,2,0,0
0.25,-0.29,0.1,-1.28,0.27,0.71,0.08,-0.21,2,0,0
-0.42,1.03,-1.73,-1.79,1.26,0.15,-1.63,2.58,2,1,1
-1.0,0.08,0.13,-0.4,-0.56,0.02,-0.71,0.59,2,0,0
-0.86,-1.01,-0.62,-0.29,0.65,0.93,-1.43,0.54,2,0,0
1.4,-2.38,0.65,0.14,1.25,-0.65,1.44,-1.64,2,0,0
-2.01,2.09,2.36,-2.57,-4.28,-1.16,-1.61,3.8,2,0,0
-2.03,1.52,-2.01,1.12,-1.62,-0.69,-1.47,2.8,2,0,0
-1.34,1.85,-3.75,1.56,-1.09,-2.55,-3.08,1.83,2,0,0
-1.66,-0.39,1.42,-1.84,-1.82,0.89,-1.71,2.18,2,0,0
0.5,0.15,2.03,-0.49,-0.68,2.81,0.37,-0.06,2,0,0
0.67,2.25,3.1,-0.24,3.23,-2.75,0.7,1.96,2,0,0
-0.29,0.54,0.48,0.82,-0.09,-3.06,-0.71,0.97,2,0,0
0.92,2.49,0.97,-0.75,-0.93,2.39,1.95,2.05,2,0,0
-1.14,-1.6,0.3,0.27,-1.5,-3.01,0.73,-1.52,2,0,0
-0.99,-3.71,0.67,0.83,4.74,-4.19,-1.16,-1.83,2,0,0
2.19,0.96,1.27,0.78,1.28,0.7,2.67,-0.92,2,0,0
-1.07,2.25,-1.55,-1.55,-2.26,-2.58,-1.25,3.07,2,0,0
0.38,-0.77,-2.35,1.99,1.7,-0.52,-1.86,0.12,2,0,0
-0.17,2.29,1.4,-2.41,-3.89,3.05,-0.45,2.46,2,0,0
1.01,0.51,3.13,-0.42,-1.28,1.47,-0.07,1.47,2,0,0
-0.57,-2.46,0.97,-2.74,-4.93,2.69,-0.42,-1.5,2,0,0
-1.5,1.81,-2.06,-1.25,1.8,-1.47,-2.08,2.28,2,0,0
0.28,-0.89,1.02,-0.41,-0.55,2.2,1.18,-0.96,2,0,0
-1.56,-2.05,0.92,-0.11,1.78,0.38,-0.46,-0.48,2,0,0
1.72,2.48,1.68,1.75,1.37,1.17,0.56,0.69,2,0,0
-0.11,0.87,0.65,0.69,-0.64,-2.28,0.45,0.45,2,0,0
0.76,-1.34,-0.26,2.23,2.86,-3.1,0.57,-0.62,2,0,0
0.11,-2.83,2.26,-0.08,0.7,0.61,0.48,-2.1,2,0,0
-1.25,-1.07,-0.01,-0.21,0.02,1.69,-0.7,0.28,2,0,0
0.03,-0.32,-0.63,0.01,-0.95,1.31,-0.19,-1.24,2,0,0
-0.23,1.35,-0.66,-1.19,-1.94,-0.26,-1.22,1.63,2,0,0
0.34,-1.58,1.0,2.33,3.33,-3.78,-1.53,-1.59,2,0,0
-2.28,2.78,-2.09,-0.82,2.68,-4.3,-3.03,4.9,2,0,0
1.02,0.0,-1.68,2.72,-0.53,0.65,0.16,-2.44,2,0,0
-1.61,-1.71,-0.28,-1.74,-2.14,1.75,-1.04,0.05,2,0,0
-0.1,3.53,2.97,0.78,2.86,-3.62,-0.26,4.0,2,0,0
-1.38,-0.76,0.05,0.18,-0.56,-2.64,-0.87,0.21,2,0,0
-1.58,-2.14,-1.71,1.64,-0.79,-0.88,-0.76,-1.91,2,0,0
1.44,1.12,2.59,-0.17,-1.44,0.78,2.46,-0.42,2,1,1
1.48,-1.05,2.91,-0.39,2.55,3.22,2.6,-2.01,2,0,0
-1.28,-2.18,1.08,0.0,3.8,-0.61,-2.95,1.14,2,0,0
-0.68,-0.16,-0.66,1.71,2.16,-1.46,-1.57,0.42,2,0,0
-0.36,-3.52,0.09,0.23,2.95,-1.27,-1.96,-0.86,2,0,0
-0.09,0.92,0.93,2.51,3.96,-5.81,1.44,0.19,2,0,0
-0.03,0.93,1.51,-1.72,1.07,-2.19,0.44,1.95,2,0,0
-1.17,3.4,0.43,-1.86,-6.07,1.83,1.22,4.15,2,0,0
0.8,-0.86,1.54,2.79,1.09,0.88,0.07,-0.03,2,0,0
0.26,1.68,0.76,3.32,3.62,-2.06,-1.89,2.6,2,0,0
-1.44,1.63,1.49,-1.41,-0.51,-0.4,-0.92,2.55,2,0,0
0.44,1.82,-0.47,0.79,0.42,-1.33,1.56,0.51,2,0,0
2.99,2.32,3.28,0.31,0.69,2.77,3.09,1.21,2,0,0
1.2,0.99,-0.03,-1.59,-1.68,-0.35,1.77,0.25,2,0,0
1.09,-1.49,0.26,2.63,0.12,3.24,1.95,-2.33,2,0,0
-1.27,3.08,-1.91,0.88,-0.97,-3.31,-2.91,3.61,2,1,1
0.07,-0.67,0.24,0.59,-1.87,0.54,0.33,-0.62,2,0,0
-0.13,-2.11,-2.8,1.25,-0.65,-0.41,-0.43,-1.79,2,0,0
0.88,0.4,-1.36,-0.55,-2.24,4.57,0.07,-0.6,2,0,0
2.04,-1.18,1.55,0.05,0.44,2.71,2.07,-0.84,2,0,0
0.77,0.2,-1.79,-1.02,1.71,1.35,-0.89,1.31,2,0,0
1.25,-1.89,-0.23,-0.34,1.33,4.1,-0.82,-0.38,2,0,0
-1.88,0.67,-0.07,-2.62,-0.71,-0.36,-1.46,2.87,2,0,0
-0.01,-1.35,-0.72,0.33,0.06,-0.52,-0.32,-1.62,2,0,0
1.07,-0.11,1.69,0.11,0.68,0.32,1.95,-0.22,2,0,0
-0.47,1.48,1.7,-0.87,0.2,0.65,-1.53,2.29,2,0,0
-1.58,0.92,-2.01,2.23,1.28,-1.29,-3.63,0.65,2,0,0
-1.48,-0.67,-1.21,-2.7,0.6,1.81,-1.74,0.64,2,0,0
-0.39,-2.28,1.24,-0.29,1.63,3.67,-0.68,-1.99,2,0,0
-1.77,1.15,-0.22,-0.11,2.06,-3.48,-2.92,3.21,2,0,0
0.22,1.33,-1.39,2.84,2.61,-1.34,-0.56,0.2,2,0,0
0.54,-1.03,-1.54,-1.56,-0.51,1.05,-1.28,0.04,2,0,0
0.57,2.38,0.03,-1.22,0.29,0.91,0.46,1.33,2,0,0
0.14,3.53,-0.92,0.74,-0.61,-2.03,0.44,2.43,2,0,0
-0.34,1.54,1.91,-2.86,-2.97,0.55,0.82,2.56,2,0,0
0.36,3.57,1.69,0.47,1.74,-4.09,0.37,4.23,2,0,0
1.1,-2.67,0.43,0.06,-1.59,1.53,1.11,-4.04,2,0,0
-0.03,-3.42,-1.92,0.31,0.54,1.0,-0.43,-2.03,2,0,0
0.81,-3.24,2.06,-0.44,1.78,1.47,1.0,-2.03,2,0,0
2.84,4.35,4.57,-0.98,-0.37,-0.72,3.81,3.34,2,0,0
0.45,-0.41,-1.13,-0.97,-0.82,0.87,0.02,-0.48,2,0,0
-2.28,1.65,-1.68,0.25,-2.41,0.29,-2.45,1.54,2,0,0
0.83,-0.86,2.61,-0.18,0.4,2.52,-0.95,0.58,2,0,0
1.14,-2.98,-1.36,0.64,1.67,1.19,1.43,-3.21,2,0,0
0.62,-2.13,-2.11,2.2,1.42,2.37,-0.97,-2.16,2,0,0
-1.29,-1.5,-1.16,-0.01,0.1,-0.26,-1.3,-1.06,2,0,0
-1.57,-1.51,2.69,-0.69,-2.09,-1.92,0.65,-1.47,2,0,0
0.05,1.25,3.05,-1.72,-2.59,-1.36,1.45,2.26,2,0,0
-1.73,-1.3,0.17,0.13,-0.2,-1.23,-1.62,-0.65,2,0,0
-0.86,1.88,-1.46,0.79,-1.63,0.62,-0.22,2.25,2,0,0
0.42,-1.61,0.15,0.09,2.74,-1.05,-0.64,-1.65,2,0,0
2.31,-0.47,3.51,-0.77,3.09,2.77,0.91,-0.07,2,0,0
0.56,1.42,2.31,0.18,-1.19,-0.28,0.34,0.88,2,0,0
-0.87,-1.96,-1.36,0.74,0.75,-0.26,-0.26,-1.28,2,0,0
0.06,1.41,-0.73,0.53,-2.0,1.62,-0.26,0.56,2,0,0
-1.95,-1.18,-1.02,-1.93,-0.25,0.11,-2.64,0.53,2,0,0
-2.38,1.26,2.78,-2.91,-0.83,-0.48,-0.92,1.68,2,0,0
2.14,0.5,3.96,-2.2,1.56,0.32,2.42,-0.13,2,0,0
-1.65,1.24,-0.4,-1.04,1.45,-2.05,-2.36,2.53,2,0,0
-1.44,-1.47,-1.59,0.18,0.74,-1.1,-1.56,-1.3,2,0,0
-0.38,0.09,1.59,0.16,0.08,-1.18,0.08,-0.32,2,0,0
-0.89,-0.13,0.47,-2.16,-0.16,-1.47,-1.86,2.2,2,0,0
0.07,-3.63,-3.05,2.09,-0.6,0.12,-1.05,-3.46,2,0,0
-1.6,-1.5,-1.28,-1.22,-2.91,0.55,-1.92,1.36,2,0,0
-0.63,-2.98,0.76,0.44,0.38,1.09,-0.32,-1.97,2,0,0
0.87,0.16,-1.34,3.57,1.45,-1.51,1.74,-2.01,2,0,0
0.88,0.26,0.34,0.59,0.47,-0.29,2.72,0.08,2,0,0
-0.97,-1.12,-0.83,0.45,0.69,0.42,-1.95,0.14,2,0,0
-0.52,-1.78,1.16,0.83,-1.86,-1.16,-0.63,-1.0,2,0,0
-1.02,-1.5,3.67,-0.17,0.67,0.14,0.46,-1.13,2,0,0
0.24,-1.28,-0.07,1.03,2.57,1.33,-1.14,-0.7,2,0,0
-0.12,-0.86,-0.69,-0.15,-3.13,4.06,-0.43,-1.91,2,0,0
-1.54,2.89,-1.42,2.9,2.65,-5.63,-1.71,3.28,2,0,0
-1.48,1.52,-1.77,-0.31,-4.46,1.2,-0.32,0.25,2,0,0
0.56,0.27,1.1,3.17,0.13,-0.12,0.34,-1.13,2,0,0
-0.52,0.91,-0.86,-0.72,-0.78,-1.65,-0.41,2.14,2,0,0
0.61,-0.72,2.41,0.55,0.13,-0.61,0.86,-0.77,2,0,0
-1.51,-0.32,-0.1,-1.46,-1.37,2.12,-2.64,1.11,2,0,0
0.9,2.09,3.69,-0.81,-0.39,-0.2,1.13,2.42,2,0,0
1.72,2.27,-3.74,3.06,2.98,0.27,-0.31,0.82,2,0,0
0.87,1.26,1.85,1.68,3.1,-2.31,-0.69,1.13,2,0,0
-1.65,0.17,0.16,-0.33,0.81,-0.77,-1.96,1.64,2,0,0
0.35,0.05,-3.74,0.41,-1.0,-2.5,-0.35,-0.49,2,0,0
-1.48,2.43,-2.64,-1.04,-3.97,-1.51,-2.03,2.79,2,0,0
2.02,-0.44,1.25,2.55,4.12,0.99,0.66,-1.12,2,0,0
-0.63,-0.64,1.39,-1.36,-1.9,2.41,0.84,0.6,2,0,0
1.29,0.77,-1.61,3.11,2.1,0.2,0.59,-0.05,2,0,0
-3.03,-0.26,-1.38,-0.94,-2.1,-2.23,-2.85,2.31,2,0,0
1.96,1.26,-2.19,1.92,2.58,-2.5,1.26,-0.08,2,0,0
-1.12,-0.82,-1.05,1.43,-0.72,-1.9,-1.47,-0.79,2,0,0
-0.71,-2.86,-3.0,0.25,0.7,-0.37,-1.29,-1.42,2,0,0
0.22,-0.04,0.07,-0.44,0.97,-1.08,-0.29,1.68,2,0,0
2.33,2.91,-1.82,3.53,1.01,1.02,2.01,0.87,2,0,0
0.62,1.01,-0.55,-1.12,3.95,-3.64,-0.68,2.36,2,0,0
-1.05,-1.7,-2.49,-2.54,0.99,1.9,-3.76,1.05,2,0,0
-0.51,1.19,1.25,-1.43,-1.84,0.35,-0.63,2.04,2,0,0
1.59,0.61,2.2,-0.04,5.45,-3.49,1.03,0.34,2,0,0
0.72,-0.19,-1.29,1.21,0.29,2.53,-0.13,-0.95,2,0,0
-1.47,-0.15,0.77,1.13,1.77,0.28,-1.36,0.36,2,0,0
0.36,-0.17,1.56,0.87,-1.8,1.59,0.99,0.74,2,0,0
1.9,-0.65,0.96,1.08,4.33,-1.74,2.75,-2.09,2,0,0
0.03,-0.56,1.9,-2.55,-2.82,1.6,2.24,-1.25,2,0,0
1.38,1.2,5.2,-1.34,-1.38,-0.27,3.2,-0.66,2,0,0
-0.92,1.08,-1.12,0.1,0.45,-1.33,-1.24,2.61,2,0,0
0.47,-3.57,-0.3,0.68,1.67,3.47,-0.59,-1.87,2,0,0
-1.66,0.31,-1.28,2.27,-0.17,-3.75,-1.39,0.46,2,0,0
-0.7,-1.37,-0.64,1.01,-0.27,1.66,-0.85,-0.31,2,0,0
-0.74,-0.4,0.09,1.17,0.42,-2.83,-0.8,-1.06,2,0,0
1.63,-1.23,1.95,0.74,-0.52,1.72,1.58,-2.46,2,0,0
-1.53,1.7,-1.88,0.93,1.69,-2.19,-1.46,2.42,2,0,0
-0.19,2.25,0.47,-0.03,-2.16,-2.07,1.18,1.79,2,0,0
0.83,1.29,2.06,0.09,0.5,0.58,1.77,0.34,2,0,0
0.7,0.19,-0.22,-0.6,1.45,-0.52,1.28,1.22,2,0,0
-0.91,0.09,-0.8,-0.86,-1.73,-0.77,-0.76,1.76,2,0,0
0.47,1.8,0.36,1.35,0.48,0.7,0.83,0.43,2,0,0
1.0,0.11,1.68,-1.43,-0.34,3.43,0.92,-0.2,2,0,0
0.76,-4.66,-1.73,0.8,0.82,-1.0,1.2,-4.77,2,0,0
0.59,-1.87,3.69,-0.74,1.1,3.88,0.56,-0.58,2,0,0
2.13,0.68,0.68,0.47,0.74,0.69,2.08,1.09,2,0,0
1.35,-1.12,0.07,-1.52,0.39,4.09,0.78,0.39,2,0,0
-0.64,1.9,3.17,-2.36,-2.73,-0.46,0.8,2.38,2,0,0
0.93,-0.28,-3.93,0.68,-1.09,2.21,0.66,-1.63,2,0,0
2.15,-2.61,-0.62,1.36,2.66,2.37,0.45,-1.57,2,0,0
-0.01,-1.7,-0.32,-0.31,-1.4,-0.04,0.16,-1.17,2,0,0
-0.09,-1.73,-0.77,3.76,3.67,-2.44,-1.15,-2.29,2,0,0
-2.17,0.26,-1.47,1.57,-0.02,0.24,-3.16,2.28,2,0,0
0.6,0.8,0.7,0.62,2.01,-3.01,2.49,-0.12,2,0,0
-1.65,-0.02,-3.98,-0.34,1.32,-1.34,-2.08,1.2,2,0,0
0.75,-0.3,1.19,0.28,-1.24,2.08,1.0,-0.57,2,0,0
1.75,1.66,1.34,-0.6,3.91,-2.39,1.0,0.24,2,0,0
0.45,-1.84,-3.03,1.34,-0.69,2.47,-2.17,-1.43,2,0,0
-1.08,-1.66,-1.86,-0.36,-0.05,-0.13,-1.3,-2.06,2,0,0
-0.73,-0.51,-0.61,-2.25,1.46,-2.19,-2.79,2.78,2,0,0
-0.31,0.72,-0.82,1.11,1.0,-0.62,-2.54,1.21,2,0,0
1.31,3.68,1.81,0.87,0.14,-1.68,1.3,2.42,2,0,0
-1.62,0.11,-0.36,-0.76,-0.57,-0.53,-2.03,1.55,2,0,0
-0.68,-1.92,0.04,1.66,-2.04,1.99,-1.01,-2.55,2,0,0
-3.62,-2.32,-4.23,-0.14,-0.01,-3.91,-4.46,0.28,2,0,0
-2.26,-0.35,0.28,-0.96,-1.27,-1.04,-1.05,0.46,2,0,0
-1.43,0.17,-1.1,-3.48,-2.4,1.5,-1.38,2.36,2,0,0
3.49,-0.53,1.42,-1.17,-0.87,1.43,4.54,-1.97,2,0,0
0.1,-0.44,-1.51,0.0,-0.78,-2.65,0.88,-0.11,2,0,0
0.0,2.66,-0.78,-0.37,-1.06,0.28,0.66,1.87,2,0,0
-0.55,1.54,0.18,-1.02,2.52,-0.61,-1.91,2.59,2,0,0
-0.05,-1.07,-2.49,-0.61,0.5,1.77,0.82,0.16,2,0,0
0.69,-2.36,-0.76,2.22,0.99,1.18,1.11,-4.78,2,0,0
-0.16,1.43,-1.95,-0.36,0.8,-0.87,-1.91,1.7,2,0,0
0.02,1.64,-0.6,-2.01,-0.77,2.05,-0.04,1.93,2,0,0
-0.24,2.81,-3.65,1.99,-0.49,-2.06,-0.5,2.4,2,0,0
-0.84,-1.72,-1.18,2.21,1.62,-1.15,-0.98,-1.8,2,0,0
-1.34,-2.74,0.13,0.98,1.85,0.11,-1.39,-1.05,2,0,0
-0.2,-0.66,1.19,-0.68,-1.49,3.08,0.12,0.89,2,0,0
0.89,4.56,-0.24,-0.72,-2.63,-1.96,1.66,1.95,2,0,0
1.02,3.3,1.31,-0.28,1.01,-1.3,0.75,3.65,2,0,0
1.77,-2.84,2.1,-2.19,-0.07,3.0,1.99,-2.98,2,0,0
-0.41,0.72,0.85,-0.74,-0.09,-0.78,0.82,0.37,2,0,0
2.05,-3.15,0.64,0.84,0.99,2.16,2.5,-2.43,2,0,0
-0.05,-1.7,-2.86,1.48,1.64,0.15,0.16,-2.49,2,0,0
-1.02,-1.26,-1.81,2.77,1.78,-0.84,-1.78,-0.94,2,0,0
0.76,-0.65,2.72,-0.37,0.06,1.28,0.09,0.47,2,0,0
0.34,0.65,-0.12,1.8,-3.42,0.04,1.2,-0.75,2,0,0
-0.85,0.7,2.46,0.47,-0.06,1.35,-0.41,0.55,2,0,0
1.49,0.45,-0.37,-0.5,-0.18,0.98,1.48,0.93,2,0,0
0.69,0.92,1.04,4.22,4.5,1.41,-0.16,-1.21,2,0,0
0.46,-1.19,3.0,0.44,1.35,1.01,0.87,-1.3,2,0,0
-0.9,-2.64,-0.61,-1.39,-2.11,2.53,-0.03,-2.19,2,0,0
1.55,1.86,2.88,-0.4,1.9,-2.55,2.01,1.18,2,0,0
-0.05,-0.13,-1.93,0.93,1.54,-1.09,0.18,1.31,2,0,0
0.78,1.57,0.14,0.23,1.19,-0.24,-0.53,-0.03,2,0,0
-1.01,-1.33,-2.58,2.33,-1.49,2.09,-1.66,-1.85,2,0,0
0.62,0.29,-0.92,0.13,2.24,-1.02,0.74,-0.29,2,0,0
-2.06,-0.69,-0.08,-2.46,-0.16,-1.0,-1.32,0.96,2,0,0
-0.5,-2.95,0.52,-0.27,-0.18,2.22,0.21,-1.16,2,0,0
0.79,0.06,-1.34,0.6,2.86,0.05,-0.16,0.61,2,1,1
-0.04,0.35,-1.31,2.01,2.14,-0.97,-0.77,-1.06,2,0,0
0.46,1.55,0.25,0.23,-0.17,-0.77,0.21,0.51,2,0,0
-1.14,-1.08,1.57,0.71,1.09,-1.74,-0.44,-0.92,2,0,0
1.09,1.02,-1.47,1.47,0.35,0.2,0.85,0.75,2,0,0
0.9,0.09,1.5,1.87,-1.05,-1.01,1.9,-1.33,2,0,0
0.97,-1.28,0.2,1.22,0.8,1.91,0.92,-0.84,2,0,0
-0.35,-2.11,-2.8,1.73,-1.63,2.74,0.97,-1.79,2,0,0
-1.25,-2.53,-1.64,1.41,-1.0,1.58,-1.83,-1.92,2,0,0
-1.86,1.38,-1.58,-1.55,-0.84,0.45,-2.92,3.37,2,0,0
-1.16,2.68,-1.16,-0.97,-3.43,-1.66,0.34,2.23,2,0,0
-1.46,1.1,-1.32,0.29,-1.44,-1.06,-0.41,0.6,2,0,0
-0.19,0.74,-1.73,-2.78,-0.41,-0.61,-1.42,1.94,2,0,0
-1.6,-2.18,-4.67,1.31,-1.09,0.4,-2.69,-2.84,2,0,0
-0.31,0.76,1.83,-2.68,-0.35,-0.36,-1.42,2.61,2,0,0
-1.56,-0.48,-1.06,0.43,1.26,-1.89,-1.86,0.77,2,0,0
-1.56,-1.11,0.05,0.69,0.79,1.33,-1.42,-0.76,2,0,0
-0.26,5.18,2.4,-3.87,-1.44,-0.39,-0.28,6.26,2,0,0
-1.57,0.1,-0.62,0.28,-1.09,-0.25,-1.64,1.3,2,0,0
-0.56,-0.35,3.07,-3.07,-5.14,4.11,2.35,-0.25,2,0,0
-0.97,0.26,-0.06,-0.71,-1.23,-2.33,-2.15,1.51,2,0,0
-0.87,-3.28,-3.45,2.21,2.94,-1.66,-1.6,-1.89,2,0,0
-0.15,-2.07,-0.26,0.04,-1.36,-1.81,0.69,-0.82,2,0,0
-0.43,-0.52,1.57,1.53,3.03,1.79,-1.32,0.36,2,0,0
-0.37,-1.13,-1.41,0.91,1.1,1.63,-1.62,-0.13,2,0,0
0.02,-2.07,-0.63,-1.68,-4.48,5.32,1.79,-2.2,2,0,0
1.84,-1.04,0.99,-0.09,-2.59,2.87,2.87,-2.21,2,0,0
-0.26,-1.88,2.05,1.86,2.17,0.02,-0.32,-1.73,2,0,0
1.82,-0.32,1.66,1.62,1.91,-1.82,2.52,-2.32,2,0,0
2.2,-0.9,-1.62,2.69,4.17,-0.87,1.35,-1.74,2,0,0
-1.67,0.42,-1.21,-0.66,-3.06,1.41,-0.73,0.43,2,0,0
-0.26,-2.55,-0.67,0.61,-2.7,5.67,-0.12,-2.03,2,0,0
-0.56,1.16,0.82,1.29,-0.46,-3.88,0.56,2.55,2,0,0
0.96,-2.75,-3.12,-0.53,-0.85,4.62,-0.5,-1.64,2,0,0
-0.69,1.13,2.5,-0.21,0.88,0.98,0.5,0.2,2,0,0
-0.3,-3.33,2.86,-3.14,-0.41,2.38,0.1,-1.18,2,0,0
-1.25,-2.17,-0.11,1.87,1.7,-0.19,-2.46,-0.36,2,0,0
0.37,-0.94,-1.58,3.06,0.05,-0.0,0.38,-1.92,2,0,0
0.52,-0.49,-2.31,3.02,0.35,0.55,-0.37,-0.84,2,0,0
-0.84,-0.03,0.85,-0.01,2.35,0.86,-1.09,0.12,2,0,0
-2.96,-2.76,-3.17,-1.5,0.46,-2.43,-3.52,0.24,2,0,0
1.5,-0.59,-0.28,-0.98,-3.72,1.49,2.32,0.17,2,0,0
0.47,1.93,3.51,1.25,1.27,-2.69,0.69,0.96,2,1,1
1.56,-1.33,-0.15,0.18,2.89,2.23,0.51,0.4,2,0,0
0.96,-0.91,0.18,-0.28,-0.68,-0.3,1.83,-0.43,2,0,0
0.26,-1.98,1.09,0.07,1.14,-1.4,-0.13,-1.88,2,0,0
1.09,-1.01,-2.91,2.6,2.9,-0.97,0.08,-0.62,2,0,0
-1.61,0.38,0.25,-1.02,1.09,-1.73,-1.15,2.27,2,0,0
0.05,3.04,2.29,0.18,-2.81,0.86,-1.64,3.78,2,0,0
0.57,2.62,-2.01,1.99,0.02,-2.23,-0.12,0.78,2,0,0
-1.73,-0.13,-0.15,1.09,-3.74,-0.5,-0.52,-1.3,2,0,0
0.92,-2.5,-0.94,0.54,2.65,0.39,0.96,-1.14,2,0,0
3.09,0.76,-1.58,3.2,0.96,2.68,3.49,-1.2,2,0,0
0.43,2.9,1.33,2.2,-1.79,-4.35,1.55,0.42,2,0,0
1.29,2.82,-2.42,3.62,0.44,1.84,0.15,0.65,2,0,0
-0.96,0.16,-1.73,-1.52,-4.49,-0.79,0.61,1.01,2,0,0
1.11,-1.27,-0.59,-0.37,0.69,3.53,0.16,-0.07,2,0,0
1.34,0.87,-0.88,2.7,1.68,1.21,0.81,-0.9,2,0,0
1.64,-0.07,0.1,0.04,-1.33,1.26,2.0,-1.03,2,0,0
1.34,-1.53,2.22,1.49,1.57,2.73,1.75,-2.56,2,0,0
-0.19,2.86,0.85,-0.81,-2.64,-0.79,0.4,2.08,2,1,1
-1.45,1.64,0.62,-0.85,0.29,-0.79,-0.98,2.88,2,0,0
0.53,1.01,-2.02,2.38,-1.06,-1.09,1.06,-1.38,2,0,0
-1.18,-0.32,1.19,-1.89,-1.28,0.37,-0.05,0.51,2,1,1
1.04,-3.0,1.64,0.43,0.59,1.92,1.33,-3.18,2,0,0
0.26,-0.46,-0.41,0.39,-0.85,1.96,0.82,-0.44,2,0,0
-1.91,3.59,-1.19,0.06,-2.98,-0.24,-3.06,4.62,2,0,0
-1.34,-3.28,-0.36,-0.02,2.2,0.1,-0.41,-1.18,2,0,0
-0.77,-1.12,-2.38,-0.21,-1.39,2.29,-1.89,-0.46,2,0,0
0.16,-1.7,-1.9,0.87,3.65,-4.55,0.15,-0.16,2,0,0
-0.43,-1.3,-1.88,-0.22,-0.88,1.91,-2.0,0.32,2,0,0
-0.24,-0.28,-0.13,-1.65,-1.35,2.14,0.27,0.33,2,0,0
0.34,-0.13,1.54,0.19,1.12,-1.8,0.39,0.09,2,0,0
1.97,-2.92,5.47,-2.55,-2.48,3.93,3.09,-2.23,2,0,0
-0.14,0.44,3.75,-3.28,-1.77,2.55,-0.24,0.53,2,0,0
0.42,5.91,-0.47,-0.16,-2.42,-2.27,0.93,4.61,2,0,0
-1.74,-0.23,0.15,2.02,-1.22,-1.55,-1.1,-0.2,2,0,0
0.56,0.51,0.65,1.45,-1.82,0.37,0.94,-0.76,2,0,0
-0.46,0.68,1.76,-0.9,0.2,-1.68,0.93,0.21,2,0,0
-1.02,-2.06,-1.31,-0.09,-2.19,-0.34,-1.65,-1.27,2,0,0
0.25,-1.02,-0.27,1.13,0.49,-0.4,-0.35,-1.21,2,0,0
-1.77,0.51,0.91,-2.16,0.2,0.29,-2.85,2.61,2,0,0
0.8,-1.05,0.29,2.76,1.13,1.59,0.87,-1.62,2,0,0
-0.62,0.73,-1.2,-3.18,-4.11,4.0,-0.7,1.75,2,0,0
0.57,1.74,-0.31,1.26,-0.67,-0.19,-0.7,0.78,2,0,0
1.41,-1.56,1.13,0.56,-0.14,1.32,1.58,-2.46,2,0,0
0.59,1.6,-1.05,2.55,3.38,-2.64,-1.74,1.09,2,0,0
-1.43,0.03,-1.84,-1.85,-4.0,1.26,0.22,0.78,2,0,0
0.99,1.73,-0.08,0.45,-4.16,2.84,2.22,-0.66,2,0,0
-0.36,1.74,1.43,-0.28,1.0,-2.58,0.19,1.88,2,0,0
0.84,-3.92,0.41,-1.01,-0.01,1.42,1.73,-3.02,2,0,0
0.48,-1.17,0.93,0.73,0.74,2.28,0.55,-0.6,2,0,0
1.66,2.94,0.62,0.33,-1.31,0.05,1.79,2.13,2,0,0
-1.01,2.08,0.14,0.87,-1.45,-1.4,-1.12,1.97,2,0,0
0.84,-2.4,-2.71,-0.94,-0.46,1.87,-0.36,-1.11,2,0,0
-0.78,-0.86,1.48,-0.9,-0.14,3.36,-1.59,0.49,2,0,0
0.12,1.83,3.56,-2.13,-3.5,2.17,0.4,2.56,2,0,0
-0.41,0.22,-0.94,-0.74,-0.34,-0.29,-1.54,0.55,2,0,0
0.5,-1.48,1.6,1.32,0.71,1.51,1.41,-2.41,2,1,1
1.32,0.17,-0.06,1.53,-0.25,0.5,-0.63,0.16,2,0,0
1.3,-2.74,0.94,0.21,0.67,0.1,0.87,-3.07,2,0,0
0.99,-0.71,2.6,-2.03,-2.2,1.25,2.02,0.12,2,1,1
-1.02,-1.3,-0.79,-1.57,-0.31,-0.23,-0.36,-0.37,2,1,1
-0.98,-0.74,-0.77,-0.39,-2.52,2.19,-0.2,-0.04,2,0,0
0.86,1.44,-1.19,3.66,2.58,-0.91,-0.08,1.54,2,0,0
0.32,-1.23,-1.46,1.62,-0.37,2.19,-1.58,-1.98,2,0,0
-0.49,-1.26,-0.49,0.72,1.79,-2.18,-0.07,-0.86,2,0,0
0.82,2.78,0.0,-1.23,-0.99,2.07,-0.49,2.36,2,0,0
2.67,0.16,5.03,-2.03,-1.35,2.76,4.22,-0.98,2,0,0
-0.13,0.22,-2.04,0.58,-0.99,0.43,-0.92,0.71,2,0,0
-0.02,2.54,-2.26,-0.45,-2.54,-3.07,1.32,2.3,2,0,0
-0.89,1.11,0.7,-1.45,1.12,-0.77,-0.34,1.63,2,0,0
-1.11,-2.02,-1.31,0.27,3.76,-1.26,-4.11,0.23,2,0,0
-0.56,1.88,1.34,-0.9,-4.21,1.99,-0.16,2.61,2,0,0
-0.88,3.08,1.2,-1.79,-2.39,-0.54,-2.0,4.09,2,0,0
0.16,-1.52,1.28,-2.25,-3.17,3.74,0.19,-2.03,2,0,0
1.61,-3.8,1.7,-1.75,0.5,2.28,1.42,-3.66,2,0,0
0.16,2.16,-0.09,0.9,-2.37,-0.22,0.85,-0.45,2,0,0
2.01,-0.61,3.76,-0.83,1.73,1.51,-0.13,1.2,2,0,0
-0.19,0.03,0.37,-0.51,-1.48,1.2,-0.33,0.62,2,0,0
0.52,3.06,3.11,-0.44,0.06,-0.46,0.96,1.12,2,0,0
-0.76,-3.92,-0.76,-0.3,-0.05,1.46,-1.64,-2.44,2,0,0
0.58,0.98,2.47,0.92,-1.45,1.12,1.24,-0.37,2,0,0
1.19,-1.24,0.71,1.27,2.49,-1.65,0.6,-1.1,2,0,0
0.36,0.67,0.97,2.45,-0.83,-0.24,0.74,-1.98,2,0,0
1.69,-5.07,4.5,-0.71,-1.05,4.82,2.22,-2.95,2,0,0
0.69,-0.0,1.77,-0.0,-0.18,0.61,1.91,-2.79,2,0,0
-1.09,3.61,-0.07,-1.25,-0.77,-1.21,-1.99,4.13,2,0,0
1.94,-1.31,-0.1,1.58,1.82,1.87,0.14,-1.39,2,0,0
0.75,3.84,-0.32,0.25,-0.34,-2.1,1.93,2.44,2,0,0
-0.14,-1.8,-1.04,3.34,1.87,-0.61,0.15,-2.13,2,0,0
-1.71,0.23,1.48,-2.87,-1.91,0.3,-0.93,2.44,2,0,0
0.1,-0.87,-1.34,0.42,-3.98,1.82,1.39,-2.36,2,0,0
1.47,-3.15,1.35,0.05,2.8,1.81,0.62,-2.69,2,0,0
2.73,2.04,1.59,1.74,0.78,0.42,1.86,0.67,2,0,0
1.41,-3.42,0.97,0.38,0.35,2.14,2.75,-4.17,2,0,0
-1.63,0.5,-1.55,2.02,-0.3,-4.47,0.52,1.23,2,0,0
-0.74,0.02,0.05,2.23,1.55,-2.79,-0.62,0.01,2,0,0
