@relation SyntheticData-N_1200-D_8-Nmin_60-Zmin_4-CL_3_2-R_0
@attribute X0 real [-5.07, 4.56]
@attribute X1 real [-6.20, 5.33]
@attribute X2 real [-5.61, 5.06]
@attribute X3 real [-7.03, 5.13]
@attribute X4 real [-7.66, 6.59]
@attribute X5 real [-5.42, 5.56]
@attribute X6 real [-5.06, 5.04]
@attribute X7 real [-5.85, 6.42]
@attribute cluster_idx {0,1,2,3,4}
@attribute is_noise {0,1}
@attribute Class {0,1}
@inputs X0,X1,X2,X3,X4,X5,X6,X7,cluster_idx,is_noise
@output Class
@data
-0.14,-2.77,-0.22,1.32,-1.79,-1.22,1.7,-0.38,0,0,1
0.03,-0.63,-0.56,0.76,-0.67,0.06,-0.51,-2.13,0,0,1
-0.94,-0.99,-1.45,0.98,-2.8,-1.09,-1.56,-0.68,0,0,1
2.04,-0.03,1.04,-2.33,1.02,1.65,0.93,-0.26,0,0,1
2.43,-0.24,-0.02,-0.26,1.7,1.66,-0.66,-1.17,0,0,1
-0.69,-0.54,-0.75,-0.2,-1.08,-0.53,-1.14,0.78,0,0,1
3.85,-1.01,1.72,1.38,2.44,1.54,0.69,-3.2,0,0,1
-0.82,-0.76,-0.51,0.71,-2.68,-0.46,-0.16,-0.25,0,0,1
1.79,-1.74,1.17,-0.69,-1.0,0.2,2.44,-2.09,0,0,1
0.32,1.12,1.44,0.15,2.46,2.81,1.5,1.48,0,0,1
2.22,-2.77,0.37,1.72,-0.63,-1.66,-0.45,-3.67,0,0,1
-0.07,1.04,0.44,-0.8,1.71,2.38,0.84,0.81,0,0,1
1.73,-1.26,2.27,3.34,3.35,0.82,0.94,1.95,0,0,1
2.6,-3.45,0.18,0.11,1.16,-0.72,1.74,-1.2,0,0,1
0.75,0.35,-1.27,-3.51,-1.03,1.31,-0.62,0.84,0,0,1
1.04,-1.41,1.66,3.96,1.29,-0.1,0.63,-2.1,0,0,1
0.41,0.18,1.99,-1.5,3.03,3.09,4.04,5.17,0,0,1
1.35,0.91,1.81,-5.26,-0.25,0.91,0.35,1.37,0,0,1
-2.79,0.23,-0.23,-1.86,-1.93,-0.71,-0.23,3.98,0,0,1
0.7,-1.94,0.32,0.42,-0.44,-1.11,0.0,0.96,0,0,1
4.22,0.24,0.37,3.54,1.7,1.48,1.23,-1.98,1,0,1
3.61,2.11,-0.63,0.02,0.2,0.66,-0.11,2.08,1,0,1
0.67,0.86,-0.36,1.12,2.99,1.42,0.22,2.37,1,0,1
-1.03,2.08,2.36,-1.76,-2.51,-2.03,1.38,0.69,1,0,1
0.1,0.99,-0.11,1.23,0.76,0.95,1.32,-0.46,1,0,1
0.38,-0.1,-0.43,0.27,0.73,1.06,-0.24,-0.19,1,0,1
-0.3,0.96,0.01,-1.65,1.28,-1.85,-2.46,1.7,1,0,1
-1.22,0.6,-0.87,-0.93,-2.96,-2.8,-1.79,1.7,1,0,1
-2.05,-1.75,1.74,1.05,-1.51,-1.41,0.77,-2.32,1,0,1
-0.69,0.06,-1.26,0.44,-0.04,-0.2,0.08,0.22,1,0,1
0.76,0.77,0.78,1.34,0.77,1.32,0.88,1.2,1,0,1
1.63,1.49,-1.44,2.45,2.13,2.15,-1.24,1.63,1,0,1
0.93,0.59,1.02,1.04,0.98,0.63,-0.01,-0.46,1,0,1
-2.47,-0.39,2.96,-0.27,0.47,-0.62,1.63,-1.44,1,0,1
-1.26,-0.71,1.88,2.46,-1.02,-2.03,0.14,-2.76,1,0,1
-2.88,0.19,3.35,-3.81,-0.42,-1.95,0.45,-1.3,1,0,1
-2.03,-0.84,-0.29,0.84,-0.68,0.76,0.89,-1.33,1,0,1
-1.53,-0.21,-0.8,0.76,0.25,-0.57,-0.54,0.03,1,0,1
-0.59,1.67,-2.07,-0.99,4.47,1.76,-1.59,3.16,1,0,1
0.06,0.43,2.87,0.86,-0.61,-1.16,-0.37,0.92,1,0,1
1.75,1.17,0.91,-1.47,-0.99,1.94,0.18,-1.0,2,0,1
0.2,1.74,0.33,-1.49,1.06,-0.16,-0.09,0.96,2,0,1
2.46,1.21,-1.01,-3.76,3.81,1.39,-2.25,-0.6,2,0,1
0.73,-1.71,-2.11,-0.1,1.85,0.21,-1.47,-2.63,2,0,1
2.14,2.65,-2.84,-1.05,-0.96,-1.39,2.9,-0.87,2,0,1
0.71,0.17,2.12,-0.72,-1.52,2.28,-0.41,-1.33,2,0,1
-0.87,-0.76,3.26,1.99,-1.41,1.13,-1.02,0.31,2,0,1
0.25,3.06,1.43,-1.39,1.27,-2.83,0.56,2.99,2,0,1
-0.43,1.55,-2.24,-0.74,1.32,-2.41,1.68,1.7,2,0,1
-0.94,3.59,-0.26,-3.17,1.68,-2.45,0.74,0.96,2,0,1
0.9,2.05,-1.84,-0.24,1.69,-1.34,0.86,1.52,2,0,1
-1.18,1.46,-0.46,-0.23,-1.06,-3.06,2.07,-0.12,2,0,1
-1.66,0.34,-1.22,-0.07,-1.28,-2.51,2.33,-0.24,2,0,1
0.79,0.96,-0.69,-1.46,0.7,1.09,-0.04,-0.43,2,0,1
-1.16,-1.04,-1.66,-0.09,-0.51,-0.76,0.52,-2.85,2,0,1
1.98,-1.29,1.3,0.27,-1.91,1.26,-0.22,-2.3,2,0,1
0.59,2.51,0.85,-1.5,-0.01,0.5,0.56,0.97,2,0,1
1.77,-0.8,2.35,1.96,-2.17,-1.45,0.45,-0.24,2,0,1
-1.93,2.17,0.49,-1.91,2.4,-0.58,-0.7,1.98,2,0,1
2.62,1.5,0.57,-1.61,-0.13,1.11,0.05,-0.48,2,0,1
1.45,0.3,0.62,1.57,3.6,0.45,-1.49,-3.6,3,0,0
-0.12,-0.55,-1.03,2.32,-0.81,-3.79,-1.01,3.9,3,0,0
1.59,0.38,-0.1,-0.17,-0.92,2.78,0.65,-0.96,3,0,0
1.62,1.03,1.46,-0.51,-0.68,0.5,-2.37,0.06,3,0,0
-0.89,0.22,-0.41,-2.05,-2.18,3.3,0.45,-0.34,3,0,0
-3.1,0.87,-0.35,-0.21,3.41,-0.6,-3.71,-2.3,3,0,0
2.83,0.9,0.5,1.78,-2.53,-1.01,0.59,-2.91,3,0,0
4.26,0.83,0.97,1.71,-3.96,0.76,0.57,-2.31,3,0,0
-0.16,-3.94,1.59,0.76,2.99,-2.63,0.49,1.79,3,0,0
0.92,1.19,0.56,0.62,-0.37,0.65,0.25,-0.67,3,0,0
1.8,3.25,-1.2,1.6,-1.8,1.26,-0.52,-3.4,3,0,0
-1.34,-0.42,1.1,-1.63,1.71,-0.7,-0.06,1.63,3,0,0
1.37,0.9,-0.67,-0.52,-1.94,3.0,1.05,0.65,3,0,0
1.99,1.08,0.33,0.78,0.12,0.58,-1.03,-3.27,3,0,0
-0.85,-2.0,-0.33,-0.44,2.14,1.8,-2.26,-0.59,3,0,0
-1.09,-3.88,-1.06,-0.38,1.47,0.41,0.42,1.76,3,0,0
1.58,-0.02,0.56,-0.92,-0.91,2.21,-3.08,0.95,3,0,0
0.57,1.06,1.56,-0.45,0.51,-2.56,1.81,0.77,3,0,0
0.89,0.11,1.19,-1.04,-2.28,1.02,2.61,-0.82,3,0,0
-2.25,2.26,-0.07,0.4,2.91,-1.62,0.78,-1.72,3,0,0
-0.17,-0.47,0.58,-0.5,-1.67,-0.58,0.62,1.57,3,0,0
2.97,-3.73,2.41,0.63,3.58,1.81,-0.96,-0.44,3,0,0
-1.68,-1.13,-0.0,-1.86,2.22,1.33,2.23,1.72,3,0,0
-1.19,1.16,-0.77,0.32,0.14,0.04,0.19,-1.7,3,0,0
0.79,-0.41,1.9,-0.26,-0.78,-0.28,-0.72,0.37,3,0,0
1.11,-0.0,1.36,0.75,-0.35,-0.3,0.2,-2.18,3,0,0
4.07,1.76,1.02,0.68,-4.42,0.83,-0.93,-1.02,3,0,0
0.29,0.27,1.58,-0.33,-0.18,-1.75,-0.43,1.5,3,0,0
-1.57,0.12,0.11,-1.3,1.78,0.48,-0.93,-1.13,3,0,0
2.14,2.55,-0.87,0.64,-3.63,1.68,-0.84,-1.03,3,0,0
2.05,-3.45,-0.77,0.55,-0.56,2.48,-2.24,2.65,3,0,0
-0.28,0.68,-0.28,-0.66,-0.3,0.83,-0.56,-0.91,3,0,0
-3.14,0.92,-1.28,-0.61,-0.08,-2.03,2.91,0.93,3,0,0
-0.16,0.75,-1.76,1.24,-1.52,-0.36,0.47,2.62,3,0,0
-0.02,1.75,2.51,-1.51,0.62,-0.45,-3.36,0.37,3,0,0
-0.53,-0.81,0.79,0.06,-0.06,-2.12,1.43,0.17,3,0,0
0.66,-3.14,-0.42,-0.26,0.02,2.67,0.51,1.72,3,0,0
1.24,-0.03,1.52,0.92,-0.29,-2.44,-1.92,2.04,3,0,0
0.38,-2.39,-1.08,0.77,2.46,1.47,0.21,-0.68,3,0,0
0.09,-3.72,2.47,-0.98,2.35,-2.23,1.4,0.83,3,0,0
0.25,-0.08,-1.27,0.45,-1.73,1.75,0.83,0.32,3,0,0
1.08,1.78,0.78,-0.98,-3.51,1.0,1.29,-0.69,3,0,0
-2.37,-0.66,-0.87,-0.11,2.94,-0.75,0.91,-2.2,3,0,0
2.88,-2.92,0.51,1.64,2.2,0.08,-1.96,-0.77,3,0,0
1.12,0.25,1.7,-2.27,-2.21,1.76,1.02,-1.2,3,0,0
-0.73,-0.82,0.32,0.7,2.14,-1.38,0.96,-1.26,3,0,0
1.29,-0.51,-0.74,1.22,-1.49,1.31,0.32,0.5,3,0,0
2.9,-1.49,1.81,1.14,-1.91,-1.46,-0.3,2.25,3,0,0
0.78,0.89,2.0,1.69,3.04,-3.69,0.41,-2.58,3,0,0
-1.12,-0.55,-0.15,0.45,0.68,-1.69,0.56,0.8,3,0,0
-0.58,2.14,1.92,-3.36,-1.12,2.02,1.51,-0.44,3,0,0
1.82,1.89,0.22,-0.36,-3.06,1.81,-1.1,-0.07,3,0,0
-0.23,2.21,-0.19,-0.63,-1.34,1.15,-1.11,-0.71,3,0,0
4.13,1.28,-0.8,1.79,-4.0,2.27,-0.32,0.67,3,0,0
-1.31,-0.22,1.34,-2.74,0.68,0.14,1.29,1.94,3,0,0
2.27,1.02,-0.14,1.15,-2.12,1.15,-2.36,-1.58,3,0,0
0.96,1.29,-2.0,1.67,-0.41,0.19,-0.38,1.21,3,0,0
0.59,1.25,-0.23,1.91,0.54,-1.87,0.44,-0.67,3,0,0
1.3,-1.3,2.42,0.44,-0.66,-3.32,-0.6,3.56,3,0,0
3.36,0.27,1.39,0.89,-1.9,0.98,0.51,-2.14,3,0,0
0.97,-3.75,0.52,-0.81,-0.17,1.85,3.09,1.47,3,0,0
1.25,3.67,0.2,-1.21,-4.76,2.47,-1.26,-2.48,3,0,0
1.59,2.39,0.29,-0.25,-0.06,2.29,-1.43,-3.65,3,0,0
-2.4,-0.24,-0.52,-0.1,2.2,0.12,-3.87,-0.02,3,0,0
0.33,0.32,-1.02,-0.67,1.32,2.97,-1.68,0.82,3,0,0
2.58,-3.42,0.5,1.75,-0.85,-0.99,-1.73,2.05,3,0,0
-0.42,2.54,-0.26,-0.47,-1.65,0.45,2.29,-1.38,3,0,0
-0.76,-2.95,1.36,0.1,2.13,-1.08,-2.03,1.56,3,0,0
-1.75,-3.47,0.07,0.55,3.15,-2.43,0.31,1.18,3,0,0
-1.22,2.9,-1.05,-2.18,-4.15,2.25,1.87,0.07,3,0,0
-2.63,-0.86,-0.82,-0.01,1.63,-2.13,0.85,2.55,3,0,0
-1.19,0.51,0.74,0.27,2.69,-3.24,-0.98,0.3,3,0,0
0.28,-0.8,1.32,-1.86,-0.48,0.95,-0.47,2.85,3,0,0
-1.19,0.25,-1.31,0.54,2.78,1.37,-1.74,-0.2,3,0,0
-1.04,0.02,-2.24,0.97,1.98,1.5,1.64,-2.22,3,0,0
1.72,-1.27,-0.06,2.32,-1.31,-3.46,0.38,2.85,3,0,0
-3.05,0.43,-0.16,-3.41,-1.03,1.78,3.54,0.58,3,0,0
2.92,-0.49,0.9,1.71,-3.06,-1.26,-1.48,-2.82,3,0,0
1.28,-0.62,0.39,0.08,0.92,1.75,0.93,0.04,3,0,0
0.44,1.35,0.2,1.43,-1.79,-2.92,-0.3,1.77,3,0,0
3.25,1.92,1.93,2.61,0.37,-2.69,-3.19,-0.26,3,0,0
1.76,0.26,-0.08,0.25,0.62,2.13,1.27,-1.0,3,0,0
-0.75,-0.29,2.27,-1.06,1.59,-2.28,-1.37,0.36,3,0,0
-0.24,0.13,0.26,0.68,-1.45,-2.34,-1.55,0.52,3,0,0
0.05,-1.98,0.64,-0.73,0.54,0.48,0.19,1.9,3,0,0
0.63,1.39,-2.64,0.33,-5.22,2.78,2.25,1.95,3,0,0
-1.09,3.31,1.07,-3.36,-3.91,1.79,0.68,-2.17,3,0,0
-0.17,1.62,-0.93,0.0,-1.94,0.57,3.36,-0.86,3,0,0
-0.71,-0.02,0.19,1.28,0.93,-2.4,1.11,-1.17,3,0,0
2.03,-0.2,-0.32,1.66,-0.94,-0.47,1.28,1.97,3,0,0
1.97,0.91,1.54,0.07,0.28,-0.21,-2.85,1.67,3,0,0
0.2,-1.1,-0.07,-0.31,1.44,1.82,2.56,-1.36,3,0,0
2.81,-0.51,0.7,0.34,-0.27,2.73,-2.7,1.25,3,0,0
-1.77,1.01,0.37,-2.74,1.15,2.61,0.18,-1.23,3,0,0
-1.21,-0.7,-0.09,-0.54,2.26,-0.27,-1.58,0.89,3,0,0
3.77,-0.24,0.25,2.39,-1.76,0.62,0.62,-3.63,3,0,0
-0.51,-0.1,1.24,0.91,0.71,-2.49,-0.11,-1.72,3,0,0
-0.8,3.4,0.6,-0.74,-0.21,0.18,-0.89,-1.68,3,0,0
0.34,-0.05,-1.65,0.86,0.13,2.18,-0.27,0.89,3,0,0
-0.88,-2.09,0.08,0.49,1.88,-0.78,-1.77,-1.2,3,0,0
-2.15,1.36,-2.13,0.44,-0.3,-0.94,1.58,-0.25,3,0,0
0.76,-0.79,2.25,-0.87,-0.72,-0.09,-0.21,0.5,3,0,0
-2.2,-0.17,-2.69,0.54,0.45,1.56,1.33,-0.9,3,0,0
2.11,0.56,-0.3,0.12,-3.86,2.65,-1.1,-1.1,3,0,0
2.4,2.16,1.94,-0.64,-4.65,0.35,0.82,-0.43,3,0,0
0.61,-1.06,-0.7,-0.5,0.72,2.26,3.51,-0.74,3,0,0
-2.09,0.98,-0.82,-2.24,1.06,3.04,0.37,-1.84,3,0,0
-0.1,1.5,-0.75,-0.22,-1.09,0.42,2.2,0.01,3,0,0
1.3,-2.78,-0.69,2.3,0.56,-0.58,-0.28,1.97,3,0,0
-1.17,2.42,-0.06,-0.48,1.55,-0.51,-0.13,-1.18,3,0,0
-1.67,-0.2,1.7,-1.22,1.79,-2.67,-0.14,0.53,3,0,0
-0.12,1.94,0.54,0.33,-1.53,-1.87,1.47,0.95,3,0,0
0.42,-3.0,-0.64,0.85,0.67,0.36,-2.12,3.15,3,0,0
1.17,-2.82,0.27,0.56,-1.52,-0.47,0.53,1.48,3,0,0
1.84,2.55,2.9,-1.47,0.1,1.51,-0.82,-3.88,3,0,0
-0.61,-1.68,0.78,-0.62,0.17,-0.38,-1.77,2.47,3,0,0
1.38,-1.7,-0.47,0.39,2.36,3.81,1.18,-2.62,3,0,0
0.57,0.95,0.66,-0.47,-4.24,-0.86,0.28,2.21,3,0,0
0.29,0.23,0.18,-0.72,-0.02,1.33,0.47,0.61,3,0,0
0.98,0.38,1.34,-0.89,-2.22,0.76,1.1,0.82,3,0,0
-2.23,-1.69,-2.22,1.12,4.97,0.83,0.1,0.44,3,0,0
-1.32,0.52,1.53,0.12,0.92,-4.27,2.26,0.32,3,0,0
0.44,3.02,-2.35,1.42,-2.41,0.58,-1.94,0.88,3,0,0
-0.95,-1.52,-1.2,2.38,1.12,-2.97,0.16,1.18,3,0,0
-0.36,0.54,0.12,-1.18,-0.84,1.65,1.33,1.23,3,1,1
3.16,4.4,-1.33,0.66,-4.52,2.89,-1.26,-2.1,3,0,0
-3.12,3.63,1.18,-4.79,-2.16,2.14,1.02,-1.4,3,0,0
-1.32,0.22,0.3,0.38,1.05,-1.33,0.88,-0.83,3,0,0
-0.13,-2.33,1.93,-0.83,3.17,-0.35,-4.01,1.11,3,0,0
-0.41,1.78,-0.66,0.39,2.98,1.71,-2.28,-3.29,3,0,0
-2.52,-2.01,-1.25,0.67,3.87,-1.76,1.49,3.11,3,0,0
-0.58,0.53,-0.99,-1.03,-1.82,2.1,-2.6,1.51,3,0,0
-0.98,-3.86,-1.03,2.58,3.98,-2.51,0.72,0.87,3,0,0
1.81,3.26,1.39,-2.48,-4.67,3.05,2.33,-1.38,3,0,0
3.79,-1.86,2.62,0.5,0.21,0.76,0.08,0.8,3,0,0
0.44,1.22,-2.03,1.51,-0.04,0.83,0.72,-1.05,3,0,0
0.78,4.68,0.94,-1.3,-1.77,2.45,-1.45,-1.28,3,0,0
0.69,-2.77,1.07,-0.09,-0.6,-0.5,0.19,0.47,3,0,0
-2.32,-2.52,-0.43,0.05,4.21,-0.85,-0.61,1.62,3,0,0
-1.47,-0.09,-0.97,-1.23,-1.2,1.46,-0.76,2.4,3,0,0
-0.59,0.3,2.0,-1.67,-2.46,-2.03,3.7,0.03,3,0,0
0.18,-1.27,1.31,-0.09,0.59,-1.67,1.78,1.56,3,0,0
0.37,-1.23,1.01,-0.18,1.67,-0.58,2.4,-0.51,3,0,0
0.54,-0.05,2.02,-0.98,0.19,-0.05,1.47,-2.36,3,0,0
0.7,1.48,0.15,-0.53,0.53,1.86,-2.13,-2.26,3,0,0
-0.85,3.02,1.13,-0.97,0.07,-0.72,-2.25,0.03,3,0,0
-1.83,0.24,-0.07,-2.0,0.2,2.38,0.11,-0.02,3,0,0
3.6,0.58,0.54,1.5,-1.63,0.87,0.14,1.16,3,0,0
-1.54,0.53,-1.07,1.52,1.08,-3.23,1.96,0.22,3,0,0
0.55,0.54,-0.54,-0.47,-2.66,1.06,0.62,1.67,3,0,0
-1.15,1.61,-1.87,1.79,1.21,-0.11,0.7,0.13,3,0,0
2.51,1.83,0.24,-1.36,-5.39,3.57,1.26,-0.79,3,0,0
-0.19,-1.21,-0.25,0.08,-0.75,-0.74,-1.41,3.15,3,0,0
1.62,1.97,0.52,1.88,-0.82,-1.13,0.87,-5.85,3,0,0
0.41,-1.93,0.55,-0.32,1.67,1.22,0.53,-1.15,3,0,0
1.37,-1.39,0.16,0.11,0.84,1.42,-1.42,2.81,3,0,0
-0.83,-0.36,-0.97,1.06,2.03,0.22,-1.51,-1.7,3,0,0
2.6,0.01,1.91,0.58,-0.66,-0.68,-0.03,-0.52,3,0,0
-1.85,-3.43,0.53,-0.97,3.23,-0.24,0.14,-0.69,3,0,0
0.25,0.83,2.43,-0.93,-1.81,-2.31,1.98,-0.99,3,0,0
-0.49,2.51,1.31,-0.91,-2.82,-1.52,1.41,-0.71,3,0,0
-0.02,3.87,0.33,-0.74,-1.35,0.76,-1.87,-1.9,3,0,0
-0.01,-6.2,0.27,-0.15,3.02,1.56,-1.32,2.45,3,0,0
-0.02,1.19,2.46,-0.48,-1.88,-4.62,2.45,1.43,3,0,0
-0.34,-1.71,0.67,0.33,0.94,-2.43,0.7,2.86,3,0,0
0.79,0.83,2.02,-2.12,-2.31,0.69,-2.03,0.88,3,0,0
-0.88,0.13,-0.39,-0.66,-0.83,-0.2,2.15,0.01,3,0,0
-2.63,-2.62,-0.48,-0.1,4.0,-1.52,-1.85,1.94,3,0,0
1.73,4.65,-1.86,2.71,-1.7,-0.29,-0.24,-2.02,3,0,0
1.58,-0.52,-2.32,2.66,-1.8,1.14,-0.45,-1.13,3,0,0
1.72,1.5,2.84,0.97,-1.98,-5.3,1.01,0.55,3,0,0
1.67,-5.02,0.66,2.18,1.25,-2.12,0.52,1.35,3,0,0
-1.53,1.45,-0.04,-2.16,-1.02,0.88,2.37,3.32,3,0,0
-0.14,1.47,-1.14,-0.51,0.87,3.07,-0.18,-0.55,3,0,0
1.12,-5.16,-2.34,3.26,2.07,-1.09,1.58,5.37,3,0,0
-2.76,1.08,-1.0,-2.58,-0.68,1.74,3.67,-1.37,3,0,0
-0.94,0.46,-2.23,0.68,-0.72,-0.54,-0.3,1.11,3,0,0
1.11,-2.13,-0.45,1.04,-0.74,0.62,0.06,2.24,3,0,0
1.54,-2.86,-2.19,1.3,3.23,4.53,-1.84,0.74,3,0,0
0.82,-0.55,-3.17,2.18,-2.44,1.22,0.51,1.94,3,0,0
0.62,-2.1,-1.77,2.39,-1.1,-0.78,-0.2,-0.35,3,0,0
1.12,0.38,0.51,0.78,-2.62,-1.62,0.11,1.16,3,0,0
1.89,2.23,0.21,0.5,-1.62,2.32,-0.68,-1.24,3,0,0
2.77,1.42,1.36,-0.69,-1.47,2.24,1.03,-1.06,3,0,0
0.01,0.91,-1.26,0.93,-2.52,-0.07,0.47,0.3,3,0,0
1.74,-1.06,-3.09,4.16,-0.27,-0.76,-0.02,1.15,3,0,0
0.27,-2.55,-0.8,0.81,3.11,1.85,-0.5,0.45,3,0,0
0.21,1.89,1.32,-1.16,-0.44,0.58,0.5,-0.32,3,0,0
1.28,-1.74,0.41,-0.85,-2.63,1.14,0.8,2.36,3,0,0
0.09,-0.46,-1.58,0.42,0.1,1.93,2.39,-1.08,3,0,0
-3.2,-1.42,0.06,-1.72,3.06,-0.14,-0.73,0.32,3,0,0
-2.07,-0.16,-0.03,-0.52,-0.17,-1.58,1.15,0.55,3,0,0
-1.4,1.65,1.18,-1.5,-0.27,-1.0,1.63,-0.27,3,0,0
3.37,0.08,1.44,2.46,-1.31,-1.89,0.53,-1.63,3,0,0
-3.24,2.21,0.6,-2.57,2.65,0.83,-2.51,-1.2,3,0,0
2.42,-1.58,2.16,0.12,0.51,0.59,0.16,-1.05,3,0,0
0.66,2.24,3.48,-0.93,-1.57,-3.42,2.87,0.19,3,0,0
-0.09,-0.72,0.45,0.18,0.88,0.29,0.7,-2.32,3,0,0
-0.44,-1.53,-1.91,-0.46,1.12,2.42,0.36,-1.29,3,0,0
-1.79,3.37,1.23,-2.52,-2.4,0.05,1.38,-3.96,3,0,0
2.25,3.02,-0.63,1.18,-3.28,2.39,-0.35,-2.02,3,0,0
0.54,0.37,1.64,0.4,0.53,-1.82,0.75,0.35,3,0,0
-1.67,0.47,-2.11,-0.99,-0.16,4.28,0.68,-2.03,3,0,0
-1.33,-0.96,-3.69,1.82,-0.22,0.82,0.43,-1.4,3,0,0
0.17,1.22,1.14,-0.63,-1.9,-0.83,-0.1,-1.09,3,0,0
1.17,1.4,-1.9,3.87,-1.63,-1.74,-1.6,-0.17,3,0,0
-1.25,1.75,-0.27,-0.68,-0.58,-0.4,0.13,1.55,3,0,0
0.78,-0.42,0.26,2.3,2.78,-1.73,3.41,-2.93,3,0,0
-0.33,-4.09,1.28,1.29,6.18,-0.83,-1.86,-0.39,3,0,0
-0.59,-1.61,-1.32,-0.19,0.15,0.97,-1.16,4.64,3,0,0
1.18,1.37,-1.36,1.92,-1.01,-0.6,-0.88,1.16,3,0,0
2.06,-0.53,-0.16,1.38,-0.46,-0.28,0.99,0.72,3,0,0
1.12,2.19,0.1,0.61,0.67,1.29,-0.75,-1.34,3,0,0
-0.31,0.53,-1.36,0.5,-1.04,1.17,1.05,-1.95,3,0,0
1.48,-1.13,1.15,-0.45,1.12,1.25,-1.08,0.06,3,0,0
1.41,-1.43,-0.48,-0.36,-2.3,2.62,1.22,0.12,3,0,0
0.96,-2.26,-1.5,3.18,1.33,-0.82,1.59,-1.86,3,0,0
-1.27,1.03,1.37,-3.38,-2.95,0.79,3.76,-0.69,3,0,0
2.81,0.32,0.21,1.84,-1.3,-0.33,-1.34,-0.7,3,0,0
0.23,-2.56,0.85,-0.48,1.51,-0.21,-1.32,3.85,3,0,0
0.7,2.5,2.15,-0.76,-2.96,-0.96,2.84,-3.23,3,0,0
-1.05,-0.89,-0.89,0.74,1.44,-0.04,-0.59,-0.76,3,0,0
0.68,0.51,0.92,-0.61,-1.51,-0.71,-1.19,-0.71,3,0,0
-0.7,3.17,-0.59,0.61,0.34,0.4,-0.93,-3.32,3,0,0
-3.08,-0.84,-2.59,-1.09,0.08,1.09,2.97,0.16,3,0,0
-0.77,-0.93,1.49,0.26,1.42,-3.58,-2.39,2.08,3,0,0
-2.64,1.56,1.04,-1.16,1.23,-2.52,-0.31,0.27,3,0,0
-1.4,0.37,-0.07,-1.79,-1.16,1.27,1.08,-0.73,3,0,0
0.43,-2.37,1.04,1.09,1.08,-2.87,1.18,5.23,3,0,0
-0.41,2.63,-0.6,-0.72,-3.05,1.24,1.87,1.09,3,0,0
0.82,0.89,-1.52,1.84,-2.59,-0.95,1.43,0.82,3,0,0
-0.22,-3.37,-1.41,1.09,1.83,0.58,3.14,-1.04,3,0,0
0.99,-0.57,1.87,0.88,-0.26,-3.84,-2.47,-0.1,3,0,0
-1.13,-2.23,1.12,-1.45,2.24,-0.91,2.03,1.82,3,0,0
-1.01,4.04,0.13,-0.8,0.8,1.25,-0.92,-4.34,3,0,0
1.3,2.66,-1.24,1.63,-1.87,-0.49,0.85,-1.38,3,0,0
0.46,0.43,1.79,-1.6,0.06,0.97,-1.92,0.82,3,0,0
1.99,-0.59,0.48,-0.21,-2.26,1.85,1.48,0.78,3,0,0
0.77,3.09,0.7,0.25,-0.77,-0.62,1.23,-1.36,3,0,0
-1.38,-1.86,0.15,0.11,0.22,-2.45,2.23,1.78,3,0,0
3.45,-1.31,-1.75,2.03,-1.27,2.7,-1.31,1.47,3,0,0
-2.4,2.96,0.87,-1.6,-0.71,-1.92,-2.83,-2.29,3,0,0
-0.77,2.94,-1.29,-1.17,-1.24,2.92,-0.3,-0.45,3,0,0
-1.24,-0.0,0.97,-1.45,1.19,-0.1,-1.76,0.97,3,0,0
-1.58,-0.07,-1.01,0.21,0.55,-1.53,2.73,2.14,3,0,0
0.63,-1.48,0.92,1.87,0.47,-3.28,3.8,0.59,3,0,0
0.71,2.15,-1.68,1.9,0.64,0.75,-1.29,-3.48,3,0,0
3.77,1.57,0.97,0.15,-4.97,0.65,1.47,-0.29,3,0,0
-0.67,1.76,0.58,-0.79,-4.37,-1.25,2.96,-0.1,3,0,0
1.27,-1.17,2.48,0.63,2.02,-3.03,0.84,0.48,3,0,0
-1.05,2.83,0.81,-3.1,-1.91,1.88,-0.54,-0.84,3,0,0
1.42,-3.55,1.21,1.77,1.05,-3.33,-0.39,1.95,3,0,0
-0.18,-0.13,0.28,1.18,2.77,-0.85,-1.83,-0.97,3,0,0
1.31,-1.63,0.54,2.36,2.64,-0.11,-0.07,-1.15,3,0,0
0.44,-0.65,-1.47,0.82,-1.71,0.53,-2.54,4.03,3,0,0
-0.36,1.41,0.89,-2.11,-0.67,1.9,0.3,-0.87,3,0,0
2.21,-4.53,0.06,2.34,-0.63,-1.97,1.99,4.77,3,0,0
0.56,0.44,-0.11,-0.26,-1.04,1.48,-0.65,-0.26,3,0,0
0.95,-4.67,1.62,-1.53,3.01,2.82,1.91,1.25,3,0,0
-0.63,0.29,-2.09,0.32,1.79,2.19,-0.12,-2.05,3,0,0
-1.63,2.42,-1.4,1.11,2.78,-0.08,-0.39,-0.41,3,0,0
1.17,2.32,1.78,-2.7,-1.39,3.13,-0.54,0.42,3,0,0
-0.59,1.09,-1.5,0.65,3.15,0.88,-0.33,-0.62,3,0,0
-0.03,-0.18,2.69,-2.26,-1.35,-0.58,1.19,2.51,3,0,0
-0.4,0.88,-1.19,-0.18,-1.53,1.7,1.49,-1.37,3,0,0
-0.62,-0.31,1.13,-1.15,0.57,-0.85,-2.2,1.49,3,0,0
-1.53,-1.63,-1.93,1.34,2.82,-0.59,-0.56,-0.28,3,0,0
0.9,-3.72,0.75,2.15,1.78,-2.11,2.14,0.0,3,0,0
1.34,0.08,0.53,1.65,0.17,-2.03,0.85,-0.45,3,0,0
-2.71,1.96,-0.96,-1.35,0.55,-0.08,1.13,-1.56,3,0,0
0.27,0.54,0.17,0.84,1.11,-1.12,-3.31,-0.24,3,0,0
0.31,0.13,-0.67,1.81,-0.38,-2.43,1.44,-1.27,3,0,0
-2.57,0.63,-1.16,0.44,1.78,-2.03,1.37,0.69,3,0,0
-1.22,-0.26,-1.27,-1.37,-2.13,1.55,0.73,1.72,3,0,0
2.57,-2.73,0.68,0.71,-2.29,-0.91,0.77,2.23,3,0,0
1.85,-1.23,0.72,1.37,-0.92,-2.39,-2.41,-0.6,3,0,0
1.04,0.99,-0.4,1.07,-1.68,-0.07,2.26,-0.86,3,0,0
0.36,-1.08,2.05,-0.93,-0.08,-0.62,-0.06,-1.2,3,0,0
1.36,-3.82,-1.18,1.37,-1.54,0.95,0.33,0.96,3,0,0
-1.49,-0.42,-0.56,1.93,2.34,-3.47,0.18,0.53,3,0,0
1.43,0.88,1.42,0.06,-0.54,0.12,-1.36,-2.42,3,0,0
1.32,-1.12,-2.63,2.27,-0.76,1.02,0.47,1.02,3,0,0
1.53,-1.68,1.98,1.18,0.93,-2.94,0.64,0.99,3,0,0
-0.09,0.83,0.81,-0.28,0.99,-0.5,0.98,-0.31,3,0,0
-0.56,1.31,-0.58,-0.08,0.59,0.12,0.51,-2.08,3,0,0
0.7,1.18,-1.42,2.17,0.96,-0.64,-1.87,-3.65,3,0,0
1.09,-0.6,-0.55,1.23,1.82,0.64,-3.08,0.18,3,0,0
-0.39,0.48,0.5,0.48,-0.17,-1.84,1.25,-1.11,3,0,0
-2.65,-1.78,-0.89,-1.05,3.28,-0.44,1.12,-0.77,3,0,0
-0.89,-1.62,-0.37,0.98,3.96,0.03,-2.12,-0.93,3,0,0
0.3,-2.96,1.81,0.76,2.12,-2.08,0.53,-0.88,3,0,0
-0.99,-0.15,-0.01,-1.17,1.72,1.09,-0.33,-0.61,3,0,0
-0.13,-0.16,0.38,-0.82,-0.67,0.21,1.78,0.44,3,0,0
0.23,1.89,4.46,-3.06,-0.55,-1.22,0.09,-0.76,3,0,0
0.27,3.86,0.79,-1.47,-1.25,1.24,0.44,-0.69,3,0,0
2.65,3.42,0.99,-1.04,-3.48,0.76,-1.21,-1.4,3,0,0
-0.56,-2.46,0.07,-0.43,1.28,0.38,1.72,2.87,3,0,0
2.47,0.14,-0.03,1.02,-1.25,0.33,-2.22,0.19,3,0,0
-0.65,3.23,-1.88,1.85,-0.41,-1.83,-1.66,-2.34,3,0,0
-0.43,0.98,0.21,-0.65,-0.46,-0.3,2.03,1.19,3,0,0
0.75,-0.6,0.29,2.07,2.44,-0.9,-2.43,-0.26,3,0,0
-1.61,4.01,1.54,-1.94,-0.74,-1.52,-0.41,-0.74,3,0,0
0.09,-0.22,-0.01,0.03,0.68,0.13,0.59,-1.01,3,0,0
1.29,-0.26,1.21,1.03,0.98,-1.26,-0.29,-1.57,3,0,0
-0.83,2.64,-0.55,-0.03,1.44,0.87,2.14,-2.77,3,0,0
1.01,-0.29,1.05,-0.69,-0.99,1.36,0.29,1.95,3,0,0
1.47,0.59,1.67,-0.54,-0.92,-1.5,1.92,2.75,3,0,0
-0.71,0.75,0.74,-1.04,-1.17,0.2,0.05,-0.65,3,0,0
-1.48,0.44,-1.15,0.72,3.54,0.19,-2.44,-3.5,3,0,0
-0.91,-0.81,0.78,0.07,1.23,-1.91,-2.49,1.25,3,0,0
0.16,0.51,0.56,-0.32,0.82,-0.88,0.74,0.65,3,0,0
-0.1,2.33,0.67,0.01,-2.77,-1.5,-1.36,-1.14,3,0,0
2.24,-2.48,1.77,-0.15,-1.75,1.1,0.16,4.32,3,0,0
-1.19,-0.5,-2.4,0.9,0.75,1.11,3.06,-0.46,3,0,0
-0.8,-1.57,-1.16,0.83,1.54,-1.14,1.25,1.52,3,0,0
0.28,-1.77,-2.14,1.34,-1.39,0.87,1.09,3.04,3,0,0
0.15,0.1,-0.93,0.45,-2.03,1.36,0.21,-2.28,3,0,0
-1.13,1.5,1.2,-1.24,-1.38,-2.03,0.45,0.07,3,0,0
-0.94,-0.11,-2.49,-0.38,-0.02,3.93,1.71,-0.84,3,0,0
2.12,1.55,1.07,-0.4,-1.96,0.65,4.46,-1.56,3,0,0
-2.77,0.78,-2.15,-1.23,0.05,2.15,0.59,-0.49,3,0,0
-1.6,1.44,-2.4,0.3,1.03,0.79,-0.36,-1.09,3,0,0
-2.55,0.47,-1.15,0.54,1.47,-1.96,1.78,0.84,3,0,0
-0.46,-0.56,-0.65,-1.07,1.32,2.81,0.07,-1.66,3,0,0
-1.4,0.23,-0.5,2.99,4.09,-3.64,-3.51,-1.77,3,0,0
-0.87,4.1,0.33,-1.35,-1.25,1.07,-3.98,-3.3,3,0,0
1.47,0.31,-2.28,2.41,-1.71,0.8,0.1,1.68,3,0,0
-0.67,1.13,-0.57,-1.74,-1.26,1.88,-0.06,0.88,3,0,0
1.02,3.13,1.83,-1.08,-2.47,-0.05,0.01,-2.87,3,0,0
1.78,-0.4,-0.23,2.3,0.74,-0.39,0.22,-1.67,3,0,0
0.56,0.69,0.93,-0.77,-1.13,0.81,1.46,0.11,3,0,0
2.11,-0.82,2.16,0.9,0.25,-1.66,-1.39,-1.05,3,0,0
-0.57,-0.93,-1.76,0.04,-4.62,-0.56,1.62,4.09,3,0,0
2.67,1.79,-2.4,2.78,-3.84,0.39,0.58,0.17,3,0,0
0.55,-1.51,-0.57,1.45,0.83,0.03,1.37,1.91,3,0,0
1.45,4.23,-0.96,0.03,-3.04,2.75,1.74,-1.41,3,0,0
-0.07,1.81,2.88,0.48,0.2,-5.42,-2.75,-0.97,3,0,0
-4.95,-0.21,-2.41,0.64,2.41,-3.34,-2.73,0.01,3,0,0
0.43,3.12,-0.7,1.09,0.18,1.29,0.29,-4.12,3,0,0
0.41,2.72,-0.93,0.42,-2.29,0.93,-1.26,-0.2,3,0,0
0.02,0.19,-2.46,2.39,0.12,-0.85,1.75,-1.59,3,0,0
-0.57,0.41,-2.03,1.54,1.24,-0.54,-0.56,0.85,3,0,0
2.64,-2.68,-1.57,3.24,-1.8,0.29,0.78,1.65,3,0,0
0.24,-0.15,-2.0,0.62,-2.31,1.99,0.99,-0.66,3,0,0
0.12,0.49,-2.47,1.66,-2.74,-0.02,1.96,-0.58,3,0,0
-0.77,2.67,0.76,-1.88,0.78,1.43,2.43,-1.01,3,0,0
-0.74,-3.01,-1.68,1.95,4.35,-0.22,1.72,-0.09,3,0,0
1.56,-1.86,0.24,0.08,-1.25,0.79,-0.07,0.38,3,0,0
-4.21,-0.51,-1.99,-0.01,6.42,0.71,0.7,-3.11,3,0,0
-1.39,-1.2,-0.33,1.63,1.98,-4.3,0.4,1.2,3,0,0
0.35,-0.34,-1.16,0.33,0.16,1.77,2.24,-0.76,3,0,0
1.0,2.25,0.87,0.19,-1.87,-1.19,-0.98,-2.34,3,0,0
-0.44,-1.65,0.75,-0.33,2.51,-0.89,-0.33,-0.71,3,0,0
0.11,-3.43,0.45,0.53,0.93,-1.19,-0.38,3.92,3,0,0
-0.09,0.72,1.74,-0.28,1.71,-0.27,-2.53,-0.78,3,0,0
-0.14,-2.29,-0.31,-0.18,-0.59,-0.19,0.9,4.19,3,0,0
2.0,-0.09,-0.86,1.81,1.24,1.97,-2.01,-0.09,3,0,0
1.82,-1.56,1.09,0.58,2.42,0.82,-0.26,0.18,3,0,0
2.81,0.57,2.14,2.91,0.91,-3.68,-0.21,-0.17,3,0,0
-1.51,-0.96,-1.18,-0.6,2.27,1.7,-1.08,0.33,3,0,0
2.21,0.04,1.5,0.44,-0.08,0.39,1.95,1.08,3,0,0
-0.22,1.73,1.12,-1.83,-2.21,0.19,1.56,-1.63,3,0,0
0.04,-1.6,0.13,1.45,1.14,-1.89,1.29,0.78,3,0,0
0.06,-0.19,-2.2,1.14,-0.3,2.68,1.19,-0.71,3,0,0
0.19,1.59,0.52,0.38,-1.69,-1.03,-2.01,-1.07,3,0,0
-1.99,0.26,-1.66,0.62,2.21,-1.07,-2.12,-0.43,3,0,0
2.53,0.07,1.9,-0.49,0.1,2.46,-2.4,-0.93,3,0,0
-0.14,2.52,0.73,0.51,0.35,-1.34,0.41,-0.65,3,0,0
1.84,-2.92,-0.64,2.85,1.22,-0.12,-0.36,-1.19,3,0,0
-0.98,-0.39,0.67,-0.26,3.76,-1.72,1.15,0.02,3,0,0
-0.57,1.31,-1.01,-3.0,-1.85,5.56,-1.45,1.48,3,0,0
1.5,-0.31,2.0,-0.27,0.06,-0.95,-0.99,1.15,3,0,0
-0.68,2.34,-0.1,0.77,1.03,-1.47,-1.11,-1.83,3,0,0
0.78,0.53,1.28,-0.12,-0.2,-0.3,1.3,-2.28,3,0,0
-2.41,1.44,-0.06,-0.9,0.24,-0.62,-0.22,-1.23,3,0,0
0.52,-1.17,-0.1,-0.62,-0.27,1.57,-0.75,0.83,3,0,0
-1.63,-1.55,-2.92,-0.56,0.24,3.86,-1.21,-0.4,3,0,0
2.0,-0.52,-0.5,0.46,-2.73,2.15,-0.63,-0.32,3,0,0
-2.39,0.05,2.55,-1.92,2.86,-2.1,-0.07,-1.66,3,0,0
0.4,-1.77,-0.34,0.63,-0.26,0.79,0.78,-0.67,3,0,0
-2.59,5.33,-1.02,0.06,-0.5,-2.47,-1.26,-3.09,3,0,0
0.61,4.2,1.08,-0.92,-3.01,-0.35,1.99,0.41,3,0,0
0.31,-2.62,-0.07,-0.27,1.58,1.76,1.98,-0.9,3,0,0
-1.52,-1.35,-0.41,-0.72,0.64,-0.7,2.72,1.4,3,0,0
0.09,-2.52,-0.12,-2.08,-2.37,3.51,1.78,4.93,3,0,0
0.5,-4.78,0.56,2.58,5.79,-2.04,-3.57,0.39,3,0,0
0.42,0.85,-2.06,4.29,1.03,-2.83,1.36,-2.62,3,0,0
-1.01,-0.31,0.19,-1.09,-1.02,-0.35,1.24,-0.86,3,0,0
-1.35,2.92,-0.5,-0.29,0.64,1.62,-1.24,-3.51,3,0,0
-1.7,1.09,-0.89,-1.33,1.24,2.23,-1.06,-0.33,3,0,0
-0.82,-1.0,-3.14,0.79,-1.04,2.77,0.82,-0.09,3,0,0
2.16,-0.71,-0.28,0.9,-2.82,0.58,0.78,1.2,3,0,0
-0.44,-0.69,-1.91,-1.26,-3.13,2.54,1.15,1.04,3,0,0
-1.98,1.96,0.27,-2.56,1.26,1.56,-1.34,-0.73,3,0,0
-3.92,1.33,-0.98,-1.18,3.6,-0.87,1.36,-2.15,3,0,0
-2.97,-0.7,-2.58,-0.17,1.52,0.99,1.81,2.33,3,0,0
2.48,0.05,-0.65,1.36,-1.48,2.22,1.25,-3.19,3,0,0
2.57,-1.3,0.95,2.08,2.99,0.02,0.7,-2.31,3,0,0
-2.22,-0.23,-1.64,-2.27,0.39,3.2,1.74,-0.55,3,0,0
0.51,-1.96,-0.09,0.08,1.46,0.52,0.59,1.75,3,0,0
-2.04,1.0,-1.16,-0.48,2.46,0.85,0.99,-1.03,3,0,0
3.45,0.71,1.46,-0.28,-3.23,1.58,2.1,-1.42,3,0,0
-0.49,-0.12,-1.51,2.44,0.97,-2.04,1.9,0.26,3,0,0
1.83,-0.38,1.26,1.18,0.09,-1.77,-0.17,-0.66,3,0,0
-0.42,1.47,-1.42,1.05,1.55,0.97,-0.31,-4.13,3,0,0
-0.31,1.38,-1.07,0.61,1.48,0.5,-0.33,-0.24,3,0,0
2.16,-1.76,2.13,-0.24,-0.5,0.56,0.52,1.97,3,0,0
1.53,0.23,0.87,2.42,-1.84,-3.86,1.25,-0.3,3,0,0
1.74,-0.2,0.31,-0.86,-1.19,2.63,-0.08,1.7,3,0,0
0.06,0.41,0.84,-2.47,-1.04,2.5,1.48,-1.26,3,0,0
-2.32,-1.55,-2.46,2.8,3.41,-2.46,1.41,-0.97,3,0,0
-2.4,-2.07,-0.56,1.52,4.8,-2.59,-2.32,2.05,3,0,0
1.39,1.46,1.38,-0.91,-2.58,1.67,-0.9,1.85,3,0,0
1.07,2.52,2.7,0.19,-0.62,-2.28,-2.78,-1.37,3,0,0
1.3,1.91,-0.8,0.49,-1.8,2.45,0.31,-0.42,3,0,0
0.27,-2.31,0.42,0.68,3.32,0.35,-0.91,-0.03,3,0,0
0.24,4.16,0.24,-0.53,-3.19,0.95,-0.87,-2.1,3,0,0
-2.67,-3.2,-3.14,1.5,3.45,-1.17,3.38,3.07,3,0,0
-0.91,0.67,1.42,-0.84,2.75,-0.85,1.51,-0.76,3,0,0
-1.0,-3.77,-0.94,2.57,3.64,-3.63,0.6,1.1,3,0,0
-2.2,1.52,-0.27,-1.04,1.57,-0.48,-2.08,0.51,3,0,0
-0.73,-2.13,0.57,0.05,0.67,-1.68,0.42,1.71,3,0,0
-0.44,3.14,-0.09,-0.95,-1.29,0.15,1.95,-1.31,3,0,0
4.56,-2.94,2.5,2.26,-1.59,-2.31,-1.55,2.56,3,0,0
-2.71,-3.08,0.39,-1.66,4.54,-0.47,0.65,2.59,3,0,0
-1.5,-1.86,-1.19,0.03,2.13,0.54,0.23,0.87,3,0,0
0.85,-1.76,0.27,0.3,0.13,0.49,-0.13,1.68,3,0,0
2.51,-2.38,1.07,1.48,0.7,-0.94,-0.71,2.23,3,0,0
1.69,1.43,1.23,-0.45,-1.74,-0.68,0.3,1.32,3,0,0
-2.34,3.21,-3.75,-1.12,-3.15,4.31,-1.72,-0.18,3,0,0
-1.94,3.57,-0.24,-1.07,-1.45,-1.23,3.06,-1.33,3,0,0
-0.17,-0.11,-1.97,0.2,0.69,3.32,-1.51,-1.15,3,0,0
4.07,1.51,0.06,2.3,-1.06,1.18,1.27,-2.05,3,0,0
-1.32,1.88,0.04,-1.24,-1.07,-0.33,-0.94,-1.41,3,0,0
1.29,-0.46,-0.73,0.71,-1.92,1.32,1.7,0.51,3,0,0
-2.04,-1.14,-1.42,-1.62,-0.51,1.68,1.6,0.3,3,0,0
-1.74,0.59,-1.81,-0.27,1.22,1.19,-1.18,-0.15,3,0,0
2.0,0.8,0.49,-0.16,-4.32,1.7,-0.72,0.3,3,0,0
0.83,0.12,-1.28,1.6,1.97,0.7,-0.99,-2.52,3,0,0
-0.36,-0.61,2.31,-2.69,-2.34,0.61,0.9,0.86,3,0,0
2.43,0.44,2.58,-0.28,-0.27,0.28,-0.88,-1.69,3,0,0
2.69,1.55,2.2,0.7,-2.63,-1.0,-2.79,0.56,3,0,0
-0.19,0.5,-1.7,0.4,0.28,1.03,1.35,0.61,3,0,0
-0.84,-1.93,-0.49,0.16,0.73,-0.39,-1.3,2.14,3,0,0
-2.8,4.04,-0.91,-0.43,-0.99,-2.38,-2.36,-0.1,3,0,0
-0.45,1.35,-0.47,-2.16,-2.16,2.15,-0.03,-1.48,3,0,0
-0.32,-0.53,-1.32,0.54,0.97,-0.52,0.04,0.61,3,0,0
0.37,1.59,-0.5,-0.14,-0.94,0.5,-1.74,0.64,3,0,0
1.5,0.81,1.04,0.51,2.49,-0.12,-1.32,-0.95,3,0,0
0.4,-0.03,0.52,-0.26,0.49,-0.04,-0.03,1.65,3,0,0
-0.22,-1.03,0.97,-0.73,0.72,0.87,-0.67,-1.51,3,0,0
-1.31,-0.76,-0.39,-0.88,1.79,-0.28,1.73,0.93,3,0,0
-1.18,2.7,1.51,-1.07,1.61,-0.37,-0.02,-4.0,3,0,0
0.05,0.35,1.02,-0.35,0.98,0.06,-0.83,-2.1,3,0,0
1.05,-2.16,-0.71,1.18,-0.06,-0.38,-0.8,3.0,3,0,0
-2.95,2.49,-0.47,-1.39,-0.9,-0.47,1.1,-1.14,3,0,0
-2.1,0.26,-0.7,-1.22,-0.07,-0.56,-0.57,-0.68,3,0,0
-0.76,-2.43,-1.57,-2.3,-1.77,4.95,-2.19,2.75,3,0,0
0.55,-0.92,-2.0,0.93,-1.83,1.6,4.46,0.97,3,0,0
1.78,-2.63,-0.07,0.37,1.89,3.15,1.14,0.9,3,0,0
1.08,1.75,0.48,-0.61,-1.2,1.08,-0.35,-2.15,3,0,0
-0.17,-0.3,0.48,0.05,-1.26,-1.03,0.14,1.11,3,0,0
-0.07,1.79,0.16,-1.51,-4.17,1.18,-2.01,0.12,3,0,0
-1.43,-0.86,-2.78,-0.26,-0.76,2.59,1.31,-1.5,3,0,0
1.12,-1.42,-0.38,1.5,-0.6,-0.59,1.0,1.11,3,0,0
-0.1,1.0,1.4,0.67,2.28,-2.32,0.42,-2.36,3,0,0
1.35,1.41,0.92,0.82,-1.24,-2.14,0.18,0.13,3,0,0
-1.22,-0.74,-4.38,1.17,1.93,3.67,1.4,-1.77,3,0,0
-1.89,0.43,-1.25,0.2,0.33,-0.14,0.09,1.31,3,0,0
-0.09,2.99,1.2,-2.07,-3.59,0.7,-2.12,-1.06,3,0,0
0.32,-0.42,1.01,-1.19,-3.4,-0.55,3.86,3.63,3,0,0
-0.66,-3.95,0.52,0.11,2.88,-0.7,0.68,1.1,3,0,0
1.77,-1.36,1.3,0.57,-1.79,0.0,-0.09,1.24,3,0,0
2.62,-1.66,0.95,-0.58,0.2,3.81,-4.18,5.51,3,0,0
2.22,3.57,-1.32,0.3,-4.62,3.11,0.21,-1.88,3,0,0
1.85,-2.68,-0.35,2.05,0.24,-0.85,0.47,2.68,3,0,0
-1.44,0.84,1.05,-2.32,-0.61,0.83,-1.38,0.73,3,0,0
-0.87,0.86,-2.07,1.12,-1.54,-0.9,-1.28,1.14,3,0,0
0.27,-3.64,1.36,0.96,-0.0,-3.56,1.77,2.88,3,0,0
-0.14,-3.34,-0.85,1.94,1.5,-2.02,1.26,-0.35,3,0,0
2.84,-0.66,2.07,1.12,-0.41,-1.9,0.62,1.34,3,0,0
1.1,2.88,0.65,0.77,-1.75,-1.58,-1.23,-1.25,3,0,0
-0.1,-0.13,-0.55,-2.03,-2.29,3.26,3.52,-1.91,3,0,0
-2.54,2.42,0.34,-0.37,-0.57,-3.22,-1.69,0.85,3,0,0
0.58,0.93,-0.08,0.28,-0.21,0.28,2.7,0.78,3,0,0
-2.9,3.05,0.51,-0.51,1.15,-3.58,-1.56,0.68,3,0,0
0.0,-2.94,-0.54,1.22,-1.58,-3.02,3.5,2.11,3,0,0
-0.08,-1.32,0.26,-0.51,-0.86,0.09,0.28,-0.28,3,0,0
1.53,-3.15,0.16,1.37,-0.78,-1.5,0.92,2.12,3,0,0
-3.3,1.59,0.76,-2.03,-0.34,-1.87,1.18,1.01,3,0,0
-1.9,-0.35,-1.1,-0.38,-1.0,0.06,-0.87,-0.97,3,0,0
-1.26,0.03,-0.33,-2.19,1.4,4.21,-0.26,1.67,3,0,0
-0.37,0.51,0.12,1.11,1.38,-2.55,-1.37,-2.17,3,0,0
-0.66,-0.06,-2.14,0.64,-0.34,1.08,0.49,-1.04,3,0,0
-0.06,-1.02,2.59,-1.46,1.95,0.06,0.05,1.49,3,0,0
-0.2,3.23,-1.26,-0.25,-1.47,2.96,-1.7,-2.95,3,0,0
-1.15,2.46,-0.26,0.19,1.51,-0.13,-1.36,-3.19,3,0,0
-2.0,2.31,1.87,-3.21,-0.73,0.58,2.08,0.61,3,0,0
0.17,-0.27,-0.16,1.13,1.13,-1.22,-1.96,0.1,3,0,0
-0.19,2.8,0.25,0.32,-1.82,-2.28,-0.52,-1.63,3,0,0
-1.4,-3.2,0.39,-1.26,3.59,0.41,-0.87,3.01,3,0,0
-1.03,1.12,3.25,-1.29,1.21,-3.05,-1.83,-1.91,3,0,0
-0.49,0.61,-2.53,1.54,1.0,1.18,-1.22,0.18,3,0,0
-1.28,-1.86,-2.44,0.51,0.64,1.4,-0.65,1.98,3,0,0
1.58,1.85,4.76,-2.93,-3.49,-0.99,-0.69,-0.36,3,0,0
1.18,2.6,0.36,0.35,-0.25,1.63,0.4,0.1,3,0,0
-0.16,1.52,-1.49,2.43,0.05,-2.86,0.18,0.06,3,0,0
-0.39,1.31,-0.91,-0.49,1.15,2.5,-2.12,-2.25,3,0,0
1.28,-0.68,-0.28,-0.53,-1.56,0.36,-1.18,3.45,3,0,0
1.5,-4.66,-0.76,3.77,5.96,-1.45,-0.11,0.74,3,0,0
-0.92,1.14,1.81,-0.58,-0.01,-2.29,-0.46,-2.45,3,0,0
0.94,0.51,-1.61,3.76,1.62,-0.6,-1.84,-0.54,3,0,0
-0.95,1.11,0.41,-1.06,-2.26,-1.98,-2.5,2.62,3,0,0
2.91,2.42,1.47,1.35,-2.25,-0.77,-0.5,-1.63,3,0,0
-0.27,1.51,-0.38,0.71,-1.66,-1.71,-2.2,0.61,3,0,0
-2.86,-0.33,0.13,-1.71,-1.26,-1.52,0.96,5.03,3,0,0
-1.0,2.42,1.03,-2.69,0.82,0.71,-2.36,-0.87,3,0,0
0.8,0.07,-0.62,0.43,-0.79,0.39,-1.31,0.32,3,0,0
-1.8,0.04,1.05,-0.71,2.39,-2.08,0.05,-0.68,3,0,0
1.43,3.97,-1.27,0.65,-3.58,1.27,-0.89,-1.96,3,0,0
-0.9,1.09,-0.28,1.16,1.97,-1.53,0.32,0.37,3,0,0
-0.61,2.64,0.15,-0.03,1.41,-1.29,-0.17,0.44,3,0,0
0.61,0.26,2.26,1.01,-0.13,-5.17,-3.26,2.26,3,0,0
1.55,0.5,1.96,-0.42,-1.98,-1.38,-1.19,2.38,3,0,0
0.59,-2.77,-0.49,0.28,0.98,-0.1,0.71,1.4,3,0,0
2.36,1.08,1.25,0.02,-3.12,0.51,1.64,-0.68,3,0,0
1.52,0.09,-1.54,2.81,1.08,-0.1,-1.38,-2.18,3,0,0
-1.59,1.51,0.95,-1.31,0.26,-0.92,-3.2,1.01,3,0,0
-0.13,1.39,-2.13,1.4,-0.03,1.38,-0.69,-3.25,3,0,0
0.52,-1.63,0.21,0.89,0.78,-1.83,-0.84,-0.3,3,0,0
1.26,-1.7,-0.81,2.39,1.24,-1.52,-0.81,4.22,3,0,0
-2.48,-0.7,1.22,-1.2,4.75,-1.39,-0.43,0.63,3,0,0
3.05,-0.44,-2.09,4.48,-1.49,-1.39,0.59,0.02,3,0,0
-0.21,4.56,-0.03,0.84,-0.56,-1.65,-1.67,-2.54,3,0,0
0.36,-1.94,1.24,0.4,0.56,-2.19,0.78,3.31,3,0,0
-1.13,2.39,0.12,-1.44,-2.69,-0.84,2.54,-1.86,3,0,0
-0.14,0.76,-0.78,0.05,-0.2,1.2,-0.69,0.35,3,0,0
0.39,-0.04,-0.31,0.35,-1.27,0.65,0.97,0.34,3,0,0
-1.6,0.39,-0.51,1.05,3.77,-0.98,-2.78,-1.71,3,0,0
-2.31,-1.04,-1.96,1.47,2.54,-2.57,-0.53,1.81,3,0,0
-3.12,-1.19,-2.7,-0.35,3.56,0.24,2.74,0.19,3,0,0
-0.36,-3.23,-1.36,0.34,2.4,2.12,1.28,1.06,3,0,0
0.57,-2.41,-0.34,1.06,1.8,-1.03,-0.1,1.8,3,0,0
2.56,-2.97,1.78,2.12,0.67,-3.52,0.91,1.35,3,0,0
0.04,-0.53,1.53,-1.59,2.1,0.75,-3.19,1.87,3,0,0
-1.21,0.32,2.32,-0.59,2.42,-3.41,2.03,-1.58,3,0,0
1.33,2.23,3.63,-3.18,-3.03,1.64,-0.83,-0.16,3,0,0
-0.08,-3.13,1.53,-1.56,1.13,-0.48,0.2,3.27,3,0,0
2.19,-5.68,-0.49,2.17,0.48,-1.18,1.86,2.26,3,0,0
-1.38,-2.23,-0.53,-1.06,0.82,1.71,-1.7,1.24,3,0,0
0.05,1.79,0.43,-0.88,-1.91,1.18,-0.21,0.56,3,0,0
-0.73,4.75,3.69,-2.42,-1.13,-2.19,1.35,-2.14,3,0,0
3.62,1.69,0.68,1.71,-4.2,-0.96,-0.67,0.99,3,0,0
-0.78,-2.58,0.14,0.22,2.19,-0.65,-0.68,3.27,3,0,0
1.66,-2.61,2.78,-1.72,-1.57,-0.17,0.56,-0.52,3,0,0
-0.88,-1.0,-0.0,-0.8,-0.51,-0.95,0.95,2.89,3,0,0
0.61,-0.97,0.06,0.79,-1.52,-1.71,1.68,1.12,3,0,0
-0.89,1.22,1.29,-0.89,-3.33,-2.11,-0.85,0.23,3,0,0
2.43,0.22,0.46,1.28,-0.88,-0.6,-1.82,-0.25,3,0,0
-1.39,0.4,0.01,-1.38,-0.65,-0.92,-1.17,1.67,3,0,0
3.37,-3.42,0.27,0.65,-2.11,2.31,-1.11,1.22,3,0,0
0.54,1.44,1.29,-0.49,-2.52,-1.99,0.64,-0.07,3,0,0
0.96,1.01,1.21,-1.02,-0.71,2.41,0.18,-3.56,3,0,0
-1.15,3.83,-0.86,-0.65,-1.45,1.02,1.01,-1.57,3,0,0
0.63,-1.45,-0.81,-0.0,1.35,3.03,0.19,-3.26,3,0,0
2.01,1.65,0.21,0.7,-0.76,1.09,-1.75,-0.98,3,0,0
1.85,2.5,0.75,1.52,-1.6,-2.46,0.4,0.19,3,0,0
-0.29,2.59,3.02,-2.38,-3.1,-1.47,-1.36,-0.07,3,0,0
1.48,-0.97,1.23,-0.04,-0.97,0.06,-3.68,-0.59,3,0,0
-0.28,-0.98,0.44,1.5,2.3,-2.68,-0.52,0.69,3,0,0
-2.7,2.71,3.69,1.03,2.57,1.14,3.25,2.52,4,0,0
1.12,0.03,-4.47,-2.56,-1.98,1.12,-3.44,-0.69,4,0,0
0.83,0.26,-1.56,0.75,-1.04,0.15,-1.22,0.8,4,0,0
0.78,-0.51,1.79,3.8,-6.01,-2.68,1.94,-3.98,4,0,0
-1.22,2.83,0.02,1.27,-0.19,2.74,-0.54,0.51,4,0,0
1.11,-3.62,-1.29,-3.33,1.17,0.27,-2.42,-0.37,4,0,0
-0.01,-1.97,-1.79,-2.55,0.25,0.91,-1.58,0.77,4,0,0
1.73,0.17,-1.27,1.4,-0.61,0.67,-0.95,0.64,4,0,0
1.1,1.65,-1.6,2.72,-1.07,0.45,-0.93,-0.63,4,0,0
0.44,-1.51,-0.12,-0.42,3.32,2.82,-0.57,2.14,4,0,0
-0.84,-1.24,0.19,-2.88,0.05,0.72,-2.04,-3.65,4,0,0
-0.15,0.28,3.91,4.02,-0.43,0.35,4.03,1.53,4,0,0
0.83,1.23,-0.26,0.88,-2.74,-2.09,-1.01,-0.86,4,0,0
2.32,2.65,-3.77,1.76,0.58,1.65,-4.08,1.7,4,0,0
-2.24,-2.86,2.92,-1.33,1.36,0.08,2.82,0.89,4,0,0
-0.89,-1.33,0.29,-0.23,2.88,2.5,1.04,1.67,4,0,0
0.1,0.55,2.48,2.69,-0.81,-0.11,1.58,-0.74,4,0,0
-2.84,-1.95,2.35,-2.79,3.6,2.65,1.37,0.32,4,0,0
1.07,-0.66,-0.32,0.3,-1.1,-0.4,-0.91,0.64,4,0,0
1.02,1.16,-1.56,1.62,0.66,1.1,-2.04,1.18,4,0,0
2.65,-1.96,0.53,3.34,-7.2,-4.77,1.22,-2.45,4,0,0
-1.58,1.1,-0.69,-2.34,1.07,1.66,-1.04,-1.05,4,0,0
-1.43,-3.41,-1.6,-6.52,5.16,2.36,-1.18,2.97,4,0,0
-1.23,-1.48,0.17,0.14,0.94,2.39,-0.0,-1.76,4,0,0
1.95,-0.14,-1.54,-0.31,0.7,1.08,-2.71,-0.55,4,0,0
1.24,-0.94,-1.89,-3.04,1.35,0.87,-1.46,3.41,4,0,0
0.54,-1.8,-0.63,-0.07,0.41,0.43,0.27,1.54,4,0,0
-0.29,-0.55,1.92,1.34,-1.25,-0.69,1.74,-1.8,4,0,0
0.52,1.14,-0.12,-0.66,0.44,0.27,-1.88,-0.8,4,0,0
0.37,-2.9,-0.37,-2.08,1.89,1.39,-0.51,2.8,4,0,0
-0.12,-2.54,-0.1,-1.42,3.73,3.55,-1.61,1.48,4,0,0
-0.4,0.05,1.46,-0.42,3.86,-0.05,2.11,4.78,4,0,0
2.35,-0.86,-2.39,-0.28,0.33,-0.23,-2.18,1.79,4,0,0
0.14,0.03,-0.25,-0.35,1.97,1.9,0.14,1.72,4,0,0
-0.89,-1.19,-2.81,-3.05,2.23,3.45,-1.93,1.28,4,0,0
0.09,2.48,-0.16,2.81,-2.0,0.77,-0.89,-1.2,4,0,0
-0.24,0.89,-1.83,-1.91,4.61,3.73,-3.32,1.29,4,0,0
-0.21,-2.97,0.62,-3.08,2.32,-0.55,1.08,0.36,4,0,0
0.74,2.16,3.07,3.36,1.79,-0.9,3.13,2.95,4,0,0
-1.65,-2.75,1.97,-1.62,3.0,3.86,1.43,-0.22,4,0,0
-3.34,-1.55,0.69,-1.16,2.69,4.83,0.6,-0.27,4,0,0
-2.52,-0.93,2.3,-2.25,3.07,2.02,0.6,-0.07,4,0,0
-2.16,1.34,0.7,-0.48,-0.29,1.07,1.16,-0.21,4,0,0
-1.17,-1.08,1.01,-0.53,-0.46,1.08,-0.68,-4.79,4,0,0
1.89,1.26,-0.41,1.91,-2.33,-2.66,-0.48,0.54,4,0,0
0.27,1.61,0.32,-0.73,-0.48,-0.97,-0.47,0.42,4,0,0
1.1,-1.27,-2.6,-3.35,3.53,1.1,-3.06,2.43,4,0,0
1.81,-1.98,-0.51,1.21,-1.44,-0.52,0.02,-0.15,4,0,0
0.73,1.41,0.81,0.02,1.14,-0.07,-0.25,2.34,4,0,0
1.65,2.11,-1.64,0.52,-0.52,-1.39,-1.24,0.7,4,0,0
3.21,0.69,-0.84,1.5,-1.26,-2.43,-1.28,0.9,4,0,0
0.54,-0.71,-1.33,-1.68,-2.74,-0.38,-1.8,-1.58,4,0,0
0.01,-1.77,1.71,-2.15,0.65,-0.71,0.09,-1.6,4,0,0
-1.15,-2.87,2.61,-0.09,-0.27,-0.44,1.66,-2.41,4,0,0
1.71,-0.63,-2.79,-1.49,0.31,-0.16,-2.35,1.96,4,0,0
-0.0,0.54,0.58,0.94,1.87,1.65,0.46,3.58,4,0,0
-0.12,0.24,-0.69,-1.33,2.3,1.75,-0.44,4.13,4,0,0
-1.14,-0.46,0.12,-3.38,4.44,1.89,-1.4,2.1,4,0,0
1.4,3.03,-2.11,0.47,-0.41,-0.02,-2.54,1.05,4,0,0
1.85,-2.79,-0.01,-0.39,-2.93,-1.55,1.62,1.97,4,0,0
2.09,2.4,-0.3,3.19,-1.66,-0.14,-0.14,0.94,4,0,0
-2.66,-2.12,3.36,0.06,0.65,1.01,3.22,-1.43,4,0,0
0.45,-2.05,-1.31,-0.88,0.86,1.2,-0.71,-0.45,4,0,0
-2.09,-1.15,2.22,-0.18,0.75,1.99,2.46,-0.39,4,0,0
-1.67,-0.21,1.58,-0.77,2.24,1.05,1.43,1.77,4,0,0
-1.53,-2.86,4.74,-0.77,1.44,-1.07,3.31,-1.66,4,0,0
1.51,0.77,-1.12,-0.28,-0.39,-0.91,-2.08,1.29,4,0,0
-1.69,1.86,1.67,1.43,0.97,1.89,0.29,-1.82,4,0,0
-1.15,-2.09,-1.01,-3.43,1.05,1.23,0.4,0.0,4,0,0
-3.24,1.66,2.79,-1.23,1.21,0.78,3.18,0.4,4,0,0
1.86,-2.67,-2.08,-1.82,1.32,3.25,-2.4,0.83,4,0,0
-1.8,2.39,-2.25,-3.38,0.82,2.49,-2.67,-2.04,4,0,0
0.54,1.68,-1.78,-0.3,-0.42,-0.04,-0.35,1.76,4,0,0
-1.66,2.81,-0.82,-1.87,1.7,1.28,-1.92,0.56,4,0,0
-0.22,-2.41,-0.95,-3.74,-0.26,-0.17,-0.99,-1.16,4,0,0
-2.1,0.06,1.38,0.57,-4.26,-2.69,2.5,-1.96,4,0,0
0.87,0.16,0.05,1.61,-0.61,-0.48,0.4,1.28,4,0,0
0.77,-1.15,0.05,0.81,-1.62,0.96,0.06,-1.37,4,0,0
-0.01,-0.42,0.73,0.95,-0.23,0.68,0.93,0.61,4,0,0
1.5,0.07,-0.64,2.58,-0.21,0.67,-0.8,1.47,4,0,0
-0.73,-0.74,2.1,0.32,0.25,0.01,1.48,1.34,4,0,0
-2.04,0.37,3.37,0.47,3.03,1.93,4.1,2.28,4,0,0
3.75,0.11,-3.3,0.2,-4.17,-3.72,-2.47,0.33,4,0,0
1.6,0.21,-1.61,0.6,-1.64,-1.21,-1.02,-0.25,4,0,0
-0.86,1.89,1.66,2.1,1.16,1.99,-0.47,-1.46,4,0,0
0.2,-1.03,-0.19,0.1,1.38,2.1,0.2,1.49,4,0,0
-0.47,-0.83,-1.29,-0.28,-1.38,2.07,-1.41,-0.91,4,0,0
1.39,1.21,1.0,1.83,-2.58,-2.66,0.6,0.16,4,0,0
0.07,-1.31,1.1,0.17,1.38,0.91,1.64,0.58,4,0,0
-1.16,-0.29,1.52,-2.04,1.39,0.19,1.61,1.25,4,0,0
2.18,-1.42,-1.13,-0.24,1.29,0.42,-0.89,3.16,4,0,0
0.4,-1.24,1.5,3.11,0.64,1.86,2.39,0.78,4,0,0
-0.47,0.5,-0.63,-0.95,1.57,0.12,-1.41,0.04,4,0,0
-2.98,-1.9,2.63,0.07,-1.29,2.31,3.51,-0.38,4,0,0
-4.44,-5.31,0.51,-7.03,6.59,4.57,1.7,3.67,4,0,0
-3.26,-2.35,2.27,-2.15,2.51,2.27,2.26,-0.63,4,0,0
1.18,2.2,-1.08,-0.16,-1.02,-0.57,-2.34,0.27,4,0,0
-0.15,-0.91,1.57,1.35,0.81,1.57,1.9,0.99,4,0,0
0.61,-1.7,-1.95,-1.68,3.09,2.2,-2.1,1.96,4,0,0
-2.55,0.37,4.06,5.0,-1.37,3.65,4.54,-2.27,4,0,0
2.09,-2.27,-1.84,-1.05,0.58,1.28,-1.11,1.84,4,0,0
0.7,-0.3,-1.55,-0.03,-1.02,0.88,0.17,0.18,4,0,0
0.4,-0.3,0.33,-1.71,3.29,0.83,-1.07,1.95,4,0,0
0.62,1.6,-0.08,2.56,-4.07,-0.86,-0.18,-0.3,4,0,0
-0.31,-1.42,-1.66,1.71,-0.24,3.25,-1.56,-0.57,4,0,0
0.76,-0.59,-3.62,-1.19,1.78,3.62,-3.61,0.74,4,0,0
-0.27,-0.69,0.21,-0.85,1.23,2.83,-0.85,0.67,4,0,0
-1.48,-1.87,2.92,0.35,-0.76,1.53,2.78,-2.56,4,0,0
0.54,1.33,-0.63,0.83,0.05,1.8,-1.68,-0.19,4,0,0
-2.32,1.23,-0.95,-3.06,3.72,4.19,-2.16,-1.32,4,0,0
1.97,0.26,-0.83,2.01,-1.92,-1.98,-0.3,2.38,4,0,0
0.31,1.05,0.52,0.4,2.12,0.44,0.86,2.32,4,0,0
2.78,-0.74,-1.94,0.09,-2.15,-1.2,-2.55,0.98,4,0,0
-1.94,-0.5,4.51,-0.57,-0.59,-1.97,2.94,-1.67,4,0,0
-0.16,-1.25,0.33,-1.13,-0.11,0.44,-1.1,-3.06,4,0,0
-0.27,-1.2,-0.68,-2.27,1.57,0.85,0.38,0.45,4,0,0
1.23,0.55,0.52,1.17,-0.87,0.2,1.44,1.59,4,0,0
-0.97,0.6,-0.48,-0.92,0.63,0.25,-0.7,0.21,4,0,0
2.67,-1.79,-1.89,-0.55,2.34,1.39,-1.81,2.73,4,0,0
2.18,0.7,-0.97,-0.63,-2.51,-2.41,-1.71,-1.4,4,0,0
-0.35,-2.28,-0.27,-0.78,-0.85,-0.55,0.14,0.41,4,0,0
-1.81,-0.98,1.52,-1.12,1.36,2.77,-0.28,-1.13,4,0,0
1.66,-0.54,-0.55,0.97,-1.6,-0.72,-1.03,0.01,4,0,0
0.66,1.51,-0.45,1.23,1.31,1.86,-0.07,2.82,4,0,0
0.43,-0.71,0.44,0.21,1.07,1.64,0.88,1.14,4,0,0
-2.31,0.44,2.45,0.66,0.46,1.43,1.56,-1.32,4,0,0
-1.5,-2.74,-0.58,-3.65,-1.7,0.23,0.2,-2.17,4,0,0
3.42,-1.78,-1.92,-0.89,-0.8,-3.11,-1.38,2.9,4,0,0
1.72,-1.57,-0.09,-1.17,0.63,-1.45,0.51,3.42,4,0,0
-0.02,-0.54,-1.32,-2.63,4.14,1.68,-0.7,4.3,4,0,0
0.45,0.23,-0.89,-0.42,-0.85,0.18,-1.7,-1.63,4,0,0
1.65,-1.76,-2.5,0.01,-0.91,1.89,-3.27,-2.34,4,0,0
-0.45,0.51,1.96,0.71,0.03,0.37,1.09,0.32,4,0,0
-2.33,-3.2,0.7,-3.29,2.03,3.3,0.58,0.25,4,0,0
-1.31,-1.72,0.76,-1.41,1.88,1.35,0.45,0.46,4,0,0
-0.96,-1.7,2.02,-0.13,-0.46,-0.54,2.37,0.57,4,0,0
-0.45,0.89,2.54,2.26,-2.22,-0.32,1.8,-1.69,4,0,0
-0.17,-1.59,-1.66,-4.39,4.73,0.98,-1.81,0.85,4,0,0
0.24,1.09,0.24,0.49,0.66,1.04,-0.47,1.04,4,0,0
-1.3,1.68,2.83,4.92,-2.38,1.26,1.71,-3.42,4,0,0
-1.01,-1.77,2.47,-1.62,2.25,0.43,1.35,0.5,4,0,0
-1.15,-0.66,0.64,0.18,-0.74,1.54,0.27,-0.69,4,0,0
1.12,0.99,0.77,1.98,-1.56,-1.17,0.81,0.63,4,0,0
-0.48,1.04,-0.92,1.37,0.73,2.98,-0.29,0.12,4,0,0
-1.67,-3.84,0.49,-3.07,3.54,2.42,1.0,1.18,4,0,0
0.22,-2.4,3.64,2.82,-4.47,-1.57,3.77,-3.14,4,0,0
-1.56,1.25,0.79,-0.66,2.72,2.16,-0.58,-0.63,4,0,0
0.72,-0.85,0.54,2.27,-2.97,-1.58,1.35,-0.7,4,0,0
2.1,-4.14,-1.3,-2.79,-0.59,-0.56,-0.8,0.59,4,0,0
-0.02,-0.28,1.85,1.22,-0.63,-1.86,2.88,2.65,4,0,0
1.68,-1.36,-2.4,-0.51,-2.17,0.32,-2.32,-1.55,4,0,0
-1.06,3.43,2.47,1.44,1.19,0.37,1.67,0.54,4,0,0
-0.82,-2.78,1.36,-1.54,-0.97,-0.88,2.8,-0.52,4,0,0
0.72,0.29,-0.11,1.26,-3.68,-2.05,-0.11,-2.21,4,0,0
-1.86,-3.48,-0.94,-2.1,1.71,3.58,-0.43,-1.19,4,0,0
-0.48,1.04,0.29,3.67,-1.72,1.94,0.29,-2.77,4,0,0
-0.45,-4.2,0.89,-2.51,-1.85,0.16,0.09,-4.82,4,0,0
0.06,0.26,0.24,-0.07,-0.43,-0.76,-0.13,0.84,4,0,0
1.29,-0.53,-0.42,-0.25,0.29,-0.12,-0.69,0.09,4,0,0
-1.89,-2.37,1.46,-2.21,1.39,1.01,1.05,-1.01,4,0,0
1.48,-1.26,0.03,-0.96,1.29,-0.69,-1.0,1.47,4,0,0
-1.47,1.1,0.93,-1.55,0.23,-0.51,0.51,-0.72,4,0,0
-0.07,-1.63,-0.88,-2.22,0.79,0.46,-1.28,-0.39,4,0,0
-0.09,1.0,2.79,4.38,-2.09,-0.31,3.08,0.26,4,0,0
1.27,-3.03,-0.94,-0.66,2.61,2.48,0.56,3.54,4,0,0
1.16,0.31,-1.43,0.82,0.36,0.98,-0.04,3.36,4,0,0
2.52,-4.78,-1.82,-2.78,0.26,1.26,-1.24,0.38,4,0,0
0.22,0.35,-0.17,1.61,-2.79,-0.47,0.66,-0.73,4,0,0
-0.68,-1.74,-0.33,0.22,4.07,4.16,0.76,3.0,4,0,0
-2.4,-1.59,-0.68,-3.07,4.51,4.36,-2.22,-0.17,4,0,0
-1.05,-2.87,-0.13,-2.83,1.7,2.78,-0.34,-1.02,4,0,0
0.58,-0.09,0.28,1.04,-2.23,-2.09,1.59,-0.48,4,0,0
2.37,-2.02,-1.93,-1.44,-0.06,-0.1,-0.9,2.24,4,0,0
-1.76,-0.8,3.14,0.39,1.7,0.55,3.3,0.39,4,0,0
-0.3,0.08,-1.65,-0.3,2.28,2.78,-0.45,3.05,4,0,0
0.42,-0.87,0.42,-1.79,1.77,0.57,0.0,-0.97,4,0,0
1.87,0.57,-2.76,0.78,2.52,2.92,-1.87,3.94,4,0,0
-0.33,-1.02,-0.12,-0.82,-0.07,2.08,-0.35,1.07,4,0,0
1.98,-0.78,-0.12,1.45,-3.7,-2.68,1.65,0.99,4,0,0
-2.57,-0.4,2.72,-0.76,2.54,-0.01,2.77,1.13,4,0,0
-0.06,-2.36,-0.15,-1.0,1.0,0.97,-0.1,1.08,4,0,0
1.02,1.77,-1.01,-0.01,-0.08,-0.85,0.61,3.54,4,0,0
2.48,-0.04,-2.01,-0.62,0.1,-1.27,-2.43,1.45,4,0,0
0.06,-0.16,-1.19,0.91,-1.41,1.05,-0.66,-0.07,4,0,0
-1.06,-1.51,3.46,-1.53,1.49,0.39,2.24,0.03,4,0,0
-0.81,-4.86,-0.4,-4.4,2.84,2.66,-2.07,-1.62,4,0,0
-1.7,1.92,3.07,1.57,1.45,0.99,1.89,1.86,4,0,0
0.51,0.19,-0.67,-1.46,-0.55,-0.27,-1.1,-0.17,4,0,0
1.95,-0.4,0.96,0.63,-2.73,-2.85,-0.18,-2.26,4,0,0
-0.81,0.97,1.64,0.7,1.68,0.17,2.35,2.64,4,0,0
-2.02,0.93,0.63,-0.4,2.09,2.18,0.65,0.82,4,0,0
0.58,-3.22,-1.52,-1.52,2.19,2.89,-2.12,0.91,4,0,0
1.62,2.0,-0.77,-0.18,-0.78,0.56,-2.19,-0.35,4,0,0
-1.75,-2.27,0.39,-2.64,-0.94,0.24,0.11,-3.12,4,0,0
-0.99,0.33,2.02,2.45,-4.82,-1.77,3.26,-2.26,4,0,0
2.11,0.85,-0.63,2.1,-0.48,-1.03,-0.85,2.25,4,0,0
-2.36,2.35,1.7,-1.1,0.58,-1.04,2.14,2.48,4,0,0
-0.2,0.3,0.46,0.32,-1.1,-2.07,1.32,1.7,4,0,0
-1.16,-1.28,0.73,-1.19,-0.87,0.64,0.94,-2.83,4,0,0
1.87,-0.54,0.38,2.84,-1.02,-0.07,-0.59,0.59,4,0,0
2.27,0.36,-1.05,2.43,-1.21,0.01,-2.62,-0.49,4,0,0
-0.5,2.29,-2.13,0.51,0.46,2.86,-2.51,0.3,4,0,0
0.23,1.05,0.29,-3.32,-0.26,-2.82,-0.5,0.91,4,0,0
-0.16,-0.79,0.09,-0.87,-1.22,-1.51,1.84,1.56,4,0,0
-0.1,-0.01,-0.23,-0.6,-0.42,0.86,-2.22,-1.66,4,0,0
1.49,1.23,-2.51,0.2,0.5,-0.51,-1.92,3.02,4,0,0
-2.85,-0.15,3.58,1.61,-1.81,-0.08,5.04,-1.13,4,0,0
-0.17,-0.4,0.45,-0.14,-1.92,1.43,-0.23,-2.89,4,0,0
-2.73,-1.25,0.14,-3.75,1.92,1.83,0.53,0.7,4,0,0
-1.73,-1.17,-1.24,-2.13,3.42,3.31,-0.09,3.04,4,0,0
1.81,1.86,-1.94,2.42,3.53,4.72,-3.41,3.01,4,0,0
-1.09,-3.02,-1.63,-2.56,1.07,3.41,-1.56,-1.63,4,0,0
0.35,1.85,-1.57,-1.12,0.49,1.03,-2.02,0.24,4,0,0
-0.4,-0.5,0.11,-1.57,-3.26,-3.32,1.2,-0.37,4,0,0
-1.95,-1.58,1.95,0.63,-1.94,0.86,1.56,-2.96,4,0,0
-0.37,0.19,0.48,-0.52,-1.3,0.03,-0.97,-2.04,4,0,0
2.41,1.42,-3.08,-1.94,1.09,-1.05,-3.78,2.35,4,0,0
-1.23,1.81,3.18,2.59,-1.86,-0.21,1.06,-2.58,4,0,0
-1.93,-2.03,2.41,-0.23,-0.74,0.95,3.08,-1.68,4,0,0
1.0,-0.72,0.14,-0.61,0.88,-0.19,-0.1,0.92,4,0,0
0.3,-2.04,0.35,-0.24,0.41,1.01,0.59,-0.06,4,0,0
0.51,0.61,-0.08,0.41,-2.18,-1.23,-0.62,-0.65,4,0,0
0.29,0.44,-3.25,-1.03,1.57,3.5,-2.81,-0.21,4,0,0
-0.46,0.65,0.9,-0.77,1.85,0.28,-0.97,-1.31,4,0,0
-1.32,-0.92,0.3,1.15,-2.1,1.2,2.54,-1.21,4,0,0
0.74,0.64,-0.49,1.54,0.83,0.98,1.11,2.74,4,0,0
0.24,-2.74,0.09,-2.65,0.35,0.18,-0.41,-1.54,4,0,0
-0.6,-0.52,1.24,-0.43,0.85,1.32,0.31,-0.96,4,0,0
-0.14,1.88,1.9,3.87,-0.99,0.81,1.43,-0.96,4,0,0
1.59,-1.09,-1.07,1.59,-1.72,0.94,-1.63,-0.81,4,0,0
-1.41,-1.2,0.19,-0.7,-0.37,1.55,1.39,-0.18,4,0,0
0.65,0.19,0.24,1.6,-0.59,1.65,-0.12,0.72,4,0,0
-0.54,-2.48,1.27,-1.94,2.22,0.83,0.43,-0.24,4,0,0
-1.29,-0.38,0.93,2.2,-0.3,1.77,1.31,0.54,4,0,0
-1.61,-4.16,0.11,-4.81,1.99,1.58,0.35,-1.99,4,0,0
1.44,0.03,-3.62,-2.25,2.34,2.24,-5.06,0.63,4,0,0
-0.23,-1.89,0.01,0.13,0.63,0.94,0.68,0.27,4,0,0
2.28,1.15,-2.33,-0.27,-0.73,-1.06,-3.4,-0.1,4,0,0
0.58,-0.06,-0.88,0.46,0.98,2.77,-2.0,0.04,4,0,0
-0.61,-1.06,0.55,-0.34,-1.65,-0.8,1.04,-1.86,4,0,0
0.1,-1.05,2.03,1.75,-0.67,1.73,0.07,-1.66,4,0,0
0.39,-0.47,-1.83,-2.3,-0.56,0.58,-2.67,-2.25,4,0,0
-1.36,-2.75,-0.57,-3.51,4.68,4.07,-0.35,3.1,4,0,0
1.37,-1.59,-0.68,-0.8,-1.66,-1.38,-0.02,1.29,4,0,0
0.44,-0.45,-2.0,-0.05,1.48,3.52,-1.09,1.12,4,0,0
1.88,-2.72,0.86,1.02,-2.62,-1.1,1.95,1.56,4,0,0
-0.51,1.34,0.36,0.88,1.02,0.42,1.38,1.15,4,0,0
1.39,-4.22,-1.68,0.12,-4.09,-0.42,-0.29,-2.18,4,0,0
-1.35,-0.35,2.37,0.33,-0.14,0.27,3.1,0.42,4,0,0
-1.52,-1.67,3.12,1.0,-1.09,-1.95,3.5,-0.32,4,0,0
-3.36,-0.93,1.54,-1.48,1.0,0.68,2.46,-0.27,4,0,0
-0.12,-1.52,-0.05,-1.49,-2.16,-0.52,1.61,0.88,4,0,0
-0.9,1.38,-0.2,0.16,-0.44,0.61,-0.7,-1.34,4,0,0
0.69,-1.96,-2.26,-2.51,-0.98,0.07,-0.98,0.7,4,0,0
-1.13,-2.24,0.12,-1.93,0.02,0.3,0.42,-2.52,4,0,0
-0.49,-0.53,0.97,-0.08,0.97,2.04,0.07,0.1,4,0,0
-2.68,-0.97,1.54,-1.33,4.58,2.93,0.97,0.95,4,0,0
-1.04,3.06,0.57,1.75,2.09,3.43,-1.01,1.63,4,0,0
-1.36,-3.74,1.16,-3.15,2.0,2.17,0.41,-2.27,4,0,0
0.58,0.2,-1.46,-0.64,-0.23,0.92,-1.89,0.7,4,0,0
0.84,-0.06,-1.16,-3.57,2.0,-1.47,-2.05,1.89,4,0,0
-3.18,-3.33,1.7,-1.02,1.59,3.69,3.41,-1.03,4,0,0
-0.95,-0.77,1.66,-0.19,1.92,2.13,1.34,1.54,4,0,0
1.98,-0.42,-2.08,-3.95,2.42,-0.24,-4.06,1.82,4,0,0
-0.11,-1.7,1.39,-1.51,1.48,0.83,-0.08,-1.12,4,0,0
-1.94,-1.83,-1.29,-4.33,3.96,3.84,-1.81,-1.16,4,0,0
0.38,-0.71,-1.14,0.42,-1.21,2.37,-1.71,-3.48,4,0,0
0.57,1.68,0.39,-1.07,1.65,0.03,-1.02,0.59,4,0,0
-0.31,-2.28,1.66,0.37,0.19,0.48,3.17,0.53,4,0,0
-0.84,-0.25,3.21,2.99,-0.5,-1.65,2.69,-0.75,4,0,0
-0.4,-0.14,0.54,0.27,-1.33,-0.38,-0.08,-0.79,4,0,0
-0.87,-0.21,0.79,0.62,-2.48,0.62,0.91,-1.01,4,0,0
-1.08,0.66,0.17,0.24,0.77,3.27,-1.42,-2.55,4,0,0
-0.86,-0.92,0.09,-2.84,4.64,1.52,-0.55,3.08,4,0,0
-1.35,2.36,1.57,-0.25,2.21,2.68,0.33,0.76,4,0,0
2.47,-0.54,-0.1,5.13,-7.66,-2.02,1.36,-3.06,4,0,0
-2.15,0.62,2.96,-0.93,-0.21,-0.32,1.03,-3.02,4,0,0
1.96,1.86,-0.73,0.73,-2.1,-1.49,-1.26,-0.24,4,0,0
2.48,-2.57,1.3,1.32,-3.64,-3.4,0.84,-1.69,4,0,0
-0.95,-2.85,-0.54,-3.87,1.72,-0.39,0.39,1.37,4,0,0
-2.96,-3.65,0.87,-3.55,0.54,1.56,2.05,-1.67,4,0,0
-1.23,0.52,0.01,-0.82,1.95,2.2,-0.68,-0.9,4,0,0
-0.59,1.12,-0.88,-0.48,0.87,1.71,-1.97,-0.28,4,0,0
-0.78,0.6,2.71,1.98,-0.28,1.59,2.15,-0.89,4,0,0
0.28,3.8,1.03,3.1,0.06,0.98,0.97,1.02,4,0,0
1.81,-1.41,-0.37,0.9,0.15,0.3,-0.04,1.58,4,0,0
1.05,-0.37,-1.79,-2.35,2.82,0.97,-1.92,-0.11,4,0,0
-2.24,-0.73,0.16,-1.03,1.79,3.52,-0.25,-0.39,4,0,0
0.55,-1.47,1.16,2.43,-0.17,0.58,1.66,0.43,4,0,0
-1.03,-0.64,3.94,-0.5,2.11,-0.28,3.4,1.05,4,0,0
0.25,0.23,-0.56,-0.63,0.84,1.29,-1.85,-0.75,4,0,0
0.14,0.22,2.29,0.63,-0.35,-1.98,3.61,3.18,4,0,0
0.34,1.32,2.48,4.32,-1.17,1.29,1.61,-1.32,4,0,0
1.38,-1.97,-1.23,-1.03,2.44,1.9,-1.2,3.14,4,0,0
0.5,-0.4,-0.84,1.12,-1.02,0.28,-0.33,0.18,4,0,0
-0.04,0.46,1.55,0.56,-0.4,-1.16,-0.17,-2.52,4,0,0
-1.44,-2.5,1.3,-2.24,-0.28,-0.56,2.44,0.27,4,0,0
1.84,1.55,-0.34,1.15,0.78,0.75,-2.09,0.6,4,0,0
-1.15,1.97,1.19,0.38,1.4,0.19,2.52,1.65,4,0,0
-3.62,1.06,4.9,-0.07,5.34,1.3,3.1,2.59,4,0,0
1.78,3.57,0.44,3.62,0.36,0.16,-0.23,0.61,4,0,0
-0.9,-1.58,1.29,1.42,-2.3,-0.67,2.04,-1.66,4,0,0
1.9,-0.47,-0.81,-0.41,-0.78,0.71,-1.61,0.22,4,0,0
0.24,-0.93,-0.33,0.31,3.64,3.91,-0.67,3.65,4,0,0
-0.29,-2.47,-1.44,-2.73,1.14,2.06,-0.22,2.16,4,0,0
0.39,-0.15,-1.85,-0.85,-1.75,-0.4,0.38,0.66,4,0,0
0.17,-2.08,-1.4,-3.13,-0.37,-0.61,-1.01,-1.43,4,0,0
2.17,-4.39,-1.92,-3.74,-0.14,-1.31,-1.23,1.5,4,0,0
1.09,-0.59,-0.25,0.92,0.49,2.38,-1.05,0.26,4,0,0
2.17,-0.04,-0.19,2.54,-3.92,-1.99,0.25,-1.64,4,0,0
-1.44,-5.82,1.33,-0.78,-0.49,2.43,1.3,-3.43,4,0,0
1.01,0.19,-3.0,-2.48,0.9,1.72,-3.86,-0.2,4,0,0
-0.56,-0.1,-0.5,0.86,-1.91,0.77,0.75,-0.73,4,0,0
0.17,-0.92,-1.31,-2.97,3.04,2.12,-1.26,2.98,4,0,0
-0.64,0.92,2.46,1.75,1.59,1.04,2.35,3.5,4,0,0
-2.13,-0.23,1.87,-1.38,-1.98,-0.88,1.46,-2.29,4,0,0
-0.76,-1.5,0.37,-0.5,0.7,1.89,1.31,1.58,4,0,0
1.37,1.13,1.16,1.1,-3.17,-3.09,0.88,-1.02,4,0,0
0.56,-3.14,-0.99,-2.07,0.13,0.25,-0.56,0.09,4,0,0
-0.07,-1.39,-1.81,-2.56,3.49,2.19,-1.06,2.94,4,0,0
-0.23,-2.69,0.61,-0.33,-0.63,0.69,0.88,-1.98,4,0,0
-3.32,3.01,2.85,-0.2,2.54,1.52,2.93,1.57,4,0,0
1.4,0.01,-1.85,-1.88,-0.83,-1.19,-1.52,0.01,4,0,0
-3.17,1.14,2.0,-2.7,1.41,-0.58,1.59,0.09,4,0,0
0.28,0.55,-0.94,0.17,3.32,2.28,-1.37,1.34,4,0,0
-0.33,-1.67,-1.92,-4.31,-0.03,0.05,-2.03,-1.34,4,0,0
-0.2,0.62,-1.04,0.01,2.35,3.67,-1.66,1.55,4,0,0
-1.93,-0.13,1.74,1.91,-0.66,1.25,1.97,-0.95,4,0,0
0.08,2.23,2.98,4.22,-4.03,-1.08,3.14,-2.3,4,0,0
-1.54,-0.64,5.06,2.73,1.3,0.94,3.84,-1.88,4,0,0
1.12,1.05,-1.91,0.14,1.9,2.5,-0.36,6.42,4,0,0
0.0,-0.4,-0.94,-1.1,0.91,1.14,-0.45,1.03,4,1,1
-0.55,0.92,-0.11,-0.0,0.5,1.29,-2.19,-1.82,4,0,0
-0.37,-1.92,-2.94,-1.95,2.39,3.38,-1.23,2.63,4,0,0
-1.48,-4.05,2.04,-3.49,2.92,0.54,0.4,-1.37,4,0,0
0.36,-0.5,0.33,0.31,-0.88,-1.3,0.01,-0.22,4,0,0
1.31,-2.23,-0.93,-3.48,2.44,-0.75,0.33,3.71,4,0,0
-0.92,-0.51,1.03,-1.73,-2.63,-2.49,-0.45,-4.48,4,0,0
1.0,-1.1,-0.22,-1.67,0.15,0.73,-0.53,0.18,4,0,0
-2.54,-1.83,4.16,-0.7,1.3,0.09,4.3,1.09,4,0,0
-0.19,0.83,-0.16,-0.14,-2.2,0.01,0.6,0.31,4,0,0
-0.01,1.3,0.64,-0.3,2.23,0.82,-0.05,2.44,4,0,0
-0.7,-0.25,0.29,-2.19,1.46,0.24,0.34,2.3,4,0,0
1.32,-0.72,1.49,2.04,-2.22,-1.85,1.71,0.12,4,0,0
-1.16,-2.6,0.19,-1.25,-0.13,0.95,0.88,-1.7,4,0,0
1.26,-0.67,-0.89,-0.28,2.93,3.39,-1.68,2.54,4,0,0
1.28,0.68,-1.6,-1.6,-0.02,-1.13,-2.83,1.76,4,0,0
-0.15,-0.54,0.06,0.89,-2.33,-0.13,0.17,-1.01,4,0,0
0.27,-1.3,-0.66,-1.25,3.04,2.73,-1.83,1.92,4,0,0
0.79,0.23,0.14,2.9,-0.36,1.8,-1.82,-2.12,4,0,0
-1.27,-0.71,1.5,-0.31,-0.26,-1.02,3.74,2.61,4,0,0
2.65,-3.76,-2.79,-2.04,-0.57,0.7,-2.29,0.97,4,0,0
-1.58,0.37,1.02,-0.65,1.3,1.57,1.27,1.84,4,0,0
-0.12,1.12,0.75,1.6,-3.13,-0.67,0.34,-1.57,4,0,0
0.5,0.82,2.16,2.95,0.09,-0.01,2.69,1.08,4,0,0
1.12,0.07,-3.02,-2.84,2.69,0.99,-3.9,0.91,4,0,0
0.72,0.45,-2.09,-1.62,3.08,1.9,-1.95,2.85,4,0,0
-0.07,-0.92,-0.94,-0.72,1.38,1.67,-0.99,0.1,4,0,0
-0.09,-1.17,-1.24,0.56,0.19,2.54,-0.54,0.47,4,0,0
0.38,-3.19,-1.14,-2.05,0.79,2.18,-0.35,0.23,4,0,0
-0.95,-1.63,1.01,-1.83,0.76,0.06,1.88,1.4,4,0,0
-1.2,-0.05,1.22,-0.85,1.22,1.15,0.86,0.02,4,0,0
1.55,-0.29,-1.31,-0.65,-0.8,-1.2,-1.41,1.26,4,0,0
0.34,0.67,-1.04,-0.87,3.15,0.19,-0.44,5.18,4,0,0
0.08,-0.29,0.65,1.37,1.5,1.07,0.68,2.33,4,0,0
-0.0,-0.72,-0.08,-0.9,1.68,-0.34,1.25,2.06,4,0,0
-0.57,-2.31,2.61,-0.27,-3.63,-1.45,1.17,-3.54,4,0,0
2.31,0.9,-2.0,-0.63,1.53,0.42,-3.46,1.68,4,0,0
-0.49,0.46,0.55,0.39,-3.63,-2.35,1.3,-2.94,4,0,0
1.38,-0.86,0.75,1.94,1.4,0.96,-0.33,1.62,4,0,0
1.27,1.39,-1.45,-1.27,-0.15,0.14,-2.84,-0.7,4,0,0
-0.76,-0.73,-0.05,-1.9,1.18,0.45,-0.6,-0.27,4,0,0
-0.72,2.91,-1.27,-2.01,4.59,2.9,-3.27,0.34,4,0,0
0.68,1.47,0.29,0.37,0.18,0.85,-2.36,-1.67,4,0,0
0.43,2.08,0.84,1.38,-1.34,-2.24,1.76,1.34,4,0,0
0.25,-0.39,0.52,0.55,-0.06,1.3,0.05,-0.22,4,0,0
0.49,-0.76,-2.71,-3.32,3.34,1.85,-2.8,1.87,4,0,0
1.98,-0.67,-1.98,1.58,-2.29,-0.04,-1.64,0.32,4,0,0
-1.01,-0.4,-1.51,-4.91,2.62,2.0,-3.07,-0.12,4,0,0
2.54,1.31,-2.88,-0.73,-0.43,-0.16,-3.38,2.28,4,0,0
2.0,0.92,-4.32,-2.53,3.07,2.54,-3.19,4.86,4,0,0
0.83,-0.04,1.95,2.64,0.24,0.39,1.68,0.36,4,0,0
2.15,2.11,0.15,3.81,0.08,0.92,-1.63,0.38,4,0,0
-1.59,1.01,3.72,1.32,-1.34,-1.4,4.26,-0.54,4,0,0
1.04,-3.28,0.84,-2.34,-0.94,-2.71,0.26,1.36,4,0,0
1.04,0.74,1.29,1.93,-0.96,0.07,0.46,-0.73,4,0,0
-0.99,-2.13,-0.93,-3.44,1.14,2.7,-2.06,-2.52,4,0,0
1.11,0.57,1.29,0.52,-1.19,-1.95,-0.42,0.2,4,0,0
1.75,1.55,-0.42,-0.83,1.75,-0.77,-1.1,2.07,4,0,0
0.23,0.41,1.53,0.68,0.8,0.16,0.73,0.15,4,0,0
-3.83,-1.14,1.93,-3.47,4.03,3.21,1.91,1.76,4,0,0
-0.79,1.52,-0.99,-0.77,3.31,3.56,-1.5,2.47,4,0,0
-2.71,-2.12,1.34,-3.98,4.32,1.3,1.43,1.04,4,0,0
1.62,-1.86,-5.61,-3.67,2.8,2.57,-4.99,1.09,4,0,0
-1.08,1.21,2.4,0.87,2.8,2.47,-0.2,-0.67,4,0,0
-0.1,-1.9,0.36,-0.11,2.54,2.2,-0.22,1.74,4,0,0
-1.45,-2.67,2.09,-2.36,2.41,1.48,3.27,0.24,4,0,0
-1.72,-2.01,0.72,-3.45,0.22,-0.61,1.62,-0.07,4,0,0
-2.27,-1.85,-0.05,-2.77,2.82,2.17,1.65,2.87,4,0,0
2.39,2.37,1.55,1.54,0.36,-1.6,-0.65,1.62,4,0,0
-0.43,-0.55,-0.9,-2.24,1.63,0.77,-0.26,1.54,4,0,0
0.35,0.67,-1.05,-3.09,2.68,0.75,-1.26,2.84,4,0,0
1.5,1.48,-2.51,-1.58,-0.57,-0.65,-1.93,3.07,4,0,0
-1.78,2.3,-0.42,-1.13,2.76,3.1,-0.77,1.88,4,0,0
-1.1,1.37,1.14,1.45,-0.95,0.85,2.37,1.79,4,0,0
2.25,1.91,-1.26,3.28,-3.55,0.07,-0.84,-0.26,4,0,0
1.65,-0.18,-1.64,-1.43,0.19,1.59,-3.16,-0.6,4,0,0
-3.31,-1.7,1.37,-1.97,2.79,2.85,1.36,0.32,4,0,0
0.02,-2.52,1.53,0.55,-0.48,-0.31,1.39,-0.44,4,0,0
-1.67,1.59,2.34,2.83,-0.47,1.69,2.8,-0.1,4,0,0
0.49,2.36,3.31,4.79,-5.0,-2.16,3.56,-2.25,4,0,0
-1.62,-1.62,4.07,-1.01,-1.54,-3.72,2.93,-1.47,4,0,0
-0.75,1.38,0.89,-0.02,4.7,1.86,0.15,3.38,4,0,0
-2.96,-1.1,-0.61,-3.76,4.08,3.39,0.11,2.47,4,0,0
0.53,-0.33,-1.82,-0.22,0.65,1.22,-0.21,2.27,4,0,0
0.5,1.13,0.84,0.17,0.03,-0.89,0.59,0.43,4,0,0
-0.39,2.21,2.01,2.35,-1.75,-1.03,0.43,-1.13,4,0,0
-0.8,-2.98,-0.11,-0.36,0.24,0.37,2.08,0.6,4,0,0
2.69,-1.43,-1.12,0.04,0.5,-1.5,-0.34,2.95,4,0,0
1.11,-0.1,-0.23,-0.5,0.46,-1.1,-1.4,2.31,4,0,0
1.73,-1.36,-1.51,-0.06,0.18,0.98,-0.28,3.85,4,0,0
0.93,1.02,-1.17,1.58,-0.47,0.27,-0.91,1.15,4,0,0
-0.26,-0.17,0.09,2.56,0.74,1.2,1.14,2.41,4,0,0
1.05,-0.31,1.54,2.39,-1.4,0.06,1.92,1.05,4,0,0
0.65,-1.09,-0.45,-1.13,1.16,1.09,-0.07,1.18,4,0,0
0.52,-0.23,-0.55,-1.25,-0.12,0.27,-0.1,1.23,4,0,0
1.23,0.24,0.16,0.94,-5.08,-3.5,-0.62,-4.34,4,0,0
2.63,3.49,-4.13,1.19,0.63,2.1,-4.83,2.05,4,0,0
0.52,-0.85,-0.55,0.58,-0.09,1.29,0.01,1.55,4,0,0
0.31,0.75,0.6,0.81,-4.08,-0.52,0.64,-2.16,4,0,0
0.4,0.78,0.23,-0.04,-0.39,0.19,-0.92,-1.45,4,0,0
-3.31,-4.96,3.21,-1.76,0.14,0.78,5.0,-1.44,4,0,0
-3.5,-0.46,2.28,-2.05,2.3,1.97,2.28,0.17,4,0,0
0.44,-0.45,0.15,0.06,-0.24,-1.14,0.91,1.81,4,0,0
-2.45,2.33,1.91,-2.29,4.17,1.43,-0.38,1.17,4,0,0
-3.77,-2.49,3.35,-0.79,0.22,1.82,3.76,-3.24,4,0,0
1.74,1.04,1.05,0.83,-0.3,-0.7,0.35,1.81,4,0,0
0.88,-1.41,-2.0,-1.08,0.06,1.17,-1.79,0.31,4,0,0
-1.43,1.1,4.7,1.63,-1.09,-0.99,4.32,-0.64,4,0,0
2.12,-2.56,-1.81,0.31,-0.81,-1.2,-0.12,0.06,4,0,0
-1.43,-1.37,1.0,-0.12,-0.22,0.91,2.75,0.03,4,0,0
1.92,3.11,-2.76,-1.34,0.54,-2.26,-2.99,3.32,4,0,0
-2.73,-1.54,3.46,-0.78,1.08,0.3,4.46,-0.43,4,0,0
1.71,0.17,1.08,1.46,0.02,-1.12,1.27,0.55,4,0,0
1.65,-0.22,-1.41,-0.57,-0.24,-0.99,-0.35,2.19,4,0,0
-1.84,-2.91,-0.03,-2.2,2.18,3.75,0.56,-0.85,4,0,0
-0.7,2.2,0.95,3.04,-1.73,2.11,1.06,0.26,4,0,0
0.72,-2.8,1.52,0.93,-0.3,0.5,0.91,-0.61,4,0,0
-0.34,-0.85,-1.2,-2.09,0.12,-0.57,-0.5,1.02,4,0,0
-1.66,-0.26,1.81,-1.51,3.24,1.35,1.05,0.83,4,0,0
0.36,-1.08,-1.83,-2.0,1.84,1.91,-1.35,1.04,4,0,0
-3.55,-2.3,3.43,-1.45,2.57,2.49,2.33,-2.83,4,0,0
1.41,0.14,0.67,2.09,1.4,1.63,0.71,3.03,4,0,0
-1.12,-2.13,0.37,-1.74,2.03,2.34,0.21,1.6,4,0,0
0.06,0.33,1.2,0.24,0.44,0.29,1.07,0.65,4,0,0
1.19,-0.31,-0.27,1.84,-1.21,0.11,-0.88,0.43,4,0,0
-1.02,-1.36,0.03,-2.1,-0.31,1.92,-1.03,-2.61,4,0,0
1.63,-1.5,-0.48,-1.07,-0.38,-2.0,-0.9,0.42,4,0,0
-2.39,-0.48,0.76,-2.58,4.42,3.13,1.73,4.31,4,0,0
0.16,-2.33,-0.22,-2.21,2.96,0.42,0.35,1.63,4,0,0
-1.29,-2.97,0.09,-3.89,1.92,0.18,1.06,0.8,4,0,0
-2.61,-0.67,2.45,-0.78,4.33,1.23,4.14,5.14,4,0,0
-0.34,2.28,-0.45,0.83,-0.45,3.15,-0.09,1.58,4,0,0
1.32,-3.72,-0.87,-3.41,-0.45,-1.06,-0.51,-1.03,4,0,0
-0.87,-2.69,-0.31,-2.54,2.09,2.06,0.79,1.42,4,0,0
0.61,-1.13,1.29,1.1,-0.63,-1.85,1.98,1.1,4,0,0
-1.67,-1.19,1.9,-1.18,1.03,0.71,3.03,2.55,4,0,0
1.34,0.13,-0.05,2.36,-1.81,-0.87,-0.15,0.34,4,0,0
-1.54,-2.82,0.3,-3.26,-1.2,-1.56,0.71,-2.01,4,0,0
-0.54,-1.97,0.52,0.06,-1.38,0.38,1.1,-1.05,4,0,0
0.44,-3.06,-2.47,-5.21,2.32,0.84,-1.43,3.07,4,0,0
1.84,-0.19,0.18,1.36,-4.58,-2.44,0.01,-1.37,4,0,0
0.42,-1.44,-0.24,-0.61,0.6,0.93,-0.58,0.66,4,0,0
0.15,1.86,-0.05,1.73,-4.2,-0.39,-1.17,-2.89,4,0,0
1.29,-1.81,-2.68,-1.43,-2.0,1.51,-2.92,-2.81,4,0,0
0.65,-0.69,0.09,0.0,1.43,1.33,0.73,3.11,4,0,0
-1.34,0.32,1.53,0.66,1.21,0.97,1.42,0.39,4,0,0
-0.9,1.37,1.51,0.65,-0.02,1.25,0.96,-0.59,4,0,0
1.48,0.38,-2.51,-1.96,2.19,1.03,-2.82,2.8,4,0,0
-1.14,1.27,4.23,2.37,-3.07,-1.48,2.9,-3.31,4,0,0
0.82,1.04,-0.33,-0.24,-2.76,-2.81,-0.98,-2.77,4,0,0
-1.24,0.34,1.97,-0.35,1.4,-0.05,1.3,0.49,4,0,0
-1.51,0.1,1.79,0.3,-0.74,-0.32,2.53,-0.27,4,0,0
-1.32,0.19,0.94,-3.45,2.48,-0.09,-0.35,-0.04,4,0,0
-0.86,-1.83,2.09,-1.46,0.49,-0.1,1.65,0.33,4,0,0
0.26,0.91,0.38,-0.13,-0.51,-0.21,-1.52,-1.37,4,0,0
0.2,-0.42,-0.81,0.43,0.02,1.83,-0.85,-1.34,4,0,0
2.59,-1.09,1.2,0.46,-3.07,-3.46,-0.56,-2.32,4,0,0
2.37,-0.27,-0.14,1.67,-0.14,0.49,-0.97,1.33,4,0,0
0.87,0.58,0.47,4.47,-1.83,1.29,0.84,0.66,4,0,0
-0.91,-1.74,-0.02,-2.86,2.76,2.88,-1.14,0.2,4,0,0
0.64,0.45,-0.66,-0.92,-0.34,-1.19,-2.35,0.19,4,0,0
-1.86,-0.19,1.1,-0.2,1.31,1.78,1.1,0.53,4,0,0
-1.92,-3.4,1.23,-2.39,3.85,2.56,2.05,1.79,4,0,0
-0.43,-2.39,2.72,0.65,-0.94,-0.5,2.97,-1.77,4,0,0
1.08,-2.39,-0.71,0.48,-0.27,2.03,-0.18,-0.12,4,0,0
1.06,-3.62,1.3,0.11,-2.02,-1.92,2.14,-0.61,4,0,0
1.26,-1.24,-1.79,-1.9,0.92,-0.83,-1.61,0.55,4,0,0
-1.92,0.3,-0.08,0.97,-0.52,3.35,0.12,-2.97,4,0,0
-1.08,-0.72,1.27,-0.35,0.87,-0.89,2.34,2.8,4,0,0
0.49,-1.46,-0.25,-1.74,1.11,0.45,-1.55,-1.15,4,0,0
0.25,3.35,-0.54,1.51,0.87,1.54,-0.54,2.82,4,0,0
0.99,2.08,-0.11,0.37,-2.01,-1.88,-0.07,-0.94,4,0,0
-0.31,-1.5,0.92,-2.27,0.22,-0.29,0.67,-0.17,4,0,0
0.68,-1.26,1.05,-0.44,1.12,-0.77,1.46,1.75,4,0,0
-2.83,0.41,4.1,2.91,1.44,3.46,3.93,0.88,4,0,0
-1.19,0.85,0.43,0.05,0.9,2.56,-1.37,-2.94,4,0,0
-1.84,1.09,1.52,-1.85,0.37,-0.6,0.85,-1.2,4,0,0
-0.23,-3.54,-1.41,-2.29,0.15,1.1,0.97,2.5,4,0,0
1.44,0.36,-0.89,1.37,-0.54,0.86,0.54,1.29,4,0,0
-0.28,-0.74,1.74,0.77,-1.86,-1.93,2.18,-2.16,4,0,0
-0.11,0.46,1.7,0.85,0.85,1.85,0.47,0.22,4,0,0
0.77,-1.87,-4.22,-3.44,-0.07,1.79,-4.5,-1.11,4,0,0
-0.45,1.8,0.92,-0.86,1.58,0.4,0.38,2.9,4,0,0
1.77,-1.13,-0.94,0.47,-3.05,-3.07,-0.2,0.19,4,0,0
-5.07,1.08,3.77,0.47,1.68,2.25,4.71,0.86,4,0,0
-0.03,1.58,-1.15,-2.33,0.92,0.48,-1.84,1.16,4,0,0
-0.06,3.27,0.24,0.04,0.51,-0.76,-0.46,-0.98,4,0,0
0.44,-2.38,-0.61,-0.75,-1.53,-1.39,-0.66,-1.82,4,0,0
-1.48,-2.23,0.5,-2.77,0.23,0.99,0.22,-1.04,4,0,0
-1.48,-0.17,3.06,1.31,1.86,1.94,2.7,0.04,4,0,0
2.5,-1.06,-1.21,0.85,-3.66,-0.28,-0.5,-1.49,4,0,0
-0.97,0.38,2.16,1.33,-2.07,0.13,0.25,-3.55,4,0,0
-0.77,-3.31,1.02,-2.29,0.95,0.02,0.86,-0.28,4,0,0
0.78,-2.5,-0.04,-1.08,-0.23,-0.02,0.2,2.24,4,0,0
-1.1,0.1,0.81,-0.87,2.36,1.18,1.53,2.94,4,0,0
-0.97,0.48,-0.05,-0.65,0.62,2.53,-0.02,0.88,4,0,0
-0.28,-0.74,1.93,-1.19,-1.89,-2.88,2.32,-0.24,4,0,0
2.99,1.25,-1.29,1.31,-0.86,-1.45,-1.24,2.69,4,0,0
0.11,-4.28,-0.84,-2.05,1.95,2.07,-0.2,-0.01,4,0,0
1.34,-0.92,0.69,-0.62,-2.18,-4.86,1.54,1.31,4,0,0
2.18,-3.18,0.55,-0.06,-3.48,-2.3,0.16,-2.15,4,0,0
0.83,-2.75,-0.28,-0.75,1.76,-0.79,1.21,2.9,4,0,0
-2.28,-4.04,0.42,-4.67,1.61,1.91,-0.55,-2.11,4,0,0
0.26,-4.38,-0.38,-2.49,-0.57,-0.68,1.26,0.06,4,0,0
0.15,0.63,-1.79,0.4,-0.39,1.43,-0.94,0.58,4,0,0
-0.4,-1.92,0.07,-5.15,3.16,0.6,-0.48,2.94,4,0,0
0.06,-0.13,1.03,0.4,-3.31,-2.01,2.72,-0.2,4,0,0
-2.31,0.23,2.44,-1.33,3.25,2.0,1.76,1.59,4,0,0
-0.09,-0.02,-0.62,-0.24,2.1,2.3,-1.21,1.32,4,0,0
0.15,-1.37,1.72,0.02,-3.07,-2.09,2.24,-2.0,4,0,0
-0.84,0.54,0.25,0.31,0.85,0.88,0.83,1.87,4,0,0
-0.61,1.93,1.73,1.63,0.64,1.37,0.67,0.19,4,0,0
2.69,2.39,-0.77,1.74,-2.31,-1.25,-1.92,0.47,4,0,0
-1.78,0.02,0.87,1.31,-0.99,1.14,2.09,-0.62,4,0,0
-0.24,0.72,0.97,2.13,0.9,3.49,0.77,0.49,4,0,0
1.53,0.39,-2.37,0.58,0.76,1.75,-1.93,1.33,4,0,0
-2.28,-2.8,2.89,-1.6,1.14,0.27,2.5,-0.82,4,0,0
-1.9,-1.39,0.19,-2.12,2.05,1.16,1.48,0.47,4,0,0
1.77,-1.23,-2.81,-2.95,3.86,1.23,-2.39,3.12,4,0,0
-0.5,-1.75,-0.72,-2.28,-0.18,0.9,-1.43,-2.35,4,0,0
-0.57,-1.11,1.19,-2.46,1.56,-0.31,-0.09,-0.3,4,0,0
0.47,-0.66,-0.55,-0.34,1.94,2.91,-1.81,0.39,4,0,0
-0.06,-2.22,0.19,-0.95,1.86,0.29,0.31,2.14,4,0,0
-0.83,1.0,1.35,-0.55,2.25,0.5,1.7,2.58,4,0,0
-3.77,-1.69,2.03,-2.41,0.89,1.88,1.72,-2.63,4,0,0
2.42,-1.58,-1.52,-0.21,-0.83,0.12,-0.67,0.06,4,0,0
0.07,-2.33,-0.15,-0.45,0.35,0.75,1.11,2.65,4,0,0
0.92,-1.52,-0.33,-1.8,-0.7,-1.7,-1.31,-0.97,4,0,0
-1.0,-2.2,2.61,-0.42,2.64,2.61,2.5,-0.34,4,0,0
-1.69,-0.34,1.46,1.89,-0.73,1.07,1.82,-0.76,4,0,0
-0.13,-0.36,0.0,-0.57,0.96,-0.19,0.46,0.91,4,0,0
0.07,0.9,-1.1,0.02,2.7,2.91,-2.01,1.06,4,0,0
-0.18,0.47,-0.65,-0.08,2.71,3.92,-1.23,2.27,4,0,0
-2.28,-0.14,1.67,-0.33,2.57,2.58,1.61,0.57,4,0,0
-0.54,-1.52,-1.07,-2.47,-0.9,0.5,-0.35,-1.65,4,0,0
-0.05,-2.26,1.24,-1.89,0.83,-0.64,2.17,2.4,4,0,0
1.1,1.43,2.94,4.37,-4.32,-2.47,2.22,-2.54,4,0,0
-0.46,-1.92,-1.36,-4.62,4.01,1.88,-3.08,0.68,4,0,0
-1.65,0.76,1.72,0.65,2.84,2.9,1.71,2.36,4,0,0
