@relation SyntheticData-N_600-D_16-Nmin_140-Zmin_8-CL_2_1-R_0
@attribute X0 real [-6.82, 8.22]
@attribute X1 real [-8.84, 9.02]
@attribute X2 real [-6.72, 6.97]
@attribute X3 real [-6.48, 6.83]
@attribute X4 real [-6.94, 6.65]
@attribute X5 real [-7.09, 7.46]
@attribute X6 real [-7.25, 10.70]
@attribute X7 real [-6.81, 8.66]
@attribute X8 real [-7.91, 6.80]
@attribute X9 real [-7.73, 6.74]
@attribute X10 real [-7.10, 8.21]
@attribute X11 real [-7.18, 6.57]
@attribute X12 real [-7.51, 7.06]
@attribute X13 real [-6.63, 7.02]
@attribute X14 real [-6.14, 5.33]
@attribute X15 real [-8.36, 5.80]
@attribute cluster_idx {0,1,2}
@attribute is_noise {0,1}
@attribute Class {0,1}
@inputs X0,X1,X2,X3,X4,X5,X6,X7,X8,X9,X10,X11,X12,X13,X14,X15,cluster_idx,is_noise
@output Class
@data
-0.68,0.74,-0.03,-0.65,1.44,0.45,-0.86,1.86,-3.04,-0.16,3.24,-0.07,1.28,0.0,1.61,-0.12,0,0,1
0.37,1.91,-0.96,4.77,-1.76,-0.82,1.77,-1.92,-0.85,0.23,-2.52,1.55,-3.08,1.24,0.86,0.06,0,0,1
-0.79,1.21,-0.84,-1.06,-0.04,0.84,-0.1,-2.94,-3.81,-0.16,0.74,-1.22,-1.38,-1.31,-0.46,-0.51,0,0,1
-0.44,1.05,1.07,1.99,0.29,0.82,-1.17,-0.87,0.17,2.32,-4.16,0.39,-3.03,2.46,-1.8,0.84,0,0,1
0.09,2.34,-2.39,-0.49,-1.32,4.17,0.48,1.4,0.3,3.24,1.45,-1.08,0.93,-0.04,2.54,-0.08,0,0,1
-0.71,2.54,-1.76,2.3,-3.66,0.48,1.08,-1.96,-0.36,2.57,-2.89,-1.43,-2.31,0.42,-1.35,-1.8,0,0,1
-0.77,-0.99,3.4,0.11,1.75,-1.48,-2.84,-1.8,0.25,0.36,0.93,2.96,-1.3,2.44,2.44,1.57,0,0,1
-0.91,3.09,1.67,-0.35,0.4,3.28,0.72,0.64,1.0,1.51,-1.42,3.25,-1.12,0.21,3.24,2.04,0,0,1
0.44,1.79,-1.7,0.89,0.13,-0.73,0.89,3.03,0.82,-2.38,-2.94,1.4,0.28,-2.83,-0.17,-3.67,0,0,1
0.77,-2.34,-2.87,3.11,-1.06,-0.84,-2.87,-3.57,0.74,0.41,-2.1,-3.97,-3.44,2.54,0.38,0.08,0,0,1
3.04,1.33,-1.23,0.17,0.23,-3.63,0.15,-2.09,-1.46,0.26,0.03,2.41,-0.11,1.9,1.95,0.03,0,0,1
3.13,2.75,-3.26,2.52,-2.63,-6.72,-2.69,-3.3,0.0,-1.07,-1.88,2.76,1.25,1.82,-1.76,-0.2,0,0,1
-0.93,-0.19,4.03,-1.63,5.5,0.73,1.96,3.21,-3.92,0.41,1.53,0.47,-0.44,-2.58,-0.94,-2.87,0,0,1
1.38,0.71,-2.48,2.49,-2.75,-3.52,0.9,1.95,0.69,-1.16,-1.73,-0.96,2.67,-0.43,-0.33,-3.86,0,0,1
-0.24,0.93,-0.69,2.15,-1.84,0.75,2.13,0.12,0.6,-0.99,-2.25,1.3,-0.62,-0.84,-0.74,-0.93,0,0,1
1.83,1.84,-2.44,1.81,-3.68,2.18,0.52,-0.93,0.08,2.27,-1.11,-3.66,1.48,-0.26,-0.17,1.36,0,0,1
6.29,1.23,-4.41,1.31,-3.34,-5.85,0.85,-1.18,3.9,-0.59,-2.15,-1.54,6.18,-1.83,-2.58,-1.79,0,0,1
-1.94,-1.32,2.6,3.75,1.53,-0.01,-1.79,1.24,1.12,0.83,0.11,2.14,-3.02,0.76,0.47,-2.2,0,0,1
1.63,1.51,-2.74,3.5,-0.96,-1.51,0.26,0.73,0.9,-0.21,-2.04,-0.05,-0.89,-2.07,-1.28,-3.62,0,1,0
-0.99,-1.31,-2.26,-0.6,-2.42,1.56,0.35,-0.5,2.97,-1.25,0.97,-2.33,0.18,-0.37,4.46,0.6,0,0,1
-1.19,1.91,4.31,2.43,2.66,2.6,-2.07,-3.54,-1.34,5.86,-5.44,2.49,-7.51,3.62,-1.47,0.31,0,0,1
-1.44,-1.54,0.46,1.57,0.13,0.36,-3.61,-3.6,2.79,-0.41,-6.63,1.07,-4.34,5.1,0.65,2.24,0,0,1
4.52,0.62,-2.52,-3.51,2.62,-1.59,0.42,-0.79,-1.73,1.45,4.6,0.07,2.67,0.05,0.29,2.24,0,0,1
-1.52,-1.65,4.69,0.05,0.94,1.51,-1.17,0.07,-3.16,-0.46,0.37,0.51,-0.96,0.9,1.31,0.59,0,0,1
0.27,2.56,0.63,0.95,3.43,1.78,-0.84,-6.73,-1.91,4.12,-3.21,-1.68,-4.36,-0.72,-1.67,1.19,0,0,1
2.16,-0.39,-1.51,1.96,0.82,0.45,1.37,3.25,-0.65,2.85,3.17,-1.26,0.5,0.2,0.83,-2.5,0,0,1
2.61,-1.53,-5.55,-0.78,-2.65,0.3,0.63,-1.15,1.56,-0.06,1.25,-2.99,0.67,2.16,0.49,2.47,0,0,1
2.13,-0.55,-1.1,0.78,-1.75,-0.32,-0.08,-1.14,2.32,1.26,-1.31,-1.53,1.55,1.27,-0.14,1.29,0,0,1
-1.0,0.98,-0.55,-1.31,-1.39,5.43,4.19,5.63,1.84,-1.89,-4.41,1.02,1.57,-1.34,0.6,-1.05,0,0,1
-1.51,-1.97,-0.64,-2.35,-0.3,5.33,-4.18,-0.2,-2.45,1.85,2.25,-3.28,-1.01,4.6,3.27,3.93,0,0,1
-1.13,-0.48,-0.37,-0.07,0.08,0.09,-0.28,1.0,-0.62,0.15,1.86,-0.57,0.62,1.55,2.53,-0.38,0,0,1
-0.78,-2.3,2.56,-4.45,-1.27,-0.59,1.32,1.68,-2.26,-1.88,1.53,1.04,2.16,2.11,2.64,-0.42,0,0,1
0.84,0.49,-0.06,-0.63,-2.49,1.37,5.13,2.76,2.19,-1.74,-3.77,2.04,0.28,-0.94,-0.23,-0.15,0,0,1
1.48,0.8,0.99,-1.74,2.56,-1.65,0.13,-2.43,-2.67,3.6,4.05,1.71,-0.1,3.28,1.82,2.19,0,0,1
-0.12,-0.51,-3.09,0.17,-3.7,2.36,3.1,3.74,5.14,-1.57,-1.01,2.69,0.07,0.14,0.67,-0.16,0,0,1
2.88,-3.89,5.14,-0.33,4.69,-6.21,-3.01,-2.41,-2.39,0.23,2.61,-0.79,1.29,0.18,-4.33,0.79,0,0,1
1.53,-0.35,-3.54,0.04,-2.98,-0.04,-2.28,1.42,-0.14,0.89,1.29,-2.52,0.94,0.38,-1.93,-1.05,0,0,1
-5.7,0.84,0.51,-1.25,-3.01,3.6,1.19,3.55,2.09,-2.98,0.52,1.6,1.23,-1.49,4.36,-1.39,0,0,1
0.64,-0.78,-0.03,-3.65,1.52,1.64,0.05,0.33,-4.61,4.21,2.1,-2.93,-0.17,4.06,0.82,-0.41,0,0,1
-4.67,0.67,0.93,2.23,0.29,1.6,-3.24,-3.28,0.35,-1.7,-0.52,1.14,-1.76,-0.48,-1.13,1.83,0,0,1
0.59,4.74,-0.48,-2.13,1.84,-1.12,4.01,2.36,-0.05,-0.65,0.45,6.26,0.89,-2.65,0.36,-0.93,0,0,1
-0.39,0.77,-0.77,-0.53,-1.64,1.79,0.86,1.32,2.13,0.38,-0.6,0.53,0.43,-0.03,2.99,-0.6,0,0,1
-0.41,-0.99,-0.05,2.38,-1.21,4.46,-1.84,-0.31,0.08,1.52,-1.24,-1.38,-1.88,1.84,0.35,1.56,0,0,1
-1.53,1.67,1.77,0.57,0.83,0.39,1.44,-1.61,0.51,-0.71,-4.99,-0.09,-0.61,-2.06,-0.33,-1.57,0,0,1
1.35,-0.82,-1.22,-1.14,-1.27,-0.23,2.39,3.27,-0.07,-0.63,-2.12,-0.62,0.38,0.47,0.36,-3.2,0,0,1
0.63,-1.64,1.51,0.5,-0.45,-1.37,2.9,1.16,4.49,-0.96,0.02,3.33,0.74,0.76,1.93,0.7,0,0,1
1.26,0.64,-0.87,1.95,-3.11,1.16,-1.51,-1.35,3.87,2.67,-1.23,4.02,-1.24,4.41,0.82,3.22,0,0,1
2.47,-2.15,-1.91,-2.17,-1.33,-1.05,1.49,-0.41,-1.34,-0.7,2.21,-3.45,4.66,0.58,-2.33,1.95,0,0,1
1.03,-4.28,-2.08,3.57,-2.95,1.18,2.18,4.66,1.14,0.3,3.39,-4.96,0.36,-1.23,-2.47,-2.26,0,0,1
-1.15,-1.25,3.21,-2.4,3.88,-1.27,2.66,2.27,2.65,-1.76,1.26,4.46,0.68,-1.26,4.12,-2.4,0,0,1
-1.21,3.47,3.34,-0.05,1.71,2.76,3.41,3.95,-5.51,-0.69,-5.04,2.71,-2.92,-2.94,-1.89,-4.41,0,0,1
-0.7,2.78,-2.04,6.83,-1.75,0.06,-6.95,-4.51,2.12,5.7,-2.3,-0.79,-2.72,3.11,-0.2,-1.39,0,0,1
-1.08,1.66,1.43,-1.24,-0.14,-2.06,3.82,1.66,-0.41,-0.99,-1.14,2.43,0.46,-1.05,2.01,-3.11,0,0,1
0.28,-0.47,-0.38,-2.96,1.7,2.03,-1.59,0.31,-3.02,2.93,4.41,-1.03,1.52,3.07,1.1,2.35,0,0,1
-1.28,-0.94,1.06,-0.9,0.66,0.86,1.12,1.37,-1.18,0.83,4.21,-1.52,-0.22,-2.61,0.06,-1.92,0,0,1
1.15,-1.56,-6.72,3.46,-3.92,-0.5,-3.91,-0.08,-0.32,-0.51,-0.17,-5.78,0.18,1.72,-0.41,-2.46,0,0,1
-3.7,1.1,2.67,-0.38,0.64,2.16,1.59,2.67,-1.38,-1.18,-0.31,1.71,-0.86,-2.66,0.67,-3.15,0,0,1
1.97,3.41,-2.25,4.55,0.02,-0.88,-0.29,-1.01,-3.33,4.02,0.36,-0.57,-2.01,0.83,-3.21,-0.23,0,0,1
-3.29,1.29,2.31,-0.88,1.62,2.43,0.03,2.95,2.04,-0.48,3.16,2.58,1.23,-5.19,1.04,-2.49,0,0,1
0.37,-0.37,0.84,1.4,-2.88,-2.33,-3.81,0.01,-0.81,-2.01,3.02,0.7,3.34,-0.82,-1.6,1.34,0,0,1
1.94,2.43,-4.73,0.65,-3.11,-2.26,-2.14,-1.85,0.89,2.43,0.63,-0.38,1.7,2.64,-0.53,0.44,0,0,1
3.07,-0.73,-6.12,0.64,-4.23,-1.66,0.15,-0.12,3.51,-0.64,2.29,-2.01,2.41,0.81,3.63,0.35,0,0,1
-4.41,-0.84,3.25,-3.41,1.36,5.2,8.88,8.66,-1.26,-5.05,3.4,3.97,0.68,-5.16,3.84,-2.4,0,0,1
-0.11,-1.41,-3.91,-0.87,-0.16,1.98,-1.76,1.36,2.5,0.28,3.08,-2.2,0.9,-0.17,2.36,-0.78,0,0,1
-1.62,-0.27,1.94,-2.63,4.18,3.19,-0.42,-1.06,-2.55,1.65,0.6,-0.82,-1.53,-0.65,-1.84,0.59,0,0,1
1.82,-1.95,0.04,-3.51,0.48,-3.53,1.33,0.52,-0.1,-4.02,-1.32,1.54,3.64,2.71,2.05,1.27,0,0,1
3.38,2.01,-4.17,4.39,-2.56,-1.06,3.96,0.36,2.21,1.85,-3.91,-0.63,-1.94,0.13,1.24,-3.09,0,0,1
0.85,-0.51,0.59,2.73,0.09,-3.32,1.08,-0.98,-0.58,0.45,0.37,-0.79,-0.69,-1.68,-1.23,-3.76,0,0,1
1.53,-1.38,-2.78,-0.22,-2.76,-2.48,0.18,1.1,-1.61,-0.26,1.23,-3.33,1.99,0.75,-1.03,-2.87,0,0,1
0.38,1.18,-0.99,3.93,-1.76,2.96,3.89,5.94,-0.55,0.09,0.45,-0.32,-0.84,-6.63,-6.14,-5.1,0,0,1
1.86,2.05,-2.92,1.63,1.59,3.9,-1.95,2.59,2.66,0.11,2.34,0.35,-0.59,-1.28,0.68,-3.19,1,0,1
-3.63,3.51,3.52,-5.94,-3.88,-3.68,-4.54,3.7,-6.28,0.89,0.15,-2.08,-3.78,4.72,-0.92,5.53,1,0,1
1.66,4.36,-0.24,-0.39,1.27,1.46,-2.42,-1.46,-1.05,-0.83,-1.22,-1.75,-3.29,2.06,1.37,0.37,1,0,1
1.63,0.98,-2.31,-1.14,-1.89,2.86,-3.61,-3.97,2.84,2.22,0.76,-1.25,-3.28,-3.62,-2.85,-5.42,1,0,1
2.46,0.72,-0.06,4.74,2.85,-0.23,0.51,-0.08,2.56,1.9,0.43,-1.11,3.16,-1.91,0.17,-3.03,1,0,1
-2.0,-0.29,-2.21,2.16,-0.73,-1.19,0.72,0.68,1.05,0.96,-1.7,-0.93,3.6,0.2,0.43,-0.7,1,0,1
-1.0,-0.55,0.28,2.04,2.85,2.96,-4.05,-1.53,-2.77,-3.36,-3.77,0.09,-0.91,0.07,4.97,-2.93,1,0,1
3.4,2.6,-3.93,-1.4,-2.36,5.76,-1.62,0.23,-1.09,-0.66,-0.7,2.69,-2.92,-2.62,-1.22,-2.44,1,0,1
1.05,-0.27,-0.44,-2.06,-2.41,-2.12,-3.09,-2.66,0.15,0.54,1.41,-0.84,-1.15,1.64,-0.69,-0.43,1,0,1
0.75,-0.1,0.88,1.0,-2.83,-2.54,1.01,1.21,0.6,2.24,-3.58,-1.53,2.35,3.2,0.23,3.73,1,0,1
-2.67,-4.12,1.62,0.53,-0.33,-1.5,-2.12,-3.81,-1.72,-3.62,2.11,1.3,1.74,-0.1,2.94,-1.23,1,0,1
-3.81,-0.47,-0.13,-0.29,-1.29,0.11,-0.04,-1.4,-0.22,-1.07,-1.54,-0.78,1.06,0.41,0.98,-0.2,1,0,1
1.4,-1.95,1.68,0.44,-1.8,3.13,0.32,0.77,0.37,-2.5,-1.31,4.27,-0.69,2.01,2.72,0.02,1,0,1
0.53,-1.44,-0.05,3.79,1.38,5.63,3.12,1.83,1.14,1.48,-5.19,2.52,-0.65,-2.35,-1.17,-2.02,1,0,1
-3.11,1.01,-0.4,1.37,3.18,-0.07,-6.12,-2.03,-2.94,-1.96,-0.46,-2.78,-0.06,0.67,4.26,-0.46,1,0,1
4.16,4.42,-1.98,1.85,-1.05,1.96,-3.75,2.4,4.19,3.29,1.99,0.41,-1.16,2.4,0.67,-2.29,1,0,1
2.77,2.04,-1.41,4.86,4.18,0.45,-1.25,3.6,3.18,5.26,-3.06,-2.44,2.03,1.0,-0.45,-2.44,1,0,1
0.99,1.1,0.12,-0.27,-2.99,-1.52,1.38,0.98,1.86,1.81,0.93,-0.6,0.36,0.64,-2.28,-1.08,1,0,1
-1.57,2.28,1.08,1.09,0.0,-0.36,-1.42,4.43,-2.42,-2.02,-0.47,2.88,1.83,5.14,4.5,1.42,1,0,1
-0.03,4.27,-1.6,2.61,-0.86,1.66,-2.65,0.78,-1.35,1.27,0.77,2.76,-0.85,0.32,0.74,-2.73,1,0,1
0.41,-5.7,-2.82,1.3,0.45,2.58,3.08,-1.81,1.6,0.41,0.98,3.54,2.81,-6.22,-4.04,-4.9,1,0,1
3.07,-2.49,-0.04,-0.62,1.55,-0.61,-0.63,-3.78,0.43,-0.78,-2.46,-1.63,-0.26,0.9,0.32,1.53,1,1,0
0.51,5.21,-0.35,0.4,-1.69,-2.76,-2.05,2.24,-0.32,1.94,-2.11,-2.41,1.15,7.02,2.22,3.8,1,0,1
-2.17,-1.16,-0.15,2.57,2.37,0.7,-0.43,-0.12,-1.33,-1.66,0.04,1.61,1.09,-0.29,2.37,1.0,1,0,1
0.23,-0.95,1.65,2.27,0.49,0.06,1.2,-0.45,1.31,1.55,0.63,1.11,-1.72,0.6,-1.35,-0.4,1,0,1
-2.04,-1.44,1.01,4.91,2.17,-0.32,-0.46,0.97,-0.78,0.02,-1.5,2.45,3.07,1.76,2.8,-1.07,1,0,1
-0.82,-1.43,-0.64,-1.99,-0.54,3.64,-1.42,-3.05,-2.77,-3.47,0.17,1.0,-3.21,-2.77,0.32,0.79,1,0,1
0.03,-4.51,2.97,-1.39,-2.85,1.07,1.29,-1.46,-1.69,-4.09,0.97,1.25,0.52,-4.44,0.51,-0.36,1,0,1
-0.16,2.75,0.96,1.12,-3.06,-3.74,-1.92,-3.23,3.89,4.91,-4.39,-6.94,0.43,3.68,-0.08,0.94,1,0,1
3.87,3.38,4.0,1.31,-1.08,-0.74,2.28,3.33,-1.28,2.73,-1.72,-1.39,-0.88,-0.45,-2.37,1.48,1,0,1
0.57,2.04,-1.68,-3.17,-2.94,-2.43,-1.34,0.37,-4.31,-0.05,1.6,0.7,-0.71,1.19,-1.95,2.89,1,0,1
2.14,-1.71,1.53,1.44,2.04,-2.49,2.05,3.39,-3.01,0.8,-1.14,0.92,1.78,0.56,-1.48,1.8,1,0,1
-1.17,0.72,1.37,-1.88,-2.54,-2.98,2.22,-1.02,-0.52,2.39,1.91,-1.96,-1.08,-2.14,-5.21,0.9,1,0,1
-0.29,1.01,2.25,1.37,0.58,0.41,0.59,0.03,-0.84,2.02,0.58,0.63,-1.82,-2.32,-2.75,-1.47,1,0,1
2.46,0.23,0.76,2.04,4.68,-1.48,-4.46,0.18,-2.0,0.03,-2.33,-1.11,0.82,3.26,3.61,0.76,1,0,1
0.31,1.75,-1.98,0.34,-0.75,3.4,-1.9,-0.12,-0.69,-3.08,-2.09,0.67,-0.49,1.52,4.1,0.52,1,0,1
0.88,1.51,-1.73,0.46,-0.73,4.75,-2.66,0.06,1.03,-0.09,-0.43,1.85,-1.27,-1.4,1.05,-2.97,1,0,1
-5.11,-2.4,-1.28,-4.09,-2.22,-1.34,0.12,0.56,-2.78,-0.43,-0.98,-0.16,1.52,-0.4,-2.69,0.89,1,0,1
-0.26,2.54,-1.44,-2.76,-3.32,2.96,0.83,3.44,-3.41,-0.02,-5.76,1.07,-1.7,1.05,-1.1,2.12,1,0,1
1.17,0.79,-1.28,-0.9,-0.02,1.93,-0.17,0.13,-1.15,-1.77,0.29,1.25,-1.07,-0.76,-0.26,-2.07,1,0,1
-0.15,1.88,1.49,3.74,3.08,1.46,0.68,0.89,-1.3,-0.09,-3.73,-2.09,0.6,-1.57,1.71,0.01,1,0,1
3.27,-4.08,-1.66,0.51,0.33,1.14,0.5,-2.43,-1.17,-3.92,-0.56,0.81,0.32,-3.03,0.79,-3.04,1,0,1
2.02,1.43,-3.48,0.67,-1.77,2.12,0.72,-2.67,6.28,0.78,2.03,-1.01,0.85,-2.75,-1.08,-4.7,1,0,1
-3.16,1.26,-3.56,-3.02,-0.16,3.08,-4.32,-0.83,-1.97,-0.08,-0.12,-0.56,-2.88,-0.17,-0.83,0.97,1,0,1
-0.3,-1.58,-1.75,0.69,0.17,2.74,-2.11,-1.33,0.75,0.89,-3.4,-0.3,-0.97,-1.73,-0.09,-2.55,1,0,1
-2.15,0.45,0.32,2.13,-0.11,0.4,-0.5,0.57,0.73,2.36,-1.7,1.43,0.18,-0.05,-1.23,-5.35,1,0,1
0.07,1.28,-1.38,-1.91,-2.54,-0.31,1.19,1.98,0.33,2.88,-1.51,-1.73,-0.24,-0.52,-4.21,-0.15,1,0,1
-1.64,1.74,-0.96,2.37,2.76,3.24,-1.66,2.61,-3.72,-2.91,-2.86,1.06,0.96,0.1,4.23,0.52,1,0,1
1.14,0.72,2.31,0.45,-1.55,-3.07,0.21,-1.59,0.66,2.52,4.35,-1.03,-1.46,-1.06,-3.21,1.16,1,0,1
-0.89,0.24,1.12,1.4,1.71,0.01,-1.29,-1.4,-1.7,-1.47,0.67,1.33,0.31,-0.03,1.65,-1.6,1,0,1
-0.8,2.61,-2.29,-1.12,-2.99,-2.91,0.17,0.24,-1.57,1.13,-0.66,-1.2,2.68,1.1,-1.43,0.46,1,0,1
-0.49,3.55,1.07,-2.68,-4.45,-1.53,-1.23,-2.62,-4.64,-1.43,1.41,1.26,-1.91,0.23,-0.62,1.54,1,0,1
-2.29,-3.11,1.03,-3.69,-3.26,-2.33,-4.12,-5.18,1.19,-2.15,2.5,-0.35,-0.49,3.48,2.12,0.93,1,0,1
-6.46,-0.62,-1.7,2.67,1.77,3.53,0.64,0.39,-1.38,0.98,-4.03,2.5,-0.49,0.0,-0.19,0.06,1,0,1
-3.78,1.47,-1.24,0.06,-0.17,-1.65,-2.77,0.44,-3.69,-1.49,4.93,3.77,-0.19,2.08,0.96,0.52,1,0,1
0.02,2.26,-1.48,-0.34,-1.63,0.83,-2.05,-0.72,-1.11,0.83,-0.89,0.44,-1.89,0.47,-0.48,-0.02,1,0,1
-1.2,-1.03,1.39,-3.7,-1.06,-3.66,1.94,-2.35,-3.62,-0.87,-1.32,-2.87,-1.92,-0.13,-3.08,4.52,1,0,1
-1.96,1.01,-1.49,-2.62,-2.13,3.68,-2.13,5.04,-5.42,-3.17,-0.93,3.7,-1.7,0.7,1.27,0.55,1,0,1
2.46,2.82,0.71,-0.35,-1.08,-4.94,0.87,3.88,0.43,2.39,4.14,-2.2,0.6,2.27,-2.43,2.94,1,0,1
-2.68,0.57,-0.5,3.02,3.02,0.09,-1.96,0.69,2.87,3.32,-1.2,-1.75,1.17,3.34,1.24,2.47,1,0,1
-1.35,2.91,1.54,-0.59,-2.4,2.66,-5.3,-2.53,-1.02,-0.81,5.07,2.93,-6.05,-0.8,0.94,-2.39,1,0,1
-1.27,-2.55,2.85,-0.54,-1.64,-1.63,0.09,-0.76,-3.87,-3.32,-3.85,-1.41,1.43,2.83,3.43,5.69,1,0,1
4.79,3.83,-5.46,3.86,0.79,1.92,-0.67,3.19,2.14,4.7,-2.45,-1.51,1.65,-0.67,-1.85,-3.08,1,0,1
2.3,0.83,-0.18,-2.25,-2.49,-3.32,-1.05,0.89,4.56,2.92,2.33,-3.59,1.36,1.61,-2.2,-1.11,1,0,1
-1.92,0.07,1.96,3.3,2.79,0.07,-2.32,0.15,-2.83,-1.38,-2.08,1.72,-0.83,3.57,4.25,1.45,1,0,1
-2.94,0.01,0.81,-2.78,-3.89,2.34,-2.15,-1.01,-5.65,-4.91,3.1,5.43,-1.93,-2.36,1.33,-1.11,1,0,1
2.98,0.64,2.01,-2.77,-1.9,3.16,-7.25,-4.23,-6.36,-2.76,-3.01,-1.35,-5.69,-1.48,2.55,1.13,1,0,1
6.45,-0.55,-2.44,-1.42,0.28,3.67,1.53,-1.92,0.17,-1.35,-0.42,-0.35,-2.66,-4.95,-2.88,-1.86,1,0,1
-1.56,2.84,-0.89,2.06,2.0,-5.01,-2.33,-0.16,-1.09,3.81,-2.17,-6.01,2.93,2.34,-0.38,1.39,1,0,1
-1.21,1.73,-0.87,-0.42,0.02,0.64,-0.1,-1.12,-1.31,-0.11,-0.75,1.08,-0.55,0.88,-0.45,0.65,1,0,1
-0.28,-2.64,4.17,-1.52,1.33,1.04,2.81,-3.02,0.68,-3.04,-3.03,-3.55,3.34,-2.16,2.91,-3.09,2,0,0
2.77,0.98,2.2,2.44,3.99,3.67,-1.44,-0.01,-7.29,4.98,-3.64,2.92,-2.84,1.92,-0.46,-6.68,2,0,0
1.29,-2.21,0.45,1.85,0.01,-6.59,0.75,2.34,3.33,-1.1,-2.3,-2.2,0.25,5.32,-0.84,2.89,2,0,0
-0.75,-6.05,5.18,5.01,-2.18,-1.43,0.49,-0.01,3.44,-5.46,-0.83,0.0,1.83,2.79,1.75,0.55,2,0,0
2.55,0.84,0.75,-1.73,1.67,2.39,2.78,-0.7,-3.04,2.07,-1.05,1.12,-0.53,-0.3,0.72,-4.44,2,0,0
-4.23,-2.8,-0.19,0.95,-5.66,-4.86,1.98,3.0,6.56,-4.58,4.17,-2.28,0.24,1.33,1.91,5.48,2,0,0
-1.54,-1.34,1.7,1.57,2.6,-1.91,1.38,2.76,2.43,1.12,-1.59,-0.62,0.26,4.92,-0.05,-0.75,2,0,0
-0.89,-3.58,1.17,-0.81,-1.63,-0.77,-1.66,-1.83,-1.73,-0.45,-0.71,-2.23,1.42,-3.66,2.72,-0.35,2,0,0
0.88,4.93,0.26,2.84,-0.44,-1.81,-1.13,3.82,-1.7,1.12,0.05,-0.12,-3.39,3.45,-1.12,0.05,2,0,0
2.11,1.51,-0.99,-2.36,-0.87,-3.11,3.23,-1.45,2.23,-0.26,4.5,-2.42,3.16,1.71,-3.28,2.96,2,0,0
0.83,0.67,0.0,-0.18,0.91,-2.22,4.63,-0.03,2.9,-3.22,-1.53,-0.83,1.45,0.09,0.14,2.58,2,0,0
-1.1,-2.95,0.94,-0.24,1.23,-2.07,-2.02,0.32,-0.11,-1.09,-5.02,-4.39,-0.68,1.19,1.37,0.2,2,0,0
3.13,-1.54,-0.36,-1.63,-2.58,-1.84,-0.76,-0.32,-1.62,1.8,3.35,-0.86,-0.17,0.49,-0.62,1.11,2,0,0
2.11,-4.24,1.84,0.84,-3.51,-4.27,1.57,-0.77,2.15,-2.76,-0.49,-3.92,3.61,1.68,1.53,2.6,2,0,0
3.82,-1.4,6.71,3.18,-1.24,3.49,1.83,-1.3,-1.45,1.03,2.53,0.32,4.09,4.04,0.55,-5.07,2,0,0
3.09,-1.07,-2.42,-0.45,0.55,0.53,0.04,-3.36,-4.21,1.6,3.12,0.77,-2.34,0.61,-2.6,1.81,2,0,0
2.61,-2.27,0.22,1.06,-1.56,-0.21,-1.15,-1.2,-3.85,0.57,1.27,-0.63,-2.04,0.84,0.7,-0.47,2,0,0
-3.96,2.57,-2.33,-1.63,1.27,2.78,-0.02,0.21,1.23,-2.52,-2.85,0.49,-3.49,-4.96,0.04,0.38,2,0,0
-1.98,1.41,2.75,3.83,-2.89,-1.76,1.23,1.52,1.24,-3.74,3.7,1.78,-3.26,0.24,1.23,-0.39,2,0,0
0.03,1.2,0.88,-1.81,1.3,2.57,-0.29,-0.27,-1.34,1.4,2.7,-1.69,1.15,0.25,-1.35,-0.36,2,0,0
0.03,-1.05,-2.87,-3.94,0.12,-0.68,0.02,-2.02,1.1,0.01,0.85,-2.54,1.43,-2.24,-1.65,3.63,2,0,0
-0.51,0.23,1.77,0.1,-3.6,2.15,-1.35,-0.59,-1.01,0.33,3.75,0.52,1.87,-2.3,0.64,-2.05,2,0,0
4.86,-1.21,-0.73,-0.56,-0.24,-1.44,1.51,0.51,-1.91,2.28,1.34,1.56,0.88,1.44,-1.56,1.19,2,0,0
4.54,3.17,0.19,1.52,-2.57,0.63,1.9,0.15,-1.58,0.46,-1.7,0.46,2.55,-0.78,0.89,-0.89,2,0,0
4.84,3.5,-3.48,-1.43,-1.1,1.32,-3.22,0.78,-7.22,6.74,-0.24,1.64,-1.25,-1.76,-0.7,-2.49,2,0,0
0.93,3.5,-2.39,-1.95,-0.72,-1.2,-0.56,0.78,0.15,3.53,1.83,-1.56,3.31,0.5,-3.05,0.11,2,0,0
-0.09,-1.95,-2.61,-2.34,-1.31,-3.0,1.51,0.64,1.95,0.16,5.66,-1.21,-2.75,2.57,-2.36,4.53,2,0,0
-3.29,-3.0,-5.18,-3.14,-0.31,-3.66,0.45,2.01,1.74,-0.37,1.62,1.57,-2.72,-3.82,-0.84,5.22,2,0,0
1.08,-2.59,-0.07,0.39,2.49,3.11,-0.0,-2.7,-3.61,2.08,-1.14,2.85,-0.47,0.62,-0.88,-4.01,2,0,0
3.37,1.1,-0.02,2.69,-3.05,1.61,-2.48,1.44,-3.22,3.71,-0.64,0.52,0.62,2.38,0.94,-2.52,2,0,0
5.25,-2.64,1.65,1.26,-3.49,-2.48,0.2,-1.11,-1.19,0.4,1.12,-1.6,2.51,3.31,0.74,-0.0,2,0,0
-0.19,-3.56,0.87,0.01,-0.61,-1.26,1.6,2.52,1.54,-0.11,-1.58,0.5,-0.14,-0.06,1.96,0.57,2,0,0
1.95,0.11,3.36,2.56,-0.43,2.82,-1.81,0.74,-2.8,2.2,-0.34,2.06,3.11,-0.21,0.61,-3.71,2,0,0
1.81,-1.49,0.96,-2.26,-0.15,-0.07,2.38,-1.64,-1.6,0.41,-2.07,-1.79,-0.52,0.23,2.55,-4.15,2,0,0
2.54,-2.29,0.93,2.7,-3.46,-3.04,5.28,0.35,3.28,-4.6,2.81,-0.55,1.53,4.19,0.52,4.02,2,0,0
1.37,-2.11,1.01,1.76,0.8,4.78,-4.41,-3.03,-6.07,3.99,1.66,3.47,1.86,-1.85,-1.26,-4.16,2,0,0
-0.85,-2.5,3.21,4.36,-3.56,-2.67,-0.95,0.32,1.69,-4.72,0.47,-2.55,-0.04,2.36,1.35,2.7,2,0,0
1.54,-0.69,1.33,0.25,-3.47,0.48,-1.97,-0.65,-1.86,1.61,1.75,0.1,0.92,-0.49,-0.32,-2.03,2,0,0
0.94,-1.0,2.62,-1.3,4.09,7.46,1.49,-4.15,-4.99,3.22,3.16,2.11,0.82,-0.19,-1.01,-5.86,2,0,0
-2.02,-2.13,0.06,2.01,-0.46,-2.77,-1.26,2.57,-0.8,-2.11,-3.54,0.58,-7.48,0.6,2.4,-0.11,2,0,0
0.89,4.65,-2.12,-2.41,-0.76,-0.31,-0.38,0.73,-0.83,1.48,1.61,-1.37,1.57,-1.77,-1.1,1.15,2,0,0
-1.47,-3.37,4.7,5.78,-4.07,-4.38,-0.37,3.21,5.42,-5.35,-3.36,-0.35,2.02,3.22,2.37,-0.3,2,0,0
0.27,-1.88,-1.22,-1.62,0.85,-4.48,-3.74,1.0,-0.38,2.37,-1.79,-1.25,1.27,0.58,-2.26,1.06,2,0,0
8.22,1.79,0.33,0.78,-1.22,-4.64,1.08,1.08,-1.54,4.96,2.54,-0.68,3.46,6.57,-3.59,0.87,2,0,0
-0.45,-0.97,2.67,-0.03,-0.63,4.66,-0.34,-1.28,-2.37,2.64,3.35,1.27,1.19,-0.38,0.42,-5.16,2,0,0
1.98,0.58,-2.55,-4.29,2.24,-1.33,-1.22,-2.43,-3.05,3.18,-0.02,-3.42,1.3,-1.13,-1.73,0.96,2,0,0
-6.82,-1.15,-2.04,-2.07,6.6,0.11,0.12,1.53,0.34,-0.42,-2.08,1.51,-6.43,-1.03,-1.5,-0.06,2,0,0
1.7,1.05,2.89,-0.7,-1.77,3.96,-2.2,-1.15,-3.2,3.68,1.97,0.16,3.8,-1.63,-0.05,-4.97,2,0,0
0.89,2.15,-1.17,-1.18,-1.93,-1.16,1.81,1.95,0.04,0.95,3.41,-0.24,-0.97,0.95,-0.19,0.07,2,0,0
3.13,3.15,0.4,3.05,-1.08,1.3,-1.95,1.16,-4.15,2.46,-1.91,0.23,-1.2,2.43,0.17,-2.59,2,0,0
1.15,2.69,-1.82,-1.23,-0.65,0.03,-1.93,3.05,-1.59,6.15,4.94,2.03,2.15,0.48,-3.21,0.03,2,0,0
1.47,0.2,0.7,-2.26,-1.41,-3.18,-0.92,2.72,-3.07,3.41,-0.61,-2.73,-3.78,1.25,2.81,-3.26,2,0,0
1.86,2.8,1.39,1.81,-1.24,-0.56,2.43,2.61,0.44,-0.57,-4.16,-1.25,0.94,1.11,3.2,-2.11,2,0,0
0.66,-3.71,2.36,0.58,-3.58,-0.89,-1.91,-3.6,0.34,-4.27,-0.68,-1.57,0.4,-2.13,0.68,0.2,2,0,0
0.22,1.98,3.37,1.6,-3.73,4.38,0.06,-1.01,-5.64,-1.54,1.06,0.95,-3.98,-3.17,5.33,-7.02,2,0,0
4.53,-1.75,-0.51,-2.77,-0.75,0.81,-0.84,-1.48,-6.37,3.53,-2.99,1.92,-1.0,-5.08,1.95,-3.88,2,0,0
-0.47,-1.13,-0.41,-0.39,-1.36,3.07,-1.09,-1.84,-1.21,-0.91,-0.0,-0.99,2.17,-2.94,0.67,0.69,2,0,0
2.42,-4.04,0.15,-1.33,-2.56,-4.95,-1.07,2.08,-0.62,2.22,-0.88,-0.35,-0.34,1.22,1.04,-1.48,2,0,0
-1.51,-4.94,-0.53,1.31,-2.1,0.2,-6.34,0.55,-2.09,0.92,0.12,1.59,-1.16,-1.69,-0.14,0.25,2,0,0
5.75,-3.73,-0.86,1.42,-4.74,-2.88,-1.3,-0.86,-0.57,-0.35,-2.01,-3.01,4.29,1.81,1.67,2.79,2,0,0
0.4,3.9,-0.66,-2.88,-0.54,0.59,2.65,-1.88,-1.22,-1.94,-2.29,-2.3,0.56,-6.22,3.06,-1.27,2,0,0
-0.56,0.82,-2.34,-1.72,1.4,-3.11,2.02,0.41,2.79,-1.36,1.35,-1.12,-0.34,1.19,-2.66,4.36,2,0,0
-0.0,3.62,-1.0,1.87,1.41,-0.74,5.04,2.88,2.57,-0.87,0.86,3.78,0.91,0.36,-1.78,2.22,2,0,0
3.85,-0.18,0.09,0.29,-0.88,0.88,-2.21,-0.39,-3.25,4.51,-1.1,0.94,2.94,0.16,-0.77,-2.41,2,0,0
-0.29,-0.23,-1.84,-2.49,-0.09,-4.7,6.84,0.25,1.66,-4.07,3.7,-0.23,-6.76,0.67,-0.39,3.63,2,0,0
0.17,2.7,-0.14,-0.34,0.24,-4.95,1.79,2.99,2.42,-1.71,-4.12,-1.97,-0.13,0.39,1.33,0.43,2,0,0
-2.13,2.54,0.79,0.41,0.68,-3.54,2.17,3.38,0.84,-1.9,1.63,0.37,-6.54,2.08,-0.18,-0.37,2,0,0
-2.25,1.29,0.32,-1.6,3.04,3.18,4.85,-2.79,0.53,-2.44,-0.54,-1.59,0.56,-1.7,0.73,-1.04,2,0,0
0.04,-0.18,0.33,-3.23,-1.54,2.0,-0.54,-2.4,-2.22,1.83,4.36,-1.21,0.01,-2.17,0.66,-2.86,2,0,0
1.12,-3.19,-1.54,-0.83,0.81,-5.08,2.65,-0.19,2.34,-1.73,0.69,-0.78,-2.82,3.42,-1.27,3.62,2,0,0
3.23,-1.54,0.61,-0.56,-0.57,4.59,-4.14,-2.41,-4.6,5.93,-0.08,1.49,4.98,-1.46,-1.42,-4.28,2,0,0
0.21,0.96,2.77,2.75,-1.23,-1.25,0.55,2.11,0.29,-2.05,-2.06,-0.27,-0.08,0.43,1.92,-1.38,2,0,0
4.1,2.93,-0.39,0.56,-4.08,2.02,1.27,1.07,-0.57,1.02,3.31,2.3,4.35,-2.2,-0.47,1.66,2,0,0
4.25,2.88,-0.52,-1.66,1.1,1.68,4.35,-1.4,-4.49,1.69,3.36,4.07,-0.43,-3.71,-0.87,-0.5,2,0,0
3.06,-1.13,-2.24,-1.2,-0.8,-0.33,0.03,0.45,-0.85,1.78,-0.37,0.24,2.36,-0.79,-0.18,2.91,2,0,0
3.23,-5.53,-1.88,-3.55,-0.1,-1.72,-0.22,-2.42,-0.74,1.65,-1.52,-4.02,3.27,1.4,0.47,1.35,2,0,0
1.26,-4.77,-1.72,-1.94,0.59,-2.31,2.97,-2.97,-0.82,-2.71,2.58,1.58,-4.34,-0.51,-1.12,2.7,2,0,0
2.06,1.01,-1.47,-2.48,1.75,-2.17,6.89,-1.08,2.16,-0.47,0.8,0.56,1.25,-0.63,-0.91,1.65,2,0,0
-3.11,-8.84,-1.32,0.49,0.93,-2.83,-2.64,0.65,1.86,-2.18,-5.38,-2.06,-1.18,0.94,1.42,3.64,2,1,1
1.35,0.88,3.4,6.32,-3.54,0.03,-1.02,2.68,1.81,-2.31,-1.09,0.6,1.88,3.2,0.28,0.53,2,1,1
-0.34,-4.4,-1.73,-1.36,-2.25,-4.16,-1.79,-0.29,-0.82,-2.26,-3.14,-3.06,-3.9,-1.2,1.86,2.0,2,0,0
1.2,0.47,1.06,1.86,-1.84,-3.48,5.38,0.42,3.0,-3.43,-0.74,-1.65,3.12,1.26,2.76,1.42,2,0,0
-1.79,3.09,-1.79,0.12,-0.37,-0.13,-0.25,-0.02,0.56,-2.62,-0.04,0.48,-2.12,-2.71,-1.07,1.33,2,0,0
-1.65,1.39,-1.0,-0.78,0.68,-3.22,0.69,1.24,5.11,-1.87,0.99,-0.41,3.5,-0.31,-3.54,4.48,2,0,0
-4.52,2.87,-0.08,-1.33,5.15,4.26,5.81,-0.93,1.62,-1.71,3.03,5.49,1.31,-4.21,-2.31,-1.67,2,0,0
0.04,0.48,5.36,5.9,-1.42,2.81,-2.27,2.27,-1.19,-0.79,-2.39,1.84,3.64,0.5,1.98,-3.96,2,0,0
-1.89,-7.08,-1.54,-0.39,4.24,0.04,-0.37,-0.12,0.7,0.61,-4.77,2.2,-0.52,-0.67,-0.93,1.65,2,0,0
-1.96,-3.81,-1.55,-4.56,3.23,0.84,0.79,-2.38,-0.77,1.82,4.59,-1.62,0.77,-0.73,-3.02,2.17,2,0,0
0.27,-3.6,3.3,2.26,-1.75,4.98,0.1,-2.6,-4.12,-0.37,2.18,2.53,-2.79,0.87,1.98,-5.75,2,0,0
-0.33,-3.96,1.0,0.79,-1.88,1.57,-3.31,-1.41,-2.3,-0.09,0.21,-0.25,-1.79,-0.19,0.65,-1.13,2,0,0
1.55,-0.4,-2.05,-4.0,-0.84,-4.73,3.93,1.11,3.78,-0.87,-0.69,-3.45,1.21,0.5,0.56,3.83,2,0,0
1.04,0.15,-0.59,0.07,-1.7,-2.5,-1.9,0.59,-1.46,0.42,-0.4,-1.6,0.71,-0.73,-0.6,1.66,2,0,0
-1.42,-0.65,-1.57,-1.75,2.98,0.71,-1.94,0.23,-0.06,2.16,-1.44,0.56,1.5,-1.79,-2.78,0.6,2,0,0
-0.09,-5.07,2.31,4.14,-3.28,-1.13,-3.25,1.28,-2.41,-3.17,-5.17,-1.87,-2.64,0.84,5.11,-0.86,2,0,0
-1.95,-0.72,1.09,2.24,-1.92,-2.87,1.29,3.28,0.33,-2.31,-2.84,-0.37,-0.89,-0.91,3.73,-0.52,2,0,0
-0.88,4.16,-2.08,-3.12,2.26,2.24,0.95,0.51,0.13,4.32,1.52,-0.47,3.66,-2.21,-1.53,-0.76,2,0,0
2.49,0.87,-0.51,-0.57,-0.34,-3.23,1.99,1.01,1.61,-1.4,-3.18,-2.55,3.09,0.15,0.02,3.07,2,0,0
1.77,1.67,-1.17,-0.89,3.04,4.16,0.01,-0.79,-4.12,5.74,3.33,3.54,0.28,0.53,-3.36,-2.02,2,0,0
3.07,0.79,-1.39,-2.66,-2.51,0.24,-1.59,-1.1,-3.61,2.61,0.09,-1.47,3.09,-3.15,1.41,-1.38,2,0,0
6.33,1.08,3.15,4.25,-0.64,0.55,-2.39,0.85,-5.84,5.29,0.99,1.66,-1.25,6.12,-0.38,-4.89,2,0,0
0.35,-1.01,-1.25,-0.49,-1.18,5.83,-5.63,-1.94,-7.91,5.81,3.4,3.9,-1.85,-2.22,-1.12,-5.77,2,0,0
-2.56,-1.39,-0.56,1.39,-1.68,1.52,-4.08,1.96,-1.4,1.82,0.72,2.53,-2.41,-0.55,0.22,-1.88,2,0,0
-2.43,0.77,-1.12,-2.55,1.71,6.81,-2.52,-2.87,-3.33,1.74,-1.3,-0.72,0.24,-4.63,-0.44,-3.81,2,0,0
-1.14,-1.12,-1.27,-0.03,0.45,-0.55,0.01,1.67,0.39,2.45,0.39,0.84,0.18,1.5,-0.53,-0.62,2,0,0
0.54,-1.61,1.85,1.08,-2.16,-3.83,2.23,2.71,3.51,-2.49,-0.96,-1.8,1.3,1.11,2.55,1.86,2,0,0
0.88,-0.35,-2.52,-3.1,-0.34,-0.2,0.28,-1.1,-0.65,2.34,1.64,-0.54,-0.01,-0.49,-0.7,-0.41,2,0,0
-4.87,0.83,-3.9,-2.13,4.0,0.4,-0.13,1.57,0.84,-1.39,-2.69,-0.07,-5.36,-2.92,-0.89,2.72,2,0,0
-1.46,-3.41,0.57,1.0,-3.5,2.45,-5.51,1.55,-1.81,1.36,-0.16,1.2,0.16,-1.9,1.47,-2.15,2,0,0
-2.06,1.69,2.37,2.78,-2.48,1.6,-0.28,0.87,0.11,-1.2,3.73,3.34,-1.28,-1.01,0.86,-2.8,2,0,0
1.59,1.42,-0.42,1.59,-4.1,-3.14,0.43,3.33,1.15,-1.22,2.43,-0.61,-0.15,2.57,0.57,2.22,2,0,0
2.42,-3.81,2.05,-2.56,0.12,1.89,-4.0,-3.12,-3.84,4.59,0.06,-1.41,3.27,-0.37,-1.71,-3.85,2,0,0
-1.17,-2.03,1.99,-1.6,-0.44,-0.96,-0.75,1.2,0.97,1.58,1.43,-3.16,0.72,3.32,0.68,-2.76,2,0,0
-0.82,-2.44,2.31,5.68,-1.7,0.46,-0.88,1.87,0.03,-2.05,1.29,1.76,-1.08,3.46,0.55,0.49,2,0,0
-1.84,-0.97,-2.19,-1.73,-3.15,-1.31,0.16,-0.1,2.89,-0.75,3.33,-0.17,4.82,-4.38,-0.44,4.16,2,0,0
0.73,4.96,-0.11,1.65,0.29,1.22,-2.15,1.38,-3.78,4.75,3.25,2.04,0.05,0.69,-2.36,-1.95,2,0,0
-1.01,1.9,1.79,0.09,-0.2,1.16,2.08,-0.55,1.65,-1.35,1.86,-3.08,3.13,1.67,-0.52,-0.03,2,0,0
5.12,1.68,1.31,0.26,-0.47,5.1,1.56,-1.44,-4.96,5.48,4.29,6.57,5.53,-3.63,-1.74,-3.84,2,0,0
4.14,-0.73,1.72,3.89,0.4,0.62,-0.47,1.22,-3.8,2.49,1.35,2.79,-5.02,5.48,-1.09,-1.44,2,0,0
1.9,4.26,-0.58,0.77,3.03,2.99,1.64,0.63,-2.82,3.81,0.86,2.6,-1.33,2.83,-2.45,-3.29,2,0,0
1.8,-1.12,-0.35,1.48,-2.63,0.53,-5.24,1.5,-0.67,2.01,-2.03,-0.11,3.65,-0.69,-1.35,1.65,2,0,0
-1.24,-3.85,-1.5,-0.13,1.51,-0.21,-0.6,0.4,2.24,0.08,-3.0,0.07,4.02,-0.26,-0.81,1.55,2,0,0
-1.47,2.47,-0.6,-0.14,5.05,0.6,2.9,0.85,-0.12,1.06,-1.04,3.75,-1.16,0.4,-2.23,-3.09,2,0,0
0.11,1.41,-0.53,-1.14,-0.16,2.72,1.05,-1.65,-0.86,1.39,4.4,1.4,1.34,-1.57,-2.14,-0.17,2,0,0
1.97,-1.29,0.82,3.59,-2.56,0.73,-4.55,-1.04,-2.85,0.18,1.26,1.93,-2.44,2.04,-1.32,-1.0,2,0,0
1.66,-3.35,0.61,-1.75,0.38,-2.65,2.56,-1.83,2.05,-3.54,-2.02,-3.82,1.07,0.63,0.16,3.56,2,0,0
2.17,0.03,1.29,-1.3,-0.95,-2.08,-1.13,-0.31,-1.71,0.74,-1.69,-3.83,1.48,0.48,1.11,-1.41,2,0,0
0.77,-2.94,0.3,0.21,-0.39,1.23,-1.06,-3.24,0.78,-1.27,1.56,-1.22,4.29,0.11,-2.09,2.57,2,0,0
-0.11,-0.52,0.85,0.2,-2.07,-0.83,-0.72,0.95,-0.07,-0.25,0.42,-0.82,0.21,-0.34,0.45,-0.3,2,0,0
1.02,-0.91,0.63,-0.18,-2.55,-1.2,1.34,0.91,3.13,0.34,3.42,-1.61,2.87,4.04,-1.02,1.0,2,0,0
0.4,2.22,-3.19,-1.89,2.14,1.92,4.24,-0.1,-0.81,0.84,0.3,-0.19,-0.54,-0.69,0.11,1.02,2,0,0
-1.18,-1.85,1.42,-3.24,-0.15,1.74,1.47,-3.09,-0.17,-1.1,3.83,-2.07,0.95,-2.49,-0.73,-0.12,2,0,0
0.82,0.72,-6.17,-5.26,-0.46,-2.46,-1.32,-2.77,-2.2,0.65,1.29,-0.64,-0.18,-6.38,-2.83,4.83,2,0,0
-2.95,-1.21,-2.15,-2.3,4.95,-0.53,0.68,0.29,2.57,-0.13,-1.52,0.39,0.64,-0.5,-3.66,2.38,2,0,0
0.06,-0.2,1.42,2.84,0.22,-3.72,1.84,3.26,2.05,-2.44,-2.02,1.64,-2.72,2.31,0.05,0.88,2,0,0
-6.02,-2.94,-3.13,-4.71,3.84,6.6,0.11,-6.39,-0.44,-1.16,2.77,1.36,-2.35,-5.57,-3.32,-0.51,2,1,1
-2.47,-1.09,-1.14,1.64,-3.71,0.5,-1.14,0.47,1.59,-1.41,4.02,0.26,-0.4,0.54,0.33,1.36,2,0,0
-2.41,4.56,-4.25,-0.84,3.35,2.45,3.2,0.94,-0.77,-0.19,0.06,2.64,-0.81,-4.06,-0.71,1.84,2,0,0
0.94,-0.57,-2.56,0.25,-1.97,-2.42,-0.85,1.45,-0.13,1.2,-0.97,-2.82,-0.86,2.98,0.64,1.94,2,0,0
-1.4,1.11,-0.16,1.67,-1.71,1.83,-1.86,0.5,-0.41,-1.17,-3.19,0.74,-1.83,-1.54,1.18,-2.51,2,0,0
-0.79,1.91,0.38,-0.07,0.85,0.99,0.68,0.74,1.01,-0.44,-1.24,1.38,-0.36,-1.79,-0.89,-0.7,2,0,0
-4.97,2.29,-3.4,-4.89,3.87,0.16,0.31,1.22,-0.73,1.32,-2.02,-1.65,-3.52,-4.25,1.13,-0.84,2,0,0
-3.46,3.83,-0.22,0.42,2.99,2.25,2.81,1.11,2.22,-2.15,-1.04,-0.15,0.61,-1.49,-0.65,0.75,2,0,0
2.01,3.31,0.89,1.73,0.49,1.56,4.07,0.34,-3.33,-1.4,-0.41,0.57,-3.45,0.44,2.34,-1.69,2,0,0
-0.43,-1.6,-3.76,-0.83,-4.17,-3.54,-3.97,0.74,0.59,-1.63,-2.08,-2.51,0.18,-3.63,0.02,5.55,2,0,0
1.8,-2.59,-1.63,-3.06,1.65,0.35,-4.37,-1.0,-5.55,5.83,-1.42,0.89,-3.11,-0.63,-0.88,-3.41,2,0,0
1.9,-4.51,1.35,2.42,-2.39,-0.69,-1.36,-0.54,-1.47,-2.72,-6.32,-1.34,-0.4,0.33,3.88,-1.26,2,0,0
0.01,-1.02,0.5,0.42,-0.0,0.02,-2.38,1.73,-2.32,2.8,-2.76,0.47,-1.4,-0.79,1.51,-2.72,2,1,1
4.25,0.1,0.77,1.08,-1.15,0.48,2.64,-2.1,-1.32,1.92,6.08,1.35,1.31,3.52,-2.45,0.52,2,0,0
2.59,-1.13,1.39,-1.64,0.85,-0.66,5.46,-1.33,2.92,-1.94,-3.39,-5.3,5.5,1.95,1.56,1.17,2,0,0
-2.19,-3.57,-0.57,-0.59,2.79,3.46,-2.33,-2.87,-0.53,1.21,0.2,-0.36,1.57,0.84,-3.01,-0.25,2,0,0
0.91,1.57,-3.6,-1.98,0.92,0.43,-2.8,0.44,-1.83,5.09,2.18,-0.24,1.76,0.79,-4.22,1.56,2,0,0
2.62,-0.17,0.69,-0.37,-0.84,-3.53,2.05,3.1,2.08,0.22,-0.93,-0.7,2.42,1.82,0.97,1.51,2,0,0
-0.57,-4.31,-0.91,-1.81,0.33,0.67,-1.14,-2.47,-1.34,-2.05,-0.81,-0.4,-1.07,-2.72,0.35,0.67,2,0,0
0.84,-1.71,-1.69,-3.28,0.1,-4.84,3.11,-2.39,1.43,-2.82,1.36,-4.34,0.05,0.38,-1.32,4.47,2,0,0
-1.2,2.11,-0.78,0.42,2.42,3.79,-1.57,-0.89,-4.54,0.0,-2.48,1.2,-2.94,-3.14,0.23,-2.17,2,0,0
2.21,-4.24,-1.22,-3.67,5.53,1.71,-1.2,-2.51,-3.39,4.7,-3.86,0.89,2.51,-1.52,-2.36,-1.68,2,0,0
-0.42,2.5,-1.17,-3.98,4.1,2.27,1.35,-2.82,-1.64,4.54,3.43,0.7,3.75,-2.07,-2.83,-2.82,2,0,0
0.6,-5.0,1.22,1.89,-6.94,-3.27,-2.59,0.22,2.41,-1.81,5.45,-1.29,1.72,2.73,-0.49,2.82,2,1,1
0.29,-1.46,2.03,3.92,-2.53,0.73,3.4,1.13,2.25,-4.46,0.4,1.59,0.28,1.23,2.58,1.2,2,0,0
4.25,-4.31,3.03,2.69,-6.24,-2.99,-4.73,-0.65,-2.29,-1.33,-1.14,-2.3,2.56,-0.08,2.52,0.87,2,0,0
2.05,2.23,-1.23,-2.08,1.83,-1.48,1.05,0.25,0.66,2.96,0.47,-0.29,4.47,-0.43,-2.78,1.45,2,0,0
2.09,3.85,3.43,2.15,-1.5,3.23,-0.89,1.42,-1.72,1.13,-2.12,1.31,4.6,-1.9,1.25,-4.39,2,0,0
2.08,-3.09,1.83,2.34,-0.4,-1.35,0.51,-0.72,-1.82,-1.52,-0.81,-1.65,-1.44,4.01,0.86,0.67,2,0,0
-3.0,3.53,-2.04,-0.59,0.19,1.91,-0.87,0.32,-1.35,-0.02,0.12,-0.12,-0.25,-3.45,-0.37,-0.52,2,0,0
-0.1,-0.34,-1.78,-1.07,-0.43,-0.64,-0.66,1.27,2.28,1.32,2.25,0.14,2.05,0.52,-2.35,3.42,2,0,0
5.61,4.29,-0.36,-0.15,-3.81,-4.5,5.99,2.16,0.75,0.17,3.93,1.36,0.93,1.51,-0.14,1.81,2,0,0
1.84,1.76,0.01,0.05,1.04,2.07,3.76,-0.78,-0.36,-0.47,-2.75,0.23,1.54,-0.97,1.29,-1.48,2,0,0
3.53,0.57,4.8,4.36,0.54,0.82,3.77,-1.82,-0.72,-1.05,3.14,3.77,1.21,3.79,-2.23,-3.24,2,0,0
5.16,1.92,4.95,4.2,-2.44,2.08,-1.88,0.07,-6.74,1.96,-3.42,-0.02,0.42,1.48,4.27,-7.84,2,0,0
-1.57,-2.84,0.39,-0.57,1.01,0.35,1.76,-0.67,-0.63,-1.82,1.1,0.38,-1.05,-1.27,1.05,0.58,2,0,0
1.87,-1.55,0.66,3.34,-2.52,0.21,-3.93,0.78,-1.25,2.6,1.03,1.2,3.35,3.36,-2.81,-0.2,2,0,0
1.96,2.19,-3.25,-1.73,2.19,-4.53,3.67,1.06,0.38,-1.8,-6.22,-2.62,-0.68,-1.2,0.96,3.9,2,0,0
-0.78,-6.59,2.92,0.85,1.34,-0.3,-1.15,-1.47,1.33,-2.34,-5.6,-2.12,4.11,0.06,1.78,-0.61,2,0,0
-3.46,0.52,-1.88,0.35,0.86,0.54,-1.81,1.41,-1.06,-0.87,-4.19,1.44,-2.19,-4.83,1.51,-0.82,2,0,0
-1.62,1.7,-1.17,-1.08,0.91,0.11,0.52,-0.31,0.25,-1.68,-0.29,-1.11,-2.09,-1.16,-0.26,1.3,2,0,0
1.53,-1.46,-3.31,-1.73,-1.62,-3.93,-1.68,-0.0,0.8,1.26,2.9,-0.35,0.18,0.98,-3.47,4.36,2,0,0
-0.04,-0.3,0.2,0.61,2.05,0.46,-0.15,-1.57,-2.11,0.42,-0.97,-0.7,-0.47,0.69,-0.62,-0.89,2,0,0
1.15,1.69,0.83,-1.45,0.08,2.5,-1.86,-2.38,-3.7,2.32,2.23,-1.25,2.59,-1.21,-1.85,-2.27,2,0,0
-1.09,2.44,-4.33,-3.0,0.71,-1.73,3.56,1.41,1.31,0.4,3.61,1.19,-5.18,0.12,-1.53,3.22,2,0,0
-2.85,-0.48,-0.99,1.02,3.37,4.45,-3.43,-1.13,-3.97,1.78,-1.42,1.31,-1.45,-1.4,-0.66,-2.64,2,0,0
3.35,-1.22,-1.77,-2.92,0.72,3.58,-3.92,-3.3,-4.52,4.7,0.84,0.08,1.7,-1.13,-3.02,-2.38,2,0,0
3.22,4.57,1.62,0.2,-0.56,-0.49,2.17,1.27,-0.88,2.66,3.6,2.9,1.54,0.01,-2.29,-2.39,2,0,0
0.96,-1.23,-0.7,-0.94,-2.39,0.16,-3.47,-0.94,-1.58,-0.27,-4.9,-4.31,1.16,-1.83,2.51,-0.52,2,0,0
-0.24,-3.32,-0.25,-1.05,-0.65,-0.32,-1.13,-0.34,-1.88,0.03,0.38,-0.79,-0.68,-1.01,0.42,0.68,2,0,0
2.56,1.3,1.36,2.32,-2.34,0.14,1.55,2.32,2.54,1.0,-0.03,1.25,6.63,1.68,-0.27,0.76,2,0,0
3.49,-3.77,-1.65,3.62,-3.2,-4.66,-2.09,2.05,0.06,-0.26,-1.14,1.08,0.34,3.51,-1.01,4.64,2,0,0
6.84,1.27,-1.74,-0.76,-1.23,-2.31,-1.98,0.46,-6.84,5.67,-1.09,-1.55,0.73,3.14,0.11,-2.32,2,0,0
3.68,-1.37,-3.77,-4.11,-0.02,0.01,-0.22,-2.16,-4.47,3.4,3.16,-0.73,-5.18,-0.56,-1.64,1.51,2,0,0
0.28,0.35,-1.33,-1.51,2.46,2.2,2.18,-2.26,0.82,1.46,2.11,1.62,3.6,-1.47,-2.76,1.1,2,0,0
0.04,1.35,1.38,2.51,-0.96,2.2,1.61,0.89,-1.05,-2.29,-0.49,1.63,-2.99,0.75,1.14,-1.86,2,0,0
2.56,-1.7,2.95,-0.32,1.7,-3.73,3.78,-1.31,-0.96,-2.47,-2.33,-1.88,-2.76,2.0,1.24,-1.15,2,0,0
-1.39,-2.03,-1.2,-4.57,4.81,2.14,0.87,-2.46,-0.1,4.38,2.11,0.58,1.4,-0.02,-4.53,-1.92,2,0,0
-2.63,-0.98,1.59,1.43,-0.71,1.05,0.71,0.15,2.45,-2.24,-0.56,1.15,1.02,-0.93,0.18,-1.18,2,0,0
1.65,-3.3,0.43,1.29,-1.75,-2.43,0.4,2.44,0.92,0.48,1.02,0.92,1.39,1.82,1.2,2.25,2,0,0
1.59,-6.35,-0.61,-4.29,0.02,0.59,-4.79,-2.88,-5.02,4.13,0.02,-1.76,-0.88,-2.12,-0.04,-2.04,2,0,0
2.97,3.44,-0.4,3.15,-2.51,-0.88,-0.38,3.4,-3.87,2.84,2.62,4.92,-4.71,1.31,-0.2,-1.71,2,0,0
-3.35,-0.61,-4.82,-6.06,6.07,0.69,0.16,-0.88,-1.07,3.26,-1.05,0.64,-3.63,-3.26,-2.75,0.4,2,0,0
1.77,2.16,0.25,-1.53,0.39,2.68,1.06,-1.4,-4.8,2.86,-0.04,2.28,-1.1,-2.7,0.35,-5.31,2,0,0
0.06,-3.5,0.64,-0.7,0.87,-2.85,-2.6,2.55,-2.21,3.1,-2.36,-0.02,-0.14,0.52,1.01,-2.23,2,0,0
-3.22,-3.21,2.74,0.37,2.92,0.41,2.93,0.1,4.67,-2.95,1.35,0.93,0.88,1.18,-1.13,1.06,2,0,0
-2.52,2.99,-1.49,-2.2,2.55,-2.24,3.12,2.52,0.84,-0.41,-0.89,0.1,-2.57,-2.77,0.34,0.88,2,0,0
-0.37,-0.41,0.26,0.84,-2.54,-3.07,3.78,0.61,4.24,-1.95,3.91,2.64,1.96,0.04,-1.9,1.57,2,0,0
-3.21,3.61,-0.1,-1.34,2.09,2.8,4.31,0.27,1.41,-1.22,-0.24,-0.28,1.82,-2.98,2.13,-2.11,2,0,0
3.1,2.21,-0.91,0.81,-2.49,-1.98,-0.88,1.42,-2.47,0.99,0.45,1.63,0.17,-2.01,0.2,1.02,2,0,0
-0.36,0.64,-1.54,-2.88,3.1,0.06,1.35,-1.1,0.34,0.6,-1.54,-0.75,1.15,-1.86,-1.68,0.45,2,0,0
1.83,-0.46,1.28,0.35,-0.57,2.47,-0.22,-2.14,-2.33,1.83,0.6,0.11,3.68,-0.5,-0.43,-2.04,2,0,0
-1.67,-0.94,-2.63,-0.78,0.73,-3.56,-1.46,1.18,1.72,-1.58,-1.58,-1.71,-2.93,1.24,-1.49,3.57,2,0,0
2.76,-0.33,0.93,1.46,-1.79,-2.76,2.51,1.84,0.09,-1.26,0.15,-0.23,-0.23,2.13,1.16,1.01,2,0,0
3.78,-1.1,1.37,2.41,-0.91,2.5,-1.34,-0.0,-2.75,3.14,-2.0,2.63,5.02,-0.17,0.09,-3.35,2,0,0
0.17,-1.94,1.66,1.11,-2.77,-0.57,-2.06,0.72,0.97,2.5,6.32,0.95,2.51,2.59,-2.44,0.21,2,0,0
0.88,1.44,2.45,1.46,3.86,1.31,0.68,1.1,0.63,1.2,-3.8,-1.99,3.36,3.98,-1.43,-1.24,2,0,0
-2.17,-2.59,-0.16,-2.24,2.47,1.71,2.46,-2.66,1.6,-2.36,-0.98,-1.46,2.04,-2.33,-0.48,1.21,2,0,0
1.82,-0.65,-1.49,0.72,-0.65,-1.42,-1.76,2.14,-0.94,3.84,-1.53,1.43,2.42,0.26,-1.21,0.49,2,0,0
0.08,0.8,0.68,1.31,-0.35,0.8,-2.25,-0.02,-3.76,1.02,2.17,0.56,-3.3,1.2,-0.26,-1.99,2,0,0
-0.03,0.35,-2.3,-1.42,3.6,1.95,-0.52,-2.28,-1.37,0.82,-0.38,-2.34,2.49,-1.03,-1.78,3.28,2,0,0
-0.75,5.32,-3.32,-0.45,-0.67,4.58,-0.76,0.55,-1.43,2.21,3.06,-0.49,-1.27,0.48,-1.79,-0.06,2,0,0
1.3,2.69,-1.35,1.24,2.44,-1.24,-0.91,2.19,-4.1,2.6,-1.09,2.84,-5.36,0.71,-1.05,-0.91,2,0,0
-0.03,7.44,-2.31,-1.04,-0.65,4.02,2.82,-0.41,-0.03,1.22,6.29,1.12,0.39,-1.56,-2.92,1.02,2,0,0
0.42,3.24,-5.06,-2.16,-1.06,-0.49,-0.94,1.33,-1.25,2.73,-0.1,-0.84,1.24,-3.45,-0.95,2.99,2,0,0
-5.5,-3.84,-0.69,-0.28,2.11,-0.83,0.36,0.71,2.81,-3.65,-2.67,0.45,-2.51,-2.73,0.49,2.0,2,0,0
-0.46,3.31,-0.23,1.73,-1.14,2.49,0.51,3.06,-1.34,2.12,2.32,3.35,-0.93,-0.24,-0.66,-1.8,2,0,0
0.38,2.87,-0.96,3.06,0.49,1.01,-3.56,2.86,-3.06,2.74,-1.81,1.96,0.17,0.3,-1.06,-0.97,2,0,0
-2.45,-2.14,-0.0,-1.37,1.05,0.62,0.17,-1.03,2.12,-2.21,-3.32,-1.31,1.64,-2.75,1.36,-0.02,2,0,0
-0.32,1.46,-1.25,3.07,-2.98,-2.06,-0.58,2.0,-0.29,-1.81,0.56,0.72,-4.05,2.02,0.41,0.64,2,0,0
-2.46,-0.43,0.7,2.43,-0.49,-0.9,2.2,-1.71,2.85,-5.4,2.84,-0.21,0.99,-0.91,-1.74,4.97,2,0,0
0.78,-0.72,1.2,1.71,-4.34,-0.26,-0.19,-0.03,-0.29,-1.92,-0.52,-1.57,2.3,-1.02,3.42,-0.62,2,0,0
0.84,-3.37,0.23,-3.84,-0.5,-3.18,4.98,-1.64,3.18,-2.74,-0.32,-4.63,1.56,0.52,1.29,2.32,2,0,0
0.07,-0.97,-2.12,0.62,-0.41,-2.2,1.16,2.27,2.33,-0.95,-3.94,-0.93,-0.04,2.18,0.94,1.63,2,0,0
1.43,2.03,-2.71,-1.83,5.14,-0.96,3.78,-2.35,-2.23,-0.05,-0.06,-0.3,-2.91,0.95,-2.82,2.47,2,0,0
1.54,-3.84,2.55,0.85,-1.48,-2.83,1.85,-0.22,-0.79,-1.41,2.05,-0.41,-4.09,4.64,1.18,-2.3,2,0,0
2.57,-1.65,0.79,0.31,-3.77,1.31,-0.61,-1.84,-0.79,-0.41,-0.19,-0.25,3.51,-3.16,1.66,0.34,2,0,0
4.36,2.65,-0.84,0.05,-2.13,-2.31,4.02,-0.45,-0.23,-3.04,-0.08,-0.21,-0.43,-1.52,0.57,2.61,2,0,0
3.89,0.54,-0.01,1.1,-4.7,-3.85,-0.28,2.11,-0.38,0.16,-0.99,-1.08,1.14,0.64,1.52,0.79,2,0,0
2.17,-0.48,3.6,1.74,-0.67,1.03,0.74,-1.91,-0.48,0.66,4.07,0.61,4.19,2.68,-2.19,-2.11,2,0,0
1.35,-3.9,-2.45,-2.13,-4.04,-4.4,-0.73,2.08,2.89,0.59,2.26,-2.57,-0.39,2.1,-0.85,4.44,2,0,0
-3.39,-4.46,-4.06,-3.38,-0.83,-1.29,1.23,-0.39,-0.14,-1.06,1.29,1.01,-3.18,-4.55,1.59,1.4,2,0,0
-0.3,-4.16,-1.29,-0.55,-1.29,-7.09,-0.06,0.78,2.31,-2.2,3.71,-0.18,-3.51,1.83,-1.35,5.09,2,0,0
-1.49,-0.15,-3.98,-1.1,-1.16,-1.76,2.1,1.98,1.44,-0.29,2.33,3.06,-3.7,-2.05,-0.61,2.93,2,1,1
1.97,-0.09,0.95,0.95,0.29,-0.56,4.18,-0.17,-0.76,-1.86,-3.56,-0.78,-0.1,0.93,2.77,-1.59,2,0,0
-2.65,-0.31,1.29,2.14,0.17,1.52,2.75,1.63,2.77,-0.22,5.35,3.64,1.66,0.48,-1.51,0.99,2,0,0
0.98,-5.13,6.97,3.62,-2.17,-2.82,0.2,2.0,2.35,-3.67,-2.52,1.09,1.21,1.2,2.46,-2.28,2,0,0
1.46,2.84,-3.47,-0.67,-0.23,-2.27,1.49,2.67,0.72,1.27,0.99,0.08,-1.41,1.05,-1.55,3.94,2,0,0
-1.36,-7.95,-0.48,-2.54,0.15,1.6,-3.04,-3.09,-0.15,0.44,2.77,-0.33,1.13,-1.25,-2.15,1.84,2,0,0
-1.49,-2.03,1.81,2.98,-0.69,3.06,-2.05,-0.28,-2.01,-0.01,-1.0,2.38,-0.69,0.07,1.22,-4.46,2,0,0
-3.17,2.23,-1.72,-4.32,3.58,5.14,3.77,-1.21,1.12,2.22,2.27,2.19,2.48,-4.35,-2.1,-1.96,2,0,0
-1.41,1.05,-0.21,1.51,2.73,-1.32,2.87,2.08,3.1,-1.4,-1.61,-0.23,-0.86,2.83,-1.79,2.71,2,0,0
-1.41,-3.92,0.79,-3.55,-1.12,-2.18,2.06,-1.53,3.04,-2.6,0.14,-3.8,1.35,-0.97,1.77,0.05,2,0,0
0.56,1.11,-5.45,-2.47,1.07,-1.92,-0.17,0.21,-3.06,3.29,1.1,-1.3,-2.33,-0.08,-1.41,2.64,2,0,0
4.87,-2.71,2.56,1.19,-3.76,-4.33,1.89,-0.37,-0.95,-0.67,1.44,-2.82,0.21,4.72,1.54,0.03,2,0,0
-1.96,-1.84,3.75,2.66,-3.28,4.87,-4.3,0.5,-5.6,2.69,1.63,1.58,-0.9,-1.41,3.8,-8.36,2,0,0
-0.61,2.0,-0.0,0.11,-3.81,-0.93,-1.86,2.74,-1.07,1.71,1.82,1.99,0.47,-3.2,2.24,-2.19,2,0,0
-2.23,4.44,0.15,2.41,4.01,1.34,1.82,2.23,0.82,0.48,1.85,2.52,-1.24,3.08,-3.58,-0.62,2,0,0
-1.6,3.32,-0.98,0.3,0.68,3.07,-1.8,0.52,-2.38,1.25,5.33,3.75,-3.08,-1.99,-3.94,0.62,2,0,0
-2.02,-0.11,-1.06,-1.53,1.92,-1.66,1.66,1.58,0.79,-0.48,-1.86,-1.71,-1.62,-0.52,1.21,0.93,2,0,0
1.61,4.85,4.61,2.97,-1.97,2.7,-0.2,1.77,0.48,0.46,-0.25,0.72,5.51,-0.31,0.9,-4.42,2,0,0
-1.57,-3.39,1.66,-0.39,-0.95,0.57,-3.37,0.14,-0.9,0.34,-0.49,1.09,-1.99,-2.4,0.51,-2.01,2,0,0
1.49,0.68,-0.27,1.84,-1.19,-1.7,-0.63,0.8,-0.2,0.33,2.81,0.85,-2.59,2.8,-2.52,1.64,2,0,0
4.49,3.91,-2.22,2.04,-3.09,-1.35,1.67,1.52,0.54,-0.14,1.4,0.99,2.95,1.8,-1.42,3.0,2,0,0
2.15,2.87,-0.9,0.15,-0.24,1.43,-0.65,0.91,-3.28,1.14,-3.54,-0.89,1.14,-2.49,1.73,-0.95,2,0,0
6.41,2.95,-3.9,-2.98,-1.83,-1.36,0.78,0.65,-0.42,4.78,1.8,-1.99,7.06,0.25,-2.75,4.5,2,0,0
0.05,0.86,-3.05,-3.3,3.77,3.68,-3.49,-2.97,-5.33,5.36,2.75,2.93,-1.43,-2.33,-4.99,-1.95,2,0,0
-2.51,6.66,-3.95,-1.61,1.78,1.79,0.68,3.19,0.47,3.35,1.51,2.87,-0.64,-2.83,-2.24,0.03,2,0,0
-2.92,-2.17,3.45,0.72,-1.27,-0.34,0.78,0.03,1.38,-1.99,0.05,-0.32,0.97,-0.77,1.97,-3.54,2,0,0
6.34,-5.13,-0.29,-2.37,-5.69,-5.87,-0.69,-2.87,-2.56,-3.13,-4.02,-7.18,1.24,-1.36,4.76,2.49,2,0,0
-2.37,-2.86,1.17,-0.97,0.43,0.62,-1.52,-0.27,1.63,-0.79,1.63,0.31,0.38,-0.3,-2.4,0.29,2,0,0
-0.73,-3.01,1.41,-0.12,-2.29,-3.65,3.43,0.45,5.19,-3.53,2.94,0.04,2.48,1.27,-0.14,2.28,2,0,0
-0.19,-1.33,-2.17,-0.29,-2.48,-3.35,2.16,1.27,1.79,-1.72,-0.15,-1.75,-2.69,1.32,1.6,2.72,2,0,0
-5.03,-7.34,-0.96,-2.15,4.25,1.47,0.2,-2.11,0.63,-2.69,-7.1,-0.23,-2.88,-4.59,2.8,-1.04,2,0,0
-1.63,-5.27,1.78,0.56,-1.79,-1.34,2.48,-1.8,5.46,-4.37,0.64,-2.24,4.04,1.74,0.27,1.84,2,0,0
-2.16,-1.18,2.98,2.56,-2.7,0.86,1.7,2.8,3.39,-2.65,0.49,0.74,0.55,0.78,2.06,-0.45,2,0,0
-0.92,-0.41,-0.34,1.3,-2.61,-3.49,-0.46,2.61,0.41,-1.3,0.47,0.6,-2.1,-0.84,1.37,1.57,2,0,0
0.79,-4.1,3.91,0.52,1.54,3.07,1.01,-2.84,1.59,-0.64,2.14,1.15,2.53,1.88,-2.34,-0.73,2,0,0
2.69,-2.15,-0.45,-4.67,2.54,-0.81,-0.57,-3.06,-4.04,3.64,-0.7,-4.82,-0.15,0.84,0.4,-1.53,2,0,0
-1.51,-1.07,0.3,1.89,1.79,2.39,2.14,-0.26,-1.46,0.63,2.9,3.76,-1.88,-0.17,-0.43,-1.0,2,0,0
-0.86,1.57,0.45,2.78,-1.99,1.95,0.99,1.21,0.21,0.53,1.56,1.66,0.63,1.06,0.99,-2.14,2,0,0
2.32,0.89,-2.46,-0.44,-1.39,-1.59,-1.81,1.24,-3.97,0.03,-2.99,0.0,-4.22,-1.98,2.05,0.33,2,0,0
-1.2,0.31,-2.59,-1.71,-1.29,0.27,0.62,-0.01,-2.28,1.2,4.46,0.79,-2.72,-0.91,-0.48,0.33,2,0,0
1.02,-2.52,-1.97,-1.96,-4.37,0.61,-3.68,-2.41,-2.71,1.29,0.49,-1.3,0.91,-3.62,1.24,-0.35,2,0,0
-1.08,-1.9,1.37,-1.82,4.54,0.53,-1.32,-0.75,-2.89,1.67,-2.8,0.02,-0.3,-1.32,-0.58,-3.71,2,0,0
3.06,-1.7,-2.88,-2.51,-2.68,-4.33,1.26,-1.75,-0.03,-0.64,1.65,-2.72,-0.1,0.05,-0.62,3.72,2,0,0
-1.2,-0.39,-1.76,-2.66,-1.23,-0.28,-1.5,-0.03,-1.64,1.0,-0.12,-2.56,-3.02,-1.37,2.19,-1.46,2,0,0
1.08,-0.28,-1.66,-1.11,-2.53,2.77,-2.04,-1.52,-2.49,0.81,0.4,-0.17,2.39,-3.68,1.04,-0.16,2,0,0
-1.93,-3.06,0.77,-1.09,-1.14,-1.67,1.58,-0.28,2.04,-3.03,-0.88,-1.88,-2.61,0.2,1.46,-0.76,2,0,0
-1.49,2.6,-3.22,-2.71,2.73,0.9,-0.05,0.71,-1.29,1.77,-2.23,-0.47,-1.14,-2.97,-0.74,-0.41,2,0,0
3.12,0.31,3.76,1.52,-4.72,1.88,0.18,-0.42,-1.65,-0.57,0.08,1.86,2.8,-3.83,2.59,-2.98,2,0,0
2.32,-0.57,1.14,1.98,-3.73,-4.27,3.1,0.46,2.16,-3.4,-1.21,-2.54,1.76,1.64,2.26,1.67,2,0,0
1.75,4.36,-1.51,-3.11,0.07,0.07,-0.57,-1.87,-0.59,0.93,-0.22,-3.48,1.89,-2.09,-2.32,0.93,2,0,0
-1.37,2.91,2.55,3.11,-0.88,1.49,-0.44,2.55,0.37,-0.03,3.41,1.26,-1.96,2.55,-0.94,-1.7,2,0,0
1.34,-2.54,-2.19,-0.46,0.04,-1.16,-1.48,-0.33,-0.73,0.06,-5.45,-1.44,0.49,-0.5,0.82,1.31,2,0,0
0.78,1.11,1.64,1.55,-1.87,-0.26,0.76,-1.44,-1.43,-0.69,2.68,0.5,0.09,-0.55,0.3,-1.09,2,1,1
-0.54,-2.24,0.68,-1.34,-1.65,-0.17,-4.75,-1.24,-0.69,1.13,2.29,-1.43,-0.64,0.39,-2.42,-0.73,2,0,0
-0.78,-3.89,4.86,-0.7,1.06,2.02,-1.87,-2.0,-1.8,1.51,2.65,0.57,0.32,-0.92,-0.51,-3.96,2,0,0
3.98,-1.36,-2.69,2.16,-1.72,-3.4,-1.82,0.24,-0.44,1.89,0.85,-0.77,3.43,3.19,-3.19,5.8,2,0,0
2.59,1.99,-3.06,0.65,-1.21,-2.0,-2.74,2.16,-2.04,1.71,-4.85,-2.84,-0.23,1.88,0.87,0.73,2,0,0
-2.31,-0.92,-1.56,-1.19,-0.24,-1.34,0.88,1.15,4.45,-1.57,-1.51,-0.85,1.77,-1.08,-0.6,2.93,2,0,0
-0.14,-1.62,0.33,0.99,-0.93,-0.36,-0.16,1.46,-0.56,-0.13,-2.62,-0.81,1.98,-0.29,2.59,-0.61,2,0,0
4.26,3.43,-0.36,0.87,-1.08,-5.84,1.41,1.25,0.68,-1.23,0.02,-4.03,0.31,4.62,-0.97,3.26,2,0,0
1.2,-0.4,2.92,3.4,-0.27,1.34,2.2,0.15,-0.61,-1.67,-2.22,0.24,0.36,2.96,2.21,-3.05,2,0,0
0.16,-1.71,-0.52,-1.9,1.3,-2.19,-0.95,-0.55,1.48,0.78,-0.89,-4.34,2.81,2.02,-1.34,2.4,2,0,0
2.86,-1.62,1.52,0.79,-3.21,3.37,-2.55,-1.32,-3.31,1.96,-0.29,-1.61,3.14,0.12,2.06,-2.59,2,0,0
1.3,-0.74,2.62,2.68,1.26,2.71,-2.45,-0.07,-3.62,3.23,-1.56,0.84,-0.5,4.05,-1.23,-4.72,2,0,0
-2.12,0.14,-0.38,-0.21,-1.56,-1.53,0.73,3.13,1.18,0.52,1.3,0.85,-1.62,0.13,0.77,-1.0,2,0,0
-1.68,-1.78,2.55,0.79,2.15,2.55,-2.01,-1.67,-0.12,0.68,-0.06,1.47,2.84,-1.21,-2.54,-1.9,2,0,0
-2.04,2.28,-3.85,-0.88,1.22,-2.21,0.85,0.23,0.83,-2.1,0.52,-1.02,-2.05,-1.42,-1.47,4.8,2,0,0
2.65,-5.33,-0.22,-0.13,0.04,-4.41,0.15,0.11,0.25,-0.57,-1.56,-0.95,-1.1,2.61,0.12,2.48,2,0,0
0.52,4.06,0.79,-1.87,2.51,0.52,4.74,0.96,0.58,1.3,-2.23,-1.55,2.69,-0.65,1.07,-2.46,2,0,0
-1.89,-4.34,1.59,1.13,1.88,-0.91,5.92,-2.06,2.78,-7.73,-3.97,-1.02,-1.28,-1.3,3.08,2.52,2,0,0
0.77,-0.99,1.26,1.72,-1.39,1.55,-0.59,-1.4,-0.5,-1.24,-1.99,0.54,0.49,-0.34,1.0,-2.53,2,0,0
3.51,-4.45,4.65,-0.7,0.01,0.17,0.97,-3.83,-1.88,1.02,-0.55,-2.58,3.9,1.8,0.75,-4.08,2,0,0
0.09,-3.11,0.56,-1.59,2.49,1.43,1.98,-0.68,0.15,0.11,1.72,0.87,-0.57,0.7,-1.46,0.49,2,0,0
1.93,-1.92,2.31,2.11,1.69,2.73,0.18,1.02,-1.1,3.42,2.48,5.86,3.48,1.38,-2.79,-2.42,2,0,0
0.82,-5.58,-1.64,-2.5,1.78,-1.34,0.81,-0.75,-0.31,1.15,0.31,-0.35,-2.63,1.81,-0.21,1.28,2,0,0
0.81,-2.5,3.4,5.05,-1.35,-0.27,-4.18,3.27,-0.35,0.99,-3.59,2.02,0.57,3.29,0.54,-2.81,2,0,0
-0.77,3.22,0.33,1.64,-2.2,-2.01,1.38,1.88,0.78,-2.43,0.35,-1.56,-1.49,1.36,1.58,-0.81,2,0,0
2.03,3.6,-4.01,-1.57,-0.47,-6.22,0.46,1.4,-0.07,1.14,-0.42,-3.79,-2.23,3.38,-1.88,2.72,2,0,0
-2.07,0.95,-3.0,-3.37,2.2,-0.65,-2.43,2.34,-1.07,4.19,1.01,2.15,-2.13,-3.46,-2.52,0.32,2,0,0
2.52,3.24,3.29,3.57,0.95,1.66,3.66,1.61,-1.17,-0.27,-2.27,1.7,-0.57,2.76,0.97,-4.63,2,0,0
2.27,-7.21,-2.86,-1.68,-2.63,0.61,-3.88,-2.79,-3.85,2.51,0.51,-0.04,0.29,-1.47,0.03,1.03,2,0,0
-0.54,0.99,-0.53,-3.96,2.81,2.58,1.62,-2.31,-4.72,1.78,0.82,0.52,-1.43,-4.47,1.13,-3.9,2,0,0
1.04,0.43,-1.97,-2.18,-2.51,-4.1,3.99,2.28,4.99,0.92,4.68,0.04,4.6,1.08,-1.96,4.12,2,0,0
-0.95,-2.2,1.11,0.73,-1.04,-2.44,1.77,0.21,3.25,-4.01,-1.98,-1.11,0.91,-0.5,1.65,1.81,2,0,0
1.93,-2.02,1.32,1.14,-3.16,1.61,-1.57,-1.38,-3.41,0.24,1.2,-0.78,-0.55,0.03,2.08,-2.18,2,0,0
-0.37,-2.39,-2.48,-0.45,-1.98,0.68,-4.52,-0.72,-1.98,2.94,2.19,-0.62,-1.05,0.67,-1.79,0.75,2,0,0
-4.76,-1.91,-1.0,-1.68,4.52,-0.75,-1.04,1.7,0.34,0.13,-4.45,0.22,-6.41,0.46,-0.4,-2.27,2,0,0
-2.36,-1.31,-0.59,-1.68,1.04,-2.39,-2.51,0.93,-1.25,1.47,0.44,-1.47,-5.84,1.36,-0.13,-1.71,2,0,0
6.61,0.79,3.71,1.95,-2.41,1.65,1.62,-1.97,-3.37,2.48,2.69,1.65,3.29,1.84,-0.87,-2.55,2,0,0
-1.56,2.26,0.88,-0.09,-2.18,0.24,3.34,1.6,0.46,-0.81,3.18,-1.95,-2.23,0.84,1.86,-0.49,2,0,0
5.48,2.32,-2.29,-3.16,-2.39,-2.95,2.2,-0.33,-2.08,2.22,1.85,-1.93,1.35,0.51,-0.07,0.72,2,0,0
-0.6,2.22,-0.08,-2.11,2.92,5.03,2.79,-4.54,-3.3,1.11,3.51,1.32,1.6,-3.87,-1.58,-2.63,2,0,0
-5.48,-5.59,-1.81,-4.71,4.31,0.53,0.09,-1.72,2.97,-1.42,-2.27,-1.17,0.75,-3.75,-1.25,1.89,2,0,0
-2.67,-1.06,2.55,2.21,1.46,2.28,-0.29,-0.25,2.02,-0.21,-1.7,1.39,3.59,-0.06,-0.75,-3.41,2,0,0
4.41,5.15,-1.2,0.07,-1.49,-2.13,3.67,2.32,1.94,0.59,2.81,1.28,4.1,0.68,-2.75,4.2,2,0,0
-3.43,-0.13,1.7,3.58,-1.3,-0.97,-5.85,3.8,-0.99,-0.24,-1.81,1.25,-3.66,0.16,0.41,-2.0,2,0,0
4.16,4.2,2.71,2.81,-1.92,0.16,-1.91,1.08,-2.9,4.29,4.09,2.35,1.01,3.02,-3.31,-2.74,2,0,0
-1.93,1.17,1.04,3.1,-1.21,-0.86,2.42,2.74,4.05,-5.44,-3.82,-0.98,-1.35,1.44,1.48,1.63,2,0,0
-1.2,0.26,-0.81,-0.65,1.2,-2.78,-1.1,2.37,0.62,1.09,-2.05,0.62,0.26,-0.69,-0.7,-0.24,2,0,0
-2.04,6.43,-3.79,-1.13,2.48,-0.99,4.95,2.78,2.7,0.62,3.12,3.56,-0.9,-0.56,-3.87,2.04,2,0,0
2.25,-0.73,2.03,-0.93,1.46,3.52,-1.15,-6.81,-5.35,1.67,3.23,-1.31,2.56,-1.04,-1.39,-3.67,2,0,0
0.93,-2.63,-0.23,-0.95,-3.91,-4.22,-0.18,-1.2,2.1,-4.65,-0.75,-3.4,-0.47,-1.82,1.06,4.11,2,0,0
0.35,1.56,2.16,1.0,3.26,3.18,-0.78,-3.23,-2.47,1.1,-1.05,-0.41,-0.08,1.26,-2.16,-4.19,2,0,0
2.37,3.57,-3.06,-4.67,3.16,3.8,2.07,-2.35,-2.37,3.67,-1.35,0.42,3.08,-4.68,-1.15,-1.12,2,0,0
-1.52,-3.4,4.66,4.28,-1.64,2.76,1.29,-1.23,0.29,-2.25,2.97,0.77,0.03,3.96,1.23,-3.68,2,0,0
1.11,0.24,-1.3,-1.15,2.47,-3.35,-0.6,1.55,-0.17,1.25,0.08,-0.75,-2.85,3.08,-3.04,2.3,2,0,0
3.36,4.48,1.91,-0.91,-3.35,-4.23,-2.12,1.11,-1.68,1.74,4.07,-3.02,-0.24,1.59,-1.66,-0.72,2,0,0
-3.84,-3.2,2.94,0.08,1.18,5.05,-1.41,-2.57,-0.9,0.87,2.45,2.27,1.84,-2.99,-0.74,-4.4,2,0,0
-0.26,1.09,-1.21,1.36,-3.05,4.15,-4.16,2.42,-5.01,4.46,3.59,2.98,-0.3,-1.53,-0.01,-1.84,2,0,0
-3.11,2.07,1.7,2.91,3.79,1.43,1.71,3.22,1.66,-2.18,-3.49,1.91,-2.73,2.47,0.42,-2.95,2,0,0
1.83,1.38,3.17,-2.11,1.22,1.73,1.03,-0.47,-1.03,4.88,6.38,2.88,2.36,-0.45,-4.1,-3.21,2,0,0
1.86,2.59,-3.27,-5.44,-0.62,0.1,1.54,-1.64,-2.5,2.47,-0.87,-2.61,1.8,-4.75,0.76,-0.51,2,0,0
-0.9,0.04,-1.22,-1.35,-3.33,-0.79,-3.21,0.8,0.76,1.46,0.87,-2.9,0.62,0.49,0.31,-0.62,2,0,0
-3.95,-2.72,0.47,-3.54,6.65,-4.25,7.32,0.2,4.52,-4.48,-4.11,-1.56,-5.36,1.62,0.87,0.45,2,0,0
4.94,-0.14,1.6,2.09,-3.82,-1.61,0.47,2.42,-2.27,1.27,-1.73,0.01,2.79,-0.86,3.16,0.47,2,0,0
2.32,3.48,0.52,0.38,-2.08,0.65,1.64,-0.42,-2.09,0.33,3.74,0.35,-0.32,-0.26,-0.15,-0.64,2,0,0
3.38,-0.2,-0.25,-1.13,0.89,-4.0,3.17,0.92,0.06,0.62,-3.24,-3.68,-0.45,4.4,0.63,-0.43,2,0,0
2.32,0.1,2.38,0.8,2.6,2.85,-0.01,0.19,-3.23,3.29,-2.37,1.93,1.83,-0.21,0.24,-3.81,2,0,0
-5.16,-4.8,-1.07,-1.78,-0.83,1.73,-3.8,-1.04,2.08,-0.78,0.37,1.52,2.43,-5.78,-0.53,0.53,2,0,0
1.27,-2.36,-1.49,-2.27,-0.8,-6.16,4.07,-0.5,5.23,-3.14,0.63,-5.19,0.9,4.04,-0.83,5.73,2,0,0
-5.24,-0.01,0.48,-1.88,1.91,4.53,-3.08,-0.1,-0.65,3.14,0.45,1.96,3.31,-4.55,-1.39,-4.76,2,0,0
-0.28,1.01,3.59,2.49,-0.28,2.72,-2.96,1.1,-0.28,3.04,2.6,2.4,3.73,1.16,-2.08,-3.6,2,0,0
-1.74,-4.22,0.44,-1.89,0.72,3.21,-1.46,-0.95,-1.38,1.63,-0.55,1.33,-1.8,-1.66,0.88,-3.57,2,0,0
1.04,0.44,1.08,3.27,2.31,-1.27,1.02,1.98,-0.06,-0.62,-4.98,0.56,-2.11,3.32,0.11,-0.12,2,0,0
-1.27,1.54,-3.41,-1.86,-1.0,-5.31,1.14,1.91,3.7,-1.69,-0.76,-4.52,-1.44,2.21,-0.53,3.95,2,0,0
1.68,-0.97,-0.51,-0.68,2.33,4.23,-5.28,-4.43,-6.34,5.96,2.97,2.99,0.48,0.0,-5.35,-4.1,2,0,0
-1.89,-7.28,1.24,-2.86,2.14,0.57,-0.76,-1.31,-0.58,0.95,0.57,-1.1,-2.85,0.68,0.08,-1.28,2,0,0
0.41,2.39,0.75,0.47,-2.01,0.78,0.05,0.6,-0.12,0.64,-1.89,-1.38,3.57,-0.63,1.25,-2.53,2,0,0
3.46,-0.49,0.71,-0.9,0.47,-1.23,0.73,-0.88,-1.64,1.54,-1.24,-1.0,0.18,1.33,-0.72,-0.78,2,0,0
-4.1,0.03,-1.43,-0.97,0.49,-2.82,-1.64,0.64,2.68,-1.64,2.12,-0.73,-1.43,-1.51,-2.68,3.2,2,0,0
-2.12,-0.02,-0.66,-0.81,-0.15,-0.76,0.49,1.93,1.96,0.5,-0.92,-2.18,-0.48,0.04,0.76,1.27,2,0,0
1.6,-6.21,1.7,-1.23,2.28,0.75,-0.54,-2.57,-0.99,2.57,1.61,0.59,2.82,1.68,-1.67,-0.5,2,0,0
1.16,1.51,3.4,3.45,-4.32,0.58,-0.36,1.56,-0.46,-0.15,2.82,1.09,3.98,0.03,1.64,-1.84,2,0,0
3.73,3.03,-0.24,-1.05,-1.99,0.13,1.36,0.13,-0.54,2.36,0.7,-1.08,2.37,0.19,0.32,-0.96,2,0,0
1.32,1.03,0.03,2.89,-1.46,-2.69,-0.64,3.63,1.09,-0.06,0.49,1.54,-0.8,2.93,-1.69,2.04,2,0,0
-1.06,2.72,3.02,-0.99,1.76,1.59,3.81,0.38,3.89,1.71,6.31,0.39,6.11,3.34,-4.03,-1.86,2,0,0
3.01,-1.53,3.33,1.28,3.11,2.16,1.15,-2.58,-5.26,1.05,-4.32,2.1,-0.93,-0.39,1.48,-6.02,2,0,0
-0.13,-0.65,-0.77,1.6,-3.23,-1.62,-1.8,2.01,-0.04,-0.12,1.22,-1.62,-0.44,0.56,1.0,3.24,2,0,0
-2.99,-2.16,-3.11,-2.02,-0.27,-2.0,0.72,0.98,2.25,-0.33,1.8,0.73,-1.4,-1.55,-1.23,2.63,2,0,0
-2.94,-3.7,2.9,1.76,-0.24,2.01,-0.77,-1.12,1.32,-2.86,-1.12,0.42,1.5,-1.44,1.09,-1.85,2,0,0
2.5,-1.51,0.6,0.83,-2.52,-5.99,2.26,1.99,2.95,-4.03,-0.54,-4.12,-0.63,4.18,0.64,4.85,2,0,0
1.48,-1.35,1.43,-1.63,-0.16,0.02,-2.05,-0.49,-3.43,3.95,2.28,0.3,2.38,-2.26,-0.3,-1.95,2,0,0
1.4,0.77,-4.25,-1.97,-1.04,0.3,-1.31,2.91,-2.0,6.0,2.35,1.94,0.43,0.26,-2.02,0.52,2,0,0
1.94,-2.9,-0.33,-0.25,-1.65,-3.04,-0.87,0.44,1.73,-0.73,-0.58,-2.74,3.38,0.91,0.31,4.32,2,0,0
1.03,2.0,2.31,0.14,1.52,2.17,1.41,-0.16,1.23,4.0,5.26,2.54,5.88,1.43,-4.92,-1.75,2,0,0
1.28,-1.03,-1.94,0.35,-3.39,-2.88,-5.06,3.69,-2.41,2.01,-4.0,0.72,-4.99,-1.67,1.84,-0.26,2,0,0
-1.62,0.12,-1.86,-1.21,2.04,-2.57,2.32,0.18,3.07,0.71,1.91,0.7,1.19,1.41,-3.33,1.58,2,0,0
4.55,0.3,2.25,1.91,-0.54,-3.67,3.83,-0.79,1.25,-0.62,1.73,0.11,2.12,3.56,-2.25,1.27,2,0,0
1.75,-0.43,-1.55,0.0,-2.62,3.37,-3.63,-1.52,-2.17,3.79,4.92,3.45,3.69,-2.58,-3.83,0.46,2,0,0
2.38,-2.08,-0.61,0.25,-0.62,-2.14,2.13,-1.29,-1.63,-1.35,0.51,0.31,-3.82,1.22,1.73,0.7,2,0,0
-0.02,-0.1,-1.66,-2.95,-0.61,-4.0,0.34,0.0,1.8,-1.13,1.36,-1.22,-1.01,-1.49,-1.78,2.94,2,0,0
1.75,-3.07,1.47,-2.38,-0.52,0.65,3.66,-2.92,-0.02,0.21,3.49,-1.32,2.08,0.42,-0.48,-0.42,2,0,0
-1.63,-4.63,2.58,1.17,-1.14,1.54,0.5,-2.17,1.65,-5.81,-1.27,-1.89,1.46,-2.12,2.74,2.22,2,0,0
1.18,-1.83,-1.47,-0.05,-3.92,-4.13,-1.06,1.72,0.66,-0.09,3.86,-0.37,-3.05,1.94,-0.88,3.17,2,0,0
0.48,-1.45,-0.7,2.3,-3.25,-4.75,-1.02,2.08,0.85,-1.56,-2.61,-4.13,-2.2,4.5,2.61,1.6,2,0,0
0.96,-2.34,-0.68,1.59,-2.63,-0.89,-0.47,1.01,0.84,0.55,0.89,1.12,2.33,0.79,0.38,0.8,2,0,0
1.22,-1.88,-0.78,-1.88,-1.44,0.33,4.45,-1.06,1.04,-0.58,4.56,-0.91,0.54,1.31,0.69,1.53,2,0,0
-0.53,-2.82,2.06,3.72,-2.3,-2.68,0.12,0.76,0.87,-3.67,-1.33,-1.13,-0.94,1.94,1.54,1.04,2,0,0
-0.79,-0.52,-3.35,-1.29,1.75,-3.21,2.01,0.09,1.91,-0.34,0.94,-1.92,-2.16,3.67,-1.97,3.64,2,0,0
1.2,5.8,-1.43,-0.02,0.71,0.02,0.76,1.96,-4.14,3.45,-0.84,0.12,-3.08,-0.02,1.06,-3.32,2,0,0
1.04,-2.6,-2.49,-3.22,-0.26,0.35,0.62,-3.37,-0.55,0.6,1.93,-0.15,0.32,-2.79,-1.29,2.66,2,0,0
-1.44,0.06,-2.14,-2.58,1.86,0.16,2.75,-1.36,1.49,-0.74,0.08,0.02,0.38,-2.87,-0.73,2.0,2,0,0
-3.53,-0.8,-2.96,-0.59,-0.5,-1.33,2.54,0.58,3.04,-2.32,2.01,-0.67,-4.4,1.07,-0.07,2.7,2,0,0
1.21,-1.58,-2.66,0.42,-0.69,-4.42,0.88,0.93,1.48,-1.33,-0.49,1.38,-0.24,-0.15,-1.59,4.49,2,0,0
2.18,1.52,1.7,-1.51,-1.73,0.74,1.91,-0.39,-0.04,-0.01,1.13,1.3,2.9,-4.01,1.03,-1.69,2,0,0
-1.21,2.66,-1.19,3.18,-3.56,-2.38,2.66,3.27,4.0,-3.97,0.42,-1.29,-0.6,3.03,1.08,3.04,2,0,0
-4.27,0.95,-2.81,-0.9,0.87,3.51,1.4,-1.36,2.12,-2.2,0.56,0.1,1.41,-3.45,-1.09,1.29,2,0,0
2.08,7.09,-2.05,-4.83,4.38,3.35,3.75,-3.5,-5.06,3.8,-0.57,-1.07,2.76,-4.34,-1.08,-4.01,2,0,0
-4.39,-0.9,-0.61,-1.67,1.43,1.9,3.54,-1.81,2.1,-2.83,5.53,0.46,-1.41,-1.67,-1.45,2.42,2,0,0
1.33,1.81,-0.01,-1.35,-2.82,3.43,-0.32,0.35,-0.78,3.27,3.11,1.97,1.6,-1.93,-0.33,-2.65,2,0,0
0.59,2.58,-5.43,-3.18,-0.54,0.4,0.15,0.16,-2.47,2.43,3.46,2.16,-2.18,-3.64,-1.96,2.75,2,0,0
0.99,-1.22,-2.32,-1.72,-2.86,-6.84,-0.76,2.77,1.19,-0.17,-1.13,-2.16,-1.05,-1.08,0.74,4.3,2,0,0
1.76,3.02,1.4,2.4,-6.09,1.89,0.73,2.0,-1.18,2.32,5.51,1.27,1.79,1.86,1.56,-3.83,2,0,0
1.77,1.45,-2.25,-0.44,-2.49,-0.73,-1.84,1.97,-1.95,2.27,-0.31,-1.43,0.94,0.06,-0.16,0.78,2,1,1
1.79,-3.93,-2.13,0.14,-3.78,-3.11,-4.04,0.66,1.0,0.62,1.26,0.85,1.5,-1.29,-1.91,5.24,2,0,0
-0.13,1.49,1.96,-0.99,1.1,1.58,5.32,-1.95,1.91,-1.72,5.33,0.24,2.85,0.46,-2.08,-0.02,2,0,0
0.73,4.54,-2.51,1.97,1.13,-0.14,2.89,2.29,-0.49,-1.64,-1.62,4.28,-4.58,-1.85,-1.03,2.51,2,0,0
2.82,-3.27,1.43,0.37,-3.12,-1.45,-2.44,-0.62,-3.92,1.95,0.47,-0.18,-0.56,0.51,0.89,-2.25,2,0,0
1.59,7.77,3.03,2.51,-0.1,1.81,2.71,3.37,0.37,0.65,0.01,1.27,2.69,0.63,0.15,-3.02,2,0,0
3.49,-0.83,-2.92,-2.2,0.08,-2.36,-1.85,-2.42,-3.61,1.68,1.44,-1.66,-0.12,-0.29,-2.22,3.44,2,0,0
-0.05,-3.88,3.36,2.13,-1.43,0.82,0.33,0.41,0.11,-2.77,-1.44,2.92,-2.71,-0.6,2.12,-2.72,2,0,0
2.03,0.13,0.91,0.06,-4.52,-1.44,-1.42,2.15,-0.19,1.99,-0.62,-2.16,1.72,0.32,2.4,-1.31,2,0,0
-3.61,-2.73,-0.0,-0.68,1.15,0.46,0.14,-1.08,1.23,-1.86,0.93,2.14,-0.03,-4.31,-0.45,1.25,2,0,0
2.08,0.16,-2.23,0.59,-3.79,-5.84,0.69,3.01,0.98,-3.82,-5.21,-4.76,-0.47,-0.04,4.22,4.45,2,0,0
5.01,-4.88,-1.22,1.17,-1.89,-5.83,-3.17,0.06,-3.09,0.81,-5.93,-3.3,0.76,2.91,1.24,1.55,2,0,0
3.22,1.87,-0.15,-1.01,-2.06,5.25,0.4,-3.65,-5.23,2.99,4.11,1.54,0.88,-0.88,-0.37,-4.84,2,0,0
-2.93,3.38,-1.46,0.12,-1.62,2.2,1.25,0.58,2.65,-1.98,3.32,2.0,2.76,-3.43,-1.22,1.05,2,0,0
1.05,0.3,2.38,1.34,-5.28,-0.95,-1.42,1.62,1.6,1.83,8.21,-0.27,5.24,2.07,-2.08,1.31,2,0,0
-1.77,-3.14,2.07,2.06,0.25,-1.37,0.94,0.01,3.21,-2.06,2.0,2.08,1.86,1.44,-2.01,0.97,2,0,0
-3.79,2.62,0.68,2.53,-0.9,-0.04,-0.59,2.54,0.09,-1.32,-0.2,0.28,-0.98,-0.34,1.36,-2.3,2,0,0
-0.26,4.91,1.96,-1.87,4.76,0.52,10.7,-1.42,4.71,-4.82,1.36,0.44,2.31,-0.18,-1.52,0.38,2,0,0
1.36,-2.32,-0.33,-0.45,-2.11,0.1,-1.9,-0.51,-3.66,-1.79,-3.6,-1.0,-3.31,-3.13,3.47,-0.61,2,0,0
0.75,7.21,1.27,0.89,-3.16,-0.75,2.41,2.37,2.66,-0.36,5.41,1.32,2.44,0.25,-1.58,-0.3,2,0,0
-2.32,2.15,-1.48,-0.24,0.76,-3.31,2.2,1.52,-0.2,-2.63,2.92,-0.25,-6.7,0.36,-0.16,2.79,2,0,0
3.09,-3.61,3.78,2.98,-3.15,-4.39,3.92,0.21,2.58,-4.67,-3.47,-3.45,1.32,4.89,4.25,-0.62,2,0,0
0.22,-6.38,-0.86,0.47,-3.05,-4.58,-1.3,-0.37,1.54,-1.94,-0.73,-2.54,0.5,1.39,0.74,3.72,2,0,0
1.06,-3.05,-0.13,0.66,0.34,-0.65,-2.9,1.3,-1.82,2.21,-5.0,-1.21,0.45,1.25,0.24,-1.25,2,0,0
3.03,5.27,0.51,-0.58,-0.81,3.52,2.0,-0.67,-2.96,2.59,1.14,1.5,2.76,-2.75,-0.07,-3.56,2,0,0
-1.25,-1.86,1.25,0.39,1.68,1.89,3.03,-1.22,1.1,-2.79,-0.27,2.22,0.81,-2.86,0.46,0.78,2,0,0
-2.85,0.88,-3.22,-1.52,2.87,1.37,3.17,0.72,2.19,-0.31,4.38,1.5,-2.71,1.01,-3.72,3.67,2,0,0
0.49,-1.04,1.11,1.68,-0.79,1.3,-3.98,0.26,-1.84,1.87,0.01,1.14,2.02,-0.7,-2.23,0.07,2,0,0
-2.84,9.02,0.78,-0.48,4.49,4.02,3.16,2.01,0.87,2.12,-0.33,0.52,2.03,-0.11,-2.12,-4.08,2,0,0
-0.11,-3.71,0.32,-4.39,-1.01,-1.93,-1.36,-1.75,1.03,-1.03,-0.21,-1.99,2.42,-4.41,-0.49,1.23,2,0,0
0.38,-0.11,1.03,-2.51,2.74,-1.72,4.71,-0.89,2.68,-1.03,1.18,-1.58,1.45,1.48,-1.27,0.56,2,0,0
-2.68,-4.72,-2.06,-5.84,-0.41,0.54,-5.57,-4.2,-0.97,1.26,0.44,-4.42,0.74,-5.13,-1.75,1.13,2,0,0
-0.32,0.53,-0.93,-3.89,1.14,1.13,3.26,-0.83,1.03,-0.02,-0.51,-0.68,1.51,-2.96,0.95,-0.83,2,0,0
-0.85,-2.62,0.46,-1.46,-0.31,-2.38,2.31,0.12,6.8,-4.09,-1.65,-3.29,2.69,1.08,-1.15,4.24,2,0,0
-4.62,-2.05,-1.73,-1.7,3.28,0.7,0.75,-1.93,0.81,-2.17,-2.93,-1.42,-2.67,-2.1,0.59,-0.28,2,0,0
-0.22,0.21,1.38,2.6,-0.93,6.6,-4.28,-2.51,-3.58,1.62,1.34,2.06,3.39,-1.87,-2.14,-2.74,2,0,0
0.54,-3.59,0.98,-0.82,-1.87,-0.66,1.38,0.08,-2.11,1.29,3.71,1.65,-2.24,0.66,1.31,-2.71,2,0,0
-4.14,2.56,-1.34,-1.24,-0.17,1.51,1.37,-0.2,-0.49,-0.92,2.38,0.93,-2.25,-3.58,0.67,-2.12,2,0,0
-2.77,-0.38,-0.42,1.31,-2.87,-2.09,1.79,1.61,5.26,-2.48,4.09,-0.19,0.56,2.08,-1.16,3.07,2,1,1
0.08,5.97,-5.59,-6.48,5.18,0.27,0.01,-0.61,-4.16,5.69,-2.51,-3.51,0.3,-2.86,-1.93,-0.59,2,0,0
2.62,-0.45,-2.77,-1.96,1.69,-0.83,3.21,0.21,0.61,1.35,-1.01,0.91,2.17,-0.94,-1.13,3.26,2,0,0
-0.91,-3.32,0.97,0.58,-2.65,-0.66,-2.58,1.01,-0.1,-1.68,-4.24,-1.42,0.63,-2.73,3.26,-0.57,2,0,0
3.88,0.06,-3.91,-1.87,-1.06,-2.19,0.2,0.86,-2.33,3.61,2.7,0.54,1.73,-0.38,-1.49,3.72,2,0,0
-0.27,4.84,-3.44,-0.61,3.87,3.19,3.01,1.98,0.68,1.82,-3.16,2.27,1.05,-1.79,-1.15,0.63,2,0,0
0.85,-2.61,2.86,0.49,-2.41,-3.1,3.38,-0.09,0.94,-3.84,3.26,0.08,-3.78,1.26,1.6,-0.32,2,0,0
1.83,-5.22,-0.59,-1.13,-0.18,0.75,-2.63,-3.81,-4.15,0.43,-0.79,-1.98,-2.42,0.08,1.05,-0.28,2,0,0
-1.19,2.65,-0.86,-1.23,3.13,0.78,1.47,0.56,1.09,1.75,2.28,2.92,1.01,-1.84,-3.86,0.83,2,0,0
3.95,-4.7,-0.11,1.28,-0.37,-0.25,-2.83,0.31,-1.45,3.82,1.11,3.37,1.3,1.83,-3.35,1.8,2,0,0
0.92,-1.05,-2.25,-2.82,-0.17,-2.48,2.6,-0.51,0.22,0.1,-0.34,0.96,-0.01,-2.84,-0.37,0.98,2,0,0
1.85,2.18,-0.83,0.04,-2.69,-3.88,5.19,3.44,5.05,-1.58,-2.88,-3.01,4.46,1.36,2.0,3.03,2,0,0
