@relation SyntheticData-N_600-D_16-Nmin_60-Zmin_32-CL_3_1-R_0
@attribute X0 real [-8.10, 9.22]
@attribute X1 real [-7.05, 6.75]
@attribute X2 real [-6.90, 5.72]
@attribute X3 real [-7.08, 7.19]
@attribute X4 real [-6.21, 5.67]
@attribute X5 real [-6.32, 7.98]
@attribute X6 real [-7.57, 7.86]
@attribute X7 real [-5.72, 6.48]
@attribute X8 real [-6.41, 6.92]
@attribute X9 real [-8.69, 8.86]
@attribute X10 real [-5.84, 6.87]
@attribute X11 real [-7.33, 7.58]
@attribute X12 real [-8.40, 7.31]
@attribute X13 real [-9.96, 7.01]
@attribute X14 real [-6.80, 6.35]
@attribute X15 real [-5.56, 5.42]
@attribute cluster_idx {0,1,2,3}
@attribute is_noise {0,1}
@attribute Class {0,1}
@inputs X0,X1,X2,X3,X4,X5,X6,X7,X8,X9,X10,X11,X12,X13,X14,X15,cluster_idx,is_noise
@output Class
@data
-0.34,-0.94,-2.39,1.61,0.02,-3.02,0.7,1.18,0.49,-2.46,1.23,0.01,-2.73,-2.59,2.35,-0.79,0,0,1
-1.41,-2.61,2.85,-1.39,-0.16,1.37,2.35,0.58,-0.24,2.82,-2.37,0.22,1.85,0.4,2.78,2.46,0,0,1
-3.13,4.91,-0.75,-2.4,-0.61,3.15,-1.36,1.79,-3.19,0.89,3.2,-0.36,-1.17,0.31,0.03,3.21,0,0,1
-8.1,-1.46,-0.72,-3.91,-0.34,-0.63,-4.05,-0.43,-1.28,5.91,1.26,-4.09,-3.18,-2.3,-0.16,2.98,0,0,1
0.99,0.64,-1.03,-0.58,3.29,-1.52,1.66,1.19,1.24,1.56,-5.37,3.68,-1.05,1.41,-2.34,-3.47,0,0,1
-0.68,0.42,3.1,0.38,2.54,-2.62,-0.83,-1.02,-1.97,2.27,-3.49,1.74,1.45,-0.24,-2.36,-1.74,0,0,1
-0.54,-2.31,0.75,-1.77,1.49,0.19,0.83,1.49,1.49,2.53,-4.66,-0.22,1.27,-1.29,2.12,0.89,0,0,1
-1.06,1.7,-2.3,-3.78,-0.17,-0.08,-1.77,-3.67,2.82,0.41,2.69,-2.13,0.12,-2.3,-1.87,1.16,0,0,1
-2.28,-0.8,-3.75,-0.36,-1.96,0.72,-2.47,1.12,0.57,0.83,2.86,-2.05,-3.52,-5.19,1.54,2.4,0,0,1
-0.92,-0.43,0.05,-2.11,-2.41,0.38,3.34,-0.88,0.21,-1.12,2.31,-0.99,-1.08,-0.73,6.35,2.56,0,0,1
1.31,-0.43,-1.88,0.93,0.63,-1.99,1.67,1.55,2.27,-1.56,0.37,1.95,-1.84,-1.84,2.66,-0.83,0,0,1
-2.92,3.4,1.27,-3.89,-1.73,2.6,-1.39,-4.26,0.93,0.6,3.13,-3.11,2.41,0.05,-0.4,1.0,0,0,1
-2.01,0.11,1.71,3.92,-1.51,0.69,-0.7,0.35,-0.47,-1.97,3.44,-0.79,1.34,-2.98,2.87,1.3,0,0,1
0.9,2.16,-1.17,-3.69,1.23,2.73,-1.64,1.54,-0.32,-0.29,-1.64,-0.69,4.96,-0.11,-1.6,1.3,0,0,1
0.93,1.39,-1.34,-0.17,-0.28,1.26,-0.59,2.97,-2.06,-0.85,2.08,0.93,-1.57,-1.33,1.77,3.6,0,0,1
1.07,3.79,-1.85,-0.65,0.54,5.17,-1.77,4.27,1.29,-0.04,-0.67,-0.0,1.39,-2.4,0.73,2.67,0,0,1
2.34,3.68,0.78,-0.25,-1.81,4.06,0.34,0.46,-1.22,-1.33,2.29,0.71,3.06,-0.65,-2.1,1.71,0,0,1
0.05,-0.02,0.07,-0.28,-0.51,1.4,2.38,0.54,-0.51,-0.3,0.05,1.37,2.48,0.93,0.93,1.2,0,0,1
-0.13,-1.06,-0.09,1.45,0.69,-0.01,-1.04,0.81,2.55,0.81,-1.57,-0.69,-0.37,-2.08,-0.18,-0.43,0,0,1
-0.44,-2.92,-0.42,2.87,-2.76,1.44,-0.52,-1.73,5.5,-0.43,1.02,-5.63,-0.91,-2.27,-2.69,-0.6,0,0,1
-1.29,1.24,-4.07,-0.8,1.49,-0.97,-0.48,-2.11,-3.02,-2.72,1.91,0.71,-0.6,-1.92,-0.99,0.96,1,0,1
3.47,0.34,-0.33,-0.47,4.58,2.88,4.34,1.73,-4.01,-3.01,3.2,1.48,-0.23,0.22,1.77,-2.1,1,0,1
2.77,-0.66,1.06,-0.27,1.31,-0.05,4.86,-0.75,0.5,-1.85,-0.26,5.99,3.75,2.5,-0.1,0.6,1,0,1
1.23,2.92,2.47,-0.65,-1.99,5.05,-4.4,-2.51,0.2,-0.92,0.54,-0.62,0.36,1.61,2.09,2.83,1,0,1
-4.53,-0.11,0.65,1.42,-0.89,3.36,3.6,0.82,5.12,2.53,1.17,4.21,-2.56,4.9,-2.7,2.37,1,0,1
3.95,-0.96,-1.44,0.4,0.41,0.59,-1.74,-3.3,2.04,2.91,1.26,-2.48,2.96,0.2,0.32,1.49,1,0,1
2.67,-2.47,2.9,0.87,-3.74,-1.52,2.02,0.88,0.19,1.99,-1.5,-0.1,-0.9,-0.26,-1.67,-2.67,1,0,1
-1.28,-0.56,3.88,1.12,-0.28,1.74,2.96,6.48,-2.63,1.25,4.64,1.67,0.6,2.62,-3.39,0.94,1,0,1
2.4,-0.93,1.86,-2.61,4.02,-0.24,2.03,1.0,-0.63,-3.49,-2.68,3.72,2.85,0.17,1.78,0.39,1,1,0
0.15,-1.28,1.05,1.18,-0.69,-0.11,2.61,-0.57,-2.24,1.23,4.27,2.97,0.05,2.2,-2.82,2.57,1,0,1
4.01,-5.69,3.84,3.16,-2.61,3.23,0.86,-0.94,-1.57,2.7,6.87,1.66,0.98,4.07,-6.18,0.14,1,0,1
2.21,-0.4,3.61,-0.92,-6.21,1.57,0.42,-2.65,2.3,6.31,1.48,1.96,-4.29,3.67,-2.32,-1.69,1,0,1
2.02,0.17,2.98,-2.66,0.42,3.41,0.21,0.76,1.4,-1.73,-2.01,1.99,5.84,1.12,0.62,1.0,1,0,1
0.24,-0.29,1.73,2.75,-1.49,4.53,0.05,-1.54,-0.02,1.61,3.9,-0.65,-3.01,3.06,-2.36,-0.45,1,0,1
0.2,-0.9,0.41,0.67,-1.1,0.97,3.8,3.25,-1.53,-0.61,-0.33,-1.79,1.61,-1.07,-0.91,-0.25,1,0,1
2.88,-1.52,-1.89,-0.71,2.76,-2.94,-1.94,-1.59,0.23,-2.48,-2.82,-2.48,1.52,-3.86,3.5,0.01,1,0,1
2.98,-3.49,2.72,1.87,-2.0,-0.37,-3.75,1.27,-2.96,0.1,1.27,-4.01,3.15,-2.05,-1.45,2.21,1,0,1
2.27,-1.28,-5.36,-0.27,2.56,-3.69,-1.13,-3.85,-0.28,-2.2,-0.63,-1.36,-1.44,-3.6,0.81,-3.19,1,0,1
2.37,-0.07,-0.88,3.33,2.47,-4.66,2.61,1.04,-1.28,3.52,1.64,-4.99,-1.77,-2.87,3.17,1.74,1,0,1
2.57,-0.74,0.3,-0.03,-2.5,-0.5,1.85,-4.48,1.23,2.19,0.39,3.01,-3.21,1.47,-1.1,-2.57,1,0,1
-0.28,-2.73,1.63,0.35,2.19,1.23,-3.75,1.22,2.18,0.51,-1.9,2.31,-0.39,-5.71,0.26,0.24,2,0,1
-3.14,1.43,-2.91,1.82,-5.39,0.78,0.09,-0.98,-3.58,-0.08,0.22,-0.23,1.55,2.73,0.88,1.45,2,0,1
0.18,-3.38,3.37,0.78,0.89,-2.01,-0.33,0.32,2.02,4.45,-2.39,0.37,0.11,-0.32,1.82,-2.48,2,0,1
2.34,3.19,-1.85,0.01,-0.01,4.62,2.23,-3.41,0.74,-1.0,6.18,-2.48,-1.84,0.76,0.64,1.13,2,0,1
0.92,-3.02,0.22,-0.57,-1.61,-0.07,0.18,0.55,-0.03,0.09,-1.19,1.48,-0.94,0.39,-0.67,2.07,2,0,1
1.17,-0.66,0.66,2.24,-1.98,-0.75,0.2,1.51,-1.25,2.12,0.41,-5.01,-1.19,5.03,1.2,0.34,2,0,1
-4.78,0.54,0.72,3.13,0.18,-0.06,1.62,0.05,-0.01,-1.5,-0.06,-3.19,-3.96,-3.02,-2.7,2.21,2,0,1
-1.18,-2.01,-0.19,0.48,-0.75,1.69,-0.29,1.42,0.42,1.3,4.42,-1.9,-1.74,1.91,0.97,2.12,2,0,1
-2.17,1.66,-3.25,-1.3,-1.15,4.22,-2.56,-0.52,-1.8,0.93,-0.3,-1.05,-0.77,-3.3,1.92,-0.02,2,0,1
-1.29,4.2,2.47,-0.93,-3.3,-1.34,-0.89,-1.95,-4.04,-1.0,-5.78,-2.44,0.6,-9.96,0.72,-2.68,2,0,1
4.48,0.8,3.65,0.67,-2.0,-1.72,-1.63,3.24,-2.41,-2.98,1.61,-2.37,1.25,2.42,0.71,-0.19,2,1,0
2.23,-0.03,0.3,3.14,-1.15,3.5,0.35,3.11,0.55,3.44,0.56,-0.23,-0.75,3.09,5.81,-0.66,2,0,1
-0.22,1.35,-2.65,-1.52,-4.73,-0.94,1.96,-3.72,-3.66,-1.16,-3.65,-2.3,1.16,0.81,0.44,3.54,2,0,1
2.0,-2.78,1.32,1.15,-0.33,2.57,4.05,-0.26,3.32,3.48,2.11,-4.05,-2.68,1.69,5.07,1.14,2,0,1
1.37,-3.74,-1.45,0.16,2.76,-0.38,-2.98,-1.07,0.32,4.03,-1.25,0.69,-0.62,1.73,-0.53,-2.9,2,0,1
2.12,0.71,4.9,-1.47,2.12,-0.35,-0.52,-0.52,2.34,3.49,-2.5,0.48,-0.65,-3.14,0.97,-0.38,2,0,1
2.08,-2.74,1.4,1.12,2.74,1.48,0.48,-0.72,3.3,3.74,1.04,1.39,-0.45,1.29,2.44,-4.28,2,0,1
2.15,1.26,2.6,1.84,0.74,3.63,1.8,-2.25,4.13,2.74,2.03,-1.21,-1.85,-0.5,1.4,0.66,2,0,1
3.32,0.7,3.03,-0.53,1.97,0.69,-5.4,1.18,0.93,0.95,1.12,-1.45,2.72,-4.53,1.55,-1.87,2,0,1
-0.15,-1.28,-4.15,3.18,0.5,0.76,2.26,-1.62,-0.95,1.81,1.33,1.47,-0.09,7.01,2.04,-1.29,2,0,1
0.64,-2.56,-1.32,-1.22,-2.97,-0.32,-1.5,-4.54,-0.62,0.96,1.68,3.46,-2.17,2.99,-1.56,0.12,3,0,0
3.01,-7.05,1.82,4.77,-0.78,-2.33,0.38,1.01,3.48,0.8,0.02,-2.65,2.12,4.39,-2.71,-1.54,3,0,0
-1.1,1.23,-2.27,-0.4,-0.36,1.32,-1.27,-1.73,-1.52,-1.47,2.75,3.37,-2.32,-0.13,0.21,2.74,3,0,0
-0.65,4.69,4.83,3.11,-0.52,2.36,3.67,3.19,-2.45,-5.09,1.49,-6.16,-1.11,-1.54,3.87,1.64,3,0,0
2.1,3.87,1.53,0.06,-0.68,2.87,3.29,1.85,-3.21,-4.05,-0.21,0.79,-0.27,-0.03,2.51,0.02,3,0,0
-3.92,0.57,-2.09,0.69,2.13,-0.53,-7.57,-0.49,2.38,1.27,1.41,0.0,-2.96,1.62,1.85,3.99,3,0,0
3.41,-2.03,0.74,1.2,2.83,1.57,-5.43,0.87,2.11,2.13,0.29,-0.6,2.57,0.75,0.83,2.27,3,0,0
-1.16,0.4,1.76,-0.61,1.14,-4.57,1.31,0.06,-1.04,-0.94,-0.76,-2.03,-2.71,-3.4,-0.6,3.32,3,0,0
1.54,0.97,0.81,0.64,1.01,-2.27,1.41,-1.22,-3.11,0.7,-1.3,-3.76,-2.07,1.67,-2.3,-1.57,3,0,0
1.36,4.04,-2.12,2.88,-1.09,-0.21,0.3,-0.31,0.83,-3.99,-0.11,-5.08,-2.48,-1.13,0.7,1.17,3,0,0
-1.49,-0.33,1.53,5.62,-3.4,-1.19,0.6,2.74,2.28,-6.65,-0.35,0.91,-4.37,-4.62,0.1,0.53,3,0,0
-0.25,2.45,-0.28,-1.54,2.03,-1.66,-3.55,0.18,0.75,1.23,1.11,-2.08,2.15,-0.41,-0.1,-0.35,3,0,0
4.18,0.64,2.56,4.51,-1.09,5.08,0.64,4.28,1.25,-2.48,-2.39,-4.4,-3.9,0.84,0.44,4.84,3,0,0
-0.32,2.81,1.65,-3.9,1.19,-3.4,-0.22,-1.04,-1.21,-1.79,-1.4,0.71,-1.51,-4.53,-2.48,-1.85,3,0,0
1.65,1.19,-4.42,1.19,-3.41,-1.17,-1.7,-2.8,1.39,0.85,1.46,-4.46,2.33,5.39,-0.63,-2.14,3,0,0
-0.55,-2.42,2.72,-3.51,-0.73,-3.49,4.75,2.52,-2.98,-1.4,-4.46,6.01,-1.0,-1.54,-4.18,-3.35,3,0,0
-1.61,-0.87,-2.41,2.99,1.12,-3.73,-4.77,-1.58,2.54,0.02,0.4,-4.58,-2.25,0.1,-1.59,3.16,3,0,0
-0.05,0.86,-0.9,-1.79,-0.17,-3.54,0.4,-0.29,1.33,-3.78,-3.47,1.23,-2.73,-2.63,-5.36,0.29,3,0,0
-2.35,-1.15,-0.62,-0.73,-0.52,-1.5,-1.01,-2.03,-0.38,-3.85,2.09,3.39,1.38,-0.52,-0.87,-1.01,3,0,0
-2.27,0.83,-2.32,-3.68,1.86,-3.12,-3.66,-2.01,1.09,-2.67,-1.64,3.81,-2.35,-2.76,-2.58,0.34,3,0,0
-0.9,-1.77,-3.12,1.27,1.9,-3.42,-2.17,0.52,1.59,1.16,-0.61,-2.51,-0.5,2.13,-2.28,0.38,3,0,0
-1.84,2.01,-4.54,2.38,-3.38,-0.05,1.58,-0.67,-2.81,-3.49,1.13,6.29,-3.28,-3.36,-2.79,4.1,3,0,0
1.99,-1.81,1.67,2.5,-0.83,1.13,2.6,-0.27,-1.93,-5.53,-0.93,-1.1,-1.2,0.03,-0.31,-0.52,3,0,0
-0.11,-1.56,1.68,1.6,-0.39,1.09,-0.79,-1.18,-0.72,-4.62,-4.71,0.4,-0.59,3.6,-2.88,-0.02,3,0,0
0.88,-3.35,-0.15,-1.24,0.27,-0.91,-0.37,0.8,-0.27,0.59,0.48,4.57,-2.61,-2.69,-1.78,0.85,3,0,0
0.45,-4.68,1.28,0.82,-5.03,1.02,2.87,-0.26,1.51,-2.17,2.4,1.33,0.53,4.84,-4.11,1.91,3,0,0
1.91,-3.94,0.02,1.92,-0.39,0.12,-3.5,-0.25,2.82,-0.03,-0.19,-2.46,0.83,4.0,-2.46,1.12,3,0,0
2.37,-3.97,-0.12,1.56,1.69,-0.1,-1.92,0.88,-0.78,1.28,-0.28,-0.4,1.05,2.02,0.02,-2.51,3,0,0
1.24,-0.87,0.12,-2.22,2.92,0.16,-2.65,-1.31,-0.8,0.77,-3.76,0.26,-1.8,1.13,-2.46,1.08,3,0,0
-0.61,-0.9,-0.08,-0.94,1.54,-1.29,2.44,-0.83,-3.57,-2.2,-0.97,3.52,-2.56,-2.61,-2.3,-0.07,3,0,0
6.25,-2.79,0.64,-2.24,0.96,0.33,0.51,1.6,0.62,6.25,-2.81,0.08,-0.79,1.48,-5.18,2.62,3,0,0
3.71,3.09,1.01,-0.25,-2.92,7.12,-0.63,0.98,-2.62,-2.29,1.36,1.53,-2.72,-1.72,2.31,2.8,3,0,0
2.43,-3.95,-0.13,2.7,-0.99,-3.44,-3.14,0.17,0.42,3.36,3.0,0.16,0.09,-1.99,0.67,-2.16,3,0,0
1.07,1.79,-1.89,-1.0,1.21,0.27,-2.67,-2.8,-1.7,-0.02,1.44,0.33,-2.13,-2.33,1.97,0.61,3,0,0
6.3,-0.41,0.15,1.06,1.46,3.19,-0.1,3.37,-0.61,2.1,1.32,0.57,3.27,0.52,1.56,-0.84,3,0,0
3.13,0.72,-1.88,0.08,-0.8,0.09,-0.72,-0.51,0.12,2.1,-4.65,2.63,0.52,2.69,-3.07,-2.61,3,0,0
-0.35,2.32,1.27,-4.81,3.11,-2.1,-1.32,-0.98,-4.45,3.38,0.66,3.55,1.26,-2.02,3.27,-1.28,3,0,0
-1.93,-1.32,-0.86,-0.96,1.17,-6.32,1.44,-1.27,-1.69,0.91,0.25,5.85,-3.21,-4.15,-2.51,-0.41,3,0,0
4.51,-1.74,1.02,-1.6,0.83,-4.15,2.95,-2.02,-0.05,1.19,-2.01,-1.74,3.89,2.83,-4.66,-2.46,3,0,0
-1.25,-2.09,2.11,-0.69,-1.29,-1.6,-1.57,-0.69,1.03,1.1,3.33,-2.45,0.26,1.32,1.48,1.9,3,0,0
4.69,-2.09,0.43,-5.13,1.69,1.04,-0.79,-0.86,0.42,2.4,-1.19,3.03,3.99,3.3,-2.51,-0.3,3,0,0
-0.18,-5.29,-1.76,2.95,3.71,-5.17,-1.64,-2.17,-4.01,2.12,0.43,0.84,-2.44,-1.06,-2.28,-1.81,3,0,0
1.5,5.32,0.85,-2.4,2.85,0.98,1.88,2.87,-3.14,-3.47,-3.76,0.07,-0.93,-2.73,0.43,1.11,3,0,0
0.91,2.22,2.26,1.41,3.11,-0.67,-4.06,0.11,-0.01,-0.21,2.31,-3.0,2.01,-1.55,3.37,-0.23,3,0,0
0.85,0.72,-0.28,1.21,-0.24,-1.14,-1.0,-0.2,-1.57,2.35,4.09,-2.03,-1.28,-1.3,2.06,-0.17,3,0,0
1.63,2.0,-2.52,0.25,-1.35,-3.87,2.48,-4.23,-4.78,2.89,3.56,1.51,-2.71,-2.59,1.84,-2.8,3,0,0
2.01,-0.85,-1.34,-1.0,3.18,-2.2,-4.11,-0.91,1.75,2.71,1.91,-3.84,5.15,3.3,-0.43,-2.64,3,0,0
1.51,-4.61,-0.67,0.65,-3.58,-2.41,3.03,3.0,4.23,-2.85,1.0,1.92,1.23,-0.23,-3.73,-0.05,3,0,0
0.24,-2.2,-2.64,1.4,-1.52,0.47,1.03,-1.37,-2.5,0.74,4.21,2.07,-1.75,2.5,1.56,-0.96,3,0,0
4.23,-0.66,-2.22,0.13,-1.49,3.09,-1.63,-2.29,-3.4,2.24,2.08,3.02,-0.06,0.75,0.72,0.63,3,0,0
1.4,3.01,-0.72,-3.02,1.48,-2.6,0.94,-2.61,-2.17,1.15,2.61,1.39,0.59,-2.35,0.92,-3.3,3,0,0
1.27,-2.52,1.77,3.15,2.41,0.63,-0.12,-0.67,-1.19,0.65,2.22,-0.34,0.94,3.78,1.06,-5.56,3,0,0
0.68,-2.68,0.47,-1.08,-1.54,-2.86,0.57,-4.27,-0.81,2.31,2.65,1.77,-4.6,-1.5,-2.41,3.51,3,0,0
3.21,-2.9,-1.74,-4.82,0.79,-1.32,-5.92,2.28,2.33,8.77,0.94,2.56,4.91,1.95,-1.42,1.21,3,0,0
1.28,2.29,0.67,2.22,-1.25,5.12,-2.4,0.38,-1.97,-1.85,-0.14,-0.53,-2.31,2.31,3.7,1.11,3,0,0
-3.31,0.38,-0.88,4.3,-0.78,-2.17,-0.94,-2.44,-4.49,0.1,4.58,-0.31,-2.88,-0.25,3.56,0.23,3,0,0
1.71,0.15,-1.83,1.39,0.6,-3.16,2.84,-2.38,-2.08,-1.47,-0.84,-1.64,-2.64,-1.08,-5.33,-0.48,3,0,0
2.21,1.31,1.75,2.33,1.01,-0.33,0.48,4.43,2.73,-1.17,-3.04,0.12,1.29,0.62,1.08,-4.16,3,0,0
0.91,-1.4,-1.34,-1.67,3.47,-1.5,-1.71,-1.32,-1.43,1.31,-4.17,3.93,0.57,2.3,-4.53,-0.79,3,0,0
0.11,0.15,-0.09,-0.73,2.84,0.71,0.93,2.09,-1.81,0.83,0.21,1.49,-0.66,0.66,-0.1,0.9,3,0,0
3.04,2.39,-0.98,-3.85,0.3,-2.06,2.52,-1.83,-4.58,2.94,2.23,3.04,-0.53,-2.78,1.96,-1.41,3,0,0
1.26,-4.1,0.42,-3.32,1.79,-2.54,-2.01,-0.87,-1.83,3.28,-0.52,3.12,-0.81,-0.37,-3.16,-2.23,3,0,0
1.45,-3.07,-1.02,-1.11,0.62,-1.1,1.25,-1.23,-2.11,1.19,-2.55,3.35,0.94,1.49,-3.15,-1.08,3,0,0
-1.11,-3.38,0.94,-2.8,-0.53,-2.24,0.38,1.43,1.14,-1.13,-0.42,0.3,-2.14,-0.47,-4.98,2.38,3,0,0
4.84,-0.14,-0.2,4.78,2.1,0.39,0.74,-0.63,-2.35,-2.85,0.38,-4.93,0.51,1.44,2.18,-4.63,3,0,0
4.65,-0.26,-2.8,-1.09,0.19,-1.93,0.22,-0.49,-0.72,4.68,-0.79,3.73,3.31,1.06,-1.35,-3.5,3,0,0
0.02,-2.01,-2.21,-2.74,0.11,-1.5,-1.37,-0.72,-2.17,2.3,-0.79,1.36,0.34,1.83,-2.89,2.24,3,0,0
-1.76,-3.01,1.03,-1.09,3.14,1.32,-3.82,1.47,2.91,-3.48,-1.04,1.81,-1.2,-0.34,-2.59,2.17,3,0,0
8.22,-1.99,2.86,-3.53,-0.42,-2.34,6.73,2.19,0.56,6.44,-1.34,-1.15,3.7,3.46,-2.32,-2.5,3,0,0
1.22,5.99,-0.26,-0.55,-3.82,-1.19,2.36,2.42,-0.14,1.03,1.16,-3.85,-1.11,-1.23,2.38,3.14,3,0,0
2.85,0.14,-2.01,-1.0,-5.0,1.83,2.87,0.14,1.66,-1.86,-0.66,0.45,-0.99,2.65,-4.55,2.52,3,0,0
1.54,4.64,0.95,1.79,-2.91,3.08,1.56,0.13,-3.22,-2.67,1.74,-0.91,-0.77,0.02,5.35,-1.13,3,0,0
-0.26,0.29,0.97,0.86,-2.39,-0.36,3.34,4.35,-0.71,-3.02,-2.06,2.55,-0.31,-0.79,-0.8,-0.67,3,0,0
1.2,1.54,0.44,2.03,-1.82,-2.36,4.74,0.36,0.38,-6.53,-1.69,3.35,-0.88,-3.15,-2.99,-3.95,3,0,0
2.85,-2.03,-1.35,3.12,-3.14,-0.96,0.56,0.33,2.54,2.4,2.53,0.73,0.93,1.9,0.28,1.27,3,0,0
0.74,-1.07,-2.78,1.45,-3.49,0.6,-0.51,-0.95,0.28,-2.08,3.02,0.69,0.65,2.47,0.01,-2.03,3,0,0
-2.04,0.7,-0.25,0.56,-3.38,-4.84,2.44,-2.92,1.65,-2.71,2.74,-0.89,-3.08,-1.5,-1.99,1.52,3,0,0
-1.68,3.7,1.58,0.82,-2.46,-0.91,2.46,-1.19,-1.55,-5.72,-1.31,-1.54,-1.2,-0.83,-1.67,0.0,3,1,1
1.81,-1.97,-1.94,-2.68,0.77,0.81,-2.07,0.08,-2.79,4.75,2.25,5.43,0.5,-0.0,1.61,0.7,3,0,0
0.41,-1.51,0.23,-4.0,2.32,2.98,-0.71,-0.5,-0.85,-3.72,0.57,6.13,-1.19,0.76,-1.28,2.04,3,0,0
0.94,-2.81,0.41,1.54,1.14,-2.45,1.57,0.9,-1.47,0.77,-0.71,2.39,1.86,1.72,-1.16,-4.7,3,0,0
5.46,-5.93,1.97,1.01,0.07,-0.31,1.39,1.3,-0.6,3.51,2.99,-0.58,1.55,1.94,1.58,0.97,3,0,0
0.04,5.65,-0.72,-2.49,-3.08,1.31,-0.69,0.46,-0.95,-2.51,-0.65,1.43,-2.91,-3.43,1.3,3.38,3,0,0
2.19,-0.98,0.28,-2.01,3.31,4.7,-3.81,-0.61,-3.2,0.48,-0.82,3.56,-2.49,-0.03,-0.07,1.93,3,0,0
-1.59,1.15,-3.55,1.73,-3.4,1.56,-3.2,-3.77,-0.94,-2.5,3.01,1.96,-2.0,1.96,0.45,3.24,3,0,0
6.07,-4.36,-2.66,2.96,-0.58,4.82,-1.0,-1.72,-0.14,2.91,4.24,1.54,0.72,4.88,0.02,1.56,3,1,1
0.07,-3.1,-0.55,-0.19,-0.21,1.99,-6.01,-0.71,-0.32,3.29,-1.12,6.12,-3.32,0.59,-0.89,2.79,3,0,0
9.22,-4.34,0.84,-0.47,-0.15,0.28,0.43,-0.33,0.05,5.6,-0.6,-1.91,3.19,3.46,-1.32,-1.77,3,0,0
-1.0,-1.48,0.35,3.65,-4.11,-0.34,1.24,0.97,0.09,-1.2,1.77,1.42,-1.67,1.64,1.38,0.27,3,0,0
6.66,-2.13,-1.48,3.05,-1.45,6.31,-2.65,-1.25,1.19,1.1,-2.62,1.36,-2.13,5.2,-0.64,3.24,3,0,0
-1.41,-1.2,-2.5,0.32,1.6,-2.95,-4.12,-1.54,0.53,-0.13,1.23,0.62,-2.13,-1.22,-0.5,-0.8,3,0,0
3.45,-4.32,-1.65,6.12,1.32,0.6,-3.12,1.08,3.18,1.8,0.11,-0.83,-0.41,3.41,0.27,1.03,3,0,0
-0.12,2.63,2.0,1.34,0.37,-2.37,1.62,-1.68,-4.69,-1.02,3.45,-1.45,-0.53,-1.04,4.83,-1.39,3,0,0
1.69,-0.47,3.61,3.92,-0.14,-1.21,-0.04,4.23,2.34,-0.13,-0.51,-5.93,4.69,2.43,1.33,-2.35,3,0,0
-1.45,2.72,0.92,-3.6,2.41,-4.27,-3.64,-0.66,2.32,-0.34,1.3,-5.26,-0.37,-2.0,0.13,2.48,3,0,0
0.75,-2.13,0.05,2.84,-0.51,1.01,-0.93,0.11,-0.18,-5.3,-2.33,-2.74,-4.35,-0.14,-2.88,2.26,3,0,0
2.96,-0.25,0.54,1.42,-1.69,0.97,-3.02,1.62,1.06,0.22,2.99,-2.88,0.07,-1.35,0.69,3.38,3,0,0
0.5,0.54,-1.06,2.01,0.08,0.85,-2.21,0.78,-0.1,-0.12,0.48,-0.91,-3.32,-0.39,1.33,3.11,3,0,0
2.45,1.31,0.53,-2.39,-0.34,0.93,-1.74,0.69,-0.69,2.85,4.85,-0.8,3.12,0.49,4.8,0.18,3,0,0
1.55,-0.65,1.86,-3.58,1.79,0.14,0.44,-2.08,-4.21,3.51,1.27,0.61,1.33,1.8,0.36,-1.49,3,0,0
-2.6,0.27,-2.53,-0.63,-0.51,2.24,-1.89,-2.83,-2.6,-3.51,2.51,4.14,-2.24,0.07,-0.78,1.02,3,0,0
3.66,-0.77,-1.51,1.84,-0.79,0.11,-0.52,0.55,0.92,1.6,1.62,-1.27,-1.83,0.03,1.36,2.13,3,0,0
4.44,0.98,0.07,-3.77,0.78,2.38,0.94,-2.86,-0.7,1.99,-1.22,0.65,-0.79,2.88,-2.7,3.38,3,0,0
1.24,-0.69,2.41,1.46,-0.02,4.1,-4.27,3.07,2.27,-1.65,2.92,1.28,2.46,1.45,4.03,0.82,3,0,0
3.24,0.81,-0.96,-4.81,-1.79,-0.89,0.78,1.36,1.15,1.73,-1.11,1.89,-0.84,-0.35,-0.91,0.67,3,0,0
1.1,1.59,-1.42,-1.51,-0.47,-1.29,0.26,-2.66,0.68,-3.52,3.3,-2.96,1.07,0.73,-1.53,-1.07,3,0,0
3.33,-2.44,-2.34,0.36,-3.84,-3.7,2.36,0.06,3.4,-0.92,-1.58,3.29,-2.39,-0.15,-5.97,1.17,3,0,0
0.91,2.71,1.4,-2.68,1.71,-0.21,-1.49,0.97,-0.59,-0.41,-2.49,1.05,-1.28,-1.61,-0.24,0.18,3,0,0
-0.26,1.48,2.11,0.98,-2.01,0.39,-0.18,0.2,0.35,-4.99,-1.14,-1.7,3.46,0.75,-0.06,-3.04,3,0,0
-4.73,-0.28,0.27,-3.61,-1.25,-1.54,2.33,-0.05,0.16,-8.69,0.22,1.76,-2.3,-2.59,-2.56,2.77,3,0,0
-0.62,-6.5,3.77,4.69,2.14,-3.32,1.94,4.63,-0.44,-1.96,-0.86,-1.59,1.9,1.47,0.01,-1.69,3,0,0
1.98,-5.87,-0.18,6.14,-1.98,-1.74,2.29,1.41,1.4,-3.59,-0.83,0.52,-2.58,0.64,-3.22,-0.95,3,0,0
-0.48,4.21,0.87,0.04,-3.85,4.44,1.04,1.82,-1.11,-5.36,1.05,1.75,-2.91,-1.36,2.45,1.78,3,0,0
-0.03,-3.38,2.11,2.75,-1.03,-0.87,0.89,0.82,2.23,-3.51,-1.4,-1.65,-2.08,0.21,-4.89,3.71,3,0,0
-1.94,-1.15,-0.93,-0.59,1.23,1.29,-0.93,-3.51,-2.76,-3.44,3.25,3.89,-2.84,0.42,1.01,-0.19,3,0,0
-3.13,3.69,-2.05,-4.58,2.78,-1.01,-1.54,-0.68,-1.69,-3.2,-4.03,6.12,-3.64,-4.05,-2.02,1.78,3,0,0
0.92,4.32,-1.06,-0.23,4.78,2.15,-3.0,1.7,-1.33,-2.58,-3.66,1.49,1.01,-1.63,1.84,-0.62,3,0,0
-3.27,-2.28,3.33,0.16,5.01,-0.4,-5.16,1.01,-0.57,-3.94,-1.25,-3.75,-0.54,0.74,0.33,2.1,3,0,0
1.26,4.38,-0.01,-2.62,0.9,0.8,-1.49,-2.0,-0.66,0.36,1.39,-1.28,2.18,1.66,3.84,-1.62,3,0,0
-2.46,-6.27,-2.22,2.61,1.21,-2.31,-2.55,-1.27,-0.16,-0.54,1.38,-0.11,-3.74,1.54,-2.84,3.12,3,0,0
1.31,1.17,-0.98,-2.62,-3.7,2.05,1.68,-1.13,-1.11,-0.11,1.99,2.3,-1.93,0.36,-0.21,3.28,3,0,0
3.73,-4.55,2.52,2.71,-4.63,-1.4,2.79,-0.04,2.08,-2.11,0.94,-0.28,-0.97,-0.31,-2.54,0.79,3,0,0
-0.48,1.71,0.45,3.14,-1.05,-1.37,0.17,2.34,0.59,-5.51,-0.69,-0.75,1.39,-1.02,2.04,-2.62,3,0,0
0.14,-3.65,1.39,4.38,-2.02,-2.2,-3.52,-0.03,2.42,0.62,-1.0,-2.45,-3.14,0.47,-2.06,2.87,3,0,0
2.43,-3.09,-1.79,-1.07,-2.21,-0.95,-0.39,-1.32,0.35,0.29,0.74,2.31,1.38,2.75,-2.64,0.66,3,0,0
1.56,-1.45,0.76,0.24,1.27,-3.06,1.07,1.04,-0.46,-1.29,-0.17,-2.04,2.23,-0.01,-1.77,-3.07,3,0,0
-3.57,0.44,1.36,-1.46,-3.31,-1.87,0.24,-2.81,-0.66,-1.52,5.56,0.8,-1.3,-0.84,1.13,2.33,3,0,0
-0.84,-1.68,1.23,-1.0,0.28,-1.37,-1.17,-0.67,-2.11,1.59,1.94,1.82,-0.81,-2.06,-1.24,2.24,3,0,0
2.09,1.58,-0.25,-1.46,0.11,-3.12,-1.81,4.95,2.42,0.57,-2.03,-1.15,3.27,-1.3,-0.24,-3.7,3,0,0
7.43,-3.42,-0.36,3.31,-2.67,2.08,0.13,1.9,3.94,2.03,3.79,-2.1,3.51,2.88,0.42,1.12,3,0,0
3.74,0.41,0.79,3.13,-4.28,4.46,3.29,-2.37,-2.3,-3.44,2.56,0.96,2.61,4.72,3.86,-0.24,3,0,0
2.37,2.57,0.09,1.31,-0.72,2.89,-0.88,5.21,-1.4,0.35,1.15,1.7,0.32,-2.67,2.73,3.42,3,0,0
2.99,-2.7,-2.46,-3.18,1.53,-1.37,-1.6,1.11,0.31,3.03,0.27,4.26,3.46,-0.2,-2.96,-0.03,3,0,0
0.64,0.31,2.78,2.54,-0.78,-0.51,0.46,-1.72,-3.29,0.63,3.18,-5.38,-0.95,2.4,2.42,-2.04,3,0,0
-0.83,-1.8,-3.46,0.16,0.07,-4.33,-2.08,-0.46,2.34,-1.71,1.16,3.18,0.5,-0.79,-4.49,0.27,3,0,0
1.91,-0.58,-1.48,1.96,4.16,3.74,-0.7,-0.85,-4.07,-1.65,0.23,2.2,-0.27,2.37,0.49,0.63,3,0,0
0.45,-0.24,0.6,-4.96,-3.19,-0.31,-1.27,-0.94,2.25,-3.32,2.04,0.12,0.36,-0.84,-2.69,1.96,3,0,0
1.78,1.34,2.09,1.61,2.07,-1.18,2.68,0.38,-2.42,-1.74,-1.9,-2.79,0.87,0.67,-0.52,-4.3,3,0,0
2.99,-2.31,0.62,1.67,2.08,1.54,-5.02,0.94,0.75,1.27,0.84,0.79,-1.66,-0.92,1.06,2.48,3,0,0
1.87,2.04,-1.49,1.19,-1.02,-2.24,3.46,-0.08,-1.76,1.3,5.46,-2.69,-1.26,-1.71,2.11,0.89,3,0,0
-0.47,-2.16,-1.42,-0.27,-3.47,-1.82,2.58,-2.57,-0.88,-2.97,0.73,-0.45,1.1,3.91,-2.01,-3.63,3,0,0
1.29,-6.41,-2.84,3.56,0.02,-0.11,-4.79,-2.68,1.19,0.65,-0.03,-2.0,-2.4,4.4,-3.95,1.08,3,0,0
-1.5,0.21,-2.13,2.81,-1.23,0.38,-0.87,0.36,-0.47,-0.6,2.63,-0.03,-3.34,0.72,2.45,1.15,3,0,0
1.79,-1.4,0.24,1.11,3.81,-2.03,-2.5,0.05,-1.34,0.79,2.15,-1.88,-2.55,-2.39,0.6,0.96,3,0,0
1.31,-2.1,0.34,-0.12,1.75,1.26,-3.8,0.62,1.33,1.46,-0.08,-0.72,2.41,3.01,-0.07,-0.13,3,1,1
4.23,-5.07,2.47,-0.88,0.83,1.01,4.21,2.69,0.91,0.29,-4.48,3.11,0.87,4.15,-5.04,0.27,3,0,0
0.26,5.38,2.05,-0.14,2.68,3.37,1.22,1.31,-3.99,-3.97,-0.14,-1.65,-0.27,-1.87,3.94,1.82,3,0,0
0.46,-5.5,-0.87,-0.06,1.08,-0.33,-3.8,-1.22,1.16,0.1,1.24,1.19,-0.26,1.18,-2.63,0.71,3,0,0
2.32,-2.42,-1.58,1.8,0.95,-0.26,1.86,-1.74,-0.05,-2.72,-3.23,1.2,-3.03,2.07,-5.33,2.0,3,0,0
-0.43,2.83,1.82,0.06,-3.51,1.9,1.94,1.02,-0.98,-2.21,1.34,-1.37,-0.8,0.02,1.87,2.16,3,0,0
-1.57,0.95,3.73,-1.07,-0.94,-0.46,1.38,1.15,-1.85,-5.12,0.96,0.03,0.71,-2.01,0.96,-1.84,3,0,0
2.55,-0.24,0.28,2.18,-0.21,0.45,2.63,1.36,-0.88,-0.03,2.06,-2.21,1.61,2.05,1.8,-0.07,3,0,0
-2.72,1.2,-1.19,-1.09,-2.45,1.41,-5.29,-0.98,-0.06,-1.56,1.31,4.91,-6.27,-3.89,0.14,4.26,3,0,0
0.18,1.52,-0.01,2.86,-2.94,3.05,-2.02,-0.72,-0.69,-2.26,3.86,1.56,-1.07,0.05,3.9,0.6,3,0,0
-0.72,-0.43,-2.64,3.24,0.86,-1.13,0.17,-0.82,-4.67,1.22,0.79,-0.11,-1.31,1.71,0.46,0.08,3,0,0
0.49,-2.41,0.86,6.05,-2.32,-3.58,4.83,0.67,3.12,-3.05,-2.62,-4.3,-1.11,4.32,-5.43,0.39,3,0,0
0.18,1.96,0.02,-0.89,-1.64,0.82,0.55,-3.54,-2.83,-1.43,6.55,-0.91,1.14,0.15,2.16,-2.18,3,0,0
-1.86,-0.08,2.11,-1.75,0.53,0.39,-1.63,1.38,2.22,-2.29,1.03,-1.43,2.39,1.69,-0.63,0.32,3,0,0
3.71,-2.19,-2.84,1.58,-0.21,-0.89,0.37,1.04,1.92,-1.42,-1.11,-0.57,0.23,1.58,-4.52,-0.14,3,0,0
0.87,-1.59,1.68,-3.57,-0.12,-1.34,5.35,0.8,-0.59,-2.67,-2.58,2.62,2.01,2.13,-4.05,-2.42,3,0,0
-0.45,-0.53,1.43,2.21,-1.79,-0.1,0.08,3.64,0.02,-1.41,0.43,-1.06,3.2,0.99,0.94,1.33,3,0,0
0.74,-3.12,-0.48,-0.45,2.33,-2.69,-0.11,1.49,-0.57,-2.14,-3.93,5.94,-1.59,-2.52,-3.08,-3.07,3,0,0
3.86,-0.78,-0.89,-0.91,0.22,1.56,-1.02,-2.72,0.49,-0.2,-0.24,0.68,2.35,2.89,-1.27,1.19,3,0,0
0.15,-2.06,-3.38,-1.26,2.41,-0.24,-2.52,1.3,0.62,4.13,-0.92,6.7,-0.57,2.26,-0.62,0.91,3,0,0
-3.76,0.54,-1.82,-3.36,-3.93,-3.11,2.01,-0.11,2.39,-4.18,1.39,3.83,-3.3,-4.45,-3.17,2.86,3,0,0
1.58,-2.54,-4.31,4.29,-3.99,-0.62,-3.08,-1.48,1.3,3.88,0.86,0.74,-2.05,3.66,-0.54,1.17,3,0,0
-0.02,2.39,-1.09,2.58,-6.17,0.34,-1.32,4.8,4.87,-0.41,-0.3,-1.33,0.72,2.03,0.69,3.13,3,0,0
0.35,-2.2,-1.21,-1.02,0.96,-0.71,0.98,0.46,-3.23,1.04,2.79,2.45,2.25,0.7,0.65,-2.91,3,0,0
-1.1,4.75,-6.17,-7.08,-1.45,-3.12,-2.32,-4.04,-1.32,0.49,0.68,6.35,-0.42,-2.06,-1.13,0.52,3,0,0
4.07,-4.18,1.32,-1.66,-1.5,-1.06,0.97,0.61,1.86,-0.04,-0.69,-0.86,2.43,2.65,-2.74,-0.28,3,0,0
-2.69,0.58,-0.7,-2.8,2.84,-3.87,-2.21,-1.5,-1.9,1.06,-1.08,2.23,-1.75,-2.6,-1.94,0.2,3,0,0
0.48,-0.61,-0.78,-3.54,-4.21,-2.16,2.01,-0.5,0.63,1.15,3.64,1.98,2.06,0.34,-1.07,1.29,3,0,0
1.26,-4.17,-2.32,-2.94,2.97,-0.81,-6.75,-3.88,3.47,2.88,2.87,0.55,5.44,5.49,-1.84,2.16,3,0,0
-1.93,4.36,1.91,5.27,0.03,0.19,1.52,-1.13,-3.62,-4.5,-1.01,-5.29,-8.4,-2.66,1.55,2.83,3,0,0
2.5,4.13,1.47,-1.36,-1.72,0.51,2.24,1.69,0.19,-3.11,-0.76,-3.13,-0.03,-1.81,0.71,2.22,3,0,0
-2.41,-1.79,0.27,1.97,2.91,3.34,-2.29,-0.71,-2.91,-4.87,-0.19,2.97,-3.74,1.16,1.07,0.11,3,0,0
1.21,0.54,1.0,2.61,-4.17,2.35,-1.34,-0.24,1.17,-2.6,3.18,-1.7,0.52,2.66,2.24,1.63,3,0,0
2.06,0.63,0.28,0.67,-2.46,2.1,-1.64,2.29,2.99,-2.27,1.52,-0.02,3.4,1.79,0.64,-0.31,3,0,0
-1.3,-0.1,-2.83,-2.26,4.45,0.19,-3.07,-3.53,-2.65,-0.44,-0.43,1.81,1.09,3.25,-3.58,-2.86,3,0,0
-5.2,1.97,-0.71,0.01,-0.24,-4.48,-1.02,-1.53,-1.22,-6.22,2.0,-1.81,-1.51,-2.93,-0.33,0.22,3,0,0
5.32,-2.65,-2.9,3.55,-2.85,-0.99,3.2,0.91,2.93,-0.73,-2.19,-3.94,1.28,4.97,-5.67,1.29,3,0,0
4.13,1.4,0.47,-4.76,4.12,4.33,-3.91,-1.7,1.17,-1.79,-0.87,0.48,3.48,1.53,-1.01,1.21,3,0,0
-0.43,1.72,1.37,-2.84,1.08,1.79,-1.88,2.8,2.6,-3.94,-3.81,0.3,1.18,1.74,-1.09,-0.12,3,0,0
-0.33,2.49,-2.33,-3.53,-1.5,-2.55,-3.87,-3.52,-2.35,3.8,4.79,-0.12,3.12,-0.45,1.84,-1.78,3,0,0
-3.2,1.13,1.79,1.19,-2.31,-0.33,0.56,0.72,-0.7,-3.52,0.95,1.67,2.46,2.2,2.12,-0.22,3,0,0
0.59,-2.37,1.94,1.27,0.68,-1.79,0.3,-1.53,-1.11,-0.01,-0.21,-1.05,-3.57,-1.19,-2.06,1.95,3,0,0
0.88,1.16,-2.21,1.1,-0.37,-1.53,-2.7,1.63,-0.1,0.71,-3.18,-0.28,0.06,-0.17,-0.62,1.62,3,0,0
-1.86,6.16,1.29,-1.7,0.63,-0.32,2.23,0.91,-1.21,-4.45,-0.22,0.06,-0.69,-4.55,0.09,0.24,3,0,0
1.46,0.76,2.03,1.82,0.55,-1.44,3.07,4.41,-1.61,-1.65,-0.56,-1.72,1.27,-1.23,1.87,-1.46,3,0,0
-2.43,-4.55,3.15,0.65,2.04,-3.55,4.13,2.0,1.32,-2.97,-3.3,-2.48,-1.99,2.39,-5.51,2.85,3,0,0
0.35,1.08,-0.22,-2.14,2.46,2.41,-0.37,0.05,-4.33,2.79,3.4,2.21,-3.09,-2.26,2.38,5.22,3,0,0
-1.53,-2.91,-1.24,1.2,-0.59,-4.42,-1.27,1.04,0.6,-1.91,-3.8,2.6,-3.35,-2.18,-3.5,2.13,3,0,0
4.27,-4.95,-3.27,3.7,-1.04,6.83,-5.69,-3.15,-1.28,1.26,4.76,0.98,0.24,5.54,-0.55,3.02,3,0,0
5.2,-5.31,0.63,1.68,-0.89,0.19,-2.82,2.79,2.71,5.56,-0.28,-5.0,1.56,5.03,0.38,2.37,3,0,0
0.54,-6.64,-6.9,0.97,-0.38,-4.65,-3.87,-1.91,1.45,5.75,0.73,2.43,-3.26,1.13,-4.86,1.03,3,0,0
0.85,-5.55,-1.41,4.05,-2.37,0.1,-5.65,0.99,5.55,1.08,-1.31,2.28,-1.44,3.75,-2.45,0.75,3,0,0
3.55,-1.27,-2.94,0.2,-1.4,-2.45,0.63,-1.59,-0.85,3.02,2.15,0.56,2.07,-0.07,-1.57,-1.71,3,0,0
-1.16,3.14,1.1,4.73,-0.14,-1.53,-2.01,-0.77,-0.54,-3.64,-1.23,-0.97,-3.35,-3.12,1.08,0.83,3,0,0
1.83,1.41,5.0,4.09,0.67,4.09,-0.14,2.86,-0.01,0.06,-1.43,-6.3,-2.68,2.4,2.54,3.89,3,0,0
2.58,-2.5,-0.44,1.87,-2.4,-0.25,-1.18,0.43,-0.55,4.55,1.31,2.07,0.09,1.63,0.16,1.41,3,0,0
-0.91,0.86,2.34,-1.86,0.26,-2.03,-2.77,-3.35,-2.44,-1.32,3.7,-3.3,3.13,-1.32,3.18,0.28,3,0,0
0.2,-1.46,3.76,0.25,1.23,-0.1,-0.15,0.73,-2.05,-1.57,-0.85,-1.06,0.19,0.9,1.19,-0.19,3,0,0
1.34,-2.18,2.27,3.57,0.5,4.68,0.39,1.99,-2.46,0.83,3.92,0.32,-4.03,-0.74,1.58,4.22,3,0,0
1.26,-1.03,2.94,6.52,-2.07,-2.4,4.69,2.54,0.45,-2.45,-2.98,-0.22,0.57,1.45,-0.25,-3.38,3,1,1
0.53,-2.16,-1.75,0.97,-0.94,-0.2,-1.1,1.21,0.45,-0.28,-0.1,1.41,-0.45,1.18,-3.14,1.37,3,0,0
0.6,-2.04,2.12,6.47,-4.87,2.28,3.1,2.9,-0.08,-3.71,0.94,-2.15,-1.68,1.83,-0.51,2.57,3,0,0
2.79,-1.75,1.12,-2.62,-1.52,-2.0,-1.27,-1.5,0.13,1.71,1.85,0.33,0.94,-1.32,-1.97,2.3,3,0,0
-2.73,1.95,-2.24,-1.75,-0.25,-2.07,-0.56,-0.75,-1.21,-0.25,0.61,4.27,-0.1,-0.83,-1.14,-0.87,3,0,0
0.66,-1.25,-0.58,0.79,-1.87,-3.48,1.79,-1.25,1.86,0.38,0.89,0.31,-0.67,0.18,-1.5,1.31,3,0,0
0.22,-3.47,5.04,2.42,-1.55,-1.63,1.26,4.22,3.26,-4.17,1.4,-1.45,1.63,0.25,2.03,-1.48,3,0,0
2.57,-1.39,2.67,-0.11,-3.33,-1.48,5.65,2.48,-2.41,-0.9,-1.36,0.76,-0.98,-0.43,-1.98,-0.09,3,0,0
2.25,-5.12,-1.89,0.18,2.78,3.84,-3.86,-3.9,-0.91,2.47,1.54,1.74,0.07,5.53,-1.76,0.52,3,0,0
-2.2,2.29,0.99,-2.07,0.92,-3.76,0.63,-0.51,-1.9,-1.49,-2.0,0.7,-1.03,-3.02,-1.69,-0.98,3,0,0
1.25,-4.19,0.67,3.65,-0.33,-2.01,-2.95,1.35,2.68,1.26,0.49,-4.24,-1.65,1.9,-0.86,-0.12,3,0,0
1.81,-3.32,1.47,5.47,0.45,-4.72,2.98,2.54,0.1,0.73,-2.85,-2.56,1.53,1.12,-1.63,-3.37,3,0,0
0.73,-2.34,0.38,3.58,0.51,1.14,-1.54,-0.76,-2.61,-2.01,0.77,-0.82,-4.45,-0.81,-0.75,2.09,3,0,0
2.02,-0.97,-3.04,-1.84,3.79,-1.75,-0.82,-3.71,-4.59,3.61,0.48,2.31,-2.48,-1.32,-1.79,-0.58,3,0,0
0.61,-0.86,-0.37,-1.29,-4.27,-0.43,4.22,2.1,1.37,-1.65,2.2,0.38,0.21,2.06,-1.57,3.0,3,0,0
1.19,-4.64,1.11,-1.29,5.5,-1.98,-1.19,1.47,-2.71,2.84,-0.77,4.41,-0.43,-1.8,-0.79,-1.39,3,0,0
-2.77,1.98,3.89,1.65,0.35,-2.76,4.63,3.14,-0.27,-8.4,-5.84,-2.37,-3.92,-3.18,-3.05,1.52,3,0,0
0.86,2.24,3.35,3.45,-0.74,1.46,1.82,2.39,0.63,-6.16,-3.65,-3.16,-3.76,-2.3,-2.03,1.48,3,0,0
-2.73,-1.04,-0.89,7.19,-1.31,-0.29,-4.2,-1.38,-1.54,-2.7,2.32,-3.46,-7.26,-2.38,-0.12,5.16,3,0,0
1.59,0.75,0.11,-0.0,-1.48,3.0,-1.44,1.59,0.37,-0.49,-0.37,2.4,3.18,1.96,0.48,0.78,3,0,0
3.65,-2.14,0.67,5.56,-2.7,0.14,-2.17,1.76,3.85,-0.71,-0.85,-5.64,-0.16,2.93,-1.41,2.98,3,0,0
1.59,-6.46,-1.62,-1.55,1.84,0.88,-3.69,0.13,0.06,3.4,4.29,3.1,2.48,3.37,-0.8,0.88,3,0,0
3.77,-3.48,1.46,2.92,0.8,1.8,-3.93,0.36,4.46,1.68,1.21,-4.53,1.13,4.48,0.71,0.65,3,0,0
2.96,-1.01,-1.47,-2.05,-0.31,-0.01,1.02,-1.02,3.2,0.89,-0.23,-0.45,-0.87,2.5,-5.42,2.06,3,0,0
2.67,-1.18,-2.52,2.24,-0.75,0.48,1.58,-0.85,0.62,1.52,-1.18,2.46,1.08,4.23,-1.91,0.54,3,0,0
6.72,-5.17,-0.41,0.63,1.54,0.57,-2.71,-0.73,0.87,8.86,3.52,1.24,3.19,4.22,-0.06,-0.85,3,0,0
1.65,0.07,3.89,2.05,-3.48,-0.44,2.85,5.4,3.11,-1.31,1.5,-4.6,3.18,-0.42,1.22,1.5,3,0,0
-0.78,-1.11,1.64,4.4,2.66,1.52,-0.69,1.76,-0.67,-3.54,0.71,0.53,-0.7,-0.2,-0.89,-1.73,3,0,0
1.7,-2.72,-0.28,0.46,-0.58,-2.18,-0.31,-2.23,-0.4,1.57,4.43,-0.03,-0.32,1.34,0.88,-2.37,3,1,1
-0.3,-2.51,2.11,1.71,1.04,-4.1,3.08,0.1,-0.76,-1.64,0.85,-2.18,-0.88,-0.3,-2.44,-2.36,3,0,0
1.0,-2.16,0.49,-0.48,0.85,0.1,2.73,0.52,-1.2,-0.59,0.84,0.9,-1.71,-0.51,-2.8,2.32,3,0,0
0.22,-2.14,0.1,0.57,2.27,2.75,-0.43,0.16,-4.43,-0.38,1.07,5.15,-0.08,0.86,1.79,-0.68,3,0,0
5.79,-1.6,0.05,-1.23,0.81,1.5,2.63,1.41,-1.59,-0.56,-3.68,4.5,1.33,1.74,-2.39,-3.61,3,0,0
-0.05,2.03,-2.19,5.53,-4.5,1.17,-0.61,0.54,1.2,-1.52,1.02,-2.43,-4.57,3.1,1.77,2.5,3,0,0
1.71,-2.2,-2.77,2.89,-1.34,-3.09,-1.09,-0.86,-0.62,2.59,0.1,-2.8,-0.87,2.16,-1.35,1.04,3,0,0
-1.2,0.17,-0.86,1.42,-1.3,-1.36,-1.71,-1.63,-2.11,-1.99,2.84,2.96,-1.23,-2.56,0.88,-0.2,3,0,0
-1.19,-1.33,-0.4,-0.79,-1.5,-0.52,-0.78,-0.87,-2.68,1.03,-1.25,3.55,-5.95,-0.81,-1.62,0.59,3,0,0
3.09,-4.76,-1.71,-0.41,-1.41,0.44,-4.09,-1.41,1.4,5.03,3.81,0.76,2.35,2.62,-1.13,3.22,3,0,0
2.21,0.51,0.28,0.24,0.51,-1.58,1.18,0.76,-1.32,1.66,-0.28,0.64,-2.58,-2.56,-0.81,1.99,3,0,0
1.69,-2.51,-0.92,0.21,1.77,-2.9,3.42,0.24,-3.42,0.29,-0.93,3.97,-1.19,-1.07,-2.17,-2.89,3,0,0
1.26,0.61,0.25,0.25,-0.28,1.36,0.8,2.69,2.84,-1.46,2.85,-0.94,2.05,1.0,0.39,2.15,3,0,0
-1.01,-0.89,-1.86,-2.97,1.08,-0.84,-4.91,-2.56,-1.75,3.12,1.47,2.96,1.5,2.33,1.57,-2.32,3,0,0
-0.91,-2.27,-0.44,-1.41,0.89,0.83,-4.84,1.28,1.97,6.2,0.58,2.24,0.41,2.64,-2.17,4.52,3,1,1
-1.86,0.51,1.07,-3.49,0.42,-0.57,-3.01,-3.16,-2.42,2.16,2.95,4.04,-0.17,-0.34,1.9,-0.21,3,0,0
2.63,-7.02,-0.31,-3.46,-0.46,0.15,-2.9,2.99,5.02,3.4,-3.22,3.96,2.08,3.43,-6.8,5.03,3,0,0
1.38,1.43,-1.84,-2.88,4.5,-2.66,-0.49,-0.09,0.1,0.93,0.23,1.41,-1.06,-2.37,-0.2,1.19,3,0,0
0.31,2.94,-0.76,1.29,-0.51,-1.82,-0.36,1.24,1.56,-2.35,-1.16,-3.36,-0.02,-0.51,1.58,1.66,3,0,0
2.87,0.73,3.47,1.48,-2.9,-1.04,0.53,6.07,6.92,-2.47,-1.19,-3.53,4.19,0.31,0.25,-1.71,3,0,0
2.96,-2.13,0.85,-0.63,-3.84,-3.7,5.66,1.84,1.83,-0.58,-2.19,-1.67,1.95,2.32,-5.24,1.22,3,0,0
-0.52,1.97,2.86,-0.55,-3.24,0.52,3.95,-0.21,-4.19,-2.97,-2.63,3.13,-2.34,0.02,0.83,-3.05,3,0,0
4.24,-0.41,-1.0,4.72,0.65,2.24,-1.84,-0.43,-2.59,-0.11,1.54,0.88,-0.95,0.09,3.35,-1.87,3,0,0
0.81,-3.41,1.88,-2.59,2.24,-6.11,2.97,-1.03,-2.06,0.19,-3.2,-0.43,-0.48,-0.87,-6.37,-4.48,3,0,0
-1.91,0.28,-2.67,-0.26,-0.38,-2.12,0.41,-0.42,-0.49,1.31,-0.49,1.9,-2.01,1.55,-4.46,0.89,3,0,0
-0.26,-4.09,-1.67,3.28,1.27,-5.73,0.4,-1.68,1.45,0.0,-1.16,-2.93,-3.92,0.8,-5.43,1.14,3,0,0
0.41,-0.66,4.8,0.5,-1.3,-2.52,1.75,2.59,1.3,-2.26,-2.47,-4.23,-1.19,-0.93,-2.4,1.56,3,0,0
0.94,-1.69,-1.3,2.02,1.38,-0.56,-3.86,1.71,-0.12,4.88,2.15,0.04,-1.78,1.5,2.77,1.18,3,0,0
5.14,-6.83,-3.39,2.26,3.27,-1.2,-3.55,-1.7,0.8,6.53,5.41,0.01,3.55,2.51,-1.6,-0.98,3,0,0
-2.57,0.05,0.43,2.93,-4.92,-3.69,0.96,-1.08,1.72,-2.53,4.58,-1.46,-0.97,1.0,0.09,1.2,3,0,0
0.92,-0.95,0.09,0.63,1.58,3.11,-0.94,-0.85,-4.08,-1.14,1.77,0.59,-1.92,-0.43,-0.18,-0.76,3,0,0
0.92,-1.36,0.12,-1.3,2.71,-3.99,-0.58,-0.26,-1.72,2.0,1.75,3.03,2.23,-2.95,-0.97,-0.34,3,0,0
0.71,-1.83,0.81,-1.52,4.73,-1.57,-1.97,-2.34,-4.33,2.28,0.44,3.7,-5.34,-4.56,-1.53,2.76,3,0,0
-1.92,2.27,1.71,0.0,0.76,-0.5,-0.78,-0.31,-1.99,-1.3,2.95,-0.12,-2.47,-2.67,2.72,1.14,3,0,0
1.92,-2.75,-1.51,3.4,-1.66,-0.69,-4.6,-1.29,-0.27,3.79,4.81,-0.96,1.1,2.58,1.23,-1.74,3,0,0
5.94,-3.4,-1.43,-0.69,1.59,-0.37,-3.2,-1.94,2.04,6.37,1.21,-0.12,2.59,4.87,1.33,-2.05,3,0,0
-1.43,3.23,0.95,2.53,1.51,3.68,-6.78,-0.55,-0.56,-3.81,0.79,-0.97,-3.67,-2.41,3.55,4.46,3,0,0
3.46,-3.08,1.01,5.47,0.25,1.22,1.84,1.98,-0.64,2.82,0.47,-1.87,-1.22,3.13,-0.3,3.16,3,0,0
3.45,-2.54,-1.73,-4.18,5.03,0.71,-3.82,-2.69,-2.7,2.4,-1.26,2.46,-0.67,0.47,-2.75,-1.93,3,0,0
-0.31,0.09,1.95,-0.88,-0.73,-2.86,2.47,4.68,1.37,-0.13,-1.97,-0.02,2.38,-0.56,-1.22,-1.18,3,0,0
-1.08,3.28,0.95,-1.97,-0.36,-2.7,0.18,-0.3,1.01,-1.73,-2.27,-1.17,1.4,0.65,-1.59,0.37,3,0,0
1.76,-2.2,1.38,0.53,-0.61,-0.3,0.13,0.16,0.92,-2.22,-2.74,0.02,-1.2,0.91,-3.82,0.29,3,0,0
6.97,-1.87,-2.51,1.52,1.2,-0.41,-1.69,-0.19,0.46,6.55,4.04,-1.81,6.12,3.92,2.41,-4.47,3,0,0
-2.04,-0.99,1.97,1.61,0.16,-4.62,4.79,2.71,-1.92,-4.73,-0.7,2.55,0.47,-3.1,-2.02,-2.85,3,0,0
-1.28,3.03,3.26,3.27,2.38,-1.24,-1.9,2.58,0.37,-4.04,-0.45,-4.51,2.44,-1.5,5.28,-0.8,3,0,0
1.41,0.01,1.43,-4.68,1.08,2.76,0.08,-1.76,-1.98,-1.05,1.42,0.04,-1.56,0.71,-1.97,1.93,3,0,0
2.07,1.27,-1.74,-3.01,4.8,0.46,-2.33,-1.04,-2.55,1.86,-1.97,3.15,-0.17,-1.59,-1.29,-0.38,3,0,0
1.19,0.86,1.3,1.73,0.28,2.83,-4.74,-3.73,0.82,-0.92,2.87,-2.46,-0.17,3.78,1.3,-0.14,3,0,0
-1.91,6.22,1.69,-4.1,2.64,-1.51,0.18,-3.26,-4.97,-3.81,0.96,1.09,-0.24,-4.67,0.64,-0.23,3,0,0
1.74,-1.84,-3.99,3.11,-2.26,3.11,-0.98,-2.1,-1.02,0.01,3.03,-0.66,-2.52,4.02,-1.19,2.6,3,0,0
3.97,-2.3,0.09,2.78,1.89,0.1,-4.47,0.79,0.3,2.87,0.67,-2.08,1.88,1.3,2.5,0.67,3,0,0
6.44,-0.0,2.46,-1.48,4.63,1.59,-1.47,1.48,-1.25,3.88,1.81,-1.98,3.91,0.46,3.32,-1.92,3,0,0
5.82,-5.25,-3.74,5.14,-1.81,1.87,-2.6,2.19,1.38,6.12,-0.6,0.94,0.68,6.1,-1.21,2.74,3,0,0
-2.47,-3.25,-1.31,-4.88,3.37,-3.05,-0.99,0.12,-2.22,0.2,-3.96,5.97,-1.74,-1.34,-4.04,1.68,3,0,0
3.13,-1.61,-0.82,4.51,-2.81,-3.63,1.74,2.52,2.08,-2.91,-4.01,-1.91,4.33,1.45,-3.27,-4.95,3,0,0
-2.68,-0.81,1.22,-2.05,0.01,-4.65,4.68,-0.08,-4.1,-0.07,-0.91,1.3,-0.9,-0.37,-2.22,-0.97,3,0,0
0.69,-1.5,-0.43,1.71,1.56,-0.4,-2.15,-5.32,0.32,-2.88,-1.64,-1.99,-3.54,2.7,-4.33,-1.0,3,0,0
2.9,1.53,2.49,-0.52,2.32,-0.34,0.51,5.21,0.5,-0.64,-4.22,-1.61,5.16,0.92,0.36,-0.69,3,0,0
5.31,-0.16,-0.34,0.27,0.68,0.35,-1.25,1.85,-0.51,1.91,-1.34,1.1,0.17,-1.53,1.46,1.24,3,0,0
-2.61,4.73,2.49,-5.06,-1.16,-3.91,2.3,1.17,-0.02,-2.38,-1.16,-1.02,2.16,-1.87,0.46,-1.17,3,0,0
0.23,1.89,-1.04,-0.83,0.38,-0.91,1.81,-4.03,-5.18,0.52,0.13,-1.07,-6.07,-0.66,0.52,3.01,3,0,0
0.93,2.14,0.75,0.08,-3.49,3.81,-1.5,-0.68,1.69,-3.46,1.52,-0.36,-1.47,1.63,0.65,2.78,3,1,1
-0.41,2.01,-1.24,1.51,1.12,-0.27,-1.74,-1.79,-2.18,-2.0,2.55,0.02,-1.17,-2.14,2.21,-2.39,3,0,0
-3.36,6.75,0.51,-1.2,-0.65,0.61,-1.44,-0.87,-2.24,-3.06,0.78,-2.8,-5.65,-2.64,2.09,1.29,3,0,0
0.26,4.24,-1.04,-1.8,0.66,0.37,-0.97,0.87,-2.6,3.82,1.37,0.06,-2.13,-1.19,4.47,1.22,3,0,0
0.17,-0.38,2.64,-1.03,-1.17,-1.94,3.14,1.27,-0.87,-1.52,-2.01,1.02,-3.19,-1.12,-0.77,1.78,3,0,0
-2.34,-5.27,3.73,2.89,-0.76,0.71,0.88,3.01,2.15,-4.46,-1.81,1.22,0.77,3.05,-2.84,-0.37,3,0,0
0.35,-0.4,4.19,0.76,0.46,-3.65,3.9,0.39,0.69,-2.65,0.63,-2.73,1.89,-0.71,-1.03,-1.43,3,0,0
-1.43,-1.95,0.61,5.97,-2.98,3.82,-0.72,0.31,-0.52,-4.55,0.37,-2.96,-5.29,3.55,-0.69,3.99,3,0,0
3.26,-0.28,-1.86,-2.84,-2.84,2.65,-0.64,1.13,-0.71,-0.75,0.15,5.24,0.16,-1.2,-1.94,0.45,3,1,1
5.72,-2.12,0.91,1.11,1.62,5.47,-4.91,-0.39,1.58,0.12,0.28,-0.37,3.04,3.68,2.54,-1.41,3,0,0
2.25,-1.6,3.19,-1.01,-1.63,1.53,5.56,2.45,-1.76,-1.42,-0.77,2.95,1.53,1.66,-0.03,0.78,3,0,0
0.38,-6.78,1.49,5.09,-0.3,3.04,-3.4,-1.59,2.73,-1.95,3.7,-1.74,0.16,5.76,-2.03,3.5,3,0,0
3.88,0.93,0.74,-3.64,0.87,-2.67,-0.86,0.32,0.75,4.6,-0.67,-1.58,1.91,0.77,-0.99,-1.88,3,0,0
-0.56,1.46,0.04,-4.01,4.31,-0.22,0.37,-0.18,-2.64,-4.36,-0.82,6.2,0.45,-3.97,-0.38,-1.54,3,0,0
-1.73,-5.2,-2.01,2.09,-0.38,-1.85,-2.09,1.03,2.33,6.0,0.15,3.5,-1.37,4.06,-1.53,3.3,3,0,0
-0.85,0.55,-1.07,-4.12,4.21,-1.94,-1.04,-0.2,-0.69,-0.89,-3.34,4.78,-0.8,-3.13,-3.75,0.99,3,1,1
-4.11,4.89,-1.6,0.0,1.26,2.12,-3.28,-2.7,-3.22,-4.89,-0.66,3.35,-2.83,-2.61,0.65,2.22,3,0,0
1.19,-3.34,1.52,-0.33,-0.45,-0.19,-2.51,1.94,2.45,3.37,1.72,1.36,-0.26,0.89,0.54,2.39,3,0,0
0.14,-3.16,1.28,5.01,-1.74,1.94,1.13,-0.08,0.47,-3.7,1.11,-2.54,-2.23,3.04,0.86,2.34,3,0,0
0.79,-4.96,2.35,4.47,2.23,-2.79,1.92,-0.31,-3.15,0.49,-1.27,0.07,2.06,3.43,-1.76,-4.11,3,0,0
0.73,0.38,-2.18,1.52,-1.39,0.79,-1.88,-3.43,-1.79,-2.55,-2.24,3.03,-2.06,0.57,-2.18,1.53,3,0,0
0.4,2.91,0.58,1.64,-4.79,-0.54,3.42,2.9,0.9,-3.39,-0.39,0.54,0.46,-1.17,1.27,1.08,3,0,0
0.58,-1.48,-0.55,2.32,1.3,-4.82,1.52,0.12,0.1,0.89,0.97,-4.31,3.67,2.43,-3.6,-2.84,3,0,0
2.44,2.83,0.2,-5.08,-1.21,-1.13,-0.78,-0.0,-0.04,4.39,4.85,0.6,5.16,-1.06,1.77,-0.73,3,0,0
-1.23,-1.71,0.01,2.51,0.48,2.02,-5.08,3.75,3.11,-1.71,-0.63,1.32,0.37,-0.03,2.06,1.13,3,0,0
-2.28,0.9,-0.16,-0.1,-2.04,-3.0,0.5,-0.28,2.01,-3.2,-0.99,1.05,-2.96,-1.88,-3.54,0.91,3,0,0
-0.08,1.13,0.12,2.88,-1.26,-0.74,-1.4,-1.26,1.88,-2.78,-0.34,-3.75,0.57,3.37,-0.64,-1.12,3,0,0
2.74,-2.32,1.13,6.08,-2.88,-0.67,2.04,1.54,2.04,-0.0,-1.08,-3.08,0.23,2.69,-2.04,1.8,3,0,0
2.66,-3.51,-0.38,2.61,2.39,4.68,-5.28,-3.58,-0.47,3.41,2.52,-3.9,-2.53,5.68,-0.32,3.97,3,0,0
0.24,2.05,-2.5,0.87,-1.78,1.86,2.21,-2.0,-1.11,-3.82,-2.32,2.21,-1.28,2.96,-3.96,0.44,3,0,0
3.73,-1.26,0.25,3.59,1.86,1.16,-3.83,1.9,2.0,1.29,-1.26,-3.7,0.63,1.95,0.2,1.07,3,0,0
-4.11,-3.9,-0.06,2.41,1.48,-0.17,-0.42,1.3,-3.02,-5.58,-3.81,5.86,-1.35,0.25,-2.61,-2.73,3,0,0
0.75,-3.59,5.3,-0.19,1.4,-1.4,3.81,3.92,-0.42,-1.59,-0.94,-0.16,1.24,0.0,-0.46,-1.78,3,1,1
-5.02,-0.75,1.35,-4.36,-2.65,-3.06,1.08,-1.69,-1.82,0.91,0.99,3.44,0.87,1.64,-0.3,-0.13,3,0,0
0.05,3.23,-3.31,-3.17,-4.38,-1.65,-0.31,1.24,1.79,0.69,1.22,2.72,2.54,1.56,0.2,0.94,3,0,0
0.1,3.09,0.55,0.45,-2.52,-3.67,1.63,2.58,1.41,-0.9,0.44,0.55,2.94,-2.04,-0.16,-1.89,3,0,0
-0.65,-0.15,-1.57,-0.52,-0.78,-5.12,3.88,-1.31,-1.17,-2.98,-2.43,1.85,-3.41,-0.51,-2.58,-1.45,3,0,0
-1.09,4.83,2.95,-0.6,2.12,-0.82,2.14,-1.16,-4.23,-3.54,1.71,-1.83,-1.29,-3.81,4.23,-2.82,3,0,0
-0.47,-1.71,0.95,2.47,3.23,-0.14,-5.52,0.12,1.98,-1.34,1.02,-3.56,-1.18,0.93,-0.0,-0.3,3,0,0
-0.57,0.45,-2.38,1.79,-2.75,1.36,-2.97,-1.41,1.42,-2.07,0.87,0.34,-0.2,0.37,-1.78,3.17,3,0,0
3.94,-2.3,1.63,2.87,-0.85,-0.81,1.33,1.49,2.86,1.56,-0.16,-3.35,-0.86,2.97,-1.33,2.31,3,0,0
-2.25,1.28,1.38,-0.2,-0.16,-3.15,-0.53,-0.16,-0.93,0.29,0.13,1.81,0.47,-0.26,0.95,-0.81,3,0,0
-2.74,-2.03,2.4,-1.3,0.48,-3.66,3.42,-1.14,-0.43,-5.57,-2.58,-0.02,-1.78,0.72,-3.88,-0.24,3,0,0
3.53,-0.68,1.78,2.14,-1.83,2.1,0.44,0.21,0.17,-0.97,0.9,-5.73,-1.54,3.06,-0.86,2.27,3,0,0
1.39,1.48,-3.31,1.06,-0.56,-1.86,1.44,-5.13,-2.65,1.16,2.54,0.61,-3.02,0.13,-0.83,-0.64,3,0,0
-4.33,0.93,1.88,-3.12,-1.1,-1.8,2.63,0.26,-2.71,-5.01,-4.42,5.82,-5.05,-2.37,-2.42,-0.58,3,0,0
0.64,-2.06,-0.89,0.98,0.69,-1.88,-2.0,-1.49,-0.47,1.54,1.07,-0.48,-2.53,0.6,-0.27,-0.43,3,0,0
3.05,1.67,2.68,0.85,-4.1,-0.22,4.39,0.18,-1.72,-2.59,-1.78,0.45,0.05,-0.72,0.34,-0.6,3,0,0
-1.29,2.98,1.34,2.7,-4.36,-0.98,0.56,1.69,2.1,-3.1,2.29,-1.71,4.08,2.74,2.78,-3.06,3,0,0
-0.38,2.8,2.41,1.04,-1.5,-0.74,1.76,1.18,0.2,-1.05,1.43,-0.76,2.27,1.13,2.17,-2.38,3,0,0
-3.95,1.79,-0.84,-0.16,2.46,-2.33,-1.76,-2.15,-2.38,-1.92,0.09,0.19,-2.55,-1.95,-0.52,0.88,3,0,0
1.8,-0.77,-0.1,-0.03,-1.2,0.54,0.36,1.27,0.21,1.45,-1.45,2.42,1.07,1.96,-0.52,-0.57,3,0,0
-1.46,-1.85,-1.56,-0.85,3.47,-1.48,-2.88,-0.52,-0.31,-2.32,-3.05,-0.72,-2.52,0.68,-2.34,0.45,3,0,0
-2.1,-2.57,-4.22,2.13,-1.51,-5.77,-0.56,-0.08,2.63,-2.46,1.31,4.15,-0.39,-1.38,-2.79,-2.97,3,0,0
1.71,-1.49,1.93,2.4,-0.89,-1.75,2.87,1.15,1.33,-3.16,0.59,-2.22,-0.33,-0.21,-1.37,0.16,3,1,1
-0.51,-1.02,-0.56,0.39,-2.16,1.4,-0.09,-0.1,-0.67,-3.85,-0.79,3.94,-1.14,-0.09,-2.76,2.25,3,0,0
-0.62,-0.52,2.48,2.43,-1.75,-1.63,0.24,1.19,1.27,-1.83,0.96,-1.59,1.5,-0.17,1.29,1.1,3,0,0
1.73,-0.95,0.35,1.44,0.75,-1.2,0.49,-1.17,-2.14,0.58,1.17,-1.58,0.31,0.99,-0.04,1.31,3,0,0
-2.38,0.65,2.07,-1.7,2.0,2.55,-0.1,-2.84,-3.26,-6.36,1.19,3.26,-3.66,-2.44,-1.51,3.71,3,0,0
-2.63,-1.45,-2.81,-3.95,-1.84,-3.56,0.07,-3.39,-3.17,-0.4,2.25,7.58,-3.0,-2.56,-2.71,-1.87,3,0,0
1.24,2.36,1.78,-0.35,2.38,3.34,-2.8,1.28,1.13,-3.35,-1.77,-0.7,-0.62,-1.22,1.0,1.93,3,0,0
-2.85,-2.37,1.88,-1.82,3.35,-2.76,0.13,2.48,-3.1,0.7,-0.68,2.14,-0.85,-2.13,0.73,-0.91,3,1,1
-1.68,0.66,1.68,0.73,-1.77,-5.33,6.79,2.14,-1.02,-5.11,-3.24,0.2,-0.13,-0.78,-2.37,-4.88,3,1,1
0.63,1.28,1.64,1.38,-3.5,2.37,-1.06,0.42,1.21,-2.88,0.87,-3.6,-0.86,2.04,-0.04,1.93,3,0,0
1.18,-3.74,-0.35,0.08,0.09,-3.55,0.32,0.65,0.02,1.95,-1.66,1.73,-0.35,-0.07,-5.01,-1.85,3,0,0
3.88,-3.85,0.97,2.25,-1.05,0.9,-0.58,0.53,2.13,2.54,2.47,-2.53,1.99,4.33,0.27,2.72,3,0,0
-0.98,1.75,-1.95,-2.94,-1.15,-1.24,0.81,-4.92,-2.87,-0.29,4.23,0.18,-2.6,-0.21,-1.44,0.59,3,0,0
-0.24,-0.75,0.95,3.4,-5.21,1.7,0.25,2.5,3.81,-6.38,0.82,-3.21,-1.74,0.44,-2.12,2.97,3,0,0
-0.78,1.06,0.63,4.58,1.12,-3.71,-0.46,-0.8,1.25,-0.77,3.09,-6.39,1.98,0.47,1.08,0.17,3,0,0
3.29,-0.11,0.26,1.59,-3.71,3.24,4.5,1.26,-2.73,-1.78,-1.19,3.95,-0.05,3.76,1.6,-0.04,3,0,0
1.31,-0.32,1.91,-0.86,3.22,-1.43,1.43,2.65,-1.94,1.34,3.8,-1.55,1.56,-3.01,2.52,0.73,3,0,0
0.59,-0.16,0.99,-0.87,-0.93,-0.42,-1.65,3.12,0.71,1.85,1.1,1.64,-0.9,-1.04,1.31,1.56,3,0,0
-0.91,-1.34,-0.35,2.09,-0.96,0.23,-4.03,2.68,2.12,-1.17,-0.39,2.11,0.47,0.35,-1.2,1.75,3,0,0
2.94,-6.34,2.32,0.74,-1.39,-1.39,0.83,3.39,3.4,2.54,0.87,0.62,2.77,2.41,-3.07,0.66,3,0,0
-2.11,1.06,-2.09,-0.16,-0.95,-2.23,-1.01,-0.68,-0.05,-1.2,-0.23,2.6,-0.45,0.14,-1.46,0.4,3,0,0
0.66,-2.73,-1.38,-2.43,2.83,-3.08,0.43,-2.22,-1.93,-0.52,-0.45,4.39,-0.63,-0.99,-0.65,-3.51,3,0,0
-0.47,-0.31,0.01,1.0,1.72,-0.22,-2.55,0.34,-0.34,-0.17,1.51,-4.16,0.15,1.66,0.69,3.31,3,0,0
4.62,4.23,-1.56,-0.39,-0.76,-1.37,2.09,-1.61,-3.29,2.06,1.03,-0.6,2.41,-0.79,2.03,-0.59,3,0,0
0.68,-1.47,1.09,1.35,-0.07,-2.81,1.71,-1.62,0.45,-3.01,-3.99,-4.42,-0.16,3.97,-5.6,-2.37,3,0,0
4.87,-5.07,-0.67,4.97,0.44,1.75,-4.94,1.56,1.88,3.87,-1.36,-1.02,2.77,4.54,-1.54,0.12,3,0,0
-1.28,-0.23,-0.85,3.63,-3.91,-2.73,-0.41,0.52,-0.56,-1.17,2.27,2.09,-1.6,-2.62,-0.46,-2.55,3,0,0
0.29,5.93,-1.62,-2.46,0.75,-4.59,1.84,1.84,-0.57,-1.52,-1.14,-2.2,2.06,-4.37,0.8,-1.45,3,0,0
-0.4,-1.43,3.09,1.16,2.07,-0.56,-1.43,0.38,-0.29,1.28,0.14,-3.42,1.99,4.07,2.41,-1.96,3,0,0
2.24,-0.07,3.48,0.38,1.16,0.36,0.65,1.72,2.44,0.47,1.91,-2.69,-0.18,-0.34,-0.03,0.24,3,0,0
2.06,-1.82,-2.59,-1.02,-4.56,0.21,-0.46,-3.13,-1.37,5.09,5.06,2.12,1.44,4.06,-0.23,-0.74,3,0,0
0.39,-0.38,3.17,1.62,-3.11,-1.07,-0.26,0.2,2.53,2.95,2.63,-1.26,2.95,1.46,1.23,2.21,3,0,0
-1.92,1.97,-3.64,-4.05,3.17,-1.64,-4.78,-3.69,-3.92,0.54,2.11,4.95,0.57,-1.7,1.14,0.16,3,0,0
-0.11,-2.72,5.07,4.75,1.33,0.46,-2.19,1.5,0.45,-3.55,1.57,-3.32,-0.36,-0.13,2.95,0.2,3,0,0
-0.42,-0.13,-1.94,-3.7,2.1,-2.12,-2.81,-0.23,-1.4,1.96,1.07,4.46,-0.6,-2.5,-0.18,-2.34,3,0,0
-1.81,-1.39,-0.21,0.06,-0.49,-0.66,-5.04,1.09,1.47,3.28,0.76,3.89,-0.6,0.89,0.27,0.34,3,0,0
-2.91,5.46,-1.07,0.93,1.26,-1.61,-1.3,1.94,0.13,-1.16,0.32,-0.26,-1.83,-1.68,3.57,0.68,3,0,0
-2.07,-2.01,0.28,-2.13,1.2,-3.5,-3.01,-1.89,0.49,-1.12,2.4,2.11,-0.76,-3.13,0.06,1.54,3,0,0
6.48,-3.59,0.89,0.98,-1.8,-1.16,7.86,2.77,-0.29,0.22,-3.44,-1.36,0.3,2.25,-5.34,-1.21,3,0,0
-2.03,-0.34,3.26,-4.13,0.59,-4.58,0.51,4.28,3.25,-4.06,-1.17,-0.22,2.63,-3.98,-2.46,-2.37,3,0,0
4.96,0.79,1.67,-3.68,2.23,-3.5,2.1,0.25,-3.24,6.62,-1.01,0.61,3.11,-1.87,1.39,-4.19,3,0,0
-0.45,5.97,-3.87,-1.74,-4.67,1.91,2.34,-0.46,-2.33,-4.21,1.5,6.56,-2.21,-2.75,0.84,-0.45,3,0,0
2.74,-1.74,5.72,3.32,-1.16,2.5,3.74,1.9,1.34,-4.55,-1.99,-3.74,-0.69,3.07,-1.14,-0.03,3,0,0
2.72,0.2,3.03,-2.25,1.2,2.27,3.72,1.42,-1.3,-1.11,1.64,-2.73,3.76,3.94,0.76,-1.84,3,0,0
2.08,-0.7,3.08,-1.28,-2.69,-1.97,0.99,-0.97,1.25,1.3,1.92,-1.13,0.53,-1.12,-0.81,1.8,3,0,0
-0.99,-5.21,3.61,0.69,3.15,0.09,-1.03,1.59,-0.19,-3.5,-1.76,-0.51,-0.39,1.7,-2.52,-2.01,3,0,0
1.32,-0.9,1.71,-1.37,3.79,-0.67,-3.44,-0.38,0.58,0.73,0.43,-4.39,2.12,1.46,0.75,0.0,3,0,0
0.75,2.82,4.35,-1.61,2.55,3.28,1.42,-1.43,-3.75,-2.3,-2.09,-1.2,-3.99,0.33,0.97,3.63,3,0,0
2.34,1.48,-2.36,-3.43,5.67,-2.65,-3.57,1.25,-0.98,0.6,-3.27,0.51,-0.24,-2.54,-0.35,-4.74,3,0,0
-1.77,3.11,0.19,-3.13,0.19,-3.78,0.85,-5.72,-0.86,-1.1,-0.52,0.16,1.15,2.63,-1.6,-2.72,3,0,0
-0.3,-3.86,-1.68,0.85,1.41,-2.89,-2.65,1.94,0.66,2.14,0.3,3.46,-2.43,-3.27,-1.92,4.09,3,0,0
0.62,-5.52,2.46,3.38,-0.67,-1.08,1.99,3.8,1.78,-2.6,0.8,-2.54,4.68,4.28,-3.03,-0.74,3,0,0
-1.14,0.32,-1.59,-1.89,1.16,-0.67,-0.77,-3.69,-1.46,-0.99,1.66,3.06,-1.18,-0.5,-1.14,1.83,3,0,0
1.76,-2.03,-0.05,1.56,-3.26,-2.68,1.75,-1.71,1.16,2.6,2.99,-3.17,-0.05,3.01,-1.78,0.58,3,0,0
4.02,0.28,2.21,1.4,2.33,-0.89,1.25,-2.92,-2.98,-0.16,1.71,-1.41,0.51,-1.57,0.48,-2.26,3,0,0
-1.1,-4.05,1.23,3.89,-5.81,-2.51,2.97,0.82,2.51,-0.75,3.52,-0.13,1.53,2.9,-2.4,-0.17,3,0,0
-0.62,-2.21,-0.79,-0.57,1.47,-3.74,-0.24,-1.48,-0.94,1.12,-1.75,2.22,-3.0,-1.76,-3.57,2.95,3,0,0
2.27,2.42,-0.8,1.43,-0.19,1.94,-3.95,-2.27,-2.33,2.59,2.46,-0.32,-2.49,0.05,2.59,1.53,3,0,0
1.38,0.04,-2.86,0.79,-2.4,1.71,1.85,1.07,-0.85,-3.43,-3.2,6.17,-3.3,-0.46,-3.05,-0.05,3,0,0
3.0,-0.02,-2.66,0.51,-0.94,2.11,-3.47,-3.35,-1.27,1.71,4.48,1.53,-5.67,-1.72,-0.74,2.42,3,0,0
-0.67,1.0,-2.3,-1.03,-1.43,-1.07,-1.18,0.46,0.69,0.72,0.52,3.5,0.1,-0.57,-0.12,0.87,3,0,0
-1.2,2.62,-0.62,-4.2,4.24,-0.44,-3.16,-2.37,-3.96,-0.67,0.91,5.19,-1.73,-3.83,0.96,-0.89,3,0,0
1.47,-2.41,-2.6,-0.93,2.17,-5.18,0.54,-3.95,-0.97,2.06,1.89,-2.26,3.23,1.92,-2.65,-3.62,3,0,0
3.09,0.39,2.07,3.66,-1.44,1.51,1.33,4.06,1.28,0.09,-0.21,-5.7,1.91,2.73,1.25,1.57,3,0,0
-0.29,0.9,-0.74,3.52,-1.2,5.06,-3.4,2.67,0.03,-4.07,-0.43,0.09,-4.88,0.77,1.38,3.1,3,0,0
3.75,0.82,2.06,2.15,-1.39,1.3,-0.54,4.12,1.73,3.9,-0.44,-1.68,2.23,2.59,3.86,-0.93,3,0,0
-1.23,0.26,-2.95,-2.89,3.3,-0.49,-4.35,-1.54,1.52,-1.03,4.28,-1.92,-0.63,-0.54,-2.11,2.55,3,0,0
-1.61,3.73,-0.48,5.02,-3.23,4.83,-0.7,-2.13,-1.86,-5.25,3.34,-2.71,-5.11,1.11,4.09,4.72,3,0,0
5.6,-2.51,-2.7,4.14,0.16,2.52,-4.37,1.21,0.51,6.74,-0.03,-0.6,1.3,4.87,0.6,1.2,3,0,0
0.2,1.09,0.34,0.61,3.56,-3.81,0.72,-1.07,-2.19,1.33,0.29,0.23,-4.27,-4.54,1.48,4.06,3,0,0
-1.51,1.14,-0.68,1.18,0.12,1.1,0.13,-0.42,-1.24,-1.92,0.48,1.37,-0.85,1.23,0.43,2.67,3,0,0
5.3,-3.52,-2.93,1.13,-0.22,-2.38,0.8,-1.1,1.21,1.07,0.12,0.85,-1.56,-0.62,-4.52,2.6,3,0,0
-0.55,-0.42,0.57,3.8,3.57,-2.78,0.41,0.21,-1.11,-2.15,-1.02,0.51,-0.3,-0.63,-0.89,-1.07,3,0,0
4.63,0.52,0.63,0.55,0.25,0.18,2.06,2.38,0.31,-0.24,-3.09,-2.13,0.89,0.66,-1.13,0.22,3,0,0
4.66,-3.75,-0.34,0.73,2.09,1.89,-2.51,0.48,-2.15,3.69,-2.68,-1.37,0.48,4.06,-2.08,-0.07,3,0,0
2.61,-3.14,2.53,-0.37,-1.69,1.98,3.2,1.58,-1.96,-1.52,-1.25,2.42,-0.31,1.59,-1.83,0.39,3,0,0
0.52,2.62,0.88,-1.62,-0.83,1.31,-0.75,-1.06,-2.31,0.3,1.91,0.13,-0.67,-1.06,1.18,1.6,3,0,0
-0.42,2.38,-4.2,-1.13,-0.46,-2.83,-4.19,-4.57,-1.43,2.12,-0.62,-0.0,-4.85,-0.24,-1.96,1.54,3,0,0
-3.63,-1.79,-0.27,2.48,-1.56,0.45,-2.53,0.45,-1.4,-2.92,1.6,2.73,-3.76,-0.61,2.85,-0.74,3,0,0
-2.19,3.04,0.44,2.07,1.43,-1.04,-2.79,-0.36,-0.47,-2.39,0.39,-1.29,0.75,0.08,2.16,-1.06,3,0,0
-4.05,4.03,1.84,-1.65,1.91,-0.66,-0.78,-1.26,-4.52,-2.5,0.59,4.48,-4.15,-4.72,2.3,-2.25,3,0,0
3.07,3.63,0.59,-4.03,-0.52,-4.27,5.31,3.21,-0.93,1.54,0.05,-0.16,3.98,-2.38,0.56,-2.34,3,0,0
-0.63,4.59,1.98,-1.68,-1.63,-0.65,5.14,1.97,0.08,-3.94,-0.69,-3.5,0.37,0.95,0.81,1.77,3,0,0
1.7,-1.75,0.23,2.99,0.53,3.54,-4.1,1.57,-0.58,1.23,-0.13,0.09,-3.23,0.56,2.36,4.62,3,0,0
3.81,-2.52,0.28,3.13,-0.71,1.54,1.77,2.03,0.6,-3.36,-2.37,0.48,0.8,1.16,-2.56,2.42,3,0,0
-6.55,-0.64,-3.24,-4.2,0.58,-3.15,-3.36,-0.74,-0.11,0.12,3.31,5.12,-1.38,-0.97,-1.57,0.69,3,0,0
-3.42,0.85,4.51,1.6,-1.4,-2.73,0.47,3.56,-2.76,-2.27,0.75,-1.63,-0.71,-4.74,3.5,-2.01,3,0,0
2.83,1.3,1.55,-3.14,3.13,1.55,1.09,2.41,-2.33,1.85,-1.96,0.81,0.62,0.27,0.93,1.38,3,0,0
-2.67,2.28,-1.32,-3.93,0.92,-4.26,1.14,-0.63,-1.94,0.82,2.52,1.91,-0.73,-3.38,1.01,-1.22,3,0,0
-2.86,-1.16,0.34,3.21,-0.09,-1.43,0.08,0.56,0.46,-6.02,1.11,0.56,-0.01,-1.15,-1.9,-2.43,3,0,0
2.1,2.2,2.08,-0.86,1.46,0.55,-0.97,1.39,-0.83,0.79,-0.86,0.35,1.37,-0.75,2.64,-0.21,3,0,0
1.05,3.05,0.82,-4.44,0.26,2.91,-1.62,1.15,3.7,-0.3,1.01,-2.28,0.42,-0.14,-1.4,2.88,3,0,0
2.0,-3.37,-0.81,3.04,1.12,-0.93,-1.31,0.45,2.69,-1.56,-2.72,-1.63,0.32,3.24,-3.39,0.2,3,0,0
1.39,-6.34,-0.59,5.47,-2.11,-0.87,0.8,-1.75,-0.4,-2.31,0.0,2.45,-1.82,1.51,-4.87,-0.97,3,0,0
-3.78,-5.57,-1.38,2.57,0.95,-0.74,-6.7,-0.27,1.8,0.87,1.87,0.65,-0.53,3.68,-1.23,3.5,3,0,0
2.07,4.02,-2.8,-0.32,-1.33,3.22,-1.24,-2.74,-0.55,-1.38,2.95,-1.18,-4.23,0.14,1.54,2.5,3,0,0
0.22,-4.86,-0.6,-0.67,-2.85,-4.14,0.65,0.04,2.71,2.91,2.66,-1.63,1.13,4.06,-5.14,1.0,3,0,0
-0.81,1.13,3.11,2.62,-0.73,-0.35,-2.07,3.18,4.09,-1.72,0.34,-5.83,-0.46,-0.63,2.29,5.42,3,0,0
0.01,1.89,1.96,-4.22,2.56,-1.13,2.01,3.31,-1.65,-0.05,-3.95,4.05,0.96,-2.58,-1.33,0.06,3,0,0
2.31,-0.75,-0.86,0.57,1.08,3.25,1.97,-0.75,-4.09,-1.04,0.33,2.03,-2.81,0.7,-0.43,1.84,3,0,0
1.85,2.79,0.94,1.46,-0.12,0.11,0.48,2.04,-1.09,-1.53,0.69,-2.14,3.32,-2.14,1.96,0.09,3,0,0
0.66,-1.63,1.07,-1.81,-1.67,0.06,0.05,2.13,0.54,-1.55,-1.55,2.19,2.41,1.3,-1.64,-1.97,3,0,0
2.97,1.39,-0.85,4.91,-4.88,2.69,1.69,0.49,2.55,-4.04,0.98,-4.02,0.02,4.03,-1.07,3.42,3,1,1
1.46,4.64,-1.92,-2.74,0.87,-5.46,0.21,-2.51,-2.78,6.6,1.47,0.77,0.04,-1.87,3.26,-4.24,3,0,0
1.89,-0.0,2.6,1.77,1.2,0.65,-1.34,3.64,1.77,-0.2,0.54,-1.22,3.27,0.33,1.62,1.02,3,0,0
-0.77,0.33,0.18,2.37,-1.2,-0.49,-0.61,0.52,-1.39,-3.63,1.11,-0.76,-3.97,-4.44,0.03,-0.28,3,0,0
-0.74,-0.39,1.28,-3.86,-2.98,0.53,-2.59,0.56,0.59,2.63,2.69,1.22,-0.24,1.0,-0.04,2.82,3,0,0
2.42,1.68,1.38,1.27,1.98,1.69,-3.05,1.51,-0.46,1.46,2.99,-5.03,2.73,1.85,3.37,0.79,3,0,0
0.5,-3.54,2.89,4.47,-1.81,2.48,0.63,5.65,2.88,-2.6,-2.72,-1.79,1.79,3.9,-1.47,-1.65,3,0,0
0.74,4.16,3.71,-0.2,0.01,-2.16,3.39,3.74,-2.61,-0.4,-1.03,-0.12,0.62,-4.9,3.21,-2.25,3,0,0
1.43,1.49,-0.48,-1.39,-2.65,2.13,-0.56,2.27,1.83,0.84,2.43,0.33,7.31,5.18,2.16,1.17,3,0,0
1.81,-3.48,0.71,-1.67,4.13,-1.03,-2.67,-1.08,-1.06,0.92,-0.94,-0.8,3.17,3.54,-2.51,-4.38,3,0,0
-2.16,1.22,0.73,0.04,-2.54,-4.27,4.05,2.12,0.19,-1.34,-0.38,0.91,-2.56,-3.71,-1.91,1.1,3,0,0
-1.14,-1.74,1.79,-1.06,0.38,-1.18,-0.25,1.05,-2.65,-0.14,-1.46,3.0,-4.01,-2.06,0.57,1.34,3,0,0
-2.48,1.71,-1.87,-0.18,-0.93,-5.12,1.49,-1.68,-1.26,-2.16,0.54,2.01,0.85,-1.0,1.21,-4.68,3,0,0
-0.05,-1.98,0.12,2.83,0.44,1.62,2.35,-2.48,-4.85,-3.94,0.24,2.5,-2.19,1.1,-1.32,-1.67,3,0,0
-1.38,0.81,4.07,1.07,0.44,0.49,-1.14,-2.99,-1.0,-5.61,-0.31,-1.99,-2.1,-1.43,-0.5,-0.91,3,0,0
-0.03,-4.76,-2.82,-1.68,-1.46,2.05,-2.5,-0.43,1.04,-1.21,-2.57,4.69,-0.75,5.2,-4.68,1.75,3,0,0
3.9,-1.26,0.86,-0.83,3.58,1.42,-4.69,1.95,-0.27,2.57,-4.31,1.4,-1.92,-2.11,-0.44,1.85,3,0,0
-2.53,2.3,2.96,-0.91,-3.9,0.29,5.27,0.2,-5.16,-5.28,2.02,2.5,-2.61,-3.25,0.5,-2.27,3,0,0
6.15,-2.12,0.38,0.78,0.76,-0.61,-0.68,2.82,-0.12,6.14,-1.7,0.36,0.86,2.26,0.39,-1.68,3,0,0
2.62,0.31,2.02,-2.8,2.73,0.84,1.5,-0.82,-2.18,-4.07,-0.78,0.93,2.16,-0.88,0.3,-4.08,3,0,0
-1.1,5.05,0.87,0.24,1.31,-5.26,-2.14,1.6,2.94,0.15,0.56,-4.06,4.0,-1.57,1.59,-2.84,3,1,1
2.2,-2.65,1.9,-1.06,3.26,-0.98,-1.09,-0.72,-1.37,2.33,3.96,1.87,3.44,-1.16,1.89,-0.94,3,0,0
-1.85,2.81,0.83,-2.72,1.49,0.72,-0.04,-2.59,-4.08,0.29,0.35,2.82,0.0,0.83,0.0,1.34,3,0,0
-1.02,-0.93,-0.82,-1.73,-4.82,-1.12,2.63,-0.86,2.84,-2.03,-1.29,1.64,-1.39,3.22,-5.82,2.84,3,0,0
0.45,1.14,1.95,-3.17,2.8,0.88,-0.48,-1.28,-3.85,0.67,4.06,2.81,-0.41,-2.66,2.81,1.45,3,0,0
-0.44,-0.4,2.09,1.07,-0.2,-2.52,1.96,-1.02,0.11,-1.53,-0.33,-1.18,-2.76,-0.96,-0.84,-0.67,3,0,0
1.33,-2.08,-2.22,-2.82,-1.55,-3.55,-1.73,-2.33,0.08,2.36,4.1,2.56,3.36,-0.89,-0.12,-0.39,3,0,0
-0.16,-1.34,-1.33,-2.96,-0.71,-2.05,3.6,-1.16,-2.15,-0.01,0.19,2.85,-2.74,-0.28,-4.24,-0.89,3,0,0
-0.81,0.37,-2.41,-1.24,-1.93,-0.81,1.22,1.72,-2.86,0.18,-0.21,5.79,-6.42,-4.45,-0.03,1.45,3,0,0
-1.2,-0.92,-1.71,-2.79,0.75,-4.96,-3.25,-2.61,1.07,4.78,2.46,-2.45,-2.45,-1.03,-0.79,1.53,3,0,0
-1.76,0.08,-2.94,2.57,4.09,-2.09,-3.34,-2.27,-2.36,2.52,1.59,-0.04,-3.94,-1.21,0.38,1.62,3,0,0
1.44,1.43,-1.09,0.42,-2.18,0.48,4.59,-2.55,-5.67,0.06,2.39,0.93,1.81,3.37,0.55,-1.05,3,0,0
-1.48,3.06,-0.41,2.02,0.07,-3.54,-1.19,-0.32,0.58,-0.37,-0.74,1.24,0.06,-1.23,2.92,-1.51,3,0,0
2.1,-3.31,-1.77,1.9,-0.61,0.84,-0.0,-1.97,1.53,-1.73,1.38,-2.4,0.49,6.04,-5.1,-0.41,3,0,0
-1.0,2.53,0.91,4.43,0.88,7.98,-3.32,2.0,-3.26,-6.32,-0.98,0.65,-3.03,1.39,4.94,2.75,3,0,0
0.95,1.7,-0.09,2.22,-3.16,1.54,-0.27,3.9,2.77,-3.95,0.44,1.29,0.45,-0.04,1.73,-0.84,3,0,0
-1.05,0.52,2.34,0.8,2.9,-1.83,-1.67,0.42,2.46,-5.7,0.24,-3.04,2.77,-0.75,0.24,-2.63,3,0,0
-0.1,0.93,-0.88,-0.7,2.19,-4.1,2.36,-0.21,-2.65,-1.19,-2.73,3.84,-2.53,-4.48,-1.1,-4.23,3,0,0
1.59,-1.95,-2.25,-6.5,-0.23,-1.19,-4.45,-0.59,3.07,4.05,-2.46,3.83,3.73,3.98,-4.64,0.27,3,0,0
-0.11,-1.77,-2.18,0.25,-2.82,-4.26,2.07,1.3,2.35,-0.25,-0.39,1.98,-2.96,-1.07,-6.29,-1.34,3,0,0
2.68,0.79,2.1,1.99,-0.97,-1.75,-0.17,5.53,4.51,0.1,-2.82,-4.11,2.7,1.99,0.19,-0.04,3,0,0
3.56,2.28,0.04,1.52,1.97,1.39,-1.14,0.81,-2.65,1.76,1.29,-2.32,-0.8,0.15,2.35,2.16,3,0,0
0.94,0.95,2.19,-0.88,1.57,-0.38,-5.98,3.3,2.33,6.38,1.53,-2.19,1.79,-0.25,3.84,2.88,3,0,0
0.45,-1.59,1.31,0.07,1.15,0.56,-1.23,1.55,0.21,2.25,1.53,0.2,0.44,2.01,0.05,0.33,3,0,0
0.33,-4.21,2.81,-0.2,2.16,2.48,-2.66,0.47,0.09,-0.93,0.56,2.96,1.09,2.47,0.44,-0.77,3,0,0
0.95,-2.8,0.29,1.02,4.72,-0.69,1.43,-0.06,-6.41,1.66,2.0,0.47,-3.63,-2.5,1.69,-2.52,3,0,0
0.83,1.37,-2.08,-4.25,-0.06,-3.81,0.1,-0.51,-0.51,2.89,-1.66,3.7,0.6,-0.38,-2.14,-0.25,3,0,0
-0.59,1.4,0.96,0.51,1.87,1.44,-1.57,0.56,-0.76,-5.71,0.57,1.21,0.98,0.02,0.42,-4.54,3,0,0
-3.27,-0.53,0.93,-1.23,2.75,-0.79,-0.59,-1.67,-3.03,-3.74,-0.67,1.71,-1.6,0.45,-0.86,2.18,3,0,0
3.86,-4.45,4.89,4.16,4.76,-0.18,-2.15,3.39,1.26,1.58,2.61,-7.33,2.72,0.84,2.22,-2.27,3,0,0
-6.55,1.76,1.25,-3.44,1.86,-4.26,-1.53,2.43,-0.2,-3.93,-2.1,2.73,-2.64,-5.95,-1.45,0.87,3,0,0
-0.27,1.29,1.46,-0.48,-0.27,0.66,0.7,1.57,-2.73,-0.66,1.85,-0.01,1.94,-0.64,1.81,1.19,3,0,0
3.1,-1.26,1.24,1.69,-0.95,2.5,-1.97,0.37,0.3,0.67,2.0,-0.09,-3.79,-0.89,0.75,3.44,3,0,0
2.79,-3.45,-1.12,2.64,0.77,1.84,0.17,-1.4,-3.32,2.29,-0.98,-0.21,-2.7,4.76,-2.02,0.33,3,0,0
-3.53,4.81,-0.99,-2.08,0.79,-1.32,-1.77,-2.48,-2.95,-8.11,-2.09,2.23,-3.2,-6.19,-1.46,-1.49,3,0,0
-2.15,0.25,-0.4,-0.16,-4.48,-2.83,3.0,-2.4,-0.07,-5.61,1.04,-0.06,-1.18,-0.58,-4.23,-2.62,3,0,0
-7.11,3.9,-4.34,5.34,-4.01,-0.64,-2.24,-3.74,-2.51,-7.3,6.17,1.82,-4.71,-2.38,4.45,1.02,3,0,0
2.21,-0.07,-0.37,2.73,-0.7,2.5,0.61,-1.01,-1.95,-2.26,-1.06,0.89,-2.44,1.34,-1.25,2.69,3,0,0
-1.41,-3.88,0.32,-4.83,-0.53,-5.58,-1.54,1.38,1.36,2.92,0.5,6.35,-1.61,-4.8,-2.57,-1.93,3,0,0
-2.67,-1.92,1.79,-4.33,0.17,-1.91,0.74,-0.83,-0.85,-2.25,-2.86,3.78,1.62,2.65,-3.87,-2.9,3,0,0
-3.96,-1.64,-1.43,-0.21,-3.08,-2.18,2.3,-2.97,-0.91,-2.77,1.91,4.12,-3.51,0.97,-1.48,0.04,3,0,0
0.48,-2.12,-0.21,5.18,2.11,-2.19,-2.75,-0.13,-5.61,5.01,2.23,1.2,-4.78,-2.06,2.59,-2.17,3,0,0
-3.29,-0.48,-0.66,0.38,-0.79,0.68,-4.37,-0.73,-0.8,-1.31,2.78,3.38,-1.88,-1.15,1.75,1.56,3,1,1
4.63,1.32,-4.06,1.01,-1.36,2.78,0.07,-4.41,-3.23,-1.01,3.84,1.77,-2.0,1.38,0.14,-0.54,3,0,0
-1.74,0.57,-0.27,1.39,-1.74,-1.26,0.74,1.89,3.08,-3.01,-3.75,-0.17,-1.89,1.06,-3.19,2.65,3,0,0
4.77,3.12,2.03,-1.44,-0.14,4.43,2.11,2.61,-1.65,-2.08,-1.38,1.12,2.29,0.11,1.5,0.76,3,1,1
1.05,-2.39,-1.23,6.39,-2.57,-2.93,0.13,3.78,0.59,4.28,2.88,-1.51,-1.01,1.91,3.34,-0.74,3,0,0
-0.15,1.81,0.78,-1.81,0.2,-2.38,1.41,0.71,-1.01,-1.46,-5.78,1.33,-0.41,-0.62,-3.51,-1.62,3,0,0
2.3,-1.9,-1.91,0.66,-1.22,-0.24,-0.08,-2.32,-1.33,1.39,6.17,-2.31,-1.33,0.68,-0.6,1.82,3,0,0
-0.14,-1.89,-0.91,-0.38,2.39,-2.43,-1.17,-0.55,-0.02,2.9,-0.49,0.36,0.23,2.62,-1.23,1.91,3,0,0
-1.21,-0.83,2.73,5.53,-1.61,0.2,2.39,2.96,-0.6,-4.66,3.02,-3.38,-3.15,-2.24,1.14,1.27,3,0,0
2.19,-1.95,-0.5,-5.13,-0.29,-3.25,-1.18,1.84,1.2,4.56,0.75,5.59,0.99,-1.43,-0.53,-1.56,3,0,0
1.54,-2.56,-2.74,-1.27,-3.47,-1.92,2.47,-0.22,-1.6,1.06,-0.49,5.97,0.98,1.48,-3.44,-0.14,3,0,0
3.42,-0.87,0.52,-0.37,-0.77,1.25,2.78,-3.36,-3.35,0.47,2.01,1.07,0.08,2.35,-1.06,0.62,3,0,0
2.13,0.06,1.55,6.93,-2.5,0.8,-0.87,3.42,2.0,-1.63,-0.84,-2.86,0.38,1.96,0.64,-1.03,3,0,0
2.78,-2.74,0.79,4.11,-1.9,0.73,0.5,0.12,0.76,0.26,1.57,-0.8,2.15,3.69,1.04,0.08,3,0,0
-1.81,2.21,0.45,3.45,0.69,2.45,-2.25,-0.18,-1.81,-4.45,-0.36,-1.25,-6.59,-4.79,-0.61,4.18,3,0,0
8.3,-0.95,0.75,-2.01,0.42,-2.17,2.88,0.99,0.09,4.95,-1.92,1.94,4.46,-0.33,-2.46,-1.29,3,0,0
0.32,-2.23,-2.87,0.73,2.26,-0.91,-4.82,-0.9,0.24,2.66,-0.85,1.69,1.86,2.1,-1.56,0.02,3,0,0
-1.57,2.73,2.58,-0.81,-5.73,-1.52,5.39,3.02,1.47,-4.82,-2.05,0.77,-0.64,-0.73,-2.65,0.36,3,0,0
1.62,4.33,1.48,0.85,-0.28,-0.53,-2.23,-0.31,-1.91,-1.48,-0.61,-2.49,-3.07,-3.92,2.88,-0.49,3,0,0
-0.97,-0.56,-0.46,3.11,-2.17,-3.55,-3.35,3.11,3.14,-0.27,1.64,-1.86,0.51,-2.72,1.47,0.04,3,0,0
-0.08,-1.77,-0.92,-0.3,0.73,-1.47,0.42,1.4,0.04,-0.69,4.91,0.8,2.17,0.14,0.08,-0.57,3,0,0
0.82,-2.68,0.12,-2.89,3.37,-2.13,0.52,-2.0,-2.74,1.58,1.47,1.01,2.23,1.51,-1.99,-2.64,3,0,0
-1.31,3.42,-1.0,2.58,-2.66,0.44,-1.34,-2.59,-0.2,-2.0,5.73,-1.81,-0.37,0.89,2.63,-1.32,3,0,0
0.2,-2.51,3.24,2.86,-1.71,1.12,0.72,2.52,-0.5,-3.29,2.06,-0.95,1.48,1.13,1.21,2.03,3,0,0
0.87,1.83,-3.59,0.41,-1.11,-0.04,-0.73,-0.2,-2.03,4.9,3.78,3.27,0.54,0.09,2.96,0.27,3,0,0
-1.27,3.19,1.2,0.3,0.81,-1.98,0.61,0.2,-2.48,-2.54,1.8,3.08,0.72,-4.4,2.75,-4.21,3,0,0
-1.64,2.83,1.43,1.07,1.71,-2.97,-1.08,1.16,-0.55,-1.23,-0.1,-0.17,0.91,-1.01,2.86,-2.29,3,0,0
2.62,-3.35,1.67,3.22,1.8,0.66,0.16,2.62,0.14,0.52,0.01,-1.02,-1.24,0.59,0.96,0.4,3,0,0
0.19,3.15,-1.7,-1.82,-1.22,0.83,-0.84,-1.76,-1.5,0.35,1.0,4.03,-2.32,-0.18,0.33,0.15,3,0,0
-1.85,2.13,3.73,-1.25,3.21,-1.45,-1.54,0.9,-1.33,-2.14,-0.8,-1.09,1.39,-1.1,2.7,-0.26,3,0,0
