@relation SyntheticData-N_1200-D_8-Nmin_60-Zmin_4-CL_2_3-R_0
@attribute X0 real [-5.51, 5.47]
@attribute X1 real [-5.42, 5.51]
@attribute X2 real [-5.93, 5.78]
@attribute X3 real [-6.01, 5.89]
@attribute X4 real [-6.12, 5.71]
@attribute X5 real [-5.14, 5.58]
@attribute X6 real [-6.58, 5.18]
@attribute X7 real [-5.50, 5.44]
@attribute cluster_idx {0,1,2,3,4}
@attribute is_noise {0,1}
@attribute Class {0,1}
@inputs X0,X1,X2,X3,X4,X5,X6,X7,cluster_idx,is_noise
@output Class
@data
0.54,-0.83,1.73,-0.65,-0.13,-0.49,-1.89,3.19,0,0,1
-1.17,-1.15,0.09,0.85,2.56,-1.08,-0.14,2.32,0,0,1
-3.67,-1.02,-1.95,3.58,5.37,2.49,1.17,-1.33,0,0,1
-0.59,0.68,0.61,0.98,-1.31,-1.73,-2.66,0.77,0,0,1
-1.5,0.65,2.21,0.79,3.26,-1.91,2.58,0.08,0,0,1
2.4,-0.1,0.89,-3.16,-1.75,-2.25,-1.31,2.75,0,0,1
-1.43,0.24,1.07,0.23,1.07,0.2,-1.62,-0.14,0,0,1
0.62,-0.1,-1.3,-0.98,0.64,-1.16,-0.15,-0.08,0,0,1
-0.52,1.27,-0.72,-1.74,0.65,0.36,-1.27,1.47,0,0,1
0.43,0.08,2.37,-0.41,0.27,2.24,-2.04,1.13,0,0,1
-0.91,0.2,0.4,-0.76,0.03,-0.29,-2.85,2.55,0,0,1
0.77,-0.52,2.67,-1.13,0.86,-0.65,-0.13,0.28,0,0,1
-3.77,1.69,0.9,3.55,4.58,1.64,2.45,-4.18,0,0,1
-2.9,-1.04,1.71,2.79,3.77,0.42,0.43,0.52,0,0,1
-1.83,-1.05,2.08,3.36,3.55,1.59,0.51,-2.27,0,0,1
-0.11,-0.69,-2.06,-0.32,-0.89,-4.21,-0.14,0.98,0,0,1
0.53,0.05,-3.07,-0.91,-1.25,-2.61,0.44,3.45,0,0,1
-0.9,0.27,0.71,0.54,0.41,-2.12,-0.45,2.28,0,0,1
-1.31,0.25,0.36,2.3,0.25,0.49,0.83,-2.88,0,0,1
2.28,-1.52,0.88,-2.75,-1.0,0.15,-1.86,2.25,0,0,1
1.87,-1.88,1.59,-2.28,-1.14,-0.0,-3.03,3.06,0,0,1
1.21,-1.2,1.38,-1.92,0.67,1.24,-2.01,0.32,0,0,1
2.07,-2.51,0.67,-2.49,-1.56,-0.31,-4.02,1.94,0,0,1
0.75,0.22,-0.36,-1.2,-1.21,-1.11,-0.44,0.78,0,0,1
1.03,-1.31,-2.9,-3.33,-1.84,2.75,-4.37,5.44,0,0,1
-0.93,-1.12,1.18,0.47,2.04,2.79,-1.66,-0.31,0,0,1
0.31,1.56,1.8,-1.0,-0.37,-2.62,1.34,-0.04,0,0,1
-1.3,1.32,0.36,1.1,0.97,-2.29,-0.31,0.75,0,0,1
0.06,2.05,0.41,-0.48,-1.62,-2.48,-1.58,-0.18,0,0,1
-1.4,-0.87,1.7,0.77,2.32,-0.57,-0.85,1.38,0,0,1
-0.14,1.02,-0.38,0.65,-0.97,0.5,1.32,1.31,1,0,1
0.21,0.29,-0.13,-0.79,0.11,1.02,1.63,1.87,1,0,1
3.02,-2.75,1.16,1.92,-4.18,-0.08,-0.5,-1.95,1,0,1
-0.58,1.15,0.54,-1.35,0.22,-3.05,-2.39,-1.18,1,0,1
-2.02,-1.0,0.69,-2.05,3.32,-2.43,-0.52,-1.24,1,0,1
2.5,0.23,2.35,-1.32,-0.6,0.34,-2.52,-1.04,1,0,1
0.55,1.65,-1.77,2.99,-1.0,2.03,2.64,0.88,1,0,1
-0.37,0.06,0.26,-0.53,-0.32,-0.17,0.89,1.22,1,0,1
-0.52,0.55,-2.5,0.91,0.63,0.53,3.91,1.46,1,0,1
-0.49,0.34,1.64,0.61,-1.69,-3.41,-1.32,-2.57,1,0,1
-0.67,1.29,-3.72,0.93,2.45,-0.38,0.01,-0.07,1,0,1
0.71,-2.57,-1.49,0.26,-0.68,1.21,-0.07,1.34,1,0,1
-0.52,2.03,-0.75,-0.7,-1.22,-0.39,-0.74,2.39,1,0,1
0.18,3.13,-3.45,1.45,0.51,1.81,4.84,2.66,1,0,1
-0.0,1.7,-1.26,-0.32,1.61,-0.31,-0.59,-0.02,1,0,1
4.39,-0.8,0.77,0.8,-2.23,1.76,3.38,-0.73,1,0,1
1.72,-4.25,1.12,1.28,-0.89,3.39,2.6,0.37,1,0,1
0.83,-0.13,-1.91,-0.63,-0.26,0.53,3.07,2.16,1,0,1
-3.16,2.65,-0.92,-2.79,4.45,-3.71,-3.24,-0.56,1,0,1
-0.92,3.57,-1.36,-1.64,-0.37,-3.27,-0.64,1.05,1,0,1
0.31,-0.39,-1.18,0.3,-1.18,0.04,0.15,1.25,1,0,1
2.56,-2.1,1.79,2.24,-1.65,1.66,-1.83,-2.69,1,0,1
-2.24,0.95,-1.86,0.56,1.47,-1.33,-0.69,0.05,1,0,1
0.73,-0.97,-0.41,0.76,0.29,-0.28,-1.57,-1.43,1,0,1
0.06,0.02,-1.35,0.68,-0.51,0.64,1.91,1.47,1,0,1
-1.4,-2.27,2.06,-2.23,0.24,-3.65,-4.4,-1.66,1,0,1
0.96,1.28,2.79,0.5,0.07,0.05,0.15,-2.17,1,0,1
0.58,-0.7,-1.24,-0.94,1.43,-0.41,-1.44,-0.4,1,0,1
-0.61,2.25,1.31,-0.81,-0.96,-2.24,-2.78,-0.47,1,0,1
1.12,-2.0,1.12,0.95,-1.3,-0.44,0.48,-1.59,1,0,1
1.97,-1.71,-4.33,1.21,1.91,0.94,0.54,0.17,2,1,1
2.75,1.39,1.66,-0.75,1.21,0.38,-1.62,2.33,2,0,0
-0.03,-0.07,-2.17,-3.25,3.21,-2.84,-1.31,-0.91,2,0,0
1.5,-0.61,-2.32,0.31,2.54,-0.04,-0.08,-0.23,2,0,0
1.04,-2.52,-1.25,3.91,-0.0,2.34,2.96,1.55,2,0,0
2.43,-3.41,1.23,3.74,-1.48,2.17,0.27,3.65,2,0,0
-2.22,0.79,2.28,2.32,-2.85,0.19,1.12,-1.45,2,0,0
0.94,0.02,4.43,-0.5,1.15,0.4,1.69,0.58,2,0,0
-2.22,0.26,-0.55,-3.58,-2.24,-3.63,-0.56,-0.2,2,0,0
-2.06,-1.37,1.85,-0.27,-3.16,-1.43,-0.42,-0.23,2,0,0
1.55,-0.13,-1.97,2.37,0.86,0.98,-2.31,-0.35,2,0,0
-0.19,2.7,-2.09,-0.28,-0.58,-0.89,-0.77,0.07,2,0,0
-1.58,-0.8,0.9,0.28,-2.82,-0.36,1.15,-1.05,2,0,0
0.06,-1.94,0.08,-0.58,1.63,-1.39,0.55,0.7,2,0,0
2.97,1.43,0.51,1.71,1.09,1.88,-1.72,0.04,2,0,0
1.89,1.96,2.55,2.02,-0.63,3.27,1.73,-1.2,2,0,0
3.02,-2.31,4.47,3.07,1.22,3.03,2.04,3.72,2,0,0
-0.6,-2.89,-0.59,-0.78,2.03,-1.53,1.26,-0.59,2,0,0
-0.54,2.68,-1.6,1.18,-4.4,0.94,-1.92,-2.25,2,0,0
-0.87,5.2,-1.34,-3.88,-0.18,-1.88,-0.79,-2.56,2,0,0
-0.57,-1.18,-3.34,-2.74,3.78,-3.87,-1.9,0.37,2,0,0
-1.8,-0.74,3.65,1.09,0.35,-0.97,0.62,-1.72,2,0,0
-1.29,0.45,0.28,-0.44,0.06,-1.42,-0.43,-0.99,2,0,0
0.74,-2.44,0.61,0.71,0.67,0.79,2.94,0.15,2,0,0
-1.71,0.8,1.69,0.08,0.11,-1.28,0.9,-1.07,2,0,0
-1.25,-1.76,3.49,1.9,-2.58,0.66,2.6,0.09,2,0,0
0.29,0.96,-1.73,0.19,2.16,-1.83,-1.69,1.15,2,0,0
-0.87,2.88,1.56,-0.98,-2.13,-0.9,-0.52,-0.52,2,0,0
0.3,-1.59,0.95,-1.08,-0.21,-0.62,1.49,1.51,2,0,0
-0.91,-0.27,0.26,1.0,-0.62,-0.89,-1.24,0.14,2,0,0
-0.42,0.14,1.3,1.49,-1.72,0.93,2.22,0.11,2,0,0
0.59,-0.49,0.37,-1.05,-2.59,0.03,0.02,0.74,2,0,0
1.49,-0.79,-1.65,0.81,1.75,0.12,0.01,0.83,2,0,0
-1.83,1.74,-0.01,0.63,-3.1,-0.26,0.07,-1.9,2,0,0
-1.36,-2.62,0.51,1.47,-3.25,-0.32,1.28,0.59,2,0,0
-0.05,-0.42,0.44,0.72,-0.09,0.21,1.58,-0.08,2,0,0
-1.72,-1.91,0.91,0.15,-3.07,-1.48,-1.35,1.08,2,0,0
-1.69,-0.72,1.06,-0.62,0.36,-2.24,0.17,-0.82,2,0,0
-2.48,0.77,2.4,-0.86,-0.83,-1.73,1.09,-0.39,2,0,0
0.31,-1.36,-0.86,-1.52,0.99,-0.65,1.65,-0.75,2,0,0
2.48,-1.29,-0.75,1.65,0.48,2.25,1.19,0.07,2,0,0
-2.32,-0.5,-5.93,-3.2,-0.09,-3.97,-1.66,-2.56,2,0,0
1.65,-0.31,-0.84,2.39,-0.1,1.9,-0.29,-1.25,2,0,0
0.37,-0.71,0.28,1.91,1.91,1.27,3.23,-0.57,2,0,0
-0.94,-1.52,2.42,-1.89,-3.19,-0.99,0.86,-1.7,2,0,0
-1.1,0.64,0.37,-1.11,0.27,-1.08,1.7,-2.16,2,0,0
-0.47,1.76,-0.54,2.75,-2.99,-0.52,-4.22,1.26,2,0,0
-0.01,-1.2,0.8,-0.0,-1.72,-0.13,0.71,0.39,2,0,0
0.63,-0.02,-0.96,-0.68,-0.78,-0.81,-1.45,1.06,2,0,0
1.43,0.96,1.82,1.8,-1.02,1.21,-0.33,1.47,2,0,0
1.19,1.25,1.29,0.62,0.24,0.85,0.92,-0.6,2,0,0
0.04,1.64,0.94,0.2,-1.66,0.81,1.84,-0.77,2,0,0
0.41,1.08,-0.08,-2.43,0.73,-1.66,-1.52,-0.04,2,0,0
0.73,0.92,-0.72,0.71,-2.67,0.35,-3.05,1.46,2,0,0
-0.2,0.95,2.74,-1.08,-0.78,-0.38,0.01,0.13,2,0,0
-0.59,0.69,1.13,-0.21,-2.27,-1.02,-1.82,0.89,2,0,0
0.86,-2.07,0.14,0.4,2.87,-0.49,1.01,1.0,2,0,0
-3.51,-1.93,-2.27,-2.03,-0.56,-4.44,0.07,0.85,2,0,0
-0.36,1.27,2.08,-1.0,-1.28,-1.89,-2.94,0.46,2,0,0
0.38,-3.2,2.09,2.52,-1.52,1.32,3.27,0.86,2,0,0
-1.85,-2.72,-2.54,-2.46,0.87,-2.89,1.81,-1.25,2,0,0
-0.14,2.99,-2.05,0.28,2.98,-1.26,-1.63,-0.97,2,0,0
1.22,-4.34,-0.32,0.34,-0.66,0.0,-0.5,1.7,2,0,0
0.27,-2.0,2.6,2.21,-0.02,0.8,2.06,1.73,2,0,0
0.74,-1.66,4.47,3.63,-0.9,1.83,2.53,2.84,2,0,0
-1.29,-1.98,-1.52,-2.33,2.1,-3.15,0.71,0.62,2,0,0
-2.65,-0.6,0.0,-2.24,0.95,-4.23,-1.03,0.82,2,0,0
-0.38,-0.07,2.32,-0.38,-2.98,1.07,3.31,-1.37,2,0,0
-1.4,1.92,-0.89,1.49,2.42,-1.05,-0.94,-1.99,2,0,0
-0.66,3.23,-0.95,-2.52,-1.26,-1.75,-3.09,-1.6,2,0,0
2.69,-1.4,0.37,1.54,-2.04,3.56,2.39,-1.34,2,0,0
-0.69,0.58,-0.18,0.18,-1.49,-0.14,0.16,-0.68,2,0,0
-0.71,-0.58,-0.52,-1.29,0.79,-1.54,0.62,-0.3,2,0,0
0.27,2.02,0.69,0.94,-1.02,0.86,-0.47,-0.99,2,0,0
-2.36,-0.06,1.74,-1.04,-1.65,-2.0,0.47,-0.05,2,0,0
3.02,0.91,-0.48,-0.5,2.21,0.57,-0.97,0.27,2,0,0
0.68,0.44,-2.1,1.82,0.97,0.72,1.49,0.41,2,0,0
2.71,-0.32,3.15,3.6,-0.66,3.27,1.38,2.1,2,0,0
2.69,-0.65,-0.41,3.44,1.88,2.99,2.42,-0.27,2,0,0
1.62,3.5,0.93,1.56,1.54,1.36,-1.54,-1.27,2,0,0
2.52,0.17,-0.16,3.19,1.46,2.91,1.89,0.06,2,0,0
3.03,3.56,-1.9,2.66,2.38,2.04,-2.11,0.53,2,0,0
0.33,0.98,-2.72,-2.27,-0.29,-1.67,-1.66,0.91,2,0,0
0.69,-1.92,-0.81,1.04,2.43,1.15,4.22,-1.25,2,0,0
1.04,-0.33,2.97,2.38,-0.71,1.52,1.96,0.31,2,0,0
0.85,-0.16,-1.1,0.91,-0.86,1.11,1.79,0.07,2,0,0
0.99,0.55,-4.82,-0.12,3.78,-0.74,-0.39,-0.83,2,0,0
2.58,0.22,-1.75,-0.89,2.32,0.71,0.99,-0.99,2,0,0
0.39,-0.54,0.02,1.0,0.8,0.66,2.2,-0.48,2,0,0
-0.44,1.95,-2.13,-2.55,0.53,-1.61,-0.93,-2.81,2,0,0
-0.09,-2.28,-0.41,0.42,-0.47,0.43,2.95,-1.38,2,0,0
1.22,-1.06,0.43,2.63,0.65,1.02,0.13,1.36,2,0,0
1.92,2.1,0.83,-0.4,2.66,0.3,-0.62,-0.52,2,0,0
1.81,0.78,-2.74,1.67,0.29,0.47,-3.06,1.01,2,0,0
2.52,-3.71,3.89,2.04,-1.24,1.44,0.18,4.44,2,0,0
1.27,-1.16,3.57,-0.21,-1.98,1.37,2.76,1.85,2,0,0
-1.59,2.63,-2.24,-2.76,2.46,-3.66,-2.87,-2.12,2,0,0
-2.23,3.94,2.71,0.86,-2.42,-0.39,-1.31,-2.27,2,0,0
0.76,0.83,-0.27,1.34,1.11,1.12,1.36,-1.4,2,0,0
-0.92,1.5,-1.33,-0.79,-0.69,-0.95,-0.34,-1.72,2,0,0
0.83,0.37,1.33,-0.75,0.59,-0.81,-1.26,1.12,2,0,0
0.13,1.07,1.83,0.8,1.75,0.87,1.75,-1.91,2,0,0
-1.38,2.04,-1.86,-0.09,-1.89,0.33,1.82,-2.97,2,0,0
0.01,2.1,-2.44,-1.23,-0.83,-1.07,-2.54,0.71,2,0,0
-0.0,3.08,-2.29,-3.24,3.26,-2.36,-1.43,-1.92,2,0,0
1.05,0.09,-1.51,0.53,-1.06,0.88,0.3,-0.61,2,0,0
-1.7,-0.35,0.59,-0.36,-6.05,-1.03,-1.77,1.88,2,0,0
-1.78,2.84,0.17,2.03,-2.04,0.23,-0.12,-1.98,2,0,0
-2.57,4.77,-1.27,-2.18,1.61,-2.51,-1.88,-5.5,2,0,0
-0.5,1.8,-0.14,-2.56,-0.74,-1.97,-2.25,-0.83,2,0,0
-0.49,-2.57,3.34,2.33,-3.36,1.02,2.76,1.88,2,0,0
-0.7,-1.62,0.74,-1.13,-0.82,-1.15,1.67,0.12,2,0,0
-2.13,1.47,-2.2,-1.07,-0.11,-2.49,-0.71,-1.38,2,0,0
-3.4,-1.37,1.94,-0.18,-4.02,-1.54,1.28,-1.11,2,0,0
0.73,2.97,-0.5,0.66,2.49,0.25,-1.01,-0.4,2,0,0
0.52,0.55,-0.5,-2.64,1.12,-1.43,-0.48,-0.32,2,0,0
-2.48,-0.53,4.22,0.16,-6.12,-0.66,1.42,0.9,2,0,0
3.62,0.01,0.44,2.05,1.5,1.78,-2.72,1.64,2,0,0
0.97,1.52,1.04,2.89,-1.03,1.17,-1.58,1.16,2,0,0
1.11,1.12,1.14,1.11,-0.38,0.98,0.29,-0.56,2,0,0
-1.58,1.96,3.64,-3.16,-1.76,-1.47,0.09,-1.87,2,0,0
-1.5,-1.33,0.62,-0.65,-2.95,-0.99,1.54,-0.02,2,0,0
0.52,-0.3,-1.68,0.0,2.03,-0.36,1.28,0.07,2,0,0
-0.38,3.55,-3.43,0.17,-0.49,-1.2,-3.74,-0.23,2,0,0
1.24,-1.71,0.6,-0.86,0.4,0.35,1.95,1.43,2,0,0
2.35,4.28,-1.7,-0.35,3.24,1.02,-0.25,-1.88,2,0,0
1.53,0.1,-0.71,1.55,-2.91,1.54,-0.47,1.65,2,0,0
0.19,0.54,-1.32,-2.6,3.07,-2.58,-1.4,-0.02,2,0,0
1.72,-3.46,-0.11,-0.39,2.36,-0.32,1.6,2.6,2,0,0
0.01,-0.98,0.03,-1.35,0.58,-1.06,0.82,-0.15,2,0,0
-1.08,-0.88,1.16,0.2,-2.34,-0.67,0.88,0.6,2,0,0
1.46,2.27,-0.46,-0.1,2.44,0.8,1.2,-1.89,2,0,0
0.15,2.9,-2.8,-2.49,0.28,-0.73,-1.2,-3.38,2,0,0
-2.63,-0.48,-3.79,-1.65,0.63,-3.39,-2.01,-2.26,2,0,0
-2.31,-0.68,2.66,-0.56,-1.36,-2.44,-0.98,0.29,2,0,0
-0.61,-2.16,1.56,0.14,0.37,-0.84,0.79,-1.33,2,0,0
0.35,-0.56,-1.75,-2.21,1.78,-1.57,-0.24,0.23,2,0,0
-0.76,4.06,-2.34,-0.3,1.9,-1.5,-2.8,-1.82,2,0,0
-2.39,2.56,0.28,-3.49,2.24,-3.3,0.57,-2.7,2,0,0
1.06,0.36,4.18,3.78,-1.77,2.46,1.68,1.41,2,0,0
-1.73,1.44,-0.69,0.57,-3.61,-1.19,-1.96,-0.25,2,0,0
1.48,2.57,0.43,0.82,1.14,0.8,-1.8,-0.75,2,0,0
0.64,0.38,2.5,-1.06,0.02,0.19,1.03,-0.46,2,0,0
-1.74,0.33,-3.63,0.01,-2.14,-1.92,-0.66,0.72,2,0,0
0.43,1.1,-0.74,1.87,-0.81,0.15,-2.07,0.96,2,0,0
2.11,-2.32,-0.04,-0.14,1.89,0.25,0.42,2.11,2,0,0
-0.72,3.07,-0.0,-2.39,-1.6,-1.12,-1.79,-3.29,2,0,0
-2.77,2.0,1.33,-1.19,-1.97,-2.91,-3.16,-0.85,2,0,0
-3.18,2.25,-3.04,-2.43,-1.17,-3.08,-0.43,-4.16,2,0,0
-4.73,1.98,-0.06,-4.26,-3.9,-3.98,1.04,-1.85,2,0,0
5.22,-0.84,-2.05,5.89,4.21,5.47,2.46,0.52,2,0,0
-0.33,2.28,0.79,0.91,-3.49,0.75,-0.6,-0.9,2,0,0
-2.92,-0.33,3.09,-1.43,-0.84,-2.67,2.03,-0.38,2,0,0
-0.62,0.21,-1.84,0.4,-0.01,-0.66,0.61,-1.4,2,0,0
1.03,0.72,-5.83,-1.0,2.16,-0.19,0.44,-1.73,2,0,0
-0.42,1.61,0.86,-1.52,2.81,-2.01,-0.95,-0.1,2,0,0
-0.42,-2.4,4.31,0.76,-2.67,0.5,1.74,1.96,2,0,0
0.25,-3.1,-0.11,3.39,-1.94,1.84,2.67,0.34,2,0,0
2.83,0.49,-0.41,2.38,1.05,2.37,-0.22,1.06,2,0,0
2.86,0.21,-2.05,2.34,1.56,2.08,-0.51,-0.16,2,0,0
-2.82,2.71,1.03,-0.96,-1.17,-1.72,-0.09,-2.33,2,0,0
-0.65,-0.47,0.73,0.84,-1.69,-0.19,1.72,1.4,2,0,0
1.02,-3.8,-2.12,2.98,-1.53,1.88,2.24,1.68,2,0,0
1.79,1.16,-0.41,-0.71,0.23,1.42,1.79,-1.29,2,0,0
-0.9,-0.19,-0.39,1.35,0.2,-0.9,0.37,0.66,2,0,0
-0.06,1.7,0.38,2.31,-0.57,0.98,1.32,0.14,2,0,0
0.41,-3.28,-0.68,2.02,-1.72,0.72,-0.28,1.22,2,0,0
1.97,-0.97,1.5,3.05,-0.09,1.74,-0.75,2.44,2,0,0
-0.68,0.13,-0.36,-0.36,-0.79,-0.48,0.55,-1.0,2,0,0
-2.04,1.93,1.79,1.7,-2.99,0.12,0.31,-2.49,2,0,0
-0.38,2.33,1.51,1.67,-2.77,1.28,-0.58,-1.15,2,0,0
0.27,-0.17,-1.52,-2.52,2.22,-1.91,-0.11,-0.61,2,0,0
1.51,-2.41,0.27,0.37,0.4,0.73,2.12,0.8,2,0,0
-1.8,0.47,-1.88,-3.24,-0.11,-2.68,-0.07,-1.79,2,0,0
2.36,2.36,1.43,1.06,-0.38,1.76,-1.18,0.11,2,0,0
-0.86,-1.58,2.78,-2.06,-0.5,-0.78,3.54,-0.51,2,0,0
-2.07,0.46,-1.63,-3.54,0.28,-3.39,-0.78,-2.66,2,0,0
-0.39,2.55,-0.66,3.55,-1.09,0.6,-1.47,0.1,2,0,0
3.24,0.94,-0.11,1.15,1.05,2.37,-0.72,1.28,2,0,0
0.59,-1.61,-0.58,-0.34,0.87,-1.75,-1.96,2.28,2,0,0
0.25,-2.87,0.71,0.71,-1.56,0.2,0.99,0.56,2,0,0
1.35,2.95,-0.48,-0.73,3.74,0.45,1.62,-3.13,2,0,0
0.18,0.88,-0.11,1.2,-2.72,1.05,-0.29,-0.5,2,0,0
0.62,-0.87,0.21,1.35,-1.36,-0.29,-2.82,1.93,2,0,0
-1.88,2.2,-1.27,-1.12,-0.06,-1.69,-0.92,-2.98,2,0,0
0.38,0.72,1.52,-1.21,-1.3,0.08,0.79,0.56,2,0,0
1.26,3.77,-0.19,-2.55,2.57,-0.59,-1.18,-1.92,2,0,0
2.54,2.34,1.17,0.85,-0.41,1.74,-2.29,1.95,2,0,0
0.22,3.86,0.69,-1.37,1.47,-1.55,-2.77,-0.42,2,0,0
-0.04,-1.05,-0.9,-2.8,-0.12,-1.28,0.56,-0.5,2,0,0
-0.71,-1.23,-3.17,2.56,-2.05,0.31,0.04,-0.47,2,0,0
-3.28,0.6,3.22,-1.5,0.53,-2.72,1.99,-1.78,2,0,0
-1.74,1.15,-1.36,-0.13,-1.15,-1.1,0.59,-0.99,2,0,0
-0.88,-0.18,2.77,-0.17,-1.02,-1.0,-0.65,0.72,2,0,0
0.54,0.78,-1.22,-2.07,0.69,-1.4,-1.07,-0.65,2,0,0
-0.26,0.04,-1.17,0.21,-0.03,0.01,1.01,-0.4,2,0,0
2.91,0.38,1.33,2.49,-0.73,2.68,-1.11,1.56,2,0,0
-0.19,1.39,-1.49,0.32,1.01,-1.88,-2.98,1.57,2,0,0
2.66,0.25,3.7,2.67,0.47,1.99,-0.09,3.89,2,0,0
-1.08,1.32,-3.89,-2.11,0.18,-2.69,-2.32,-2.13,2,0,0
-2.36,-0.43,-1.09,-4.13,0.52,-3.7,-0.52,-1.45,2,0,0
0.73,-1.48,-0.62,0.67,1.68,-1.01,-1.68,0.67,2,0,0
-2.12,0.84,-1.2,-0.84,-0.45,-0.88,2.47,-2.28,2,0,0
0.17,-1.86,-1.51,1.69,-1.5,-0.2,-0.94,2.14,2,0,0
-0.51,-0.72,-2.61,-0.91,-0.3,-1.01,-0.81,-1.72,2,0,0
-0.21,-1.79,2.93,-0.79,-3.33,-0.4,0.54,2.06,2,0,0
-0.21,2.67,-1.7,0.12,1.36,-0.96,-2.23,-1.87,2,0,0
-1.45,2.85,0.94,-2.57,-0.5,-1.42,0.87,-1.85,2,0,0
-2.34,-2.02,2.3,0.73,-1.91,-2.18,-0.92,0.63,2,0,0
1.27,-1.66,1.54,2.61,0.71,1.54,2.66,1.21,2,0,0
-1.61,1.78,-1.88,-1.11,-2.68,0.07,0.5,-4.12,2,0,0
-1.88,-1.99,2.59,-0.35,-2.03,-2.26,0.77,2.43,2,0,0
1.39,1.75,2.61,1.44,2.61,1.32,0.08,-0.83,2,0,0
0.85,-0.78,-2.28,-0.52,-0.69,-0.41,-1.28,1.69,2,0,0
-1.73,2.03,1.47,2.66,-1.34,0.19,0.64,-0.97,2,0,0
2.89,-1.55,-3.67,-0.79,0.95,0.88,1.36,2.15,2,0,0
-1.99,-0.1,-3.27,-2.35,-1.23,-2.49,0.19,-1.25,2,0,0
0.89,2.36,3.52,-0.63,-0.73,0.9,0.94,0.04,2,0,0
2.25,0.39,-1.87,0.49,1.72,1.75,1.27,-1.27,2,0,0
-0.52,0.12,-0.24,0.82,-0.82,0.0,1.05,0.65,2,0,0
1.41,5.51,3.67,0.38,1.62,1.08,-0.74,0.85,2,0,0
-0.32,0.62,1.72,0.07,0.75,-0.23,2.7,-0.14,2,0,0
-0.02,0.69,-0.52,1.01,-1.89,0.46,-0.56,-1.52,2,0,0
0.65,-0.46,-3.33,-0.98,3.08,-1.14,0.37,-1.69,2,0,0
0.29,0.52,1.74,0.85,-2.23,-0.21,-2.06,1.43,2,0,0
-1.01,-0.92,1.34,0.32,-2.44,-0.32,1.34,0.61,2,0,0
-2.75,1.31,2.62,-0.34,-1.07,-1.57,1.56,-0.88,2,0,0
2.44,-1.48,-3.19,1.62,0.92,1.56,0.56,1.51,2,0,0
0.45,-1.63,3.43,4.05,-4.62,1.48,-1.28,2.44,2,0,0
2.62,-1.75,-4.61,-0.07,0.92,0.75,0.02,2.47,2,0,0
-1.68,-0.13,2.35,-1.02,-2.78,-0.72,1.68,-1.61,2,0,0
-3.07,2.28,-1.25,-2.65,-2.76,-2.62,-1.02,-3.57,2,0,0
1.13,2.35,1.01,2.14,1.68,1.7,1.07,-1.11,2,0,0
-0.31,1.64,2.16,-1.06,-0.63,-0.82,0.37,-0.17,2,0,0
-0.91,1.59,-0.23,1.26,-2.96,0.35,0.07,-0.51,2,0,0
3.11,-1.01,1.79,0.3,0.22,1.49,-0.25,1.51,2,0,0
-0.2,0.15,1.07,-2.13,-0.49,-1.37,-1.05,0.07,2,0,0
0.54,-2.15,0.18,0.55,1.34,0.25,2.88,0.84,2,0,0
0.48,1.87,-1.1,1.51,0.88,1.13,0.61,-2.45,2,0,0
2.73,0.02,-2.01,1.47,2.93,1.87,0.83,0.92,2,0,0
-0.02,-2.05,-1.73,2.48,-1.3,-0.21,-1.41,0.73,2,0,0
2.69,0.84,2.19,-0.53,3.51,0.44,-0.32,1.62,2,0,0
1.02,1.36,0.35,-2.89,-0.08,-1.04,0.15,0.86,2,0,0
1.53,0.33,1.92,-1.85,3.7,-1.44,-1.03,0.39,2,0,0
0.8,-0.58,1.18,-0.97,-0.28,-0.48,0.31,1.53,2,0,0
0.73,-0.51,-1.08,-2.17,2.19,-1.36,-0.04,-0.08,2,0,0
-2.61,-0.96,-3.0,-1.0,-0.84,-2.35,0.89,-1.45,2,0,0
0.06,0.67,1.66,0.8,-5.09,0.12,-3.35,1.82,2,0,0
1.85,0.76,-2.09,0.92,2.86,0.43,0.03,0.66,2,0,0
1.35,-2.1,-0.22,-2.1,-0.74,-0.8,0.37,3.57,2,0,0
0.87,0.3,0.56,0.53,-1.79,0.22,-1.47,-0.24,2,0,0
2.97,-1.17,1.68,-0.83,3.77,0.11,1.27,2.57,2,0,0
-0.09,1.24,-2.97,-1.88,2.63,-1.69,-2.12,-1.81,2,0,0
1.86,2.07,0.52,0.99,0.2,1.81,0.11,-2.17,2,0,0
0.6,2.45,-4.39,-2.24,-0.61,-0.79,-2.5,-2.04,2,0,0
1.5,0.85,0.35,-1.93,0.64,0.27,0.84,-0.67,2,0,0
1.6,-3.37,-0.11,1.38,-0.65,2.3,3.79,0.46,2,0,0
-0.97,-2.26,2.85,0.5,-2.33,-0.38,2.09,0.01,2,0,0
-0.67,0.9,0.88,-0.15,1.38,-0.74,1.01,-1.01,2,0,0
1.2,-1.03,1.68,0.29,0.28,0.42,1.1,0.8,2,0,0
-1.07,3.56,1.83,-0.53,-1.01,-0.78,-0.48,-0.33,2,0,0
1.63,-0.24,-0.66,0.68,2.8,0.86,1.86,0.58,2,0,0
-1.41,1.9,2.17,-3.66,0.39,-1.85,2.57,-2.32,2,0,0
-1.32,1.19,-1.83,-1.71,-1.18,-2.02,-1.07,-0.68,2,0,0
3.27,-2.18,3.11,3.88,-1.71,4.36,0.76,0.58,2,0,0
-2.2,0.54,0.9,-2.75,-1.26,-2.13,2.69,-0.74,2,0,0
1.35,0.4,-0.64,1.2,1.27,1.07,0.9,-0.19,2,0,0
-0.8,0.7,0.73,-2.62,0.64,-1.73,0.04,-1.97,2,0,0
-2.05,1.0,0.89,-2.23,-0.72,-1.93,0.65,-2.1,2,0,0
1.14,-0.39,0.39,0.06,1.11,0.22,0.72,1.29,2,0,0
-1.2,0.9,-1.95,0.7,-0.75,-0.72,-1.96,-3.03,2,0,0
-1.61,-0.95,1.09,-2.15,-0.9,-1.5,1.85,-1.84,2,0,0
-1.46,1.48,0.92,-2.46,-2.36,-1.36,0.83,-1.34,2,0,0
1.46,1.19,0.03,0.34,1.17,-0.2,-2.06,1.71,2,0,0
3.52,0.48,2.96,3.09,2.46,2.85,1.32,2.55,2,0,0
-0.79,-1.23,-0.53,-1.92,0.24,-0.89,2.03,-2.05,2,0,0
0.91,0.09,4.16,-0.24,-1.6,0.92,1.39,-0.37,2,0,0
0.67,-0.63,-0.35,1.38,0.56,-0.15,-1.62,0.02,2,0,0
0.33,1.65,1.33,0.81,1.36,0.92,1.9,-0.38,2,0,0
2.12,1.77,-0.02,0.7,4.44,0.56,-1.61,-0.22,2,0,0
2.19,-2.22,-1.25,1.92,0.97,0.67,-1.3,2.61,2,0,0
2.82,-1.19,-1.48,3.4,0.84,2.57,1.04,2.3,2,0,0
-0.02,0.52,-3.22,1.71,0.93,0.14,0.3,-0.52,2,0,0
2.33,-0.63,-0.52,2.27,3.14,1.23,0.66,2.07,2,0,0
2.75,0.45,-0.64,1.99,2.29,1.48,-0.92,1.74,2,0,0
-1.16,-0.05,0.7,-0.04,-2.44,0.09,1.27,-1.13,2,0,0
-0.01,-0.91,-0.72,0.53,2.86,-1.24,-0.58,-0.61,2,0,0
0.99,-0.59,-4.49,-4.7,4.48,-3.78,-3.21,1.44,2,0,0
0.39,0.42,1.83,1.46,-0.16,0.4,-0.09,0.98,2,0,0
-2.58,0.02,-3.37,-2.46,-3.43,-2.26,0.3,-1.77,2,0,0
1.79,-0.92,2.55,-1.51,1.37,-0.46,0.88,1.76,2,0,0
0.99,-1.49,1.2,1.45,1.0,0.76,1.15,1.33,2,0,0
-0.57,-0.28,-2.06,-3.7,1.76,-3.61,-2.11,0.13,2,0,0
1.11,-1.69,3.85,2.1,-2.7,2.21,2.77,2.13,2,0,0
0.62,-1.03,-2.78,-0.06,1.21,-0.61,0.19,-0.11,2,0,0
1.41,-3.21,-0.33,2.3,0.14,0.77,1.45,1.38,2,0,0
-0.39,-1.17,1.18,-2.27,0.78,-1.73,0.62,0.04,2,0,0
-0.35,-1.3,2.92,-1.59,0.53,-0.35,3.88,-0.87,2,0,0
0.45,-2.98,4.43,3.97,-2.82,2.08,2.29,2.11,2,0,0
2.4,1.23,-3.31,3.23,1.37,1.25,-2.95,1.46,2,0,0
-0.89,-0.29,-0.28,-0.7,-1.9,-1.65,-1.89,0.66,2,0,0
0.84,-1.59,2.42,0.46,0.0,0.29,1.49,1.73,2,0,0
0.63,-0.39,0.54,1.6,0.31,1.32,0.49,-0.45,2,0,0
0.41,0.55,-1.28,0.68,1.69,-0.42,-1.1,0.57,2,0,0
3.24,-1.6,0.33,2.46,2.88,2.16,0.91,1.53,2,0,0
1.38,-2.6,-1.69,-1.75,3.2,-0.47,2.0,-0.85,2,0,0
-0.12,-0.25,-1.72,-0.84,-0.55,-1.11,-0.34,0.77,2,0,0
2.94,-0.65,2.52,2.49,1.19,2.05,1.47,3.02,2,0,0
-1.05,-1.5,0.23,0.38,-1.09,-0.6,1.96,0.34,2,0,0
-0.25,-0.51,2.83,-2.65,-3.52,-0.22,2.57,0.88,2,0,0
1.19,0.45,2.66,0.08,-1.48,0.27,-0.56,1.16,2,0,0
0.36,0.21,0.9,-0.9,0.85,-0.53,0.57,0.43,2,0,0
1.4,3.1,0.03,-2.08,1.16,-0.76,-2.54,-0.01,2,0,0
-0.74,-2.56,1.34,0.71,-3.72,0.15,2.62,0.36,2,0,0
2.53,-0.19,-1.34,2.28,4.68,0.73,-0.33,1.76,2,0,0
2.26,2.47,0.96,4.1,-0.42,2.52,-1.22,1.94,2,0,0
3.05,3.07,0.08,-0.19,-0.18,1.64,-1.0,1.04,2,0,0
0.5,1.19,-2.22,-2.16,0.56,-1.02,-1.09,-0.79,2,0,0
1.49,0.79,0.48,1.18,3.78,-0.16,-0.6,0.78,2,0,0
0.06,3.75,2.36,-2.15,-1.36,-0.69,-1.65,-1.23,2,0,0
-0.98,-0.24,-3.08,1.87,0.91,0.27,2.28,-1.63,2,0,0
-0.03,-0.4,2.86,1.61,-2.01,0.57,0.79,0.4,2,0,0
0.61,-0.98,0.76,-1.96,-1.88,0.23,1.62,-0.58,2,0,0
1.25,-0.53,-0.88,-0.49,0.02,-0.51,-2.14,0.78,2,0,0
-1.08,3.16,0.38,-1.43,-2.45,-1.51,-1.6,-0.22,2,0,0
0.18,1.33,2.78,1.45,1.72,-0.42,-1.19,0.9,2,0,0
-3.4,-1.81,1.63,0.16,-2.96,-2.49,-0.36,-1.29,2,0,0
-0.31,1.64,-3.23,-0.68,0.74,-1.14,-1.8,-1.56,2,0,0
3.11,1.75,-1.78,0.29,1.24,1.54,-1.48,-0.14,2,0,0
-0.52,1.86,0.95,-0.29,0.79,-0.28,0.26,-2.63,2,0,0
-0.31,0.2,-0.95,1.88,2.88,-0.01,2.02,-0.59,2,0,0
2.37,1.83,0.91,2.48,0.05,2.18,-0.45,1.22,2,0,0
-0.68,1.22,-0.69,1.16,-0.56,-0.63,-1.21,0.02,2,0,0
1.71,3.86,1.16,0.77,-2.33,1.66,-2.22,-0.69,2,0,0
-0.82,1.07,0.92,-1.44,-2.93,-1.36,-1.77,0.12,2,0,0
-0.68,-1.52,1.35,0.81,-0.92,-0.64,0.42,0.35,2,0,0
-3.38,-0.4,2.49,-0.82,-3.63,-1.74,1.28,-1.47,2,0,0
-0.2,1.09,-0.98,-0.53,-0.54,-0.39,0.68,0.39,2,0,0
0.85,-1.56,-3.36,-0.4,0.22,-0.1,-0.18,-0.96,2,0,0
-2.6,3.98,-0.65,-4.53,-3.23,-3.31,-3.82,-3.55,2,0,0
-1.33,-0.33,0.36,-2.73,3.22,-3.53,0.02,-1.24,2,0,0
1.67,-0.32,0.57,-0.3,0.97,-0.01,0.44,1.45,2,0,0
1.02,0.59,-1.07,-1.24,0.91,-0.4,-0.18,1.5,2,0,0
2.2,1.62,-1.45,0.86,3.39,0.91,-0.71,0.03,2,0,0
-1.25,-0.07,0.33,-1.25,-1.8,-0.7,0.73,-2.8,2,0,0
-1.19,0.14,0.96,-1.31,-3.15,-0.46,1.64,-2.08,2,0,0
0.5,-1.46,-3.4,0.67,0.02,-0.33,-0.0,1.07,2,0,0
-1.51,1.85,0.78,2.57,-1.57,0.41,-0.1,-1.9,2,0,0
0.06,3.39,-1.06,-1.33,0.65,-1.03,-2.64,-1.48,2,0,0
1.83,1.55,0.24,-0.79,-0.45,0.19,-2.18,1.22,2,0,0
0.37,-0.09,-0.77,-3.27,1.93,-2.54,-1.26,0.26,2,0,0
2.32,-1.12,5.78,2.6,-1.01,2.13,-0.79,3.11,2,0,0
1.61,-2.54,-1.71,3.35,0.69,2.23,1.06,-0.63,2,0,0
-1.28,1.79,-4.63,2.09,-1.51,0.08,-1.12,-2.62,2,0,0
1.4,-0.05,-0.02,-0.82,0.07,0.26,0.82,1.26,2,0,0
3.88,0.13,1.03,1.16,4.64,2.21,1.7,0.11,2,0,0
0.65,0.68,0.62,1.21,0.75,1.06,1.44,0.61,2,0,0
0.45,3.83,-3.54,-1.02,3.02,-0.89,-0.98,-3.04,2,0,0
-1.89,-0.97,-2.2,-1.99,-0.65,-3.22,-1.45,-0.01,2,0,0
1.04,0.78,3.74,0.89,-1.54,1.56,1.47,1.15,2,0,0
2.35,-0.42,-0.87,0.3,-0.77,1.61,0.87,0.58,2,0,0
-1.1,1.17,-2.19,-0.9,0.78,-2.72,-2.17,1.11,2,0,0
0.71,0.16,0.27,0.32,-1.98,0.73,-0.63,-0.55,2,0,0
0.39,2.68,0.02,0.59,1.19,0.49,1.21,-0.13,2,0,0
-0.78,1.75,-1.6,-2.8,1.05,-1.5,0.29,-2.38,2,0,0
-0.94,0.52,-0.88,1.37,-3.97,-0.06,-2.12,-1.17,2,0,0
-1.23,-0.43,-0.71,0.69,-2.4,-0.41,0.32,0.37,2,0,0
1.26,-0.87,-0.67,-0.97,2.14,-0.01,1.65,-0.33,2,0,0
1.02,-4.61,0.73,0.6,-3.02,0.72,1.49,1.27,2,0,0
-1.75,0.62,-2.83,-1.99,0.97,-2.95,-2.1,-2.29,2,0,0
1.75,-1.08,1.83,2.2,-1.55,1.89,0.85,2.64,2,0,0
0.38,-4.43,1.85,2.9,-1.69,1.03,1.54,1.01,2,0,0
-3.3,2.35,-1.45,-3.46,-1.4,-3.6,0.24,-1.9,2,0,0
1.17,-0.03,-0.56,1.64,2.17,0.76,1.5,0.09,2,0,0
2.95,-0.1,-0.5,5.05,-1.72,3.46,0.31,2.2,2,0,0
2.18,-2.24,2.23,0.21,3.03,0.05,1.44,2.92,2,0,0
0.56,1.49,1.1,1.07,-2.89,0.93,-1.43,0.68,2,0,0
2.38,1.29,-2.7,1.29,3.69,1.02,-0.58,-1.19,2,0,0
-1.69,-2.91,2.28,-0.43,-1.42,-2.41,0.66,1.98,2,0,0
-1.03,1.96,1.64,0.64,-2.83,-0.19,-0.96,-0.33,2,0,0
-1.14,-0.09,-0.15,2.34,-3.16,0.56,-0.78,1.02,3,0,0
2.11,0.7,0.01,1.36,0.99,2.67,-2.75,1.85,3,0,0
1.52,-4.24,-2.46,-2.97,-1.96,0.15,2.05,-1.87,3,0,0
-1.47,1.87,0.83,4.25,-0.28,1.2,-1.84,3.25,3,0,0
-1.26,2.05,0.91,3.04,-1.74,1.66,-1.91,0.85,3,0,0
-0.21,2.1,0.37,3.91,1.23,1.65,-2.96,2.86,3,0,0
-1.28,2.11,0.33,1.34,-1.95,0.43,-3.48,-2.23,3,0,0
0.4,1.43,0.06,0.28,-1.31,0.93,-2.04,-0.93,3,0,0
-1.06,-2.72,-0.7,1.17,-0.4,1.64,-0.28,1.2,3,0,0
0.22,-1.31,1.16,-1.02,0.9,1.96,-2.93,0.49,3,0,0
1.42,-3.32,-2.13,-0.23,-0.1,3.72,-1.36,-1.72,3,0,0
-0.38,-0.67,0.24,-1.84,0.52,-1.09,-0.19,0.42,3,0,0
-1.65,-0.04,-0.29,3.79,-0.54,1.45,-0.51,2.11,3,0,0
-1.54,-0.21,-0.66,1.67,-2.92,-0.59,0.47,0.44,3,0,0
-2.03,3.98,-1.46,2.41,-2.85,-2.75,0.84,-1.71,3,0,0
2.08,-0.12,-0.77,-1.55,1.1,0.48,-0.17,0.71,3,0,0
-1.36,0.16,-0.37,1.19,0.72,0.25,-1.27,0.17,3,0,0
-0.19,-1.71,-0.96,-1.52,1.73,-0.12,0.11,0.21,3,0,0
0.49,-1.87,-0.9,-1.14,-1.13,-0.05,1.03,0.64,3,0,0
0.87,-1.37,-1.64,-0.07,-2.79,-0.44,1.73,0.33,3,0,0
1.45,-0.37,-0.49,-1.51,1.71,1.61,-3.01,-1.38,3,0,0
-2.87,3.58,0.95,4.67,-0.98,-0.5,-1.87,1.6,3,0,0
-1.02,0.33,1.54,-1.64,3.28,-1.07,-2.29,1.83,3,0,0
1.62,-2.75,-0.61,-0.98,0.49,1.67,0.13,1.55,3,0,0
2.06,1.07,-0.62,1.7,-1.06,1.41,-0.73,1.97,3,0,0
-2.59,-1.03,1.73,0.77,2.32,0.62,-2.7,2.27,3,0,0
0.39,2.72,-2.12,2.62,-5.0,-1.14,2.0,-0.82,3,0,0
-1.82,0.32,-1.35,1.49,-0.35,-0.26,0.12,-1.37,3,0,0
-0.27,0.01,0.91,0.44,-0.15,2.3,-3.53,-0.37,3,0,0
1.72,1.64,0.37,0.08,-1.14,1.65,-2.29,0.04,3,0,0
-1.44,-2.44,-0.93,-0.26,-2.32,-0.49,1.23,-0.21,3,0,0
1.77,-0.64,-2.17,-1.33,0.57,-0.85,1.97,0.48,3,0,0
0.7,-2.03,-0.88,-3.89,-0.04,-1.38,1.42,-0.83,3,0,0
1.62,-1.61,-1.3,1.88,-2.95,3.15,-1.61,-0.08,3,0,0
-0.94,0.54,-1.19,0.62,-2.77,-1.4,1.52,-0.7,3,0,0
2.72,0.9,-1.45,-0.98,-3.14,0.26,0.26,-1.78,3,0,0
2.66,4.07,0.53,-2.1,0.56,-2.29,-0.86,0.91,3,0,0
-0.98,-2.81,0.38,-0.65,0.12,1.52,-2.24,0.23,3,0,0
-0.44,0.1,0.09,2.66,-1.57,1.57,-1.2,2.03,3,0,0
2.14,-1.64,-2.19,-0.94,-1.58,1.38,-0.25,-1.84,3,0,0
-1.03,0.75,0.07,1.71,0.87,-0.25,-0.42,2.47,3,0,0
1.01,-1.77,-1.29,-0.87,-2.77,1.01,-0.3,-1.85,3,0,0
-1.27,-1.45,-1.21,1.89,-2.3,1.32,-1.13,-1.15,3,0,0
-0.62,1.7,-1.72,3.77,-1.56,0.53,0.7,0.5,3,0,0
0.29,-4.3,0.82,-2.8,1.91,3.81,-3.58,-1.46,3,0,0
-1.57,0.61,0.18,0.72,-0.66,-1.45,0.39,1.72,3,0,0
3.32,2.48,-2.07,-0.59,0.03,-0.02,-0.37,-1.08,3,0,0
0.68,4.07,-1.0,3.61,-2.31,0.18,-0.03,0.71,3,0,0
1.3,-1.78,0.14,-2.22,4.25,1.99,-2.18,1.03,3,0,0
-1.79,-0.28,1.0,0.21,-2.63,-0.63,-0.1,1.17,3,0,0
2.7,-5.15,-2.74,-4.13,-1.55,0.91,1.66,-2.09,3,0,0
-0.68,0.28,-1.04,1.07,-1.3,0.34,-0.73,-0.88,3,0,0
-1.48,1.5,0.23,0.98,0.03,-1.49,-0.71,0.75,3,0,0
-5.45,2.23,1.83,4.37,-0.55,-0.42,-2.21,1.31,3,0,0
0.24,1.2,-1.32,0.31,-1.71,-1.63,-0.28,-0.66,3,0,0
0.24,-0.71,-1.01,0.53,-0.95,-0.49,1.5,1.78,3,0,0
-1.37,1.67,1.39,1.68,1.15,1.16,-4.17,0.8,3,0,0
0.95,4.68,-0.57,1.53,1.44,-1.05,-2.05,0.01,3,0,0
1.78,-1.73,-1.13,-3.49,-1.4,0.46,-1.27,-3.52,3,0,0
-1.16,-0.37,-0.16,0.46,-1.84,-0.14,0.31,0.03,3,0,0
1.65,-2.47,-3.14,-3.21,-2.33,0.09,0.63,-5.15,3,0,0
-1.98,1.68,1.63,1.37,3.78,1.22,-4.8,1.19,3,0,0
-0.71,0.53,0.66,1.54,-1.32,0.01,-1.2,2.16,3,0,0
-1.01,1.61,1.87,1.42,1.97,2.24,-3.26,0.99,3,0,0
1.27,0.99,0.25,2.13,0.59,2.42,-2.4,2.7,3,0,0
1.4,1.67,-0.66,-0.74,0.24,-0.83,-0.7,0.07,3,0,0
1.42,1.08,0.28,1.5,0.38,1.47,-1.15,2.77,3,0,0
3.54,-0.71,-1.31,-1.45,-1.73,2.15,-0.86,-0.96,3,0,0
-1.85,2.72,0.05,3.32,-0.13,-0.15,-1.47,0.68,3,0,0
1.42,-0.4,-0.56,-1.56,-3.16,0.02,0.24,-1.12,3,0,0
-0.81,-2.22,-0.26,1.54,-0.46,2.82,-1.78,0.26,3,0,0
-1.52,-2.21,1.31,-0.03,-0.45,2.17,-2.16,0.6,3,0,0
0.37,0.08,-1.52,-0.49,-1.93,-0.23,-0.41,-2.59,3,0,0
-0.67,0.83,0.18,2.17,-2.13,1.61,-1.71,-0.01,3,0,0
2.66,0.42,-0.4,0.43,-2.18,2.61,-1.26,0.45,3,0,0
0.0,-1.93,-0.48,1.83,-0.47,1.69,0.13,3.32,3,0,0
-1.45,1.99,0.06,2.71,-0.84,-0.37,-0.21,1.49,3,0,0
2.55,2.21,-0.36,0.03,1.48,1.5,-1.47,0.57,3,0,0
0.05,-0.24,-1.06,0.84,-1.78,0.44,0.6,0.64,3,0,0
2.61,-0.02,-1.29,-0.65,-0.63,0.01,1.61,1.87,3,0,0
2.63,0.08,-1.47,-0.34,1.58,1.26,-1.27,0.43,3,0,0
-0.91,1.06,0.31,3.51,0.29,1.18,-1.74,2.82,3,0,0
1.0,-1.17,-1.54,-1.53,0.31,-0.43,0.54,-0.32,3,0,0
-0.45,0.43,-0.02,0.9,0.98,0.69,-1.86,0.61,3,0,0
-0.73,-1.24,-0.28,-2.44,-1.31,-0.96,-0.05,-1.81,3,0,0
-0.97,1.13,0.6,1.78,0.91,0.15,-1.71,1.77,3,0,0
1.62,-1.17,-2.41,-0.73,-1.93,-0.32,2.74,-0.09,3,0,0
-1.62,0.22,3.04,0.1,2.49,1.76,-5.62,1.61,3,0,0
-0.46,2.48,1.26,1.89,-1.27,1.41,-2.8,0.33,3,0,0
-0.61,-2.34,1.84,-1.32,0.45,1.54,-2.32,1.76,3,0,0
1.09,-2.8,-1.85,-2.13,-1.16,1.79,-0.85,-3.44,3,0,0
-1.48,1.14,0.25,2.63,-0.11,0.45,-0.15,2.41,3,0,0
1.94,-0.17,-2.13,-1.77,-0.3,-1.09,1.02,-0.82,3,0,0
-0.11,2.21,-1.44,1.94,-1.01,-1.86,1.45,1.7,3,0,0
-3.01,0.33,3.14,-0.15,5.4,0.2,-4.43,2.66,3,0,0
0.07,-0.54,0.13,-0.56,0.53,1.37,-1.55,-0.34,3,0,0
2.82,-0.83,-1.3,-1.78,0.18,0.4,0.81,0.87,3,0,0
-0.56,-0.58,-0.03,-1.57,-1.3,-1.49,0.7,0.13,3,0,0
0.89,1.52,-0.71,2.09,-0.22,0.51,0.55,2.35,3,0,0
-0.49,-2.33,-1.11,0.16,-3.17,-0.31,2.44,1.18,3,0,0
1.64,-1.93,-0.16,-1.17,0.83,1.49,-0.67,1.86,3,0,0
1.0,-2.21,1.09,-2.43,1.4,1.11,-2.24,0.97,3,0,0
-2.0,2.4,-0.39,3.17,-1.5,-0.95,-0.19,0.96,3,0,0
2.15,-4.06,-3.09,-1.79,-2.09,0.61,2.67,-0.68,3,0,0
-0.24,-1.49,0.15,-0.75,-0.17,0.55,-0.35,1.27,3,0,0
0.26,-3.4,-2.22,-1.23,-0.99,-0.11,1.35,-0.63,3,0,0
2.13,1.63,-2.08,1.08,-1.73,-0.13,1.38,0.21,3,0,0
1.98,-2.21,-0.83,-1.68,-0.39,2.11,-1.52,-0.62,3,0,0
1.46,-0.93,-1.4,-2.01,-0.53,1.12,-1.81,-3.19,3,0,0
1.54,-2.3,0.26,-3.26,-1.21,0.26,0.49,0.61,3,0,0
1.11,2.83,0.6,2.84,-3.16,1.64,-0.89,1.69,3,0,0
1.16,-1.52,-0.17,-2.2,1.31,1.39,-1.69,-0.87,3,0,0
1.54,1.81,-2.42,1.84,1.05,0.09,0.66,0.45,3,0,0
2.39,0.34,-1.69,-0.67,1.28,1.36,-1.06,-0.97,3,0,0
-2.45,2.43,0.56,3.93,0.53,0.55,-2.52,1.39,3,0,0
-0.43,-0.61,1.4,0.55,3.0,1.9,-3.51,2.9,3,0,0
0.03,-1.38,-3.04,1.89,-3.37,0.19,2.21,-0.96,3,0,0
-0.58,-2.32,-0.59,-0.28,-2.86,0.88,0.66,-1.13,3,0,0
-0.51,-0.26,-0.38,1.35,-2.57,0.78,0.28,0.6,3,0,0
-0.49,0.2,1.63,-0.5,1.38,1.46,-3.37,0.61,3,0,0
3.03,0.19,-0.96,1.41,0.4,3.67,-2.57,0.52,3,0,0
1.01,-0.02,-0.2,-1.38,0.47,0.92,-1.29,-0.85,3,0,0
1.49,-0.03,-1.7,0.19,-1.44,0.42,0.69,-0.2,3,0,0
0.96,-5.42,-1.97,-3.04,-1.59,1.95,0.08,-2.35,3,0,0
-2.79,1.14,1.44,2.93,0.72,-0.04,-1.84,2.98,3,0,0
1.5,-2.83,-3.49,-2.28,-4.68,-1.51,4.5,-2.44,3,0,0
-1.95,0.61,-0.18,1.77,0.16,0.42,-2.44,-0.72,3,0,0
-2.05,0.08,0.75,1.16,-0.4,-0.66,-0.01,1.77,3,0,0
1.47,-1.2,-0.71,-1.21,-1.03,0.94,0.27,0.44,3,0,0
-1.38,0.81,1.23,0.33,1.76,-0.43,-1.32,2.33,3,0,0
-0.86,1.3,-1.07,3.95,-1.81,0.73,-0.47,1.06,3,0,0
3.9,-3.01,-1.05,-4.64,-0.03,1.42,0.22,-0.44,3,0,0
1.12,1.4,-1.77,1.1,-2.61,-1.17,2.04,0.63,3,0,0
3.94,0.4,-0.53,-0.65,0.62,3.41,-3.86,-0.58,3,0,0
0.2,-1.48,-0.25,1.16,2.85,2.31,-1.28,2.16,3,0,0
1.59,-0.43,1.05,-0.93,-0.43,0.75,-0.99,3.13,3,0,0
2.0,0.1,-0.77,-1.96,1.15,-0.06,-1.12,-0.29,3,0,0
-0.79,0.68,0.0,1.3,-0.52,0.8,-1.41,0.12,3,0,0
0.41,0.25,0.59,-0.13,-0.16,0.04,-1.0,2.06,3,0,0
-0.27,0.11,1.69,1.5,-0.11,2.64,-2.57,2.34,3,0,0
1.18,0.21,1.14,-0.33,0.63,2.99,-4.34,-0.34,3,0,0
-0.22,0.17,0.66,-0.51,1.02,1.89,-2.64,-0.64,3,0,0
0.02,-0.46,-0.52,-1.42,-1.8,-1.19,0.78,-0.91,3,0,0
-0.23,-3.99,-0.91,-1.3,-2.48,1.24,0.45,-0.85,3,0,0
0.31,2.71,-0.98,0.72,0.09,-2.44,0.96,1.42,3,0,0
2.98,-2.39,-2.34,-0.6,-0.34,2.2,0.4,-0.06,3,0,0
0.36,0.77,0.58,1.31,2.34,1.26,-2.94,1.93,3,0,0
-1.74,0.86,1.96,2.62,-1.87,0.51,-1.38,3.28,3,0,0
1.67,1.08,2.39,-1.39,3.49,1.21,-3.43,3.45,3,0,0
-0.43,1.39,-1.19,1.39,-0.63,-0.25,-1.52,-1.36,3,0,0
1.26,0.13,-1.06,3.02,-1.98,2.27,-0.74,1.58,3,0,0
2.51,0.21,0.38,-0.62,-0.61,2.01,-2.11,1.27,3,0,0
0.39,-0.51,-1.18,-0.0,-1.11,0.14,-0.01,-0.53,3,0,0
-1.24,-2.43,0.26,0.33,-0.0,2.18,-1.27,0.61,3,0,0
1.99,1.4,-0.4,-1.72,1.84,0.46,-1.42,-0.69,3,0,0
1.67,-0.77,-2.34,-1.33,0.04,0.54,0.72,-1.8,3,0,0
3.17,0.85,0.16,-0.89,-0.93,1.83,-1.87,0.39,3,0,0
-0.09,-0.62,0.23,0.24,-2.72,2.12,-1.15,-0.77,3,0,0
2.21,-1.44,-1.69,-0.61,-3.25,0.93,0.84,-0.16,3,0,0
3.9,-3.21,-1.24,-4.34,0.72,0.87,0.75,0.61,3,0,0
2.7,-0.69,-0.87,-1.57,-0.24,0.78,0.74,1.29,3,0,0
0.93,-1.43,-0.71,0.1,-1.54,0.61,1.01,1.91,3,0,0
-1.93,4.67,0.65,3.94,1.02,-1.15,-2.35,2.25,3,0,0
1.71,-0.88,-2.87,-0.59,-0.28,0.06,1.49,-1.42,3,0,0
4.18,0.36,-1.61,-1.38,0.01,0.99,0.35,0.69,3,0,0
0.09,0.84,-0.3,0.32,-2.49,-0.12,-0.3,-0.47,3,0,0
-0.7,1.51,0.7,1.16,2.96,0.52,-2.78,2.04,3,0,0
0.98,0.73,-0.43,0.34,-0.82,0.2,-0.61,1.16,3,0,0
-0.6,-1.18,-0.26,-0.41,1.0,-0.57,0.44,1.56,3,0,0
-0.71,0.18,-0.63,2.45,0.93,1.39,-0.99,1.72,3,0,0
2.39,-1.04,-0.64,-1.76,0.75,1.45,-1.28,0.09,3,0,0
1.07,-3.51,-0.04,-3.98,1.0,1.78,-2.7,-2.31,3,0,0
-0.25,3.05,0.09,1.69,0.28,-0.36,-1.54,0.38,3,0,0
-0.39,-1.52,-0.05,-1.54,1.08,0.61,-1.44,-0.6,3,0,0
2.3,-3.19,-0.16,-1.83,0.68,2.87,-2.12,0.53,3,0,0
2.38,-0.49,-0.03,-1.53,0.2,1.11,-0.64,1.21,3,0,0
-1.91,-1.92,2.37,-0.36,-1.22,1.82,-2.21,1.38,3,0,0
1.03,2.78,0.86,-0.16,3.04,-0.16,-2.11,1.91,3,0,0
-0.89,1.46,-0.48,3.37,-3.21,0.02,-0.33,1.58,3,0,0
0.59,-1.05,-1.47,-0.01,0.3,-0.41,1.2,1.64,3,0,0
0.83,-0.05,1.49,-0.0,0.15,1.4,-1.68,2.76,3,0,0
-2.18,-0.66,0.27,3.82,-4.81,0.48,0.84,2.73,3,0,0
0.26,2.16,0.08,0.14,0.06,0.13,-2.06,-0.75,3,0,0
0.67,-3.95,-1.23,-1.31,-1.91,2.66,-0.48,-1.5,3,0,0
-0.21,-0.93,-1.29,-1.3,1.36,0.25,-0.76,-1.9,3,0,0
-0.4,-1.44,-0.53,-0.13,-0.56,1.25,-1.43,-0.66,3,0,0
0.75,0.78,0.65,0.36,2.1,1.17,-1.66,2.52,3,0,0
3.43,-0.89,-1.32,-3.78,-0.32,0.48,0.23,-1.54,3,0,0
1.21,1.14,-0.95,1.48,-1.98,0.45,-0.61,0.5,3,0,0
2.33,-1.12,0.33,-1.13,3.76,2.77,-2.51,2.21,3,0,0
-0.72,-3.06,-0.13,-0.04,1.49,2.62,-1.9,0.25,3,0,0
3.18,-2.57,-1.42,-3.13,0.42,2.08,-1.2,-1.59,3,0,0
2.57,-2.53,-0.78,-2.92,-1.03,1.92,-1.24,-1.55,3,0,0
-0.86,0.39,-0.61,-0.29,-1.57,-0.24,-0.86,-2.41,3,0,0
-0.64,2.38,0.23,2.61,-1.97,-0.01,-1.34,0.93,3,0,0
-0.74,-3.07,1.34,-0.54,0.28,2.43,-1.96,1.65,3,0,0
0.15,-2.17,0.04,-1.38,0.15,0.16,0.04,1.77,3,0,0
-1.33,-2.54,1.97,0.51,-0.22,2.06,-1.72,3.72,3,0,0
0.43,0.78,-2.19,1.76,-3.06,0.13,0.74,-1.16,3,0,0
0.07,-0.09,-0.26,0.56,0.24,0.13,-0.68,1.71,3,0,0
0.14,-2.35,-0.46,-2.02,-0.42,0.37,-0.48,-0.72,3,0,0
0.21,-3.2,-0.52,-2.82,0.22,-0.46,0.13,0.26,3,0,0
-1.35,-1.07,-1.42,0.8,-0.2,0.22,-0.05,-0.49,3,0,0
-2.31,1.34,0.22,2.87,-2.16,-0.94,0.87,2.38,3,0,0
-0.16,0.84,-0.49,-0.49,1.04,-0.5,-1.03,-0.41,3,0,0
2.38,0.82,-1.44,-1.04,-1.55,0.09,-0.25,-1.39,3,0,0
-0.38,1.68,-0.53,3.09,-0.88,0.82,-1.03,1.67,3,0,0
1.27,-4.44,0.18,-2.23,0.29,2.66,-1.7,0.73,3,0,0
1.22,-1.91,0.01,-2.13,-1.57,1.81,-1.9,-1.37,3,0,0
-3.11,1.45,0.75,3.71,-0.03,0.35,-1.88,1.88,3,0,0
-0.77,2.83,0.47,4.55,-0.75,1.81,-2.3,1.65,3,0,0
-1.63,-0.8,-0.38,-0.24,-1.26,-0.62,0.19,-0.48,3,0,0
-1.59,-0.36,-0.07,0.23,2.0,0.54,-2.31,-0.68,3,0,0
-1.32,1.9,2.06,2.18,0.13,1.28,-2.22,3.23,3,0,0
1.15,-0.49,0.32,-1.36,0.02,0.33,-0.47,1.47,3,0,0
-0.35,-1.09,0.43,0.42,0.21,2.22,-2.46,0.05,3,0,0
5.47,0.57,-3.62,-2.75,-1.51,-0.57,1.94,-1.68,3,0,0
-1.5,0.17,-0.07,1.28,-0.38,-0.92,-0.28,1.07,3,0,0
-2.44,-2.69,0.82,-0.23,1.16,1.04,-1.57,0.81,3,0,0
-1.33,-0.31,-0.2,-0.75,-1.09,-1.24,0.08,-0.45,3,0,0
-1.41,-2.68,2.81,-1.9,3.71,3.63,-6.58,0.04,3,0,0
-0.36,0.35,-0.01,0.56,0.64,0.42,-0.81,1.36,3,0,0
-0.72,-1.09,0.07,2.31,-0.29,1.24,0.02,3.08,3,0,0
-0.65,-0.46,1.0,0.03,0.32,-0.28,-0.06,3.32,3,0,0
-0.06,0.86,-0.05,1.01,0.35,-0.31,0.14,2.58,3,0,0
-0.48,-0.0,-1.07,-0.17,-2.26,-0.24,-0.18,-1.85,3,0,0
1.13,3.04,-0.28,1.43,-0.13,-0.26,-1.05,1.41,3,0,0
-0.97,-3.67,-0.27,-0.73,1.13,0.73,-0.3,1.26,3,0,0
-1.21,-0.84,-0.42,-0.73,-0.91,-0.76,-0.27,-1.03,3,0,0
-0.99,-1.98,2.23,1.01,2.13,3.7,-4.1,2.54,3,0,0
2.74,-2.67,-1.51,-4.65,2.77,1.12,-1.13,-2.01,3,0,0
4.17,-4.53,-4.92,-2.42,-1.5,0.77,3.94,-1.06,3,0,0
-0.55,0.46,-0.38,2.15,0.82,1.71,-2.04,0.57,3,0,0
1.29,0.15,-1.46,0.49,-3.99,1.32,-0.73,-2.39,3,0,0
1.39,0.32,0.2,2.18,0.51,1.87,-1.03,3.87,3,0,0
3.57,-2.46,-1.86,-3.91,-0.56,1.0,0.6,-1.44,3,0,0
1.51,0.88,-0.37,1.11,-1.62,2.11,-1.07,0.06,3,0,0
-1.23,0.03,0.35,-1.31,-1.39,-0.56,-0.96,-1.21,3,0,0
1.79,-0.97,-1.37,-0.88,-0.44,2.24,-0.65,-1.43,3,0,0
0.54,-1.76,-1.46,-0.36,-3.13,0.14,1.25,-0.4,3,0,0
-0.74,-0.31,2.37,0.82,1.06,3.11,-5.0,1.4,3,0,0
-2.1,-0.82,-1.3,0.48,-0.78,-1.78,1.24,0.01,3,0,0
0.18,0.45,0.81,0.17,1.2,1.68,-3.48,0.12,3,0,0
0.76,0.28,2.11,-1.54,0.13,1.79,-4.19,0.36,3,0,0
-0.02,-0.79,-0.97,-0.54,-1.8,-0.4,0.36,-0.66,3,0,0
-1.93,-2.14,-1.14,0.32,-1.52,-1.88,2.42,1.56,3,0,0
-0.44,1.02,1.03,0.87,-1.21,1.63,-2.94,-0.3,3,0,0
-0.28,0.23,-1.77,-0.42,-0.58,-2.21,1.62,-0.34,3,0,0
1.15,-2.9,-2.29,-2.1,-0.32,-0.74,2.23,-0.23,3,0,0
-2.79,0.64,0.49,1.36,-0.23,-0.53,-1.91,-0.33,3,0,0
-1.44,-0.86,0.37,-0.1,0.25,-0.38,0.7,2.06,3,0,0
-0.84,1.3,-1.25,3.16,-2.33,-1.49,2.65,3.29,3,0,0
-2.48,0.12,-2.3,4.03,-2.67,-0.97,2.27,0.77,3,0,0
-0.13,-3.22,-1.26,-1.8,-1.15,0.32,1.2,-1.25,3,0,0
0.13,0.15,-2.31,1.37,-1.53,0.6,0.19,-2.19,3,0,0
-2.47,0.45,0.09,2.41,1.18,-0.32,-1.09,2.22,3,0,0
1.59,0.1,-1.01,0.07,-0.19,-1.05,1.46,3.09,3,0,0
-4.26,0.19,1.29,1.35,0.64,-2.15,-1.36,1.96,3,1,1
0.36,4.62,-0.01,1.52,-0.0,-2.58,-0.8,1.98,3,0,0
0.7,-1.77,-0.17,0.94,0.01,3.1,-2.02,1.37,3,0,0
-0.32,-4.37,-0.51,-0.83,-1.06,1.93,0.52,0.87,3,0,0
-0.29,-2.17,-0.45,-0.91,-1.65,0.3,0.09,0.12,3,0,0
-3.53,0.43,3.43,1.65,-1.19,0.28,-1.77,3.21,3,0,0
-0.09,-2.31,-2.71,0.55,3.17,0.79,-0.47,-0.28,3,0,0
1.18,-0.74,-0.98,-0.27,-1.81,1.08,-0.18,-0.69,3,0,0
3.45,-0.19,-2.52,-3.25,0.41,-1.66,2.37,-0.51,3,0,0
2.36,-0.2,-0.46,-0.64,-1.61,1.81,-0.69,0.11,3,0,0
0.73,-0.66,-0.62,0.57,-0.33,1.47,-0.16,0.99,3,0,0
-0.14,0.89,-1.2,-1.02,1.39,-0.27,-1.25,-2.53,3,0,0
2.13,-1.45,0.27,-1.2,-1.69,1.6,-1.04,1.26,3,0,0
1.0,0.2,-1.17,0.77,-1.35,0.58,-0.6,-0.02,3,0,0
1.08,-1.07,-2.21,1.01,1.26,-0.78,2.57,3.43,3,0,0
-0.14,-0.36,1.76,-0.43,1.88,1.07,-2.63,2.59,3,0,0
0.43,-1.61,0.27,-1.17,2.99,1.58,-2.16,1.2,3,0,0
2.23,0.36,-1.56,-1.66,-0.22,-0.46,0.88,-0.72,3,0,0
-0.16,1.85,0.44,1.98,-0.3,0.7,-0.52,2.25,3,0,0
0.56,-2.48,0.09,-1.16,-0.17,1.64,-1.12,0.68,3,0,0
0.53,-2.55,-1.03,-0.02,-1.01,1.16,1.17,1.12,3,0,0
-0.02,-1.02,1.44,-0.46,4.28,3.23,-4.31,1.27,3,0,0
-0.43,-2.85,0.17,-1.48,0.71,1.14,-1.65,-0.13,3,0,0
1.09,-3.61,-1.28,-0.87,0.01,3.86,-2.31,-1.84,3,0,0
-3.45,1.26,-2.0,3.6,-3.05,-3.06,2.35,0.15,3,0,0
2.3,-3.58,-2.13,-1.2,-2.21,2.63,-0.41,-1.62,3,0,0
2.31,-1.01,-0.93,-0.7,-0.91,1.52,0.37,0.94,3,0,0
0.82,-0.32,-1.39,0.08,-0.17,0.32,-0.54,-0.48,3,0,0
-1.54,0.39,0.11,0.21,-0.22,0.1,-1.01,-0.91,3,0,0
0.97,-1.98,-1.46,-0.47,0.03,1.62,-0.7,-0.63,3,0,0
0.37,-1.66,1.06,-0.18,0.54,2.44,-2.32,1.84,3,0,0
0.19,-0.24,-0.37,-0.73,0.15,-0.53,0.54,0.65,3,0,0
0.98,-1.93,0.12,-0.88,-0.9,1.81,-1.48,0.32,3,0,0
0.94,1.89,-0.03,0.28,2.04,0.24,-1.63,1.36,3,0,0
-1.59,-2.13,-0.23,0.92,-2.41,0.44,1.01,1.14,3,0,0
2.05,2.97,-2.34,2.13,-0.73,-0.84,1.28,1.1,3,0,0
-0.06,-0.05,-0.03,-1.42,2.05,0.21,-1.72,-0.9,3,0,0
0.45,-2.14,-1.01,-0.68,-1.12,1.25,0.6,-0.23,3,0,0
-0.04,1.35,-0.39,2.23,-1.98,-0.46,0.62,2.53,3,0,0
0.44,0.42,-0.34,0.03,-1.87,0.96,-1.57,-1.45,3,0,0
-0.19,-0.71,-0.08,-0.03,-1.66,-0.07,0.78,1.48,3,0,0
-0.02,0.37,-0.19,1.71,-1.77,1.6,-1.91,-0.09,3,0,0
1.51,1.47,0.89,-0.18,-0.54,0.28,-1.52,2.12,3,0,0
-1.34,1.12,0.63,1.79,-4.65,0.22,-0.34,-0.01,3,0,0
1.41,0.42,0.38,-0.74,0.82,1.13,-2.22,0.47,3,0,0
-1.54,-2.84,-0.37,-0.01,-0.41,2.09,-1.26,-1.25,3,0,0
-0.24,0.23,0.24,1.2,-0.05,0.21,0.0,3.21,3,0,0
-1.38,1.2,-1.23,0.96,-1.99,-1.89,0.99,-0.78,3,0,0
2.01,-1.33,-2.32,-1.83,-0.78,0.51,0.4,-2.32,3,0,0
0.28,-3.0,-1.91,-1.03,-0.26,0.56,0.8,-0.64,3,0,0
-0.72,4.04,0.25,2.95,-2.59,-0.91,-0.41,0.83,3,0,0
1.01,0.95,0.41,-0.72,0.8,-0.58,-0.62,2.19,3,0,0
0.89,-0.86,-0.09,1.55,1.98,2.4,-1.6,3.32,3,0,0
-2.48,0.32,1.18,2.91,-1.61,0.31,-1.09,2.68,3,0,0
2.41,0.64,-0.15,-1.81,-0.08,-0.8,0.15,2.01,3,0,0
-1.11,-0.27,-0.16,1.91,1.16,0.98,-1.5,1.72,3,0,0
0.37,-0.41,-0.67,1.62,0.26,0.92,0.08,2.42,3,0,0
3.04,-2.41,-2.55,-2.38,-1.46,1.66,0.39,-2.18,3,0,0
-1.45,1.56,1.06,1.1,-0.21,-0.28,-0.77,1.65,3,0,0
2.19,-0.9,-2.32,-0.51,-1.68,1.75,-0.34,-2.65,3,0,0
0.38,-1.11,-0.02,-1.13,-1.34,1.03,-1.36,-0.5,3,0,0
2.9,-0.35,-0.48,-1.2,-0.99,2.66,-1.43,-0.94,3,0,0
1.71,-1.94,-3.15,-1.0,-2.91,1.0,1.17,-3.37,3,0,0
-3.59,-0.14,0.78,2.47,0.33,0.49,-1.73,0.93,3,0,0
-0.26,-1.77,-0.0,-0.98,-0.09,1.34,-1.39,-0.66,3,0,0
3.02,-2.7,-1.01,-3.94,-0.88,0.76,0.33,-1.04,3,0,0
0.61,-1.75,1.12,-1.58,0.13,1.6,-1.52,1.18,3,0,0
-0.29,0.41,-0.62,0.68,0.46,-0.21,-0.47,0.8,3,0,0
-0.49,0.67,1.7,2.59,-0.47,2.57,-4.18,2.66,3,0,0
0.21,1.69,-1.18,1.39,0.08,0.03,0.15,0.31,3,0,0
-1.84,-1.3,1.02,0.18,1.36,-0.43,0.45,3.5,3,0,0
4.21,-1.48,-1.33,-2.29,1.24,2.59,-2.32,-0.74,3,0,0
-0.25,0.45,1.14,-0.26,0.78,1.43,-3.28,-0.42,3,0,0
2.36,-3.5,-1.41,-3.96,1.14,1.28,0.59,-0.88,3,0,0
4.73,-3.1,-2.81,-2.89,-0.96,1.69,1.22,-0.57,3,0,0
1.09,-0.9,-0.96,0.8,-0.07,1.52,-0.56,1.23,3,0,0
0.24,-0.61,-2.59,-0.3,-0.56,-1.46,2.44,-0.34,3,0,0
2.29,0.05,-3.02,0.77,-0.59,0.96,-0.08,-1.53,3,0,0
0.8,-2.23,0.18,-0.11,-3.74,3.03,-1.72,-0.36,3,0,0
0.49,-0.08,0.41,1.41,-1.85,1.52,-1.26,1.94,3,0,0
-1.13,0.15,-0.11,-0.3,0.59,-0.16,-1.49,-1.12,3,0,0
2.32,0.14,-2.15,0.62,-0.07,1.14,-0.18,-0.23,3,0,0
0.57,-1.42,-1.55,0.59,0.18,1.88,-1.57,-0.79,3,0,0
0.5,-3.94,-1.94,-2.9,-1.08,0.36,1.19,-1.73,3,0,0
-1.28,-2.19,0.05,0.22,-0.41,2.41,-3.29,-1.19,3,0,0
1.7,0.27,-0.49,-1.72,1.0,0.58,-1.03,-0.38,3,0,0
-3.48,-1.88,0.6,3.64,0.67,1.21,-0.89,3.73,3,0,0
-1.22,-1.92,-1.34,-2.45,-1.91,-3.08,2.65,-1.17,3,0,0
-0.5,0.87,0.59,0.83,0.15,0.7,-2.28,0.5,3,0,0
1.54,-0.94,-0.49,-1.34,0.2,1.04,-1.22,0.15,3,0,0
3.1,-2.61,-1.85,-2.18,-3.74,1.08,1.57,-0.96,3,0,0
0.53,-1.0,-0.62,-0.33,0.86,1.09,-0.41,0.45,3,0,0
-0.14,1.05,0.9,1.19,1.03,0.01,-1.82,3.14,3,0,0
4.05,-0.43,-2.71,-3.04,-0.64,0.75,-0.07,-3.04,3,0,0
1.44,-0.5,-0.69,0.02,1.41,2.05,-1.77,-0.17,3,0,0
-0.91,4.11,-0.6,3.21,-1.42,-0.95,0.07,0.46,3,0,0
-0.23,2.4,0.74,0.16,-0.35,-0.78,-0.91,0.68,3,0,0
0.23,-0.02,-1.54,0.86,-1.0,0.53,-0.66,-0.9,3,0,0
-1.5,1.91,0.28,2.6,-1.11,0.01,-1.45,1.0,3,0,0
1.58,-0.28,-0.01,-1.84,2.82,0.42,-0.76,1.78,3,0,0
2.27,-2.05,-0.91,-1.73,-1.23,1.07,-0.2,0.2,3,0,0
-0.76,0.35,-0.27,0.51,1.77,0.93,-2.45,-0.54,3,0,0
-0.14,3.62,0.11,3.27,-2.14,-0.72,-0.05,2.38,3,0,0
0.24,-1.13,-0.52,-0.56,-1.98,0.43,-0.07,-0.3,3,0,0
-0.36,-0.72,0.08,0.69,-1.75,0.84,-0.55,0.75,3,0,0
2.1,-2.01,0.38,-0.86,1.38,2.92,-1.66,2.15,3,0,0
1.56,-0.18,1.16,-0.49,1.31,0.75,-0.39,4.23,3,0,0
2.09,-1.28,1.6,0.89,1.25,5.29,-4.68,2.4,3,0,0
1.72,-1.5,-1.25,-0.25,-0.09,2.08,-0.65,-0.13,3,0,0
2.43,-1.07,-1.14,-2.54,-0.2,0.96,-1.48,-1.45,3,0,0
2.19,-2.62,-3.06,-2.59,-2.17,0.15,1.67,-2.99,3,0,0
0.33,-3.74,-2.71,-2.48,-2.65,-1.09,2.97,-1.87,3,0,0
-1.77,-1.89,-1.74,1.3,0.82,1.19,-1.03,-1.35,3,0,0
-3.15,2.09,-1.2,4.86,-1.02,-0.71,-0.14,0.58,3,0,0
2.63,0.08,-2.46,0.44,-3.46,1.5,-0.43,-2.62,3,0,0
1.67,-1.58,-3.1,-0.43,-4.39,0.14,2.96,-1.6,3,0,0
1.07,-1.19,-0.4,-0.55,-0.33,1.45,-1.01,0.2,3,0,0
2.95,-2.41,-0.9,-0.98,0.55,3.33,-1.3,0.58,3,0,0
-1.6,-0.01,0.06,2.29,-0.31,1.33,-1.92,0.47,3,0,0
-1.0,-2.15,0.69,0.07,1.95,1.72,-2.75,1.86,3,0,0
1.58,-1.85,-1.45,-2.35,1.99,1.24,-0.89,-1.37,3,0,0
0.45,0.26,-0.05,0.07,-0.94,1.07,-1.36,-0.37,3,0,0
1.02,-1.31,-0.69,-2.14,0.69,1.06,-0.98,-1.22,3,0,0
-0.29,1.73,1.08,0.15,1.86,2.43,0.19,1.47,4,0,0
0.71,-0.57,-0.51,-0.72,-2.79,-1.39,-0.41,-1.61,4,0,0
0.31,-0.15,-0.24,-2.61,-2.07,-0.31,-1.85,-1.0,4,0,0
1.79,0.49,-1.1,0.67,2.36,1.19,-1.39,-0.76,4,0,0
4.66,4.24,-2.67,-2.7,-0.86,0.93,2.26,-2.61,4,0,0
-1.68,0.19,1.54,-1.62,-1.47,1.16,-1.62,0.2,4,0,0
-0.78,-1.07,0.31,-0.46,-2.87,0.98,0.95,0.84,4,0,0
-1.48,2.17,-0.14,-0.68,2.38,0.31,1.12,0.22,4,0,0
1.34,0.6,0.14,-1.13,-2.33,-0.95,-0.31,-0.76,4,0,0
-0.71,0.89,0.1,-0.23,-0.63,-0.66,2.95,0.92,4,0,0
1.05,-0.24,-1.59,-1.92,-2.22,-0.76,0.95,-1.03,4,0,0
-0.76,-0.75,0.29,-1.35,-2.71,-0.84,1.05,0.49,4,0,0
-1.46,-1.62,0.63,0.42,-1.35,-1.82,-0.46,0.12,4,0,0
-1.08,0.33,-1.11,-1.13,3.38,2.35,-0.68,0.22,4,0,0
0.97,1.0,-0.43,-0.34,0.24,-0.86,0.57,-0.38,4,0,0
2.49,2.15,-1.27,-1.95,-0.73,-0.45,0.29,-1.7,4,0,0
-1.91,-0.06,2.06,1.13,-1.08,0.56,1.93,2.49,4,0,0
1.8,-0.37,0.4,2.44,-1.3,-1.05,0.55,0.04,4,0,0
-1.93,-0.49,-0.29,-0.21,0.93,-1.25,0.95,0.44,4,0,0
-2.24,-2.52,1.34,0.97,-1.98,-2.94,0.09,0.91,4,0,0
-1.02,-1.98,0.29,-0.09,-3.22,-0.84,0.25,-0.07,4,0,0
-1.46,-1.48,0.99,2.21,-0.07,-0.8,0.02,0.58,4,0,0
-2.06,-1.99,2.75,-1.4,-4.49,1.96,-2.03,2.1,4,0,0
0.11,2.12,1.79,-2.08,-1.83,1.62,-0.65,0.38,4,0,0
0.14,-0.66,2.06,3.53,0.09,1.34,0.07,1.98,4,0,0
0.65,2.72,-1.09,-0.64,2.28,3.97,3.16,1.62,4,0,0
3.45,-0.6,-2.04,0.5,-2.3,-1.36,1.98,-1.07,4,0,0
-2.81,-0.46,2.38,1.5,-1.69,-2.17,1.72,1.52,4,0,0
3.76,2.06,-3.78,-6.01,-3.16,1.49,-0.05,-3.38,4,0,0
0.35,-2.02,-1.27,-0.58,-0.9,-0.36,-1.36,-0.95,4,0,0
-0.06,-0.27,-1.06,-2.26,-0.71,-1.83,-1.22,-1.53,4,0,0
-1.17,-0.75,1.48,-0.59,-1.75,0.77,-1.26,0.53,4,0,0
-2.13,2.28,2.15,3.27,1.91,-2.26,4.49,2.23,4,0,0
0.09,-0.41,-0.73,1.76,2.11,-1.23,2.09,1.14,4,0,0
3.22,2.2,-1.67,0.61,0.36,-0.71,2.4,-1.32,4,0,0
1.01,-2.03,-0.86,1.17,-1.04,-2.9,-0.18,-0.9,4,0,0
-0.8,-1.27,-0.14,0.08,-0.13,-1.78,-2.02,-1.39,4,0,0
0.92,1.29,-1.06,-0.24,2.8,-0.5,-0.92,-1.02,4,0,0
2.01,-1.34,0.67,1.66,-2.97,-1.54,0.18,0.02,4,0,0
-0.38,0.89,-0.3,-2.38,0.15,1.04,-1.79,-0.9,4,0,0
-1.14,-0.54,1.99,0.47,-1.16,1.15,-1.12,1.3,4,0,0
0.08,-0.73,-0.6,-2.31,-3.46,1.75,-0.18,-0.67,4,0,0
1.45,2.79,-4.05,-2.43,5.01,-1.17,-0.79,-3.51,4,0,0
-0.71,-0.43,0.76,-3.06,-4.54,2.11,-1.24,-0.19,4,0,0
1.87,2.1,-1.88,0.18,3.94,-3.15,-1.22,-2.83,4,0,0
0.01,0.86,-1.0,0.29,2.73,-0.7,-0.47,-0.82,4,0,0
-1.75,-0.54,1.26,-0.18,1.89,3.65,-2.68,1.4,4,0,0
-0.1,-0.32,0.62,1.86,-0.84,-2.34,1.85,0.6,4,0,0
-0.67,-0.16,0.98,0.34,-0.78,2.37,0.94,1.77,4,0,0
1.58,1.38,-3.43,-2.17,2.64,-0.42,-0.06,-2.19,4,0,0
1.14,0.74,-0.83,-0.3,-1.64,0.34,2.4,-0.14,4,0,0
2.38,1.59,-2.01,0.82,2.66,-1.44,2.18,-0.71,4,0,0
1.16,1.17,0.62,0.02,-3.0,0.83,1.3,-0.01,4,0,0
-1.61,-0.82,0.59,0.07,-0.93,-0.47,1.22,1.25,4,0,0
1.03,2.27,-1.25,1.13,3.58,-3.07,1.78,-1.0,4,0,0
0.82,1.01,-1.38,1.24,-0.09,-2.7,4.05,-0.49,4,0,0
1.55,1.88,-0.52,0.16,0.26,-0.1,2.12,-0.25,4,0,0
-0.05,-1.63,0.36,2.7,-0.77,-2.63,2.26,1.07,4,0,0
1.58,1.36,-1.01,-1.24,0.01,1.28,0.48,-0.36,4,0,0
2.37,-1.22,-0.84,2.29,-0.57,-1.1,-0.28,-0.88,4,0,0
-2.69,-2.07,2.0,0.69,-2.4,-2.25,-0.93,0.46,4,0,0
-0.78,-2.05,0.78,2.39,-0.99,-0.53,0.99,1.6,4,0,0
-1.66,0.25,0.23,-5.0,-1.91,-1.02,-4.24,-2.22,4,0,0
-0.91,-1.13,2.31,-0.38,-4.05,0.56,-1.27,0.78,4,0,0
-0.22,1.52,-0.14,-0.64,2.08,0.67,-0.31,-0.16,4,0,0
4.12,2.56,-2.21,-1.03,0.24,1.04,0.19,-2.41,4,0,0
-0.23,-0.37,-0.27,-0.05,0.76,-2.24,-1.74,-1.14,4,0,0
-0.42,-0.1,-0.34,1.26,1.38,-0.32,1.79,1.02,4,0,0
1.39,1.49,-2.32,1.41,3.65,-3.04,2.39,-1.1,4,0,0
0.14,0.08,-0.63,-1.9,-1.03,-1.2,-0.22,-0.79,4,0,0
-0.23,0.55,1.06,-0.92,-2.16,-0.22,-2.05,-1.46,4,0,0
1.64,1.8,-2.08,1.53,3.48,-0.2,3.45,-0.01,4,0,0
1.02,-0.3,-0.88,-2.32,-0.53,0.42,-2.98,-1.43,4,0,0
-3.47,0.62,1.91,-0.2,1.33,2.81,0.54,2.67,4,0,0
0.95,-1.65,-0.79,2.16,-0.48,-2.02,1.97,0.07,4,0,0
-0.46,-2.91,-0.01,0.54,-2.87,-3.76,-0.03,-0.3,4,0,0
3.68,2.63,-3.04,-0.03,1.61,-0.64,2.35,-2.17,4,0,0
1.27,0.39,-1.34,1.74,4.34,0.29,-0.06,-0.07,4,0,0
-0.39,-1.0,0.3,-0.8,-0.9,-0.52,-2.22,-0.54,4,0,0
-0.83,0.02,0.42,-0.6,-0.27,-1.7,-1.2,-0.76,4,0,0
-2.83,-0.29,1.32,-3.57,0.09,5.58,-5.2,0.49,4,0,0
-0.86,-0.02,-0.16,1.85,-0.81,-2.17,4.78,1.23,4,0,0
-1.31,0.67,-1.29,-1.11,2.17,-1.72,0.59,-0.68,4,0,0
-0.71,-0.76,0.45,-0.28,-1.69,-1.37,-0.84,-0.62,4,0,0
2.46,-1.01,-1.41,1.04,-2.66,-3.92,1.21,-1.8,4,0,0
-2.22,-1.09,1.2,0.14,0.19,1.62,0.65,2.47,4,0,0
-0.03,-2.17,-0.63,0.42,-1.91,-2.07,0.97,0.0,4,0,0
-0.19,2.32,-0.26,1.12,3.61,-0.35,1.51,0.21,4,0,0
0.15,0.05,-0.76,1.79,3.71,-0.06,-0.43,0.15,4,0,0
-0.93,0.15,1.96,1.87,0.42,-0.13,0.29,1.4,4,0,0
0.34,-0.59,-0.78,0.08,-0.62,-1.72,0.55,-0.74,4,0,0
-2.24,-2.25,2.03,2.93,0.53,-0.83,-0.52,1.93,4,0,0
2.08,2.6,-1.89,-0.85,2.88,0.96,0.29,-1.44,4,0,0
-2.58,-1.33,2.73,0.05,-1.34,-0.1,-2.01,1.29,4,0,0
-2.06,-1.26,0.73,3.37,2.69,-1.72,1.48,1.67,4,0,0
-0.25,-0.49,1.72,1.64,-1.76,-1.56,1.2,1.18,4,0,0
-2.92,-1.74,0.85,1.67,2.6,-0.45,-1.07,1.11,4,0,0
0.95,1.19,-1.36,-0.86,1.59,-0.82,0.19,-1.01,4,0,0
-3.02,1.21,2.43,3.22,4.65,0.03,1.31,3.22,4,0,0
1.97,0.75,-0.5,-3.87,-3.27,4.03,-2.61,-1.29,4,0,0
2.53,0.33,-1.91,-1.43,-1.84,1.45,0.9,-1.09,4,0,0
0.34,0.01,-0.59,0.07,-0.85,-2.16,0.99,-0.99,4,0,0
-0.36,-1.74,-0.32,-0.54,-1.48,-1.63,0.21,0.29,4,0,0
0.26,-0.24,0.66,2.2,-1.32,0.15,2.51,1.18,4,0,0
-0.22,0.06,-0.2,1.44,3.06,2.85,0.41,1.48,4,0,0
0.12,1.45,-0.15,1.11,3.26,0.73,0.1,0.25,4,0,0
-2.59,-1.5,1.89,-1.3,-1.65,1.81,-1.47,1.68,4,0,0
3.56,-1.44,-1.87,2.05,-1.42,-1.65,1.57,-0.71,4,0,0
-2.43,-1.23,2.97,0.8,-1.38,-1.95,-1.8,1.11,4,0,0
4.28,-0.45,-2.85,-0.09,-1.8,-2.8,0.16,-2.99,4,0,0
-1.36,0.89,1.12,2.72,3.84,0.81,0.4,1.28,4,0,0
-1.11,-1.61,0.75,3.04,-1.42,-3.08,2.72,0.75,4,0,0
-0.04,1.24,0.59,-1.73,-0.16,1.97,-2.24,-0.33,4,0,0
-1.55,-1.37,-0.6,-1.93,-1.26,-0.67,-0.01,0.0,4,0,0
0.21,2.27,-0.08,1.03,1.99,2.08,3.82,1.77,4,0,0
-0.58,-0.22,0.17,-0.21,0.21,2.0,-0.18,1.06,4,0,0
-1.48,-1.16,-0.31,-1.05,0.16,-0.3,-1.05,0.19,4,0,0
0.51,3.0,-0.55,-1.86,0.79,0.4,0.57,-0.95,4,0,0
-0.47,-2.01,1.48,2.11,-3.03,-1.66,1.7,1.55,4,0,0
1.59,0.99,-0.59,1.94,-0.35,-2.7,1.63,-1.58,4,0,0
-2.2,-1.18,0.87,-0.01,-1.08,-0.92,1.59,1.8,4,0,0
-0.75,-0.02,1.44,1.06,-1.91,-1.16,1.67,0.84,4,0,0
0.6,-2.72,0.65,2.77,-4.9,-3.1,2.89,0.59,4,0,0
-2.61,-3.1,2.62,1.18,-2.77,-2.29,-2.73,0.46,4,0,0
1.17,1.98,-0.41,-1.21,-0.27,-0.22,0.61,-0.94,4,0,0
-0.65,0.49,1.59,0.71,1.18,-0.26,-1.98,0.35,4,0,0
0.14,-0.7,-1.51,-1.99,-2.28,-2.79,-0.62,-2.73,4,0,0
-0.04,-0.3,-0.24,-2.46,-0.19,1.56,-2.84,-0.62,4,0,0
-0.36,-2.62,-0.48,-0.16,-0.73,0.67,-1.27,0.47,4,0,0
3.46,1.79,-0.96,0.82,-0.84,-1.71,2.03,-1.02,4,0,0
-1.65,-1.76,1.2,-1.74,-2.36,-1.16,-2.81,-0.36,4,0,0
-0.09,1.77,-0.24,2.24,3.81,-1.46,1.77,0.11,4,0,0
0.87,1.22,0.49,1.55,1.35,-0.4,0.32,0.24,4,0,0
0.81,1.31,0.05,0.57,-1.32,0.78,3.59,1.24,4,0,0
-2.65,-1.93,1.64,-0.43,-0.94,1.23,-1.47,1.87,4,0,0
1.71,1.41,-0.02,0.11,-2.03,2.3,2.05,0.57,4,0,0
0.64,-1.74,-1.52,0.05,-0.41,-2.29,0.11,-0.9,4,0,0
-0.88,2.02,0.28,1.7,3.6,-1.01,2.72,1.12,4,0,0
1.77,0.32,-0.31,0.91,-0.85,-0.51,0.28,-0.71,4,0,0
-0.36,1.57,1.81,3.18,0.84,-1.26,3.07,1.87,4,0,0
-0.61,-0.71,-0.51,0.28,2.32,0.29,-1.75,-0.1,4,0,0
-0.06,1.75,-0.11,1.16,2.4,1.48,1.69,0.95,4,0,0
3.21,1.0,-2.58,-2.32,1.14,1.29,-2.79,-2.58,4,0,0
-0.85,1.72,1.32,-3.03,-2.16,-2.73,-1.59,-1.25,4,0,0
0.3,-0.49,-1.01,-0.24,2.32,-0.58,-2.02,-0.87,4,0,0
1.1,-0.17,-0.87,-0.96,-0.16,0.78,-1.45,-0.99,4,0,0
3.23,2.4,-2.2,-0.52,-1.36,-4.27,3.0,-2.83,4,0,0
-1.03,0.84,-0.25,1.76,2.55,-0.33,2.88,1.08,4,0,0
-0.05,-0.58,0.47,-1.17,-2.15,-1.51,-1.73,-0.99,4,0,0
0.09,0.26,-0.26,-0.18,1.22,1.88,0.59,1.17,4,0,0
2.18,1.92,-2.39,1.21,3.89,-0.58,1.61,-1.34,4,0,0
-0.12,0.55,-0.54,-1.9,0.85,-1.45,-3.04,-1.75,4,0,0
1.62,-0.28,-1.3,1.3,0.13,-0.88,1.37,-0.55,4,0,0
2.19,1.5,0.38,0.99,-0.34,0.0,0.82,0.44,4,0,0
-2.74,-2.38,1.01,2.41,1.14,0.02,1.31,2.71,4,0,0
-1.21,-1.8,1.39,0.54,-4.48,-1.87,2.19,1.26,4,0,0
-1.45,-3.65,1.68,1.89,-1.07,1.31,-2.48,1.7,4,0,0
-0.85,-0.52,-0.29,2.62,5.03,-1.09,-0.15,1.02,4,0,0
-3.2,-1.28,0.43,-2.0,1.07,0.85,-3.07,0.12,4,0,0
-1.32,-1.59,-0.29,0.4,-1.89,0.39,2.06,0.93,4,0,0
0.26,-0.26,-0.23,1.81,1.49,0.82,1.92,1.3,4,0,0
-0.24,0.07,-1.15,0.87,3.82,-2.6,0.56,-0.31,4,0,0
-2.34,-2.5,1.62,0.44,-1.46,0.54,-1.23,1.26,4,0,0
0.16,1.95,0.56,-2.83,-1.43,0.61,-1.54,-1.13,4,0,0
-0.79,-2.47,0.12,0.58,-1.22,-0.16,0.23,0.98,4,0,0
1.27,0.65,-0.02,-0.38,-1.47,0.52,0.17,-0.43,4,0,0
1.99,0.65,-0.54,-0.62,0.13,2.0,-1.76,-0.85,4,0,0
-0.74,-1.44,0.76,0.2,-1.88,1.14,-1.22,0.51,4,0,0
-0.24,-0.28,-0.32,1.37,1.96,0.48,0.72,0.92,4,0,0
-1.1,-1.32,-0.94,-2.48,1.29,1.02,-3.09,-0.58,4,0,0
0.79,0.49,-1.14,-2.13,-1.16,1.63,-0.65,-1.18,4,0,0
-0.76,-3.16,1.24,3.08,-0.65,-2.44,-1.05,0.77,4,0,0
-0.03,-2.42,0.89,2.32,-1.26,-1.33,-0.42,0.66,4,0,0
-1.12,-1.85,1.19,0.16,0.21,2.47,-2.06,1.82,4,0,0
-0.62,0.64,0.84,1.21,0.1,0.12,1.86,1.08,4,0,0
0.45,-0.74,-1.54,-3.47,-1.91,-1.11,-2.42,-2.43,4,0,0
-0.26,0.24,-0.6,-3.32,-0.19,1.66,-2.54,-0.93,4,0,0
3.18,0.33,-1.8,-1.1,-2.68,-1.94,0.82,-2.02,4,0,0
-0.77,-0.09,-0.15,-1.06,-1.09,-0.2,-0.08,-0.52,4,0,0
0.84,0.59,-1.65,-0.83,1.77,-0.08,-0.31,-0.95,4,0,0
1.22,0.36,-0.73,-1.61,-1.28,0.74,-0.45,-0.82,4,0,0
1.41,1.06,-2.33,1.86,2.34,-3.69,3.75,-1.01,4,0,0
-1.68,-0.59,1.39,1.88,-1.17,1.59,2.95,2.46,4,0,0
0.49,0.89,-1.0,-2.41,-0.5,0.65,-0.8,-1.17,4,0,0
1.51,1.79,-0.44,-1.13,-0.87,1.01,0.03,-0.88,4,0,0
0.74,1.53,2.2,1.19,-2.58,1.09,0.59,0.51,4,0,0
1.17,0.58,-1.59,-2.04,0.11,3.21,0.77,0.22,4,0,0
-0.09,1.14,-0.02,1.41,2.59,-0.03,1.73,1.1,4,0,0
-0.11,-1.11,-0.22,-1.47,-2.26,0.72,-0.48,0.16,4,0,0
-1.1,-0.3,0.36,-0.82,-1.11,1.96,0.07,0.69,4,0,0
-0.22,0.64,-1.59,-2.89,-0.21,-0.66,0.13,-1.35,4,0,0
0.19,0.6,1.75,-0.67,-3.58,-1.49,-1.18,-0.61,4,0,0
0.1,0.27,-0.28,0.72,2.19,-0.57,-0.2,-0.06,4,0,0
0.85,-1.46,-1.22,0.23,1.38,-3.24,-2.02,-1.51,4,0,0
3.02,1.02,-2.15,-1.7,-1.49,2.27,0.03,-1.91,4,0,0
1.11,-0.24,-1.07,0.71,-0.52,-0.88,1.32,-0.47,4,0,0
0.71,-1.18,-0.33,0.67,-0.86,-2.34,0.27,-0.28,4,0,0
1.01,2.21,-2.52,0.84,5.71,1.04,1.87,-0.27,4,0,0
1.74,2.19,-1.13,-0.98,-0.17,1.5,1.9,-0.56,4,0,0
0.12,-0.4,-3.06,-1.86,3.96,-0.54,-1.99,-1.95,4,0,0
-1.42,-0.6,0.41,2.38,2.94,-0.4,0.68,1.32,4,0,0
-1.73,-1.83,0.7,-0.5,-0.73,2.05,-1.72,0.97,4,0,0
0.84,0.71,0.64,-2.05,-2.7,0.98,-1.73,-0.7,4,0,0
1.23,1.23,-1.4,-0.19,2.9,0.58,-0.97,-1.02,4,0,0
3.84,-0.32,-1.93,2.77,-1.05,-3.12,3.31,-1.05,4,0,0
-0.97,0.0,0.45,-0.11,-0.39,-1.13,0.57,0.26,4,0,0
0.9,0.8,0.1,0.8,-0.68,-0.0,2.53,1.07,4,0,0
1.13,-0.74,-0.13,3.2,1.03,0.37,0.52,0.62,4,0,0
0.79,-0.05,-0.11,0.3,-0.97,1.43,0.54,0.24,4,0,0
-2.25,-0.9,0.54,-1.04,-1.53,0.33,0.49,0.91,4,0,0
1.52,-0.15,0.06,1.29,-1.15,0.07,1.37,0.82,4,0,0
0.38,0.35,0.93,1.83,-1.15,-2.67,1.99,0.19,4,0,0
2.03,2.11,-1.2,-1.62,-3.03,-2.17,1.65,-2.46,4,0,0
-4.61,-1.39,3.01,-2.5,-1.31,3.84,-3.21,2.46,4,0,0
0.73,2.55,-1.08,1.46,3.48,-2.16,3.76,0.24,4,0,0
-1.06,-0.43,0.87,-1.37,-3.21,0.18,0.39,0.6,4,0,0
3.7,0.26,-2.77,0.66,3.37,-1.38,-2.16,-2.64,4,0,0
-1.33,-0.95,0.27,1.25,1.38,1.14,0.87,1.17,4,0,0
-2.08,1.77,0.42,1.06,3.64,-0.11,2.37,1.38,4,0,0
3.16,4.34,-1.09,-4.69,-3.48,1.35,0.8,-2.56,4,0,0
-0.03,1.05,0.1,0.81,-0.56,-1.29,2.42,-0.02,4,0,0
2.06,-0.55,-2.72,-0.34,-0.93,-0.79,1.63,-1.61,4,0,0
-2.02,-0.98,1.83,0.47,-2.45,1.57,1.16,2.2,4,0,0
-5.51,-2.95,4.86,-1.21,-2.1,2.51,-4.32,3.36,4,0,0
-0.34,-1.0,-0.77,-3.01,-2.48,-0.72,-1.94,-1.7,4,0,0
1.15,1.21,-0.65,-0.72,-0.37,-0.49,0.24,-1.14,4,0,0
-1.47,-0.68,1.07,0.39,-1.86,-0.79,0.9,0.82,4,0,0
-1.31,-0.89,0.27,-0.7,-2.15,-0.75,0.71,-0.06,4,0,0
0.45,-2.28,-0.12,2.34,-0.09,-2.24,-0.82,-0.34,4,0,0
-5.23,-0.86,4.51,2.15,-2.05,-0.58,0.15,2.4,4,0,0
-0.96,-0.09,0.41,-2.36,1.92,4.75,-3.15,1.48,4,0,0
1.41,-0.94,-0.18,0.16,-2.05,-1.54,-0.12,-0.73,4,0,0
0.35,0.29,-1.65,-0.58,3.15,4.54,-1.65,-0.07,4,0,0
0.44,-0.97,-0.22,-1.09,-1.56,2.86,-2.41,-0.78,4,0,0
-1.51,-2.34,-0.27,-2.52,-2.19,-0.24,-2.94,-1.11,4,0,0
-0.8,0.49,1.39,3.3,2.48,0.67,1.9,2.38,4,0,0
-2.36,1.2,1.38,-2.2,1.04,4.59,-2.27,0.97,4,0,0
0.17,2.41,0.93,2.8,3.63,-2.95,1.15,-0.03,4,0,0
-0.13,2.05,0.79,-3.07,-0.39,5.16,-2.07,0.29,4,0,0
-2.83,-2.08,1.62,1.1,0.85,1.1,-1.88,1.57,4,0,0
0.13,0.18,-1.08,-0.68,-0.76,0.55,2.35,0.04,4,0,0
-0.29,0.25,-1.48,-3.0,0.85,0.46,-2.5,-1.44,4,0,0
-0.62,-1.37,0.26,1.13,-0.21,-2.18,0.57,0.37,4,0,0
1.14,-0.94,-0.05,0.62,0.33,0.5,-2.36,-0.52,4,0,0
-1.25,1.34,0.27,2.33,5.12,1.32,1.05,1.34,4,0,0
3.39,-1.36,-1.7,-2.19,-4.44,0.26,-0.59,-1.42,4,0,0
-2.79,-0.06,2.58,1.93,0.65,0.86,0.44,2.36,4,0,0
-1.49,1.0,-0.4,-0.85,4.14,-0.83,-0.99,0.18,4,0,0
0.61,-0.16,0.87,1.36,-0.54,-1.19,-1.18,-0.48,4,0,0
1.16,0.18,-0.51,-2.29,-1.43,0.24,-1.71,-1.09,4,0,0
2.49,-0.48,-1.29,4.79,0.71,-1.64,4.42,0.7,4,0,0
0.37,-0.01,-1.4,-2.34,-0.3,0.25,-0.82,-0.67,4,0,0
-3.12,0.54,0.61,-1.23,2.61,0.49,-1.66,0.3,4,0,0
0.85,0.23,-0.59,-0.55,0.21,0.35,-1.1,-0.75,4,0,0
0.66,-2.52,-0.34,-0.91,-4.12,-2.71,-1.45,-1.35,4,0,0
0.54,0.46,-0.38,-1.8,-2.39,1.92,-0.32,-0.63,4,0,0
0.72,0.54,-1.97,-0.33,4.21,-0.44,-1.63,-1.21,4,0,0
1.52,0.82,-0.6,-0.03,-0.29,-4.02,0.73,-1.47,4,0,0
-1.31,-0.97,1.56,0.81,-2.78,1.12,1.32,1.47,4,0,0
-0.71,-0.28,-0.44,-1.13,0.5,-0.07,-0.37,0.21,4,0,0
-2.51,0.25,1.78,-1.09,-0.98,2.18,-1.37,0.94,4,0,0
1.93,1.94,-2.92,0.37,3.93,-2.11,1.41,-1.89,4,0,0
-1.52,1.24,0.93,0.38,0.02,-0.63,2.28,0.93,4,0,0
2.35,1.11,-2.39,2.32,3.67,-2.0,1.68,-1.27,4,0,0
-0.23,-0.74,0.57,0.54,-0.21,-0.64,-1.11,-0.05,4,0,0
0.14,0.06,0.16,0.61,-0.72,-0.59,1.58,0.56,4,0,0
0.35,-0.87,0.45,0.16,-4.78,-0.85,1.85,-0.08,4,0,0
0.44,1.87,-0.51,-1.47,-0.8,-0.97,1.28,-0.9,4,0,0
-0.73,1.04,0.93,-1.16,-0.9,1.54,-0.06,0.64,4,0,0
1.21,-0.59,-1.63,0.78,0.61,-2.57,0.05,-1.5,4,0,0
1.11,-1.61,0.37,1.87,-1.35,-0.46,0.19,0.52,4,0,0
-0.69,0.03,-0.03,-0.32,-0.3,-1.48,0.64,-0.02,4,0,0
0.84,0.53,-0.08,-0.89,-1.65,1.15,-0.19,-0.44,4,0,0
0.99,-0.79,-1.6,3.06,4.31,-5.14,0.36,-0.89,4,0,0
-1.57,-2.25,0.53,0.31,-0.75,-1.55,-1.26,0.16,4,0,0
0.62,-0.63,0.74,0.94,-3.16,-0.28,0.94,0.19,4,0,0
0.61,0.99,-0.01,-3.13,-3.23,1.86,-0.82,-1.07,4,0,0
0.3,0.89,-0.06,2.05,1.89,2.17,1.49,0.95,4,0,0
1.66,0.04,-0.96,3.4,2.81,-1.3,1.65,-0.07,4,0,0
-0.06,-0.29,0.5,1.11,0.18,-1.36,1.54,1.32,4,0,0
0.43,1.52,-1.94,-1.83,4.16,1.44,-0.61,-0.55,4,0,0
0.16,-0.5,-0.12,0.82,-1.35,0.91,2.86,1.32,4,0,0
-0.49,-0.75,-0.17,-2.92,-1.92,-0.74,-2.41,-1.1,4,0,0
-1.8,-1.2,-0.12,-0.76,2.28,0.18,-2.48,0.3,4,0,0
-0.93,1.01,-0.15,0.84,3.97,2.22,0.21,1.21,4,0,0
0.93,-0.45,-0.81,-1.86,-2.81,-0.73,-1.18,-1.71,4,0,0
0.59,-0.83,0.0,-2.35,-4.64,-0.98,-1.18,-1.37,4,0,0
4.01,-0.19,-2.59,0.13,-0.17,0.9,0.59,-1.1,4,0,0
-0.41,0.63,-1.0,-0.73,1.26,0.27,0.57,-0.32,4,0,0
-2.33,-0.31,2.23,0.64,1.82,1.81,-2.36,1.68,4,0,0
0.91,0.11,0.59,0.09,-2.54,-0.01,0.73,0.28,4,0,0
2.51,2.08,-3.79,-4.51,-0.18,0.02,1.03,-2.77,4,0,0
1.95,1.19,-1.15,-3.61,-3.05,1.67,-2.07,-2.44,4,0,0
-2.41,-0.4,1.9,3.95,3.27,0.6,2.91,3.56,4,0,0
0.07,-1.03,1.52,0.47,-2.7,0.61,-1.66,0.19,4,0,0
0.36,0.15,-1.12,-0.77,-0.55,1.03,1.09,-0.03,4,0,0
0.4,0.36,-2.83,0.27,2.95,-2.31,3.66,-0.32,4,0,0
1.65,-0.4,-0.55,-1.2,-2.67,1.43,-1.33,-1.17,4,0,0
-1.95,0.17,-0.08,0.64,4.27,2.33,0.64,1.98,4,0,0
-0.95,1.48,0.87,-1.99,-1.26,-0.78,-0.01,-0.23,4,0,0
1.85,0.09,-0.98,2.65,-0.25,-0.85,3.77,0.37,4,0,0
1.98,2.37,-1.83,0.33,1.79,0.14,2.74,-0.71,4,0,0
0.82,-1.23,-0.67,-0.94,-3.27,-1.71,-0.07,-1.07,4,0,0
1.45,0.5,-0.69,0.0,0.47,-0.43,-0.25,-0.58,4,0,0
-1.09,-1.1,0.56,-0.1,-0.27,-0.97,-1.73,0.03,4,0,0
0.11,-1.29,-0.44,-0.03,-1.93,-2.67,0.1,-0.87,4,0,0
-1.13,-0.29,1.38,-1.8,-1.37,2.23,-2.12,0.86,4,0,0
-0.08,3.14,-0.08,0.64,2.91,-0.13,2.68,0.5,4,0,0
1.27,-1.69,-0.42,-1.64,-3.61,-1.03,-2.85,-1.96,4,0,0
-1.36,-2.32,0.85,0.02,-0.38,-0.75,-3.65,-0.34,4,0,0
-3.91,-3.6,2.89,1.03,-2.57,0.07,-1.64,2.37,4,0,0
-1.36,-1.54,1.27,-0.01,-0.87,0.19,-1.94,0.65,4,0,0
-0.55,1.43,-0.06,0.29,2.97,1.5,0.51,0.99,4,0,0
-2.46,-0.78,0.76,-0.13,0.62,-1.06,0.36,1.4,4,0,0
0.18,0.72,-0.91,0.53,1.83,1.69,1.69,0.66,4,0,0
0.76,-0.38,-0.49,3.01,2.49,-0.25,1.6,1.12,4,0,0
-1.3,-1.98,0.39,-2.07,-1.6,2.68,-2.64,0.49,4,0,0
-1.53,1.48,0.97,2.53,5.6,1.08,-0.35,1.64,4,0,0
-0.27,-2.06,-0.2,-0.52,-2.14,-0.23,-1.05,-0.5,4,0,0
1.91,2.55,-1.46,3.33,4.66,-0.2,5.18,1.35,4,0,0
-1.49,-1.72,0.36,-0.61,-1.24,-0.61,-0.97,0.19,4,0,0
-3.4,-0.89,1.76,-1.29,-0.19,-2.01,-2.7,0.35,4,0,0
0.13,2.73,0.81,2.19,1.67,-0.09,4.17,1.49,4,0,0
0.63,-0.61,0.52,-1.26,-3.36,1.18,-0.75,-0.01,4,0,0
-3.51,-2.07,1.81,-0.99,-2.8,-0.44,-0.68,1.28,4,0,0
0.07,0.82,0.15,-0.43,-0.45,-0.21,-0.53,-0.58,4,0,0
0.9,-0.13,-1.84,0.75,1.64,-3.11,1.0,-1.52,4,0,0
-3.57,-0.98,3.07,-0.88,-1.76,1.91,-1.53,2.2,4,0,0
-0.6,-1.18,-0.8,-1.5,-1.13,0.64,-0.92,-0.25,4,0,0
-2.48,0.28,0.86,-1.92,-0.6,-0.15,-0.42,0.48,4,0,0
-1.0,0.73,0.86,1.67,2.06,-2.28,1.55,1.15,4,0,0
-0.56,-1.93,-0.65,-1.0,-1.81,-0.68,-1.72,-1.15,4,0,0
0.85,-0.35,-0.36,1.15,-0.0,-2.59,0.7,-0.34,4,0,0
-0.17,-1.28,1.38,0.17,-2.96,-0.82,-1.8,-0.46,4,0,0
-0.8,0.18,1.05,-2.59,-3.24,2.55,-1.7,-0.07,4,0,0
1.11,-0.19,-0.49,1.4,0.52,-0.09,1.63,0.84,4,0,0
0.76,0.94,0.62,-1.34,-1.53,1.67,-1.96,-0.68,4,0,0
0.39,0.12,0.22,1.89,0.38,-1.39,2.13,1.25,4,0,0
1.44,1.66,-1.63,-1.32,-0.12,-1.38,1.0,-1.86,4,0,0
-1.27,0.12,0.36,-1.73,-1.54,-0.61,-0.26,-0.28,4,0,0
-1.91,-2.18,0.83,0.79,-0.07,0.8,-0.94,1.25,4,0,0
-0.68,-0.76,0.69,1.77,-1.62,-2.74,2.31,0.65,4,0,0
-1.66,-2.7,2.06,-0.86,-3.35,2.16,-2.39,1.72,4,0,0
0.18,-0.0,-0.8,2.07,4.21,-0.04,-0.51,0.14,4,0,0
-0.76,-0.44,-0.32,-3.49,-1.83,-3.62,-2.25,-1.92,4,0,0
-0.03,0.87,-0.24,-2.35,-1.13,1.64,0.43,0.12,4,0,0
-0.14,-0.59,0.47,-1.1,-1.13,0.95,-1.62,0.04,4,0,0
1.31,1.5,-0.05,1.06,-1.06,-1.0,2.43,-0.22,4,0,0
-2.69,-2.54,2.48,-3.26,-5.53,1.22,-4.18,0.19,4,0,0
-2.41,1.47,1.45,-2.64,2.02,1.3,-3.78,0.22,4,0,0
2.47,1.41,-1.42,2.3,1.73,-2.24,2.44,-0.64,4,0,0
0.72,-1.09,-0.32,0.39,-0.3,0.08,-1.57,-0.75,4,0,0
1.71,0.37,-1.44,-2.36,-5.27,-1.56,2.48,-1.53,4,0,0
1.02,-0.83,-1.98,-0.24,1.98,-1.5,-1.73,-1.62,4,0,0
-1.42,0.29,0.06,-0.01,1.88,-2.3,-0.52,-0.57,4,0,0
-1.9,1.09,0.84,-1.81,1.99,3.14,-1.75,1.02,4,0,0
0.46,-2.32,0.05,0.29,-4.4,-2.36,0.33,-0.67,4,0,0
2.57,-1.08,-2.45,-3.13,-2.38,-0.85,-2.88,-2.9,4,0,0
-0.56,-1.52,-2.1,1.71,4.78,-0.4,-0.34,0.08,4,0,0
1.34,-0.58,-0.3,1.37,-1.71,-1.16,0.97,-0.54,4,0,0
1.02,1.02,-1.82,-0.1,2.26,-1.99,0.63,-1.45,4,0,0
-1.15,1.43,-0.28,0.94,5.59,4.12,0.21,1.73,4,0,0
0.92,-1.58,-1.52,1.59,0.16,-2.31,0.4,-0.99,4,0,0
-0.58,-1.9,0.7,0.75,-0.12,-1.34,-2.71,-0.22,4,0,0
-1.57,-2.37,0.37,-0.09,-1.62,1.05,-0.54,0.92,4,0,0
-0.24,-0.15,0.04,2.11,1.72,2.3,2.03,1.86,4,0,0
0.52,0.59,-0.19,-0.37,-0.06,-0.21,-0.4,-0.54,4,0,0
-1.85,-0.82,1.48,-1.87,-4.63,0.88,0.58,0.87,4,0,0
-0.87,2.39,-0.28,-1.94,1.58,-1.29,0.34,-0.8,4,0,0
-0.3,1.74,0.45,1.51,1.41,0.66,2.23,0.52,4,0,0
-0.09,-2.1,0.55,0.62,-1.2,-0.03,-2.45,-0.04,4,0,0
2.52,1.07,-1.12,-0.28,-1.03,3.06,1.78,0.17,4,0,0
-0.4,0.42,0.22,-0.67,1.03,1.33,-1.52,0.0,4,0,0
0.82,0.89,-0.4,-0.75,-1.39,-1.1,1.34,-0.3,4,0,0
-2.72,-1.5,0.93,-3.18,-1.28,2.22,-5.08,-0.58,4,0,0
1.99,-1.32,-1.56,-1.58,-4.67,0.08,1.49,-0.91,4,0,0
1.99,1.0,-1.11,-0.59,-0.57,0.87,1.37,-0.18,4,0,0
0.92,1.01,-1.38,-2.87,-0.8,0.36,-0.39,-1.1,4,0,0
-1.9,-2.21,0.8,2.33,1.14,0.62,-0.27,2.06,4,0,0
2.14,-0.55,-0.64,1.05,-2.09,1.01,1.54,0.11,4,0,0
