@relation SyntheticData-N_600-D_8-Nmin_140-Zmin_8-CL_1_3-R_0
@attribute X0 real [-4.97, 5.32]
@attribute X1 real [-4.28, 4.62]
@attribute X2 real [-5.57, 5.40]
@attribute X3 real [-5.16, 5.86]
@attribute X4 real [-5.11, 6.10]
@attribute X5 real [-5.24, 5.95]
@attribute X6 real [-7.70, 6.03]
@attribute X7 real [-5.85, 7.09]
@attribute cluster_idx {0,1,2,3}
@attribute is_noise {0,1}
@attribute Class {0,1}
@inputs X0,X1,X2,X3,X4,X5,X6,X7,cluster_idx,is_noise
@output Class
@data
0.34,-0.89,-0.17,-0.39,0.05,-1.11,-0.92,-1.14,0,0,1
-3.68,-3.19,-1.46,-1.32,1.18,-0.35,1.58,-0.75,0,0,1
-0.5,0.3,-1.72,-1.26,-1.41,-1.98,-0.65,1.4,0,0,1
-1.41,-3.85,-1.19,-1.53,-1.48,-0.5,0.91,0.01,0,0,1
-0.52,-0.47,-1.61,-0.87,-1.56,1.53,-0.81,0.75,0,0,1
0.55,1.33,-1.67,0.21,-0.95,0.6,-1.78,-0.66,0,0,1
1.34,2.02,0.39,1.35,-0.69,1.67,-2.21,-0.63,0,0,1
-0.56,0.78,-0.31,0.03,-0.25,2.47,0.28,2.19,0,0,1
-1.87,-2.0,-0.72,-0.76,-0.45,-1.5,0.57,1.67,0,0,1
-2.69,-1.65,-0.54,-1.92,1.3,1.57,2.16,-0.29,0,0,1
1.38,2.17,0.32,1.58,-0.23,2.51,-1.42,-0.32,0,0,1
0.21,-1.23,0.19,-2.8,-1.09,-0.51,-0.96,0.52,0,0,1
0.09,1.58,-1.0,-0.33,0.64,0.85,0.19,-0.92,0,0,1
3.03,0.9,3.49,-0.62,-0.73,1.1,-1.27,0.44,0,0,1
-0.19,0.02,-1.02,0.29,-1.06,0.51,-0.42,0.91,0,0,1
0.68,2.33,-0.0,0.28,0.2,0.13,-0.04,0.14,0,0,1
0.36,1.83,-0.99,1.23,-0.4,1.89,0.88,0.52,0,0,1
-1.21,-1.5,-1.56,-1.24,-0.89,1.3,0.61,-0.35,0,0,1
1.88,-1.84,2.02,-1.5,-1.18,-0.23,2.11,1.67,0,0,1
-3.14,-0.22,-3.29,-1.18,1.4,-1.78,-0.92,-3.57,0,0,1
1.71,0.95,1.38,-0.3,0.95,-1.87,-0.69,-0.92,0,0,1
-1.69,1.52,0.2,2.6,3.06,-1.11,1.25,-1.48,0,0,1
0.92,1.14,-0.8,1.14,-0.95,1.53,-1.3,-0.61,0,0,1
-2.59,1.15,-2.31,-0.65,2.4,-1.55,-0.97,-3.2,0,0,1
-0.74,0.15,-1.05,1.92,0.62,0.44,0.78,0.14,0,0,1
-1.06,1.72,-1.97,-0.09,0.43,-1.11,-2.96,-2.16,0,0,1
0.79,0.89,-0.12,1.0,0.54,-1.66,-1.36,-0.6,0,0,1
1.78,-0.74,1.66,-0.86,-1.09,-1.76,-1.65,-0.51,0,0,1
0.7,-1.68,1.15,-1.85,-0.26,-0.72,1.65,0.61,0,0,1
-0.88,1.69,-1.15,0.57,1.34,0.63,-0.65,-0.59,0,0,1
-0.94,0.92,-1.03,0.23,-0.04,-1.08,-1.03,0.15,0,0,1
-3.21,-1.77,-4.25,-0.02,-1.86,1.58,-1.98,-1.1,0,0,1
-1.64,0.54,-1.52,1.32,1.34,1.42,-0.34,-2.06,0,0,1
0.05,0.28,0.83,1.97,0.42,2.18,2.92,0.77,0,0,1
-0.79,-0.13,-1.89,1.27,-0.17,-0.06,-0.09,0.68,0,0,1
1.1,0.49,0.63,1.55,-1.09,-0.27,0.09,2.88,0,0,1
0.33,0.16,-1.82,-3.09,-1.13,-0.61,-2.87,-2.58,0,0,1
-0.42,-1.36,-1.73,1.57,-1.64,2.46,-0.39,-0.65,0,0,1
1.46,0.4,0.83,-0.46,-0.48,-0.13,-0.8,0.73,0,0,1
2.26,0.51,1.04,0.83,0.55,-0.34,-0.36,-0.67,0,0,1
-1.66,-1.22,-0.69,0.38,0.37,0.28,1.63,1.22,0,0,1
3.79,-1.47,2.16,-0.63,-2.79,1.53,-3.24,-0.08,0,0,1
0.34,1.45,1.87,0.85,1.72,0.48,-0.05,-1.62,0,0,1
-1.19,-0.79,-0.22,0.5,0.72,2.78,1.27,-1.86,0,0,1
1.35,-0.76,0.14,-1.22,-3.03,1.35,-2.59,1.03,0,0,1
-0.18,-3.82,0.83,0.4,-1.03,2.99,0.06,-0.86,0,0,1
0.06,0.28,0.78,-0.66,1.15,-1.02,2.05,1.56,0,0,1
-1.07,1.5,3.31,2.8,4.73,-1.93,1.63,0.99,0,0,1
0.82,-0.92,0.97,-0.46,-0.98,-1.74,-0.55,1.86,0,0,1
0.87,2.33,1.02,-1.54,1.38,-1.12,-2.08,-0.59,0,0,1
3.31,3.11,2.2,1.79,-0.69,0.12,-1.28,0.4,0,0,1
-0.87,-3.09,-3.02,-0.9,-2.64,1.32,0.56,-1.37,0,0,1
-1.1,0.24,-2.19,1.78,0.31,0.78,-0.16,-1.14,0,0,1
-0.62,-0.23,0.11,-1.91,0.72,-0.86,-0.85,-1.13,0,0,1
-0.25,3.11,-1.63,1.76,1.22,-0.37,-2.46,-3.15,0,0,1
-2.22,-1.73,2.17,-2.25,4.04,-3.58,0.81,-1.81,0,0,1
0.74,2.17,-1.46,-1.18,-1.34,-0.05,-3.18,-1.75,0,1,0
-2.43,-1.82,-0.67,0.71,1.75,1.64,1.57,-0.87,0,1,0
-0.96,1.41,1.11,2.01,3.75,-4.02,1.97,0.23,0,0,1
-0.02,-0.51,0.96,-0.12,0.94,1.54,0.51,-1.05,0,0,1
-0.94,2.09,-0.98,-1.11,1.25,-1.12,0.36,-0.32,0,0,1
1.67,-1.27,0.04,0.03,-2.13,0.19,-0.82,-0.27,0,0,1
-1.37,-1.55,0.23,-1.71,0.51,-0.73,-1.22,0.15,0,0,1
3.03,-0.88,3.45,1.14,-1.14,-1.06,-1.07,2.85,0,0,1
0.33,0.05,1.55,-2.17,0.83,-1.49,1.24,1.28,0,0,1
1.39,1.19,1.28,2.7,0.27,-0.06,0.46,0.55,0,0,1
1.47,-1.52,1.67,-1.31,-0.59,0.49,1.88,-0.68,0,0,1
1.25,0.67,1.53,0.1,0.26,-2.08,-1.19,0.91,0,0,1
3.65,0.87,0.84,0.43,-2.69,2.24,-1.15,-0.04,0,0,1
-1.46,0.44,0.02,1.99,2.11,0.29,-0.05,-1.7,0,0,1
-1.31,-1.08,-0.12,-0.93,1.83,-1.24,0.17,-3.22,0,0,1
-0.72,2.03,-1.48,1.26,0.32,1.35,-0.25,-0.64,0,0,1
3.08,1.34,1.14,1.51,-1.93,-0.05,-0.54,2.7,0,0,1
-1.96,-1.27,-2.56,-1.6,0.07,-0.64,-0.34,-1.52,0,0,1
-0.11,-2.44,2.2,-1.51,0.46,-0.18,0.21,1.17,0,0,1
-2.4,1.98,-2.82,-0.64,1.34,-1.93,-2.06,-1.73,0,0,1
2.33,0.13,1.53,-2.11,-1.55,0.78,-0.62,1.06,0,0,1
-0.17,1.17,-3.17,0.17,-1.16,0.16,-2.34,-1.42,0,0,1
1.64,-1.37,0.96,-1.08,-2.04,2.34,1.6,0.54,0,0,1
-3.37,-0.47,-2.4,-0.97,2.2,-1.9,0.61,-2.34,0,0,1
0.35,0.5,1.97,-0.91,0.45,1.15,-0.9,1.05,0,0,1
0.68,-1.04,1.35,-2.25,-0.42,0.72,-0.92,-1.68,0,0,1
-0.93,-2.0,0.78,-0.3,0.32,1.63,3.07,0.38,0,0,1
1.93,-1.84,1.52,-3.32,-1.53,1.2,-0.09,0.7,0,0,1
-2.22,-0.92,-0.76,0.85,1.78,1.39,0.77,-1.84,0,0,1
0.44,-0.19,-0.13,-0.69,-0.08,0.98,-1.36,-2.42,0,0,1
-1.29,0.32,-2.35,-1.18,0.22,-0.4,-0.8,-0.47,0,0,1
2.08,1.43,1.41,0.99,-0.85,1.12,-0.4,0.01,0,0,1
-1.23,1.11,-2.19,-0.78,-0.02,1.4,-0.37,-0.53,0,0,1
0.06,1.11,-1.03,0.61,0.3,2.97,0.51,-3.1,0,0,1
-2.13,0.51,-0.46,1.9,1.99,-0.9,1.55,1.22,0,0,1
-1.32,0.43,-0.51,0.97,1.4,1.52,-0.01,-1.08,0,0,1
-0.62,1.06,-0.64,1.05,0.6,0.82,0.86,0.45,0,0,1
0.69,2.05,-2.31,0.82,-0.98,0.37,-1.37,-0.94,0,0,1
1.79,1.44,2.01,0.35,0.22,0.25,-0.74,0.51,0,0,1
1.3,-0.7,3.14,-0.15,0.64,-1.12,0.74,0.97,0,0,1
1.57,2.14,2.58,1.42,0.43,4.35,1.18,1.0,0,0,1
0.97,1.6,0.7,0.29,0.23,0.22,0.09,0.31,0,0,1
-1.59,2.08,-0.66,1.98,2.23,-0.8,0.74,0.56,0,0,1
0.01,2.88,-0.66,1.91,0.68,-1.71,-1.05,0.64,0,0,1
1.67,-0.75,3.22,2.62,0.09,2.11,1.44,0.19,0,0,1
-0.63,-2.46,-0.86,1.23,-2.55,2.08,1.8,1.68,0,0,1
-3.05,2.39,-4.57,1.23,0.83,-1.9,-1.22,-0.73,0,0,1
-0.01,0.88,-0.71,0.5,0.46,-1.25,-2.62,-1.41,0,0,1
-1.57,0.31,-1.59,-0.22,0.3,-1.09,-0.05,-0.72,0,0,1
-2.15,-0.91,-2.43,0.32,-0.13,-0.71,0.0,-0.52,0,0,1
1.71,0.52,0.88,-0.21,-0.81,0.38,0.66,1.12,0,0,1
1.9,4.12,0.55,0.52,0.66,-2.21,-0.4,0.25,0,0,1
0.38,-1.11,1.95,0.09,0.41,0.83,0.75,1.28,0,0,1
1.38,2.1,0.56,-0.46,-1.06,1.08,-2.97,-0.26,0,1,0
0.36,0.01,0.86,-0.29,-0.48,2.66,0.98,0.59,0,0,1
-2.19,2.56,-0.41,1.31,3.48,-0.82,0.63,-0.68,0,0,1
1.41,-0.44,3.39,-0.77,0.25,0.63,2.28,2.94,0,0,1
0.71,3.11,-2.29,1.33,-0.91,1.59,-3.54,-1.62,0,0,1
0.59,-1.43,-0.24,-0.75,-1.34,-2.32,-0.73,0.78,0,0,1
-1.17,-3.55,1.28,-3.75,0.06,-1.53,1.38,0.19,0,0,1
0.74,-0.57,0.23,-0.37,-0.94,0.56,-0.6,0.42,0,0,1
-0.36,2.4,-1.96,-0.15,-0.25,-2.23,0.56,2.55,0,0,1
-0.49,-1.82,1.03,-0.9,0.25,0.35,-0.62,-1.08,0,0,1
1.6,1.73,1.79,0.62,0.5,-0.87,0.26,1.74,0,0,1
-1.95,-0.78,-0.52,-1.04,2.07,0.32,1.16,-2.2,0,0,1
-1.15,-1.4,-0.85,-1.54,-1.03,0.2,-2.76,-1.86,0,0,1
-1.11,-0.26,0.6,-0.61,1.69,-1.2,0.4,0.45,0,0,1
1.34,-2.53,2.22,-1.97,-0.92,0.16,1.8,2.08,0,0,1
1.69,0.26,1.42,1.04,-0.56,0.45,-0.33,0.84,0,0,1
-0.79,4.35,-0.82,2.59,2.55,-2.52,-0.59,0.84,0,0,1
-0.69,-0.85,-1.53,-0.68,0.02,-2.0,1.31,0.66,0,0,1
3.24,3.45,2.13,1.85,-0.96,1.33,-1.27,1.91,0,0,1
0.94,-0.16,3.18,-0.94,0.67,1.13,0.52,-0.05,0,0,1
0.94,0.89,-0.1,-0.96,-0.79,-0.35,-0.86,-0.78,0,0,1
3.63,2.8,-0.2,2.52,-1.63,2.36,-2.02,-0.97,0,0,1
0.3,1.55,-1.36,0.83,-0.83,0.94,-1.2,0.93,0,0,1
-1.06,-0.66,-0.29,-0.69,1.65,-1.46,1.18,-2.53,0,0,1
0.48,0.47,1.2,-0.38,0.93,0.34,0.43,-1.31,0,0,1
4.67,1.33,3.43,0.99,-1.31,0.33,-1.02,1.7,0,0,1
1.42,1.33,2.66,3.67,0.02,2.77,1.87,2.08,0,0,1
1.17,-0.36,0.95,-1.53,-1.33,-1.37,-0.46,2.16,0,0,1
-1.35,1.27,-2.03,-1.2,0.58,-0.25,-0.95,-2.81,0,0,1
-3.67,1.29,-3.98,-0.64,1.97,-0.99,-1.08,-4.83,0,0,1
-2.06,-1.1,-1.9,-0.09,-0.53,-0.84,-0.46,0.02,0,0,1
-0.36,1.61,2.63,-2.34,-1.05,-1.0,0.17,0.57,1,0,0
0.29,-0.48,-1.06,0.25,-0.89,0.62,-0.44,0.59,1,0,0
-0.59,2.3,0.5,0.9,-0.37,2.93,1.97,0.19,1,0,0
1.37,0.47,1.78,-0.76,-2.45,-1.1,0.37,0.45,1,0,0
0.44,-0.59,0.8,-0.8,-0.38,-2.25,2.57,0.24,1,0,0
1.21,1.43,0.91,-0.91,-3.25,1.61,0.1,3.19,1,0,0
0.75,-0.25,2.44,-3.39,-1.5,-3.76,2.31,1.62,1,0,0
-1.06,0.93,-0.37,0.33,1.73,1.57,0.13,0.42,1,0,0
-1.19,0.89,-1.31,3.38,-1.63,0.95,-0.64,-0.39,1,0,0
-0.66,0.75,-1.48,4.36,-0.61,1.95,-0.63,-1.83,1,0,0
-0.81,-0.36,-0.88,0.94,2.66,0.89,-2.86,-1.1,1,0,0
-1.68,0.02,-1.52,0.49,0.35,0.63,-0.2,0.67,1,0,0
0.0,2.06,1.19,2.56,0.56,1.88,-1.68,-1.6,1,0,0
-0.64,2.23,2.43,-1.56,-0.4,0.35,-0.28,0.71,1,0,0
-0.36,1.35,0.69,0.41,-0.9,0.22,3.77,0.3,1,0,0
0.89,0.4,1.41,-1.22,-2.15,-1.39,2.05,1.06,1,0,0
-0.54,1.46,1.61,-2.56,-0.51,0.46,-0.84,1.91,1,0,0
-2.72,0.32,-2.85,1.67,2.67,3.14,-2.34,0.4,1,0,0
-0.54,-2.03,-1.54,-0.4,-1.24,-2.77,2.8,0.08,1,0,0
1.71,0.45,2.62,-2.08,-2.28,-1.65,-0.12,1.45,1,0,0
-0.14,0.92,0.28,-2.31,0.73,2.28,1.31,2.27,1,0,0
0.04,-0.48,-0.41,2.78,0.17,-1.42,1.66,-2.17,1,0,0
-1.65,0.06,-0.31,-0.08,0.16,-1.4,2.44,0.29,1,0,0
0.86,-0.03,2.35,-1.29,-2.02,-3.63,0.11,0.44,1,0,0
0.94,0.12,2.18,-2.26,0.31,-1.08,-1.82,0.65,1,0,0
-0.8,1.2,1.0,-1.08,-0.71,-0.32,1.41,0.72,1,0,0
-0.15,0.98,1.62,-0.46,-0.09,-1.05,-0.98,-0.02,1,0,0
-0.35,-2.17,-0.03,-4.4,3.4,-1.44,-1.19,0.9,1,0,0
2.68,1.21,3.75,1.18,-4.45,-3.44,2.36,-1.02,1,0,0
1.53,-0.57,0.43,-0.21,-0.43,-0.13,0.75,0.22,1,0,0
1.4,0.75,0.5,3.27,-1.23,0.9,-0.39,-1.87,1,0,0
-1.28,0.32,-1.59,2.54,-0.16,0.57,0.83,-0.44,1,0,0
0.4,0.52,3.62,-0.53,-1.59,-5.24,-0.82,-1.18,1,0,0
-1.07,0.97,0.28,-0.7,1.84,1.17,-0.53,0.96,1,0,0
-2.84,1.04,-2.12,-0.6,2.79,3.84,0.94,1.64,1,0,0
0.46,0.98,2.39,-1.36,-1.38,-2.05,3.09,1.19,1,0,0
1.53,0.92,1.86,2.49,-2.24,-1.32,-0.56,-1.3,1,0,0
0.78,-0.03,1.73,-1.89,-1.06,-2.08,1.34,1.05,1,0,0
0.84,-1.11,-0.37,0.89,0.55,-0.59,-1.86,-0.82,1,0,0
1.33,2.45,4.24,-1.93,-2.27,-0.89,-0.86,0.81,1,0,0
-0.77,4.62,3.99,-0.96,-1.55,1.3,1.76,1.06,1,0,0
-0.17,0.09,0.44,-0.42,0.55,-0.16,-0.75,-0.46,1,0,0
-1.2,0.31,-0.69,-0.16,0.54,1.16,-0.36,-0.2,1,0,0
-1.39,0.31,-0.45,-0.23,1.49,0.68,-2.08,0.18,1,0,0
0.4,1.66,2.27,0.9,0.55,0.36,-3.17,-1.17,1,0,0
-2.3,0.6,-1.51,0.48,0.23,1.02,2.25,0.77,1,0,0
2.69,-0.31,4.26,-2.65,0.1,-3.62,-1.36,-1.52,1,0,0
1.26,2.23,3.69,-0.62,-3.01,-1.3,-0.57,0.38,1,0,0
-1.43,1.22,0.37,-0.38,0.54,0.71,1.13,-0.07,1,0,0
-0.38,3.2,1.31,0.97,-1.24,2.95,0.28,1.03,1,0,0
0.9,1.65,-0.61,5.58,-1.34,3.23,-2.69,-2.11,1,0,0
1.03,2.62,4.73,-0.6,-1.23,-1.55,-0.66,-0.43,1,0,0
0.68,-0.28,0.24,0.72,-0.13,-0.56,-0.44,-0.83,1,0,0
1.27,0.58,1.71,-0.81,-1.67,-0.93,2.46,0.73,1,0,0
-0.75,0.5,-0.58,1.25,2.52,2.13,-3.62,-1.13,1,0,0
-3.45,-0.27,-4.54,1.4,1.37,2.92,1.02,1.42,1,0,0
-0.68,1.93,0.84,0.83,1.1,1.93,0.83,0.0,1,0,0
2.94,0.45,3.29,0.22,-0.85,-1.69,-0.88,-1.27,1,0,0
1.42,-0.3,0.88,0.94,0.96,-0.43,-2.37,-0.86,1,0,0
-1.54,1.89,0.54,1.0,0.26,1.03,0.26,-0.23,1,0,0
-4.97,1.98,-4.39,1.45,1.13,5.95,0.14,1.79,1,0,0
0.73,0.74,1.36,-0.55,-1.26,-0.07,-1.59,0.7,1,0,0
-0.78,1.26,-1.2,1.99,-1.18,2.49,0.64,0.35,1,0,0
-0.2,0.98,2.64,-1.23,-2.46,-3.17,0.1,0.43,1,0,0
1.55,0.09,0.23,1.06,-1.55,0.69,0.26,0.14,1,0,0
-3.83,0.47,-1.15,-1.16,1.4,-1.03,5.41,0.07,1,0,0
-1.98,-0.13,-2.35,2.31,0.43,0.47,-0.71,-0.09,1,0,0
-2.45,2.54,0.18,-1.14,0.49,3.1,-0.73,1.87,1,0,0
-2.97,2.05,-2.65,4.55,1.32,4.51,-0.82,-1.15,1,0,0
1.37,-0.42,1.23,-1.85,-1.09,-1.19,-0.71,1.05,1,0,0
0.88,1.98,1.87,0.38,-2.31,1.04,0.11,0.21,1,0,0
0.78,1.06,0.92,-1.51,0.83,2.56,-0.15,0.99,1,0,0
-1.41,-2.08,-3.6,-0.23,3.13,1.69,-1.39,0.7,1,0,0
-2.01,-0.29,-2.13,-0.42,1.36,1.29,-0.29,1.99,1,0,0
-2.91,-0.67,-2.73,1.04,0.9,-0.45,1.3,-0.13,1,0,0
-0.29,-1.79,-2.98,2.42,-1.16,-0.63,0.9,0.12,1,0,0
2.75,1.74,5.4,-0.62,-2.28,-2.08,-5.75,-2.06,1,0,0
0.44,-0.73,1.1,-1.49,0.79,-1.84,0.1,-0.47,1,0,0
-1.99,1.35,-1.97,3.37,0.21,2.58,1.59,-0.11,1,0,0
-2.9,1.96,-0.84,0.89,2.67,3.01,-1.44,0.07,1,0,0
1.75,0.73,1.64,2.32,-2.26,-1.31,1.19,-1.31,1,0,0
-1.19,2.79,1.04,-1.05,-0.76,2.4,1.18,1.65,1,0,0
-0.52,-0.58,-2.71,3.48,0.04,1.58,-0.47,-0.07,1,0,0
0.94,-0.44,-0.16,0.1,0.54,0.49,0.3,0.48,1,0,0
4.17,0.49,4.47,1.33,-3.2,-3.48,-2.67,-2.23,1,0,0
1.34,-2.04,-1.4,1.11,-0.85,-0.89,0.28,-0.32,1,0,0
0.45,-0.34,0.76,0.47,1.42,-1.23,-0.07,-1.51,1,0,0
0.47,-1.48,0.32,1.23,1.34,-2.68,-2.9,-2.5,1,0,0
-0.35,-0.07,-0.66,-0.51,1.72,1.25,1.76,0.62,1,0,0
0.74,0.7,0.43,1.34,-0.4,1.01,-0.42,-0.39,1,0,0
1.07,-0.04,3.33,-2.62,-0.86,-4.22,1.5,0.07,1,0,0
-2.32,2.12,-0.7,1.26,0.66,2.63,0.38,0.62,1,0,0
-2.05,2.17,-0.55,0.95,-1.0,2.33,0.7,1.54,1,0,0
0.75,-2.58,-0.38,-0.84,0.66,-3.48,-0.18,-0.15,1,0,0
0.97,-0.9,0.56,-0.51,0.32,-1.21,-3.18,-0.33,1,0,0
-0.98,-1.14,-2.92,3.14,-0.08,0.52,-1.64,-1.19,1,0,0
0.14,-3.16,-2.2,-0.39,2.43,-1.54,1.19,-1.0,1,0,0
2.73,1.66,5.03,-1.58,-1.81,-2.07,-1.96,-0.31,1,0,0
0.38,-0.19,-0.62,2.04,1.44,1.18,-2.68,-1.36,1,0,0
1.74,1.26,2.87,-0.71,-1.33,-0.56,-0.4,0.54,1,0,0
0.65,0.05,1.76,-2.8,-1.04,-1.96,3.74,1.79,1,0,0
1.29,-0.4,1.56,-1.76,0.27,-1.1,-0.28,0.33,1,0,0
-1.68,0.53,-0.99,1.66,1.15,1.05,-4.02,0.15,1,0,0
0.12,-0.74,-1.24,1.35,0.87,0.76,-1.29,-0.59,1,0,0
-0.92,0.72,0.53,-0.43,0.3,-0.42,1.36,0.27,1,0,0
-0.51,1.69,1.05,-0.11,0.01,0.74,2.05,0.6,1,0,0
1.79,-0.46,0.72,0.08,0.49,0.42,0.1,-0.88,1,0,0
0.73,2.23,2.19,-1.09,-1.68,1.17,-0.65,1.8,1,0,0
-0.34,1.1,2.64,-2.97,1.1,-1.3,0.58,0.81,1,0,0
0.93,1.25,2.39,0.79,0.29,-0.33,-2.13,-1.85,1,0,0
0.84,0.57,1.55,-0.26,1.4,0.73,-3.13,-0.27,1,0,0
3.32,-0.93,2.66,-1.15,-0.14,-2.03,-3.71,-0.2,1,0,0
0.6,-1.08,-0.72,1.57,-2.74,-2.27,1.47,0.01,1,0,0
2.61,-0.27,1.68,0.03,0.8,0.06,-1.63,-0.83,1,0,0
-0.69,-1.59,-2.51,1.71,0.63,-0.07,-1.6,-0.49,1,0,0
-0.8,1.76,0.87,0.11,0.8,1.19,0.74,0.67,1,0,0
-0.48,0.61,0.11,-0.99,-3.06,-0.9,5.72,2.1,1,0,0
2.52,-0.72,0.67,-0.43,-1.46,0.58,-0.47,-0.19,1,0,0
1.28,-0.9,1.89,-2.5,-0.08,-2.77,-0.98,0.42,1,0,0
1.34,0.36,-0.35,3.54,-4.24,0.53,-1.42,-1.11,1,0,0
-0.07,0.13,0.69,-0.65,0.16,-0.44,-0.91,0.25,1,0,0
0.82,0.81,-0.06,1.91,-0.81,2.25,-2.52,-0.37,1,0,0
-0.76,0.42,-0.65,0.52,-1.07,0.2,0.98,1.37,1,0,0
0.41,-0.1,0.39,0.16,1.03,-0.6,2.86,-0.14,1,0,0
-2.08,0.04,-2.01,-2.59,-2.62,1.14,2.61,3.35,1,0,0
0.16,-0.34,-0.99,0.82,-1.94,0.32,-1.21,0.71,1,0,0
-2.38,-0.09,-1.88,0.25,3.01,1.86,-1.22,-0.45,1,0,0
0.75,0.73,0.08,1.95,-0.8,1.23,1.92,-0.42,1,0,0
-1.64,-0.43,-0.48,-1.89,1.49,-0.61,0.04,0.62,1,0,0
-1.61,1.35,-0.4,1.26,2.21,2.38,-0.09,-1.32,1,0,0
0.55,0.58,-0.21,-0.11,-1.81,1.14,0.81,2.13,1,0,0
0.7,0.63,2.46,-0.43,-0.8,-2.23,-1.29,-0.42,1,0,0
2.13,1.52,1.49,0.44,-0.95,2.63,-1.51,0.85,1,0,0
-0.61,0.64,-0.96,1.72,0.65,1.87,0.23,-0.52,1,1,1
0.42,0.08,1.89,-1.28,-1.57,-2.01,-2.66,0.1,1,0,0
1.03,-1.74,-1.03,0.93,-1.95,-1.89,-1.34,0.34,1,0,0
0.83,0.42,1.89,-2.93,-0.54,0.07,-3.09,2.15,1,0,0
-0.2,1.09,0.25,-2.07,-0.56,2.56,1.54,1.73,1,0,0
-1.15,2.88,0.72,1.68,-2.52,1.09,4.17,0.81,1,0,0
1.3,0.19,1.96,-0.93,-2.33,-2.25,-0.36,0.91,1,0,0
0.92,-1.8,-1.44,2.48,0.45,-0.23,-5.64,-1.97,1,0,0
-0.43,-0.65,-2.69,2.81,0.44,1.79,-0.73,-0.87,1,0,0
3.94,-1.34,2.54,2.07,-0.92,-3.51,-2.19,-3.3,1,0,0
3.04,0.27,2.75,-0.58,-1.7,-0.23,-4.52,-1.04,1,0,0
2.18,1.48,4.8,-1.09,-0.89,-2.05,-1.67,-1.92,1,0,0
1.19,1.84,2.09,3.42,-0.1,0.7,-4.83,-2.26,1,0,0
-0.25,-2.7,-2.06,-0.63,-0.53,-2.9,3.66,1.15,1,0,0
-0.36,0.67,-0.77,-1.35,1.09,3.58,-1.63,1.93,1,1,1
1.53,-2.02,-1.06,0.92,1.36,-0.03,-1.24,-1.51,1,0,0
1.23,-1.53,-1.14,-0.24,-0.48,0.17,1.57,0.71,1,0,0
0.79,0.03,1.11,-0.46,2.58,0.89,-2.5,-0.78,1,0,0
-0.87,-1.22,-2.34,-0.41,0.59,0.66,2.71,0.99,1,0,0
0.88,1.33,3.84,-0.77,-1.68,-3.37,1.02,-0.45,1,0,0
-1.18,0.59,-1.27,0.47,-1.11,1.22,0.35,1.31,1,0,0
1.61,-3.93,-0.62,0.6,0.77,4.27,-7.33,-1.98,2,0,0
-2.46,2.19,1.46,1.58,-1.06,-1.67,2.22,0.14,2,0,0
1.46,-0.96,-0.22,-1.22,0.23,1.57,-2.3,-2.05,2,0,0
0.16,2.14,0.1,-0.82,-2.34,2.1,-1.08,-3.48,2,0,0
1.99,-3.6,-1.51,1.59,1.9,4.96,-7.7,-2.71,2,0,0
2.78,1.37,0.57,1.09,-3.2,-0.49,2.88,-1.9,2,0,0
-1.29,1.18,-2.12,0.77,-0.82,0.66,-0.56,0.04,2,0,0
-2.41,1.16,-1.71,-1.8,-0.24,-2.69,4.56,1.71,2,0,0
2.48,0.79,-1.95,-2.12,0.43,0.5,0.78,-0.33,2,0,0
1.29,0.14,0.56,2.66,-1.54,-0.68,1.28,-0.36,2,0,0
-2.0,1.93,0.75,0.36,-1.29,-2.14,3.09,1.38,2,0,0
0.1,-0.87,0.74,1.42,0.43,-1.3,0.15,1.15,2,0,0
0.81,0.59,-3.75,-1.19,2.58,0.26,0.69,1.35,2,0,0
0.86,1.62,0.54,-1.52,2.03,-2.53,3.07,2.59,2,0,0
1.4,0.56,-3.15,-0.9,3.59,0.21,0.22,2.8,2,0,0
-0.93,-0.52,1.6,1.64,-1.24,-1.42,1.06,-0.54,2,0,0
-1.7,4.06,-1.78,0.99,-0.37,-2.23,3.59,2.53,2,0,0
-2.29,-0.92,-1.6,-2.59,-0.34,2.12,-2.58,-1.28,2,0,0
2.92,2.29,-1.23,-3.11,0.13,-1.22,3.24,2.0,2,0,0
-3.46,2.7,-2.53,0.45,2.92,-4.23,6.03,3.89,2,0,0
-1.72,1.88,-1.96,-0.45,0.43,-2.24,3.05,3.83,2,0,0
-0.33,1.53,-0.5,-0.19,-2.41,0.28,1.46,-2.28,2,0,0
-2.38,0.47,1.5,3.92,1.22,-0.33,-0.65,0.71,2,0,0
-2.1,2.05,-0.2,-1.13,-5.11,-1.19,3.18,-1.31,2,0,0
0.52,-3.8,2.52,3.13,1.12,0.94,-3.68,-0.66,2,0,0
1.81,-1.53,-0.13,-0.78,0.35,0.76,-1.09,-0.27,2,0,0
2.13,1.08,-1.07,0.94,0.49,0.81,-0.64,0.03,2,0,0
-2.08,0.63,-2.17,-1.07,4.09,-1.79,1.08,4.75,2,0,0
-1.2,2.1,1.15,0.21,-3.1,-0.66,2.19,-1.85,2,0,0
2.55,-1.23,2.56,2.75,-0.04,1.3,-2.98,-2.33,2,0,0
-1.06,0.18,1.26,0.98,-4.55,2.34,-2.4,-3.7,2,0,0
-2.48,0.8,-1.78,-3.55,0.07,-2.09,2.56,3.0,2,1,1
-0.12,0.03,-0.07,1.56,-1.38,0.44,-0.13,-1.37,2,0,0
2.08,-0.58,-3.14,-3.52,6.1,-0.41,0.71,3.73,2,0,0
-0.14,1.39,3.07,3.69,-3.26,-1.61,2.26,-1.87,2,0,0
-0.06,1.16,0.03,-0.11,-0.41,-0.96,1.67,0.45,2,0,0
0.27,0.51,0.64,0.29,1.21,-0.38,0.29,0.54,2,0,0
-2.21,1.31,-2.58,0.36,2.59,-1.29,0.89,2.69,2,0,0
-1.94,1.93,-0.69,-0.27,0.25,-1.21,2.23,0.41,2,0,0
0.25,0.95,-1.4,-0.82,-0.36,1.3,-1.21,-0.02,2,0,0
-0.71,-0.12,-1.28,-0.44,-1.2,0.27,1.24,-1.0,2,0,0
-1.99,0.67,0.09,0.92,-1.59,-0.55,0.43,-0.19,2,0,0
0.5,1.06,0.01,2.53,-0.69,1.12,-0.75,-2.08,2,0,0
-2.37,2.65,-0.05,-0.39,-1.21,-1.75,3.18,1.42,2,0,0
-0.08,-0.78,1.07,0.57,1.39,1.61,-3.12,-1.4,2,0,0
0.02,-0.46,0.29,-1.84,-1.83,-1.75,4.06,-0.93,2,0,0
-3.27,2.47,0.05,2.27,-3.51,-0.1,0.98,-2.25,2,0,0
-2.17,-0.48,0.85,3.81,-0.05,2.4,-4.6,-2.88,2,0,0
2.48,-0.98,0.35,-0.05,-0.98,2.41,-2.43,-3.08,2,0,0
0.27,1.67,-0.01,1.92,1.78,-1.55,2.58,1.49,2,0,0
1.7,0.99,-0.22,-1.06,1.43,0.73,0.1,-0.11,2,0,0
1.71,-1.04,0.96,-0.79,-0.33,0.62,-1.1,-1.03,2,0,0
-3.6,1.31,-0.2,2.9,-1.51,0.08,-0.82,-0.96,2,0,0
-0.2,0.97,2.1,2.85,0.69,-0.82,-0.72,0.43,2,0,0
2.16,0.82,0.88,-0.63,-0.11,-1.52,2.98,-0.3,2,0,0
0.64,0.78,-1.33,1.53,0.94,-0.55,0.56,1.85,2,0,0
0.56,-1.61,0.67,-2.43,1.6,-2.84,3.17,2.85,2,0,0
-0.14,-0.41,0.37,-0.66,-0.26,0.22,-0.98,-0.48,2,0,0
1.62,-0.12,-0.25,0.34,0.26,0.81,-0.43,-1.27,2,0,0
-0.39,0.34,-1.89,-1.02,-1.02,-1.02,1.21,2.26,2,0,0
-1.24,2.39,-2.35,-1.33,0.78,-0.91,2.46,-0.01,2,0,0
0.42,0.21,-0.87,-0.3,1.33,-0.49,1.12,0.91,2,0,0
1.3,1.51,-3.56,-3.93,3.77,-1.07,3.55,2.05,2,0,0
0.37,0.21,0.38,-2.43,-3.08,-0.4,3.34,-2.56,2,0,0
1.23,0.49,-1.38,-3.02,0.52,-1.93,3.4,2.62,2,0,0
0.31,-0.43,-0.51,1.88,-0.03,1.2,-1.95,-1.26,2,0,0
-2.83,1.44,-0.52,1.38,-0.45,0.92,-1.46,-1.08,2,0,0
-0.71,0.24,-1.11,-1.23,1.84,-1.89,2.51,2.45,2,0,0
3.0,0.68,1.24,0.79,1.29,0.42,0.35,-1.04,2,0,0
3.02,0.36,-0.17,0.14,0.17,-1.32,3.0,2.02,2,0,0
-2.88,2.09,0.72,-0.45,-1.85,-2.83,4.13,1.03,2,0,0
2.05,-1.65,0.29,-0.38,0.18,-0.34,1.47,-1.66,2,0,0
0.79,0.64,-2.88,-1.71,1.88,-1.01,3.03,0.58,2,0,0
-0.61,0.31,-1.18,-0.03,-0.64,0.02,0.17,-0.7,2,0,0
0.48,0.22,-0.44,1.92,0.19,1.85,-1.31,-2.83,2,0,0
-0.17,-0.15,0.09,-0.41,0.51,-3.35,4.01,3.01,2,0,0
-0.2,1.69,-0.36,-0.24,0.8,-2.64,4.59,2.11,2,0,0
5.32,-3.03,-0.24,-0.99,2.21,1.12,-0.8,-0.56,2,0,0
-2.5,-0.62,-1.43,-0.54,1.04,-1.9,2.16,1.96,2,0,0
0.69,0.32,0.65,0.05,-0.85,-0.68,0.64,0.05,2,0,0
-1.33,1.97,0.55,0.9,-2.68,-0.36,1.38,-0.8,2,0,0
1.01,0.44,-0.09,-2.72,2.55,-1.1,1.0,1.48,2,0,0
1.33,-2.52,1.88,0.56,-1.99,1.86,-3.59,-2.04,2,0,0
1.18,0.52,-0.35,1.33,0.34,-1.01,1.63,0.71,2,0,0
-0.68,-0.04,-1.12,-1.11,0.83,-0.1,-0.38,1.04,2,0,0
2.41,-3.44,-0.31,-1.23,3.58,2.65,-4.75,-0.34,2,0,0
-1.22,-0.15,-0.99,1.32,0.26,1.21,-1.74,-0.92,2,0,0
-0.65,2.85,-2.2,-1.85,1.16,-1.98,3.03,3.65,2,0,0
1.34,1.43,-1.11,-2.94,0.34,-1.88,3.48,3.47,2,0,0
0.6,-2.13,-2.47,0.61,2.77,1.21,-2.35,0.47,2,0,0
2.52,0.07,0.58,0.05,-0.17,-0.03,1.4,-1.37,2,0,0
0.45,0.62,-1.05,-0.07,-3.0,1.37,0.02,-1.95,2,0,0
-0.61,1.72,-0.53,-0.13,-0.14,-1.41,1.64,2.11,2,0,0
1.99,1.35,0.04,1.58,-0.19,-0.12,0.67,0.13,2,0,0
-0.01,-0.04,1.23,0.99,-3.29,1.35,-2.01,-1.77,2,0,0
1.19,-2.21,0.61,0.5,2.05,1.66,-3.01,-0.23,2,0,0
-2.43,1.28,0.75,0.84,-2.59,-1.67,2.46,-0.13,2,0,0
-1.69,0.99,-0.56,0.27,2.47,0.05,-0.57,1.41,2,0,0
-2.04,3.6,-0.06,-2.21,-0.71,-1.29,2.83,0.07,2,0,0
2.2,0.29,0.25,1.43,-0.59,2.01,-2.62,-1.38,2,0,0
-1.47,1.32,2.33,3.01,-1.5,-1.02,0.84,-0.34,2,0,0
-1.97,2.22,0.64,4.29,-0.69,0.36,-1.79,-0.38,2,0,0
-2.63,3.98,1.08,-0.34,0.75,-3.5,4.71,2.3,2,0,0
-0.31,1.6,-1.0,-0.51,1.57,0.27,0.43,0.21,2,0,0
1.38,0.51,-1.85,-0.31,0.55,1.63,-0.31,-0.64,2,0,0
2.98,-1.1,0.81,0.95,-1.97,1.09,-0.89,-2.07,2,0,0
0.53,-3.43,-1.71,0.48,-0.6,2.93,-4.31,-2.5,2,0,0
3.91,-0.52,1.87,-0.61,-1.51,0.34,0.64,-1.9,2,0,0
-0.09,0.98,2.62,-0.62,-0.6,-1.78,2.14,-0.23,2,0,0
-1.37,-0.39,-1.27,1.14,-2.41,1.39,-1.04,-3.31,2,0,0
0.07,1.58,-0.24,0.88,0.82,-1.54,2.34,1.91,2,0,0
-3.55,1.19,0.84,1.45,-0.44,-1.85,1.97,-0.17,2,0,0
1.91,0.99,0.53,0.48,1.35,-0.41,-0.13,1.38,2,0,0
-1.42,-0.99,-0.7,0.31,1.83,0.63,-0.94,-1.2,2,0,0
-2.42,1.4,-2.35,-0.85,1.11,-2.07,3.44,2.29,2,0,0
5.08,-4.28,-1.52,-2.71,3.23,2.23,-2.92,1.21,2,0,0
-0.31,-1.14,-2.03,-2.94,-0.44,0.86,-0.74,0.06,2,0,0
2.58,-1.67,-0.51,0.33,2.43,2.69,-4.78,0.76,2,0,0
0.82,-2.02,-2.93,-1.32,4.71,0.22,-0.94,2.57,2,0,0
4.52,1.25,0.68,-2.09,1.71,-1.24,2.75,2.17,2,0,0
1.84,-0.1,0.61,0.08,-2.54,-1.14,3.7,-1.62,2,1,1
1.55,2.49,-2.46,-2.17,0.85,0.51,1.57,-1.12,2,0,0
0.23,-0.74,-2.09,0.73,-0.1,0.18,-0.68,1.03,2,0,0
0.69,-0.95,0.06,-1.69,-0.69,-1.4,1.71,1.31,2,0,0
2.77,-3.35,-0.26,1.97,0.41,2.76,-3.41,-1.65,2,0,0
-2.53,1.59,-2.68,-2.58,0.77,-1.97,4.55,0.44,2,0,0
0.9,0.22,3.27,3.91,-0.54,-0.28,-1.12,-0.2,2,0,0
-0.7,1.0,0.43,1.12,0.35,-1.31,2.26,-0.57,2,0,0
-1.08,2.83,-0.62,-0.56,-0.83,-2.36,4.67,0.37,2,0,0
2.23,-0.24,-1.29,-1.84,1.75,-0.45,0.37,1.92,2,0,0
0.98,1.69,1.85,1.23,-1.59,0.18,0.87,-1.9,2,0,0
3.05,1.01,1.09,-0.78,-0.33,-0.92,1.97,0.75,2,0,0
0.02,1.61,2.42,0.42,-1.37,-1.46,2.21,-0.27,2,0,0
0.98,1.19,-0.22,-0.33,-1.86,-1.65,3.86,0.42,2,0,0
0.16,1.64,0.13,0.52,-1.39,-0.24,2.2,-1.17,2,0,0
4.87,-3.47,0.67,2.13,1.68,2.45,-5.01,-1.11,2,0,0
-0.33,-0.14,0.63,1.6,-0.82,2.64,-3.86,-2.57,2,0,0
-0.37,1.15,-0.11,0.59,0.09,-1.28,2.29,0.04,2,0,0
2.91,-1.52,-1.49,-2.42,2.14,2.03,-2.15,0.67,2,0,0
1.3,-0.15,-0.24,-0.34,1.67,0.66,-1.21,0.72,2,0,0
-1.74,1.76,2.77,4.86,-3.29,-0.74,1.2,-2.69,2,0,0
0.49,4.07,-1.57,-0.12,0.59,-2.14,4.39,2.15,2,0,0
-0.42,0.15,-0.79,0.65,-1.7,1.48,-2.0,-1.45,2,0,0
-2.49,2.27,0.1,-0.64,-2.54,-1.65,2.98,-0.38,2,0,0
4.4,-3.96,0.48,0.88,-1.15,2.29,-2.18,-3.67,2,0,0
5.23,-0.84,-3.83,-2.0,2.36,0.64,0.72,2.99,2,0,0
0.44,-0.1,2.59,2.08,-1.71,-0.59,0.47,-2.54,2,0,0
4.37,-2.18,2.33,0.56,2.47,-1.03,-0.69,2.72,2,0,0
1.82,-1.95,0.46,-1.92,-0.3,1.6,-1.79,-1.76,2,0,0
4.22,0.21,-0.09,0.07,3.09,-1.48,2.02,3.11,2,0,0
-1.63,0.48,-1.69,-0.16,0.85,0.03,0.18,0.25,2,0,0
-0.15,2.23,0.75,2.03,-0.72,-1.09,1.48,0.46,2,0,0
-0.37,-0.04,-1.4,-2.87,0.77,-0.8,1.98,0.55,2,0,0
-0.99,0.27,-1.82,-0.74,-1.27,-0.1,0.07,-0.23,3,0,0
-1.42,-0.29,3.78,4.02,0.33,0.37,-2.68,-1.26,3,0,0
1.46,-1.67,2.44,-0.83,0.29,0.97,0.3,-1.73,3,0,0
0.17,0.75,-0.1,-3.81,-0.36,-2.33,3.35,-1.43,3,0,0
-1.53,-0.72,-0.22,0.07,1.46,-1.9,-1.17,2.25,3,0,0
0.09,0.67,-2.7,-0.64,-0.6,-0.07,0.18,1.91,3,0,0
0.76,1.68,-2.82,-0.59,-1.21,-1.66,-1.08,2.32,3,0,0
1.89,-0.63,0.35,0.59,2.52,-0.09,-2.84,2.76,3,0,0
0.94,-0.49,-2.2,0.6,-0.16,0.98,-0.41,2.38,3,0,0
-1.5,1.94,-0.03,-1.49,-0.76,-0.77,2.17,-2.15,3,0,0
-0.76,0.18,1.08,2.19,1.15,0.72,-0.81,0.34,3,0,0
-0.54,2.58,1.08,0.06,0.04,-1.94,2.12,-0.7,3,0,0
1.88,-0.23,1.27,-3.49,-0.82,-2.48,1.34,-1.45,3,0,0
0.08,0.5,-0.66,-1.14,-2.73,-2.03,0.99,-0.33,3,0,0
0.88,-0.88,1.11,0.92,-0.28,-0.09,0.73,0.38,3,0,0
2.61,-4.26,-2.31,-2.84,-0.5,1.75,-0.55,1.47,3,1,1
1.34,-1.24,-0.14,3.67,-1.43,1.33,-1.69,2.37,3,0,0
-0.13,2.61,-0.14,1.44,0.8,0.87,-0.01,-0.13,3,0,0
-0.47,0.91,-3.29,-1.62,-1.8,-1.84,0.58,1.77,3,0,0
0.35,-1.53,2.32,1.09,1.61,3.2,-1.63,-1.6,3,0,0
0.25,-1.24,0.98,-2.74,-0.55,-2.83,1.7,-0.34,3,0,0
0.95,-1.21,-0.8,0.25,-2.61,2.36,2.34,-1.05,3,0,0
-1.38,-0.66,0.45,-0.07,-1.45,-0.12,-1.66,-1.55,3,0,0
-1.08,0.15,2.54,-2.06,0.3,-1.31,1.86,-3.3,3,0,0
0.52,-1.85,-0.34,1.74,2.82,0.89,-3.32,3.6,3,0,0
-0.33,0.0,2.48,0.82,3.33,0.65,-0.47,-0.21,3,0,0
-1.79,-1.35,-1.41,1.0,0.46,-1.23,-2.33,3.22,3,0,0
0.1,0.11,3.7,1.41,2.66,-0.8,-3.22,-0.55,3,0,0
-1.06,1.96,0.05,-0.3,-0.82,0.6,2.85,-2.36,3,0,0
-1.08,0.2,-1.3,1.03,0.98,-0.19,-1.7,2.2,3,0,0
-0.61,0.39,0.15,0.09,0.01,0.51,0.36,-0.82,3,0,0
-0.69,-0.53,1.43,-1.6,0.4,-2.96,-0.6,-0.28,3,0,0
-0.82,-0.86,0.86,-3.34,1.69,-4.94,-0.51,1.13,3,0,0
-0.81,-0.33,-0.97,0.8,-2.27,2.92,0.98,-1.92,3,0,0
0.94,0.78,-0.78,-1.93,0.08,-2.37,-0.95,1.05,3,0,0
0.65,0.85,-4.26,0.08,-1.85,-0.69,-0.2,3.33,3,0,0
2.54,-0.4,-2.36,2.74,0.9,2.17,-3.6,4.87,3,0,0
0.0,-0.25,-2.63,1.38,1.68,2.5,-2.3,3.18,3,0,0
0.25,-1.75,0.81,0.12,0.52,-0.53,0.07,1.42,3,0,0
0.33,-0.03,-0.58,-0.04,-0.2,-0.36,-0.42,0.86,3,0,0
1.12,4.22,4.31,0.06,2.51,-3.04,-0.14,-1.57,3,0,0
-0.36,0.19,0.05,1.32,-0.78,-0.14,-0.07,0.41,3,0,0
-2.06,-0.22,-1.78,-1.41,-2.4,-0.95,1.65,-0.9,3,0,0
-2.25,2.21,1.78,4.18,-0.59,0.31,-1.9,-1.41,3,0,0
-0.46,1.32,0.88,2.01,0.43,0.71,0.98,-0.4,3,0,0
0.99,0.85,1.15,1.33,2.16,1.6,0.26,0.22,3,1,1
-0.76,0.86,2.72,-3.58,0.42,-0.27,4.69,-5.85,3,0,0
-0.81,-0.89,2.1,-1.9,2.65,-0.58,0.17,-1.49,3,0,0
1.5,-1.45,-0.59,-3.92,0.45,-0.84,2.13,-0.0,3,0,0
2.95,0.48,-5.57,-0.27,-0.25,-1.33,-4.8,7.09,3,0,0
-0.14,1.62,4.47,2.85,-2.55,-1.26,-1.39,-3.37,3,0,0
-0.78,-0.34,-0.01,3.95,3.55,4.01,-3.46,1.65,3,0,0
-1.99,2.5,2.17,1.16,-3.99,-0.33,4.33,-5.0,3,0,0
-0.95,1.63,2.57,5.71,-0.9,-2.31,-4.62,1.46,3,0,0
0.35,-1.86,2.06,-3.23,2.39,-1.97,1.11,-0.73,3,0,0
-0.08,1.25,4.04,1.54,0.2,-1.86,-1.21,-1.91,3,0,0
-2.02,1.6,1.22,1.33,-2.69,-3.03,0.31,-1.63,3,0,0
-0.35,1.15,-0.39,0.43,-0.58,-3.75,-3.99,2.46,3,0,0
-0.71,-1.87,-2.91,0.85,-1.74,2.22,-0.8,1.42,3,0,0
-1.35,-1.72,1.01,1.56,-0.18,1.46,0.04,-0.73,3,0,0
1.84,1.03,0.9,1.42,2.21,2.54,-0.98,-0.16,3,0,0
0.23,-0.29,0.98,-0.93,2.26,-2.02,1.74,1.47,3,0,0
-0.61,-0.28,0.14,-4.15,0.77,-2.4,2.32,-1.24,3,0,0
-0.93,-1.15,1.55,1.18,4.5,2.59,-0.45,0.19,3,0,0
-0.78,-1.92,-1.14,-0.27,-1.64,1.97,1.08,-1.03,3,0,0
0.76,-0.23,2.31,-1.94,1.61,-1.74,-0.14,-0.8,3,0,0
2.05,-0.22,-1.76,-3.21,-3.18,-3.28,0.06,1.56,3,0,0
1.75,0.09,-2.1,-3.64,-2.15,-2.91,2.27,1.0,3,0,0
0.66,-1.49,-0.63,-0.12,-1.62,1.34,0.71,-0.38,3,0,0
-0.3,1.74,1.1,2.01,3.71,1.27,-1.66,0.59,3,0,0
-2.53,-0.83,0.75,0.9,-0.64,0.34,1.33,-1.53,3,0,0
-0.56,1.61,-1.57,0.18,-1.88,0.6,2.26,-0.74,3,0,0
0.86,-2.68,-1.15,-2.96,1.51,-1.46,-2.85,1.93,3,0,0
-1.5,-3.31,0.98,-0.88,2.15,-0.36,-0.9,1.11,3,0,0
0.9,-0.81,-0.37,-0.72,1.75,0.93,0.23,1.1,3,0,0
1.1,0.87,-1.2,0.63,0.4,-0.65,-2.16,2.48,3,0,0
-1.45,0.81,-3.01,1.12,-0.8,0.28,0.38,1.86,3,1,1
-0.85,2.54,0.32,-2.59,3.73,0.5,3.24,-1.77,3,0,0
-1.38,0.2,0.19,1.47,3.89,2.43,-0.87,0.46,3,0,0
-3.87,-1.58,1.76,1.83,-1.58,-0.17,0.08,-2.22,3,0,0
1.24,1.5,-0.9,-2.45,1.83,0.36,0.36,0.09,3,0,0
1.91,1.56,-0.34,0.21,0.05,1.42,1.28,-0.01,3,0,0
1.74,-2.82,1.31,-4.83,2.37,-3.69,-0.53,1.52,3,0,0
-0.47,-0.42,-0.08,-0.36,-0.57,1.81,-0.44,-1.75,3,0,0
0.49,-0.17,0.86,-0.34,1.37,-0.52,-1.03,0.45,3,0,0
-1.57,-1.92,1.31,1.57,1.19,3.25,0.59,-1.79,3,0,0
0.45,2.06,-1.75,1.49,-1.04,1.34,0.98,0.57,3,0,0
-0.57,-2.79,1.06,0.46,-0.74,3.18,2.1,-2.25,3,0,0
-1.05,-3.32,-2.34,-0.0,-2.27,2.85,1.77,0.07,3,0,0
-0.01,1.18,0.1,0.81,2.79,1.27,-0.38,0.41,3,0,0
-0.48,-3.52,2.72,-5.16,-0.04,-2.09,2.25,-3.56,3,1,1
0.82,-0.47,-0.78,-0.41,1.05,0.76,0.15,0.86,3,0,0
-1.53,1.39,-2.14,0.62,-2.0,0.3,1.46,0.0,3,0,0
-0.52,1.35,1.51,0.89,-1.9,-2.26,0.54,-1.12,3,0,0
-1.04,-1.29,-3.35,-2.19,-1.31,0.32,0.63,0.61,3,0,0
1.5,-0.65,-0.39,-0.28,0.61,-0.38,-0.77,2.07,3,0,0
1.6,-0.32,-2.22,-0.08,-0.89,0.94,0.43,1.88,3,0,0
-0.96,0.56,0.38,0.16,-2.75,-1.79,0.94,-1.11,3,0,0
3.75,-1.4,-0.22,-1.92,1.55,0.95,-0.65,1.39,3,0,0
-0.84,-0.6,1.54,0.42,-0.34,-1.28,-0.34,-0.42,3,0,0
1.05,-1.96,1.22,0.26,2.9,2.84,-1.67,0.16,3,0,0
-0.08,-0.25,-0.34,-0.15,1.01,0.82,-1.65,0.31,3,0,0
-1.32,-1.77,2.67,-0.9,-0.17,0.1,1.4,-3.29,3,0,0
-1.54,0.53,-1.1,0.46,-2.33,-2.18,0.41,0.87,3,0,0
2.34,-0.87,-3.11,-0.76,-0.96,0.5,0.23,3.18,3,0,0
1.54,-0.56,-2.85,0.32,-3.15,-1.85,-1.84,3.14,3,0,0
3.06,0.61,-2.68,-1.43,2.53,1.25,-1.72,3.22,3,0,0
-1.15,1.75,0.91,1.14,-1.12,-0.21,1.42,-1.79,3,0,0
0.61,-2.31,-0.08,-1.7,0.2,-1.54,-0.48,1.22,3,0,0
1.13,-1.2,-0.2,-1.74,2.63,0.18,-2.18,1.25,3,0,0
-1.19,0.43,2.45,5.86,-0.11,5.06,-1.04,-2.93,3,0,0
0.66,-0.77,-2.37,0.95,-0.81,1.13,-0.31,2.33,3,0,0
0.91,-0.04,-1.51,0.74,-1.01,0.3,-1.26,1.83,3,0,0
-1.26,0.24,-0.68,1.27,-1.4,2.02,1.94,-1.49,3,0,0
1.58,1.04,-0.67,0.8,0.59,0.87,-3.08,1.32,3,0,0
0.27,0.49,5.36,3.74,0.27,0.81,-0.51,-2.84,3,0,0
-0.86,-1.59,-1.13,0.06,-1.52,-0.23,-1.46,0.51,3,0,0
-0.66,-2.81,-2.49,-1.82,-2.53,-2.07,1.21,2.08,3,0,0
0.37,-0.41,-1.66,-2.83,-1.01,-0.03,3.11,-0.36,3,0,0
1.81,0.88,-2.56,0.8,-0.49,0.32,-2.74,3.33,3,0,0
0.42,-1.3,1.32,-2.44,-0.67,-1.0,2.65,-1.77,3,0,0
-2.15,2.32,0.68,4.51,0.97,0.25,-0.4,0.67,3,0,0
0.45,-1.29,-3.41,2.18,-0.06,1.95,-1.8,4.23,3,0,0
0.87,0.67,-2.19,-0.3,-0.87,-1.08,0.26,2.15,3,0,0
0.11,-1.06,0.2,-0.85,0.22,0.63,0.31,-0.5,3,0,0
1.01,-2.63,-2.72,-2.06,-0.37,1.08,2.34,1.73,3,0,0
-2.22,0.35,-2.14,1.07,-3.65,2.26,3.27,-1.79,3,0,0
0.65,-0.31,0.85,0.05,0.26,0.28,0.57,-0.09,3,0,0
0.89,2.38,0.25,0.9,1.72,0.02,-1.19,0.8,3,0,0
-1.37,-1.18,-0.86,-2.23,-1.0,0.22,2.0,-1.81,3,0,0
-0.02,-0.9,1.85,-0.04,1.07,-1.19,0.29,0.52,3,0,0
-1.76,-1.41,-2.0,0.54,-3.99,-0.93,2.4,0.17,3,0,0
0.71,-0.78,-0.07,1.66,-2.69,0.08,-1.69,0.73,3,0,0
-0.05,-0.0,1.19,-0.15,-0.66,-0.04,-0.09,-1.54,3,0,0
-0.69,-0.25,1.39,1.03,3.37,0.84,-0.64,0.35,3,0,0
-1.01,2.17,0.4,-1.23,-1.3,-3.18,-0.38,-1.18,3,0,0
0.47,0.66,0.32,1.95,0.2,0.1,-1.93,1.1,3,0,0
-0.12,0.94,-1.1,-0.19,-2.01,-1.52,0.63,0.5,3,0,0
-0.1,-0.45,0.97,1.12,-1.5,0.43,0.61,-1.1,3,0,0
-3.16,-0.5,0.44,-0.81,-1.67,-0.85,3.07,-2.74,3,0,0
0.41,-0.92,3.24,-2.12,1.17,-2.63,0.62,-1.43,3,0,0
2.19,0.5,0.38,-0.34,1.44,-0.93,-0.69,1.88,3,0,0
-0.23,-1.79,-1.05,2.54,-0.51,1.39,-2.75,2.49,3,0,0
-0.57,-2.75,0.51,0.56,1.49,1.72,-2.55,0.51,3,0,0
-2.19,0.76,1.39,2.62,-1.43,-1.3,-1.79,-0.91,3,0,0
-1.48,-0.79,2.14,-2.07,-1.12,-3.98,2.03,-1.36,3,0,0
0.84,2.63,-0.97,-0.23,1.04,0.14,3.04,0.62,3,0,0
-2.61,0.19,-0.37,-2.02,0.98,0.77,4.6,-2.45,3,0,0
-0.71,-0.17,0.27,2.36,1.06,2.08,0.18,0.38,3,0,0
0.38,-0.1,0.34,0.68,-0.54,0.76,0.88,-0.14,3,0,0
1.71,2.61,-1.67,-3.31,-2.89,-1.85,3.44,-1.45,3,0,0
2.01,0.8,-3.86,-0.49,0.06,0.56,-0.77,3.52,3,0,0
1.55,0.19,1.12,0.36,0.89,1.91,-0.5,-0.91,3,0,0
