@relation SyntheticData-N_600-D_16-Nmin_140-Zmin_32-CL_2_3-R_0
@attribute X0 real [-8.14, 6.94]
@attribute X1 real [-7.29, 6.69]
@attribute X2 real [-7.78, 7.01]
@attribute X3 real [-8.61, 7.15]
@attribute X4 real [-7.99, 6.47]
@attribute X5 real [-7.50, 9.14]
@attribute X6 real [-9.08, 6.84]
@attribute X7 real [-6.71, 6.82]
@attribute X8 real [-7.30, 8.40]
@attribute X9 real [-7.47, 6.37]
@attribute X10 real [-7.45, 7.61]
@attribute X11 real [-6.07, 6.29]
@attribute X12 real [-6.20, 7.46]
@attribute X13 real [-7.01, 6.99]
@attribute X14 real [-7.77, 10.21]
@attribute X15 real [-8.24, 8.26]
@attribute cluster_idx {0,1,2,3,4}
@attribute is_noise {0,1}
@attribute Class {0,1}
@inputs X0,X1,X2,X3,X4,X5,X6,X7,X8,X9,X10,X11,X12,X13,X14,X15,cluster_idx,is_noise
@output Class
@data
-2.33,-1.74,-0.24,1.59,-3.3,-5.37,0.59,1.02,-2.92,0.1,-0.52,-2.98,0.09,3.36,2.21,-1.12,0,0,1
0.96,0.67,-2.55,-1.34,-1.9,-1.92,3.66,5.11,2.82,0.22,1.53,-0.1,-0.21,0.73,-0.5,1.86,0,0,1
-1.66,-1.59,1.44,1.68,-3.13,1.96,0.01,2.51,-1.25,-1.77,0.79,-0.89,2.46,0.86,-1.2,0.1,0,1,0
0.9,0.18,-1.92,-0.58,0.11,-1.42,2.34,-1.07,-2.35,-1.03,-2.22,1.88,0.8,3.55,4.42,-2.78,0,0,1
3.42,1.2,-0.81,3.08,1.69,1.92,3.78,0.34,-2.9,3.57,-1.71,3.95,-4.76,2.9,-0.82,1.15,0,0,1
-1.39,-3.18,1.15,4.06,-3.82,-1.08,1.14,4.55,1.05,0.21,-0.1,-3.41,-0.47,0.64,-1.63,-0.64,0,0,1
0.31,-3.29,1.24,1.86,-0.47,2.15,-1.12,-1.4,3.01,0.75,-1.89,0.22,2.71,-2.34,0.16,-0.03,0,0,1
-3.69,-1.74,0.6,1.13,-2.57,-4.91,-2.63,0.46,-0.21,1.83,-0.94,-2.57,0.72,-0.96,-3.17,1.52,0,0,1
0.67,0.09,-0.76,2.8,1.68,-0.73,3.43,1.23,0.72,3.8,-1.36,0.78,-1.24,1.05,0.07,1.61,0,0,1
-0.37,0.84,0.59,2.36,0.64,2.79,3.13,1.85,2.01,1.3,0.01,-1.06,0.26,0.38,2.48,1.62,0,0,1
2.77,2.54,-3.06,1.05,2.43,-1.19,0.72,-1.89,-2.81,1.27,-1.56,2.64,-4.67,1.21,-2.45,1.17,0,1,0
0.22,0.94,1.64,4.0,-1.05,0.62,3.28,0.9,-3.44,-2.15,-0.13,0.28,-3.2,3.11,2.01,0.15,0,0,1
0.23,-2.33,-3.36,-0.66,2.07,-0.22,-2.8,0.01,3.63,2.66,0.53,-0.77,0.22,-2.77,-5.83,-0.13,0,0,1
0.84,-0.36,-2.52,-0.49,0.28,1.19,-0.28,-0.56,1.31,0.67,0.91,1.02,-1.02,-0.44,0.71,0.23,0,0,1
-0.14,-0.14,4.54,3.79,0.71,5.36,3.29,-0.14,-0.51,-0.37,-0.18,1.71,-0.48,0.91,4.35,1.1,0,0,1
1.18,-0.1,0.02,-1.26,-1.19,0.34,1.65,2.39,0.78,-2.0,-0.03,1.64,-1.55,0.43,-1.8,-1.74,0,0,1
1.72,5.61,-3.29,-1.74,0.65,-2.29,4.78,2.99,-2.87,-1.48,2.46,0.42,-5.91,4.24,1.6,0.44,0,0,1
-2.1,-0.8,0.58,5.99,-1.23,0.27,0.87,2.11,-1.45,-2.49,-0.49,-2.01,-1.17,1.57,-1.04,-0.16,0,0,1
0.76,0.01,-3.44,3.26,-0.12,-0.44,-1.83,-1.97,0.35,1.53,-1.77,2.52,-2.69,-2.08,-3.09,2.51,0,0,1
0.27,-5.6,0.11,0.09,0.89,2.19,-4.7,-4.7,3.29,3.37,1.68,0.72,3.0,-3.74,-0.9,2.15,0,1,0
-2.51,-3.24,0.66,3.78,-1.37,-1.14,0.02,3.79,4.69,2.55,-2.22,-2.4,3.55,-2.62,-5.34,0.09,0,0,1
-1.82,1.46,-2.15,-2.66,3.31,0.01,-2.17,-1.05,1.39,0.98,3.53,-2.06,2.06,-1.12,-0.93,1.21,0,0,1
-3.44,-0.61,0.62,-0.91,-1.44,-1.54,-0.65,0.29,1.91,2.73,-1.52,-1.67,1.04,-0.69,0.69,1.01,0,0,1
-4.32,-1.81,-5.04,0.9,-0.48,-3.16,-1.11,2.34,4.28,4.15,0.3,-2.98,-0.39,-0.42,-1.65,-0.92,0,0,1
0.02,-1.76,-0.8,-0.72,-2.5,-3.56,-2.12,-0.91,-4.7,-2.17,0.4,1.98,-2.15,1.69,-2.53,-1.83,0,0,1
1.13,-2.1,1.42,2.25,-1.3,-0.49,-1.12,1.31,3.4,2.03,-1.23,-1.68,0.94,-2.72,-3.68,1.64,0,0,1
-3.9,1.38,-0.2,-2.68,6.03,1.06,-1.41,-3.0,5.46,5.98,-0.74,-1.6,3.34,-3.08,-0.44,1.77,0,0,1
-0.88,-1.0,-0.39,1.15,-3.48,-2.69,1.33,1.21,-1.56,-2.36,0.02,-0.45,-0.43,2.12,1.88,-0.65,0,0,1
0.77,1.69,2.97,-1.28,5.91,5.53,-1.15,-1.44,6.06,4.61,-4.13,-0.68,6.05,-5.67,-3.89,2.39,0,0,1
-0.08,-1.87,0.47,-1.0,-2.46,0.28,-1.97,-0.08,-1.15,2.61,0.23,1.22,-1.6,-0.12,-1.36,1.47,0,0,1
-0.21,1.49,-1.45,-5.48,-0.02,-1.2,1.32,0.42,0.3,-3.88,3.5,-1.37,1.78,1.85,4.24,-2.93,0,0,1
-1.7,1.6,-1.98,-3.91,2.98,1.01,-0.5,-1.51,0.8,0.61,2.57,0.22,-0.2,0.08,1.43,-0.66,0,0,1
-1.04,2.31,1.11,0.07,-0.79,-3.78,0.35,-0.09,-3.07,0.33,-2.63,0.34,-3.74,1.27,-2.59,-0.08,0,0,1
0.9,-0.58,-0.2,-0.88,1.04,0.82,-0.59,-0.3,2.36,-0.0,1.48,3.02,-2.29,-3.1,-4.52,4.16,0,0,1
-1.89,-4.24,4.74,-1.64,-2.45,2.63,-1.93,-0.62,-0.48,0.38,3.81,-1.08,2.57,-0.13,2.88,-1.21,0,0,1
0.18,1.32,1.89,-0.52,2.26,-0.93,2.19,-0.78,2.75,5.3,-5.57,-1.43,-1.05,-0.32,1.77,0.2,0,0,1
3.74,3.18,-4.25,-3.24,4.15,1.32,-0.32,-2.02,-4.7,0.76,4.05,3.96,-4.52,2.44,-1.8,-0.75,0,0,1
-0.63,0.71,-3.24,2.2,2.75,1.75,1.29,0.88,1.23,1.83,1.53,0.36,0.52,0.18,-1.12,2.04,0,1,0
2.15,0.38,1.2,-4.04,2.75,1.5,-1.28,-2.57,1.34,5.33,-1.0,0.57,1.73,-1.4,-0.27,4.31,0,0,1
1.7,2.74,0.61,0.02,5.32,4.65,0.96,-4.32,0.33,2.52,-2.65,2.91,-3.06,-0.62,1.27,1.88,0,0,1
-0.85,-0.34,-0.16,0.27,-0.08,-1.39,-1.64,-2.15,-2.92,0.06,0.41,-1.37,0.61,1.63,2.22,-0.71,0,0,1
-1.2,1.1,-0.58,-2.29,2.47,-1.92,-2.11,-1.65,4.42,1.77,1.01,-4.34,0.13,-3.07,0.56,1.59,0,0,1
1.12,0.23,1.75,0.99,-4.88,0.7,0.35,3.56,-4.91,-5.11,0.79,-0.83,0.48,2.12,-0.89,0.11,0,0,1
-1.08,-2.14,1.06,1.81,-2.15,1.05,-1.3,1.57,0.41,-1.85,4.39,-2.28,2.48,-0.57,0.83,0.82,0,0,1
-1.3,-1.78,-2.3,3.15,1.83,2.68,-2.15,-2.04,3.14,2.36,-0.39,0.66,0.57,-3.4,-1.64,0.35,0,0,1
-5.09,-0.17,-0.16,-1.44,0.19,-2.91,-0.7,-1.21,1.17,-2.57,-0.02,-5.53,3.04,0.91,4.88,-5.81,0,0,1
2.15,3.44,-4.72,-1.36,3.32,-0.69,3.36,-1.89,-1.92,-1.59,-2.53,2.82,-3.38,3.62,2.74,-2.0,0,0,1
1.37,-1.87,-1.14,-0.05,-2.79,-1.88,1.67,-0.98,-1.61,-4.65,-0.49,1.81,-1.08,2.16,4.5,-3.35,0,0,1
-2.36,-0.49,-0.36,5.76,1.11,0.89,-1.68,0.31,0.94,3.28,-1.29,-3.85,-0.6,-1.29,-2.58,0.47,0,0,1
2.26,-3.12,0.57,0.72,-0.42,1.24,-1.98,-0.75,0.32,-1.68,0.96,1.6,0.68,-1.7,-2.88,0.95,0,0,1
0.17,-1.85,-4.92,-2.57,4.73,-1.37,-3.06,-2.49,1.94,3.51,4.19,1.13,-1.41,-0.87,-3.53,0.89,0,0,1
-0.75,-1.98,0.03,-0.4,0.29,4.05,0.34,-0.83,1.64,-3.79,0.45,1.71,1.44,-0.77,1.03,-2.86,0,0,1
-1.66,1.55,2.72,-0.68,1.12,5.4,1.81,0.49,2.61,0.74,-1.2,0.5,3.08,-1.12,0.91,1.5,0,0,1
-2.48,-2.54,-3.02,-0.06,-2.46,-1.79,-1.09,-0.02,-4.83,-5.64,5.51,1.54,-0.72,4.0,2.37,-3.14,0,0,1
1.08,0.53,1.11,0.77,0.06,4.47,3.18,0.59,-2.09,0.36,0.11,2.1,-0.41,3.12,3.53,-1.34,0,0,1
0.42,-0.94,1.21,-5.72,2.85,-2.1,-3.64,-4.1,0.97,-1.1,0.86,-1.54,2.18,-2.88,-1.31,-1.23,0,0,1
3.52,-3.15,0.45,-0.7,1.36,1.44,1.4,1.68,3.81,2.78,1.14,0.03,1.77,-1.25,-1.86,-0.93,0,0,1
3.39,4.27,2.38,-4.59,0.93,4.27,1.49,-0.54,-3.12,-1.72,0.09,4.31,-3.16,0.51,-0.29,1.76,0,0,1
-1.36,1.58,0.45,5.92,1.23,2.81,3.74,1.98,3.49,4.11,-4.66,0.72,-0.8,-0.69,-0.82,2.91,0,0,1
0.52,0.29,-4.91,-1.41,2.58,-0.78,-2.31,0.21,4.51,0.62,2.92,-0.96,1.62,-3.15,-5.12,1.01,0,0,1
0.38,-0.67,-0.08,0.65,1.9,-1.38,0.74,-1.95,2.75,0.6,-1.59,-0.19,0.59,-1.64,-0.06,1.12,0,0,1
2.74,-2.01,-3.81,-2.89,1.53,-0.56,-0.99,-3.26,0.49,-1.36,3.95,4.1,-1.55,-0.78,-0.14,0.93,0,0,1
-2.17,-2.97,-3.42,-6.47,0.36,-1.51,-3.11,-2.43,-0.49,-1.72,5.23,2.88,-1.43,-0.05,-1.72,-1.71,0,0,1
-1.49,-2.55,0.14,-2.12,-1.48,-4.84,0.38,0.07,-1.26,-0.58,1.39,-3.3,1.61,2.76,4.13,-3.43,0,0,1
-2.36,4.73,-0.36,-0.51,-0.67,1.02,2.61,0.5,-5.39,-4.3,2.9,0.88,-1.69,3.85,3.3,0.61,0,0,1
1.05,2.14,-1.28,-1.64,-1.55,-1.2,0.88,1.61,0.43,-3.46,-0.4,-0.53,-0.95,0.37,0.51,-2.84,0,0,1
2.97,0.37,1.08,-1.72,1.51,0.18,1.54,0.86,0.63,3.61,1.73,-0.74,-2.0,0.26,-2.16,4.38,0,0,1
-0.39,2.83,0.94,-5.59,2.79,-0.59,2.28,-2.67,-0.66,1.87,-1.16,1.7,-2.63,1.54,4.89,0.84,0,0,1
0.8,2.16,-3.67,0.11,3.77,-1.46,0.08,-1.43,-0.31,3.22,-1.08,-1.31,0.37,1.09,0.03,0.67,0,0,1
-3.2,2.76,-1.47,0.51,-0.15,-4.0,1.98,2.19,-1.41,-0.03,-3.81,-2.29,0.98,2.59,-0.88,-2.92,0,0,1
0.02,-0.02,2.09,4.15,-3.12,-1.46,-0.47,1.06,-1.55,3.65,-5.9,-0.89,-2.79,-3.9,-0.53,1.49,1,0,1
0.21,2.08,-0.18,2.51,-1.49,1.88,1.02,1.7,1.07,-1.33,-0.48,2.24,2.28,-2.71,-2.87,1.57,1,0,1
-2.54,-2.01,-4.64,-2.07,2.93,2.6,2.22,1.59,6.16,0.91,2.95,0.36,1.21,0.97,5.58,6.1,1,0,1
-0.02,1.79,4.3,-0.75,1.03,-0.93,-1.36,2.16,-1.21,1.85,-2.65,-0.87,2.25,-1.37,-0.88,0.8,1,0,1
0.3,-0.6,-4.37,0.76,-0.78,-1.35,1.3,1.25,5.46,2.68,4.83,-1.47,1.3,1.31,2.1,3.85,1,0,1
-1.54,-1.42,1.45,-4.71,2.89,-2.28,-1.77,3.38,2.96,0.7,4.35,-1.22,2.83,-1.71,2.73,2.24,1,0,1
0.59,1.71,0.82,-2.47,1.19,3.43,-1.68,-0.55,-1.0,-1.54,-0.87,-0.43,-3.47,-1.93,2.25,-1.57,1,0,1
-0.41,0.83,-2.46,0.17,-1.36,2.95,4.81,2.14,-1.02,1.6,2.54,2.28,-4.57,-2.76,-0.6,2.87,1,0,1
-1.88,0.3,2.37,-5.04,5.12,0.84,-0.65,-0.22,0.74,0.61,1.2,0.96,1.76,1.14,0.75,-0.17,1,0,1
-1.09,6.51,0.52,-1.13,1.17,0.13,-0.73,0.6,-4.16,-1.38,-2.29,-0.53,0.19,1.71,1.95,4.53,1,0,1
0.48,3.84,-0.22,-0.49,-0.2,-2.08,-2.28,-1.53,-5.12,-5.93,-3.11,-0.45,-2.91,0.52,0.87,-2.69,1,0,1
0.69,-0.79,0.6,-1.83,1.77,3.85,-2.31,1.18,-0.26,0.82,-0.91,2.8,1.27,2.18,-3.98,0.39,1,1,0
-4.22,0.42,1.18,-0.81,-0.52,-4.48,-0.49,2.8,-0.34,-3.46,-1.25,1.95,0.76,-3.2,2.53,0.75,1,0,1
-0.67,-3.33,-2.3,1.38,0.41,-1.56,-3.26,1.84,3.29,4.22,0.12,-0.09,2.73,4.82,-0.92,-0.38,1,0,1
3.21,1.62,1.44,2.6,-4.51,0.69,0.27,0.15,0.15,0.71,1.07,3.11,-2.51,0.43,-2.62,0.82,1,0,1
-0.29,-5.27,0.72,-6.09,4.51,-0.24,1.25,-0.21,-0.01,1.12,6.86,0.49,0.63,-1.44,-1.35,1.55,1,0,1
-2.3,-1.29,0.07,-0.55,-1.17,1.18,1.68,-1.92,0.25,-0.18,1.04,1.05,-6.04,-5.72,-1.35,-1.71,1,1,0
0.1,1.4,1.45,-0.99,-0.03,-1.88,0.61,0.51,2.09,-1.61,0.91,-0.11,-2.4,-2.07,3.59,1.67,1,0,1
0.95,-0.76,-0.43,-2.29,2.6,6.01,-0.78,-2.74,-4.34,-1.55,-1.11,0.09,0.39,1.3,-0.54,-4.32,1,0,1
-0.31,-4.77,-2.43,3.96,-1.8,-0.84,1.07,-0.94,0.44,-0.61,-3.1,-2.7,0.33,-2.28,1.23,0.2,1,0,1
3.64,-2.76,-1.33,-0.52,-0.94,-0.24,-2.5,1.78,-1.58,-4.09,2.15,0.12,3.06,2.86,-0.72,-0.39,1,0,1
-0.77,-0.6,-2.29,-0.12,-1.32,-4.41,-2.22,-0.26,3.27,-2.13,1.62,-1.33,0.28,3.12,3.06,1.6,1,0,1
-0.18,-1.76,-2.59,-0.47,0.53,-0.48,-1.77,-1.11,-3.31,-2.62,-2.2,-2.29,-1.96,0.81,1.81,-1.82,1,0,1
-2.01,1.86,-6.27,2.44,-1.94,-0.25,1.22,1.5,3.42,-2.51,-1.32,-1.35,-0.4,-1.77,4.53,4.81,1,0,1
3.09,3.12,0.96,0.95,-2.11,-1.13,-2.18,-2.54,2.79,1.36,-1.35,-1.57,-2.2,2.05,-0.99,-1.74,1,1,0
2.45,-1.43,0.21,-0.99,0.87,2.3,0.26,2.41,-1.64,-3.02,1.5,3.19,2.64,4.52,-0.34,-0.36,1,0,1
3.31,-0.54,-0.35,3.14,-2.63,-0.77,0.63,0.59,-2.01,0.77,-0.21,-1.75,0.66,0.83,-1.99,0.04,1,0,1
2.13,0.39,3.85,-6.71,3.28,-2.24,-4.61,-2.49,-0.73,-2.84,5.08,-0.24,0.36,3.07,-1.89,-4.15,1,0,1
-0.52,-2.29,-3.06,-1.19,1.36,0.09,-1.11,-3.67,1.94,-0.44,0.84,-2.01,1.14,-0.32,1.15,-1.38,1,0,1
2.07,-3.63,-0.49,-2.81,2.48,-0.67,-3.88,-2.53,-2.16,-6.74,-0.53,-2.48,4.12,2.53,1.61,-0.96,1,0,1
0.98,-4.93,-0.06,0.9,-1.01,1.17,3.08,1.54,-1.77,0.13,0.81,-0.09,-1.08,-5.37,-0.72,0.38,1,0,1
-1.32,-0.3,1.66,-0.77,1.3,-0.95,-0.7,-0.45,2.15,2.85,-2.26,-1.56,-0.33,-1.35,3.58,1.83,1,0,1
-0.54,-4.14,-0.8,0.95,-0.54,-0.19,1.74,1.29,-0.42,-1.68,2.38,0.96,1.37,-2.1,-1.0,0.52,1,0,1
2.47,2.95,4.35,-3.56,1.18,0.7,-1.32,0.87,-3.68,-1.16,1.65,2.07,-0.65,0.76,-2.19,0.04,1,0,1
-1.09,-3.44,-3.66,0.34,1.72,0.41,-1.59,-1.43,2.53,1.97,0.67,-2.7,3.85,2.07,2.1,0.73,1,0,1
0.06,-0.46,-2.0,2.54,-1.61,0.71,4.25,1.44,6.86,-0.06,2.38,0.09,1.26,-7.01,-0.42,4.0,1,0,1
-1.9,-0.25,-3.6,1.07,1.7,6.18,1.04,1.61,-1.54,2.4,-2.7,0.27,-0.18,0.08,2.86,1.69,1,0,1
0.5,-3.72,-2.51,-1.69,3.16,1.61,-2.65,-4.0,0.17,-5.76,-1.08,-2.5,4.74,0.18,2.67,-2.34,1,0,1
1.23,-0.43,0.81,-2.42,1.41,-0.72,-1.54,-0.18,-2.11,-1.21,1.52,-0.56,-3.34,0.98,2.45,-2.31,1,0,1
2.49,-0.9,-1.53,1.69,0.16,4.66,-1.07,0.56,-1.6,1.03,-1.41,0.58,1.05,4.05,-1.81,0.65,1,0,1
-1.53,-1.52,-3.89,0.85,-0.02,1.66,0.83,0.66,1.18,0.85,0.22,0.27,2.39,0.14,-1.42,1.53,1,0,1
-0.19,0.79,0.98,4.79,-3.43,0.03,1.88,0.11,-0.94,1.57,-4.37,-0.1,-1.7,-3.76,-3.38,-0.46,1,0,1
0.12,-1.65,1.72,-5.61,4.18,1.1,-3.19,2.12,3.99,0.88,5.0,0.5,4.47,3.33,1.73,2.07,1,0,1
2.67,-3.33,-0.93,-1.79,1.98,0.83,-2.12,-1.06,0.9,3.97,1.02,-1.81,2.38,0.57,-3.1,-0.77,1,0,1
3.78,1.84,0.87,-0.33,-0.64,1.61,-0.4,-2.7,-1.07,-2.35,1.66,0.09,-0.36,-1.73,-3.91,-2.32,1,0,1
-1.19,-3.08,-3.65,1.49,-1.98,-3.02,2.14,0.04,-1.66,-3.95,0.27,-2.1,-3.41,-2.36,4.96,1.43,1,0,1
-1.45,-1.56,-1.44,-1.3,2.4,-0.86,-3.76,-3.72,1.41,1.49,-1.87,-4.92,0.62,-1.35,3.36,-1.24,1,0,1
2.31,-0.24,1.52,-4.59,4.26,-1.7,-3.4,-1.22,-1.14,-7.47,0.4,-1.56,4.9,2.14,-0.3,-2.21,1,0,1
-1.31,-5.95,-3.35,-2.64,3.69,0.72,-1.32,0.91,0.25,1.83,1.59,-3.83,4.14,0.04,2.6,0.43,1,0,1
3.83,-3.31,-0.12,-2.57,1.04,4.0,0.79,0.87,-1.43,-2.27,2.67,-0.2,-1.38,-0.66,1.31,-0.91,1,0,1
1.52,0.7,-0.72,3.7,-4.83,-2.96,-1.46,-0.37,-1.8,2.21,-1.89,-0.2,-3.2,-3.1,-5.8,-0.23,1,0,1
1.88,-0.74,0.76,0.47,-1.46,-0.33,0.99,2.79,-0.83,0.24,1.73,2.07,0.91,-1.16,-3.77,1.83,1,0,1
-1.32,4.56,0.32,0.87,1.78,4.14,0.28,2.38,-3.08,-0.27,-6.1,-0.32,-0.22,-1.57,0.1,0.76,1,0,1
-3.1,-0.03,-1.78,0.12,1.25,0.45,-1.64,1.89,2.67,4.59,-1.08,-0.38,0.07,1.32,1.75,1.86,1,0,1
-3.91,5.8,4.53,-4.21,5.07,1.97,-1.85,0.33,-3.11,0.94,-3.79,0.56,0.54,-0.96,1.79,1.92,1,1,0
1.81,-0.39,-0.3,3.57,-4.57,0.54,0.43,0.37,0.91,1.72,1.79,0.39,-4.6,-1.37,0.8,-1.66,1,0,1
1.67,-1.07,-0.2,-0.96,3.97,3.31,-3.73,-0.31,0.23,-1.04,-3.79,-1.89,6.84,3.12,0.95,0.68,1,0,1
-3.29,-1.53,-1.33,-3.1,2.67,0.32,-2.6,1.94,1.93,-1.6,1.35,0.76,4.19,-1.56,0.33,1.31,1,0,1
0.59,-1.24,-3.89,5.04,-3.82,0.02,5.54,1.75,5.52,-1.53,0.39,0.84,0.23,-3.86,3.46,4.96,1,0,1
1.41,6.69,6.57,-2.0,0.84,0.25,-1.07,0.27,-0.66,2.49,-0.45,2.26,1.47,-0.24,-4.92,1.27,1,0,1
-0.87,-0.99,0.61,-5.25,5.69,4.16,3.22,-0.46,2.13,-1.01,5.65,0.81,3.04,-1.98,-0.87,1.2,1,0,1
-1.29,3.07,-0.03,0.86,-2.3,-1.58,5.29,3.24,0.11,1.67,1.2,0.39,-5.2,-5.53,1.27,4.02,1,0,1
1.15,-2.38,-4.05,2.05,-2.71,0.17,-2.63,-2.09,-0.91,-2.72,0.92,-1.29,-1.25,2.5,1.26,-0.45,1,0,1
-1.42,-1.26,-1.64,2.27,-0.05,3.12,-1.02,0.48,-2.14,3.57,-2.75,-1.25,-2.31,-1.15,0.62,-1.1,1,0,1
-0.12,-3.35,-3.62,-3.66,2.29,1.93,0.64,0.39,-0.64,-3.08,2.16,-0.68,1.12,1.02,3.22,2.38,1,0,1
-2.73,-3.86,-2.11,-6.84,5.43,-1.76,-1.75,1.61,3.14,-0.77,7.02,-2.65,5.71,-0.33,3.51,2.93,1,0,1
-1.95,1.28,0.01,4.44,-3.16,0.44,-2.65,0.41,-0.78,-2.1,-3.94,4.11,-0.06,-1.31,-4.28,-2.89,1,1,0
3.81,-0.94,-1.09,1.2,-0.95,0.09,-1.33,0.64,-1.8,-4.45,-0.34,-1.68,2.05,0.16,-0.15,-2.44,1,0,1
-0.03,-0.23,-1.56,1.41,-2.34,0.74,5.21,-0.25,0.28,1.35,3.13,0.65,-3.75,-3.59,-2.85,3.78,1,0,1
0.59,-2.52,-3.04,0.77,-0.41,-2.24,-0.97,1.86,0.63,-3.6,0.07,-1.07,4.44,1.57,1.71,1.5,1,0,1
2.29,1.97,-0.77,-1.52,-6.25,-0.58,0.29,0.28,1.93,0.48,-1.83,0.51,0.6,-0.15,0.72,3.49,2,0,0
1.92,-3.56,1.78,2.65,1.36,-0.04,-4.22,-1.01,-1.36,0.91,-0.35,4.09,-0.74,-1.3,-3.27,0.57,2,0,0
2.13,0.48,0.54,1.1,0.74,0.16,-1.36,-0.08,1.61,-3.21,-1.21,-0.57,-0.38,0.64,-1.48,1.79,2,1,1
1.02,0.1,-3.91,0.11,-2.44,2.37,0.38,-3.06,2.4,-1.42,-2.03,0.02,2.33,-1.05,-2.09,-0.62,2,0,0
-0.94,1.1,-0.8,-3.04,-3.17,-2.43,3.17,5.08,-0.65,-1.31,-4.44,-3.63,-0.59,1.98,2.36,4.03,2,0,0
-3.12,0.37,-0.8,-0.11,0.98,-0.58,-0.86,-2.6,-0.53,-1.55,-0.05,-1.07,0.29,3.42,4.15,-0.94,2,0,0
0.89,0.06,-4.79,1.38,0.24,2.43,2.99,-1.09,-0.06,-1.43,4.39,-3.91,7.46,-6.22,2.18,-3.03,2,0,0
0.43,-0.32,-2.17,2.07,-1.98,6.96,-1.36,-1.37,-1.68,0.95,2.9,1.42,-0.38,0.12,-3.7,-1.66,2,0,0
-1.18,-0.5,0.95,0.41,1.04,0.58,-2.77,-1.63,-1.42,2.73,-0.93,3.17,-4.69,3.4,-1.6,0.97,2,0,0
1.84,0.49,0.45,-2.14,4.26,-2.78,-2.34,-0.99,0.68,-2.79,-0.17,0.5,-0.55,3.28,5.08,0.24,2,0,0
0.28,-0.34,1.81,-1.8,-0.52,4.28,-3.86,-3.51,-0.97,-0.34,3.68,0.39,-3.72,0.15,-2.7,-2.67,2,0,0
-0.09,-0.42,-4.09,-0.74,-2.98,2.52,2.74,-0.64,0.48,0.31,-1.06,-3.48,0.96,-3.54,-2.63,-0.9,2,0,0
2.44,0.67,0.42,1.01,1.34,0.43,0.86,4.31,-0.82,0.52,-1.78,2.99,-1.09,2.02,2.23,2.76,2,0,0
2.83,0.45,1.11,-1.87,-2.17,0.09,0.1,4.38,3.75,-1.2,-2.79,-2.87,2.49,-2.28,-0.35,0.33,2,0,0
1.46,3.43,-0.99,2.35,0.17,2.71,3.22,5.45,-0.62,-0.7,-1.47,-0.39,-2.44,1.81,-0.23,2.04,2,0,0
1.1,0.7,-1.62,0.91,0.79,-1.87,0.72,0.91,-0.31,2.09,-2.15,-0.59,1.19,-0.97,2.11,-2.56,2,0,0
2.36,1.06,0.28,-1.53,3.16,-2.06,-2.97,-0.26,3.51,-1.06,-3.1,-0.81,0.43,1.97,2.24,-4.82,2,0,0
2.64,3.2,-2.77,4.06,-0.24,2.46,3.56,4.71,0.19,-0.59,0.67,2.3,-1.14,0.19,1.01,5.16,2,0,0
-2.41,0.89,2.7,0.96,-2.0,-0.32,-0.3,2.06,1.03,2.71,2.1,3.89,-0.03,0.4,0.51,2.82,2,0,0
-3.47,2.86,0.59,0.34,-7.99,-1.23,4.1,1.54,-3.48,1.35,2.73,1.71,-0.35,-2.36,-2.92,6.56,2,0,0
-1.66,-3.1,-0.0,-0.83,-2.51,2.05,-1.09,0.67,-0.13,-0.52,-1.58,-1.68,0.45,0.77,-2.73,4.11,2,0,0
0.59,-0.6,1.7,-0.04,-1.83,0.38,-2.03,1.12,-0.27,1.66,2.63,2.21,-0.86,0.07,-0.47,3.73,2,0,0
-2.68,-2.45,3.25,-0.87,-0.43,0.83,-3.99,-2.87,-1.43,-3.19,-0.89,-2.35,-1.17,1.78,-1.5,0.06,2,0,0
-1.2,-1.14,-2.88,2.48,-5.5,2.92,0.43,-0.67,-0.3,0.56,1.15,-1.61,1.97,-3.72,-4.23,2.3,2,0,0
-3.74,-0.53,4.15,-0.07,0.07,0.67,-4.17,-1.61,-1.55,1.7,0.03,0.05,-2.76,2.58,0.07,-5.1,2,0,0
1.34,0.81,-1.09,-0.83,3.21,0.92,0.77,3.74,3.61,0.26,2.82,-1.01,1.97,-0.43,5.58,-2.72,2,0,0
-1.93,0.43,-0.78,3.01,-0.77,0.32,1.51,1.57,-0.41,0.85,-2.31,1.75,-0.4,1.35,-1.79,3.25,2,0,0
-1.11,-0.7,-4.94,2.09,2.92,0.86,1.23,-2.55,1.88,-1.13,-2.57,-2.73,4.0,-1.35,-0.29,-2.8,2,0,0
-0.77,1.82,3.64,-0.87,-2.37,-1.74,-3.73,-0.35,0.39,-0.08,-2.71,1.74,-2.09,5.83,1.13,0.53,2,0,0
2.64,0.8,0.53,2.78,3.97,0.79,0.18,3.99,0.46,-0.2,-1.77,2.78,-1.24,1.16,1.52,0.26,2,0,0
-2.76,-0.15,-1.33,4.31,3.54,5.24,2.47,3.3,2.35,-0.49,-0.64,-0.46,0.6,0.51,-0.74,-0.86,2,0,0
-2.63,2.37,1.37,0.82,-3.07,-1.34,-0.76,-2.74,-3.42,2.07,3.47,1.29,-0.27,-1.47,-0.69,-2.51,2,0,0
2.8,-5.53,2.23,-0.3,1.37,-0.22,-5.58,-3.16,-4.33,-0.17,2.12,1.97,0.99,-2.56,0.03,-0.1,2,0,0
-0.6,0.88,-3.11,0.1,2.74,-3.13,-0.45,-4.3,-3.51,-3.72,-4.59,-1.26,-2.16,6.02,1.73,1.13,2,0,0
-1.51,-1.39,0.41,-3.11,-5.46,0.57,-0.15,-1.03,0.69,-0.93,-2.4,-3.85,0.18,-2.79,-5.25,1.18,2,0,0
0.66,3.38,-3.08,4.3,-1.02,1.01,2.63,-0.39,0.7,-1.14,1.54,0.8,2.27,-3.74,-1.26,1.55,2,1,1
3.66,-2.43,3.06,-0.48,1.71,-0.64,-3.14,1.35,0.33,0.68,-2.14,1.99,-1.25,-1.33,-1.1,0.17,2,0,0
0.57,-1.42,3.06,0.85,0.86,3.28,-2.59,1.07,-2.0,1.24,2.06,1.21,-2.09,-2.75,-1.23,-2.54,2,0,0
3.81,2.94,2.64,-0.89,1.71,-2.55,-2.27,2.89,3.35,0.14,-0.43,0.2,1.38,-1.9,4.03,-3.7,2,1,1
-2.39,0.91,-4.98,2.47,-2.88,1.53,2.36,-3.48,-4.21,1.53,2.23,2.1,-1.21,2.39,-0.78,2.41,2,0,0
-0.31,2.07,5.04,-2.13,-2.45,-0.75,-4.21,1.81,-0.08,-0.51,-0.05,1.18,-6.2,2.9,-0.68,1.94,2,0,0
2.93,-0.27,-5.5,2.97,1.61,1.13,-0.18,-1.87,-0.75,1.27,0.42,0.38,1.38,-2.66,-0.53,-1.09,2,0,0
1.1,-4.96,-1.84,2.07,0.82,1.07,0.65,1.2,1.33,-1.29,-0.49,-0.67,4.23,-5.01,-1.27,4.05,2,0,0
-0.54,-0.03,-4.14,0.85,-2.06,0.23,0.63,-4.29,-1.49,-0.83,-1.81,0.05,1.89,-0.33,-0.65,0.47,2,0,0
0.09,3.97,-0.41,3.06,-5.08,0.18,1.55,2.83,1.11,3.03,1.05,3.94,0.14,-1.12,-1.82,3.88,2,0,0
2.53,-0.53,-1.7,-1.37,1.23,3.74,-0.08,1.26,0.49,-1.21,2.61,-4.31,2.52,-2.55,4.13,-4.62,2,1,1
-1.31,-0.75,-3.11,0.86,0.61,3.92,0.59,-1.3,2.44,-2.16,-1.19,-2.5,0.27,-1.27,-3.36,0.89,2,0,0
-4.49,-4.24,3.11,0.71,-0.48,3.21,-2.48,-0.93,-6.07,1.01,1.94,-0.1,-5.27,0.01,-3.77,2.15,2,0,0
3.32,-0.03,2.29,-5.52,0.07,-3.57,-3.91,-0.3,3.35,-3.03,-1.14,-0.64,0.07,3.48,5.47,0.57,2,0,0
-0.77,1.22,-1.61,-1.32,-2.25,-2.06,-0.39,0.64,-0.4,-0.7,-7.45,-5.61,-0.39,3.52,-1.1,-1.84,2,0,0
-0.18,-0.12,-3.32,1.66,2.01,-0.49,1.81,2.22,1.24,-2.51,-4.6,-1.42,-0.44,2.66,1.37,4.45,2,0,0
3.41,0.65,3.64,-1.35,0.18,-1.77,-3.69,1.41,-0.15,-2.13,-0.24,3.65,-1.45,4.12,2.84,4.34,2,0,0
-2.27,1.67,-1.11,2.96,-0.19,-0.33,2.5,0.77,-2.34,-1.39,-1.17,-1.63,-0.74,0.88,-1.52,2.23,2,1,1
2.48,3.48,1.11,2.59,-3.36,0.69,0.27,4.68,0.36,2.5,-0.22,2.94,-2.46,-0.37,-3.22,2.9,2,0,0
1.01,-2.29,-3.82,-1.39,-2.06,1.73,0.17,-2.8,0.74,0.25,-0.77,-0.51,2.36,-2.55,-2.02,-1.37,2,0,0
0.93,0.57,-0.59,3.16,0.55,-1.21,-1.34,-0.76,-2.72,0.35,-2.54,0.64,-1.36,0.29,-0.9,-1.07,2,0,0
0.88,-3.21,-0.71,0.19,2.27,2.37,-1.81,0.19,-2.58,1.34,0.14,-4.51,0.74,-2.31,2.14,-8.21,2,0,0
-1.68,-1.87,-1.44,1.13,-0.84,0.89,1.61,-0.1,0.48,0.35,-4.18,-4.59,1.25,-3.81,-2.04,-4.06,2,1,1
1.17,-1.29,2.42,-1.56,1.44,-0.31,-4.69,-1.55,-1.71,-2.44,-4.38,-3.84,-4.53,2.74,-3.88,-2.59,2,0,0
1.98,-0.0,-0.65,-0.0,-0.32,-0.05,-1.37,0.29,-1.91,0.17,-0.03,0.47,-0.8,-0.3,0.28,0.8,2,0,0
2.44,0.48,1.96,-1.05,1.2,-2.41,-3.75,-2.84,0.88,0.21,-0.46,4.15,-2.91,0.61,-0.91,0.92,2,0,0
0.59,0.99,-3.53,3.54,0.91,-0.85,1.29,-1.75,-2.43,2.71,1.03,2.52,1.29,-0.22,0.35,-0.44,2,0,0
-3.67,-2.52,5.15,-1.9,-0.88,2.28,-2.47,0.32,-0.79,-0.21,1.87,0.28,-1.39,1.21,1.15,-1.03,2,0,0
-0.41,-0.24,-2.15,2.23,-3.12,0.46,-0.78,-4.08,0.57,3.29,-1.75,1.36,-0.36,-5.95,-5.15,0.29,2,0,0
0.92,2.71,-3.25,4.74,-1.17,0.44,3.28,0.24,1.42,-1.48,1.59,-0.02,3.52,-5.29,-1.94,1.19,2,0,0
-0.05,-1.67,-1.84,0.82,-0.52,0.24,-0.37,-0.99,0.16,0.9,-4.07,-2.14,2.87,-1.72,-1.6,-2.57,2,0,0
-1.65,1.56,-1.64,2.38,-6.11,1.81,4.05,3.34,1.86,2.1,-1.22,-3.39,3.43,-6.54,-5.76,2.4,2,0,0
1.64,0.84,0.5,-1.42,-0.54,0.47,0.88,2.53,3.34,3.0,1.58,1.93,0.63,-5.27,-0.71,0.84,2,0,0
3.09,-2.6,0.52,-0.83,3.01,0.12,-2.41,0.23,1.34,1.1,-2.98,1.55,-1.63,-1.94,-1.72,-0.42,2,0,0
1.25,0.67,0.5,-2.23,-1.84,-2.76,-2.0,-0.35,2.88,1.08,-1.09,-0.6,1.6,-1.17,1.43,1.55,2,1,1
-4.34,0.55,0.23,-0.49,-0.77,2.57,1.75,0.33,3.17,-1.31,2.09,-4.85,2.39,-2.92,-2.48,-3.34,2,0,0
-1.43,-2.21,-5.07,0.14,0.53,1.15,2.26,-2.62,4.39,-3.36,-1.45,-2.12,6.23,-1.94,1.22,5.57,2,0,0
0.82,2.07,-0.46,-0.61,-1.35,-2.97,-2.03,-2.64,0.55,0.19,-2.44,3.74,-1.76,3.35,0.8,3.35,2,0,0
-3.95,-3.69,3.88,-1.4,3.69,2.01,-3.73,-2.44,-2.44,-0.18,1.22,0.06,-3.32,2.48,-1.09,-2.48,2,0,0
-1.82,0.19,0.52,-1.01,0.67,-1.01,-1.02,-2.63,0.22,-1.33,-0.26,-0.62,0.63,-0.06,1.6,-2.3,2,0,0
0.01,0.47,1.95,1.91,1.42,-0.08,-0.01,2.94,3.15,1.23,-1.26,-0.99,1.05,-3.86,-1.38,-1.48,2,0,0
2.06,-0.11,2.92,0.21,0.08,-1.79,-1.47,2.45,1.94,-0.24,0.31,1.75,2.7,-1.21,0.99,1.84,2,1,1
-0.76,-0.54,-7.78,0.75,-1.18,3.19,1.46,-3.62,2.39,-1.17,-6.3,-2.42,-2.12,1.46,-6.79,4.08,2,0,0
4.48,-3.56,2.97,-1.91,5.3,-1.54,-5.68,0.76,1.07,-2.19,-1.53,-2.6,0.87,-0.96,0.51,-1.34,2,0,0
-3.61,1.64,1.4,2.19,-2.67,1.46,0.21,-0.98,0.52,3.1,1.68,2.05,-0.58,-2.8,-1.91,-2.06,2,0,0
-1.95,-2.61,0.37,-0.08,0.69,1.61,-0.9,-0.98,-3.02,-1.19,3.52,-3.42,0.29,-1.65,1.0,-1.02,2,0,0
-1.63,0.76,1.87,2.29,-5.1,1.2,-1.17,-1.86,-3.64,3.22,2.28,6.14,-3.51,-1.34,-4.18,2.35,2,0,0
1.76,0.63,-6.72,-0.6,-0.37,3.35,4.89,1.87,2.72,-3.22,-2.43,-4.14,4.01,-0.07,0.27,1.62,2,0,0
-0.14,1.85,0.66,1.71,0.8,2.69,-0.04,2.01,1.59,0.93,3.2,2.61,-1.3,-0.73,0.69,0.66,2,0,0
-3.56,2.26,-1.38,2.18,-1.37,0.85,1.21,-2.68,0.37,1.78,3.49,1.36,1.31,-1.4,-0.54,-1.52,2,0,0
0.13,-1.12,-2.73,0.38,0.35,0.09,-1.09,-3.31,1.54,-1.06,-1.41,-2.03,1.42,-3.39,-1.27,-2.06,2,0,0
-0.5,-1.08,3.95,-2.36,1.22,-0.49,-2.49,1.17,1.87,1.43,0.21,0.94,-1.03,-1.38,-0.13,-2.12,2,0,0
-2.11,-1.94,0.37,3.46,2.45,3.32,-0.88,1.01,-3.58,2.77,3.07,4.62,-2.02,2.06,-1.64,2.05,2,0,0
1.99,-1.38,0.83,-2.18,-2.26,-1.8,-3.48,-0.3,-1.72,1.31,-1.1,0.03,-1.63,0.76,0.81,-0.23,2,0,0
0.44,-0.6,3.44,1.07,0.75,-1.28,-4.15,-1.79,-3.29,3.13,3.24,4.52,-3.51,0.91,-0.28,0.21,2,0,0
-2.96,-2.04,2.03,-0.07,0.07,3.98,-1.66,-1.41,2.28,-0.4,4.46,-3.63,2.39,-5.24,-1.43,-4.24,2,0,0
-1.77,-2.43,-0.11,-2.97,-5.97,1.92,-1.84,-1.19,-3.38,1.81,0.91,-0.84,-3.08,1.45,-2.17,2.38,2,0,0
1.69,-0.11,-2.92,4.96,1.61,4.51,1.75,2.8,4.19,1.26,0.69,0.85,3.69,-4.87,-0.57,-1.27,2,0,0
-1.74,1.88,3.34,-2.35,-2.88,0.07,-0.72,2.4,-1.5,1.04,-0.43,-3.67,-1.28,0.04,3.04,-4.23,2,0,0
-0.9,2.85,3.62,0.3,-2.54,1.63,0.18,4.46,-2.05,0.03,6.87,3.21,-2.44,1.04,1.76,4.05,2,0,0
-0.23,-0.97,-0.37,-2.83,0.72,0.85,0.88,0.42,4.78,0.09,1.06,-1.83,2.74,-4.14,-0.55,-2.26,2,0,0
1.77,-0.77,-4.26,-0.99,0.33,1.34,0.08,-1.34,-1.54,0.57,-1.29,-2.09,-0.62,-0.69,0.7,-1.4,2,0,0
0.83,1.44,0.47,-0.83,-1.18,0.08,-1.36,0.24,4.51,1.99,-1.28,1.58,-0.61,-2.64,-3.42,-0.23,2,0,0
-0.25,0.21,-0.24,-1.57,0.76,-2.12,-0.66,1.2,4.35,0.4,-1.64,0.23,2.26,-0.57,4.61,-0.32,2,1,1
0.28,-0.85,-1.71,-1.27,1.29,-0.99,-0.29,-0.5,-1.76,0.95,-0.88,1.69,-3.01,0.77,0.47,2.01,2,0,0
4.5,1.42,1.13,-1.32,-0.64,-0.99,-1.73,3.3,2.12,1.57,-1.34,1.59,-0.63,-0.38,-0.1,0.33,2,0,0
0.93,1.78,-3.35,1.66,1.22,1.27,1.2,0.65,0.17,-0.16,-0.5,2.31,-0.47,3.99,1.72,1.88,2,0,0
2.86,2.71,-1.22,-1.31,1.05,-0.38,1.37,2.7,2.29,-3.05,-0.02,-3.23,-0.52,-1.72,1.71,1.12,2,0,0
-0.24,-0.53,-1.45,-1.64,0.37,0.46,-0.91,0.28,1.28,0.58,-0.13,-1.24,1.0,0.39,1.17,-1.48,2,1,1
2.7,-0.67,2.73,-0.38,3.58,-1.47,-3.93,0.1,2.04,-1.96,-2.74,-1.75,1.22,0.36,2.13,-4.25,2,0,0
-2.44,-1.71,-0.31,2.36,-0.62,0.62,-1.07,-1.61,-5.18,0.54,-0.28,-0.31,-2.36,3.69,-1.09,3.35,2,0,0
-0.84,4.36,-3.21,0.12,-2.01,-1.79,3.65,1.05,2.47,2.38,1.55,1.72,1.61,-1.2,0.8,1.73,2,0,0
3.48,-1.35,-0.9,-0.3,6.1,3.44,-0.89,1.46,3.69,-1.47,2.4,-0.35,1.91,-1.27,0.18,-2.52,2,0,0
-1.35,3.05,0.02,0.21,-5.64,-0.43,2.62,3.61,-3.12,0.89,-1.24,-0.47,-3.55,2.31,-1.03,3.91,2,0,0
-2.81,-1.88,-1.34,1.11,-2.79,3.92,0.71,-1.06,-3.47,3.11,0.94,1.2,-1.74,-1.21,-4.18,3.05,2,0,0
2.71,-3.41,5.05,-2.83,-0.75,-0.28,-5.13,-0.38,-1.81,-0.66,0.93,0.2,-1.94,-3.32,-1.99,0.78,2,0,0
-2.94,1.88,-3.44,0.25,-3.0,1.21,5.55,1.64,0.48,0.93,0.43,-1.89,1.14,-0.89,-1.01,2.9,2,0,0
-0.64,-1.52,-3.02,-0.36,-1.85,3.44,1.21,0.69,3.35,1.46,0.67,-1.1,3.27,-2.64,1.19,-0.85,2,0,0
-3.21,-1.33,-1.35,-0.44,-4.92,2.12,0.09,-1.8,2.33,1.19,-0.65,-0.65,3.32,-1.96,-3.13,0.94,2,0,0
0.84,-1.44,-1.86,3.36,1.89,2.85,0.58,1.13,-2.05,3.13,2.18,2.82,-0.7,-2.15,-3.83,2.13,2,0,0
0.61,-1.97,0.41,-2.46,1.36,-0.64,-1.64,-1.29,1.54,-0.84,-2.15,-2.37,1.01,-3.14,-0.44,-3.13,2,1,1
-1.94,2.03,-1.9,-2.01,-6.15,-1.64,1.39,0.24,2.21,-0.09,-5.42,-2.91,-0.46,0.21,-3.41,4.05,2,0,0
2.16,-0.69,-2.95,-0.21,0.96,1.48,0.5,1.15,-3.24,-0.02,2.55,0.59,0.34,2.66,3.51,-0.24,2,1,1
3.91,1.9,-0.42,2.89,3.82,-0.02,-1.99,-0.18,0.95,-2.0,2.52,1.55,1.38,-1.61,1.87,-0.85,2,0,0
0.96,0.92,0.56,-1.79,0.7,-0.65,-1.18,1.33,-0.67,0.8,-1.01,-5.41,-0.53,-3.16,0.42,-7.26,2,0,0
1.59,-4.84,0.11,-4.09,5.41,1.56,-0.62,2.27,4.08,-3.59,-2.55,-5.9,2.49,-0.94,3.45,-1.94,2,0,0
-3.33,-0.11,2.02,-1.4,-4.56,0.99,-0.05,1.23,-1.62,0.96,-2.41,-2.65,-2.9,0.73,-4.26,2.8,2,0,0
-1.41,3.39,-6.45,1.71,-6.94,3.14,5.33,-0.7,-1.48,1.89,2.25,0.79,1.63,-2.44,-1.07,3.2,2,0,0
1.91,3.56,-1.85,-0.93,1.86,-1.33,1.57,2.38,5.55,1.76,0.48,2.74,2.21,-1.02,3.51,-1.28,2,0,0
0.2,-0.69,-2.4,-2.01,-1.35,1.09,-0.08,-1.08,1.12,-3.13,-4.56,-2.52,-1.54,2.51,-1.58,2.85,2,0,0
2.07,2.05,-2.88,-0.38,-0.91,0.98,1.26,2.27,-1.84,-1.1,-1.83,-1.9,-1.33,3.1,2.08,0.67,2,0,0
-0.78,-1.37,1.94,-1.3,-0.56,-0.4,-3.29,-0.68,-2.49,0.22,-0.0,0.93,-3.23,3.81,1.01,1.93,2,0,0
-0.28,0.36,1.01,2.21,1.94,2.46,0.36,0.81,-1.25,1.78,7.61,4.39,0.55,-2.2,1.51,0.94,2,0,0
-0.91,1.88,-3.64,2.66,1.99,-0.63,0.16,-3.42,3.53,-1.08,-1.63,1.3,2.27,-1.85,-2.97,1.45,2,0,0
-3.02,1.23,-1.32,-2.83,-0.49,-2.79,2.89,1.31,-0.87,-0.85,-4.3,-2.63,-1.5,4.17,2.99,1.32,2,0,0
0.32,0.1,-0.93,-1.06,-0.68,1.67,1.2,2.43,0.66,-3.14,-3.47,-0.07,-1.87,4.01,-0.38,4.89,2,0,0
2.43,1.47,-0.94,-0.72,0.24,-1.99,-0.59,0.22,1.45,1.49,-2.66,-1.59,0.66,-3.82,-1.08,-3.12,2,0,0
2.47,-2.86,0.59,-1.6,-3.2,1.76,-4.07,-1.4,-2.48,2.1,2.51,-1.38,0.65,-3.82,-0.01,-3.56,2,0,0
0.22,1.85,-4.21,2.3,4.02,2.63,2.93,1.8,1.95,-1.6,1.5,-1.69,2.69,0.31,3.09,-0.9,2,0,0
2.43,0.35,-3.46,4.0,-1.39,1.56,0.11,-0.99,-1.75,0.08,1.14,1.11,-0.21,-4.45,-2.34,2.58,2,1,1
-1.55,4.17,-2.26,2.15,0.82,-0.96,4.3,1.09,-2.16,-2.82,1.74,-2.02,0.96,0.67,1.94,1.52,2,0,0
0.82,-0.1,2.75,-0.57,0.15,-1.82,-3.46,-1.02,0.29,-0.82,-1.54,1.95,0.11,1.66,2.22,-0.24,2,0,0
0.51,-0.17,-0.3,-0.55,-1.28,1.48,-1.27,-0.63,0.92,2.56,-1.71,0.19,-1.39,-2.93,-2.77,-2.25,2,0,0
2.02,-1.59,1.36,-3.6,2.54,-5.57,-3.07,-0.26,0.39,-0.75,-2.5,0.8,-1.2,1.84,3.75,2.07,2,0,0
-1.47,0.26,-2.77,-1.09,-2.52,-4.2,2.01,0.22,0.17,-1.24,-3.63,-2.55,1.98,1.44,1.07,4.99,2,0,0
0.07,-2.15,0.16,1.41,-0.45,-0.19,0.27,0.76,4.89,-1.76,-1.9,-3.45,6.18,-6.91,0.8,-1.61,2,0,0
0.21,0.71,0.93,1.44,-2.7,0.86,-1.2,1.33,-2.9,0.99,2.85,0.39,-1.41,-2.26,-2.26,0.32,2,0,0
-2.22,1.28,-3.07,0.52,-2.65,1.68,3.33,0.87,3.46,2.35,0.77,-1.87,3.02,-3.98,0.44,-1.66,2,0,0
-0.3,-0.29,-3.2,3.9,1.03,-0.41,0.09,-2.4,-3.5,1.72,-0.36,2.97,-0.25,-1.36,1.78,0.84,2,0,0
-0.17,2.32,4.8,-5.17,-4.19,-3.01,0.96,6.82,2.55,-2.49,-0.94,-2.12,-1.74,1.0,2.55,5.84,2,0,0
0.77,1.19,-5.98,5.09,-0.74,3.43,1.58,-3.93,-1.9,1.37,1.14,4.39,0.72,-1.58,-2.9,2.27,2,0,0
-0.77,-0.23,2.49,1.9,1.16,0.59,-1.21,1.85,-1.99,2.03,-0.18,0.57,-1.24,1.11,-0.6,0.88,2,0,0
-0.67,-1.23,5.2,-1.64,-0.3,-1.01,-5.3,-1.13,-3.05,-0.69,2.44,-0.24,-3.49,0.73,1.16,-2.38,2,0,0
3.0,-0.24,1.28,-0.2,0.7,-3.35,-0.17,1.74,-2.05,-1.5,-0.54,1.27,-2.07,-0.64,1.21,3.99,2,0,0
-1.46,-0.85,-1.21,1.37,-0.03,5.92,0.77,-0.24,-1.1,2.08,4.63,1.36,-1.28,-1.68,-2.04,1.3,2,0,0
-1.09,-1.41,0.37,-0.55,0.71,-0.46,-0.34,1.35,-0.68,1.44,-3.93,-5.13,0.56,-2.32,-1.79,-4.88,2,0,0
1.05,0.43,1.58,0.13,-0.21,0.34,-2.49,1.0,-0.33,-0.19,-1.62,0.54,-1.98,0.66,-0.07,-0.75,2,0,0
-0.87,-0.81,-3.79,0.37,1.04,1.82,2.36,-0.92,0.74,-2.98,-1.29,-2.16,0.69,-0.25,-2.4,2.37,2,0,0
-0.31,0.44,-3.76,-1.7,-2.06,1.01,3.91,2.32,5.28,-1.97,-3.09,-2.39,3.43,-0.36,-2.62,5.82,2,0,0
-1.36,2.44,2.19,0.48,-3.29,2.42,0.44,0.03,-0.64,-0.02,2.4,0.48,2.02,-0.25,-0.2,1.42,3,0,0
2.49,-0.51,1.76,-0.04,0.35,2.76,0.26,0.47,2.01,2.63,-1.98,-4.48,-0.68,-3.23,1.5,-2.14,3,0,0
-3.72,-1.94,-0.16,-0.9,2.53,0.54,2.83,3.8,-0.06,3.95,3.17,-2.89,-1.39,2.97,-4.25,0.03,3,0,0
-1.92,1.39,3.9,-2.57,-0.35,1.8,1.04,-2.31,-0.51,3.29,2.47,0.97,2.5,-1.77,-4.24,-3.09,3,0,0
-3.35,0.43,-3.34,-0.42,-1.98,-0.76,1.73,-0.19,-3.54,2.02,1.49,0.72,3.69,-0.4,-3.19,3.18,3,0,0
3.78,-1.66,0.68,-0.03,1.02,1.77,-1.31,0.28,0.75,-1.08,-0.27,-3.23,-1.66,5.31,0.1,-0.8,3,0,0
-1.92,-3.05,-4.28,3.43,-0.6,-2.69,-2.12,2.69,-0.95,-1.96,0.17,1.89,-3.67,4.75,0.35,3.66,3,0,0
0.4,1.84,3.28,-0.72,-0.8,1.71,-0.69,1.63,-0.5,-1.39,-0.23,-0.6,1.47,3.95,-2.76,-0.14,3,0,0
1.57,0.94,2.36,0.7,-3.07,0.99,-1.85,-4.79,0.92,3.06,-0.11,3.24,0.57,-4.96,0.56,-3.15,3,0,0
1.79,-2.3,2.93,-1.48,1.83,-1.04,4.52,0.23,2.95,4.83,-0.62,-2.07,-2.88,-2.87,3.0,0.13,3,0,0
-2.76,3.74,2.76,2.88,0.18,0.95,0.2,-1.54,3.13,0.42,3.3,0.31,-1.93,1.83,-1.27,-0.58,3,0,0
-4.84,3.61,0.61,1.24,0.7,-0.35,1.54,-0.64,0.89,0.91,2.24,1.34,0.83,-0.13,-1.88,3.69,3,0,0
-4.42,0.12,1.09,2.25,0.9,-1.52,3.43,-0.84,2.19,2.48,-2.24,-0.12,0.42,-6.08,-0.37,0.9,3,0,0
-0.37,1.51,-0.8,-0.07,-4.58,1.61,2.11,-1.22,-0.51,-0.02,2.87,1.09,2.77,-0.88,-0.2,-0.15,3,0,0
0.91,-1.11,-1.07,1.52,1.04,1.53,-1.81,0.35,2.14,0.39,-1.42,-2.25,-3.37,2.55,0.0,0.95,3,0,0
-1.08,-2.62,-4.8,-2.47,-1.58,-0.59,2.44,-2.13,0.31,3.89,-0.92,2.82,0.89,-4.16,-0.34,2.93,3,1,1
-0.37,1.25,2.31,0.44,-1.67,-0.32,1.05,1.59,-3.07,-0.34,3.24,1.63,1.78,4.31,-1.79,1.51,3,0,0
1.95,1.4,-2.24,4.51,-0.92,-1.45,-0.65,0.76,-1.46,-3.34,-0.39,0.73,-0.79,1.92,3.75,3.09,3,1,1
-0.98,3.99,4.95,4.86,-1.85,0.72,-0.61,5.59,-0.0,-2.74,-2.22,-2.86,1.46,3.5,-0.41,5.79,3,0,0
0.08,0.35,-1.34,2.7,-0.28,0.5,-1.29,-3.36,2.28,-2.96,4.8,-0.26,-1.7,6.2,-0.11,-2.79,3,0,0
0.1,-0.16,-3.14,-0.42,-2.01,-0.03,-0.37,-1.52,-3.51,-0.1,0.02,2.15,1.48,-0.16,1.87,3.95,3,0,0
-2.01,-2.21,-3.73,-1.52,0.05,0.38,-3.3,0.47,-1.76,3.36,1.01,2.11,-2.68,-1.01,-2.63,-0.95,3,1,1
0.49,1.42,1.18,-0.37,1.25,0.16,-0.2,-1.62,0.72,2.16,-3.33,1.63,-1.04,-2.04,-0.13,2.2,3,0,0
-0.84,-0.46,-0.29,-0.81,0.9,-2.85,2.41,-4.53,0.92,-1.61,2.75,2.51,3.19,-1.5,4.43,1.82,3,0,0
-1.38,2.59,-2.43,2.0,-1.41,-0.18,-2.45,-3.51,-2.13,-1.56,0.56,3.13,2.18,-1.26,0.74,1.68,3,0,0
2.7,-4.66,-0.35,-1.53,1.16,-2.58,-0.01,-1.25,0.64,-0.3,1.5,1.73,-1.62,3.72,2.02,-0.46,3,0,0
-0.76,0.65,-3.49,-0.43,-2.66,1.23,0.17,-3.25,-1.88,2.87,1.71,1.25,2.34,-0.51,-2.51,0.51,3,0,0
0.15,1.4,1.92,2.58,-0.35,-1.64,-0.4,-0.25,-1.82,-1.95,-2.6,2.66,-0.43,-1.12,1.72,1.67,3,0,0
-1.14,-0.47,4.1,-2.2,1.57,2.46,-0.85,-1.66,3.11,2.93,4.18,-0.6,1.06,0.4,-3.88,-3.23,3,0,0
-0.09,2.71,-2.24,4.17,-2.55,2.29,-1.14,0.28,2.07,2.56,-3.9,-0.9,-3.44,-4.28,0.09,0.8,3,0,0
-0.62,2.46,-1.14,0.2,-6.13,3.19,-4.36,-1.33,-3.96,-0.4,-0.32,2.93,1.81,-3.51,-0.65,1.54,3,0,0
1.32,1.85,2.23,-2.87,0.85,4.93,-1.07,-1.58,1.11,1.05,-1.85,-3.0,3.08,-1.64,-1.31,0.98,3,0,0
-0.54,0.62,5.93,1.72,-3.52,1.89,0.73,2.26,3.47,1.88,-1.82,-0.52,-0.04,-4.07,0.83,1.45,3,0,0
3.94,-0.71,2.48,0.96,-2.77,-0.87,1.08,1.82,-2.57,-0.97,0.19,0.64,1.61,1.12,1.68,0.15,3,0,0
-3.46,-0.61,0.21,0.14,6.47,-2.85,1.32,-2.43,1.94,-0.7,3.0,-1.42,-1.83,2.53,0.72,0.92,3,0,0
6.14,0.02,1.34,1.04,-2.1,3.11,-9.08,0.1,0.43,-3.44,-4.94,0.11,-0.38,-0.97,2.67,-1.68,3,0,0
2.36,1.82,2.21,3.65,-2.35,-0.53,-2.9,-0.08,-0.13,-0.2,-1.1,1.04,-0.99,-0.7,2.15,1.0,3,0,0
5.17,3.39,2.44,-2.88,-6.59,3.2,-5.64,-2.36,-3.91,-1.29,1.59,3.19,5.66,-2.09,1.58,-0.56,3,0,0
0.07,-3.13,0.29,-0.25,-2.97,-0.61,-1.57,-0.25,0.67,3.15,-3.25,1.73,-2.27,-1.5,-0.27,0.92,3,0,0
-3.28,3.4,4.35,-2.57,2.3,3.55,-2.09,-5.55,2.38,3.41,-1.56,0.52,1.05,-4.87,-3.01,-1.67,3,0,0
-8.14,4.42,3.59,2.45,2.2,-1.23,6.23,-3.05,-0.28,-0.03,4.76,1.47,0.97,0.59,-3.19,-0.16,3,1,1
0.21,-4.09,-6.33,-4.45,-1.3,-1.72,-3.89,-4.24,-2.86,1.54,1.49,3.93,-0.38,-0.72,-0.3,1.07,3,0,0
-3.11,-1.94,-1.09,-0.03,0.24,-1.56,0.73,0.01,-2.86,-3.47,4.37,2.54,0.86,4.18,-0.46,1.9,3,1,1
4.75,-2.47,0.93,0.45,-0.33,1.35,-4.97,0.72,1.79,-2.44,-2.43,-1.48,2.04,1.18,0.83,-1.7,3,0,0
1.31,-0.49,2.25,-1.91,-0.3,-0.55,0.13,-1.94,-0.18,-0.11,0.28,1.93,1.15,0.87,0.98,0.92,3,0,0
-0.11,-0.4,1.17,1.31,1.74,0.73,0.84,-0.98,2.86,-0.99,0.59,-2.55,0.47,2.12,0.29,-0.78,3,0,0
3.21,-1.86,1.11,-2.31,1.48,-1.41,-1.49,-0.07,-0.35,1.71,-2.73,-0.56,-0.24,-0.79,1.93,0.5,3,0,0
-0.25,2.37,2.19,-0.9,3.53,1.29,1.74,-4.06,2.31,2.74,0.46,-2.41,-0.91,0.02,-2.52,-3.84,3,0,0
4.0,0.51,2.26,0.62,-1.7,0.33,-4.99,0.51,-1.45,-2.64,-3.72,0.8,0.28,1.5,2.01,1.04,3,0,0
0.9,1.49,1.6,1.16,-0.24,3.27,-4.99,1.79,1.65,-2.06,0.38,-1.61,-0.38,2.25,-1.41,-0.82,3,0,0
0.17,0.83,4.63,-0.17,2.55,-0.22,-1.2,-4.87,1.6,-1.95,0.03,0.09,2.04,-2.43,2.66,-1.97,3,0,0
-1.41,4.56,2.93,4.04,1.12,1.74,-0.88,2.17,2.11,-1.08,-1.71,-2.43,-0.91,1.92,-0.97,3.03,3,0,0
0.06,0.14,-1.46,2.54,-0.29,-0.38,0.04,-0.27,-1.47,-4.13,2.58,-2.09,0.91,5.8,1.38,2.26,3,0,0
-0.66,4.19,3.33,0.02,-0.38,7.11,-3.86,0.84,1.28,3.51,-2.58,-3.1,0.53,-0.44,-7.77,-2.73,3,0,0
1.54,0.73,4.79,-1.16,-0.04,1.76,2.16,1.79,-1.7,-0.49,2.62,-2.0,3.76,1.74,0.53,0.18,3,0,0
-2.44,2.32,1.32,1.68,-1.86,2.49,-2.24,2.88,-1.91,-5.04,3.05,-2.11,3.05,3.0,0.04,0.98,3,0,0
-0.15,-0.37,-1.33,-2.64,-2.27,3.75,-3.32,3.19,-2.71,3.08,-2.21,0.25,2.11,-4.36,-2.17,2.88,3,0,0
-0.83,-4.41,-0.8,-2.98,-0.49,-1.08,-1.79,-2.87,0.1,-0.9,3.35,1.85,1.9,2.4,-0.41,-0.57,3,0,0
0.17,-1.6,-0.16,1.87,1.25,-1.78,-1.31,-1.47,2.03,1.19,-0.23,0.29,-4.6,2.93,0.72,-2.17,3,0,0
0.78,0.58,-2.33,0.19,0.26,0.24,-1.72,-1.0,-2.22,-0.61,2.68,1.21,-3.15,4.35,-0.1,-0.54,3,0,0
2.14,2.66,1.59,0.35,0.21,-1.34,0.12,-2.53,-0.62,0.49,-2.83,2.27,0.2,-0.89,1.46,1.35,3,0,0
2.3,-0.26,-2.19,0.99,-3.95,2.24,1.18,2.67,-3.66,-1.28,-1.71,-1.37,2.47,0.38,0.43,3.22,3,0,0
-2.79,0.83,-3.98,4.36,1.51,-2.22,1.61,-1.21,-0.54,0.92,1.79,0.24,-2.95,1.77,-1.91,0.25,3,0,0
-1.64,1.0,-3.5,3.73,-1.18,-0.88,2.12,-1.76,1.37,1.9,-1.13,1.25,-0.82,-4.28,2.43,4.91,3,0,0
-1.37,0.06,5.88,-4.73,1.24,2.91,-1.83,1.24,1.62,-0.48,0.66,-0.02,1.16,-0.55,0.93,2.18,3,0,0
1.46,-1.32,2.09,0.51,-0.3,-0.33,-0.91,3.86,-0.25,1.02,-3.87,0.12,-1.5,0.2,0.82,3.07,3,0,0
1.45,0.52,5.43,0.08,4.54,0.21,0.05,-0.9,3.29,-0.15,2.27,-2.95,-1.07,3.88,-0.05,-3.97,3,0,0
-3.42,-0.95,-0.79,-3.64,-0.73,1.32,-2.19,-0.68,-2.23,0.44,0.64,4.49,2.32,-3.81,-1.57,1.58,3,0,0
-1.68,1.47,0.03,2.88,0.21,3.12,3.01,4.46,-0.02,-0.37,-0.23,-6.07,-0.89,2.22,0.46,3.71,3,1,1
0.47,1.51,1.13,1.3,-3.38,1.1,-2.23,-1.62,-0.08,-3.2,0.56,2.95,4.09,-2.95,3.85,2.34,3,0,0
4.83,2.35,-0.15,0.07,-3.44,3.92,-4.08,-1.74,-1.58,-1.87,1.2,0.54,2.25,2.74,-0.47,0.02,3,0,0
1.12,-1.19,-2.76,-1.23,-3.83,2.59,-1.42,-2.49,-0.77,-0.82,0.18,1.52,3.62,-1.69,0.29,0.64,3,0,0
-0.21,-0.69,2.02,-2.26,5.74,0.75,-0.98,-1.04,3.1,2.29,-0.72,-0.82,-3.43,2.69,-2.54,-1.65,3,0,0
-3.49,2.08,2.15,1.32,-2.22,3.67,1.92,-1.77,1.56,2.37,3.19,-0.34,-0.04,0.71,-2.7,0.47,3,0,0
-1.6,-1.5,-4.02,-0.82,-3.85,-0.45,-0.96,0.57,-3.08,-0.62,1.1,2.1,1.76,-1.24,-0.45,1.98,3,0,0
-0.48,-2.43,0.79,0.88,-0.34,-1.64,2.89,3.3,0.05,-1.6,-1.63,0.64,-1.58,2.86,1.23,4.45,3,0,0
1.2,-1.08,-1.26,1.44,0.56,0.13,-3.75,0.61,2.03,-1.04,-3.95,-0.93,-0.25,0.65,0.17,1.5,3,0,0
-1.17,1.22,-2.76,0.72,-0.21,2.06,-1.25,-2.26,-0.67,0.89,4.74,0.93,-1.47,5.46,-5.23,-2.05,3,0,0
1.54,-2.03,-3.51,0.94,-3.51,-0.43,-1.12,1.74,-2.08,-3.67,-1.33,0.17,2.12,-0.45,4.41,3.71,3,0,0
1.15,-0.24,4.86,0.1,-0.27,4.06,-0.32,3.7,2.92,0.82,-1.88,-5.44,-0.34,2.62,-3.36,-2.61,3,0,0
2.7,-0.41,-2.57,0.44,-2.98,-0.27,-1.07,-0.48,-1.17,-1.28,-0.83,0.56,2.24,-1.38,2.42,2.36,3,0,0
2.43,-4.41,-1.48,-1.81,-1.42,-0.44,-4.48,0.27,-0.06,-1.27,-2.75,0.41,0.7,0.35,2.09,2.73,3,0,0
4.85,1.89,5.53,-3.32,-3.02,3.66,-4.82,3.43,-2.32,3.23,-5.11,-1.19,2.48,-5.1,-0.03,1.93,3,0,0
2.23,4.55,3.58,1.63,-2.52,1.92,-3.62,-4.0,0.41,-1.11,-0.15,2.76,2.21,-3.42,1.58,-1.19,3,0,0
-4.51,3.25,3.98,-0.45,-0.01,2.34,0.18,1.29,-1.8,0.31,0.58,-0.88,2.7,-1.15,-3.76,-0.01,3,0,0
3.23,2.86,0.34,1.04,-1.32,2.42,-2.28,-4.13,1.36,1.38,-1.19,-1.01,-0.33,-2.43,1.27,-1.88,3,0,0
2.29,-0.7,-2.44,0.57,-1.31,0.27,0.07,-1.68,2.26,-0.32,-4.0,-1.73,-1.01,-0.32,1.74,1.43,3,0,0
-0.96,1.59,2.9,-0.53,0.11,0.09,0.14,-3.46,-2.21,-1.91,5.85,2.35,3.05,5.2,-2.48,-2.66,3,0,0
-2.48,-2.31,-2.89,1.68,0.7,-3.09,1.46,-1.23,-0.28,-0.97,3.61,1.22,-2.46,4.64,-0.37,-0.63,3,1,1
-0.67,-4.01,-0.85,0.47,-0.64,-3.1,6.84,1.97,-1.13,2.28,3.43,-0.19,-2.06,2.63,2.44,1.54,3,0,0
-2.91,-1.98,0.68,-1.58,-0.67,0.83,4.23,0.88,-1.05,1.93,2.65,-0.07,3.08,-0.15,-1.46,1.76,3,0,0
-1.34,-0.9,-5.8,-0.77,1.4,-1.21,2.56,-0.01,-2.77,3.69,0.66,-2.78,-1.19,4.65,-3.86,1.69,3,1,1
1.07,-0.85,0.68,2.37,-0.65,-2.37,0.01,0.16,1.83,-2.81,-4.26,1.27,2.3,-3.22,5.87,5.67,3,0,0
-4.09,4.03,-4.73,3.44,-1.88,1.68,2.86,-0.74,-1.27,2.21,2.94,-1.46,1.2,0.45,-4.3,0.99,3,0,0
-4.02,2.28,-1.19,2.36,-0.44,-0.51,-0.45,-4.28,-0.26,-3.25,4.51,3.09,1.09,1.85,-0.29,0.14,3,0,0
6.01,2.16,1.3,2.01,-3.29,1.29,-3.01,0.7,-1.73,-6.27,-1.84,-0.72,4.42,2.94,3.26,0.41,3,0,0
-0.93,0.47,-1.46,0.16,-3.43,0.98,-1.2,-3.48,-0.48,-0.41,0.05,3.38,2.68,-1.41,0.94,3.32,3,0,0
-0.41,0.41,-2.33,0.09,-0.92,-0.41,-1.12,-2.38,-2.71,4.0,1.46,-0.59,0.51,-1.95,-1.65,-0.24,3,0,0
0.97,0.29,-1.62,1.04,-0.16,1.81,-1.87,-2.31,1.77,-0.86,0.95,0.81,-3.25,3.19,0.44,-0.49,3,0,0
1.71,-1.33,-2.85,0.72,-4.71,1.42,-2.16,0.25,-2.39,1.57,-1.57,0.91,-1.49,-2.44,0.94,1.43,3,0,0
-1.47,-0.25,-0.99,1.82,0.43,-0.3,-0.92,-1.88,2.14,2.37,-1.88,-0.29,-2.07,-2.12,-0.28,-0.06,3,0,0
1.27,-2.8,-0.56,-1.19,3.28,-1.16,0.06,-1.66,1.93,-0.14,-1.06,-2.13,-0.03,1.85,1.82,-1.88,3,0,0
-2.61,-1.52,-1.71,-1.26,-2.92,2.56,-4.36,2.55,-1.67,-2.09,0.48,1.39,2.37,3.1,-2.41,3.15,3,0,0
1.47,-2.05,3.94,-4.53,-0.18,4.42,-5.73,2.3,0.89,6.37,-1.86,-1.2,0.05,-1.92,-4.4,0.64,3,0,0
1.82,0.91,0.24,-0.17,0.23,-0.77,0.83,-0.85,-0.55,2.5,0.82,0.41,-0.78,1.46,-1.0,-0.05,3,0,0
-1.64,-3.85,-4.14,-0.0,-0.63,-0.41,-0.32,-1.29,0.59,3.52,1.49,1.68,-2.82,-3.79,3.37,2.77,3,0,0
3.79,0.02,0.05,-0.36,-2.97,2.74,-4.46,2.64,-0.1,0.36,-0.23,-2.36,0.37,1.71,-1.53,-0.11,3,0,0
-2.71,3.82,4.28,-3.03,1.64,3.7,-3.22,-4.81,-0.81,0.86,0.36,1.67,1.56,-0.64,-3.65,-2.26,3,0,0
6.25,-3.27,1.51,-2.72,-0.97,1.11,-3.37,0.1,0.82,1.19,-3.7,-1.33,-2.19,-0.27,2.58,-0.62,3,1,1
1.17,-0.07,-4.05,1.89,-2.8,1.14,0.63,-2.11,0.19,-1.03,-0.28,1.21,0.56,0.15,1.03,2.67,3,0,0
1.97,-1.09,1.6,-1.41,0.02,3.34,-1.16,-0.3,1.02,1.44,0.27,-2.63,1.39,5.02,-4.5,-1.0,3,0,0
-1.1,3.99,2.0,-0.06,-0.73,4.72,-6.88,2.07,-2.21,-1.59,1.37,-0.95,2.63,3.19,-5.01,1.31,3,1,1
-0.92,-0.64,-2.21,2.1,0.58,-1.84,1.04,-4.81,1.26,-0.61,-1.37,2.09,-3.77,-1.19,3.31,-1.73,3,0,0
1.04,1.54,-3.21,1.44,1.16,-2.7,1.99,-1.34,-1.74,1.95,1.76,0.79,-0.51,0.64,0.58,-0.2,3,0,0
2.78,1.32,-3.3,-0.92,0.63,0.94,-4.94,-3.62,-1.67,-1.03,0.59,0.43,0.04,2.36,-0.44,-1.52,3,1,1
1.29,1.66,7.01,-2.79,1.34,3.77,2.07,-1.3,3.69,-0.72,2.19,-0.71,2.42,0.54,0.9,0.52,3,0,0
1.31,0.11,1.53,-0.82,-3.59,1.49,2.26,1.64,-1.13,0.92,0.13,-0.28,3.5,-2.34,1.16,2.95,3,0,0
0.38,-3.52,-1.26,0.88,-3.71,0.3,1.61,5.76,0.54,4.76,-5.26,-0.9,-1.49,-4.7,1.87,6.31,3,0,0
-0.33,-2.63,-2.08,0.4,0.74,-0.45,-1.66,1.17,-0.48,-3.76,2.41,-2.7,-0.07,6.99,-0.52,-1.84,3,0,0
0.78,-0.9,1.41,-2.43,1.49,-1.76,-0.93,-2.08,-2.38,-2.36,4.05,3.92,-0.13,5.16,1.32,-0.44,3,0,0
-0.34,3.86,2.18,-0.11,-1.57,3.99,-1.23,-1.6,-0.39,3.19,0.83,-0.21,1.66,-4.23,-2.53,-0.99,3,0,0
0.46,2.27,1.15,3.05,0.69,-1.92,-3.54,-1.81,0.49,-3.09,-1.96,0.68,0.16,0.79,2.92,3.07,3,0,0
0.16,-1.96,-3.14,-3.88,2.69,0.5,-1.05,0.33,-1.15,0.68,2.77,0.41,-0.73,1.12,-0.47,-0.49,3,0,0
-0.86,1.24,2.75,-0.57,-3.35,1.77,-0.29,0.02,-2.27,4.6,-0.76,0.56,2.9,-3.32,-2.4,1.98,3,0,0
0.75,0.29,-5.29,5.64,-3.21,0.19,-0.31,-2.04,1.0,-1.21,-1.46,1.57,-1.78,-0.15,2.7,5.0,3,0,0
-1.5,0.64,-3.6,1.75,-2.22,-0.23,1.02,-1.21,-1.25,-0.76,2.23,1.21,2.28,-0.32,-0.22,1.58,3,0,0
2.08,0.96,4.28,2.32,-2.25,-0.87,4.43,0.59,0.13,-2.64,1.86,-1.09,-0.71,1.31,3.98,-2.08,3,0,0
0.2,2.82,1.84,-0.35,-2.35,3.01,-0.79,2.6,-1.97,1.21,0.17,-0.5,2.19,-1.79,-2.67,1.12,3,1,1
0.05,2.66,4.13,-1.17,-0.58,1.71,-1.56,-0.94,0.07,-0.35,1.16,0.22,0.51,0.25,-0.99,-0.61,3,0,0
-1.14,-0.33,0.83,1.51,-0.39,3.59,1.09,2.69,3.74,3.04,0.09,-4.25,-2.34,3.81,-3.79,0.68,3,0,0
1.01,-3.52,0.44,-2.04,-0.39,-1.9,3.05,0.07,1.59,-1.2,-2.17,-0.22,-0.61,-0.32,5.15,3.1,3,0,0
-1.84,-2.53,-4.12,-1.03,0.08,-1.87,0.84,-2.74,-2.8,1.88,1.8,1.66,-2.12,-1.33,0.43,-1.01,3,0,0
-1.42,-3.44,-3.06,-1.53,-0.05,0.67,0.14,-0.73,1.31,2.68,1.06,-0.48,-0.04,0.18,-1.14,1.03,3,0,0
-3.17,-0.33,-0.71,-0.5,1.77,-1.03,0.17,1.06,-1.26,3.03,-0.58,0.42,-0.13,-0.86,-2.09,2.49,3,0,0
-2.8,1.27,-0.82,-0.06,2.86,-0.75,1.13,-0.55,-1.69,3.75,2.21,-0.52,0.56,-0.07,-2.86,1.97,3,0,0
-0.8,-0.9,-2.35,3.2,-2.94,0.41,0.12,1.29,0.02,-1.71,-3.97,1.49,1.32,-3.73,2.36,4.83,3,0,0
-0.98,-2.64,-1.06,-2.48,1.59,-2.45,2.38,0.72,-1.75,-1.24,-0.49,-0.79,2.72,-0.51,1.47,2.1,3,0,0
-2.4,1.51,1.84,1.1,1.12,0.56,3.69,0.64,-0.65,0.13,1.89,-2.53,0.66,1.75,-0.69,-0.27,3,0,0
2.85,2.32,3.52,-2.6,-3.05,3.68,-7.56,-1.39,-3.34,-0.01,0.85,3.18,3.61,-1.56,-1.95,-0.75,3,0,0
-3.81,0.85,1.35,-1.25,0.63,0.86,1.85,0.05,0.07,3.89,0.21,-0.16,-0.62,-3.25,-2.98,0.46,3,0,0
2.62,-4.49,-0.08,-4.36,0.51,1.31,-5.04,-0.27,2.16,-0.17,-2.75,-1.36,0.04,-0.15,0.38,-0.7,3,0,0
1.51,0.78,1.97,2.37,-2.33,2.0,-3.06,-2.64,2.96,0.09,-1.27,0.57,0.79,-0.78,-0.28,0.47,3,0,0
1.96,0.48,0.48,-0.62,-4.34,2.24,-4.38,0.97,-3.13,0.83,-0.03,2.13,0.2,1.12,-2.71,0.29,3,0,0
-2.51,3.24,-0.57,2.81,-1.36,1.85,-4.37,-1.44,1.39,-1.21,-0.34,0.02,1.78,2.25,-2.74,3.06,3,0,0
-0.73,2.27,-0.15,0.78,0.4,0.2,0.54,-1.91,-0.29,2.3,1.02,-0.02,0.47,-2.91,-1.34,-1.02,3,0,0
-2.07,0.5,1.29,2.93,3.63,-0.39,3.81,-1.33,4.72,1.54,0.67,-1.23,-4.1,4.1,-1.23,-1.54,3,0,0
0.5,1.82,1.81,6.7,-0.79,-3.21,0.99,0.04,0.33,-4.11,-0.57,1.32,-1.21,1.53,5.08,2.93,3,0,0
-2.13,-0.05,-3.59,0.18,-1.3,0.53,-0.84,-1.27,-3.07,1.36,5.01,3.23,-1.64,3.46,-4.96,-1.78,3,0,0
1.09,-0.18,0.15,-0.42,2.47,-0.96,2.04,1.35,-1.0,1.79,2.29,-0.51,-2.62,2.77,0.02,0.27,3,0,0
0.85,1.84,4.62,-1.2,0.94,2.1,0.8,2.4,-2.55,1.12,2.72,-3.3,1.96,2.74,-1.9,-1.42,3,1,1
-1.3,5.32,0.1,1.51,-1.29,4.17,-3.47,-2.19,-0.5,0.06,1.39,0.21,0.81,3.48,-6.44,-1.8,3,0,0
-0.79,0.92,-1.41,1.66,-0.89,-2.51,0.46,-2.9,-2.93,0.62,0.64,4.0,-1.45,-0.74,1.19,0.59,3,0,0
3.75,-3.01,-0.86,0.81,1.04,-1.93,2.72,2.2,0.21,-3.74,0.37,-2.24,0.05,4.15,6.34,3.03,3,0,0
0.86,-0.23,0.7,-2.76,-1.35,5.68,-0.65,-1.04,-1.78,2.97,-1.97,-1.65,2.01,1.24,-4.6,-2.73,4,0,0
-0.17,-4.25,0.62,-1.15,-2.85,-0.07,3.69,-0.39,-1.04,3.48,-0.7,2.53,-1.14,0.54,-1.4,-2.45,4,1,1
-1.14,1.56,-0.8,1.18,-4.43,4.5,1.6,3.74,2.26,0.09,3.56,-3.08,-0.75,-0.98,-1.47,-3.24,4,0,0
-1.58,3.26,2.6,0.69,1.87,2.44,1.94,-0.92,-2.12,-1.44,0.67,2.43,2.18,-2.06,-1.35,-1.51,4,0,0
-2.28,3.92,-0.37,-3.49,-1.09,-0.64,0.66,-2.09,-0.79,2.29,-0.39,-0.35,0.46,-0.07,-3.01,-0.35,4,0,0
-3.0,2.46,2.12,2.84,-2.56,4.39,1.72,0.67,-0.43,0.3,1.81,-1.15,-1.33,-1.28,-2.72,-3.78,4,0,0
0.59,1.89,0.14,0.1,1.04,1.86,2.2,-0.49,-0.57,-2.37,0.72,-0.43,0.09,3.23,-1.42,-2.28,4,0,0
1.52,-0.55,-1.59,0.66,-0.12,2.8,-2.53,0.72,0.93,0.97,-1.83,-2.96,0.93,1.26,-1.25,0.39,4,0,0
0.42,-1.29,-2.61,-4.64,-1.31,-1.85,2.53,-0.4,-5.55,0.97,-2.36,2.61,-1.07,2.27,-0.38,0.29,4,0,0
-3.94,1.12,1.99,-0.11,-1.4,-3.93,0.15,-1.47,1.58,2.16,0.0,-0.85,-2.27,0.4,1.03,0.77,4,0,0
2.44,-0.08,-4.75,-2.51,2.66,-7.5,0.44,-3.03,1.41,0.05,-2.54,-1.43,0.76,1.56,5.98,2.89,4,0,0
2.02,-4.74,-0.23,2.49,2.86,-2.11,0.33,2.31,0.46,-3.64,0.04,2.15,-0.9,1.17,5.98,1.76,4,0,0
-1.62,-2.04,0.1,0.9,0.89,0.74,1.43,-0.59,1.17,-1.02,0.65,2.31,0.01,0.19,-1.75,-0.7,4,0,0
-1.48,-0.86,0.58,4.3,-0.84,4.54,3.6,0.94,-1.66,-1.57,1.41,-0.43,0.07,-1.06,-1.89,-4.04,4,0,0
-0.7,1.22,1.06,-0.82,3.24,-1.38,2.01,-6.71,-1.1,1.8,-0.49,0.28,0.97,4.86,-1.39,-1.85,4,0,0
-2.93,-1.35,-0.01,0.22,-3.78,-1.06,0.4,3.35,-1.4,1.2,-1.0,-0.22,-3.0,-2.11,0.5,1.92,4,0,0
-1.96,2.94,2.17,-2.86,-2.36,-0.27,0.57,-1.64,-3.08,2.62,-2.5,-1.84,-1.57,0.67,0.41,-0.89,4,0,0
-1.22,1.5,2.36,-1.41,-0.04,0.16,2.72,-1.37,-2.1,1.79,3.7,5.7,0.08,-0.22,-4.22,-4.46,4,0,0
0.33,0.92,-3.9,-1.85,-0.75,0.1,2.8,0.13,0.11,-2.78,1.46,-0.65,-1.81,3.19,1.53,0.28,4,1,1
-2.0,3.22,0.96,-1.14,-2.15,0.63,-1.69,0.75,0.07,2.05,-1.85,-2.46,-0.19,-1.0,-2.71,0.46,4,0,0
4.65,-1.13,-0.5,-1.34,-0.11,-0.65,0.39,2.72,0.69,-2.42,0.39,0.39,-2.75,5.17,2.9,-1.21,4,0,0
-2.67,0.82,-0.29,-2.05,-0.04,-3.08,3.62,-4.15,1.45,0.44,-1.51,-0.18,-0.14,0.36,1.77,-0.65,4,1,1
-2.28,-0.22,-3.36,2.02,-2.14,0.95,0.68,-0.0,-2.6,2.25,-2.4,-2.88,0.92,-1.39,-4.57,-3.55,4,0,0
-0.18,-3.5,-1.15,7.15,1.12,1.5,0.52,2.22,1.15,-2.15,0.91,1.84,-2.37,0.55,1.32,-1.69,4,0,0
1.22,-0.46,-2.67,4.79,2.16,-1.08,1.83,-0.33,-0.45,-0.34,5.04,0.13,2.71,0.17,-0.03,-5.72,4,0,0
0.76,-6.31,-4.06,1.42,-0.5,-3.41,0.86,-1.43,5.11,0.78,-3.08,-1.11,-2.48,1.06,2.84,-3.16,4,0,0
3.92,2.17,0.09,-2.33,3.33,9.14,3.17,-2.09,-7.3,-3.13,3.16,-0.26,5.36,4.03,-3.23,-4.4,4,0,0
0.91,0.72,0.3,-2.48,-2.47,2.97,1.69,3.4,-2.21,0.09,1.56,0.71,-0.3,2.58,-2.27,3.05,4,0,0
2.45,-1.62,-3.57,1.78,0.13,2.55,-3.09,1.09,-2.47,1.96,0.6,-2.28,1.06,-2.9,1.28,-0.16,4,0,0
2.04,1.39,-1.64,2.34,-1.15,3.03,-1.39,3.64,-1.1,0.87,1.17,-0.63,1.32,-3.05,-1.81,-3.3,4,0,0
4.18,-3.31,-4.14,2.3,-2.15,-1.88,0.51,4.24,4.0,-1.36,-2.72,-1.17,-4.62,2.16,4.98,0.07,4,0,0
0.44,-1.06,-0.3,-0.09,-1.17,1.76,0.2,3.41,2.73,-0.65,0.73,0.35,0.3,2.07,-0.37,2.43,4,0,0
-3.07,0.63,-0.53,1.79,-2.35,0.03,0.54,1.5,-2.81,-0.09,-0.82,-1.32,-2.55,-1.63,-2.14,-1.92,4,0,0
6.94,-2.09,-4.47,1.8,-0.22,-3.63,-3.94,4.66,4.61,1.44,-2.21,-4.27,0.77,3.71,6.08,2.49,4,1,1
-3.78,3.74,-1.39,-4.04,-0.16,-6.07,-0.42,-2.71,-0.99,4.47,1.83,-0.05,1.57,-1.92,-0.59,5.19,4,0,0
-2.1,1.77,0.37,0.58,1.17,1.36,-1.09,-4.52,-3.45,2.72,-2.03,-1.55,0.18,1.69,-4.78,-3.92,4,0,0
-2.35,0.57,1.81,2.54,5.04,0.55,2.22,-2.82,-2.6,-4.44,2.87,2.45,2.2,-3.04,0.49,-3.32,4,1,1
1.96,-0.22,-3.61,-0.8,1.72,-2.04,-3.17,-0.87,-3.54,4.21,-2.59,1.37,2.54,-0.6,-2.65,1.32,4,0,0
-0.79,-0.02,0.66,0.4,1.01,4.22,2.27,-0.89,-0.59,-2.17,1.57,0.52,0.38,2.2,-2.05,0.16,4,0,0
1.08,2.08,-3.36,-1.83,1.1,1.5,1.03,-1.76,-2.63,0.53,0.92,-1.36,3.16,0.4,0.76,2.02,4,0,0
-0.06,-1.5,-2.2,1.71,1.07,1.61,0.46,-0.55,-0.65,-0.84,-0.26,0.27,0.87,-1.97,0.32,-0.12,4,0,0
2.22,-2.49,-0.87,2.54,-1.5,-0.44,-2.02,3.9,2.45,1.51,-2.15,3.04,-4.02,-0.47,-0.53,-1.42,4,0,0
0.67,-1.34,-0.73,0.83,-2.01,2.41,2.12,0.1,-0.59,3.77,-1.13,2.17,-0.05,1.77,-4.27,-0.63,4,0,0
-0.78,-1.08,-0.89,-4.7,0.36,-1.06,0.72,-1.99,0.74,-0.53,-1.63,0.82,-0.02,-1.5,3.31,3.74,4,0,0
-5.35,2.65,3.07,-2.68,-0.71,-1.97,-1.42,-1.24,0.51,2.32,-1.48,2.41,-1.17,-4.75,-1.74,3.16,4,0,0
-1.59,5.15,1.77,-8.61,-0.44,2.35,1.72,-5.34,-6.89,1.78,2.83,-1.61,1.97,-0.3,-1.52,-1.56,4,0,0
0.27,3.51,0.5,2.41,0.16,1.72,1.19,-0.74,-3.15,-0.01,1.18,-2.18,0.3,-0.98,-0.2,-4.02,4,0,0
-0.14,-0.2,0.43,-0.91,-1.34,1.45,1.12,2.15,-2.93,0.7,-1.91,6.29,-3.7,-0.59,-3.79,0.44,4,0,0
0.03,-1.65,0.54,-1.46,1.42,0.53,-4.46,-2.35,0.27,2.69,-2.63,0.08,-0.76,-0.16,-1.88,-0.16,4,0,0
0.08,4.45,-2.24,2.21,-2.05,-1.73,3.81,2.06,-0.14,-2.83,3.21,-3.72,-1.59,0.29,2.09,-4.51,4,0,0
-1.91,1.41,1.72,-2.23,0.21,-4.24,-2.81,-1.52,-0.95,3.26,-2.68,1.68,-3.01,-2.93,1.17,2.87,4,0,0
-0.45,4.17,4.02,-4.49,-4.46,1.91,1.8,2.3,-1.74,0.32,2.43,-0.07,-4.59,-1.3,1.4,1.79,4,0,0
-1.78,2.49,-2.22,-1.95,1.2,0.23,0.08,-5.12,0.26,0.93,-2.63,-2.83,1.61,0.34,-1.5,0.41,4,0,0
-1.89,1.88,-1.43,-1.17,-1.13,-2.57,-1.17,1.29,0.94,0.47,-0.2,-3.07,0.47,-0.81,1.89,4.79,4,1,1
-1.28,-0.27,-2.52,-0.2,-1.0,-3.02,-2.3,0.04,2.18,2.53,-0.21,-2.66,-0.03,-2.76,1.24,1.3,4,0,0
2.38,-1.87,-5.93,1.24,-1.83,-0.66,-2.59,0.78,2.47,0.91,-5.54,-5.79,-2.65,-0.24,2.43,0.44,4,0,0
0.61,-2.69,-0.33,-0.21,-1.11,0.06,-1.08,2.43,0.36,2.1,-1.09,3.54,-1.31,-0.66,-1.93,1.42,4,0,0
-3.98,-0.3,1.41,-6.0,0.14,-2.34,0.02,-2.69,0.71,1.88,-1.43,1.43,0.8,-0.55,-1.38,6.4,4,0,0
1.7,-0.59,-1.22,-1.58,1.6,-2.52,-0.43,-1.7,1.99,-0.05,-1.45,-0.36,-1.38,3.29,3.96,1.89,4,0,0
-2.68,-2.44,-2.21,-0.8,1.28,-0.88,3.86,-2.11,-0.2,-2.05,1.5,3.79,-0.65,-0.14,0.06,1.84,4,0,0
3.83,-1.54,0.83,4.52,1.63,0.37,-4.77,2.71,3.69,2.9,1.36,-1.08,1.55,2.45,-1.44,-1.32,4,0,0
0.11,-1.04,1.84,0.07,0.73,1.95,3.24,-0.43,0.01,-1.15,0.8,4.15,-1.15,3.69,-0.2,-1.33,4,0,0
-1.43,-0.07,-0.27,1.42,-1.37,3.27,-2.59,0.29,2.41,2.28,1.88,-2.22,0.39,-5.28,-2.45,-1.25,4,1,1
-0.25,0.99,3.04,-2.31,1.85,1.48,0.85,-1.59,-1.22,0.02,2.12,2.41,1.17,0.09,-1.02,2.52,4,0,0
-1.7,3.19,-1.26,-0.36,-1.23,0.68,-1.71,0.51,-3.66,0.74,0.8,-4.69,-0.36,-1.85,0.26,-0.23,4,0,0
0.74,1.12,-4.52,-2.66,-4.27,3.44,1.27,1.19,1.17,-0.69,0.6,-5.43,-2.0,2.17,0.89,-2.11,4,0,0
2.32,-2.43,-0.25,-0.25,-3.54,0.1,2.19,5.48,-2.33,0.94,2.2,1.98,-0.64,-0.77,0.63,-3.42,4,0,0
-3.07,-1.07,3.61,-0.99,-1.19,3.3,-0.62,-0.72,1.87,2.89,2.54,0.47,0.98,-2.81,-1.88,2.26,4,0,0
5.12,-0.36,0.96,-1.43,2.3,-2.14,-5.01,0.65,-0.47,2.34,-2.71,-1.27,-0.18,2.89,2.4,2.57,4,0,0
-2.91,-2.95,-0.25,2.87,0.03,-1.26,1.78,-1.65,1.13,-0.8,-0.25,-0.88,-2.08,-1.96,2.6,-1.38,4,0,0
-1.53,5.73,-0.82,-2.8,0.67,-0.9,1.39,1.46,1.49,-3.09,4.84,-0.61,2.49,0.36,0.58,4.03,4,0,0
2.46,1.52,-0.11,-1.69,-0.43,-2.03,-0.08,2.2,5.65,0.11,1.02,-0.36,0.29,3.9,0.81,1.94,4,0,0
1.07,-0.43,2.5,0.57,2.51,3.16,0.38,-1.57,-5.12,0.54,1.86,2.3,2.21,0.54,-2.04,-3.08,4,0,0
2.63,-1.26,-3.57,1.24,-0.72,-0.99,-0.75,3.84,3.66,-1.09,1.32,-1.57,-0.12,-0.32,2.88,2.14,4,0,0
-3.65,-0.15,-4.08,-3.2,-3.25,0.06,1.82,-4.28,-2.53,3.4,-4.16,-2.17,-1.14,0.57,-5.44,-3.72,4,0,0
0.18,-2.35,0.39,1.54,0.2,3.71,0.67,0.71,-4.25,-0.87,-0.68,0.01,-2.09,2.48,-0.25,0.28,4,0,0
-4.4,2.14,1.34,-1.32,1.21,1.52,-1.97,-2.92,-0.29,0.81,1.9,-1.53,0.8,-3.07,-0.12,2.88,4,0,0
-1.36,2.26,-4.2,0.79,-4.13,-3.04,-0.79,2.71,0.12,1.58,-1.54,-4.33,-1.91,-4.65,2.37,0.38,4,0,0
0.95,0.37,1.34,-1.43,-0.24,1.29,3.21,1.59,-0.15,-1.88,-0.29,2.5,0.64,1.59,-2.61,-3.9,4,0,0
1.27,-4.28,-2.89,1.92,-1.34,0.75,1.64,2.4,5.12,-1.32,-3.43,-1.81,0.5,2.94,-0.61,-1.21,4,0,0
-1.03,-2.27,0.1,1.68,4.47,0.17,-2.06,-0.36,3.82,-2.33,0.19,5.58,0.15,-1.38,-1.07,1.29,4,0,0
3.53,-7.29,-2.52,1.03,-2.12,-3.0,-4.38,5.85,8.4,-1.15,-4.31,-5.64,-4.22,0.43,10.21,8.26,4,0,0
3.14,-1.21,-1.66,2.73,-1.93,-4.21,-2.12,5.66,2.84,1.61,-0.13,-0.62,-1.53,-0.71,2.87,0.63,4,0,0
2.66,-3.72,-3.16,2.89,0.79,1.33,0.12,0.65,-1.59,1.05,-0.66,-0.19,0.61,1.72,-0.7,-2.09,4,0,0
-5.54,-0.91,0.42,-0.64,-0.19,1.41,4.34,-4.06,1.33,-2.12,-3.41,0.87,-1.02,-0.71,-1.36,0.21,4,0,0
-2.1,-1.43,5.1,-0.03,0.02,-1.03,1.06,-0.87,0.13,-0.51,-0.62,1.37,-3.77,0.03,2.6,-1.3,4,0,0
0.0,-1.03,0.2,3.48,2.54,0.45,-1.19,-1.2,0.33,0.37,1.29,-1.27,1.96,-1.45,0.88,-2.92,4,0,0
0.97,1.01,-0.45,-4.38,1.31,1.91,1.39,0.6,-3.77,-4.71,0.85,2.56,-2.72,2.33,0.39,1.15,4,0,0
1.36,-2.82,0.92,-2.2,-1.51,-2.7,-0.44,0.73,5.33,1.29,-1.04,1.37,-3.51,0.4,1.67,-0.28,4,0,0
0.43,-1.85,1.04,1.76,2.09,2.83,1.09,-0.58,0.13,-0.26,-0.4,2.23,3.33,1.8,-3.07,-2.64,4,0,0
-1.45,-4.45,-0.35,3.77,0.05,4.72,3.17,-0.27,3.78,-2.22,-1.8,1.73,1.12,-0.29,-1.37,-2.52,4,0,0
-3.66,-1.51,3.69,-0.25,2.23,0.94,1.08,-3.2,3.77,-1.02,1.67,3.68,-0.64,-1.76,-1.12,-0.41,4,0,0
-4.53,0.12,-1.71,0.19,1.24,-4.28,3.75,-5.3,1.15,0.79,-0.11,2.2,0.15,-2.54,-0.87,-1.39,4,0,0
-0.83,3.41,1.37,-2.64,0.56,3.96,1.8,0.16,-1.03,-1.88,4.31,1.25,2.02,0.53,-1.44,1.46,4,0,0
0.99,4.12,-0.01,1.33,-1.4,-1.92,1.21,2.73,2.54,-0.19,1.76,-1.78,-0.66,4.49,-0.24,-1.33,4,0,0
3.62,0.23,0.16,0.9,-0.14,2.16,1.07,3.48,-0.95,-1.87,1.83,0.22,-0.93,1.53,2.55,-0.38,4,0,0
-2.5,-1.4,-2.04,-0.92,0.12,-0.09,2.64,-2.52,-0.87,-0.5,-1.99,-0.44,0.62,1.37,-1.5,-0.37,4,0,0
-1.4,-0.58,-3.85,-1.67,-0.67,-1.64,2.32,-2.73,-0.69,-0.57,-2.39,-2.48,-1.12,1.44,1.08,-1.72,4,0,0
-2.26,0.44,0.26,4.6,-1.25,-0.41,0.83,2.96,-0.92,-1.23,-1.61,1.13,-2.93,-3.33,-0.42,-0.56,4,0,0
1.1,0.34,-1.38,-5.34,-0.9,-0.72,-0.61,-1.59,-1.1,2.43,-2.13,0.14,0.37,0.95,-1.47,-0.64,4,0,0
-2.16,1.46,4.44,-1.21,2.31,-0.29,0.54,-1.18,-2.06,1.06,2.59,4.9,1.64,-1.17,-2.27,2.33,4,0,0
-0.2,2.67,-0.08,-0.7,-0.43,0.63,4.65,-5.19,0.42,2.06,2.55,-1.82,1.82,4.23,-3.24,-8.24,4,0,0
4.62,-2.66,1.17,0.43,0.85,1.71,0.42,4.88,-0.98,-3.55,-0.03,0.07,-0.36,2.94,4.17,3.62,4,0,0
2.99,-0.52,-1.53,-2.5,2.0,1.36,-3.31,0.22,-0.1,0.07,-2.29,-2.31,2.65,1.58,1.6,3.75,4,1,1
1.25,2.3,-2.04,-1.65,-0.01,0.08,0.37,0.79,-0.83,0.98,1.96,-0.34,1.23,2.84,-0.73,1.41,4,1,1
-1.36,1.96,1.63,-0.44,-1.61,0.94,0.73,-0.55,3.84,1.84,4.48,-0.1,-0.25,-1.55,-0.89,-2.91,4,0,0
-1.97,2.98,1.17,-3.79,-2.5,2.39,1.35,-1.11,-2.29,1.39,0.19,0.97,-2.27,-1.2,-1.67,-0.91,4,0,0
0.64,-0.98,1.98,1.06,2.95,2.02,-4.21,-1.47,0.74,1.03,-1.23,-1.87,2.0,-0.21,1.16,0.03,4,0,0
3.77,1.52,-3.52,1.83,0.16,0.92,0.71,4.33,-0.79,-2.6,5.35,-2.06,0.19,3.84,1.95,1.23,4,0,0
0.42,2.68,3.41,-1.74,-1.28,2.45,-0.64,3.08,-0.27,-0.67,0.91,0.07,-1.14,0.37,-1.51,0.55,4,0,0
-1.27,3.1,3.27,-4.08,2.56,-1.72,-0.52,-4.26,-2.83,2.21,3.66,3.86,0.28,0.25,-0.08,0.81,4,0,0
-1.76,0.93,0.31,0.96,0.8,0.3,2.21,-2.88,-0.46,0.21,3.16,-1.33,0.75,0.46,-0.2,-3.22,4,0,0
3.74,-1.37,-3.04,-1.01,2.59,0.56,-2.63,-3.96,-0.12,2.54,-3.05,-0.79,0.68,0.84,1.55,0.01,4,0,0
-0.39,-3.48,-3.98,4.72,2.0,2.94,1.9,-1.99,-2.13,-2.82,-0.42,-0.66,-1.46,2.0,-1.96,-4.39,4,0,0
1.53,-0.63,1.77,-0.92,-2.21,-1.68,-1.65,1.14,4.31,3.9,-0.39,-2.18,-0.84,0.54,2.6,-0.12,4,0,0
1.22,-1.55,-1.18,-0.72,-1.29,0.04,-0.21,2.04,0.79,-0.23,1.21,-0.6,-1.61,0.37,1.47,-1.79,4,0,0
2.55,-0.96,3.05,-3.06,1.23,2.71,-2.04,-1.78,-0.63,2.22,-3.34,-0.02,0.86,1.74,-0.21,-1.26,4,0,0
-3.42,5.74,-0.19,-5.68,-0.5,0.73,2.06,-3.29,-2.19,1.23,1.86,0.13,2.06,2.01,-4.7,0.79,4,0,0
-0.12,-0.84,0.21,-4.47,4.11,0.41,1.24,-5.88,-2.33,0.5,0.89,3.06,3.85,1.05,-0.26,-0.09,4,0,0
1.12,-1.81,-0.97,0.06,0.7,1.85,-1.51,0.68,-2.74,0.79,-2.8,2.33,-1.12,1.44,-2.18,1.08,4,0,0
-4.14,1.74,4.57,3.89,-0.49,1.87,0.36,3.15,1.03,-0.47,3.11,1.8,-0.73,-0.67,-5.27,1.75,4,0,0
-0.88,1.68,-0.36,-5.76,-0.72,-1.92,-0.9,-1.85,0.53,1.57,-0.37,-1.84,-0.71,0.06,3.96,5.75,4,0,0
3.32,0.29,-0.24,-1.54,5.29,1.19,1.09,-5.67,-0.79,-0.44,2.1,1.77,2.18,6.91,-1.3,-2.87,4,0,0
1.04,1.54,0.45,0.05,0.22,0.32,-1.28,-1.47,-3.25,3.35,0.27,-0.72,0.01,1.62,-1.61,-1.7,4,0,0
0.84,2.79,2.0,2.73,-0.41,5.57,-0.28,2.12,-0.18,1.89,4.42,0.82,2.28,-1.25,-3.91,-1.34,4,0,0
-3.11,0.09,1.2,-6.91,-2.57,-3.29,1.38,-2.67,-0.04,2.77,-4.64,2.07,-2.45,-2.75,-0.29,1.17,4,0,0
-2.34,0.58,0.17,-2.53,0.44,0.35,0.25,-3.51,-1.95,2.47,0.59,0.93,1.17,-1.47,-3.77,-0.98,4,0,0
-0.95,-2.78,0.14,0.53,1.12,1.74,1.77,-2.15,-0.1,0.54,0.69,5.09,-1.42,-0.16,-1.84,-1.47,4,0,0
1.31,2.81,0.11,2.25,0.26,2.05,0.29,3.73,0.95,-0.47,5.78,0.65,2.84,-2.1,-0.81,0.63,4,0,0
-3.97,0.62,1.78,-1.34,-1.58,0.47,1.81,-0.85,-1.01,1.19,0.11,1.8,-0.9,-0.84,-1.95,-1.5,4,0,0
1.62,-0.38,-1.42,-0.19,0.02,3.79,1.5,0.06,-3.13,0.1,2.02,0.57,1.36,2.15,-3.9,-3.07,4,0,0
-0.57,2.76,0.47,-4.84,-2.76,1.1,-1.57,0.7,-0.79,2.42,-0.65,-1.13,-1.07,-1.73,-0.81,1.63,4,0,0
0.38,-0.74,-3.21,-3.74,-2.43,0.51,-0.9,-1.55,-1.38,2.71,-4.43,-0.58,-2.68,-1.03,0.12,1.65,4,0,0
-0.0,2.73,-1.75,-5.06,-3.73,-0.15,1.83,-1.05,3.18,-0.33,-1.13,-5.74,-2.86,2.19,2.72,-2.16,4,0,0
2.11,0.71,-0.17,2.15,0.33,-1.0,-0.81,1.43,2.55,0.64,2.31,-1.18,-0.41,1.98,2.2,0.24,4,0,0
1.04,0.48,1.68,2.36,-0.66,1.08,0.55,3.05,2.64,-2.22,-0.07,-2.88,-0.38,1.93,2.58,-1.89,4,0,0
2.09,-2.25,-0.7,1.97,1.01,3.29,1.51,4.17,-1.47,-3.4,0.34,2.03,1.03,2.29,-1.21,3.25,4,0,0
0.59,2.4,-0.28,-0.72,-0.65,0.54,-0.7,-0.08,-0.37,0.39,0.04,-1.6,-1.59,0.75,0.41,-3.02,4,0,0
-0.93,3.95,5.56,1.14,-0.25,4.27,3.08,1.59,-2.9,-1.73,1.3,3.38,-0.9,2.15,-4.29,-2.84,4,0,0
-2.71,1.86,-3.54,-1.15,-1.39,-4.68,1.37,0.52,4.12,-0.4,-0.58,-1.32,-0.71,-0.54,2.72,4.86,4,0,0
-2.56,2.47,-0.27,0.42,0.05,1.74,3.03,-0.73,1.39,-1.56,3.51,0.52,0.67,-0.09,0.08,-0.19,4,0,0
0.35,-2.9,1.15,1.48,-0.94,1.07,2.12,3.52,0.29,-2.02,-0.36,1.43,-1.62,1.01,-0.21,-1.48,4,0,0
1.41,-0.62,-0.91,-0.95,-0.0,2.79,2.3,-1.61,0.11,-0.42,-0.84,-0.89,1.95,3.68,-2.3,-6.21,4,0,0
0.99,1.9,2.53,0.91,-2.47,1.3,-0.02,2.36,1.48,2.43,2.34,-1.95,1.36,-3.7,-0.76,-5.14,4,0,0
0.26,1.79,2.13,-2.93,0.27,2.6,-0.49,-1.2,-0.28,0.98,1.36,-1.89,2.81,0.13,-1.61,-1.99,4,0,0
-0.14,0.92,1.09,1.97,-1.17,4.94,0.58,1.58,-0.53,1.31,3.07,0.84,0.21,1.01,-5.3,-2.13,4,0,0
-2.46,-1.29,-3.21,0.31,-4.08,2.37,5.22,2.72,0.63,-2.07,-1.41,0.22,-1.05,-0.31,-1.16,-3.52,4,0,0
-1.13,3.41,1.92,1.26,1.9,1.5,1.99,0.63,-2.56,-1.0,4.91,2.03,3.58,0.78,-2.0,1.85,4,0,0
0.1,-3.89,0.64,2.47,-1.1,0.24,-2.84,1.87,4.92,1.25,-2.56,0.13,-3.61,-0.67,1.0,-1.74,4,0,0
-0.66,-2.84,-2.64,3.4,2.6,-1.71,-1.02,0.59,-0.05,-1.37,-4.81,1.83,0.4,-0.51,1.93,5.58,4,0,0
1.35,-2.48,0.02,1.29,0.15,-2.02,-0.34,-0.68,1.53,2.01,-1.85,0.16,0.03,1.15,-0.06,-3.58,4,0,0
1.07,-0.15,3.57,1.54,1.66,0.72,-4.21,1.99,0.79,0.4,-2.74,0.01,0.63,-4.62,3.04,0.61,4,0,0
0.49,-1.23,0.89,3.11,2.19,-2.26,-0.66,0.58,2.89,0.0,-1.06,0.73,0.81,1.76,1.43,0.51,4,0,0
