@relation SyntheticData-N_1200-D_8-Nmin_140-Zmin_16-CL_3_3-R_0
@attribute X0 real [-6.26, 6.66]
@attribute X1 real [-4.79, 5.62]
@attribute X2 real [-6.05, 6.54]
@attribute X3 real [-7.44, 7.92]
@attribute X4 real [-4.96, 5.01]
@attribute X5 real [-4.64, 4.88]
@attribute X6 real [-6.05, 4.98]
@attribute X7 real [-5.97, 5.16]
@attribute cluster_idx {0,1,2,3,4,5}
@attribute is_noise {0,1}
@attribute Class {0,1}
@inputs X0,X1,X2,X3,X4,X5,X6,X7,cluster_idx,is_noise
@output Class
@data
-1.99,-0.21,-0.8,1.66,0.88,2.17,-2.08,-0.52,0,0,1
0.82,0.49,-0.73,-0.52,1.01,-1.12,-0.12,-0.13,0,0,1
-2.97,-1.3,0.39,0.43,1.42,-1.25,-3.08,0.56,0,0,1
0.49,-0.19,-0.59,0.78,1.3,-0.06,-0.32,1.56,0,0,1
0.63,-0.41,-0.16,0.96,-1.91,1.01,-1.29,-1.4,0,0,1
-2.52,-0.27,3.2,-2.27,-0.31,-3.22,1.22,1.15,0,0,1
-1.16,1.38,-0.62,1.39,1.95,-1.04,-2.33,2.38,0,0,1
-0.84,0.55,0.74,-1.2,-3.49,0.21,1.45,-0.62,0,0,1
-5.02,0.16,2.37,-0.47,-0.85,-0.72,-0.4,1.52,0,0,1
-6.26,-1.56,3.67,-2.78,0.28,-3.52,-0.26,0.58,0,0,1
3.84,1.73,-0.24,1.0,1.03,-1.53,-0.21,0.35,0,0,1
-2.55,0.57,1.43,-1.05,-3.4,0.44,1.99,0.72,0,0,1
0.76,-1.42,0.04,0.2,-0.75,-1.07,-2.41,-1.4,0,0,1
1.28,0.76,-0.11,1.84,-0.32,1.32,-1.24,-1.41,0,0,1
-0.47,0.76,-0.78,1.56,-0.48,3.07,-0.25,-1.01,0,0,1
-0.17,3.0,-2.08,1.51,1.22,0.13,-1.27,0.95,0,0,1
-1.94,-2.63,0.6,0.03,-0.23,0.11,-1.92,0.12,0,0,1
-0.83,1.83,0.05,1.05,-0.83,1.84,0.45,-1.54,0,0,1
-4.53,0.37,-0.1,-0.07,-0.42,1.15,-0.17,1.73,0,0,1
2.11,1.65,-0.46,1.14,-3.4,2.85,2.01,0.34,0,0,1
2.08,-0.34,0.09,2.08,-1.15,2.71,-0.67,-1.87,0,0,1
0.78,-2.1,2.05,-0.5,3.39,-3.35,-0.93,0.82,0,1,0
-1.08,0.54,1.17,-0.66,-1.71,-1.3,0.27,-0.5,0,0,1
0.64,-1.19,-1.56,1.1,-0.49,0.06,-3.25,-1.57,0,0,1
1.8,-1.56,0.36,-0.68,1.47,-1.84,0.63,1.64,0,0,1
-2.53,-0.82,-1.12,0.99,0.9,-0.03,-2.2,3.56,0,0,1
2.43,2.6,-0.26,1.11,3.82,-0.55,0.54,-0.48,0,0,1
1.21,-3.38,-1.62,1.43,-0.01,0.46,-4.6,-2.41,0,0,1
-2.66,-0.0,1.65,-0.68,0.47,-0.41,1.05,1.17,0,0,1
1.35,2.06,-0.14,0.71,1.08,0.2,1.42,1.28,0,0,1
0.05,1.82,1.86,-1.54,1.84,-2.71,3.06,1.98,0,0,1
-2.21,0.21,0.54,-0.63,-2.09,0.83,2.14,2.07,0,0,1
3.0,2.95,0.46,-0.01,-0.38,-0.65,2.68,0.4,0,0,1
-1.59,1.07,-0.4,0.19,0.26,0.05,-0.73,-0.32,0,0,1
-3.61,-0.4,2.08,-0.59,-0.4,-0.67,-0.18,1.18,0,0,1
-3.53,-2.97,3.43,-1.85,-1.82,-2.06,-0.51,-0.2,0,0,1
-1.15,0.71,0.18,-0.51,0.45,-1.23,-0.7,-0.38,0,0,1
2.1,1.83,0.7,0.73,3.11,-0.21,2.56,3.47,0,0,1
-2.32,0.02,0.58,0.51,2.3,-0.06,-0.3,2.63,0,0,1
-0.54,-0.18,0.05,-0.19,0.42,-1.62,-1.7,-0.04,0,1,0
0.29,-0.19,-3.3,0.61,1.08,0.24,-1.68,1.95,0,0,1
-2.17,-0.67,0.27,0.34,0.82,-0.5,-1.75,0.12,0,0,1
0.71,-0.17,1.13,0.2,0.47,0.06,0.48,-1.38,0,0,1
-1.3,-0.1,0.44,1.25,1.23,2.02,-0.52,-1.32,0,0,1
0.6,-1.21,0.7,0.5,-1.69,0.82,-0.56,-3.24,0,0,1
0.28,-0.71,0.62,-0.56,0.06,-0.77,0.23,-0.46,0,0,1
-3.15,1.72,2.88,-1.2,-0.39,-1.21,1.12,-1.94,0,0,1
-1.24,0.13,1.08,-3.33,-0.68,-1.33,2.78,-1.84,1,0,1
3.33,-1.25,-3.39,5.15,-2.5,2.72,-2.84,3.32,1,0,1
-0.94,-0.2,0.1,-0.46,-0.87,0.97,-0.91,0.49,1,0,1
-2.32,2.73,1.61,0.68,1.99,2.26,-2.79,0.37,1,0,1
-0.31,-2.19,-2.06,1.83,1.0,0.78,-2.81,2.45,1,0,1
-2.32,1.22,2.51,0.66,4.12,0.99,-0.76,-0.98,1,0,1
-0.48,-1.11,1.24,-0.65,1.32,-0.03,2.61,-1.33,1,0,1
-3.95,3.65,-0.29,-2.95,0.43,0.68,0.21,-0.5,1,0,1
2.28,0.91,-0.94,1.36,1.52,-1.05,-0.57,0.38,1,0,1
-2.74,1.36,-2.59,-1.79,-1.93,1.13,0.21,0.97,1,0,1
-2.14,-1.17,0.35,-0.65,2.8,-0.08,-1.5,0.58,1,0,1
1.47,0.4,1.51,-0.1,2.56,-2.31,-0.01,-0.98,1,0,1
-1.91,-0.36,4.53,-2.48,1.42,1.38,2.55,-2.05,1,0,1
-0.42,-0.21,-1.92,-0.13,-0.9,1.45,0.07,1.37,1,0,1
-4.26,2.15,3.06,-0.49,0.55,3.96,-3.54,0.63,1,0,1
-1.31,-0.06,1.46,-1.01,0.81,-0.35,-0.83,-0.38,1,0,1
2.81,0.41,-1.48,3.31,-0.3,-0.77,-4.09,1.67,1,0,1
0.71,0.54,-2.25,0.69,-2.35,1.2,-2.71,2.38,1,0,1
-2.25,3.17,2.3,1.83,0.68,3.49,-1.52,-0.73,1,0,1
-3.25,0.5,1.43,0.6,1.01,1.96,-2.5,0.21,1,0,1
0.04,-3.41,-1.55,-0.74,-1.63,0.03,1.81,0.59,1,0,1
0.92,1.49,-0.78,1.1,0.49,-1.81,-2.19,0.17,1,0,1
-0.27,0.59,-0.39,-0.67,0.73,-2.33,0.4,-1.04,1,0,1
0.18,3.55,-1.71,-0.51,-1.88,-1.96,-1.79,0.09,1,0,1
-3.42,3.13,1.64,-1.27,0.66,1.4,-0.9,-0.79,1,0,1
1.9,0.13,0.59,-0.71,0.95,-1.16,1.65,-0.68,1,0,1
2.73,-0.11,1.94,-1.22,0.72,-1.2,3.44,-1.64,1,0,1
-0.19,2.95,1.38,-0.14,-0.59,2.07,-0.64,0.15,1,0,1
-2.18,-1.67,3.08,-1.29,1.87,2.08,2.0,-1.06,1,0,1
-2.03,4.1,0.75,1.27,2.29,-0.7,-4.65,-0.29,1,0,1
-0.39,2.33,-0.02,0.32,-1.61,1.46,-0.45,-0.05,1,0,1
-0.01,0.08,2.18,-0.52,-2.33,2.3,1.13,-0.64,1,0,1
-0.21,2.35,-2.53,-1.91,-0.73,-3.7,-0.53,-0.28,1,0,1
-0.53,0.94,-2.76,0.73,-1.48,1.39,-1.57,1.96,1,0,1
1.94,-2.07,-0.38,4.08,2.34,-0.35,-1.26,0.34,1,0,1
0.7,0.04,-1.43,2.25,2.8,0.43,-3.22,2.13,1,0,1
-0.79,-2.77,-2.36,0.78,-0.65,0.61,-1.18,1.73,1,0,1
-1.59,0.6,-1.62,0.52,0.94,-0.38,-0.11,-0.09,1,0,1
0.65,-2.61,2.17,1.11,2.09,1.62,-0.31,0.42,1,0,1
-1.69,2.55,-0.54,-1.94,0.92,-2.62,-1.9,-0.49,1,0,1
-2.8,0.68,1.96,1.45,-0.34,3.05,-1.24,-0.47,1,0,1
0.22,0.04,0.53,-0.75,-0.95,-0.52,1.25,-0.88,1,0,1
2.02,1.98,-0.83,-0.6,-3.16,-1.12,0.85,-0.56,1,0,1
0.19,-1.96,3.93,0.46,1.1,1.67,1.44,-1.36,1,0,1
-1.05,-1.99,-0.07,0.64,1.99,-0.46,0.75,-0.57,1,0,1
3.26,-0.28,1.21,0.05,-0.43,-2.04,-0.06,-0.66,1,0,1
0.3,2.04,0.43,0.13,0.92,-2.23,-1.19,-1.03,1,0,1
1.55,-2.31,-2.17,2.89,3.26,1.05,0.56,-1.03,2,0,1
0.82,0.5,-0.41,0.67,0.55,1.75,0.02,-0.09,2,0,1
-1.29,2.39,-1.33,-0.4,-1.94,-2.76,-2.95,-1.12,2,0,1
-0.97,-1.57,0.87,1.83,1.4,-0.88,-0.93,0.2,2,0,1
-1.49,3.4,-1.8,-1.53,1.37,-0.27,-2.6,1.67,2,0,1
0.46,4.6,-2.91,-3.85,-1.48,-1.14,1.08,0.64,2,0,1
0.11,-0.98,1.87,-0.44,3.82,-0.92,-1.43,0.53,2,0,1
-0.83,1.56,2.01,-1.36,-0.56,0.3,-1.5,-0.35,2,0,1
-0.03,1.1,-1.31,0.83,2.46,2.37,0.4,-1.0,2,0,1
1.43,-1.7,1.61,0.53,4.5,1.03,-1.29,-1.46,2,0,1
0.25,-0.6,-1.2,0.79,2.37,0.34,-1.59,0.04,2,0,1
0.51,4.13,0.21,-2.48,-1.36,-2.96,-1.46,-3.09,2,0,1
0.73,-0.96,-0.43,1.04,0.12,0.51,-3.94,0.12,2,0,1
-0.82,-0.71,0.07,1.15,-1.0,-1.09,-1.07,0.37,2,0,1
0.19,-0.3,-1.6,1.24,-1.47,1.68,0.13,0.78,2,0,1
-1.61,0.36,0.65,2.28,-2.07,-1.01,0.08,-1.01,2,0,1
2.66,-0.12,-0.76,-0.13,2.64,1.14,1.52,-1.43,2,0,1
0.59,0.96,0.29,0.25,0.96,1.6,0.63,-0.5,2,0,1
-0.31,0.13,-1.28,0.81,-2.04,0.27,-0.36,1.7,2,0,1
1.52,-2.34,0.74,1.21,-1.15,0.92,2.11,-0.13,2,0,1
-0.51,-3.3,2.63,2.48,-2.34,0.34,-3.47,-0.13,2,1,0
0.48,-1.23,-1.04,1.17,0.69,2.01,-2.1,1.51,2,0,1
-0.18,-2.28,1.83,0.95,1.93,0.65,1.3,0.57,2,0,1
-0.53,-2.74,0.07,2.26,0.12,-1.7,-2.58,-0.08,2,0,1
1.82,-1.68,-0.55,1.25,0.55,1.37,0.8,-1.32,2,0,1
-0.72,1.24,-0.05,-0.46,2.02,1.1,-0.29,0.87,2,0,1
-0.53,1.45,-4.25,0.73,3.29,1.25,2.27,0.95,2,0,1
-0.49,0.28,-2.94,1.96,2.17,0.37,-1.94,-0.41,2,0,1
-0.2,1.1,-0.86,1.32,-0.06,1.48,-0.93,-0.89,2,0,1
-1.41,-0.11,-0.42,2.48,-3.22,0.58,1.04,0.7,2,0,1
0.34,1.36,-1.68,-0.59,1.7,-1.75,-0.9,-1.32,2,0,1
-1.42,1.37,3.09,-2.84,-0.68,-0.69,-0.53,2.02,2,0,1
-0.55,3.95,1.12,-3.31,-1.81,-1.79,-3.4,-0.07,2,0,1
0.3,2.01,-0.24,-0.48,0.43,-0.22,-1.0,-1.22,2,0,1
1.67,-1.1,2.12,0.12,-1.02,-0.1,-1.62,-1.53,2,0,1
1.36,0.06,0.12,-0.95,2.38,1.35,-1.04,1.24,2,0,1
0.05,0.89,-2.29,-0.03,-1.06,-0.36,-1.64,0.73,2,0,1
-0.83,0.1,-0.1,0.51,-1.08,-0.49,-1.61,0.61,2,0,1
-1.44,-0.07,1.91,-0.2,-0.12,-3.15,-0.52,-0.36,2,0,1
0.11,-3.43,-0.21,1.55,1.56,-0.89,-2.3,1.86,2,0,1
-0.81,3.18,-2.1,-0.75,0.89,-0.48,-0.31,-0.24,2,0,1
0.75,-2.7,-1.83,4.23,1.53,0.8,-0.22,-0.12,2,0,1
0.42,-2.76,1.26,2.3,0.37,-1.11,2.3,-2.05,2,0,1
0.83,1.76,-2.85,0.28,1.32,0.34,1.19,-1.34,2,0,1
1.84,-2.02,-0.64,1.42,1.55,-0.22,3.9,-1.02,2,0,1
1.2,-1.29,-0.16,0.13,-0.26,-2.24,-3.3,-0.69,2,0,1
-2.91,0.2,2.9,-2.67,1.44,3.6,-2.08,1.89,3,0,0
-1.28,-1.88,-2.26,-1.95,0.64,-0.03,1.69,-1.04,3,0,0
0.63,-0.54,0.74,-0.07,-1.5,-0.02,0.69,0.01,3,0,0
0.95,-1.24,0.23,0.95,-0.28,0.71,1.68,-0.37,3,0,0
-0.11,0.7,0.28,-0.01,-0.22,-0.85,0.71,0.58,3,0,0
-0.84,-2.39,1.02,-5.91,0.01,1.7,-0.72,-3.0,3,0,0
-1.04,-2.01,-2.74,-1.73,-1.36,-1.17,0.35,0.53,3,0,0
0.38,0.37,2.4,-0.21,-0.64,0.77,-0.2,0.01,3,0,0
1.55,-0.06,1.75,-1.93,-1.53,-1.03,1.26,-3.15,3,0,0
-2.51,0.16,-0.06,-1.69,1.41,0.39,-0.56,1.5,3,0,0
2.22,0.1,-0.15,-1.7,-1.78,-2.38,1.96,-2.66,3,0,0
-0.69,-1.87,-1.22,-3.07,-2.13,-0.59,-0.29,-0.01,3,0,0
2.0,2.0,0.74,0.73,0.86,1.59,3.04,-0.2,3,0,0
0.17,1.64,1.49,2.02,0.22,-0.99,0.72,1.29,3,0,0
-2.36,-0.51,2.75,-0.17,1.18,2.09,-1.4,1.12,3,0,0
0.38,-0.61,0.8,-0.38,-0.65,0.58,0.69,-0.69,3,0,0
0.66,-0.41,-1.8,-1.43,-0.92,-0.48,1.83,0.27,3,0,0
0.69,0.09,0.78,-0.13,0.48,0.88,1.71,-0.69,3,0,0
1.62,1.22,-0.1,-0.26,0.72,3.16,2.79,0.37,3,0,0
-2.44,-0.85,-0.3,-1.35,-0.45,0.18,-1.19,2.1,3,0,0
0.2,0.72,0.75,-1.32,0.92,1.63,1.34,-0.92,3,0,0
0.03,-1.19,-1.35,-2.52,-1.62,-1.27,1.0,-0.93,3,0,0
0.48,-0.77,-2.37,0.44,-1.57,-2.4,1.8,0.67,3,0,0
0.8,0.09,3.42,2.62,-0.09,1.02,0.22,-0.1,3,0,0
0.67,1.56,1.54,0.05,0.34,-0.75,1.87,-1.38,3,0,0
1.65,2.04,1.64,0.77,0.24,2.45,2.01,1.27,3,0,0
0.61,0.48,1.56,-0.13,-0.86,0.43,0.66,0.5,3,0,0
1.85,2.65,0.55,0.17,-1.8,-2.13,1.43,0.91,3,0,0
0.46,-1.04,-0.56,-1.49,-1.91,-0.61,0.37,-0.67,3,0,0
1.42,0.58,0.78,-1.31,-1.79,-0.46,1.64,-1.23,3,0,0
3.17,-1.42,-3.42,-0.73,-3.68,-3.64,3.52,-2.15,3,0,0
1.53,-0.84,0.51,-1.43,-3.27,-2.35,0.6,-1.79,3,0,0
-2.59,1.01,1.6,-2.31,1.94,2.1,-1.2,1.39,3,0,0
0.65,-0.64,-1.56,-1.82,-1.2,-2.48,1.16,-1.38,3,0,0
2.17,1.05,1.01,2.11,-2.77,-1.79,0.82,1.02,3,1,1
2.24,1.55,2.84,1.11,-1.53,2.24,1.24,1.14,3,0,0
-0.91,-0.43,-1.04,-3.33,0.75,1.04,1.05,-1.03,3,0,0
1.24,-0.99,1.08,-0.5,-0.54,0.83,1.37,-2.22,3,0,0
-1.92,-2.99,-1.55,-3.29,-0.09,2.52,-0.52,1.5,3,0,0
-2.28,-1.53,0.77,-0.17,2.54,3.33,0.01,0.47,3,0,0
-1.82,0.55,3.28,-1.06,0.93,3.61,-1.26,1.79,3,0,0
2.31,-0.68,0.38,-1.03,-2.38,-2.28,2.0,-2.86,3,0,0
2.66,-0.32,0.52,0.74,-2.35,-0.67,1.92,-0.93,3,0,0
2.96,3.21,2.89,-0.33,-1.35,-2.54,1.79,-3.15,3,0,0
-1.76,0.96,-1.12,-2.15,2.16,0.35,0.93,0.19,3,0,0
-0.9,1.87,2.99,-1.75,-1.13,-0.01,-1.49,0.92,3,0,0
0.97,-0.43,0.89,-2.58,-0.99,1.13,1.36,-1.4,3,0,0
-0.18,-0.21,-0.96,-0.56,-0.25,-0.1,0.86,0.59,3,0,0
4.36,2.18,2.12,3.91,-4.96,-3.16,2.0,0.87,3,0,0
-0.52,-1.18,-0.77,-2.23,-1.4,-2.45,-0.14,-1.64,3,0,0
-1.98,1.17,0.88,-2.18,0.75,-0.05,-0.55,1.16,3,0,0
-0.62,-2.27,1.02,-2.35,-1.41,1.32,-0.97,-0.48,3,0,0
1.26,1.51,0.19,-0.03,-2.97,-3.77,0.22,0.06,3,0,0
0.18,0.91,2.22,2.28,0.65,2.97,0.69,1.87,3,0,0
0.27,-1.41,-1.8,-2.15,-0.83,-0.46,1.45,-1.16,3,0,0
1.06,0.02,-1.18,-4.53,-1.02,0.06,2.13,-2.43,3,0,0
0.65,1.35,-0.45,-2.12,1.6,0.66,3.18,-2.56,3,0,0
3.07,0.18,0.98,1.75,-1.79,-1.92,2.5,-2.43,3,0,0
0.03,0.52,1.16,-1.84,0.21,1.33,0.66,-0.69,3,0,0
2.33,0.86,1.37,1.74,-1.63,0.21,1.68,0.44,3,0,0
-1.79,-2.49,-5.11,-1.86,0.27,-1.86,1.45,0.04,3,0,0
-0.11,-2.15,-0.86,-2.68,-0.61,1.02,0.52,-1.08,3,0,0
1.8,1.52,0.03,0.8,-2.73,-2.46,1.83,0.81,3,0,0
-1.11,-0.7,-2.02,-3.62,0.05,-2.34,1.21,-2.38,3,0,0
-2.16,-1.14,0.01,-3.3,2.55,3.37,0.32,-0.73,3,0,0
-2.32,-1.45,-1.54,-0.99,1.06,1.22,0.11,1.97,3,1,1
-0.36,-2.15,-2.15,-1.84,0.64,0.58,1.92,-1.47,3,0,0
1.8,1.12,1.19,-0.22,-0.89,-0.78,2.15,-1.54,3,0,0
0.19,-0.62,-1.09,-4.07,-1.18,-0.39,1.29,-2.25,3,0,0
2.32,-0.23,-0.63,-0.68,-3.04,-2.55,2.05,-1.19,3,0,0
-0.14,3.4,1.02,0.19,-0.08,0.92,0.44,2.88,3,0,0
1.43,0.61,0.71,-0.12,-1.81,-0.6,0.93,-0.11,3,0,0
-0.55,1.75,2.9,-1.8,0.63,1.17,0.02,0.15,3,0,0
2.51,1.44,2.06,-0.56,-1.63,-1.81,1.97,-2.43,3,0,0
-1.49,3.09,1.9,-0.21,0.55,0.14,-0.76,2.49,3,0,0
2.78,0.96,0.3,0.84,-2.71,-3.93,1.9,-1.71,3,0,0
1.11,0.1,1.07,2.67,0.54,1.71,1.72,1.19,3,0,0
2.33,-1.25,-0.24,-2.09,-4.06,-0.84,1.02,-1.4,3,0,0
-2.94,0.48,1.8,-3.92,1.51,2.31,-1.74,0.18,3,0,0
-1.61,1.0,0.16,-4.53,1.53,-0.93,0.57,-3.06,3,0,0
1.95,-0.02,-0.32,0.25,-0.78,-0.65,2.43,-1.4,3,0,0
-0.18,1.46,4.07,-0.07,-2.25,0.52,-1.8,2.2,3,0,0
1.57,2.1,2.17,-3.6,-1.7,-0.09,0.94,-2.1,3,0,0
0.09,1.11,1.09,-0.1,-0.4,-0.38,0.85,0.53,3,0,0
1.52,-1.17,-0.13,0.9,-4.44,-1.79,0.59,1.38,3,0,0
0.82,-0.58,0.75,-0.26,-1.68,2.12,0.36,1.58,3,0,0
0.44,-1.21,-0.44,1.35,-1.93,-1.1,0.94,0.42,3,0,0
-1.0,0.98,0.93,-0.21,0.89,0.42,0.18,1.07,3,0,0
-4.94,-1.28,-3.06,-6.0,2.46,0.66,-1.04,1.03,3,0,0
0.51,-0.28,1.59,-1.07,-2.42,0.78,-0.53,0.71,3,0,0
0.34,-0.22,0.07,-0.65,-0.51,0.79,0.72,1.02,3,0,0
-0.83,2.08,1.48,-1.19,0.67,0.01,0.06,0.94,3,0,0
1.15,-0.4,1.33,-0.85,0.3,0.93,1.89,-2.89,3,0,0
-0.37,-0.28,2.72,2.02,0.94,4.8,0.18,2.69,3,0,0
3.49,-0.4,0.63,2.63,-2.24,-0.75,2.66,-1.84,3,0,0
0.65,0.9,1.54,-2.53,-1.03,-1.43,0.6,-2.49,3,0,0
-2.05,-2.66,-2.78,-4.19,0.41,2.62,0.79,0.68,3,0,0
0.74,-0.01,2.91,-0.81,-2.07,0.92,-0.34,-0.19,3,0,0
-2.02,-0.14,0.77,-0.88,0.8,1.56,-0.89,1.58,3,0,0
-1.17,-0.7,3.07,0.08,0.17,2.77,-1.0,1.05,3,0,0
0.62,1.66,1.0,-0.41,-0.1,0.25,0.86,0.7,3,0,0
-1.41,-0.51,-0.64,-2.34,0.83,-0.18,0.81,-0.71,3,0,0
-0.38,0.19,-1.4,-1.82,0.57,0.96,1.33,0.68,3,0,0
-3.24,-3.02,-5.03,-4.03,-0.17,-1.01,0.2,1.3,3,0,0
-0.77,-2.51,-1.23,-1.93,-1.93,-0.07,-0.01,0.63,3,0,0
0.96,0.63,2.69,0.14,-0.79,-0.64,0.36,-1.28,3,0,0
-0.79,1.03,0.58,-3.6,0.2,0.37,0.09,-0.27,3,0,0
0.68,1.56,1.96,-0.09,-1.46,0.14,0.76,0.32,3,0,0
-1.38,-3.87,-3.32,-2.64,-2.24,-0.37,0.03,0.38,3,0,0
0.37,0.8,-1.08,2.67,-0.13,-0.69,1.57,2.52,3,0,0
0.03,1.32,2.03,-2.09,0.05,1.46,-0.06,-1.16,3,0,0
2.21,-1.19,1.15,0.16,-1.48,2.6,1.46,-0.65,3,0,0
2.06,-1.1,-0.59,-0.83,-2.42,-0.99,1.79,-1.34,3,0,0
-0.89,-0.95,0.23,-1.54,0.12,1.77,0.08,0.4,3,0,0
0.63,0.16,0.23,0.67,-1.13,0.09,1.01,1.23,3,0,0
0.03,0.25,1.33,0.89,0.17,1.52,0.4,1.53,3,0,0
-0.21,-2.84,-2.34,-1.87,-1.1,-0.49,1.55,-0.54,3,0,0
1.75,1.53,0.43,0.49,0.2,-0.07,2.87,-0.69,3,0,0
-0.18,-0.23,0.25,-0.73,-0.51,0.04,0.05,0.39,3,0,0
-0.31,-0.44,-1.37,-2.34,-0.19,0.15,1.32,-0.13,3,0,0
-3.15,-2.3,-1.37,-4.35,0.01,1.06,-1.38,0.3,3,0,0
1.89,-0.42,0.5,0.67,-2.44,-0.65,1.2,-1.25,3,0,0
-1.16,-0.11,0.98,-0.44,-0.27,0.16,-0.58,0.64,3,0,0
0.46,-1.5,-0.91,-0.01,-0.67,1.24,1.73,0.2,3,0,0
1.78,-0.48,0.81,-0.66,-1.93,-0.25,1.78,-2.18,3,0,0
2.5,-0.05,1.95,1.21,-1.67,1.36,0.96,0.23,3,0,0
2.27,-0.17,2.8,-2.11,-3.28,-0.13,0.11,-2.14,3,0,0
-0.7,0.59,0.09,0.31,-0.99,-0.61,-0.03,1.88,3,0,0
4.46,-1.59,-1.11,0.7,-3.57,-2.05,3.86,-2.71,3,0,0
0.2,-1.42,-1.48,0.55,-2.31,-2.28,0.42,1.44,3,0,0
0.78,-1.88,-1.18,-0.48,-0.51,-0.85,1.83,-1.39,3,0,0
-0.22,0.49,-0.04,-1.7,-0.55,-0.63,0.52,-0.28,3,0,0
-0.43,0.35,0.57,-2.8,-1.03,0.43,0.15,0.34,3,0,0
2.9,1.13,0.54,2.14,-0.72,-1.12,2.84,-1.25,3,0,0
0.42,-0.27,1.44,0.01,-0.64,1.43,0.27,-0.09,3,0,0
-0.64,1.8,2.91,-0.34,0.37,0.49,-0.6,0.19,3,0,0
-0.41,0.18,2.1,-1.66,-0.11,0.67,0.1,-0.86,3,0,0
1.07,-0.28,-0.56,1.9,-0.79,-0.67,2.15,0.98,3,0,0
-1.12,0.68,-0.18,-1.25,0.87,-1.23,0.39,-0.0,3,0,0
-1.34,-0.37,-0.13,-1.84,-0.15,1.76,-0.6,1.03,3,0,0
-0.93,-1.26,-0.19,-2.17,-0.14,0.14,0.41,-1.46,3,0,0
1.19,-1.85,-2.64,1.04,-0.96,-1.54,2.53,-0.42,3,0,0
1.49,-1.1,-0.73,0.51,-0.76,0.11,2.41,-0.43,3,0,0
6.66,2.25,3.06,4.24,-2.27,-1.16,4.83,-3.15,3,0,0
-0.48,-2.05,-0.88,-1.37,-1.25,1.02,0.16,0.76,3,0,0
-0.98,0.03,2.31,-0.31,0.08,2.79,-0.72,2.95,3,0,0
1.33,0.17,0.71,1.86,-0.58,0.07,1.66,0.39,3,0,0
-2.15,-2.88,-1.83,-2.32,-0.43,0.92,-0.48,1.04,3,0,0
-0.62,1.16,0.12,0.51,1.72,1.14,1.21,0.79,3,0,0
-1.71,-3.03,-1.51,-1.13,-0.75,0.25,-0.31,1.17,3,0,0
-0.16,0.24,2.03,-1.06,-0.33,0.48,0.2,-0.54,3,0,0
0.21,0.36,1.38,-1.38,-0.94,0.27,0.5,0.39,3,0,0
1.98,1.8,2.57,-1.45,-1.59,0.28,0.67,-0.87,3,0,0
0.65,0.09,1.4,0.03,0.62,2.0,1.15,-0.19,3,0,0
-1.39,-0.85,-0.75,-2.55,0.85,0.25,0.11,-0.49,3,0,0
1.15,0.39,1.2,-2.4,-3.22,-0.93,0.03,-1.07,3,0,0
0.81,-1.53,-1.36,-2.71,-2.43,-1.74,0.78,-1.69,3,0,0
1.2,-1.02,0.33,0.78,-0.07,1.47,2.03,-0.79,3,0,0
0.75,-1.06,0.1,-2.1,-0.97,0.3,1.31,-2.3,3,0,0
1.09,-0.71,-0.12,-0.12,-1.96,-0.41,1.17,-0.59,3,0,0
1.09,-0.3,1.02,0.13,-0.64,-0.05,1.48,-1.16,3,0,0
-2.71,-2.44,-2.74,-1.61,1.64,3.41,0.16,2.86,3,0,0
-1.22,-0.82,1.01,0.87,0.89,1.82,-0.07,1.4,3,0,0
0.13,0.38,0.84,-1.44,-0.7,0.45,0.08,0.78,3,0,0
-1.22,0.04,-2.14,-1.22,1.65,1.8,1.77,2.05,3,0,0
0.34,-0.45,2.94,-0.0,-1.54,0.79,-0.62,0.18,3,0,0
1.82,2.16,3.59,-0.1,-1.23,1.51,0.63,-0.35,3,0,0
-2.38,0.48,-0.99,-3.15,3.69,2.75,0.88,0.72,3,0,0
1.1,-0.87,0.22,-1.92,-0.73,2.26,1.31,-0.99,3,0,0
-0.96,0.33,-0.75,-2.81,-0.58,-0.31,0.02,0.64,3,0,0
-2.99,-1.72,-2.54,-2.22,2.49,0.95,0.81,-0.13,3,0,0
0.13,2.06,4.13,0.42,-0.73,2.33,-0.85,1.91,3,0,0
0.09,1.13,1.94,-1.83,0.91,0.62,0.73,-1.55,3,0,0
-2.53,-0.67,1.43,-0.51,1.71,4.63,-1.17,3.02,3,0,0
1.34,0.57,2.12,-1.17,-1.3,-0.07,0.68,-1.29,3,0,0
2.2,-0.33,-0.35,1.05,-4.36,-3.31,0.95,-0.09,3,0,0
2.77,0.29,0.94,0.46,-2.59,-1.91,1.9,-1.35,3,0,0
1.54,-1.11,-1.1,-2.05,-0.12,-0.67,2.8,-3.79,3,0,0
-0.43,-0.16,0.17,1.6,0.65,1.33,0.5,1.56,3,0,0
-1.8,-1.81,-1.95,-2.6,-1.0,-0.35,-0.56,1.17,3,0,0
1.14,0.42,2.48,0.86,-1.72,1.73,-0.15,1.57,3,0,0
-1.22,-0.37,-0.09,-1.12,-0.5,-1.11,-0.51,0.41,3,0,0
1.97,-2.35,-3.01,-0.36,-3.48,-2.97,2.44,-1.67,3,0,0
1.62,-0.54,0.31,-4.3,-1.44,-0.28,2.09,-4.28,3,0,0
-0.74,-2.01,-0.38,-2.4,0.11,2.99,0.46,0.2,3,0,0
0.51,1.08,3.25,1.44,-0.53,2.09,-0.09,1.73,3,0,0
-4.45,-3.04,-4.31,-6.32,2.07,0.53,0.09,-0.35,3,0,0
0.79,-1.62,-0.18,1.72,-0.24,2.0,1.37,0.69,3,0,0
-0.16,1.46,0.02,-0.54,1.5,-0.15,1.5,-0.06,3,0,0
2.35,1.08,1.75,3.32,0.44,2.59,2.84,0.91,3,0,0
0.71,-1.45,2.56,1.4,-1.63,2.42,0.08,1.04,3,0,0
0.09,1.62,3.22,-0.36,-1.36,0.38,-0.78,1.05,3,0,0
-1.78,0.21,3.26,-2.83,1.56,3.16,-1.33,-0.39,3,0,0
-1.92,-2.22,-2.63,-5.5,1.1,1.42,1.09,-1.56,3,0,0
-2.02,0.31,-1.1,-3.74,1.15,1.16,-0.0,0.85,3,0,0
1.31,-0.65,-0.81,0.1,-1.32,-1.86,1.83,-1.2,3,0,0
-2.63,-2.05,-0.38,-4.4,0.99,2.67,-1.16,-0.48,3,0,0
0.72,-1.43,0.04,1.03,-1.64,0.11,0.55,0.22,3,0,0
1.75,-0.64,0.46,0.07,-0.96,0.53,2.25,-0.59,3,0,0
0.11,-0.07,-1.31,0.24,-1.41,-3.18,0.75,0.53,3,0,0
-0.19,-2.38,-1.44,-1.3,-0.99,1.42,1.32,-0.27,3,0,0
-0.7,-4.41,-5.67,-3.29,0.26,-2.79,3.01,-4.28,3,0,0
0.07,-0.63,-1.6,-1.27,-1.15,-0.09,1.32,0.17,3,0,0
1.95,-0.98,0.6,-1.23,-1.3,2.46,1.44,-0.74,3,0,0
-0.87,-1.66,-0.65,1.08,-0.12,0.16,0.77,1.23,3,0,0
-1.62,-1.16,-0.47,-1.45,1.13,1.92,0.29,-0.09,3,0,0
2.07,2.6,1.97,-0.3,-0.84,-1.61,1.88,-1.4,3,0,0
-1.32,2.53,3.84,-1.95,0.39,2.31,-1.99,1.57,3,0,0
-0.67,0.37,0.59,-0.66,1.93,4.05,0.84,1.53,3,0,0
0.65,-0.77,0.23,-1.55,-1.96,-0.96,0.81,-1.66,3,0,0
-0.94,-2.8,-1.27,-0.98,-0.26,1.53,0.69,0.33,3,0,0
1.65,0.34,1.85,2.62,-2.91,-2.1,0.78,1.26,3,0,0
0.69,0.41,-0.07,-1.33,-1.6,-1.18,0.82,-0.43,3,0,0
3.58,2.3,0.69,0.08,-2.43,-3.34,2.67,-2.5,3,0,0
0.58,-2.95,-2.85,-3.6,-0.97,-0.48,2.0,-2.84,3,0,0
1.35,-1.33,-0.92,0.16,-1.07,0.3,1.92,-0.65,3,0,0
-2.4,-2.12,-1.0,-0.29,1.37,2.84,-0.4,2.03,3,0,0
-0.56,-0.96,-0.23,-0.34,-0.88,1.17,-0.04,1.86,3,0,0
4.15,2.45,3.25,1.09,-1.71,0.03,2.64,-1.17,3,0,0
-0.68,-0.58,0.28,0.71,1.94,3.22,1.13,1.45,3,0,0
-0.1,-1.61,-1.22,-3.61,-0.31,0.87,1.21,-1.46,3,0,0
0.57,-0.2,2.01,0.44,-1.36,0.48,0.4,0.2,3,0,0
1.08,-1.1,1.61,-0.22,-3.26,-0.69,-0.21,-0.27,3,0,0
-0.11,-0.1,0.31,-0.48,-0.46,0.93,0.91,0.51,3,0,0
1.33,-1.24,-0.62,-0.0,0.08,0.43,2.45,-1.71,3,0,0
-1.11,-1.93,-2.08,-3.81,0.64,1.51,0.68,-1.17,3,0,0
4.46,-0.78,1.67,-0.2,-2.62,-0.64,3.1,-4.62,3,0,0
1.02,-0.56,0.63,1.05,-1.12,0.63,0.61,0.63,3,0,0
-0.21,1.18,2.21,0.91,-0.24,1.14,-0.22,0.86,3,0,0
2.22,-0.48,-0.61,0.11,-0.98,-0.61,2.55,-1.95,3,0,0
-1.09,-0.87,-1.35,-2.2,0.56,-0.37,1.3,-1.08,3,0,0
-2.19,-1.02,-1.81,-0.58,1.37,1.0,0.11,1.97,3,0,0
-1.01,-2.34,0.33,-0.57,-1.19,0.97,-0.06,0.23,3,0,0
0.16,1.34,2.61,-1.88,1.03,2.69,0.09,-0.38,3,0,0
-1.2,0.16,1.99,-0.32,0.73,2.71,-0.76,2.19,3,0,0
0.01,-0.39,-0.94,-1.29,1.65,0.62,2.08,-1.68,3,0,0
2.01,-0.18,-0.75,-0.1,-0.83,-0.98,2.58,-1.85,3,0,0
-0.96,0.54,1.3,-2.18,-0.32,-1.88,-0.48,-1.04,3,0,0
1.02,-1.75,-1.72,0.56,-0.94,-2.0,2.08,-1.97,3,0,0
1.02,0.45,1.84,0.44,-0.1,1.7,1.0,0.17,3,0,0
-0.59,1.61,3.23,-0.72,-0.02,2.06,-1.0,1.04,3,0,0
2.29,0.24,-0.04,0.48,-3.46,-2.41,1.18,-0.28,3,0,0
2.72,2.58,2.07,-0.04,-0.49,0.21,2.21,-1.78,3,0,0
0.44,4.06,3.66,-3.47,-0.47,0.82,-0.06,-0.5,3,0,0
0.27,-2.33,-2.22,-0.59,0.49,1.71,2.45,-0.43,3,0,0
-1.04,-0.3,0.34,0.84,1.35,1.43,0.95,0.95,3,0,0
-1.58,-1.01,-0.54,-2.22,0.02,0.1,-0.22,0.04,3,0,0
2.13,-0.31,0.1,1.4,-1.59,-0.2,2.32,-0.17,3,0,0
0.58,-0.3,1.96,1.16,-1.81,0.56,0.26,1.05,3,0,0
1.75,0.25,0.07,-1.74,-1.89,-1.64,2.19,-2.24,3,0,0
0.0,-2.25,-1.23,-1.84,0.16,3.84,1.17,0.87,3,0,0
-0.88,1.78,3.03,-1.14,-0.02,1.56,-1.52,1.6,3,0,0
-1.51,0.47,1.65,0.25,-0.65,0.16,-1.19,2.31,3,0,0
0.85,-1.4,-1.1,-0.43,-1.06,0.83,1.93,0.26,3,0,0
2.68,-0.2,1.38,1.89,-0.69,2.17,2.41,-0.48,3,0,0
1.11,-1.32,-0.28,-1.46,-1.12,0.56,1.33,-1.81,3,0,0
-0.35,-1.48,-1.91,-0.23,-0.55,1.14,1.24,2.02,3,1,1
-1.22,0.34,2.37,-0.58,0.18,1.02,-0.76,0.63,3,0,0
1.54,0.68,2.79,-0.01,-1.69,0.65,0.3,-0.86,3,0,0
1.16,-0.5,0.42,-0.06,-1.87,-0.86,1.04,-0.25,3,0,0
-1.08,0.5,0.41,0.76,2.37,2.7,1.38,1.31,3,0,0
-0.36,0.61,-0.45,2.06,1.15,-1.0,1.42,1.04,3,0,0
-0.12,0.22,1.03,-3.5,0.2,0.47,0.66,-2.02,3,0,0
-0.05,0.31,3.42,2.01,0.04,3.92,-0.6,3.01,3,0,0
0.52,-0.4,-0.04,-0.48,-0.61,0.25,1.26,0.12,3,0,0
2.21,-0.79,-1.29,2.13,-1.1,-0.2,2.9,0.11,3,0,0
1.69,-3.22,0.33,1.45,-1.89,1.07,1.64,-0.94,3,0,0
2.06,-1.02,-0.62,-1.89,-1.68,0.28,2.1,-1.59,3,0,0
1.3,-1.7,-0.31,1.1,-2.64,0.14,0.8,1.56,3,0,0
0.07,-2.21,-0.49,-3.38,-0.56,0.87,1.24,-2.1,3,0,0
1.88,-0.27,-1.71,-0.55,-1.87,-1.78,2.09,-1.13,3,0,0
0.7,-2.25,-4.07,-1.45,-0.18,-0.16,3.02,-0.95,3,0,0
3.2,0.5,2.85,1.08,-3.34,-2.3,0.71,-2.23,3,0,0
-2.57,-0.78,0.44,-2.31,-1.44,-0.35,-1.98,1.83,3,0,0
2.25,0.91,-1.52,-0.01,-1.92,-1.79,2.69,-0.24,3,0,0
-1.22,-1.71,-0.15,-2.87,-0.72,1.71,-0.97,0.75,3,0,0
0.48,1.47,0.1,0.15,1.31,0.02,1.65,-0.15,3,0,0
1.0,-0.45,0.54,0.87,-0.68,0.85,1.08,0.24,3,0,0
-3.8,-2.06,-4.41,-5.86,2.74,-0.74,0.39,-1.61,3,0,0
-0.78,1.5,3.58,1.28,0.7,3.31,-1.02,2.98,3,0,0
-0.02,0.0,0.23,-1.01,-0.14,0.67,0.52,-0.02,3,0,0
3.44,2.56,3.61,3.85,-0.56,1.69,2.37,-0.07,3,0,0
-1.12,-0.71,-0.91,-2.29,-1.63,-2.18,-0.48,0.77,3,0,0
0.73,-1.72,-2.01,0.32,0.19,1.27,2.32,-0.69,3,0,0
0.52,0.4,2.08,-1.73,-0.44,1.28,0.38,-1.25,3,0,0
0.64,-2.73,-2.67,-1.56,-1.73,-0.82,1.88,-1.23,3,0,0
3.09,1.01,-0.7,1.7,-3.38,-2.73,2.54,-0.32,3,0,0
0.4,-0.86,-2.24,-2.84,-1.33,-3.14,1.86,-2.93,3,0,0
2.15,0.92,0.9,0.37,-2.24,-1.51,1.84,-0.57,3,0,0
1.56,2.21,2.07,-0.97,-1.23,-0.08,0.94,-0.53,3,0,0
1.16,1.04,1.07,-0.97,1.04,0.48,2.22,-1.97,3,0,0
-1.68,-0.2,-0.35,0.73,2.46,3.49,0.66,2.62,3,0,0
3.82,1.07,1.71,1.95,-3.17,-1.26,2.45,-0.78,3,0,0
-1.74,1.18,2.2,-2.27,2.02,2.52,-0.45,0.55,3,0,0
2.42,2.04,3.33,1.56,-3.83,-1.66,0.28,0.92,3,0,0
2.73,1.6,1.43,1.56,-2.11,-0.51,1.94,0.73,3,0,0
-1.49,-0.2,-0.81,-2.76,-1.8,-2.39,-1.02,1.39,3,0,0
0.76,-0.27,1.75,-0.59,-1.66,-0.57,0.4,-1.01,3,0,0
-1.72,0.54,1.29,-2.22,0.96,-0.07,-0.78,-0.02,3,0,0
0.23,-0.61,-1.79,-2.82,0.43,0.57,2.06,-0.72,3,0,0
0.12,1.33,0.43,-1.7,-0.11,-0.46,1.25,-0.58,3,0,0
0.14,-0.02,1.47,0.36,-0.96,-0.84,0.37,-0.48,3,0,0
-1.24,-0.68,-0.1,1.94,-0.09,0.94,-0.25,2.91,3,0,0
-1.0,-0.29,0.18,-0.38,0.15,-0.14,0.57,1.04,3,0,0
1.61,3.2,3.97,-2.01,-0.66,-0.39,1.0,-2.68,3,0,0
0.5,3.06,4.08,-1.39,-1.09,0.58,-0.42,0.38,3,0,0
-0.92,-0.05,1.3,-0.07,0.47,3.89,-0.2,2.39,3,0,0
-1.11,-2.37,2.1,-1.42,-1.31,2.95,-1.5,1.6,3,0,0
-0.25,-0.53,-0.16,-0.53,-0.17,0.29,0.78,0.32,3,0,0
1.89,0.81,1.51,1.02,-1.9,-0.65,1.85,-0.33,3,0,0
1.26,2.2,4.29,0.31,-1.14,2.58,-0.2,1.45,3,0,0
0.57,0.19,0.85,-0.1,-0.18,1.26,1.43,-0.13,3,0,0
0.0,1.27,1.11,-0.64,0.16,0.06,0.64,0.32,3,1,1
0.94,3.04,3.55,3.81,1.21,2.27,0.73,1.37,3,0,0
0.72,3.27,2.23,-1.5,-0.09,-0.97,0.83,-0.71,3,0,0
-3.02,0.45,1.34,-0.92,2.56,3.04,-1.09,2.29,3,0,0
2.44,1.03,0.3,0.32,-2.46,-2.94,1.77,-1.18,3,0,0
-0.42,-2.69,-2.07,-2.54,-0.84,0.66,1.27,-0.81,3,0,0
-0.14,-0.99,0.44,-1.39,-0.97,1.2,-0.23,0.2,3,0,0
-0.8,3.42,2.88,-0.99,0.79,1.05,-0.27,2.16,3,0,0
0.26,-3.22,-1.37,-3.86,0.49,2.65,1.85,-2.88,3,0,0
-1.76,-1.77,-4.04,-0.15,0.04,-0.07,0.99,3.17,3,0,0
0.08,0.06,-0.72,-0.84,-0.45,-0.21,1.54,0.16,3,0,0
1.82,2.81,1.55,1.45,-1.28,-2.39,1.7,-0.43,3,0,0
3.05,1.49,2.32,1.37,-1.73,0.38,1.9,-0.9,3,0,0
-0.12,-0.59,-2.23,-2.06,-1.72,-0.06,0.93,1.44,3,0,0
1.68,-1.37,-0.4,-2.22,-1.14,-2.0,2.66,-4.43,3,0,0
-1.15,-0.93,-0.38,-1.55,-0.19,0.24,-0.23,0.57,3,0,0
2.36,0.54,1.36,1.19,-1.68,1.14,1.7,-0.04,3,0,0
-0.14,-0.74,-0.78,-2.94,-1.19,-0.6,0.89,-0.93,3,0,0
2.04,0.27,0.94,-1.25,-0.57,0.56,2.45,-2.7,3,0,0
1.02,-0.46,1.3,0.38,-2.54,0.62,-0.03,1.03,3,0,0
-1.52,-0.05,-0.41,-1.49,-0.19,1.91,0.03,3.26,3,0,0
-1.14,-1.23,0.37,-2.23,1.1,2.03,0.34,-0.91,3,0,0
0.45,0.48,0.58,-2.41,0.18,0.99,1.51,-1.32,3,0,0
1.12,-1.03,-0.24,-2.53,-1.18,0.58,1.69,-1.82,3,0,0
-1.55,-2.1,-2.96,-2.8,-0.84,-0.65,0.46,0.63,3,0,0
1.73,1.29,2.69,0.39,-1.83,0.44,0.44,0.05,3,0,0
0.09,-2.02,-1.93,-0.96,-1.55,-2.03,0.86,-0.82,3,0,0
1.54,-1.64,-1.58,-0.38,-0.29,0.67,2.65,-1.66,3,0,0
2.77,-0.4,-0.44,-2.01,-2.41,-3.8,2.8,-4.67,3,0,0
-0.24,1.55,2.68,2.87,0.18,0.97,-0.09,2.9,3,0,0
-1.26,0.45,-2.5,-0.12,0.86,-1.28,1.47,0.89,3,0,0
-1.0,-0.09,3.95,0.11,1.36,3.93,-0.82,0.44,3,0,0
0.71,1.33,4.05,0.16,0.44,2.71,0.41,-0.38,3,0,0
0.67,0.54,1.85,-0.01,-0.92,1.4,0.85,0.66,3,0,0
0.11,0.37,2.74,-1.05,0.42,3.81,0.28,-0.04,3,0,0
1.89,3.04,1.8,0.03,-1.6,-3.25,1.83,-1.22,3,0,0
0.28,1.54,3.85,-0.12,-0.02,2.38,-0.36,0.5,3,0,0
1.13,-2.53,-1.22,1.45,-0.59,-0.73,2.49,-1.24,3,0,0
0.87,-1.29,-2.21,-1.82,-0.8,-0.3,2.18,-1.33,3,0,0
0.52,-0.0,1.19,-2.45,-1.31,1.24,0.33,-0.7,3,0,0
2.11,0.51,1.4,2.5,-2.43,-0.86,1.25,0.84,3,0,0
1.36,0.19,0.19,1.39,-2.95,-1.61,0.42,1.52,3,0,0
3.06,4.03,3.01,-0.85,1.19,-2.34,-1.5,0.21,4,0,0
2.03,0.61,1.1,0.3,0.16,-0.23,-2.73,1.02,4,0,0
0.3,-0.03,-1.35,-0.26,-0.71,-0.66,1.0,-2.99,4,0,0
0.98,-1.77,-3.85,-1.73,0.23,-1.84,0.21,-0.35,4,0,0
-1.55,0.66,3.5,4.16,1.95,2.35,0.19,-3.09,4,0,0
1.07,-1.16,2.38,3.43,-0.27,3.24,-1.74,1.95,4,0,0
2.11,0.03,0.76,1.55,-1.74,1.74,0.01,-0.56,4,0,0
-0.81,-1.1,0.15,1.77,1.21,1.14,-1.14,1.7,4,0,0
1.34,-2.08,-3.2,-1.27,-1.17,-0.77,-0.35,-3.21,4,0,0
-1.25,0.43,2.7,2.7,1.65,2.26,-1.52,-0.43,4,0,0
-2.14,-1.57,-1.37,-0.04,4.29,-0.6,0.08,-0.35,4,0,0
-1.29,1.28,-0.68,0.1,-0.01,-0.75,1.17,0.9,4,0,0
1.63,1.09,2.56,1.02,2.15,0.99,-0.98,-0.79,4,0,0
3.43,-0.38,0.45,-0.06,-0.5,1.66,-0.61,3.13,4,0,0
-2.37,0.07,-4.52,-4.13,0.96,-4.03,1.01,-5.97,4,0,0
-0.61,2.44,1.95,1.0,1.66,-0.64,1.69,0.85,4,0,0
-1.92,-2.21,-2.46,-1.18,3.02,-0.12,2.46,-0.98,4,0,0
-0.48,-0.63,-0.06,-0.81,3.66,0.19,0.93,-0.17,4,0,0
1.78,0.66,-0.86,-0.96,-0.6,-2.52,-2.41,-2.65,4,0,0
3.0,5.62,3.63,0.21,-2.08,-2.08,-1.5,2.82,4,0,0
-2.48,0.34,-0.84,-2.04,3.84,-1.43,0.8,-1.9,4,0,0
-0.57,-0.41,1.01,2.71,-1.82,2.69,1.07,-0.11,4,0,0
0.83,0.68,1.01,0.38,0.69,0.72,0.05,0.85,4,0,0
0.7,0.29,-0.06,-0.25,1.03,-1.75,-1.62,0.16,4,0,0
0.32,2.32,1.09,-1.8,1.43,-1.01,0.48,2.17,4,0,0
1.95,-0.46,-1.29,-0.04,-1.87,-0.29,-0.57,3.12,4,0,0
-0.31,0.22,-0.04,-1.63,1.67,-0.28,-0.74,-2.56,4,0,0
2.84,-0.56,-0.24,-1.68,2.91,-1.43,-0.95,-0.8,4,0,0
-1.54,-0.14,0.76,1.06,2.54,0.01,-0.81,1.81,4,0,0
-0.07,0.81,1.57,0.78,1.44,0.19,-1.2,0.69,4,0,0
3.95,0.45,0.23,-1.17,0.98,-1.56,-2.32,1.7,4,0,0
2.81,0.06,-0.94,-3.21,3.8,-2.87,-2.35,-2.75,4,0,0
0.36,3.18,2.29,0.57,0.74,-1.22,0.45,-0.45,4,0,0
0.21,-1.11,-2.45,-1.44,0.62,-1.83,-1.45,-3.72,4,0,0
1.25,2.02,0.98,-1.45,2.03,-2.69,-2.81,-0.92,4,1,1
-3.01,-1.42,0.25,1.74,2.07,2.29,0.36,-0.46,4,0,0
0.25,0.75,-0.58,-0.25,-0.3,-0.59,-0.28,1.76,4,0,0
0.88,-0.12,0.61,-2.09,3.64,-0.86,-2.64,0.6,4,0,0
0.51,1.71,3.5,1.48,3.0,0.38,-1.21,3.45,4,0,0
0.79,2.84,2.19,0.69,0.07,0.19,1.61,0.21,4,0,0
-0.17,-0.73,-1.03,0.68,-2.01,0.74,-0.82,3.38,4,0,0
0.26,0.32,1.97,2.28,0.87,1.64,0.14,0.56,4,1,1
2.41,1.36,1.22,1.37,-1.2,0.0,0.12,-0.26,4,0,0
0.28,1.37,0.35,-1.51,3.34,-2.06,-0.31,-2.16,4,0,0
-2.52,0.02,0.47,3.36,-1.98,2.18,-0.97,3.53,4,0,0
0.2,1.02,1.64,0.14,2.42,0.0,-1.62,0.73,4,0,0
1.13,-0.59,0.02,0.88,-0.09,0.53,-0.63,0.45,4,0,0
2.14,-0.1,1.67,1.88,-0.99,2.17,-0.14,0.02,4,0,0
-0.98,2.29,1.51,0.94,0.98,-0.65,-0.0,-0.3,4,0,0
2.84,-1.92,-3.65,-1.59,-0.34,-1.46,1.13,1.59,4,0,0
0.26,0.33,1.27,-0.73,2.52,-0.48,-6.05,0.41,4,0,0
3.14,-4.3,-3.75,0.36,-2.64,0.96,-2.2,2.24,4,0,0
-1.02,-1.43,-2.33,-1.87,1.69,-0.5,-1.36,-0.98,4,0,0
1.88,-2.16,-0.2,0.38,0.9,1.53,-2.66,-0.85,4,0,0
1.64,1.55,3.06,2.69,0.88,0.92,-0.73,-2.48,4,0,0
0.45,0.28,-0.65,-0.41,1.27,-0.94,-0.39,0.19,4,0,0
1.76,0.35,1.1,-0.26,1.89,0.36,0.26,2.15,4,0,0
0.2,-0.68,-0.01,0.73,0.41,1.64,0.66,0.55,4,0,0
-1.21,-2.5,-2.63,-0.75,1.76,-0.87,-2.74,-0.67,4,0,0
0.25,-1.26,-2.16,-0.36,0.22,-0.94,-0.63,-1.84,4,0,0
0.69,-0.26,-2.65,-3.65,2.85,-2.77,-0.61,-0.51,4,0,0
-1.04,-2.94,-1.11,0.82,1.98,1.16,-0.84,-1.56,4,0,0
4.66,-0.46,0.15,-1.49,0.68,-0.3,0.19,2.79,4,0,0
1.63,1.31,2.05,0.68,-0.05,0.79,-0.76,-1.43,4,0,0
-0.79,-1.28,-1.74,-1.06,2.93,-1.19,-0.67,-2.75,4,0,0
-4.85,-1.48,2.52,4.24,3.78,4.15,-0.23,2.94,4,0,0
0.75,-0.21,0.95,1.18,-0.75,1.52,-0.69,1.51,4,0,0
-0.21,0.12,-0.21,0.24,0.6,-0.58,-1.5,-0.21,4,0,0
-0.92,0.14,-0.86,0.25,1.06,-0.47,2.48,-0.55,4,0,0
2.56,1.55,1.8,0.63,0.24,-0.47,-1.66,2.77,4,0,0
1.73,1.38,1.92,-0.46,4.02,-0.29,1.17,0.34,4,0,0
3.05,-0.34,0.02,0.57,-2.54,-0.07,-4.7,0.3,4,0,0
0.77,0.78,-0.88,0.5,-1.78,-0.21,2.59,2.03,4,0,0
-2.26,-1.96,-1.05,-1.96,4.92,-0.29,-1.41,-3.21,4,0,0
-2.29,-1.73,-1.45,1.42,1.33,1.03,2.3,-1.59,4,0,0
-0.91,1.8,1.08,0.7,-0.28,-0.31,0.61,-0.91,4,0,0
1.46,1.5,1.82,2.87,-2.43,1.23,0.41,1.94,4,0,0
-0.17,0.95,1.33,1.85,0.14,1.66,4.1,1.05,4,0,0
0.53,-2.02,-0.43,1.18,0.84,2.59,0.32,2.62,4,0,0
-0.33,-0.37,1.44,2.3,1.41,0.89,-1.7,3.02,4,0,0
0.52,0.32,0.35,-0.48,1.03,-0.08,-2.22,0.88,4,0,0
0.05,1.82,1.55,0.86,-0.26,0.06,-0.31,-0.85,4,0,0
3.51,-0.34,1.09,0.8,-0.72,0.75,-1.71,2.88,4,0,0
-2.07,-0.32,-1.28,-0.73,2.67,-0.65,1.72,-0.8,4,0,0
-1.19,-1.29,-1.49,-2.2,3.77,-1.66,-2.33,-4.17,4,0,0
-2.26,1.48,1.69,1.62,0.56,1.34,0.85,-0.88,4,0,0
-0.7,0.07,-1.12,0.62,-0.89,-0.61,-0.81,1.59,4,0,0
-2.13,0.61,1.59,1.71,1.12,2.1,1.2,2.73,4,0,0
4.49,-0.23,-1.33,-2.23,0.33,-1.55,0.12,-3.21,4,0,0
0.62,-0.44,-1.32,-1.02,1.76,-1.1,2.09,-0.11,4,0,0
1.45,-0.46,-0.6,-1.62,0.85,-0.01,0.62,0.14,4,0,0
1.88,-1.37,-1.65,-0.95,1.19,-0.98,-1.63,2.98,4,0,0
-0.34,-1.11,1.78,4.78,-2.34,3.67,-2.71,0.18,4,0,0
-0.88,-1.04,1.84,2.23,0.36,2.54,-2.5,0.2,4,0,0
1.58,-0.03,0.74,0.18,-1.67,1.27,-2.46,-0.48,4,0,0
-0.14,-0.35,1.0,2.56,-2.13,2.3,-1.92,-0.66,4,0,0
-1.89,-0.14,0.4,2.2,-0.22,2.29,2.67,0.14,4,0,0
0.58,0.97,2.45,1.91,-1.44,1.97,-0.76,-0.39,4,0,0
0.68,-0.93,-1.17,1.03,-1.87,1.16,1.47,-1.2,4,0,0
0.25,-0.19,1.0,1.35,-0.7,1.71,-0.6,-0.7,4,0,0
1.25,-2.2,-1.11,2.8,-4.86,3.06,-1.7,1.11,4,0,0
-1.15,-1.26,-1.01,-0.13,1.99,0.58,0.7,-1.75,4,0,0
-2.09,-0.89,2.76,4.83,-0.4,4.88,0.32,-1.09,4,0,0
-0.77,-2.35,-4.32,-3.22,0.72,-2.13,-2.27,-5.45,4,0,0
-0.61,1.24,1.59,-0.23,4.04,-0.56,-0.24,-0.38,4,0,0
1.18,0.93,1.15,0.02,1.48,-0.32,-1.4,2.99,4,0,0
-0.92,0.01,-0.48,0.46,0.5,-0.35,0.01,-1.12,4,0,0
1.54,0.76,-0.19,-0.37,-0.38,-0.66,1.21,0.56,4,0,0
0.84,-1.57,-1.69,-1.04,0.8,0.1,-0.2,-1.26,4,0,0
-0.68,0.37,1.67,4.02,-3.46,3.48,-0.55,-0.22,4,0,0
-2.1,2.43,1.2,1.69,-0.52,0.55,2.97,-0.06,4,0,0
-0.28,-0.96,-0.37,0.07,2.4,1.19,2.56,-0.62,4,0,0
1.06,0.79,2.39,2.66,-0.36,1.29,-0.21,-0.26,4,0,0
1.57,0.9,0.32,-0.34,0.51,-0.74,0.46,-0.12,4,0,0
-1.91,-1.94,-0.08,3.61,-1.5,4.21,3.81,0.15,4,0,0
0.78,-1.13,-1.75,-2.06,2.27,-1.01,-0.28,-0.11,4,0,0
0.61,-1.54,-1.37,-0.93,0.81,-0.38,-2.46,-2.52,4,0,0
-0.83,-0.38,-1.33,-0.67,0.8,-0.78,-1.02,-3.15,4,0,0
2.14,0.89,3.31,1.22,0.73,1.74,-2.01,0.26,4,0,0
-0.78,1.43,-1.49,-1.01,-1.09,-1.42,0.49,0.29,4,0,0
0.74,-0.56,0.36,1.87,-0.96,1.25,-1.6,1.35,4,0,0
-0.56,-1.87,-1.99,-0.73,0.53,1.0,1.21,1.75,4,0,0
0.17,-2.54,-0.99,1.92,0.77,1.71,1.45,-0.92,4,0,0
0.58,-1.53,-1.5,1.45,-2.13,1.12,-0.03,-0.47,4,0,0
0.17,1.53,0.13,-0.81,0.94,-1.46,-0.58,3.34,4,0,0
-0.49,-1.25,0.15,1.27,0.92,1.18,-1.06,-0.63,4,0,0
-0.69,3.11,0.92,-0.95,0.99,-1.89,0.85,-0.28,4,0,0
3.51,0.02,0.08,-0.52,-0.59,0.48,0.49,0.49,4,0,0
0.22,1.2,1.28,-0.9,5.01,-1.45,-0.36,-0.74,4,0,0
-0.7,-1.02,-3.06,-1.35,0.04,-2.55,-3.46,-4.93,4,0,0
1.33,-0.25,1.33,-0.08,2.4,0.36,-0.92,-1.73,4,0,0
1.24,1.18,0.91,3.69,-2.9,1.23,0.64,0.42,4,0,0
2.16,0.07,-0.49,-0.48,-0.29,-0.49,-1.55,2.0,4,0,0
-0.51,-0.69,-1.29,0.84,-1.97,0.91,-0.22,1.09,4,0,0
-0.73,-1.0,0.32,2.53,-0.29,2.15,0.39,2.57,4,0,0
-0.86,0.44,0.12,0.3,1.6,-0.1,1.2,-1.85,4,0,0
-1.45,2.0,1.17,0.15,0.72,0.24,0.93,0.81,4,0,0
0.67,-1.31,0.2,2.21,-0.56,1.19,-1.0,-2.5,4,0,0
0.32,2.94,1.57,0.28,-0.24,-1.03,0.24,-1.0,4,0,0
2.62,0.59,0.2,0.06,-0.88,-0.57,-1.31,-0.04,4,0,0
3.06,-0.64,-1.78,-2.33,1.41,-2.13,-1.56,-0.54,4,0,0
0.28,2.39,1.06,0.78,0.17,-1.13,1.97,0.85,4,0,0
-0.25,-0.95,-1.7,-1.93,2.46,-1.41,-2.21,-0.34,4,0,0
1.91,0.69,-0.07,1.46,-0.05,0.2,3.23,3.41,4,0,0
-3.33,-3.2,-2.83,1.32,-0.52,2.13,1.03,0.72,4,0,0
-0.81,0.62,2.16,4.09,-1.95,2.72,-1.34,-0.03,4,0,0
0.46,0.42,-0.18,-1.01,2.0,-1.57,-1.63,-2.95,4,0,0
2.35,0.05,1.57,1.99,-0.26,1.07,-0.49,0.06,4,0,0
1.15,-0.13,-2.02,-2.98,0.36,-1.83,-0.04,-2.36,4,0,0
-1.79,-2.81,-2.25,-1.29,3.3,-0.54,-1.64,-4.37,4,0,0
-0.03,0.3,-1.07,1.2,-2.92,0.52,2.94,-1.47,4,0,0
0.89,-1.47,-0.87,0.85,-0.37,0.89,-2.01,0.6,4,0,0
3.17,-1.81,0.77,2.43,-1.11,2.96,-0.34,1.56,4,0,0
1.1,0.75,1.12,1.62,-0.9,0.41,1.39,-1.1,4,0,0
0.58,0.69,-0.92,-2.45,2.97,-2.17,1.66,-3.68,4,0,0
1.52,-0.91,1.18,2.24,-2.14,2.2,-2.57,2.05,4,0,0
-2.44,0.54,0.31,-0.48,3.65,-0.42,1.52,-4.26,4,0,0
0.2,1.0,1.05,1.88,-1.6,0.92,0.9,0.38,4,0,0
0.34,0.59,0.63,-0.75,2.61,-1.54,-2.61,0.86,4,0,0
0.76,0.1,1.22,2.69,-1.85,1.55,-1.48,2.63,4,0,0
1.19,-0.03,-0.31,0.32,0.78,-0.09,-0.61,0.81,4,0,0
-1.3,2.24,3.69,4.24,-1.02,2.0,-1.26,0.12,4,0,0
2.48,0.44,-0.21,-0.26,-0.61,0.07,1.89,-0.4,4,0,0
-1.52,-0.33,1.67,2.01,2.1,0.99,-1.88,-0.04,4,1,1
-0.76,0.26,2.46,0.25,3.07,0.83,-2.57,2.4,4,0,0
-2.43,0.02,0.44,-0.53,2.57,0.32,0.22,-0.66,4,1,1
2.08,1.46,1.34,1.51,-3.06,1.33,-1.45,3.31,4,0,0
0.21,0.76,1.91,-0.07,2.69,0.51,-1.26,-1.28,4,0,0
-2.1,1.23,1.85,2.53,-1.15,1.98,-1.23,-0.97,4,0,0
0.19,2.91,3.53,2.23,-0.47,0.89,-0.51,-2.12,4,0,0
2.19,1.16,2.89,2.48,-4.15,2.78,-3.95,1.19,4,0,0
-0.97,0.2,-0.65,0.65,-0.14,-0.62,-1.93,-0.62,4,0,0
0.64,-1.41,-0.52,-0.04,1.56,0.15,-1.51,0.27,4,0,0
-0.72,-3.72,-2.52,0.26,0.18,2.22,-1.0,-0.99,4,0,0
-1.93,1.14,1.73,1.75,1.61,0.0,-1.8,-0.4,4,0,0
1.2,0.84,1.32,0.62,0.17,0.75,-1.56,-0.2,4,0,0
1.55,1.25,-1.0,-2.91,1.71,-2.73,-1.35,-0.03,4,0,0
0.91,1.63,0.23,-1.99,3.54,-2.82,0.57,0.7,4,0,0
0.59,-0.34,1.89,1.09,2.56,1.22,-2.17,0.32,4,0,0
0.83,2.65,3.68,1.75,1.2,0.61,-1.37,0.77,4,0,0
2.33,1.36,0.67,-0.38,0.96,-1.36,0.34,1.04,4,0,0
3.13,-0.01,-0.01,-2.88,1.99,-1.43,-4.99,1.06,4,0,0
1.2,-0.4,-0.66,-0.08,0.19,0.05,0.04,-1.07,4,0,0
-1.43,0.48,-0.16,-0.39,2.03,-1.17,-1.32,-0.09,4,0,0
1.1,-1.31,-1.83,-2.81,2.53,-2.09,-4.7,1.84,4,0,0
0.04,0.04,1.17,0.96,0.83,0.86,-1.58,1.25,4,0,0
0.4,1.48,0.07,-0.35,-1.58,-0.95,-1.4,-4.54,4,0,0
0.58,3.31,2.91,1.08,0.45,-0.42,-0.34,-3.78,4,0,0
1.05,2.15,2.87,2.4,-0.01,0.41,-0.53,0.71,4,0,0
-2.62,1.84,1.78,1.08,2.14,0.15,1.18,1.59,4,0,0
-2.33,-0.09,0.82,3.92,-0.64,2.07,2.26,-3.61,4,0,0
2.71,1.3,3.36,1.87,-0.71,1.27,-3.75,0.19,4,0,0
0.69,1.5,0.44,0.71,-1.32,0.04,1.85,-0.15,4,0,0
0.09,2.21,1.12,-0.18,0.37,-0.31,-0.43,3.79,4,0,0
-0.82,0.15,-1.12,-1.21,0.94,-0.24,0.3,-1.9,4,0,0
-0.24,-0.08,-0.86,-0.46,1.2,-0.32,0.68,0.16,4,0,0
2.59,0.62,0.65,-1.54,0.89,-0.99,-2.51,1.28,4,0,0
-1.28,-0.77,-1.26,1.01,-1.14,0.29,-2.0,2.77,4,0,0
0.61,0.72,0.69,0.09,1.48,0.89,2.72,3.39,4,0,0
0.37,-0.98,-1.95,-1.76,1.05,-1.12,-0.31,0.88,4,0,0
-2.91,-2.33,-2.72,0.62,-0.49,1.19,0.3,-1.16,4,0,0
2.3,1.0,-0.25,-1.24,0.15,-0.64,0.53,1.42,4,0,0
-0.95,1.16,0.62,-0.25,2.2,-1.77,-2.68,-0.56,4,0,0
-3.02,1.17,0.95,0.74,1.95,0.09,-0.66,0.56,4,0,0
-2.33,-1.93,-0.08,4.0,-3.14,4.04,0.31,-1.67,4,0,0
2.85,-2.35,-1.4,1.64,-3.31,1.77,-0.3,0.02,4,0,0
-2.06,-1.23,-0.97,-0.23,2.51,0.95,-0.55,-2.05,4,0,0
-1.01,0.44,0.62,1.04,2.58,0.67,3.12,-5.89,4,0,0
-0.56,0.66,1.15,2.88,-2.4,1.56,-0.28,2.03,4,0,0
0.75,0.46,0.63,1.05,0.79,-0.15,-0.69,-0.57,4,0,0
0.75,-1.14,0.23,0.1,2.02,0.55,-1.12,2.85,4,0,0
-0.41,-2.57,-0.6,-0.15,2.52,0.99,-4.56,-0.65,4,0,0
1.2,0.41,2.02,1.83,0.03,0.68,-1.64,-0.17,4,0,0
2.52,-0.74,1.56,2.32,-0.27,2.38,-1.13,-0.1,4,0,0
2.1,2.32,1.79,0.75,-0.5,-0.47,0.67,0.05,4,0,0
0.34,1.64,2.11,1.46,0.93,0.1,-1.0,2.75,4,0,0
-0.16,1.11,1.29,0.91,1.47,0.59,0.19,-0.75,4,0,0
0.61,-1.27,-0.68,0.56,-1.44,0.78,-3.56,-0.57,4,1,1
-0.33,-0.18,-0.18,1.45,-0.72,0.42,-1.2,1.72,4,0,0
0.55,-0.04,-1.62,-0.44,-0.84,-0.78,1.75,-3.99,4,0,0
-0.4,-0.92,-0.04,0.36,1.13,1.42,0.76,-1.91,4,0,0
1.66,1.14,2.06,1.4,1.05,-0.0,-0.39,0.66,4,0,0
-1.58,2.18,0.22,-0.93,0.48,-1.47,0.69,-3.65,4,0,0
-2.65,-2.37,-1.85,0.6,0.76,1.5,-0.82,-1.75,4,0,0
-2.49,0.38,1.15,1.19,2.21,0.18,-1.67,-0.84,4,0,0
0.28,2.9,2.75,2.15,-0.9,0.49,0.19,2.33,4,0,0
4.59,-2.26,-2.35,-1.06,-0.9,0.36,-0.37,0.7,4,0,0
0.03,-0.52,0.58,1.32,0.75,1.08,-1.25,0.75,4,0,0
-2.66,0.06,-0.43,1.09,-2.23,1.62,-1.8,-1.34,4,0,0
-0.59,0.81,-0.42,0.13,0.33,-0.24,1.22,-2.39,4,0,0
-2.03,-0.87,-0.81,2.03,-0.78,0.84,-2.06,0.16,4,0,0
2.67,-0.71,-0.78,-0.87,0.1,0.21,0.05,-0.35,4,0,0
-1.75,0.67,1.06,0.29,3.65,0.16,1.49,2.07,4,0,0
1.27,0.25,-0.14,-0.5,1.45,-0.98,-1.49,-0.28,4,0,0
-0.28,2.23,1.26,0.2,-0.91,0.34,0.68,1.24,4,0,0
-0.99,0.21,3.95,4.29,1.0,3.25,-2.05,-0.21,4,0,0
-1.56,-1.0,-0.92,-0.53,1.16,0.97,0.53,-2.53,4,0,0
2.32,-0.47,-0.43,0.07,0.78,-0.35,-0.14,2.36,4,0,0
-1.05,-1.33,-0.34,0.58,1.46,1.05,0.54,-1.55,4,0,0
-3.52,-1.83,0.38,2.96,1.93,2.96,0.21,-0.74,4,0,0
-1.65,-2.22,-1.07,1.97,-0.18,2.42,-0.17,3.56,4,0,0
-0.08,3.07,3.43,1.16,2.25,-0.1,0.29,-0.12,4,0,0
-1.75,1.86,2.73,2.67,0.9,1.15,-0.13,-0.05,4,0,0
1.01,-0.43,1.74,1.48,0.31,2.38,-1.27,1.09,4,0,0
-1.45,0.94,2.56,3.25,0.78,1.9,-0.42,0.53,4,0,0
0.67,0.19,1.81,1.01,-0.3,2.0,-1.14,-0.23,4,0,0
-0.38,1.22,0.04,0.76,-2.28,0.24,-1.54,1.88,4,0,0
-2.27,0.44,0.35,0.91,2.48,-0.48,-0.28,0.13,4,1,1
0.06,-0.51,0.91,3.34,0.37,1.67,1.82,2.2,4,0,0
2.12,-0.59,-1.29,-0.2,-0.84,-0.23,-1.37,0.35,4,0,0
0.8,-0.13,0.23,1.2,-1.1,0.02,-3.25,0.97,4,0,0
0.33,0.58,-0.4,0.02,0.61,-0.12,1.44,-0.23,4,0,0
0.02,-0.59,-0.24,-1.56,2.99,-0.94,-2.59,0.16,4,1,1
-0.62,-1.39,-2.11,-2.4,4.45,-2.02,0.08,-3.15,4,0,0
-0.79,1.48,3.32,0.22,4.57,0.79,1.1,-1.79,4,0,0
1.57,0.56,0.09,-1.83,0.92,-0.97,-1.98,-1.83,4,0,0
0.46,0.46,1.27,2.85,-1.71,2.06,2.22,-0.41,4,0,0
-1.41,-0.8,1.95,2.56,2.61,2.43,-2.81,1.2,4,0,0
3.32,-1.62,-0.82,-0.11,-0.61,0.36,-3.13,2.3,4,0,0
-2.31,-1.7,-1.09,0.82,0.89,0.93,-0.75,-1.55,4,0,0
1.38,0.3,0.73,3.7,-3.75,1.58,-0.0,3.07,4,0,0
4.55,1.88,1.82,-1.64,0.18,-1.0,-0.94,1.46,4,0,0
-1.53,0.35,1.08,2.97,-2.96,2.85,-0.91,1.81,4,0,0
0.9,2.23,4.03,4.33,-1.9,1.96,-1.14,0.09,4,0,0
-1.33,-0.52,0.98,1.41,2.73,0.9,-1.44,1.33,4,0,0
1.51,-1.73,-0.47,1.77,-0.49,1.72,-0.64,3.55,4,0,0
0.75,0.3,-0.49,1.45,-2.09,0.35,1.03,0.99,4,0,0
-0.9,-0.65,3.38,3.44,-0.43,3.54,-5.59,1.17,4,0,0
0.68,2.87,2.79,2.09,-1.19,0.75,1.36,0.42,4,0,0
0.92,0.96,0.59,1.22,-0.45,-0.12,-0.05,1.6,4,0,0
-0.21,2.23,1.7,0.26,2.23,-0.72,0.77,-0.81,4,1,1
-2.42,0.37,1.49,2.14,0.74,2.49,0.16,2.1,4,0,0
2.55,-0.17,-1.15,-1.47,0.18,-1.73,-2.36,-0.79,4,0,0
-2.05,-0.73,0.11,2.3,-0.7,2.61,1.55,0.6,4,1,1
-1.93,0.22,0.45,1.51,0.47,0.63,0.81,-1.43,4,0,0
1.75,0.61,1.39,-0.66,2.63,0.31,-0.74,0.75,4,0,0
0.13,-1.87,-1.76,-0.01,-0.29,1.33,-0.75,1.91,4,0,0
1.62,-0.89,-1.64,-3.73,2.73,-1.93,-1.04,-2.17,4,0,0
0.5,1.37,1.47,1.08,-1.42,0.66,-1.12,2.72,4,0,0
2.91,1.53,2.2,-0.68,1.76,-1.27,-2.14,-0.77,4,0,0
-0.51,-0.75,0.26,1.31,0.11,1.11,-0.32,0.29,4,0,0
-3.26,-0.39,0.43,0.3,4.26,0.13,-0.48,-2.43,4,0,0
-0.23,-1.82,-1.42,0.91,0.18,0.15,-1.91,0.3,4,0,0
2.74,0.16,2.52,2.53,-1.76,2.7,-1.68,0.9,4,0,0
0.21,-0.13,-0.54,0.28,1.5,-1.7,-2.1,1.41,4,0,0
0.66,-1.27,-1.04,-0.05,0.89,0.36,0.06,0.66,4,0,0
-1.31,-0.92,-0.22,2.28,-0.23,1.36,-0.34,0.28,4,0,0
-0.08,1.3,-1.26,-1.94,1.62,-2.44,-0.81,-0.45,4,0,0
-1.26,0.52,2.71,1.98,1.2,2.75,-2.4,-2.31,4,1,1
1.34,-1.1,-1.84,0.14,-1.57,-0.22,-2.03,1.33,4,0,0
-0.27,1.01,3.24,1.66,2.49,0.99,-1.51,-0.01,4,0,0
-2.99,-0.22,0.12,1.88,0.11,1.42,-1.01,1.09,4,0,0
-1.68,0.01,1.07,-0.08,3.46,0.56,-0.22,-0.83,4,0,0
-1.27,-0.22,-0.2,0.63,-0.22,0.46,-1.55,5.16,4,0,0
2.0,0.35,-0.56,-0.33,0.49,-1.09,0.14,0.09,4,0,0
1.98,2.86,2.05,-1.09,3.27,-2.77,-3.14,1.35,4,0,0
1.17,-0.44,0.37,1.56,-0.95,1.15,-0.83,1.14,4,0,0
-1.78,1.22,2.09,2.14,-0.04,1.1,-1.29,-0.23,4,0,0
-0.14,-1.65,-0.73,1.64,-0.44,1.82,1.52,-1.23,4,0,0
0.66,2.13,3.02,0.22,1.07,0.28,-2.92,0.77,4,0,0
1.31,1.43,1.75,3.29,-1.76,1.53,2.97,3.77,4,0,0
-0.28,-1.03,1.23,2.13,1.98,2.42,1.6,0.68,4,0,0
-1.05,-1.0,-1.18,-1.57,4.16,-0.34,2.48,-3.96,4,0,0
1.75,1.53,1.03,-1.6,1.29,-0.8,0.32,0.2,4,0,0
0.69,-1.48,-0.46,-1.65,3.75,-0.92,-2.67,3.77,4,0,0
-1.3,-2.54,-1.03,1.8,-0.05,2.53,-0.24,-0.44,4,0,0
1.25,1.79,-1.19,-3.18,0.65,-1.98,0.01,1.25,4,0,0
1.86,0.63,-0.63,-0.38,-0.3,-1.09,-1.64,0.57,4,0,0
-0.21,0.26,-0.85,1.39,-1.9,0.25,-0.43,3.38,4,0,0
-3.21,-0.76,-2.88,-2.86,3.07,-1.68,1.34,-1.43,4,0,0
-2.49,1.58,0.8,-0.42,1.61,-0.27,-0.88,-0.44,4,0,0
-0.26,1.73,2.25,0.73,1.55,-0.06,-1.72,-0.26,4,0,0
2.22,0.34,0.76,-1.97,2.41,-1.27,-4.06,0.4,4,0,0
-1.21,0.35,1.56,1.03,0.63,1.55,-1.56,-0.5,4,0,0
1.47,0.88,-0.34,-0.71,1.2,-2.03,-0.96,-0.66,4,0,0
-1.76,1.04,-0.01,-0.77,0.67,0.26,1.75,-0.14,4,0,0
-0.73,-0.35,-0.16,0.89,0.52,0.15,0.3,0.67,4,0,0
-1.81,-3.01,-3.15,0.47,-1.76,1.55,-0.71,-0.23,4,0,0
-0.49,-1.43,0.69,3.55,-1.48,3.68,1.29,4.5,4,0,0
0.22,-1.43,-3.1,-2.14,0.45,-1.88,-0.75,-2.9,4,0,0
1.36,-0.5,2.24,3.74,-0.48,2.58,-0.97,-0.49,4,0,0
-0.4,-2.49,-2.7,-1.8,3.27,-1.01,0.1,1.03,4,0,0
-1.37,1.5,1.9,3.86,-2.02,1.81,-0.31,1.62,4,0,0
0.72,1.73,0.92,-0.82,1.14,-1.15,0.87,-1.02,4,0,0
-2.04,1.75,2.21,1.42,0.32,0.95,-1.31,1.83,4,0,0
0.27,1.91,1.16,-1.61,2.93,-1.99,-2.69,0.36,4,0,0
-1.09,1.91,2.09,2.35,-0.2,0.49,-0.37,2.13,4,0,0
1.06,-0.54,-0.28,-0.35,0.55,0.73,-0.03,-1.95,4,0,0
0.31,0.13,-0.31,-2.23,3.92,-0.62,2.29,1.81,4,0,0
-0.05,2.5,2.27,1.54,-1.26,0.03,-0.5,-0.27,4,0,0
2.07,1.29,0.95,-0.02,0.75,-0.93,-1.78,0.05,4,0,0
0.47,-0.72,-2.3,-2.0,2.76,-2.52,1.71,-1.66,4,0,0
0.55,0.71,2.3,3.09,-0.59,2.23,0.85,-1.86,4,0,0
-1.91,1.99,1.82,2.63,0.63,0.19,-0.13,-2.3,4,0,0
-1.03,-0.12,-1.96,-0.77,0.67,-1.47,-0.13,0.7,4,0,0
1.91,-0.68,-0.48,-1.07,1.24,-0.62,-1.05,-4.53,4,0,0
2.26,1.75,2.98,2.43,0.8,0.49,1.27,0.98,4,0,0
0.98,-0.52,0.66,1.55,-0.69,1.29,-0.78,2.96,4,0,0
1.7,-0.38,-0.6,-0.82,0.7,-0.85,-1.22,-2.28,4,0,0
-2.96,1.44,-0.02,3.98,-3.44,1.02,2.39,-0.89,4,0,0
1.2,-0.42,0.86,2.75,-1.53,2.12,2.03,-0.85,4,0,0
-3.24,0.34,1.57,1.56,3.82,0.51,0.95,-0.95,4,0,0
0.05,1.49,1.06,-3.12,4.95,-2.78,-3.06,-3.62,4,0,0
-0.62,-0.36,-1.81,0.69,-3.51,0.12,-0.5,-0.62,4,0,0
0.11,-1.26,-0.33,0.7,0.12,1.32,-1.08,-2.63,4,0,0
4.64,1.71,1.17,-1.28,2.32,-2.08,0.6,-0.65,4,0,0
0.05,1.87,0.16,-2.7,3.76,-3.69,-2.64,2.27,4,0,0
-0.82,0.22,-1.86,-1.25,0.13,-1.43,-0.69,-3.85,4,0,0
-0.98,-0.04,0.69,2.01,0.13,1.7,2.7,0.01,4,0,0
0.42,-0.47,0.74,-0.08,3.11,0.36,1.44,-2.46,4,0,0
-2.59,-0.16,-1.0,0.37,0.54,0.15,0.18,-2.17,4,0,0
2.97,0.12,0.37,-0.48,-0.17,-0.06,-2.68,2.03,4,0,0
-3.05,1.86,-0.2,-0.23,0.54,-1.08,-0.45,-0.32,4,0,0
1.86,-3.04,0.03,-1.82,-1.85,1.77,2.3,-3.61,5,0,0
3.14,0.69,2.32,-1.35,1.14,0.13,-1.59,-1.59,5,0,0
0.0,-1.87,0.87,-1.58,-1.26,1.43,2.28,1.07,5,0,0
-0.01,-1.31,-2.22,-0.35,-1.16,-2.84,-1.31,1.21,5,0,0
-2.55,-1.76,2.07,4.42,-3.81,-0.54,2.25,-3.66,5,0,0
0.14,-0.04,3.24,-1.73,1.02,3.13,0.05,-1.3,5,0,0
-1.54,2.35,-0.64,3.37,0.5,-0.71,-0.11,0.15,5,0,0
-2.16,-4.41,-6.05,-1.07,-2.24,-3.83,0.96,-0.71,5,0,0
-1.93,0.48,-2.15,4.28,-1.79,-2.02,-0.65,-1.45,5,0,0
-0.58,1.55,-0.17,5.01,-3.0,1.8,0.2,-0.2,5,0,0
-2.51,1.85,0.15,-0.2,2.89,1.83,0.97,1.0,5,0,0
-1.8,0.02,0.01,0.56,0.05,0.45,-0.28,-0.04,5,0,0
1.33,3.06,-1.1,3.34,-0.86,0.14,-1.69,1.94,5,0,0
0.25,-0.89,-0.21,-2.35,0.53,0.58,1.53,2.13,5,0,0
-4.22,-0.42,0.49,0.51,1.92,0.83,0.77,-4.53,5,0,0
-0.06,-0.61,-0.35,-0.79,0.54,-2.21,0.04,-0.35,5,0,0
-0.46,0.18,1.27,-1.86,2.07,2.46,0.18,-1.14,5,0,0
0.28,-0.1,1.06,-1.52,0.83,-1.23,-1.69,1.32,5,0,0
2.72,-0.29,0.73,1.99,-3.39,0.98,-0.56,-1.45,5,0,0
1.9,-1.87,0.69,-2.39,-0.66,0.22,-0.18,-0.71,5,0,0
-1.66,-1.11,-0.35,-2.43,1.31,0.71,0.85,0.88,5,0,0
0.82,-3.13,0.6,-2.72,-0.63,-1.42,1.17,-1.78,5,0,0
4.01,-3.63,-1.26,-2.71,-2.21,-3.1,-0.26,-1.69,5,0,0
-2.04,-2.9,-0.47,-3.16,0.82,-1.89,1.8,0.3,5,0,0
2.05,-2.72,1.45,0.13,-2.77,0.46,1.82,-5.06,5,0,0
0.55,1.1,1.75,-1.95,1.62,1.43,-0.48,2.85,5,0,0
-0.54,-3.19,0.66,-4.58,0.94,-1.94,2.12,1.09,5,0,0
2.35,0.73,-2.01,0.55,-1.44,1.31,-0.93,1.6,5,0,0
3.13,-0.75,1.03,-1.86,0.3,-1.79,-0.35,-0.98,5,0,0
-1.85,1.88,0.58,3.23,-1.55,4.88,0.7,0.81,5,0,0
-1.59,3.51,-0.26,2.99,1.22,3.11,0.68,1.22,5,0,0
-0.1,-0.4,-4.29,-2.08,0.56,1.95,1.84,2.16,5,0,0
-0.36,-1.2,-1.24,0.68,-0.84,-3.29,-2.22,-1.64,5,0,0
0.56,-0.26,0.72,-0.05,-0.23,-0.21,-2.21,-1.67,5,0,0
1.33,0.58,-1.51,-1.93,0.9,0.95,0.86,2.71,5,0,0
-0.22,0.47,-0.79,-0.97,0.68,2.52,1.31,1.25,5,0,0
2.28,0.21,3.46,-1.24,0.46,2.13,0.23,-1.21,5,0,0
-1.67,-0.08,-2.94,0.67,-0.24,-2.41,-1.88,1.39,5,0,0
-1.37,0.26,-0.89,2.76,-1.7,-0.83,-0.28,0.23,5,0,0
0.04,0.57,-0.19,-2.23,1.61,1.38,1.48,3.04,5,0,0
-1.76,-2.25,-1.1,-2.13,1.08,0.07,1.16,-2.87,5,0,0
-0.94,0.93,2.4,0.51,1.03,1.53,-0.62,-1.41,5,0,0
1.96,-1.79,2.3,-1.27,-0.95,-0.91,-1.3,-2.34,5,0,0
-0.62,0.34,-1.03,-2.6,1.74,0.28,0.44,4.37,5,0,0
-4.21,-0.6,1.6,2.23,-0.67,-0.72,-0.75,-1.65,5,0,0
-0.42,-2.54,-0.4,-1.83,0.46,-2.2,-0.16,-3.41,5,0,0
1.26,-1.2,2.69,-0.79,-0.48,-1.77,-0.08,-0.98,5,0,0
0.81,-1.53,-1.79,-1.65,-0.45,0.2,-0.14,-0.73,5,0,0
0.85,-1.85,0.31,-3.53,0.52,1.08,1.42,-0.5,5,0,0
4.34,0.48,0.01,-1.36,0.34,1.34,-0.9,-1.28,5,0,0
-2.03,-0.18,0.64,-1.04,0.85,2.11,0.92,0.95,5,0,0
1.88,-1.71,-2.6,1.97,-3.24,-1.29,-0.47,-3.78,5,0,0
3.21,-0.83,1.59,1.17,-2.29,1.57,1.26,-4.57,5,0,0
-0.17,-1.0,0.82,2.25,-2.8,-0.74,-1.26,-1.61,5,0,0
0.06,1.91,-0.07,0.04,2.4,1.61,-1.08,-2.08,5,0,0
-0.24,3.65,2.59,6.92,-2.59,1.01,-2.04,0.44,5,0,0
4.53,1.42,-1.18,-0.75,0.5,-1.53,-0.42,1.63,5,0,0
4.01,-4.75,-2.77,-5.12,-1.47,-2.73,0.64,-0.69,5,0,0
0.19,-4.78,-0.99,-0.99,-2.79,-3.03,1.12,-4.27,5,0,0
-2.95,2.07,0.3,2.56,0.64,1.22,-1.49,0.57,5,0,0
-1.12,-2.37,-0.77,0.39,-1.37,-2.49,0.38,-2.29,5,0,0
1.89,0.57,1.76,2.88,-2.77,1.47,-1.56,-1.91,5,0,0
-2.32,1.0,0.6,2.9,-0.2,0.79,0.12,-1.69,5,0,0
1.34,-0.68,-2.11,-0.34,-0.35,-4.12,-1.43,0.41,5,0,0
0.09,-1.22,-0.55,-1.78,0.23,-1.44,-0.44,0.81,5,0,0
2.08,0.58,-0.01,0.38,-0.76,1.54,1.94,0.49,5,0,0
1.06,0.95,2.23,-0.69,1.15,2.61,0.14,-1.67,5,0,0
-0.92,1.01,-1.55,2.78,-1.02,-0.02,-2.64,-1.34,5,0,0
0.38,-1.46,3.76,2.9,-3.5,-0.99,-2.23,-3.59,5,0,0
-1.93,2.09,-2.51,-0.91,2.74,-0.25,-1.14,4.75,5,0,0
-0.28,0.15,-0.57,-1.12,1.17,0.84,1.24,0.74,5,0,0
-0.31,-1.36,0.2,-3.35,1.69,0.4,-0.35,-0.44,5,0,0
1.12,0.73,-2.54,-0.16,0.66,-1.92,-1.08,0.78,5,0,0
0.55,-0.11,1.11,1.97,-1.44,-0.7,-1.99,-3.12,5,0,0
-1.65,-1.36,-3.39,-0.55,-0.01,-2.06,0.04,0.13,5,0,0
-0.79,1.54,3.47,1.01,0.71,2.52,0.2,-0.38,5,0,0
-3.14,0.72,-1.24,3.52,-1.64,0.27,1.06,1.37,5,0,0
0.29,-2.96,-1.08,-6.76,3.08,-0.18,0.81,-1.14,5,0,0
1.93,-2.98,-0.57,-7.44,2.54,-0.31,0.38,1.31,5,0,0
-2.84,2.56,1.95,-1.06,3.78,2.85,0.11,2.86,5,0,0
0.47,1.06,1.47,3.34,-1.9,0.52,0.58,-0.86,5,0,0
-0.77,1.75,0.71,1.91,0.55,0.75,-1.01,-0.43,5,0,0
0.55,-3.66,1.56,-2.47,-1.17,0.21,-0.0,-4.51,5,0,0
2.17,2.01,1.97,0.23,1.53,3.04,-0.12,-2.34,5,0,0
0.61,0.84,0.6,-3.2,3.3,-0.37,0.25,2.09,5,0,0
2.03,0.53,-2.27,-1.42,0.43,-1.4,-0.24,3.04,5,0,0
0.71,0.24,-3.54,0.03,-0.66,-1.97,-1.84,2.69,5,0,0
-2.57,0.9,-1.33,2.85,-0.42,-2.24,-1.65,-0.04,5,0,0
-1.44,-0.25,0.14,-2.5,2.07,3.08,0.06,-0.94,5,0,0
0.99,2.72,-1.88,0.16,1.69,3.39,0.18,0.78,5,0,0
-5.25,2.21,-1.89,7.92,-2.36,-1.88,-2.73,-0.5,5,0,0
0.11,2.01,2.21,3.85,-1.56,1.82,-1.33,-1.24,5,0,0
0.8,1.14,-1.6,0.74,0.49,0.61,-0.79,-0.63,5,0,0
3.13,-0.55,0.23,-0.2,-2.08,0.89,-0.97,-0.2,5,0,0
-0.01,-0.07,-1.76,-0.52,-0.75,-0.06,-1.22,3.52,5,0,0
-2.61,0.75,-4.35,-1.33,2.13,0.47,1.18,3.48,5,0,0
-2.87,-1.53,-0.05,0.39,0.04,-2.66,-1.8,-2.22,5,0,0
2.22,-2.53,-1.71,-2.99,-0.62,-1.37,-0.28,-1.52,5,0,0
-0.28,1.06,-0.6,-1.61,2.73,2.4,0.46,-0.6,5,0,0
-2.37,1.12,-4.04,0.3,1.86,-1.85,-0.91,1.5,5,0,0
-2.37,-0.25,-2.65,2.36,-2.19,1.44,1.62,0.7,5,0,0
-1.55,2.53,0.54,5.21,-0.57,-1.57,-2.61,-1.98,5,0,0
-3.25,3.25,-1.04,3.11,0.92,2.73,0.64,2.63,5,0,0
-1.77,1.0,1.21,1.45,0.39,-0.22,-2.48,-0.39,5,0,0
-0.56,-0.71,-0.33,-1.89,1.85,-1.03,-0.28,-1.64,5,0,0
-2.02,0.97,2.77,3.91,-1.78,1.81,1.46,-0.66,5,0,0
-1.79,-0.66,0.41,-2.32,1.17,1.6,1.36,2.36,5,0,0
1.14,1.41,0.54,1.06,0.47,-0.13,-1.02,-0.77,5,0,0
0.7,-0.09,-0.27,1.48,-1.88,0.72,-0.62,-0.22,5,0,0
0.68,-1.68,-0.55,1.01,-2.18,-2.97,0.15,-0.99,5,0,0
0.82,0.31,-4.04,2.21,-1.85,-2.36,-0.23,1.19,5,0,0
0.37,-1.98,-1.16,-2.59,-0.06,1.32,2.78,-0.32,5,0,0
4.02,-1.28,5.21,-1.76,-1.72,3.85,0.69,-2.27,5,0,0
-2.48,-0.4,-0.05,-0.37,0.87,1.67,-0.55,-2.32,5,0,0
-0.6,-1.95,-3.06,0.35,-2.86,1.47,2.78,1.01,5,0,0
-0.51,-1.98,-0.74,-2.53,0.04,-1.11,-1.31,0.49,5,0,0
0.66,0.75,0.57,0.15,0.43,1.13,-1.51,-1.17,5,0,0
2.38,0.96,5.54,-1.38,1.7,2.8,-0.18,-2.45,5,0,0
-0.91,-0.38,-2.19,0.19,-0.75,-1.16,-0.59,1.31,5,0,0
1.41,-0.42,0.43,-1.48,-0.01,-0.45,-1.72,0.7,5,0,0
2.81,-2.48,-2.16,-6.96,3.54,-1.98,-0.03,-1.34,5,0,0
-2.09,2.81,-0.66,3.67,-0.43,0.34,-0.92,2.81,5,0,0
4.27,-0.96,-0.19,-1.79,-1.42,2.53,0.5,-0.9,5,0,0
0.74,-0.68,-2.85,-0.01,-0.14,-1.9,-0.68,-1.77,5,0,0
0.23,-2.05,-0.05,-2.98,0.09,-0.64,-0.71,0.8,5,0,0
-1.68,1.17,-0.68,2.8,-0.37,-0.98,-1.18,-0.39,5,0,0
-0.81,0.9,-1.66,0.14,1.12,-0.17,-0.92,0.26,5,0,0
3.06,-1.02,-1.06,-0.87,-1.15,-0.2,-2.12,-2.69,5,0,0
-1.43,-0.29,-2.08,5.13,-4.07,-2.3,-2.58,-1.15,5,0,0
0.72,2.19,0.32,0.42,1.3,1.62,0.9,1.83,5,0,0
-0.67,-0.31,-1.99,3.63,-3.63,-2.17,-1.33,1.6,5,0,0
-0.05,2.24,1.36,4.21,-1.22,1.13,0.05,-0.45,5,0,0
1.06,1.4,-4.05,1.61,-0.78,-0.71,-0.76,2.14,5,0,0
2.14,0.59,1.75,-0.64,0.47,1.48,0.71,-1.2,5,0,0
-0.59,-1.83,-0.46,0.34,-1.65,-2.11,-1.55,-1.35,5,0,0
0.81,-1.47,-1.97,-4.0,1.21,0.41,1.2,1.3,5,0,0
3.29,-1.32,-1.81,-1.23,-0.56,-1.57,-1.21,-2.87,5,0,0
-0.28,0.68,-0.07,0.29,-0.19,3.46,1.71,0.59,5,1,1
-4.87,-4.55,-1.93,-2.13,-0.25,-2.73,2.19,-1.79,5,0,0
-2.43,0.13,-2.58,-0.9,1.43,-0.73,-0.25,2.79,5,0,0
1.14,-1.75,-2.32,1.98,-3.59,-4.1,-0.41,0.45,5,0,0
-2.05,-0.71,-2.07,-1.68,1.85,-0.04,0.64,-0.88,5,0,0
1.33,-2.18,1.06,-3.91,0.94,-0.31,-0.55,-1.28,5,0,0
-1.45,-2.97,-1.31,-0.12,-1.67,-3.11,0.88,-0.88,5,0,0
-1.58,-0.69,1.22,2.39,-2.11,1.42,0.56,-2.44,5,0,0
-0.25,-0.21,-1.98,0.15,0.47,0.6,1.39,-2.06,5,0,0
1.06,1.22,1.02,1.73,-0.3,-0.04,-0.44,-0.77,5,0,0
-4.63,2.53,-2.27,1.12,3.64,1.18,-0.87,-0.67,5,0,0
2.09,1.53,-1.6,-0.22,0.49,-0.83,-3.02,1.84,5,0,0
-1.36,0.17,-3.93,4.41,-3.79,0.59,0.67,0.24,5,0,0
2.43,1.95,1.22,-1.15,0.99,4.17,1.06,2.46,5,0,0
1.58,1.78,-0.71,0.8,0.13,0.46,0.79,1.91,5,0,0
2.84,-3.33,-0.5,-5.94,1.49,-0.59,0.23,-2.68,5,0,0
0.28,0.03,-1.26,-2.62,1.51,2.39,1.45,1.51,5,0,0
1.33,0.35,-2.39,1.33,-1.79,-2.42,-2.04,2.7,5,0,0
0.21,2.42,-1.23,1.63,0.13,-0.49,-0.29,4.05,5,0,0
2.71,-0.7,0.94,-3.49,0.64,2.33,3.13,2.0,5,0,0
-0.55,1.05,-2.65,0.36,1.03,-2.39,-1.36,2.21,5,0,0
0.2,-1.75,0.59,-3.24,1.88,-2.12,-0.05,-1.3,5,0,0
0.72,-2.05,-1.72,0.41,-2.03,-2.6,0.16,-0.99,5,0,0
1.21,0.97,1.01,1.75,-1.98,4.55,-0.87,-1.28,5,0,0
0.8,-0.27,-0.46,-2.51,0.98,0.62,1.41,2.63,5,0,0
1.46,-1.71,-0.45,-0.55,-1.8,-1.8,1.19,0.41,5,0,0
-1.66,-0.38,1.7,-1.05,1.43,2.43,0.87,-1.91,5,0,0
3.18,-1.52,-0.63,-1.07,-1.96,-0.27,-0.93,-0.83,5,0,0
0.69,-1.25,2.92,-0.5,0.55,-1.79,0.26,-4.45,5,0,0
1.56,0.69,-1.77,-3.63,2.03,-0.31,-0.13,4.95,5,0,0
3.65,1.01,0.3,0.49,-1.17,0.61,-1.61,0.16,5,0,0
0.51,1.05,0.86,1.15,-0.42,0.4,-0.33,0.76,5,0,0
4.0,-0.77,1.74,-1.59,-0.76,2.36,0.15,-3.1,5,0,0
-1.47,-3.14,-1.92,1.48,-2.82,-3.41,-0.03,-3.79,5,0,0
-0.04,1.91,2.39,1.28,-0.21,4.28,0.47,0.52,5,0,0
-0.81,0.89,1.07,1.14,-0.42,1.84,-1.08,0.55,5,0,0
1.33,-0.86,0.52,-2.45,-0.31,1.2,1.87,3.39,5,0,0
-1.82,0.85,1.21,1.59,0.78,-0.01,-0.12,-1.27,5,0,0
-0.29,-0.29,-0.09,0.93,-0.69,-0.09,0.34,-1.08,5,0,0
4.82,0.43,0.48,-3.02,0.97,0.1,-1.96,0.68,5,0,0
-3.23,-0.31,-3.34,-2.28,1.87,0.52,2.52,3.94,5,0,0
-2.03,0.25,1.06,0.4,0.05,0.34,0.01,1.41,5,0,0
2.82,-2.17,3.7,-2.76,0.17,-1.32,-1.43,-3.69,5,0,0
-0.96,-2.66,1.77,-0.38,-2.15,-0.6,-0.67,-0.72,5,0,0
-2.11,-0.45,0.52,-0.28,-0.06,1.31,1.74,1.46,5,0,0
2.64,0.58,0.36,-1.38,0.96,-0.93,-0.46,0.97,5,0,0
-0.67,-0.64,-0.26,-0.35,0.23,-3.04,-3.76,-0.08,5,0,0
1.61,-2.06,-3.45,-3.56,0.21,-2.06,0.72,1.67,5,1,1
0.31,0.37,2.57,-0.21,1.7,0.85,1.42,-3.51,5,0,0
1.13,-0.68,0.02,-1.97,0.81,-1.19,-2.13,-0.14,5,0,0
1.99,-0.39,-1.76,-1.27,-0.48,-0.85,-0.8,1.6,5,0,0
1.75,-1.65,0.78,0.21,-2.49,-0.87,0.79,0.33,5,0,0
-2.43,0.04,-0.31,1.52,-0.95,-0.08,0.28,1.78,5,0,0
-0.95,-0.67,-1.72,-1.03,0.45,0.6,1.14,0.34,5,0,0
3.42,0.23,2.96,2.3,-2.1,-0.59,-1.28,-3.5,5,0,0
2.21,0.54,1.65,-0.67,0.5,0.29,-1.33,-1.07,5,0,0
4.61,-4.11,6.54,-5.03,-0.59,1.42,2.93,-4.32,5,0,0
-0.86,0.7,-2.48,2.2,-1.37,-0.47,-1.78,1.26,5,0,0
3.41,1.13,1.16,-0.23,-0.29,0.44,-2.47,0.94,5,0,0
1.34,-0.25,0.23,-1.59,1.12,-1.35,-1.78,-1.36,5,0,0
0.56,-2.01,-1.52,-0.43,-1.36,-0.04,1.18,-2.41,5,0,0
2.0,4.53,1.89,2.05,0.91,3.48,-1.39,2.64,5,0,0
0.17,2.07,1.86,4.81,-1.99,-1.18,-3.59,-1.15,5,0,0
-1.76,2.89,0.86,0.95,2.02,-0.43,-1.73,3.93,5,0,0
-0.84,3.49,-0.92,0.14,2.32,2.61,0.39,5.15,5,0,0
-0.24,1.73,-0.34,1.95,0.06,0.72,0.22,0.64,5,0,0
-1.07,-0.26,-2.44,-2.74,2.29,-0.41,-1.05,1.17,5,0,0
2.6,-0.62,0.34,-1.46,-1.21,1.49,0.14,1.25,5,0,0
-4.08,-0.96,-0.93,0.63,0.51,-1.58,-1.25,-1.19,5,0,0
1.38,-1.53,-1.24,-2.65,0.61,-2.08,0.26,-0.22,5,0,0
0.29,-0.66,0.39,1.35,-1.88,-2.4,-0.27,0.64,5,0,0
-0.67,2.02,1.24,0.59,2.17,1.05,-0.7,-0.53,5,0,0
1.62,-0.74,1.85,3.18,-3.25,-1.78,-1.48,-3.39,5,0,0
-1.01,0.15,-0.33,2.6,-1.36,-1.7,-0.4,-0.72,5,0,0
0.89,2.1,-1.29,5.0,-1.83,-1.57,-0.11,-1.19,5,0,0
-1.26,0.09,-0.83,0.69,0.18,-0.78,-0.0,-0.05,5,0,0
1.34,-0.71,0.59,-2.84,1.1,1.33,-0.39,-0.57,5,0,0
1.43,1.5,-0.91,-0.29,1.24,0.41,-1.17,0.62,5,0,0
-2.35,-1.08,-1.04,-1.94,1.57,-1.58,-0.41,0.62,5,0,0
2.86,-1.29,2.28,0.25,-2.14,-0.63,-0.62,-2.11,5,0,0
-4.37,2.03,-1.65,3.85,1.07,-1.39,-1.89,-0.83,5,0,0
2.34,-0.16,-0.81,0.45,-2.02,1.43,-0.83,-0.44,5,0,0
-2.3,1.44,0.15,2.48,0.62,0.27,-0.69,-1.76,5,0,0
-0.78,-2.93,-1.1,0.85,-2.46,-1.43,-0.1,-3.86,5,0,0
3.88,-1.23,-0.16,-1.11,-1.35,-0.15,0.39,-1.85,5,0,0
-3.05,1.5,-2.4,3.58,-0.65,0.26,0.46,1.05,5,0,0
-0.45,-1.93,1.1,-5.19,2.41,1.18,1.37,-0.18,5,0,0
-1.62,-3.4,0.17,-3.48,1.15,-2.18,1.6,-1.62,5,0,0
0.23,2.78,1.11,4.55,-2.54,2.32,-0.68,3.45,5,0,0
-0.97,-1.97,-0.47,-3.11,1.15,1.66,3.24,-0.64,5,0,0
0.86,1.57,-4.26,2.33,-1.82,0.79,0.73,3.12,5,1,1
2.03,-3.1,-1.44,0.11,-3.17,-4.64,-3.24,-2.33,5,0,0
0.0,1.29,-2.24,-2.66,3.48,1.18,0.92,1.63,5,0,0
0.98,3.03,-0.1,2.55,0.5,1.16,-1.53,-0.0,5,0,0
-2.3,0.16,-3.26,0.19,0.95,0.12,0.99,0.48,5,0,0
1.81,1.22,0.85,-0.03,0.17,1.71,-2.03,0.08,5,0,0
0.48,2.07,1.12,1.83,0.08,1.42,-1.66,-0.56,5,0,0
-1.16,-0.02,-2.69,-3.48,2.71,0.62,0.99,3.16,5,0,0
-3.28,0.44,-1.23,0.47,1.06,-0.44,-2.22,0.43,5,0,0
-3.39,1.09,0.34,3.13,-0.83,0.1,-0.45,0.35,5,0,0
0.3,0.36,-1.31,2.58,-2.28,-2.29,-1.56,1.17,5,0,0
-1.09,2.3,1.74,3.46,0.3,-0.43,-3.29,-1.3,5,0,0
-1.05,-0.09,0.98,0.82,-0.17,2.68,-0.26,-2.85,5,0,0
-3.11,1.92,-0.35,4.29,-0.91,1.44,0.56,0.66,5,0,0
-0.62,-2.29,-3.87,-0.43,-2.11,-1.82,0.59,0.56,5,0,0
-3.85,0.21,-1.01,-0.16,2.31,-0.61,1.0,-0.55,5,0,0
-2.44,0.74,-0.53,1.18,0.39,1.66,1.97,0.73,5,0,0
0.95,-0.13,0.09,-1.0,0.04,0.4,-0.66,0.23,5,0,0
-0.7,1.91,-1.89,1.22,0.85,-1.47,-1.4,2.48,5,0,0
1.28,-0.86,1.02,-1.05,-0.82,1.51,0.97,0.06,5,0,0
-2.4,3.31,-0.12,6.73,-1.57,1.39,-0.89,-0.34,5,0,0
-2.29,-1.24,0.43,-3.0,1.53,1.48,0.45,1.14,5,0,0
1.21,-0.15,0.51,-2.12,0.43,3.43,0.6,0.49,5,0,0
0.86,1.12,-1.85,1.82,-1.39,-0.34,-2.33,1.63,5,0,0
0.79,-2.63,-1.22,0.69,-2.63,-2.26,-0.67,-3.53,5,0,0
-0.74,0.09,-2.69,0.58,0.04,-4.61,-3.07,1.53,5,0,0
1.5,1.24,2.9,-2.93,2.48,0.91,-0.57,3.06,5,0,0
1.64,-2.27,-2.09,-1.95,-1.48,-0.83,2.05,1.38,5,0,0
-1.37,-1.69,1.71,-2.28,0.13,0.11,0.49,1.36,5,0,0
1.63,-0.17,-0.85,-2.56,1.62,-1.38,-0.27,1.11,5,0,0
0.47,1.55,3.25,-0.07,0.7,4.43,-0.01,-0.02,5,0,0
1.07,0.33,-2.17,-2.59,1.87,1.34,0.33,0.91,5,0,0
-1.78,0.29,-1.27,1.36,0.25,-0.54,-2.1,-1.34,5,0,0
1.46,-1.58,1.71,-0.01,-1.08,-2.56,-2.01,-3.34,5,0,0
1.13,1.97,1.09,0.18,1.36,2.36,-0.87,-0.12,5,0,0
0.11,0.88,0.41,3.15,-1.2,0.85,-0.77,-3.46,5,0,0
1.51,-2.41,-1.07,0.32,-2.81,-0.48,0.37,-3.29,5,0,0
1.19,-0.85,-1.66,-2.91,0.39,0.91,-0.17,1.54,5,0,0
-1.12,-0.29,-3.77,-0.35,-0.8,-0.0,0.88,4.33,5,0,0
2.28,-2.5,-1.97,-3.41,-0.91,-0.81,1.29,1.26,5,0,0
-1.35,-2.26,0.9,-2.32,0.11,-0.29,0.75,0.24,5,0,0
1.49,-0.48,-0.93,1.66,-1.57,-1.0,0.09,-3.02,5,0,0
0.19,0.99,2.08,0.79,1.7,-0.4,-1.47,-4.27,5,0,0
0.72,2.01,-0.64,-0.8,1.6,2.1,-1.17,2.47,5,0,0
-0.29,-0.27,-1.17,2.72,-2.48,-0.87,-0.59,-0.5,5,0,0
1.97,-4.79,0.89,-4.88,0.1,-2.4,-0.26,-5.12,5,0,0
0.4,-1.44,-0.37,-3.72,1.16,-0.8,0.79,1.86,5,0,0
5.19,-0.21,-0.86,-2.17,0.11,-1.45,-2.32,-0.45,5,0,0
1.63,-2.61,-3.2,-1.38,-1.68,-3.82,-0.98,-0.03,5,0,0
-2.26,0.48,-2.84,1.38,0.13,-1.71,-1.28,0.77,5,0,0
-1.11,1.5,-0.04,-0.29,0.99,0.77,-1.61,3.58,5,0,0
0.72,0.49,-0.73,1.89,-1.24,-0.44,-1.66,-1.31,5,0,0
-0.5,-0.3,0.71,-0.98,1.09,-0.04,1.02,-0.24,5,0,0
3.36,-0.26,-3.18,-2.33,-0.58,0.15,-0.92,2.85,5,0,0
1.22,-0.66,-1.22,0.05,-1.99,1.55,0.72,0.88,5,0,0
2.37,-2.61,-0.36,-0.72,-2.55,-0.87,0.72,-1.64,5,0,0
-3.34,0.42,-1.18,0.54,0.4,-0.57,-0.19,3.23,5,0,0
3.62,-0.75,-1.19,-0.33,-1.92,-0.14,0.2,-0.02,5,0,0
-0.88,1.44,1.05,-3.23,4.26,3.0,0.97,1.23,5,0,0
1.86,1.76,-1.44,0.09,0.96,0.99,-1.37,-0.28,5,0,0
-2.96,0.89,-1.93,1.61,0.28,0.2,1.91,1.98,5,0,0
0.26,-0.2,-0.42,-0.91,0.79,-0.15,-0.21,-0.78,5,0,0
-0.59,0.19,1.16,0.97,-1.48,4.19,0.89,0.0,5,1,1
-1.49,-2.25,-2.74,-3.27,1.13,-0.51,2.01,0.44,5,0,0
-0.36,0.2,2.9,1.94,-2.13,3.41,2.3,-0.17,5,0,0
-1.69,1.25,-2.34,-2.35,3.58,2.8,0.73,1.37,5,0,0
-0.9,-0.41,0.64,-2.45,0.9,2.4,-0.19,1.93,5,0,0
-1.31,-1.94,-0.95,-0.59,-0.88,-0.95,-0.49,-1.47,5,0,0
-0.88,1.14,-1.16,3.31,-1.65,-0.36,-0.56,0.77,5,0,0
3.06,-0.2,3.11,-1.42,-0.47,2.35,1.75,-0.23,5,0,0
-1.25,-2.13,0.16,-0.02,-1.3,-1.08,0.6,-1.57,5,0,0
-0.93,0.69,-0.7,-0.17,1.29,-1.18,-0.87,0.77,5,0,0
1.26,1.2,-0.48,-1.09,1.54,0.85,-0.34,1.04,5,0,0
1.5,-1.2,-1.05,-2.74,-0.28,0.28,0.49,2.36,5,0,0
-3.76,0.78,-2.6,0.75,0.89,-0.62,-0.11,2.75,5,0,0
1.24,0.36,1.2,0.17,-0.15,2.2,1.04,-1.43,5,0,0
-1.0,0.47,-1.25,0.64,0.26,0.21,-0.39,-0.07,5,1,1
2.56,-0.94,1.14,-1.33,-1.03,1.39,2.21,0.22,5,0,0
0.67,1.15,1.48,1.63,-0.4,-2.1,-3.41,-0.28,5,0,0
4.24,-0.77,-1.04,-2.27,-0.65,-0.13,-0.09,0.5,5,0,0
-1.17,0.84,-0.06,1.08,0.79,-2.48,-2.2,0.21,5,0,0
1.56,2.91,-2.89,0.64,1.04,0.07,-1.6,3.95,5,0,0
-0.46,2.21,-1.62,2.96,-1.88,2.65,-1.22,3.53,5,0,0
1.44,-2.68,0.64,-1.13,-2.35,1.72,1.23,-2.32,5,0,0
-0.38,0.97,0.31,2.79,-1.53,1.9,0.19,-1.13,5,0,0
-1.79,0.71,-0.9,2.97,-1.3,0.74,-0.06,-0.5,5,0,0
0.53,-0.81,-0.45,-1.04,-0.21,-2.29,-0.87,0.47,5,0,0
1.67,1.4,-1.03,1.75,-1.75,0.54,-0.26,2.86,5,0,0
-2.53,1.12,-1.88,-0.06,2.19,-0.68,-0.26,1.09,5,0,0
0.03,-2.6,-2.86,-0.25,-2.27,-1.47,-0.06,-0.81,5,0,0
1.44,0.37,-0.78,-0.25,0.25,-1.08,-1.88,-0.04,5,0,0
-1.53,1.23,-5.01,1.99,-0.05,-2.34,-0.79,2.16,5,0,0
0.42,2.97,-2.98,4.85,-1.39,-1.71,-2.71,1.26,5,0,0
-0.21,0.59,1.02,0.67,-0.53,1.7,0.35,0.8,5,0,0
1.88,1.05,-3.91,2.16,-0.96,-3.18,-4.01,-0.37,5,0,0
1.03,2.73,-0.05,-1.32,2.75,-0.84,-1.38,4.28,5,0,0
-1.96,0.49,0.27,1.73,-0.4,1.16,0.89,-0.05,5,0,0
0.96,-0.05,0.43,0.01,-0.74,0.43,-1.07,-0.54,5,0,0
-3.01,1.15,-1.57,2.25,0.56,-1.39,-1.84,-0.19,5,0,0
2.61,0.91,0.52,1.2,-0.84,-0.6,-0.76,-0.04,5,0,0
-1.99,-1.97,-1.98,-1.88,0.55,0.19,2.26,-0.48,5,0,0
-3.06,2.34,-4.4,3.01,0.58,-1.5,-3.56,1.91,5,0,0
3.07,-0.52,2.01,-1.62,-1.0,1.84,1.27,1.36,5,0,0
1.18,-2.29,0.67,-4.25,0.93,-0.04,0.64,-0.48,5,0,0
0.51,-1.31,1.44,1.06,-2.21,1.5,2.6,-2.12,5,0,0
-1.87,-1.2,-1.01,-3.0,1.08,3.08,4.98,2.32,5,0,0
-1.58,1.46,-2.44,2.93,-0.77,0.47,-0.54,0.38,5,0,0
0.24,-0.65,0.1,-0.37,-0.59,-1.55,-2.24,0.22,5,0,0
0.9,0.35,5.49,0.33,0.23,-0.84,-1.97,-1.91,5,0,0
-1.13,-1.52,-2.16,1.83,-2.99,-1.96,-2.2,-0.23,5,0,0
2.63,-1.23,-2.5,-0.45,-1.17,-3.66,-1.36,-0.54,5,0,0
-2.39,0.87,-3.02,-1.25,2.61,-0.27,-1.08,1.62,5,0,0
-3.1,3.39,-1.01,1.08,3.09,1.34,0.24,2.99,5,0,0
-0.45,0.84,1.69,-0.24,0.39,1.06,0.03,2.08,5,0,0
-1.19,1.15,2.05,1.9,-0.29,2.57,0.5,-0.85,5,0,0
2.34,0.73,-0.05,-0.78,0.56,-0.12,-0.92,0.28,5,0,0
-1.08,1.92,-1.18,1.07,0.27,-0.33,-1.38,4.39,5,0,0
0.95,1.64,-2.3,-0.11,0.82,1.43,-0.13,1.51,5,0,0
0.57,2.0,-2.81,-0.91,1.91,0.91,-0.33,2.75,5,0,0
0.97,-2.5,-2.01,0.44,-2.15,-4.43,-2.25,-2.77,5,0,0
-4.72,0.29,-0.84,0.32,2.43,-2.64,-1.47,-0.15,5,0,0
-0.01,-0.89,-0.17,2.36,-3.75,-0.91,-2.17,0.65,5,0,0
4.03,-2.78,1.15,-0.64,-3.28,0.04,0.16,-3.89,5,0,0
-0.16,-1.48,-0.91,-2.29,0.38,0.28,0.95,0.27,5,0,0
-4.14,-0.88,-3.66,0.86,-0.03,-3.15,-0.18,1.21,5,0,0
-0.4,-1.75,1.14,0.43,-1.97,0.96,0.71,-1.66,5,0,0
