@relation SyntheticData-N_600-D_16-Nmin_100-Zmin_16-CL_1_3-R_0
@attribute X0 real [-8.16, 6.76]
@attribute X1 real [-6.99, 6.62]
@attribute X2 real [-7.00, 9.00]
@attribute X3 real [-6.15, 7.06]
@attribute X4 real [-7.54, 8.07]
@attribute X5 real [-6.38, 7.67]
@attribute X6 real [-5.64, 7.76]
@attribute X7 real [-8.69, 7.32]
@attribute X8 real [-9.00, 8.41]
@attribute X9 real [-8.03, 8.28]
@attribute X10 real [-7.82, 5.85]
@attribute X11 real [-7.08, 6.78]
@attribute X12 real [-7.00, 7.52]
@attribute X13 real [-8.52, 7.76]
@attribute X14 real [-7.31, 6.57]
@attribute X15 real [-8.46, 6.02]
@attribute cluster_idx {0,1,2,3}
@attribute is_noise {0,1}
@attribute Class {0,1}
@inputs X0,X1,X2,X3,X4,X5,X6,X7,X8,X9,X10,X11,X12,X13,X14,X15,cluster_idx,is_noise
@output Class
@data
-2.78,-0.18,-3.18,-1.98,-0.81,2.07,0.12,-0.07,-1.77,-2.45,1.19,-0.72,-0.27,-5.03,3.7,-2.94,0,0,1
2.66,-0.39,-0.51,-1.44,2.78,-2.82,2.76,-1.56,1.13,-2.55,1.1,-0.14,-2.41,0.18,-4.14,-4.66,0,0,1
-3.78,0.92,1.03,-2.23,2.84,-0.84,-2.14,-5.61,-2.61,-1.5,-2.01,0.76,0.75,2.23,-0.9,5.42,0,0,1
-3.28,1.36,-3.02,-2.74,-0.33,0.52,0.56,-0.88,-4.3,-0.15,-1.82,-0.2,1.39,-1.22,0.19,1.96,0,0,1
0.79,4.73,0.65,-0.04,1.29,-2.01,3.55,1.94,1.35,0.02,2.25,-3.63,-0.13,-2.99,-4.02,2.71,0,0,1
2.77,0.56,-2.57,0.8,-1.9,0.96,0.96,2.23,-0.03,-0.46,0.5,-1.02,2.56,0.39,1.73,2.12,0,0,1
0.44,-1.36,-1.14,2.05,-1.75,1.71,-5.24,-1.09,-2.63,-1.91,1.17,2.13,0.09,0.65,0.47,-0.08,0,0,1
-0.17,-1.73,0.18,-1.24,0.78,-2.15,0.65,-0.08,-2.08,-1.46,-0.36,3.72,-3.59,2.71,1.15,4.0,0,0,1
-3.01,2.37,-0.03,-1.47,1.18,0.94,-1.66,-3.68,-2.13,-0.45,-0.8,0.84,0.31,-0.3,-0.7,1.07,0,0,1
-0.32,1.82,-0.07,1.36,0.76,0.7,-2.26,-3.47,0.08,0.19,-0.83,-1.0,0.74,0.59,-4.42,-2.33,0,0,1
2.87,1.97,0.74,0.74,2.75,-3.04,3.78,2.98,3.0,1.04,-0.7,-2.27,-1.81,-2.23,-2.07,1.17,0,0,1
-2.32,-2.49,1.7,-1.04,1.99,2.04,-3.86,-6.55,2.38,0.4,-1.19,-3.94,2.61,1.81,-2.77,-0.93,0,0,1
-4.69,1.42,-0.31,0.43,-0.92,3.7,-4.79,-4.38,-0.73,0.67,-2.0,-5.34,4.12,2.03,-3.62,2.24,0,0,1
1.18,1.31,-0.87,-3.23,2.28,1.65,1.75,-0.49,-0.97,-4.41,-0.38,-5.91,-1.91,3.78,-3.52,-2.12,0,0,1
0.14,-1.05,0.1,-1.22,-0.08,-1.6,2.94,0.12,0.09,-0.46,2.62,2.43,-2.96,-1.2,-0.02,-1.63,0,0,1
-1.1,-0.23,-1.43,-0.22,-1.15,2.41,0.28,1.85,1.29,0.92,1.54,-2.09,1.64,-3.67,1.37,1.36,0,0,1
-2.27,0.28,1.8,1.92,0.94,0.79,-2.75,-1.0,1.76,-2.4,1.85,0.82,-0.49,-0.05,0.52,1.56,0,0,1
0.16,0.24,-0.45,-1.03,0.72,-1.26,2.39,-0.16,1.04,-3.23,2.22,1.78,-3.58,2.23,-2.43,-1.0,0,0,1
3.01,0.52,-1.15,-0.76,-0.06,-3.2,2.17,-1.87,-1.0,0.84,0.52,1.56,-1.64,0.0,-1.26,-1.51,0,0,1
-0.68,0.7,0.47,1.14,-0.07,1.1,-2.42,-0.72,-0.02,-1.49,1.18,-3.16,0.28,0.11,-2.29,-2.66,0,0,1
-1.41,2.04,0.22,-1.13,0.7,-3.41,1.74,-2.27,-1.36,1.27,0.77,2.94,-2.31,-2.17,-1.84,-0.92,0,1,0
1.17,0.73,0.2,-0.89,-0.89,-1.1,-0.95,-3.99,0.12,1.58,-1.57,-1.36,-1.6,4.51,-1.88,-2.81,0,0,1
-1.19,1.62,0.23,-0.67,0.62,-2.06,4.7,-2.01,2.24,4.43,0.96,2.19,1.15,-3.84,-0.39,5.0,0,0,1
-2.07,2.21,0.25,-1.34,-0.27,1.75,1.32,2.03,-0.85,-1.85,3.93,-2.39,-0.76,-3.33,0.7,2.14,0,0,1
0.27,-4.25,0.5,0.19,-1.2,-0.32,1.1,1.19,1.33,2.4,0.43,4.1,-0.96,-1.13,5.43,2.27,0,0,1
-0.82,0.51,0.12,-2.89,2.36,-1.49,2.56,-2.2,-0.41,0.93,-2.59,-1.16,0.08,0.98,-0.45,4.63,0,0,1
-0.9,2.35,3.9,-1.3,4.02,-3.53,1.39,-0.63,0.97,-1.87,0.85,-3.16,-2.03,-0.04,-2.82,0.86,0,0,1
-4.12,-0.14,-3.93,0.78,-4.19,2.75,-3.3,-2.05,-3.06,2.36,-0.81,0.14,4.07,-1.59,0.4,3.09,0,1,0
2.2,1.83,-0.24,0.66,1.07,0.49,3.9,4.59,2.94,3.59,-2.73,-2.12,2.98,-0.71,1.46,4.68,0,0,1
-2.52,-0.09,-0.35,-0.89,-1.21,0.08,1.81,1.06,-1.39,2.73,0.37,4.67,0.86,-1.3,2.43,2.65,0,0,1
5.01,-4.79,-1.4,1.79,-0.82,1.07,0.11,0.11,2.75,-0.27,-1.67,0.01,0.1,4.99,-0.9,-8.46,0,0,1
-2.63,0.82,0.39,-1.3,-0.63,-0.13,0.86,-2.94,0.62,0.94,1.51,-1.17,-1.02,-1.04,0.04,1.81,0,0,1
0.41,0.38,-1.09,-4.69,0.27,-1.27,5.18,2.14,-2.87,0.95,-2.55,0.06,-2.65,3.82,1.7,0.81,0,0,1
6.06,2.74,0.69,2.51,1.67,-3.76,6.06,7.32,4.2,2.11,3.63,2.92,0.5,-6.72,0.46,0.53,0,0,1
-1.16,-3.17,-2.26,1.86,-0.37,2.02,-5.62,-0.84,-0.56,-2.32,-2.96,2.38,2.54,3.7,-0.01,-0.56,0,0,1
-3.35,4.4,-0.56,-2.08,1.82,1.26,-0.07,-0.5,-3.22,-3.02,0.83,-0.03,3.0,-0.22,-0.86,4.98,0,0,1
0.95,-2.11,-1.4,1.4,-0.99,1.73,-0.17,1.01,1.57,-1.92,0.07,-3.31,2.76,3.14,-0.45,2.75,0,0,1
-1.5,-0.85,-2.29,0.16,-2.27,2.87,-2.53,-0.14,-0.89,-1.07,0.44,1.05,1.12,0.14,3.42,0.72,0,0,1
3.32,-0.39,-1.18,2.24,-0.22,-1.43,2.68,2.14,2.4,2.45,-0.17,5.14,-0.83,-0.38,-0.51,-0.95,0,0,1
-3.14,0.19,1.1,-1.21,3.13,-1.68,0.52,-4.82,1.19,-0.38,-1.57,0.01,-0.28,0.58,-2.34,4.84,0,0,1
-2.97,0.58,-3.25,-0.56,-0.22,0.59,0.49,0.27,-1.65,-1.7,0.39,3.69,-1.81,-0.56,-2.01,2.18,0,0,1
-1.4,5.09,-2.77,-1.66,1.92,0.26,0.13,-1.79,-2.19,-3.73,-0.89,-3.85,2.34,-1.27,-2.54,1.78,0,0,1
3.45,-0.33,-1.0,3.61,-1.68,1.04,0.18,2.04,2.77,3.46,2.05,0.66,2.78,-3.46,-2.28,-0.96,0,0,1
-0.38,2.03,-0.95,-2.69,0.64,-2.84,3.39,-2.74,-1.68,0.97,-1.61,0.28,-1.5,0.72,0.33,4.07,0,0,1
1.91,-0.37,1.27,3.54,-0.84,1.06,-1.18,2.25,3.53,2.36,2.16,1.06,-0.31,-2.47,-0.0,-1.81,0,0,1
-3.59,2.8,-2.55,-4.35,-0.83,3.3,0.7,-2.03,-4.37,-4.9,0.14,-6.39,0.06,1.66,2.1,-0.29,0,0,1
1.95,-1.63,1.74,1.12,1.32,-2.33,0.07,-2.09,1.48,2.65,-2.39,0.61,0.78,0.94,1.55,3.26,0,0,1
-1.92,-1.04,1.75,-3.38,1.83,-2.67,2.44,-2.73,-2.72,1.43,-1.14,1.88,-3.89,-0.4,1.87,3.0,0,0,1
-0.02,-2.57,-0.82,0.19,0.55,-1.51,-2.69,-2.43,-1.15,0.42,-2.58,3.75,-0.66,1.97,-1.02,-2.19,0,0,1
-0.22,0.24,0.8,-0.18,1.48,-0.76,1.44,2.22,0.11,-1.96,3.14,1.22,-1.37,-3.54,0.61,0.9,0,0,1
-1.32,-0.42,-0.24,2.16,-1.03,0.77,-2.24,-1.49,1.37,3.48,-0.92,2.08,0.63,-2.31,-1.02,-0.49,0,0,1
-8.16,2.82,0.15,-4.27,1.72,2.57,-4.47,-3.22,-7.13,-3.13,-1.51,0.08,-1.42,0.31,-0.62,2.67,0,0,1
0.35,2.27,-1.73,0.33,-0.93,-0.38,2.8,4.03,0.88,3.78,-1.25,0.92,0.88,-2.8,1.94,5.8,0,0,1
-1.83,3.33,-1.64,-0.57,1.84,0.8,-1.8,1.0,-2.64,-3.52,-1.97,-0.61,-1.98,2.16,-3.17,-0.0,0,0,1
0.91,1.49,-0.99,0.34,1.85,-2.23,2.6,1.59,-0.58,-0.33,0.22,2.3,1.57,-1.5,-2.0,3.08,0,0,1
3.05,-2.66,-7.0,-0.37,-4.11,1.77,4.37,0.28,1.5,1.53,0.14,1.98,2.45,0.59,2.18,2.01,0,0,1
-1.35,-2.05,-3.3,-0.58,-2.76,4.07,-3.36,-3.82,-1.12,-2.69,0.26,0.76,1.11,1.58,4.79,0.35,0,0,1
-2.09,0.02,0.49,-0.07,0.93,-1.17,0.19,2.4,-1.67,0.21,0.0,-0.42,-1.92,-3.66,-0.01,-0.88,0,0,1
-0.91,2.2,2.09,-0.34,3.65,1.69,-1.39,-0.57,0.66,-2.4,-2.77,-1.96,0.03,3.92,-0.59,1.6,0,0,1
2.06,-1.31,2.95,-0.4,2.65,-2.2,3.15,-0.95,4.68,3.91,-0.01,0.06,0.55,-1.64,0.36,2.74,0,0,1
0.03,0.99,3.18,-1.41,3.57,-1.81,1.58,-1.23,2.73,-1.1,1.54,-0.3,-0.82,-1.27,0.84,1.98,0,0,1
2.63,0.99,-0.87,1.0,0.7,-0.7,1.53,-0.37,2.45,0.65,0.71,-0.65,1.32,-0.06,-3.52,0.24,0,0,1
0.37,-0.21,-0.08,-0.31,0.61,-1.34,-1.62,-4.22,-0.17,1.66,-3.0,1.38,-0.14,4.12,-2.18,1.26,0,0,1
0.27,0.45,-3.73,-2.9,0.74,-1.03,2.43,1.34,-2.9,-0.47,-3.38,2.14,-0.49,0.63,1.72,1.29,0,0,1
6.4,-2.4,-0.93,2.96,-2.46,-2.07,2.79,3.36,2.01,2.39,3.37,4.18,0.44,-2.05,3.38,3.36,0,0,1
1.56,1.22,2.55,0.22,0.66,-3.5,2.28,1.92,-0.01,-0.89,4.33,0.31,-2.06,-1.4,-0.72,2.75,0,0,1
1.83,0.58,1.15,-0.16,-0.4,1.47,0.88,0.16,1.02,-2.66,5.46,2.17,-0.52,1.09,1.3,1.27,0,0,1
0.43,1.59,-2.03,-3.4,-0.5,-2.23,6.3,-1.69,-0.7,0.17,2.08,-0.72,0.63,-1.05,0.04,1.24,0,0,1
-1.02,-2.81,-0.12,-0.99,-0.22,0.68,-4.57,-2.25,-0.73,-1.7,-3.11,-0.83,-1.2,4.15,2.28,-3.92,0,0,1
1.88,-0.18,-0.2,2.54,-0.23,-0.51,0.77,3.5,1.51,0.6,1.54,1.85,2.28,-1.27,-0.24,0.95,0,0,1
-2.12,-3.17,-1.64,1.42,-2.71,1.2,-1.19,-1.12,-0.25,4.51,-2.67,1.55,3.63,0.21,1.62,1.1,0,0,1
-0.86,3.06,-2.0,-0.78,-0.8,0.06,0.35,-4.85,-0.69,0.16,1.31,-2.61,3.72,-1.11,-1.77,4.27,0,0,1
-1.42,-0.68,-2.79,-1.42,-0.77,2.0,-1.51,-1.98,-2.56,-2.56,-2.02,-2.65,2.14,2.23,1.21,-1.49,0,0,1
3.27,-1.13,3.03,-0.05,1.83,-4.4,3.47,2.48,1.76,2.18,0.01,4.25,-1.31,2.1,1.17,3.23,0,0,1
-0.45,-1.01,1.13,4.11,0.81,-0.01,-2.69,0.15,0.89,-2.03,3.07,4.99,2.18,-1.65,-1.93,-3.78,0,0,1
6.07,1.8,-1.94,0.27,1.6,-3.27,5.2,1.74,2.57,-0.22,0.3,-2.19,-1.4,0.89,-5.01,-0.71,0,0,1
-5.13,1.1,-3.65,-0.73,-3.7,6.39,-0.38,0.54,-0.77,0.26,2.03,-1.41,1.06,-1.02,-0.04,1.06,0,0,1
-2.19,-1.05,-3.62,-2.15,-2.03,2.56,-2.08,-2.09,-3.09,-1.48,-0.63,-3.67,-2.9,-0.49,0.07,-2.49,0,0,1
-2.17,-3.64,-1.83,-1.63,-0.97,2.37,-1.31,-0.2,-2.52,-2.25,-2.07,0.48,-0.28,2.43,4.77,1.69,0,0,1
-1.64,2.46,2.64,-4.63,4.28,-1.15,2.39,-2.32,-3.53,-1.59,-2.98,-0.33,-1.42,4.5,0.71,2.99,0,0,1
-2.83,1.73,-4.07,-0.69,-3.07,0.69,1.69,2.01,-2.47,2.14,1.25,1.37,0.04,-5.11,0.14,0.83,0,0,1
-2.31,0.78,-6.14,1.18,-4.16,4.59,-3.76,-2.08,-1.2,-1.66,1.19,-0.26,2.22,-1.2,-1.19,-1.92,0,0,1
1.04,-2.34,-0.08,0.24,-2.24,-1.4,2.07,1.24,-0.65,2.4,2.07,6.78,0.15,-0.09,3.75,2.69,0,0,1
0.28,-0.86,-3.12,0.14,-1.34,1.11,-0.15,-2.61,-0.5,-0.52,-0.49,-1.08,0.26,0.05,-0.39,-1.85,0,0,1
0.34,2.4,-4.92,-0.29,-2.92,3.91,-0.22,3.9,-1.68,-2.33,0.14,-5.52,1.85,0.13,0.23,2.75,0,0,1
1.76,-0.53,-2.31,1.15,-1.46,1.51,-0.07,2.62,1.57,1.54,0.19,-1.7,-1.98,-1.14,-3.12,-3.01,0,0,1
-1.05,0.36,-2.67,2.47,-0.83,1.18,-3.32,-3.5,-0.07,0.07,-1.29,2.09,1.08,1.0,-3.88,0.95,0,0,1
-2.7,1.31,-2.43,1.42,-0.33,3.64,-5.36,-2.16,-2.65,-4.98,-2.92,-4.25,3.3,5.86,-1.94,2.78,0,0,1
-1.2,-0.11,1.35,0.9,1.2,-0.72,-1.25,-1.64,0.7,1.1,-1.7,3.14,1.03,1.58,0.49,-0.15,0,0,1
1.47,-0.3,-2.22,-1.12,0.79,-1.55,1.51,0.85,-2.68,-1.65,-1.45,0.06,0.12,1.26,-1.7,-2.34,0,0,1
-1.29,2.13,-0.57,0.14,-0.31,1.51,-2.42,-3.05,0.27,1.92,0.52,-1.97,-0.96,-2.46,-3.93,-0.58,0,0,1
-2.33,1.11,-3.51,-0.92,0.95,-1.66,1.72,-1.37,-2.6,1.94,-4.12,1.84,0.97,-0.82,-2.42,4.86,0,0,1
-0.07,-0.2,-0.07,1.46,0.98,-1.86,-0.05,0.58,-0.06,-0.13,0.61,0.89,1.9,-3.07,-0.46,1.61,0,0,1
-3.09,2.81,0.24,-1.86,0.86,0.63,2.07,-0.63,1.92,-0.33,0.55,-4.51,-2.39,-2.23,-0.72,-1.79,0,0,1
-0.76,-2.31,-2.15,1.87,-0.89,1.32,-2.75,-1.28,0.35,-0.14,-0.07,-0.62,3.25,-1.97,-1.18,-2.75,0,0,1
3.51,-2.11,-2.46,1.31,-1.59,-1.32,4.86,5.56,1.72,2.51,1.18,2.41,1.48,-3.67,1.91,1.88,0,0,1
2.31,2.09,-3.31,-0.9,-0.56,2.83,2.05,2.37,0.87,0.23,-0.87,-3.56,3.35,-1.11,0.74,-1.0,0,0,1
1.69,0.14,2.17,0.22,2.09,-1.27,1.4,-0.9,1.64,-1.05,-1.32,0.82,-1.31,4.87,0.55,1.6,0,1,0
3.03,1.5,0.88,5.05,0.74,0.61,-3.77,0.63,2.94,0.09,1.02,-1.87,-0.38,0.71,-7.18,1.39,0,0,1
-2.03,4.03,2.07,-3.49,2.15,-0.73,0.2,-0.49,-3.12,-3.6,1.14,-2.45,-3.55,2.16,-1.51,-1.15,0,0,1
-3.33,-0.5,0.54,1.67,-1.99,2.7,-5.13,-1.03,1.78,1.4,0.49,0.6,-1.19,-3.8,0.69,-0.16,1,0,0
-2.89,0.92,-2.9,1.91,0.6,1.41,1.45,-1.4,-1.98,-1.76,-2.97,2.89,1.36,-1.89,4.86,0.19,1,0,0
-3.11,2.51,-2.08,1.12,-2.19,2.16,-1.43,0.93,-0.66,1.43,-0.2,-4.8,-2.47,-1.14,-0.69,-2.23,1,0,0
-1.18,-2.22,-2.4,0.86,-2.05,-4.22,-3.35,3.37,4.38,2.09,0.28,1.14,-3.99,-7.47,1.19,3.29,1,0,0
2.26,1.54,-0.77,-0.24,-1.11,0.08,2.29,-0.64,0.13,1.6,-3.75,-1.09,2.09,0.05,0.29,-0.69,1,0,0
2.72,2.12,-1.99,0.8,3.53,0.31,-2.44,-4.08,-0.66,0.27,-2.46,0.61,2.77,2.7,-1.92,-1.01,1,0,0
1.94,-2.49,0.64,-4.89,0.54,-2.24,-0.49,-1.03,4.66,1.42,-0.08,4.63,-3.03,1.93,-5.11,0.85,1,0,0
-2.22,-1.97,1.14,0.73,-1.79,4.88,-2.35,-0.3,1.61,-0.32,1.9,0.45,-2.55,-2.47,1.3,2.69,1,0,0
2.26,1.57,7.37,7.06,-4.54,3.36,5.36,5.06,-0.11,-1.46,2.29,-2.8,6.82,0.98,-0.7,-4.73,1,0,0
-0.05,2.42,-5.06,-0.22,2.4,0.76,-4.57,-3.9,0.23,1.51,-3.5,1.58,1.87,2.66,-1.85,-0.46,1,0,0
2.48,-3.99,0.02,-2.72,-0.62,-1.51,0.54,-2.13,-4.59,-4.19,-0.97,-2.5,0.93,-1.09,2.25,3.07,1,0,0
-1.96,-0.82,-2.16,-2.11,-1.51,5.34,0.31,-0.16,-2.58,-3.1,2.47,-3.58,-2.92,3.54,-0.89,-0.91,1,0,0
0.27,-1.5,3.03,0.55,2.63,-2.77,0.29,-1.15,0.51,-1.29,0.09,2.66,0.05,0.5,-2.18,0.9,1,0,0
2.41,3.01,3.26,1.21,-5.82,4.94,2.18,2.36,2.3,3.75,-1.82,-4.9,1.14,0.45,-2.82,-4.35,1,0,0
-0.55,-0.71,0.67,-0.24,-2.65,3.72,-4.02,-0.67,0.25,-1.01,2.6,-0.9,0.82,0.05,-0.83,-2.0,1,0,0
2.05,2.88,0.21,-4.94,-0.69,5.4,3.96,-4.8,-0.56,2.98,-3.42,-0.25,4.04,6.31,-5.51,-5.39,1,0,0
-0.52,-1.14,6.34,-0.28,-3.89,2.14,1.63,1.46,4.19,0.17,0.45,2.88,-2.72,-0.34,-0.77,-0.54,1,0,0
1.33,-0.12,-6.26,-1.63,-1.54,4.27,-1.84,-0.45,-3.57,-3.25,-0.48,-2.93,2.19,-1.66,1.37,1.36,1,0,0
-2.27,-0.71,-4.03,-2.15,-5.76,5.87,-0.91,2.6,1.78,-0.02,3.61,-4.16,0.11,2.75,-2.86,-0.7,1,1,1
-0.88,-3.89,-1.76,-3.47,1.62,1.87,1.55,-5.78,-2.36,0.23,-1.4,2.3,3.92,2.41,0.27,0.36,1,0,0
0.91,3.83,-3.67,-1.39,-2.88,-2.02,3.49,3.08,-0.97,-1.09,-4.92,-1.85,-1.84,-1.09,1.58,-0.6,1,0,0
1.29,-2.25,-0.16,-1.26,3.91,-3.49,-1.94,-3.37,-4.71,-4.98,-3.18,5.04,2.54,-1.77,2.18,-0.98,1,0,0
-4.11,4.85,-0.76,4.79,-0.54,-1.26,-2.85,1.42,3.28,2.06,-3.53,2.24,-3.35,-5.79,2.63,-0.06,1,0,0
-1.07,0.24,2.26,1.97,-0.4,0.35,4.59,0.38,4.44,4.35,0.25,0.09,-3.96,0.22,-0.54,1.74,1,0,0
-1.01,-0.34,3.45,-1.03,-4.84,3.56,1.44,1.44,-0.23,-1.63,-1.64,-0.59,-0.03,-4.03,1.47,0.6,1,1,1
-1.43,-1.58,1.98,0.34,-2.35,1.75,-0.27,1.2,1.17,-0.37,2.7,-1.64,-1.15,-1.14,-1.74,-0.01,1,0,0
2.57,5.31,-1.77,-2.05,-5.77,-0.38,3.85,2.06,-1.29,-3.25,-2.8,-3.58,0.49,1.68,1.6,-2.66,1,0,0
1.43,0.42,1.02,-3.36,-3.91,7.67,1.07,0.2,-3.77,-4.62,0.89,-5.29,-1.71,2.84,-1.98,-0.47,1,0,0
1.83,-2.65,-2.13,-0.65,-0.02,-2.45,-0.83,-0.77,2.75,2.45,0.55,0.49,0.18,-3.05,0.66,2.92,1,0,0
0.78,2.8,1.54,4.5,-0.41,1.81,-0.07,0.89,0.98,1.79,0.28,-4.19,-1.14,-0.61,-0.71,0.51,1,0,0
-1.46,-1.6,0.32,3.0,-0.93,4.3,3.08,0.26,-2.9,-2.75,2.27,-2.62,-1.73,-0.08,4.77,0.88,1,0,0
1.65,-0.06,0.02,0.92,1.9,0.71,0.36,-2.64,1.04,2.19,-1.13,2.38,2.06,-0.47,0.74,0.48,1,0,0
1.4,1.27,5.12,3.19,-5.25,0.83,1.96,4.39,4.76,2.55,0.22,-0.4,0.31,-2.42,-1.56,-2.38,1,0,0
-4.3,3.91,-3.21,-2.65,2.14,-0.59,1.31,0.24,1.25,-2.52,2.32,2.36,-3.32,2.32,-3.43,-0.42,1,0,0
-1.43,1.09,5.16,4.83,-0.99,-0.15,1.35,2.02,-5.17,-5.29,2.77,-4.96,2.07,-3.6,2.09,-2.31,1,0,0
3.14,1.91,-0.02,0.06,1.79,-4.94,-1.92,1.77,1.07,-0.8,-4.19,2.29,-4.61,-4.06,-0.46,1.01,1,0,0
0.99,2.34,-1.89,-4.19,3.93,-2.67,-2.81,-2.9,-1.0,-0.06,-2.49,1.44,-0.09,0.97,-5.99,-2.71,1,0,0
1.67,5.03,-0.19,0.05,0.32,-1.35,1.76,-2.52,-0.44,-0.07,-4.0,0.6,2.91,0.89,0.44,-2.39,1,0,0
1.01,-2.93,1.13,-1.74,1.46,4.33,0.25,-3.28,-3.03,-2.5,1.13,1.54,2.04,0.97,-0.11,-0.47,1,0,0
4.24,-1.86,-0.99,-1.34,1.82,0.97,0.88,-4.0,-3.53,-2.77,-1.16,-1.45,4.89,-0.11,0.38,3.52,1,0,0
-1.3,-0.43,-2.36,-0.52,0.03,-2.81,-4.49,0.03,2.14,-1.36,0.23,1.24,-3.2,0.65,-0.65,0.82,1,0,0
-3.07,-0.47,-4.56,-3.42,0.43,1.78,0.17,-1.14,0.48,-2.33,1.36,3.11,-1.92,2.17,-0.96,1.03,1,0,0
0.45,-6.99,0.44,-4.08,-2.04,-0.58,1.23,-0.84,-2.4,-3.43,3.28,-2.06,-2.16,-1.45,1.28,3.72,1,0,0
5.55,-2.3,2.17,0.08,-0.34,-0.27,1.44,-0.76,-0.87,-0.33,-2.37,0.7,2.22,-0.02,0.61,-1.14,1,0,0
2.89,-2.48,0.51,-2.03,0.35,-3.11,1.86,-1.79,1.04,1.55,1.76,-0.76,1.65,0.52,-2.77,0.07,1,0,0
-0.18,-4.05,-2.05,1.39,-2.46,3.28,0.13,0.95,-2.16,-4.3,1.69,-0.16,4.87,0.07,2.77,1.28,1,0,0
-0.53,3.19,-1.69,-1.21,-1.1,-2.81,0.7,2.0,4.06,2.86,0.78,-3.4,-3.05,2.31,-5.0,-0.65,1,0,0
0.88,2.09,2.81,2.21,8.07,-6.38,1.4,-6.21,0.02,2.65,-4.91,5.85,2.13,1.29,-1.01,-1.59,1,0,0
-1.67,-1.82,-3.06,-0.76,1.41,0.76,-0.51,-2.1,1.12,1.01,1.16,1.32,-1.52,-0.08,0.5,1.61,1,0,0
-0.65,1.06,1.48,2.55,-1.26,3.39,0.75,0.16,0.42,2.23,2.2,-2.33,0.68,1.08,-0.55,-3.38,1,0,0
0.54,-2.76,-6.22,-4.52,-1.57,3.96,1.61,0.15,-0.61,-2.14,2.99,-0.34,0.73,3.97,-0.68,0.68,1,0,0
-1.27,0.14,-2.22,1.71,-3.5,1.91,-1.61,0.56,1.77,2.78,-3.39,-1.79,-1.8,-3.95,4.03,1.8,1,0,0
0.48,0.11,0.99,-3.87,-3.66,0.92,2.93,0.09,0.03,-1.54,-0.44,-1.24,0.57,-0.03,-1.52,-0.13,1,0,0
-1.05,0.56,-1.23,-1.72,3.1,1.98,-1.4,-5.86,1.24,1.04,-2.64,6.29,2.36,3.79,-0.87,-1.37,1,0,0
3.6,-2.47,2.98,0.39,-0.62,-0.54,1.21,-0.45,-1.86,-1.1,-1.41,0.34,2.5,0.0,0.45,-2.0,1,0,0
-0.89,1.73,-3.19,-0.64,4.42,-0.29,-1.12,-5.7,-2.65,-0.94,-0.17,-0.07,1.44,3.69,-0.64,-0.52,1,0,0
-0.89,-0.85,-1.65,-0.36,-0.09,-3.03,-3.57,0.09,2.54,0.18,-0.85,2.02,-3.41,-3.92,0.25,3.21,1,0,0
-0.25,0.18,-0.63,-0.25,2.94,-1.32,-1.93,-3.9,2.48,1.71,-1.22,4.53,0.62,0.16,-1.06,1.15,1,0,0
1.34,2.99,1.34,2.38,-3.76,1.34,0.94,2.51,-2.06,-2.16,-2.28,-3.35,3.67,-1.71,0.67,-3.05,1,0,0
1.01,-2.39,-2.8,-0.43,-1.14,3.35,1.32,1.33,-0.76,-0.93,1.5,1.34,3.52,-0.34,0.26,-1.16,1,0,0
-1.86,0.44,0.67,-0.09,1.55,-0.71,-2.69,0.37,1.15,-1.11,-0.08,3.69,-2.01,-3.3,-1.89,-0.49,1,0,0
0.48,1.03,0.24,-0.33,1.37,-0.64,0.22,0.2,-0.22,-0.72,0.11,-1.53,-4.18,2.08,-1.9,-0.47,1,0,0
-0.16,3.47,0.23,-0.01,0.1,0.41,0.38,0.22,1.45,1.49,-2.51,-0.71,-3.73,1.49,-2.3,-0.72,1,0,0
-1.87,2.71,-0.93,1.32,-7.54,6.48,2.1,4.66,3.28,1.9,1.83,-6.31,-4.16,0.21,-0.42,-0.0,1,0,0
1.45,1.25,-1.41,-0.68,5.04,-5.99,2.53,-0.82,0.67,0.91,-2.19,3.38,-3.07,3.11,-1.92,-1.77,1,0,0
0.58,-1.07,-0.93,-0.95,0.83,-2.05,0.03,-0.37,-0.97,-3.13,-0.36,2.86,0.41,-2.83,1.38,1.59,1,0,0
0.34,-2.14,1.25,-3.73,-1.17,4.05,1.24,-0.24,2.86,-1.67,2.27,4.97,0.18,2.37,-3.66,0.36,1,0,0
-3.53,1.84,0.48,3.13,-4.21,1.9,0.33,5.3,-0.23,-0.97,1.38,-3.35,-3.15,-4.79,1.45,-1.9,1,0,0
0.22,0.1,1.67,2.46,-0.85,0.99,-0.69,0.26,-2.92,-0.98,-0.1,-2.58,3.2,1.05,-1.03,-4.65,1,0,0
-1.11,0.59,-2.14,-3.76,0.16,2.43,-1.93,-2.0,1.08,-0.63,-0.89,2.28,-1.41,3.63,-3.12,-1.44,1,0,0
0.54,-2.51,0.95,-3.07,-1.42,0.87,2.65,1.85,0.46,-2.45,5.15,-2.23,-2.66,0.35,-2.98,2.46,1,1,1
0.86,1.75,2.42,1.96,0.78,0.91,2.19,0.09,0.72,0.64,0.54,2.03,1.4,-0.47,-0.3,-2.97,1,0,0
0.8,3.32,2.36,1.39,4.02,0.59,-4.62,-4.48,-2.5,-3.58,-0.28,0.54,4.43,1.72,-4.23,-2.08,1,0,0
0.82,1.36,-1.27,0.19,-2.17,-0.1,1.24,0.92,4.31,3.63,-0.47,-0.39,-1.54,2.4,-0.56,-0.97,1,0,0
-0.86,1.15,-0.33,0.55,-0.32,0.8,1.29,-0.79,-1.1,-1.06,1.78,-0.57,1.74,-0.86,0.5,-2.17,1,0,0
-3.29,-3.49,-1.03,3.27,3.61,-1.15,0.61,-2.51,-3.37,-2.23,2.65,1.87,-0.04,-0.3,5.22,0.49,1,0,0
1.08,2.8,0.98,0.38,-2.13,-1.44,7.76,2.5,0.39,0.67,-3.18,-0.38,-2.65,1.17,1.97,-1.53,1,0,0
2.8,2.31,-3.29,0.86,3.01,-2.12,-0.33,0.99,-3.01,-1.57,-2.48,-1.51,2.42,1.21,-2.74,-2.83,1,0,0
0.64,-1.96,0.42,3.55,2.98,-5.82,0.32,-0.45,-1.42,-3.68,0.35,0.67,-2.44,-2.29,5.31,4.26,1,0,0
-0.87,-1.36,-1.2,0.46,1.38,-0.33,1.4,0.88,2.06,1.44,2.93,0.73,-0.91,3.32,-3.36,-1.13,1,0,0
5.15,4.77,3.22,4.24,-3.41,-1.9,1.76,2.83,-2.99,-1.34,-3.51,-7.08,3.1,-3.91,1.61,-1.73,1,0,0
0.28,-0.26,0.42,-3.06,-3.03,1.98,5.15,0.75,-0.06,0.89,3.87,-4.54,2.1,4.61,-4.45,-3.97,1,0,0
-0.07,-3.23,-1.45,-0.37,-5.32,2.83,3.37,3.74,3.23,1.13,2.76,-3.35,-2.2,0.11,0.26,2.99,1,0,0
5.73,-3.4,-1.7,-0.43,1.21,-3.89,1.05,0.46,-0.05,1.78,-0.69,-0.43,2.64,-3.42,-0.45,1.59,1,1,1
0.16,0.24,2.32,-0.09,-0.82,-2.05,-1.07,-0.2,6.58,5.3,0.63,0.32,-2.67,-3.78,-3.2,2.44,1,0,0
-1.76,2.51,1.18,3.52,-2.29,0.26,-1.44,1.98,-1.04,-0.95,-0.07,-3.18,-1.01,-3.71,1.9,-1.91,1,0,0
-1.97,0.27,-1.34,-0.41,-2.91,0.04,-1.36,0.95,2.32,1.84,-1.05,0.6,-0.83,-1.45,0.3,-1.38,1,0,0
-0.92,0.95,-2.04,-4.35,0.14,-0.43,-1.2,-0.22,3.8,-0.46,0.09,4.0,-3.17,0.9,-3.68,1.51,1,0,0
0.23,-1.61,1.97,2.68,-0.97,-1.27,-1.01,1.22,0.67,-0.91,2.62,-0.06,-0.15,-3.12,1.54,-0.34,1,0,0
-1.25,-0.36,-1.57,-0.58,-0.07,-2.2,-4.35,0.93,5.17,0.97,1.4,2.66,-7.0,-1.68,-1.03,2.21,1,0,0
2.94,-0.15,2.48,0.16,-4.89,3.5,1.82,2.25,-0.76,-2.82,-0.49,-4.25,-0.24,1.08,0.05,0.42,1,0,0
1.69,2.67,-2.21,-0.73,-4.57,2.7,7.62,3.96,-1.21,-0.65,-0.57,-5.9,-0.52,2.64,0.28,-1.82,1,0,0
2.62,-2.27,-1.76,-3.42,-4.51,3.09,-1.4,1.1,2.86,1.74,-0.33,-3.56,-3.11,0.3,-2.19,3.03,1,0,0
0.68,4.36,4.49,2.12,-3.31,0.25,-0.37,2.09,-1.59,-2.35,1.16,-5.44,-0.34,-3.01,-0.88,-2.97,1,0,0
0.14,4.02,-1.42,0.92,-0.16,-1.52,2.47,0.77,1.41,2.44,-2.53,0.28,-1.07,2.1,-0.23,-3.54,1,0,0
-2.61,-0.33,2.93,3.09,0.15,2.8,2.96,-0.43,-0.99,-3.15,1.6,2.57,0.11,0.46,3.87,-1.14,1,0,0
2.36,0.6,0.2,-0.47,-0.61,-2.0,1.58,-0.44,3.39,5.69,-4.91,1.44,0.5,-1.14,-1.27,-1.81,1,0,0
1.7,-1.61,1.04,0.43,-0.38,-1.59,0.16,0.09,-2.43,-4.44,0.22,0.22,4.45,-0.55,-0.02,0.59,1,0,0
-0.07,-0.51,2.73,4.73,-5.95,4.53,2.36,3.84,-0.01,-0.03,3.64,-6.48,3.73,-2.93,0.91,-0.85,1,0,0
1.65,-2.76,-0.83,-2.36,-1.48,3.11,2.29,-1.39,-0.62,-1.03,0.85,-0.61,0.6,1.7,0.15,1.16,1,0,0
-3.01,2.05,-4.03,3.9,3.55,-4.54,-4.78,-1.53,0.2,-0.35,1.82,-0.38,-0.45,-3.15,1.18,1.97,1,0,0
-0.57,-0.11,-0.84,-3.08,-3.28,3.52,3.05,2.06,1.0,-1.69,-0.59,2.75,-1.88,2.94,-0.49,-2.2,1,0,0
-0.98,-3.11,-3.23,-2.74,3.98,-1.82,1.34,-3.43,-1.4,-1.45,1.2,1.33,-0.57,0.37,0.09,4.06,1,0,0
-0.61,5.04,-1.9,-0.47,-2.37,6.11,4.74,2.44,-2.05,-4.67,-0.83,0.93,3.26,5.1,-0.92,-5.76,1,0,0
-1.64,-2.67,1.99,-0.66,2.05,-0.72,-2.99,-3.64,3.77,1.06,-0.09,6.51,-1.84,0.16,0.12,1.24,1,0,0
-0.09,2.62,0.11,0.28,-1.91,0.6,0.49,1.19,-3.37,-4.01,-3.21,-1.76,2.8,-1.2,0.87,-1.63,1,0,0
-1.77,-3.88,0.61,-0.23,-1.43,-1.31,0.15,0.5,-0.97,-4.32,2.02,2.04,-3.64,-3.25,4.86,3.29,1,0,0
-2.07,-1.34,-3.14,-4.74,4.15,-0.46,-5.44,-4.87,0.71,0.58,-1.99,3.6,-4.95,3.6,-4.24,0.51,1,0,0
0.8,-0.56,-1.18,0.24,-2.22,3.05,-2.74,-0.87,-3.58,-2.49,-0.76,-2.75,1.48,-1.48,2.2,-1.69,1,0,0
-0.6,-0.98,-1.02,2.99,1.02,3.78,-5.49,-1.51,-5.72,-4.29,2.88,-5.29,1.57,-1.97,1.53,0.22,1,0,0
1.77,-0.52,-0.56,0.65,-3.18,0.26,1.72,1.66,-0.36,-1.93,0.21,-0.3,2.05,-0.47,2.89,-1.14,1,0,0
3.32,0.61,-2.51,0.26,-3.07,-1.72,4.18,4.8,-0.58,-1.73,-2.47,0.98,1.91,-4.21,4.06,-0.21,1,0,0
-0.02,2.36,-0.38,2.87,3.94,0.62,-4.24,-3.48,-1.31,-0.33,1.22,-0.89,0.74,0.05,-0.7,-1.1,1,0,0
-0.01,1.79,-0.11,4.08,-1.13,-0.99,3.07,2.06,-1.83,1.31,-1.15,-3.4,0.08,0.19,2.47,-4.07,1,0,0
4.38,-0.18,0.33,2.47,-3.41,1.0,-0.56,2.32,-2.98,-1.61,-0.33,-4.98,6.14,-0.46,0.08,-4.14,1,0,0
-1.09,-1.79,-1.95,-1.28,-4.81,2.26,1.78,2.97,-2.16,-2.95,1.54,-3.71,-1.16,-0.99,1.94,-0.45,1,0,0
0.71,-0.6,-1.92,2.89,-0.2,1.8,1.32,0.56,-2.26,-0.03,0.78,-1.0,3.62,-1.2,1.85,-2.36,1,0,0
-0.1,-2.72,3.08,-1.55,-1.76,1.96,2.71,0.38,-0.14,-3.48,0.72,4.79,3.51,0.53,-0.35,-1.65,1,0,0
1.05,1.0,-2.74,1.97,-0.51,-3.57,-1.12,2.39,1.63,2.35,1.28,-2.32,-1.2,-1.84,-0.74,-1.6,1,0,0
-2.39,6.62,-1.62,3.79,7.09,-0.68,0.89,-3.46,-3.0,-1.2,-0.42,2.5,3.84,3.43,-0.69,-6.4,1,0,0
-0.19,-0.26,-0.78,-3.69,-3.86,4.07,-1.37,1.68,2.95,1.94,1.12,-3.0,-4.04,2.28,-5.54,-0.48,1,0,0
2.81,-1.7,2.72,0.7,-2.11,-0.94,-1.16,0.56,-0.26,-2.47,0.17,-0.28,2.57,-2.5,0.3,0.44,1,0,0
1.53,0.58,-3.54,1.25,3.5,-5.88,-2.06,-1.21,5.75,4.28,1.19,1.68,-2.41,0.83,-2.39,1.91,1,0,0
0.37,0.62,-5.58,-2.54,2.1,-0.14,-2.18,-0.92,-0.27,-0.64,-0.14,0.29,-0.7,4.08,-3.88,-1.14,1,0,0
2.03,1.17,2.25,1.06,-0.37,0.65,-0.96,1.05,-0.44,-0.64,0.83,-1.64,0.13,-1.18,-2.28,-1.53,1,0,0
-0.43,3.84,-3.88,3.03,3.79,-6.01,-2.2,0.47,-0.46,1.45,-3.2,0.74,-2.31,-2.95,1.58,-2.23,1,0,0
-2.87,-0.5,1.0,0.29,-1.48,6.15,1.48,-1.54,-2.7,-2.58,1.49,1.04,4.27,2.06,0.3,-4.0,1,0,0
1.55,-0.48,-1.86,0.3,2.73,-5.07,0.36,-0.98,-0.67,-0.67,-3.07,4.21,-0.49,-1.0,2.68,-0.39,1,0,0
2.75,-0.33,-3.39,-4.12,1.61,-0.65,-2.77,-3.15,-2.36,-1.32,0.23,-1.96,2.8,1.56,-4.14,-1.17,1,0,0
-3.34,3.2,-2.49,1.26,1.81,1.31,0.82,0.69,-3.5,-3.43,1.69,-1.35,0.2,2.78,-1.46,-4.02,1,0,0
-0.95,0.72,0.65,0.48,-1.96,0.57,1.98,1.15,0.51,1.2,-0.27,-0.78,-0.36,-0.83,0.21,-2.53,1,0,0
-4.15,-0.25,3.24,-2.81,-1.97,1.82,1.07,0.82,2.0,-0.74,2.43,0.4,-4.97,0.31,-3.7,-0.09,1,0,0
0.23,-0.43,-2.55,-1.34,0.76,0.74,-1.51,-1.54,-3.17,-3.35,-0.93,0.28,1.67,-0.31,0.68,-0.01,1,0,0
-0.96,-0.59,-0.61,-3.24,0.63,-0.46,-0.51,-1.67,3.6,2.53,-1.33,4.96,-1.83,2.22,-3.67,-0.96,1,0,0
-0.33,-2.71,2.23,-0.17,-1.21,0.11,3.56,0.89,7.13,5.69,0.39,4.79,-3.07,0.36,-1.23,1.0,1,0,0
-3.21,2.6,-1.52,0.75,2.77,-0.18,0.17,-4.14,-2.75,0.05,-2.85,0.84,0.32,-2.18,2.95,-1.07,1,0,0
-3.75,0.05,-0.17,1.58,-2.83,2.13,0.55,2.25,1.93,1.22,3.08,-0.66,-2.25,-1.21,0.98,-2.95,1,1,1
-1.37,-1.44,-3.4,-0.65,-0.93,-2.12,-0.34,1.22,3.05,1.98,-0.17,0.7,-4.53,-1.88,1.17,2.79,1,0,0
-3.45,0.84,-1.42,-3.64,-0.04,1.03,2.89,-1.97,-3.11,-1.99,-0.71,-1.26,-2.37,3.3,-0.41,-0.86,1,0,0
-0.35,6.15,0.04,1.34,-0.35,0.64,0.79,2.36,4.63,1.26,0.19,0.86,-1.46,3.57,-5.24,-3.07,1,0,0
0.29,-1.06,-1.33,3.66,3.95,-2.42,-1.22,-3.96,-1.68,2.14,-1.7,1.87,2.66,-1.15,4.06,-1.81,1,1,1
0.59,-0.62,1.81,3.64,2.22,-1.41,-1.24,-1.18,-5.17,-3.38,-0.9,-0.94,3.12,-2.47,2.5,-1.18,1,0,0
-3.53,2.42,5.63,4.26,-2.28,-4.28,0.88,3.78,2.9,-0.14,0.83,0.98,-2.33,-5.35,0.61,-1.79,1,0,0
-0.86,3.71,-1.09,4.39,0.28,-2.7,-0.56,1.67,-3.07,-3.06,-1.33,-4.11,-0.94,-4.84,3.89,0.87,1,0,0
-2.09,-1.04,-3.51,-5.16,1.54,-0.16,3.54,-1.38,-0.12,-0.8,0.47,2.4,-4.32,4.35,-1.64,0.03,1,0,0
-1.0,-2.97,0.55,-0.91,2.75,0.99,-3.86,-2.62,1.9,1.61,3.09,2.63,-0.92,2.07,-4.08,-1.27,1,0,0
0.67,2.64,0.96,-0.56,1.66,-0.48,3.4,-2.04,-1.01,-0.76,-4.2,4.53,2.33,1.79,0.73,-3.13,1,0,0
0.2,-1.08,-0.11,-5.23,4.05,-0.22,-1.51,-6.01,-5.65,-4.87,-0.38,1.06,2.4,0.99,-2.21,-0.3,1,0,0
0.15,4.59,-3.65,-2.21,-0.59,-3.28,0.34,-1.44,-0.49,-1.1,-3.48,1.08,1.12,-1.88,1.58,-1.51,1,0,0
3.57,4.73,-0.79,4.19,-4.02,-3.66,4.99,5.55,-1.05,0.65,-2.28,-5.54,1.96,-2.68,2.91,-4.46,1,0,0
-1.31,1.32,-0.22,0.76,-0.22,4.19,1.17,-2.42,-2.06,0.82,-0.92,0.38,4.9,2.04,0.26,-5.21,1,0,0
-1.09,-0.33,0.26,0.86,-2.34,-2.36,-1.73,1.49,3.99,2.01,-1.09,-1.47,-4.54,-4.8,-0.22,4.12,1,0,0
-2.06,-2.47,-1.61,0.02,-2.08,0.81,0.49,-0.8,-1.01,-1.62,0.54,0.41,-0.44,0.19,3.94,0.2,1,0,0
-1.14,2.78,0.38,2.23,-1.42,0.12,2.25,2.09,1.94,2.4,-2.36,0.33,-1.46,-0.79,0.35,-2.65,1,0,0
0.12,-2.91,0.03,-0.75,-0.59,2.16,-0.83,-0.77,-0.05,-2.28,1.85,0.27,0.21,0.17,-1.07,2.45,1,0,0
1.55,1.16,-0.87,-0.7,-6.37,-0.32,2.15,5.14,4.7,-0.59,0.29,-0.29,-2.54,-0.7,0.84,0.82,1,0,0
-0.78,-0.14,2.69,-1.22,-1.31,-0.75,2.61,1.42,-1.82,-4.07,2.18,-1.05,-0.41,-0.11,-0.78,-1.4,1,0,0
-0.97,2.21,-2.71,-0.76,-0.51,-2.23,2.96,-1.68,3.29,4.06,-3.74,-1.03,-3.65,-2.51,1.46,4.04,1,0,0
-1.77,3.71,-4.98,2.25,0.05,-1.57,-2.0,1.61,-2.35,-1.82,1.48,-4.47,2.17,-1.55,-0.55,-1.94,1,0,0
0.34,-1.24,-1.18,-0.44,-0.75,-1.41,2.24,0.62,-5.32,-6.15,2.22,-3.6,0.62,-3.49,3.65,1.74,1,0,0
1.15,-0.24,5.62,3.46,-1.72,-3.13,1.7,1.96,0.81,0.13,0.66,-0.42,-1.82,-4.76,3.02,-0.7,1,0,0
2.44,-2.04,0.67,0.12,2.81,0.49,1.69,0.32,-1.43,-2.43,2.18,3.12,0.01,1.98,-0.76,-1.4,1,0,0
1.78,1.69,-0.42,-1.78,1.07,-0.18,4.59,-1.47,2.77,1.58,-1.74,3.75,1.93,3.93,-2.36,-1.61,1,0,0
0.96,1.47,0.28,-0.69,-0.89,2.33,4.37,-2.36,-4.02,-1.17,-1.43,-1.85,5.4,2.7,0.81,-4.54,1,0,0
-2.22,5.8,-5.03,-0.8,1.86,-3.29,0.54,-0.05,-0.98,-3.07,-0.02,-1.07,-2.35,-0.4,-0.81,-0.7,1,0,0
-1.2,4.14,-1.72,-2.25,1.26,0.02,2.76,-2.17,-1.69,-0.84,-4.48,0.79,-0.04,-0.01,-0.24,-0.96,1,0,0
3.07,0.72,3.19,5.27,-1.83,0.96,3.76,2.99,1.12,1.14,-0.49,-1.38,1.5,-0.89,1.69,-0.69,1,0,0
3.14,0.79,-0.41,0.98,-1.3,0.74,0.83,0.86,-0.36,1.99,0.37,0.37,-0.36,-1.23,2.32,-1.0,2,0,0
1.89,1.98,-2.15,0.43,-0.38,-0.48,-1.46,-0.82,-0.7,1.13,2.89,-1.56,-1.68,3.79,3.46,-2.82,2,0,0
1.81,-1.03,-0.18,3.02,-0.89,-2.14,0.86,3.73,0.13,1.36,-2.06,0.43,0.86,-0.56,0.63,1.28,2,0,0
0.16,0.84,2.74,-0.03,0.81,-0.92,-4.48,-0.59,0.76,-0.66,2.28,-2.28,-3.78,2.38,-3.24,2.05,2,0,0
1.54,-1.57,-1.74,-1.19,2.12,-1.05,-0.47,1.59,0.11,2.46,4.65,0.01,-1.54,1.87,-0.04,-1.92,2,0,0
0.17,-0.93,-0.96,2.52,2.85,1.46,0.77,2.42,-2.23,1.42,-0.77,-0.4,2.75,-4.17,0.07,1.37,2,0,0
2.79,2.98,1.28,-1.62,-3.49,-2.19,1.21,2.86,2.97,-0.77,1.2,3.15,-0.46,-0.2,-0.17,0.92,2,0,0
1.79,-1.71,1.39,1.2,-5.37,-3.96,2.35,0.02,1.15,-1.81,-3.82,2.72,0.45,-1.76,-0.02,0.55,2,0,0
0.33,0.6,-1.98,-0.74,-1.25,-2.28,1.05,-0.56,0.33,-1.36,-3.46,0.35,3.07,-1.9,1.07,0.13,2,0,0
0.78,0.29,-1.59,-0.92,0.53,3.23,4.3,0.37,1.78,2.35,0.97,3.01,-0.48,-2.43,1.13,-0.92,2,0,0
4.91,2.3,-3.64,-1.52,-2.37,-0.85,-0.88,-0.86,0.36,-0.66,-3.34,-1.72,1.13,-0.04,0.73,-3.13,2,0,0
2.96,3.41,-6.24,-5.11,-0.38,-0.12,0.1,-0.17,2.57,2.72,2.45,0.31,0.35,3.43,2.33,-4.91,2,0,0
-1.63,-2.21,2.09,-2.37,-1.29,-1.08,-1.02,-3.83,1.64,-3.75,-0.35,0.39,-2.73,0.31,-0.39,0.26,2,0,0
-4.2,-2.97,3.06,3.02,1.68,0.61,-0.81,-0.82,-2.62,0.52,-1.03,-0.63,1.44,-1.89,-0.93,4.18,2,0,0
0.86,-1.18,1.3,2.46,3.44,3.94,2.94,3.27,-0.44,-0.34,-1.23,0.45,1.21,-6.34,0.9,2.4,2,0,0
0.66,-3.9,-0.15,2.57,3.11,2.8,3.44,2.23,0.28,-0.48,-3.29,0.51,0.83,-4.88,6.1,1.69,2,0,0
2.69,2.49,1.29,-0.18,-2.29,1.41,1.56,0.42,2.68,0.11,-3.88,0.59,-1.54,-0.2,-0.18,0.56,2,0,0
-1.59,-1.58,-0.26,-3.64,0.28,0.98,3.53,1.41,0.83,-2.84,0.72,2.04,-0.23,-1.34,-4.47,-4.76,2,0,0
0.08,1.07,-0.9,-1.4,-3.9,-3.48,1.17,-1.88,1.63,0.45,1.08,3.26,-0.97,2.04,-0.54,-1.05,2,0,0
2.16,-0.8,2.6,4.35,-0.6,0.82,0.16,1.74,-1.32,-0.09,-1.3,-1.07,-2.15,0.4,4.43,0.64,2,0,0
-1.27,-2.08,-2.76,-2.86,3.35,-0.18,1.33,0.56,0.05,-1.06,2.27,0.52,0.36,1.34,-3.49,-4.41,2,0,0
-0.06,0.19,0.84,2.12,-2.4,1.71,1.15,-3.64,-1.02,3.13,-1.65,0.82,0.16,-1.13,0.15,2.28,2,0,0
-0.97,-1.16,3.15,-0.68,-2.64,-0.38,-0.47,-2.7,1.82,-0.8,-1.43,0.49,-1.22,1.72,-1.49,3.01,2,0,0
0.8,-2.23,2.63,0.75,1.14,2.53,1.22,3.75,0.27,-0.07,-0.32,0.25,-0.96,0.23,1.57,1.01,2,0,0
-2.32,-1.56,-2.23,0.43,2.46,-2.04,0.32,-1.8,-0.63,-0.79,-0.18,-0.55,1.5,-1.91,-1.25,0.2,2,0,0
-0.44,0.87,-1.03,-2.09,-0.54,-0.67,-4.44,-2.52,0.36,0.06,1.25,-3.41,-0.48,5.82,4.81,0.03,2,0,0
-0.29,2.29,0.64,0.2,2.69,2.12,-2.02,1.03,-1.93,-3.01,-0.51,-3.83,1.59,-3.8,0.8,1.24,2,0,0
-2.89,0.55,3.35,-0.43,3.01,0.58,-0.16,1.39,0.23,-0.77,3.27,0.51,-1.5,-1.84,-3.62,2.82,2,0,0
2.27,-0.29,-5.78,-0.66,-0.63,-2.83,2.8,-2.02,0.54,1.63,1.31,1.74,-0.23,1.48,1.63,-5.34,2,0,0
-1.91,-1.52,0.41,3.0,3.73,1.21,1.56,2.39,-2.44,-4.03,-3.42,-0.88,2.78,-5.91,2.09,1.21,2,0,0
-2.34,1.77,-1.22,-0.22,1.66,-1.64,-0.13,-1.54,0.27,0.43,4.2,1.16,0.29,0.04,-0.84,2.26,2,0,0
-2.41,-1.12,1.89,3.26,1.59,-1.48,-1.28,0.85,-1.43,2.37,1.95,0.57,-0.36,-0.48,-0.18,3.73,2,0,0
1.97,-1.48,0.36,0.34,-3.18,-1.74,0.41,2.06,0.66,1.01,-1.1,1.92,0.15,0.68,-1.49,-0.19,2,0,0
-3.18,-0.59,-1.26,-0.98,0.32,-3.31,-0.19,-4.63,0.66,0.21,3.37,1.66,-1.62,3.36,-0.05,-0.36,2,0,0
4.54,-1.1,-5.08,3.37,1.61,-1.04,1.33,3.14,-3.97,-1.04,-4.03,-1.18,4.18,-4.29,2.9,-4.54,2,0,0
0.11,1.08,-1.8,0.64,-2.83,-2.08,0.47,-0.36,-1.25,0.39,-3.65,-0.36,2.28,0.08,0.53,-1.85,2,0,0
-0.33,0.66,-1.4,-6.15,0.56,0.33,0.55,-0.42,2.93,-1.48,2.15,1.0,-1.56,2.63,-3.58,-5.68,2,0,0
1.21,0.26,0.31,-1.85,-6.89,-1.19,2.91,-0.27,2.08,2.98,1.26,5.11,-1.31,2.95,-0.1,-2.03,2,0,0
-1.1,-1.06,0.58,0.27,2.0,-0.02,-0.29,1.3,0.88,-0.19,1.69,-0.62,-1.95,2.17,0.17,0.33,2,0,0
2.01,-3.43,-0.45,1.23,-1.51,-4.07,0.0,1.37,1.33,1.31,0.72,1.78,-2.36,4.7,1.21,-1.44,2,0,0
0.44,0.68,-2.05,-2.45,3.57,1.86,-1.74,0.43,-0.91,-1.69,-0.1,-3.46,1.34,-1.67,1.15,-2.25,2,0,0
-3.38,0.38,1.99,1.54,-0.68,1.75,0.15,-2.62,-1.54,0.46,-2.7,-0.92,1.76,-1.35,1.67,3.63,2,0,0
-0.36,-0.73,2.36,0.42,-3.64,-0.24,0.54,-1.74,0.28,-2.22,-4.8,-1.17,2.44,0.15,2.19,2.67,2,0,0
1.67,1.24,2.0,3.05,-4.86,-1.03,0.74,-0.35,-0.59,2.31,-1.38,0.85,-1.65,0.8,-2.27,0.49,2,0,0
-4.73,-0.18,0.56,-0.69,0.77,-1.62,-1.67,-1.49,-0.05,2.28,3.03,-0.05,0.42,5.43,-0.4,2.15,2,0,0
-2.26,-2.65,1.2,1.6,0.67,-0.26,2.89,0.84,0.99,0.1,-1.64,2.31,0.96,-0.91,0.37,2.95,2,0,0
-0.75,-1.46,-2.52,2.84,-2.45,-2.81,0.28,1.1,-0.72,-1.05,-6.51,-0.27,4.57,-3.14,3.1,2.54,2,0,0
-2.33,-3.29,-0.21,-1.68,-0.36,-2.04,1.01,-4.09,2.15,0.49,0.49,1.73,-2.25,2.14,-3.49,-0.89,2,0,0
-0.84,-1.0,0.86,0.57,2.12,2.73,2.63,2.21,-0.26,1.74,0.69,1.57,1.07,-5.02,1.57,2.24,2,0,0
-0.83,1.65,1.71,-2.68,-2.85,-1.16,1.33,-2.33,3.48,-2.47,-2.06,1.12,-0.28,0.83,-0.32,2.48,2,0,0
-0.46,-1.08,1.41,0.96,2.0,1.93,2.01,4.18,-0.91,-0.28,1.0,1.11,1.13,-3.27,2.03,1.63,2,0,0
-2.47,-1.89,0.14,-3.69,0.15,0.39,-0.6,-1.88,3.06,0.38,0.82,0.4,-2.01,2.72,1.26,0.58,2,0,0
-0.28,-2.23,-1.11,2.28,1.67,-1.9,-2.52,-1.13,-1.38,0.42,-0.73,-3.52,0.53,3.39,3.99,0.76,2,0,0
-2.84,1.41,0.72,1.6,1.17,-0.23,-0.3,-1.19,-1.72,3.09,2.44,-0.43,-2.17,1.62,-4.88,-0.94,2,0,0
1.29,-2.03,-2.44,-1.96,0.61,-3.33,3.15,2.71,2.31,1.35,2.49,3.49,-1.54,1.06,-6.76,-3.57,2,0,0
-1.69,-0.28,-0.94,-1.61,-2.16,-2.7,-0.64,-2.3,1.65,-2.54,-2.8,-1.87,1.55,4.47,5.14,1.03,2,0,0
1.09,0.06,-4.25,-0.04,-0.14,-1.21,-0.84,-0.38,-1.69,3.01,-0.07,-1.83,1.56,2.27,-0.57,-3.6,2,0,0
0.97,1.23,-0.11,0.26,-2.48,-0.85,1.91,-1.04,0.77,-1.48,-2.66,1.09,0.56,-2.71,1.3,0.14,2,0,0
0.65,0.52,2.95,-3.29,0.09,0.19,-4.04,-1.2,2.18,-4.61,1.83,-3.46,-4.38,4.66,-0.71,-0.2,2,0,0
1.55,-0.07,0.83,-0.13,1.89,0.62,-0.62,1.69,0.44,-1.98,0.37,-0.27,0.53,-4.1,2.25,1.73,2,0,0
2.16,-0.17,-1.0,-2.04,-2.68,-2.14,0.87,0.76,2.59,-1.06,-1.69,0.78,-1.2,-0.5,-2.23,-1.79,2,0,0
-1.32,0.94,0.13,-1.98,0.69,-2.18,-1.18,-1.19,1.82,-1.15,1.83,-0.22,-1.38,-0.47,-2.82,1.23,2,0,0
1.75,0.7,-4.16,0.13,-2.61,-0.33,2.65,-0.6,-0.7,3.66,-1.81,2.09,1.04,0.29,-2.28,-4.45,2,0,0
0.01,0.03,1.04,-2.17,-1.75,0.56,-1.53,-1.44,0.83,-2.21,-1.83,-2.64,-1.32,4.92,2.09,-2.16,2,0,0
6.15,5.3,-2.34,-2.73,-0.51,-0.21,-3.25,2.61,1.15,1.38,5.24,-0.67,-2.34,2.56,0.99,-3.02,2,0,0
-1.78,0.5,1.38,0.18,-1.13,-1.89,-0.3,-2.83,1.11,2.46,3.0,2.24,-2.98,2.31,-1.47,1.98,2,0,0
-2.57,-3.73,2.62,2.53,0.42,-0.2,0.72,-3.24,-1.1,0.34,-1.67,0.21,-0.33,-1.31,-0.62,2.88,2,0,0
1.25,0.63,1.79,1.14,-1.2,0.38,0.74,-1.17,0.83,-1.22,-2.92,-0.77,-0.01,-3.02,0.77,2.78,2,0,0
1.52,0.2,-0.47,-1.12,-0.45,-0.82,-2.33,-2.85,0.66,-1.62,2.89,-0.81,-3.82,2.72,1.4,-2.32,2,0,0
-1.3,-3.79,1.57,0.01,-2.4,0.51,2.7,-2.38,0.22,-4.7,-7.35,-0.58,1.26,-0.74,1.15,-1.02,2,0,0
0.51,-0.98,4.22,2.48,0.95,0.73,-0.98,1.1,0.17,-0.77,-0.85,-0.0,-1.98,-1.01,-2.26,4.04,2,1,1
0.99,-2.68,3.3,1.34,-0.68,1.06,-1.81,-2.91,0.28,-2.65,-3.22,-2.94,-1.64,-0.84,2.87,3.46,2,0,0
-3.38,-0.05,6.15,-1.91,-3.2,1.32,1.77,-1.96,2.73,-0.97,-1.05,2.58,-2.77,2.99,-1.24,2.23,2,0,0
-3.22,-0.87,1.71,3.86,-0.73,0.96,2.04,-1.14,-0.56,2.1,-4.77,0.42,2.63,-2.26,1.29,6.02,2,0,0
1.06,-1.35,-1.05,0.64,-2.17,-2.59,-1.44,-2.69,0.78,0.77,-1.14,-1.36,-0.71,3.85,2.58,0.18,2,0,0
2.43,0.72,2.09,1.56,-2.63,-1.74,-2.28,-0.15,-0.44,-0.44,-1.33,-0.97,-0.45,2.73,-0.94,1.25,2,0,0
-3.01,-0.18,1.71,-0.43,0.28,-1.95,0.92,0.85,2.02,-3.44,-1.61,0.55,1.26,-0.79,1.48,3.92,2,0,0
-2.5,-4.37,5.52,4.04,0.43,-0.67,-0.21,2.75,-1.82,-4.45,-3.91,-0.86,1.25,-1.34,-0.55,4.36,2,0,0
-2.9,-0.93,3.13,1.98,1.0,-1.01,3.15,2.74,0.44,1.01,2.09,3.85,-2.25,-0.03,-4.76,0.53,2,0,0
6.76,1.09,0.63,-1.91,-2.3,0.93,-3.87,3.88,0.67,-1.69,-1.75,-3.34,-0.94,-0.35,0.03,-1.22,2,0,0
1.49,2.71,2.92,-2.25,-4.2,0.36,-0.06,-0.61,-0.0,-2.92,-0.73,-0.53,-1.49,2.83,-0.94,-3.95,2,0,0
2.31,-0.75,-1.74,-0.99,-3.89,-0.4,1.8,-0.64,1.73,2.69,-0.46,3.15,-0.68,-0.27,0.72,-0.81,2,0,0
-0.76,-3.01,4.72,3.87,-3.57,-0.31,4.88,0.79,1.07,1.95,-2.52,5.38,-0.29,-1.5,-1.41,4.5,2,0,0
3.83,1.62,-2.81,1.95,-0.15,1.8,-0.93,-0.09,-3.12,1.46,-1.81,-2.24,2.03,-2.81,2.05,-1.7,2,0,0
1.52,-1.4,2.73,-1.23,-5.23,-0.82,-2.8,-1.9,0.84,-3.19,-4.3,-2.14,-1.99,4.05,-0.14,-0.58,2,0,0
-0.03,0.31,-1.23,-0.85,2.31,0.34,-0.05,2.02,1.41,-0.94,1.58,-0.9,-1.36,0.78,1.0,-0.79,2,0,0
-2.99,-1.72,-0.52,0.71,-0.52,-3.44,1.64,-1.69,0.33,0.09,-1.55,1.47,1.04,0.75,-3.52,0.9,2,0,0
-1.04,-0.21,1.0,3.89,0.12,-1.08,0.11,0.23,-2.43,3.59,3.12,1.08,-0.2,2.47,-0.16,1.04,2,0,0
-3.34,0.61,-1.21,-0.63,2.95,-1.74,-1.15,-2.23,0.77,-0.03,2.94,-0.49,-0.88,0.6,-1.48,1.56,2,0,0
-5.31,-3.71,0.65,1.94,1.03,-2.97,1.26,-1.46,-1.78,-2.61,-3.95,-0.61,2.37,-1.9,-1.8,1.15,2,0,0
0.76,0.28,-2.53,0.7,1.78,-0.88,-0.47,0.95,-3.53,-4.31,-1.71,-2.0,2.06,-4.21,-0.63,-5.01,2,0,0
2.29,0.83,-1.12,-0.72,-0.09,1.93,0.43,-0.51,-1.04,-1.22,-1.84,-2.18,1.0,-0.1,3.04,-3.06,2,0,0
-0.19,-0.83,-1.32,-0.83,-0.6,-2.22,0.52,-0.51,0.18,2.07,2.28,1.03,-0.9,2.36,-2.38,-1.98,2,0,0
2.33,-0.41,-1.7,-1.59,-0.57,-0.86,-1.87,1.77,-0.12,-2.89,-2.05,-2.14,1.25,-1.07,0.66,-2.03,2,0,0
2.3,-1.18,3.74,-0.29,1.05,1.86,-3.0,2.99,0.42,-2.65,-0.82,-3.31,-1.54,-2.07,1.19,2.38,2,0,0
-1.0,-2.74,-1.18,-0.37,-0.3,-0.37,1.44,-0.34,-0.37,0.07,-1.79,0.95,1.51,-1.86,1.18,-0.5,2,0,0
-0.04,-0.37,2.39,-0.79,0.22,2.29,-2.17,-1.01,0.44,-0.84,1.18,-2.36,-1.71,2.81,4.61,2.21,2,0,0
0.03,0.63,3.67,1.1,-0.83,2.3,-1.73,-1.24,0.65,0.69,-1.62,-2.14,-1.44,0.6,1.6,4.69,2,0,0
0.79,0.09,2.88,-0.5,0.26,0.5,-0.68,-0.36,-0.11,-2.34,2.64,0.17,-2.24,-2.49,-1.29,0.77,2,0,0
-1.3,-0.67,2.37,-0.22,-0.58,-0.36,-1.0,-0.95,0.54,-0.58,-0.77,-0.94,0.23,-0.56,-0.33,3.95,2,0,0
1.65,0.85,1.38,1.46,-4.16,0.14,-1.46,-3.38,-2.59,-1.9,-2.95,-2.99,-0.29,1.97,3.09,-1.02,2,0,0
0.44,0.16,-1.15,-3.63,2.83,4.27,1.81,-0.98,-0.19,-1.39,0.53,-0.62,0.59,0.0,2.09,-3.86,2,0,0
-3.68,-1.33,-2.07,-0.14,2.19,-1.09,-0.37,1.3,-0.29,4.56,4.01,0.96,1.24,1.96,-0.7,1.46,2,1,1
0.2,1.34,-0.53,1.9,1.31,-1.54,-5.64,2.45,-2.75,0.75,0.66,-4.09,1.35,1.29,0.05,1.07,2,0,0
-0.55,-0.16,-1.04,-2.31,-0.63,-0.2,0.01,-1.08,1.7,-1.46,-0.92,-0.29,0.72,0.47,0.45,0.54,2,0,0
5.41,2.84,-2.52,-0.38,-4.57,0.96,1.63,2.92,-0.05,1.24,-3.34,1.13,1.45,0.0,0.45,-3.83,2,0,0
4.17,1.12,-3.18,-0.85,-2.88,0.16,1.67,-2.71,1.69,1.92,-2.1,0.51,-0.42,0.07,4.36,-1.86,2,0,0
-3.89,-0.19,-3.47,-0.62,6.71,-1.87,1.19,0.19,-0.53,-2.0,4.5,-0.54,1.13,-0.66,1.38,-1.1,2,0,0
0.32,1.36,1.66,-1.12,-0.78,-1.0,-3.56,-0.01,-0.18,0.35,2.14,-0.43,-2.21,2.04,-3.36,-0.07,2,0,0
0.41,-1.05,-0.88,-1.1,1.44,0.86,-0.79,-2.94,1.3,0.34,1.35,-1.59,-3.05,2.94,1.08,-1.8,2,0,0
2.87,3.07,0.59,0.48,0.09,2.67,4.51,3.3,1.06,2.74,2.18,3.61,-0.56,-2.27,-0.12,-0.47,2,0,0
-1.1,0.11,-2.79,-2.05,-3.17,-6.24,-0.36,-3.25,1.86,-2.01,-3.37,-0.45,1.41,1.59,-1.76,-0.48,2,0,0
1.27,0.75,-4.04,-1.48,0.81,-2.01,2.63,0.21,-0.47,1.98,4.18,2.14,0.14,0.48,-1.1,-5.59,2,0,0
-1.78,-2.29,-1.1,0.08,-0.88,-3.41,1.68,-0.4,-0.52,-1.15,0.06,2.6,0.77,0.55,-1.03,-2.54,2,0,0
1.82,-0.36,-1.15,1.14,-0.27,-3.37,-3.8,0.3,0.81,2.52,3.98,-0.06,-1.51,1.72,2.56,3.71,2,0,0
2.47,0.06,1.74,0.7,-1.69,1.11,-0.76,0.42,-0.29,-0.78,-0.93,-0.7,0.34,-2.33,5.3,2.55,2,0,0
2.28,-1.22,-1.3,3.92,-3.08,-3.52,0.9,2.35,-1.12,1.36,-2.26,2.37,1.29,-0.23,0.32,-0.2,2,1,1
0.48,-0.02,1.81,-1.72,3.08,3.85,-2.25,-1.04,-0.58,-1.22,3.7,-1.68,-2.45,-0.41,0.91,0.35,2,0,0
0.59,-1.22,4.42,2.02,-2.07,1.26,1.86,-0.53,1.69,1.66,-0.24,2.48,-3.19,1.28,-0.22,3.11,2,0,0
2.15,1.26,-0.94,-0.3,-1.93,-0.31,2.29,-1.68,0.24,-0.91,-1.22,1.21,-0.99,0.41,1.42,-3.48,2,0,0
-2.24,-3.72,-0.95,-0.6,4.2,-1.08,-1.02,-0.03,-0.37,-0.3,2.91,-0.82,-1.0,0.13,-2.35,-1.19,2,0,0
-5.68,-0.85,2.86,1.53,0.43,0.39,1.49,-4.29,-0.59,-1.65,-0.63,1.99,-0.43,-1.78,-0.6,3.73,2,0,0
0.36,-2.59,-2.09,-1.96,4.5,1.45,-0.85,0.36,-0.65,-1.53,1.91,-2.43,-0.52,0.43,1.76,-3.49,2,0,0
2.0,1.2,-4.72,-3.46,-1.04,1.03,1.17,-0.34,-0.14,0.45,-1.83,-0.65,1.06,1.86,-1.3,-6.65,2,0,0
1.82,-1.18,1.14,1.25,-2.21,-1.33,-1.76,0.33,-1.03,-2.69,-2.26,-0.56,0.27,0.31,1.14,0.16,2,0,0
-0.9,0.76,-1.39,-1.83,1.81,0.08,-2.97,-0.96,0.2,0.39,3.44,-1.2,-1.54,2.35,-0.39,-0.84,2,0,0
0.59,0.92,4.76,2.07,-2.55,2.11,0.79,-0.16,-0.99,-1.04,-2.23,-0.57,-0.02,-1.29,0.96,2.62,2,1,1
-1.09,-3.66,1.17,1.7,-0.26,1.52,0.81,0.31,-0.74,0.64,-4.04,-0.15,2.86,-2.58,2.04,3.59,2,0,0
-0.49,-3.11,1.97,3.82,-0.89,1.34,2.83,-0.85,-2.84,1.07,-2.41,1.51,1.17,-2.78,-0.23,0.9,2,0,0
-2.44,-1.19,0.98,-1.21,-3.74,-3.67,-0.18,-2.83,0.61,2.07,0.07,2.29,-0.41,3.11,-7.31,0.76,2,0,0
5.15,-0.21,-1.23,0.25,-0.87,1.69,-0.93,1.83,-1.29,1.66,-0.91,-1.47,0.74,-1.64,2.63,-2.25,2,0,0
-2.26,-1.58,-4.01,0.12,1.81,-4.05,-0.13,-0.19,0.42,2.03,1.71,0.9,1.26,0.96,-1.18,-0.15,2,0,0
1.21,-0.46,2.3,1.15,-1.15,-0.06,0.28,0.54,-0.56,-4.2,-2.11,-1.0,0.82,-0.55,2.74,1.2,2,0,0
-3.3,-2.65,1.43,2.91,1.77,3.32,1.54,-2.12,-3.22,1.83,-1.48,-1.93,1.19,2.21,5.79,0.78,2,0,0
1.62,-0.82,-3.21,2.05,1.1,-2.13,1.7,4.17,-1.1,1.64,1.02,2.02,2.5,-3.14,-0.82,-0.82,2,0,0
1.79,2.1,-1.35,-0.96,1.53,4.47,-0.23,1.75,-0.94,0.33,0.85,-1.14,0.86,-1.68,4.07,-1.04,2,0,0
-1.73,-2.0,0.73,-2.11,-1.66,-1.88,4.46,-1.0,4.1,2.91,2.27,5.78,-3.29,1.57,-5.89,-0.19,2,0,0
4.91,0.16,-3.14,0.25,1.57,0.21,-1.32,4.12,-1.16,-2.4,-3.23,-3.66,1.01,-1.47,0.48,-3.55,2,0,0
0.59,-1.08,2.37,3.7,-1.72,0.49,0.3,3.17,-2.43,1.32,-2.51,-0.91,2.14,-0.13,3.83,2.49,2,0,0
-3.64,-1.64,0.15,-1.83,1.62,-1.54,-1.03,-2.33,0.82,0.5,3.37,0.53,-1.99,3.37,-2.17,-0.76,2,0,0
0.35,1.17,1.29,-0.58,-2.12,3.15,1.31,-1.78,1.52,1.78,-0.91,0.6,-0.89,1.64,2.51,1.64,2,0,0
-2.24,0.04,0.75,-0.92,0.38,-0.76,0.25,-1.6,0.47,-2.46,0.04,0.13,-0.35,-0.64,-1.44,1.08,2,0,0
2.37,0.45,-2.26,0.67,0.1,-1.7,2.76,4.19,1.39,0.98,0.1,3.08,1.4,-1.85,1.91,-0.35,2,0,0
1.25,-0.4,-6.15,-0.91,1.66,0.36,2.8,0.76,0.39,2.42,1.67,2.02,1.62,-1.21,3.14,-3.25,2,0,0
-5.79,-1.82,5.61,-0.65,7.6,2.6,-2.29,0.7,-0.4,-2.18,5.2,-2.14,-1.6,-2.08,0.25,6.02,2,0,0
2.52,-0.42,-1.09,1.57,-1.0,-3.52,-2.07,0.98,1.25,0.63,-1.62,-1.36,0.29,2.88,3.46,2.27,2,0,0
0.64,-1.23,-3.14,2.25,3.92,0.41,-2.53,0.07,-1.62,2.98,-0.41,-4.3,2.07,-0.96,3.24,2.19,2,0,0
1.48,-1.93,-2.77,3.18,-1.01,-3.03,0.64,1.49,-2.15,1.08,-1.66,1.41,1.46,-3.48,-0.92,-1.54,2,0,0
2.62,-1.58,-0.93,-0.92,-1.01,0.74,1.05,-1.23,1.65,1.35,0.33,1.07,-1.79,0.28,3.53,-1.54,2,0,0
-4.27,-0.26,3.01,0.55,3.17,2.16,1.77,-0.67,-0.38,0.33,3.39,1.11,-3.1,0.93,-0.8,0.24,2,0,0
1.07,0.81,-2.06,-0.96,3.15,2.37,1.7,0.96,-0.65,-2.43,-1.64,-0.73,1.83,-4.94,0.34,-2.31,2,1,1
0.71,0.12,0.62,1.51,-0.2,0.44,-0.29,1.41,-0.82,-2.03,-1.96,-0.75,1.24,-1.53,2.83,1.32,2,0,0
4.96,-0.32,-0.25,2.98,-3.43,0.2,0.79,1.64,-1.3,1.27,-2.75,0.56,0.1,-0.06,2.27,-1.31,2,0,0
2.54,0.34,-0.03,-0.37,0.11,-0.73,1.17,2.04,1.94,1.48,3.54,1.81,-3.37,0.17,0.07,-1.17,2,0,0
3.43,0.66,-1.22,-3.5,-0.66,3.85,2.88,2.01,3.88,2.0,1.02,1.11,-1.46,0.68,3.41,-1.12,2,0,0
-0.56,2.14,0.8,-0.84,0.47,0.61,-0.31,-0.31,0.15,2.38,2.73,0.55,-1.35,-0.53,-2.27,1.05,2,0,0
-1.56,0.37,0.1,-2.6,1.17,0.62,1.34,3.8,0.28,-2.82,1.06,0.24,0.65,0.25,2.13,-2.38,2,0,0
1.1,1.12,-0.26,0.49,-0.06,-0.65,0.68,1.42,1.11,4.91,5.37,2.74,-3.03,2.26,-1.86,-0.43,2,0,0
-1.28,-2.75,-0.61,0.02,0.1,-2.38,-0.69,0.64,-0.12,-2.2,-2.14,-1.32,2.35,0.1,1.82,1.51,2,0,0
-1.39,-0.22,2.47,-0.04,-2.28,-0.82,1.29,0.06,2.94,3.5,2.05,3.15,-3.19,0.91,-2.87,2.97,2,0,0
-5.0,-0.85,1.76,-3.16,1.0,1.68,0.2,-2.44,1.24,-2.08,0.42,0.59,-1.78,2.59,-0.34,0.18,2,0,0
2.24,6.31,3.66,-1.07,-0.33,5.31,1.11,0.86,0.61,0.21,1.57,0.43,-1.41,-1.47,1.76,1.12,2,0,0
-0.31,-0.28,-0.03,-2.14,3.95,0.25,-3.11,-0.06,-0.26,-2.98,2.53,-3.55,-1.45,3.16,0.49,-1.88,2,0,0
-0.3,-2.61,2.94,-1.25,-2.71,1.97,2.63,0.75,1.75,2.08,-0.8,3.05,0.13,3.83,-0.72,1.29,2,0,0
-0.97,1.77,0.54,-2.47,1.59,0.27,-1.79,-0.73,0.79,-1.49,1.91,-2.37,-1.21,3.13,0.58,-0.46,2,0,0
-0.81,-2.07,1.78,1.71,-2.62,-2.33,-1.99,-4.38,-2.36,-3.7,-2.98,-2.44,-0.17,2.15,1.76,-0.51,2,0,0
1.23,0.15,0.75,-3.08,-1.7,-1.45,-1.14,-0.02,3.11,-1.51,0.86,0.87,-2.18,2.52,-1.02,0.06,2,0,0
4.04,-2.34,-1.3,1.6,1.24,-3.78,1.99,0.51,2.3,-0.18,-2.18,0.47,1.12,1.56,-0.02,-1.88,3,0,0
4.16,0.01,-5.07,-0.33,-0.94,-3.94,2.31,-0.12,2.82,0.03,-1.39,-2.01,2.51,0.89,0.51,1.4,3,0,0
-4.62,1.92,-0.16,1.7,1.93,1.35,0.12,-0.77,-3.88,-1.56,2.55,-1.52,2.98,2.0,-2.65,-0.62,3,0,0
-2.88,1.48,-2.87,1.19,-1.58,3.73,-1.87,1.33,-9.0,1.98,1.82,-4.12,-5.16,4.31,-2.26,-0.75,3,0,0
1.2,-3.55,1.3,-3.21,-1.74,0.16,3.62,2.28,-0.14,-1.88,-0.86,-1.59,1.45,0.33,2.82,0.15,3,0,0
-0.79,-0.6,1.14,3.45,2.33,1.9,3.11,0.73,1.76,3.89,0.3,-0.97,-0.75,0.73,-0.31,-1.43,3,0,0
-1.61,1.7,-0.2,0.51,1.45,0.62,-1.45,-0.05,-1.24,0.38,1.12,1.49,-0.88,-0.47,-0.31,-2.78,3,0,0
-2.52,0.19,2.8,-0.16,0.48,1.25,-0.46,4.5,-2.96,0.77,1.49,1.81,-3.96,4.38,-2.09,-1.7,3,0,0
1.03,-2.55,0.16,0.26,2.29,-2.42,0.09,-2.94,1.01,-1.11,-1.98,-2.74,2.44,-1.55,2.88,0.07,3,0,0
0.49,-1.1,3.27,-3.66,1.79,-4.51,-2.59,-1.29,3.01,-1.39,-0.31,3.32,0.54,-0.92,1.98,-0.02,3,0,0
2.89,-2.7,1.06,0.16,-0.38,-1.43,2.3,-1.49,3.18,-1.9,-0.77,-0.24,2.88,-2.22,1.86,0.79,3,0,0
-0.84,1.01,0.0,0.15,-1.01,-0.89,-0.31,-1.54,-0.84,-0.03,3.56,0.59,1.39,1.38,-1.32,0.36,3,0,0
3.2,-0.85,0.04,-2.93,1.43,-1.09,0.24,1.56,3.33,-1.46,-0.72,2.03,-0.21,-1.29,3.04,-0.52,3,0,0
0.95,-1.15,0.1,-2.05,-0.31,1.63,2.7,0.77,0.46,-0.58,1.02,0.82,1.87,-1.81,2.04,-1.1,3,0,0
-2.98,4.69,-2.8,4.13,4.07,0.44,-1.08,2.09,0.23,4.82,0.27,-0.3,-3.67,3.75,-3.07,-1.49,3,0,0
-2.32,-0.33,0.66,1.11,-1.36,-1.71,2.87,1.04,3.62,0.94,-4.23,1.3,0.58,0.72,3.13,-2.48,3,0,0
0.2,-0.61,0.24,-0.23,-1.38,-0.87,1.77,2.43,0.55,-1.68,1.44,-1.99,1.24,2.29,0.18,2.45,3,0,0
-2.89,1.62,-1.4,-0.25,-0.18,-1.68,-0.55,3.17,-2.07,-1.65,-3.32,1.37,-2.26,4.25,1.04,-4.71,3,0,0
-0.94,-0.2,-0.0,-1.47,1.84,-2.84,-4.61,-6.07,0.0,-2.28,0.79,0.67,2.98,-2.42,1.68,-2.12,3,0,0
0.94,-0.56,-0.17,-3.73,-1.53,-2.08,-1.8,-1.6,-1.8,-1.3,3.81,0.77,2.66,-1.48,-1.7,3.59,3,0,0
0.72,0.74,0.23,-3.8,-2.24,0.48,-1.22,6.11,-4.14,-4.74,-3.62,3.29,-5.7,2.17,-1.13,-0.91,3,0,0
-1.61,0.14,0.3,-1.29,2.66,0.53,-3.96,0.54,0.96,-0.25,-1.68,-3.7,-4.44,1.28,4.89,-4.32,3,0,0
0.42,-4.87,9.0,-5.67,3.59,-4.0,-0.95,2.13,2.22,-1.78,1.36,3.0,0.74,-0.73,2.18,1.7,3,0,0
0.24,0.16,-1.35,-0.76,4.49,2.13,-1.87,-1.66,-4.23,1.09,4.37,-4.14,1.1,-3.39,-0.96,-0.08,3,0,0
-0.77,0.04,4.95,-1.45,0.26,1.38,-0.94,5.34,2.54,-3.08,2.17,0.35,-2.19,1.75,-0.84,4.82,3,0,0
-1.64,1.75,-0.25,4.62,1.65,-1.47,-2.18,-0.63,0.78,3.83,1.82,-0.02,-2.35,3.78,-3.55,-0.9,3,0,0
-0.06,-0.38,1.2,-1.08,0.8,1.2,-0.16,0.73,-1.19,-0.62,3.04,-1.27,0.86,-1.37,-1.07,0.43,3,0,0
-0.13,-1.08,2.34,0.01,1.48,-2.76,0.49,-1.79,4.89,-1.4,1.22,0.88,4.14,0.16,2.09,1.28,3,0,0
0.5,0.64,-0.15,-1.78,3.35,-0.35,-0.87,-0.97,5.42,-4.08,-0.7,-1.73,2.83,-2.0,3.87,1.05,3,0,0
2.13,-1.07,-3.19,-1.44,-1.75,-1.05,0.85,3.17,-4.94,0.14,-3.98,0.87,-3.69,1.73,-0.4,-2.56,3,1,1
0.69,-2.08,0.86,-2.59,-1.12,-2.59,1.82,0.47,-1.11,-0.14,-1.03,2.21,1.61,-1.11,-0.58,-0.73,3,0,0
-0.04,-0.72,3.17,-0.75,0.99,1.74,1.9,0.71,2.81,-0.16,-0.55,-0.23,-1.34,-1.4,3.18,0.96,3,0,0
0.49,-0.54,-0.17,4.34,0.7,1.34,4.61,-0.22,1.37,4.6,3.78,-0.31,2.1,1.66,-2.74,1.42,3,0,0
-0.5,-0.66,0.63,-2.29,-0.4,-0.39,-0.68,-2.01,-1.77,3.85,3.47,0.93,1.1,-2.94,-2.51,1.47,3,0,0
0.6,-2.36,1.01,-3.71,0.11,-2.32,-3.52,-1.05,1.56,-3.08,-7.82,1.8,-3.52,-2.64,6.57,-5.47,3,0,0
-1.48,-0.77,4.45,0.41,2.33,3.5,0.31,-0.75,3.02,-0.05,3.03,-0.05,0.45,-2.48,2.73,0.25,3,0,0
-3.5,0.58,-0.26,5.38,-0.49,0.19,0.05,2.92,-4.68,8.28,2.35,-0.78,-5.43,7.76,-6.52,0.57,3,0,0
-3.61,1.81,3.06,0.69,1.14,2.9,-1.99,3.07,-0.7,3.54,2.64,1.19,-5.28,1.95,-1.2,1.09,3,0,0
0.94,-1.74,3.19,-0.19,0.98,-0.54,0.99,3.87,3.49,1.01,-1.73,1.7,-3.41,1.61,1.79,-1.16,3,0,0
-3.29,0.02,1.83,-3.71,3.08,-2.44,-3.41,-2.09,-1.2,-2.98,0.95,-0.71,2.77,-1.17,2.78,-1.95,3,0,0
1.7,0.64,-2.2,-2.88,-0.44,-0.45,-2.22,-0.43,-4.09,0.68,-0.27,1.36,-2.96,-1.85,-0.63,-1.57,3,0,0
1.7,-3.71,3.97,-2.47,1.4,-0.49,0.88,1.69,-1.5,1.65,0.17,0.11,-2.37,-1.25,0.76,-0.63,3,0,0
-0.68,0.38,0.14,-2.33,0.62,0.09,-0.26,0.27,0.37,-1.58,0.5,-1.17,1.43,-2.35,0.77,1.55,3,0,0
-1.74,0.54,4.19,3.04,0.84,-2.85,1.89,-0.28,6.3,-1.42,-0.52,4.99,1.27,4.41,0.73,0.25,3,0,0
-5.24,1.21,-0.09,5.01,0.19,-0.64,0.04,-3.16,-0.93,2.57,0.62,0.86,1.1,4.19,-0.4,-3.07,3,0,0
-1.8,0.32,-3.0,-1.31,-1.34,-1.42,-2.97,-2.45,-4.3,-1.63,-3.56,-2.75,-1.73,-0.28,2.83,-5.1,3,0,0
0.8,-1.27,1.18,-5.54,-1.75,-2.94,-1.09,-1.1,-2.19,-1.88,0.5,3.5,1.18,-1.96,1.13,-0.58,3,0,0
-1.94,-0.66,-0.12,0.75,1.27,0.38,1.26,-1.87,-3.39,1.33,1.55,-3.19,1.01,1.02,0.95,-1.63,3,0,0
2.96,-1.2,-0.33,1.09,-0.42,-0.07,2.16,-0.42,2.17,0.99,-1.97,2.03,-1.17,-0.94,1.29,-1.71,3,0,0
-0.71,1.74,-1.24,3.35,3.43,2.7,-1.43,-1.08,1.69,1.02,4.52,-2.71,-0.12,3.17,-0.61,0.15,3,0,0
3.13,-2.97,2.36,-2.75,-1.48,-0.36,0.33,1.48,-0.11,1.06,0.36,1.92,-2.85,-0.83,1.14,1.57,3,0,0
1.54,0.42,-4.13,-0.57,-1.06,2.07,2.41,-1.38,-4.55,1.35,2.16,0.23,2.07,-1.81,-2.13,-0.85,3,0,0
-0.24,2.15,-0.84,4.0,0.23,3.12,2.1,-0.89,2.58,-0.26,2.93,1.15,1.13,2.42,-0.41,2.04,3,0,0
1.49,-1.0,0.39,-0.03,-0.95,-0.53,2.47,-1.76,1.1,1.15,1.73,3.35,2.64,-1.06,-1.64,1.16,3,0,0
-2.42,1.98,-1.33,5.07,3.19,-1.44,1.08,-3.33,2.01,2.38,0.24,0.52,2.12,1.9,0.86,-3.7,3,0,0
0.95,-1.93,2.91,-5.05,0.25,3.91,0.54,2.55,-0.15,0.83,0.47,-0.3,-3.3,-3.15,1.95,1.99,3,0,0
1.4,-1.86,0.09,-0.85,0.2,0.19,-0.13,-1.45,-0.49,2.08,0.45,0.16,0.0,-2.41,-0.14,-0.05,3,0,0
2.83,-1.98,-1.09,-1.51,-0.21,1.65,4.97,0.93,-0.77,-0.83,-1.32,0.15,2.3,-2.56,0.3,-0.36,3,0,0
-1.48,-0.94,1.88,-4.22,-0.4,-0.74,-1.16,-0.33,-1.3,-2.88,-1.08,1.01,0.62,-1.97,2.19,-1.47,3,0,0
0.54,-0.26,-3.36,2.16,-4.4,-1.86,2.73,-2.71,-4.17,-0.15,2.79,-1.79,4.9,1.0,-4.86,1.34,3,0,0
-2.26,-1.15,2.74,2.45,-0.14,-2.05,1.8,-1.18,1.83,-1.31,4.39,0.5,5.61,3.6,-1.51,2.32,3,0,0
1.38,-0.96,3.59,-0.59,0.49,0.88,1.68,-0.12,4.67,0.03,3.24,3.11,2.0,-2.84,0.98,1.45,3,0,0
-5.3,2.28,0.25,1.71,-0.53,-0.19,0.15,-2.44,0.47,0.13,-3.03,4.18,0.23,0.5,2.18,-5.33,3,0,0
1.89,-2.57,1.91,0.75,-1.43,0.76,6.84,0.6,2.6,1.32,0.94,3.99,4.0,-0.46,-1.99,2.26,3,0,0
-1.02,1.61,-0.27,2.24,0.7,1.87,0.9,1.96,0.42,-2.0,1.23,-1.3,-0.23,3.12,-1.47,1.45,3,0,0
2.08,-0.19,-1.43,1.6,2.62,0.62,1.84,0.49,3.01,-0.1,-0.44,-2.12,0.67,-0.84,2.82,-1.55,3,0,0
0.35,-1.26,2.66,-0.56,-0.77,-0.68,3.71,5.18,1.87,-3.0,0.01,0.32,0.25,4.42,0.65,3.12,3,0,0
-1.56,-0.74,1.94,-0.28,0.1,0.81,-0.64,0.31,-0.75,-3.63,-1.65,0.81,-0.5,0.85,2.32,-0.72,3,0,0
-1.97,1.0,0.01,-0.96,0.03,4.29,-3.66,0.4,-7.52,-1.63,3.36,-3.48,-3.97,0.7,-1.1,-0.3,3,0,0
0.11,-2.67,4.17,3.54,2.16,-0.71,0.58,-3.98,3.76,2.44,2.55,3.3,2.44,-0.49,-1.21,-0.5,3,1,1
-1.01,0.53,0.45,-0.19,-2.16,0.56,3.4,4.9,-0.53,-4.97,-3.37,0.32,-1.44,4.12,1.91,-0.56,3,0,0
1.21,-2.49,2.41,-4.59,-4.88,-2.94,1.5,2.59,-1.05,-2.86,-0.82,2.05,0.75,-0.27,-0.77,2.34,3,0,0
-0.37,-0.51,-1.6,0.51,-2.46,1.0,0.52,-0.71,-2.61,3.19,1.35,0.33,-1.22,1.24,-1.19,-0.71,3,0,0
-4.22,1.14,1.49,2.4,1.44,-3.68,1.62,-2.26,1.87,-1.8,-1.3,2.2,4.33,1.99,0.96,-4.55,3,0,0
4.15,-2.07,-1.26,-3.83,-2.61,-6.36,1.47,1.56,0.54,0.21,-1.7,3.69,1.66,-0.34,-1.7,1.37,3,0,0
-1.91,-0.26,1.26,-1.06,-1.68,-1.03,-0.73,0.96,-0.42,3.53,2.44,-1.25,-1.43,0.68,0.16,0.19,3,0,0
-1.99,1.63,-0.6,3.19,-0.06,2.08,-0.8,-0.89,-3.2,4.56,1.47,-0.17,-3.73,1.05,-2.83,-0.32,3,0,0
0.14,-0.32,-2.26,-2.03,-1.9,-5.1,-1.42,-6.42,-0.06,-1.59,0.2,1.25,5.42,-1.87,0.41,-0.66,3,0,0
1.33,-1.78,2.88,0.43,3.71,1.24,-1.52,-1.47,3.1,1.36,2.3,-0.64,-1.03,-0.86,1.27,0.97,3,0,0
0.05,-2.29,3.51,-3.07,-1.29,-2.71,-0.92,-1.39,2.83,1.03,-0.31,2.19,0.35,-2.86,1.47,1.28,3,0,0
-0.69,0.18,3.02,2.24,-1.91,1.94,3.96,2.93,1.89,-2.88,2.4,1.54,1.26,3.45,-1.52,2.76,3,0,0
0.4,0.34,-1.17,-4.17,-0.95,-0.74,-1.55,1.19,-3.17,-3.32,-0.56,-0.3,-0.25,-1.07,0.16,1.1,3,0,0
-5.14,-0.36,2.05,3.46,-0.27,-0.15,-0.7,-3.18,-4.68,1.43,4.63,-0.56,2.61,2.67,-2.54,-1.95,3,0,0
3.36,-2.59,1.77,-0.94,0.1,-1.53,-0.08,2.06,3.36,1.62,2.49,0.03,-0.38,0.67,-1.55,5.15,3,0,0
1.4,-0.49,-2.37,-0.67,0.08,-0.66,0.07,-1.36,-0.52,0.62,1.4,-3.39,1.48,-1.9,1.7,0.18,3,0,0
0.52,-3.3,5.69,-1.54,0.73,1.68,0.75,-0.04,-0.88,-1.16,1.13,1.02,-0.25,-3.02,-0.18,2.11,3,0,0
1.81,-0.85,-0.59,-0.98,-4.36,0.61,1.77,2.83,-1.31,0.48,0.59,0.72,-2.3,1.62,-0.41,2.01,3,0,0
0.95,-1.77,0.04,-0.29,-4.27,-1.78,3.26,-3.36,1.07,-1.38,0.53,1.36,4.94,-1.54,-0.17,2.7,3,0,0
4.09,-3.22,2.66,-2.58,-0.49,-0.25,4.33,4.44,3.88,-1.72,-1.31,0.08,-0.09,-1.46,2.76,1.15,3,0,0
1.85,-2.4,-0.58,-2.4,-3.02,1.53,0.85,-1.04,-2.03,0.83,-0.53,-0.78,-1.11,-3.54,2.25,-1.8,3,0,0
-0.12,-1.09,2.69,2.4,3.17,1.0,1.45,-1.76,1.26,0.12,1.91,-0.87,1.04,0.46,1.66,0.2,3,0,0
-2.71,1.58,-2.86,3.6,-1.32,6.51,0.79,-1.51,-4.0,0.13,-0.58,-3.72,-2.4,0.28,1.98,-2.34,3,0,0
-1.77,-2.9,5.29,1.87,3.1,1.0,0.58,-2.08,3.26,3.6,-0.56,0.71,-0.77,-2.03,2.55,-2.79,3,0,0
-5.34,1.57,0.12,2.82,-1.23,-1.7,-1.05,-2.09,-4.21,2.05,3.15,0.37,1.91,2.8,-4.63,-0.6,3,0,0
2.19,-3.46,0.05,-1.27,-0.68,0.55,0.12,-2.72,-5.85,4.05,3.87,-2.13,0.15,-2.69,-3.03,1.55,3,0,0
0.16,0.96,-4.45,3.29,-2.78,-1.42,4.44,-0.76,-2.72,-3.23,-1.41,1.68,5.01,2.24,-2.46,-0.9,3,0,0
0.48,-0.39,-0.46,1.22,-0.19,1.07,0.25,-3.65,-1.87,0.52,0.4,1.11,0.39,-2.09,-0.31,-2.04,3,0,0
-1.24,2.13,-2.76,0.11,-2.81,-0.71,0.66,1.09,-4.02,-2.87,0.2,0.34,0.46,2.83,-1.86,-0.46,3,0,0
-2.48,1.0,0.4,-2.35,-2.52,-3.77,1.2,0.44,2.66,-4.97,-6.94,4.44,1.26,-0.29,5.19,-5.39,3,0,0
-2.34,0.59,-0.17,4.71,3.41,0.49,-1.89,-0.77,-4.45,2.35,0.75,-0.29,-2.84,3.66,-3.04,-3.21,3,0,0
1.75,-2.53,2.51,-0.36,3.29,-0.51,-0.63,-0.41,1.74,-1.48,-0.58,-1.32,-0.98,0.83,2.36,0.82,3,0,0
-1.75,-0.49,2.35,1.0,0.35,-2.77,1.77,-2.91,1.95,-0.75,2.07,2.71,5.18,0.95,-0.9,1.3,3,0,0
-5.26,2.71,2.83,1.91,1.39,3.84,-0.49,0.48,-0.18,0.0,5.21,0.43,0.86,1.07,-2.12,0.22,3,0,0
-0.84,-5.44,6.02,-0.28,-2.48,1.74,3.4,1.94,-3.77,-1.58,4.15,-2.18,1.12,3.95,-0.3,3.51,3,0,0
-1.03,1.43,-0.87,-1.84,-3.65,-3.46,-1.05,0.86,0.24,-5.69,-2.02,4.94,1.27,2.81,0.29,-2.5,3,0,0
-1.25,-0.4,0.18,-3.23,1.32,-0.51,-2.26,0.6,-3.07,-1.58,-4.47,1.92,-3.56,-0.93,3.62,-6.39,3,0,0
0.82,-1.45,4.48,-4.44,0.23,-2.88,-0.86,3.32,4.84,-4.55,0.72,2.11,1.45,-0.53,2.28,1.86,3,0,0
-1.03,-1.35,2.84,-2.67,0.36,-1.53,-1.17,-0.39,-4.11,0.66,2.16,2.69,-0.01,-0.12,-2.28,0.05,3,0,0
-3.43,1.35,1.3,2.82,1.08,-0.54,2.13,2.57,0.54,3.93,2.67,0.44,0.8,3.14,-3.81,1.18,3,0,0
-1.78,2.51,-1.43,1.79,1.82,-0.29,-0.32,-2.03,1.57,-0.99,-2.4,2.22,0.22,-0.65,2.86,-4.99,3,0,0
0.64,-0.46,3.26,1.35,0.46,-1.48,2.15,0.44,5.04,-2.27,1.57,2.54,2.75,1.47,0.06,2.98,3,0,0
3.57,-3.2,2.79,-5.47,1.32,0.07,0.82,1.94,2.3,-2.22,-1.62,0.61,-1.04,-2.98,4.16,0.86,3,0,0
2.99,-4.65,0.04,-2.91,-2.88,-2.25,0.85,-3.75,-0.75,-5.69,2.04,-5.29,6.33,-1.92,3.07,3.55,3,0,0
-0.83,-2.09,3.39,-1.14,3.9,0.18,-1.24,-3.9,-2.43,-0.44,1.26,2.38,1.25,-2.78,1.73,-3.04,3,0,0
-0.8,0.3,1.51,-1.93,5.55,1.73,-3.72,0.65,-2.35,-1.81,3.84,-5.48,-1.07,-0.53,1.01,0.58,3,0,0
-0.48,-0.76,3.43,-1.68,-1.63,0.3,1.4,1.21,-2.73,1.58,5.39,2.03,0.76,0.09,-4.28,3.88,3,0,0
-0.35,-1.22,1.71,1.78,3.76,1.74,-0.9,-1.71,1.78,1.97,0.22,-0.78,-1.68,0.28,2.4,-0.99,3,0,0
1.63,-1.68,-0.81,4.89,1.93,2.36,2.68,-2.16,1.36,7.1,5.85,-6.4,1.42,-0.85,-1.68,2.59,3,0,0
0.73,-1.25,1.19,0.39,-1.3,-2.56,2.95,0.72,2.12,0.15,0.27,1.76,2.76,0.1,-1.26,1.2,3,0,0
-2.51,-0.69,0.4,0.06,-1.71,-2.1,1.16,-0.51,0.61,1.95,1.3,-0.34,2.55,1.54,-0.24,0.81,3,0,0
-3.67,2.73,1.05,-1.11,4.07,1.81,-3.68,2.36,-2.4,-3.41,-0.46,-0.03,-3.16,1.15,1.6,-3.63,3,0,0
0.1,-0.38,-0.41,0.22,0.38,-3.24,1.06,-3.11,1.68,0.5,-2.08,4.33,2.86,-1.43,-0.44,-2.99,3,0,0
2.52,-0.23,-2.21,1.15,3.48,-0.52,2.28,-0.81,1.73,3.26,-0.98,-0.32,-0.32,-0.35,1.51,-2.04,3,0,0
-0.57,0.79,-3.47,3.92,-0.47,0.21,5.67,-1.7,1.32,3.87,-0.4,-0.97,3.74,0.22,-1.24,-1.32,3,0,0
2.74,-1.84,-0.02,0.72,-1.7,-0.59,3.84,2.46,1.12,-0.76,1.11,0.47,2.08,1.83,-2.24,4.28,3,0,0
-0.61,-0.64,0.2,1.19,3.07,2.23,-1.14,0.2,-4.14,3.59,-1.99,-1.94,-5.38,-0.93,0.52,-2.67,3,0,0
1.31,-1.25,-2.46,2.65,5.06,0.65,-2.65,-7.56,-5.7,3.99,0.68,-0.32,-0.71,-3.49,0.13,-6.77,3,0,0
3.62,-0.21,0.03,4.0,-1.58,-4.32,7.56,1.21,8.41,-6.5,-1.35,3.29,7.52,3.7,0.69,2.23,3,0,0
-0.2,-2.46,4.6,0.9,0.99,-0.49,0.55,-4.25,2.27,-2.68,-0.06,0.79,2.65,-2.77,2.8,-1.55,3,0,0
0.25,-2.26,1.81,2.4,-0.83,1.21,1.19,-1.0,0.16,3.24,-0.43,1.7,-2.65,0.82,0.5,-2.11,3,0,0
2.47,-3.68,0.16,-1.49,-1.89,2.15,0.67,-2.49,-5.49,-3.94,-0.49,0.56,0.35,-1.52,2.01,-2.54,3,0,0
-0.12,-1.97,3.08,-0.87,0.79,-3.37,0.69,0.22,3.49,-4.27,-1.54,2.2,2.88,1.98,1.86,0.53,3,0,0
-3.49,1.09,1.44,-0.58,4.9,-0.6,-3.34,-2.33,0.6,2.4,0.04,0.59,-0.68,-2.27,1.24,-4.83,3,0,0
-0.97,0.25,3.88,-2.04,4.37,0.07,-2.13,-0.77,3.7,-8.03,2.03,0.89,3.75,-1.06,3.99,-0.03,3,0,0
-1.25,1.03,0.93,-0.02,0.53,-2.44,0.16,1.94,2.18,-0.78,-0.59,1.72,-0.64,3.82,-0.21,-0.03,3,0,0
6.05,-4.16,-0.08,-0.25,2.46,-3.1,1.79,-8.69,7.56,4.72,-0.48,4.92,5.13,-8.52,3.01,-2.81,3,0,0
-3.42,1.67,-1.97,1.37,-0.12,-1.94,0.84,-1.84,-1.02,0.43,3.59,-3.28,5.1,1.79,-1.52,0.9,3,0,0
1.7,0.84,-1.86,-0.56,-1.42,-1.84,2.21,3.26,0.75,-0.02,-1.64,2.97,-0.25,0.7,-2.01,-0.21,3,0,0
1.26,-3.24,3.55,0.47,-0.52,2.51,3.16,-2.03,0.77,0.5,4.96,1.66,3.53,-1.7,-0.06,1.41,3,0,0
-0.06,-2.92,4.95,-2.34,1.5,-0.25,-1.45,-1.93,1.55,-0.77,-1.57,1.39,-1.03,-3.09,2.43,0.15,3,0,0
2.76,-3.38,1.44,0.05,1.89,0.38,1.5,-0.94,-0.92,5.43,-0.39,-0.08,-1.62,-4.36,-0.49,-1.77,3,0,0
-1.33,1.41,-2.66,0.85,-2.57,-0.99,-1.57,-0.91,-4.9,1.49,0.87,-0.95,-1.62,1.31,-2.64,-0.91,3,0,0
1.35,-0.27,-5.56,0.14,-1.51,-1.75,0.31,-2.31,-3.94,5.47,0.0,-3.35,-0.24,-1.32,-1.74,-1.85,3,0,0
-0.5,-1.69,2.5,-1.17,1.14,-1.61,-1.91,-2.69,1.22,-1.4,0.66,-0.32,0.98,-0.63,2.37,-1.09,3,0,0
-3.67,1.2,-1.65,2.69,-0.08,-2.18,-2.55,-5.74,-1.07,4.23,3.03,-2.13,1.9,0.73,-0.91,-2.56,3,0,0
-1.48,0.68,-0.62,1.0,1.55,-3.24,0.39,-1.37,-1.69,0.31,-1.17,1.41,1.33,2.0,-2.35,-2.16,3,0,0
1.14,-1.61,1.96,-0.22,1.49,-0.75,1.07,-1.84,1.19,-0.6,-0.01,2.46,0.84,0.56,0.95,-1.92,3,0,0
-0.05,-3.21,3.39,-2.16,1.73,0.35,-0.61,-1.36,-1.73,-0.74,0.92,-0.62,0.85,-2.55,0.8,0.23,3,0,0
-2.62,-1.09,4.8,-4.57,0.09,-3.4,-1.47,0.41,4.53,-6.74,-0.66,2.36,3.28,2.62,3.49,1.06,3,0,0
-1.6,-1.11,-0.28,-2.16,-2.34,-1.99,0.11,-2.51,-0.79,-1.2,-0.78,-0.11,3.06,-1.85,1.94,-1.27,3,0,0
-3.87,0.57,2.1,2.2,2.12,-0.13,0.87,-0.21,-2.48,2.12,0.54,2.04,0.16,2.29,-3.68,-1.1,3,0,0
0.17,-0.58,-2.53,1.63,-0.52,-2.87,-0.46,-4.15,1.66,-3.69,-3.92,-2.23,2.22,1.3,4.01,-4.09,3,0,0
-2.93,0.28,3.3,-1.12,1.66,-3.34,-2.42,0.93,1.53,-3.59,-2.41,1.4,-1.1,2.76,3.23,-2.4,3,0,0
1.63,-0.87,-3.68,1.34,-1.22,4.25,2.28,0.27,-3.97,-1.42,-2.45,-4.83,-2.78,1.2,3.35,-2.96,3,0,0
3.7,-2.03,-5.57,1.85,-2.25,-1.08,3.47,-2.96,-1.83,3.8,-1.32,-2.48,1.44,-0.87,-0.41,-2.74,3,0,0
0.75,-1.19,1.5,-0.91,-0.15,-2.51,0.54,1.44,4.26,-3.88,-1.85,-0.51,0.7,2.36,3.71,-1.1,3,0,0
1.69,-1.12,-1.84,1.08,-1.19,-1.53,0.27,-2.04,-1.6,1.82,-0.99,-1.45,-0.56,-0.72,-0.91,-2.37,3,0,0
0.04,0.53,-1.96,1.46,2.38,2.26,0.12,-2.39,0.54,0.79,-2.34,-0.43,-1.18,-1.31,2.93,-3.79,3,0,0
-0.61,-0.85,1.09,1.31,1.68,0.6,1.45,4.12,-3.42,2.15,-0.48,1.09,-3.49,4.0,-2.38,-1.07,3,0,0
3.03,-1.15,2.5,-1.56,2.91,3.49,1.75,1.54,1.66,0.63,2.36,2.68,-1.48,-2.27,1.76,1.03,3,0,0
4.59,-1.03,-1.49,1.89,-0.69,-2.15,4.54,2.67,5.07,1.51,-1.93,1.58,0.9,-0.6,-0.77,1.24,3,0,0
-0.13,0.85,-4.25,3.09,1.16,2.32,0.81,-0.83,-3.48,1.6,-2.02,-3.38,-2.83,1.79,1.16,-5.07,3,0,0
1.81,-1.95,1.21,-1.99,1.65,-0.78,0.54,-0.63,0.33,-0.73,0.23,-0.83,1.1,-2.91,2.26,-1.46,3,0,0
-1.32,-2.31,5.47,1.49,3.11,0.04,1.38,0.98,1.06,1.8,0.8,2.55,-0.99,1.58,0.86,-0.78,3,0,0
-0.63,1.08,-3.36,1.08,-3.95,-1.11,0.25,-0.23,-1.81,-1.07,-0.54,-0.25,0.75,1.63,-0.4,-0.04,3,0,0
-2.17,3.7,-4.14,0.51,2.64,0.82,-0.67,-1.26,-3.09,3.12,1.02,0.18,0.06,-1.57,-0.9,-3.67,3,0,0
