@relation SyntheticData-N_1200-D_4-Nmin_60-Zmin_8-CL_3_1-R_0
@attribute X0 real [-4.04, 3.36]
@attribute X1 real [-3.39, 4.10]
@attribute X2 real [-3.71, 3.91]
@attribute X3 real [-3.06, 4.38]
@attribute cluster_idx {0,1,2,3}
@attribute is_noise {0,1}
@attribute Class {0,1}
@inputs X0,X1,X2,X3,cluster_idx,is_noise
@output Class
@data
0.96,-1.43,-0.66,-0.34,0,0,1
0.61,-2.76,-1.23,-0.4,0,0,1
-1.44,0.66,0.85,-1.16,0,0,1
1.15,-1.87,-1.1,-0.11,0,0,1
-0.09,-0.87,-0.1,-0.91,0,0,1
0.12,0.56,-0.14,-0.05,0,0,1
1.43,1.67,1.0,-1.76,0,0,1
0.8,-2.8,-1.35,0.19,0,0,1
-0.01,1.22,0.72,-0.77,0,0,1
1.13,-1.78,-0.77,-1.27,0,0,1
-0.25,1.95,0.8,0.15,0,0,1
-0.6,-0.58,-0.71,1.63,0,0,1
-0.21,1.19,0.94,-1.57,0,0,1
0.01,0.82,0.65,-1.26,0,0,1
0.24,0.13,-0.45,0.29,0,0,1
-0.03,-0.81,-0.48,0.25,0,0,1
0.4,2.37,1.49,-1.51,0,0,1
-1.73,1.63,0.54,1.51,0,0,1
0.3,2.7,1.11,-0.84,0,0,1
0.86,0.52,-0.26,-0.22,0,0,1
-1.73,2.05,-0.73,0.84,1,0,1
0.75,-0.99,-0.58,-0.99,1,0,1
0.5,-0.76,1.48,-0.25,1,0,1
0.63,-1.13,1.06,-0.44,1,0,1
-0.61,0.73,0.65,0.31,1,0,1
1.1,-1.48,2.28,-0.2,1,0,1
-0.59,0.71,-1.25,0.24,1,0,1
-1.37,1.4,0.79,1.36,1,0,1
-0.9,1.16,-0.31,1.07,1,0,1
1.47,-1.59,2.67,-0.02,1,0,1
-2.15,2.52,0.1,1.71,1,0,1
-2.65,2.64,0.57,2.2,1,0,1
-1.87,1.84,-0.69,1.2,1,0,1
0.46,-0.62,-0.17,-0.34,1,0,1
0.48,-0.52,-1.25,-0.16,1,0,1
0.67,-0.76,-3.53,-1.42,1,0,1
-1.05,1.06,-0.68,0.81,1,0,1
1.93,-2.11,-1.33,-1.44,1,0,1
-2.13,2.37,0.37,1.53,1,0,1
-3.63,3.86,1.11,2.54,1,0,1
-0.26,-1.22,1.35,0.88,2,0,1
-1.16,0.37,-0.9,0.31,2,0,1
3.36,2.11,-3.44,0.03,2,0,1
1.4,-0.74,1.6,0.09,2,0,1
-0.29,-1.57,0.54,1.48,2,0,1
0.29,-0.74,-0.31,0.91,2,0,1
1.35,-0.06,-0.97,0.65,2,0,1
-0.89,0.18,0.56,-0.35,2,0,1
0.01,0.63,-0.23,-0.28,2,0,1
1.29,0.67,-0.62,-0.17,2,0,1
1.21,0.67,1.44,-1.4,2,0,1
1.9,0.74,-2.37,0.63,2,0,1
-0.2,2.19,-3.25,-0.03,2,0,1
1.45,-3.33,0.17,3.39,2,0,1
-1.26,1.09,0.19,-1.22,2,0,1
1.41,0.73,-0.62,-0.63,2,0,1
-1.05,0.91,0.62,-1.32,2,0,1
-1.19,-1.22,-0.69,1.82,2,0,1
-1.0,1.55,-1.15,-0.77,2,0,1
0.49,0.3,-0.26,0.26,2,0,1
-1.13,-0.28,-1.27,0.73,3,0,0
-2.86,-0.21,-1.91,-0.52,3,0,0
-1.02,-0.13,-0.56,0.05,3,0,0
0.01,-0.44,1.33,-0.14,3,0,0
-0.74,1.3,-1.31,-0.82,3,0,0
-0.94,-0.07,-0.5,0.18,3,0,0
-0.03,0.97,-2.1,0.48,3,0,0
1.58,0.47,-0.05,2.2,3,0,0
2.26,1.29,0.97,0.79,3,0,0
1.78,0.05,2.28,-1.18,3,0,0
-1.29,-0.17,0.6,-0.32,3,0,0
0.73,0.71,0.49,0.51,3,0,0
2.68,1.03,0.23,0.8,3,0,0
-2.42,0.67,-0.75,-1.4,3,0,0
-2.56,-1.8,-0.6,0.76,3,0,0
2.35,0.79,1.4,1.1,3,0,0
-0.39,-0.74,-0.22,0.37,3,0,0
-1.26,-1.93,-1.87,1.47,3,0,0
-0.45,-0.28,-0.57,-0.57,3,0,0
-1.52,-3.33,0.38,1.71,3,0,0
0.39,0.73,-0.84,0.04,3,0,0
2.7,2.1,1.27,0.01,3,0,0
2.36,1.33,0.67,0.19,3,0,0
-1.08,0.44,0.43,-1.4,3,0,0
1.53,0.59,0.74,0.87,3,0,0
0.19,1.67,0.96,-1.46,3,0,0
-0.28,-1.14,-1.18,2.21,3,0,0
-1.22,0.84,0.63,-2.3,3,0,0
0.43,1.95,0.45,-1.0,3,0,0
-1.27,0.3,0.57,-0.73,3,0,0
-2.38,-1.01,0.07,-0.51,3,0,0
-0.32,0.87,-0.43,-0.18,3,0,0
-1.47,-2.54,0.12,1.18,3,0,0
-0.64,-1.38,0.37,0.88,3,0,0
-0.49,0.33,-0.88,0.64,3,0,0
1.28,1.0,0.07,-0.18,3,0,0
1.3,2.75,0.53,-1.58,3,0,0
1.44,0.24,1.08,0.8,3,0,0
-0.16,0.16,-1.9,0.11,3,0,0
-0.27,-0.33,-1.08,-0.04,3,0,0
-2.98,-1.69,-1.67,-1.08,3,0,0
0.1,0.63,0.17,0.17,3,0,0
0.49,-0.24,-1.04,0.76,3,0,0
0.59,1.91,-0.64,0.56,3,0,0
-2.44,0.34,0.25,-0.96,3,0,0
0.38,-0.63,0.23,1.1,3,0,0
-0.91,-0.49,0.38,-0.36,3,0,0
1.36,0.61,0.23,0.87,3,0,0
-0.66,-0.72,0.39,0.35,3,0,0
0.14,-0.33,0.13,0.1,3,0,0
0.7,-0.21,0.16,1.08,3,0,0
-0.15,0.1,-1.72,1.15,3,0,0
0.67,0.94,-0.66,-0.65,3,0,0
-2.64,-0.13,-0.95,-1.58,3,0,0
-0.09,1.01,-0.25,-1.67,3,0,0
-0.11,0.9,-2.36,1.19,3,0,0
-2.28,-1.27,-0.87,-0.42,3,0,0
-0.42,0.87,-0.53,-1.06,3,0,0
0.89,0.66,-1.82,1.61,3,0,0
0.94,1.04,-0.72,0.02,3,0,0
-1.08,-0.35,-1.94,0.47,3,0,0
0.88,-0.78,0.46,1.37,3,0,0
-0.66,0.4,-1.7,0.45,3,0,0
-0.71,-0.22,0.14,-0.45,3,0,0
2.21,1.36,1.22,-1.12,3,0,0
0.3,0.29,0.12,0.25,3,0,0
-0.6,0.26,0.39,-0.75,3,0,0
-1.64,-0.49,-1.75,0.16,3,0,0
1.15,1.32,-0.4,-0.19,3,0,0
-0.66,-0.72,-0.59,-0.39,3,0,0
-1.05,0.14,-0.23,-1.46,3,0,0
0.9,0.64,0.09,0.71,3,0,0
-0.66,-0.94,-0.51,0.81,3,0,0
-0.99,-0.4,0.29,0.91,3,0,0
0.2,1.12,0.44,-0.25,3,0,0
0.87,1.2,-0.53,0.24,3,0,0
-0.23,0.0,-0.99,0.28,3,0,0
0.24,2.88,0.58,-1.44,3,0,0
0.85,1.76,0.88,-1.7,3,0,0
-3.71,-0.08,-0.79,-3.06,3,0,0
1.51,0.72,0.94,0.72,3,0,0
0.33,-0.86,1.93,-0.68,3,0,0
-3.13,-0.78,-1.84,-0.62,3,0,0
-0.81,0.46,0.21,-0.6,3,0,0
0.52,-0.2,0.36,1.25,3,0,0
-1.29,-1.01,0.61,-1.96,3,0,0
0.35,1.25,0.92,-0.5,3,0,0
0.45,0.86,1.03,0.06,3,1,1
-2.25,-0.16,-1.09,-0.37,3,0,0
-1.03,-0.11,0.3,-1.07,3,0,0
1.25,0.36,1.47,1.05,3,0,0
-2.21,-2.3,-1.26,1.14,3,0,0
-1.47,-1.05,0.65,0.36,3,0,0
-2.43,-2.36,-0.95,1.11,3,0,0
-0.65,-0.27,-0.79,0.1,3,0,0
0.53,-0.31,0.41,0.9,3,0,0
-1.12,-0.56,-0.51,-0.45,3,0,0
0.66,0.36,0.04,0.93,3,0,0
0.62,2.59,0.13,-1.31,3,0,0
-1.23,-1.57,-0.15,1.23,3,0,0
0.13,2.25,0.66,-1.87,3,0,0
0.15,0.36,0.89,-1.17,3,0,0
1.51,2.63,-0.58,0.38,3,0,0
-2.23,-1.41,-1.56,-0.94,3,0,0
0.92,0.69,0.37,0.5,3,0,0
-1.22,-0.52,0.74,-1.27,3,0,0
-0.56,0.03,0.06,0.23,3,0,0
-0.51,-0.72,0.74,-0.03,3,0,0
-0.06,1.96,0.23,-2.52,3,0,0
0.8,1.64,-0.54,-0.29,3,0,0
-2.05,-1.1,-1.06,-1.12,3,0,0
1.67,3.08,2.11,-2.18,3,0,0
-1.03,-1.36,1.44,-0.67,3,0,0
-2.44,-1.56,-2.51,0.58,3,0,0
-0.46,0.12,-1.33,0.91,3,0,0
-1.02,-0.7,-1.55,0.61,3,0,0
-0.05,2.08,-0.11,-1.62,3,0,0
0.91,0.38,-1.04,0.12,3,0,0
-2.41,-2.82,-0.82,2.25,3,0,0
-0.41,0.37,-0.84,-0.98,3,0,0
-1.09,0.12,-1.05,-0.56,3,0,0
0.8,-0.71,0.34,1.04,3,0,0
-1.93,-1.69,-0.59,-0.02,3,0,0
-1.52,1.2,-2.74,-0.65,3,0,0
1.18,0.44,1.39,-0.06,3,0,0
2.32,3.97,0.31,-0.61,3,0,0
-1.01,1.14,-0.16,-1.2,3,0,0
1.17,2.73,0.3,-1.25,3,0,0
0.07,0.15,-2.65,-0.3,3,0,0
-0.45,1.08,-0.5,-0.52,3,0,0
-1.17,-0.93,-1.94,1.75,3,0,0
-0.47,-1.48,-0.89,1.73,3,0,0
0.53,0.09,-0.5,-0.34,3,0,0
0.94,0.38,-1.54,0.94,3,0,0
1.47,-1.22,0.31,2.55,3,0,0
0.85,0.67,0.39,0.86,3,0,0
0.62,0.24,0.42,0.88,3,0,0
-1.05,-1.57,-1.27,2.95,3,0,0
3.0,1.26,-0.13,2.12,3,0,0
-0.41,-0.86,0.02,0.85,3,0,0
-0.44,-0.11,0.02,0.79,3,0,0
-2.22,-1.41,0.57,-0.91,3,0,0
-0.97,-0.56,-1.38,0.84,3,0,0
-1.0,0.63,-0.64,-0.59,3,0,0
-0.49,-0.61,-0.73,0.19,3,0,0
1.34,1.24,1.18,0.54,3,0,0
-1.25,0.67,-2.83,-0.71,3,0,0
1.58,1.15,-1.13,1.61,3,0,0
-0.51,-0.86,0.73,-0.98,3,0,0
-0.81,-0.72,-1.39,0.45,3,0,0
-0.89,0.28,-1.38,-0.32,3,0,0
-0.61,1.19,0.3,-1.51,3,0,0
0.08,-1.61,-0.69,1.19,3,0,0
0.09,1.37,0.24,-0.91,3,0,0
0.61,-0.53,2.07,-0.68,3,0,0
1.49,-0.32,2.23,0.4,3,0,0
-0.57,-0.38,0.4,0.19,3,0,0
-0.39,-1.2,0.26,-0.26,3,0,0
0.08,-0.92,-1.1,1.84,3,0,0
0.04,0.2,-0.72,0.48,3,0,0
-0.05,1.32,1.23,-3.01,3,0,0
-1.24,-0.95,0.4,-0.33,3,0,0
-2.6,-0.75,-0.94,-0.55,3,0,0
-0.11,0.66,-0.5,-1.26,3,0,0
0.3,-0.46,-1.29,2.36,3,0,0
-2.11,-1.42,-0.89,-1.73,3,0,0
0.76,-0.3,-0.23,1.2,3,0,0
0.07,-0.14,0.13,-0.98,3,0,0
-0.31,0.36,-0.21,-0.99,3,0,0
-1.71,-0.09,-1.49,-0.7,3,0,0
-0.15,-0.1,-0.86,0.52,3,0,0
-1.02,-0.7,-2.06,1.54,3,0,0
0.78,1.69,-1.48,-0.9,3,0,0
-0.94,0.61,-2.07,0.37,3,0,0
-0.23,-0.97,0.16,0.03,3,0,0
-0.5,-0.09,-1.54,-0.33,3,0,0
-1.39,0.42,-0.67,-0.47,3,0,0
-1.04,-0.16,-2.27,0.67,3,0,0
-1.68,0.0,-0.63,-0.7,3,0,0
0.57,1.07,0.35,0.63,3,0,0
-0.36,-0.38,-1.35,1.4,3,0,0
-0.84,-2.43,-0.65,2.54,3,0,0
1.93,2.11,-0.31,0.28,3,0,0
1.24,2.93,0.03,-1.18,3,0,0
-0.9,-0.7,-0.5,-0.11,3,0,0
0.63,0.98,0.52,-0.68,3,0,0
-1.56,0.18,-0.54,-0.15,3,0,0
-0.3,-0.67,2.52,-1.6,3,0,0
1.87,0.33,1.75,-0.65,3,0,0
-0.37,0.48,-0.63,0.41,3,0,0
0.82,1.03,-0.49,0.72,3,0,0
-0.03,0.53,-0.18,-0.81,3,0,0
-2.41,-2.4,0.41,0.48,3,0,0
0.51,0.44,0.47,-0.03,3,0,0
2.06,0.39,1.88,-0.22,3,0,0
-0.06,-0.88,0.32,0.57,3,0,0
-0.79,0.59,-0.37,-0.55,3,0,0
-1.16,-0.43,-0.49,-0.1,3,0,0
-0.81,1.92,0.26,-2.4,3,0,0
1.33,0.14,1.13,0.48,3,0,0
-0.26,-1.23,0.43,0.27,3,0,0
-0.66,-0.13,0.05,-0.48,3,0,0
-2.03,-0.49,-0.96,-1.16,3,0,0
-0.24,1.27,-1.0,-1.48,3,0,0
0.32,0.91,1.22,-0.58,3,0,0
1.99,1.35,1.08,0.22,3,0,0
-1.56,-0.63,-0.99,0.82,3,0,0
0.87,1.66,-0.97,0.54,3,0,0
0.1,0.17,-0.42,-0.27,3,0,0
-0.22,1.5,-1.79,-0.69,3,0,0
0.51,-0.18,1.15,0.98,3,0,0
-2.87,-0.34,-1.51,0.71,3,0,0
-2.45,-1.25,-0.13,-0.54,3,0,0
-1.52,1.17,-0.95,-1.46,3,0,0
0.72,0.45,-0.74,0.8,3,0,0
0.13,0.77,0.04,-0.26,3,0,0
1.71,2.13,-0.62,0.63,3,0,0
2.07,1.71,1.04,-0.29,3,0,0
-1.46,-1.27,0.31,-0.43,3,0,0
0.51,0.69,0.81,-1.14,3,0,0
-1.53,-1.17,-2.09,1.33,3,0,0
-0.41,-0.19,0.64,-0.8,3,0,0
-1.02,1.75,-0.7,-1.57,3,0,0
-0.23,0.26,-0.47,-0.03,3,0,0
-0.61,-1.09,-0.83,0.63,3,0,0
1.13,1.31,-0.27,0.37,3,0,0
0.41,1.89,1.14,-1.99,3,0,0
-0.98,-0.46,-1.18,0.28,3,0,0
-2.94,-1.13,-3.47,0.28,3,0,0
-0.35,0.75,-0.25,-1.32,3,0,0
1.0,0.15,0.1,0.84,3,0,0
-1.2,1.07,-0.51,-1.4,3,0,0
1.18,0.11,0.49,0.24,3,0,0
0.22,0.05,0.12,0.99,3,0,0
0.09,0.03,-0.2,-0.75,3,0,0
1.35,2.5,-1.09,-0.05,3,0,0
-1.35,-0.71,-0.75,-0.64,3,0,0
-0.07,0.84,-1.15,-1.9,3,0,0
-2.89,-2.0,-1.65,0.2,3,0,0
-0.75,-0.76,-0.28,0.64,3,0,0
-0.52,-0.04,-1.17,-0.73,3,0,0
0.36,-0.89,1.38,1.35,3,0,0
0.78,-0.78,0.37,0.79,3,0,0
-1.53,-1.93,-1.1,1.56,3,0,0
0.44,0.95,-0.84,-0.1,3,0,0
-0.74,-0.09,-2.38,1.17,3,0,0
0.13,-0.56,-2.08,2.14,3,0,0
0.8,0.23,0.62,-0.36,3,0,0
0.14,-0.39,0.2,-0.14,3,0,0
-0.35,-1.94,-0.25,2.34,3,0,0
0.04,-1.46,-0.94,1.89,3,0,0
0.7,1.39,1.07,0.58,3,0,0
-2.31,-2.29,-1.68,0.67,3,0,0
-2.8,-3.18,0.19,0.87,3,0,0
-1.93,0.37,-0.88,-0.76,3,0,0
-0.03,-1.08,-0.64,1.23,3,0,0
0.66,2.3,-1.23,-0.56,3,0,0
1.51,3.05,1.28,-0.88,3,0,0
-0.14,0.47,-0.9,0.03,3,0,0
-1.14,-1.45,-0.18,0.79,3,0,0
-0.04,0.38,0.16,-1.79,3,0,0
1.38,-0.08,0.7,1.46,3,0,0
-0.31,0.49,-0.16,0.61,3,0,0
-2.04,-1.93,-1.37,1.56,3,0,0
-0.22,0.67,-1.32,0.79,3,0,0
2.02,1.11,0.23,0.75,3,0,0
1.01,0.57,-0.2,0.34,3,0,0
-0.41,-0.36,0.76,0.52,3,0,0
0.52,1.88,-1.46,-0.11,3,0,0
2.16,1.26,1.18,1.03,3,0,0
1.23,2.36,0.7,-1.32,3,0,0
0.13,0.45,1.34,-1.29,3,0,0
-1.43,-0.61,-1.33,0.62,3,0,0
-0.75,0.89,-1.28,-1.11,3,0,0
1.27,-0.15,-1.61,2.45,3,0,0
-1.34,1.32,0.83,-1.14,3,0,0
2.23,1.38,1.64,-0.84,3,0,0
-2.51,-1.98,-2.46,0.68,3,0,0
0.14,-1.5,0.62,1.33,3,0,0
0.05,0.47,0.38,-1.41,3,0,0
-0.12,0.18,-0.97,-0.13,3,0,0
-0.19,1.14,-0.16,-1.08,3,0,0
-0.26,-0.6,-0.76,0.54,3,0,0
-0.36,-0.64,-0.51,1.6,3,0,0
-0.75,2.13,-0.7,-0.85,3,0,0
0.04,1.0,-0.42,-0.23,3,0,0
2.04,1.22,0.86,0.19,3,0,0
-0.31,2.15,-0.23,-1.8,3,0,0
0.24,1.21,-1.02,-0.74,3,0,0
0.23,1.94,0.51,-2.78,3,0,0
1.47,-0.13,1.85,-0.3,3,0,0
2.45,-0.29,0.36,1.36,3,0,0
-2.24,-0.45,-0.5,-0.17,3,0,0
-1.03,0.93,-1.3,-0.34,3,0,0
-0.9,1.12,0.2,-2.94,3,0,0
1.17,2.29,0.81,-0.92,3,0,0
0.09,0.99,0.67,0.12,3,0,0
0.97,0.04,1.35,-0.45,3,0,0
-0.17,-1.12,0.6,-0.59,3,0,0
1.45,1.4,1.21,0.82,3,0,0
0.91,0.99,-0.32,-0.25,3,0,0
0.92,-0.27,0.67,1.21,3,0,0
0.42,0.28,-0.53,0.92,3,0,0
-1.0,-0.7,0.42,-1.57,3,0,0
1.1,2.06,-0.47,-1.0,3,0,0
1.21,0.51,0.07,1.52,3,0,0
1.66,2.04,0.49,-0.19,3,0,0
-0.17,-2.05,-0.09,1.76,3,0,0
-1.63,-1.49,-1.05,0.76,3,0,0
0.04,0.31,0.69,-0.64,3,0,0
0.88,0.19,-0.33,0.3,3,0,0
1.23,0.7,0.41,1.34,3,0,0
1.87,0.08,0.78,0.44,3,0,0
0.6,1.62,1.28,-1.48,3,0,0
2.63,0.66,0.07,1.68,3,0,0
1.37,0.78,-0.72,1.02,3,0,0
0.99,0.49,1.58,-0.19,3,0,0
-0.96,-1.16,-1.21,1.56,3,0,0
0.0,2.22,-1.24,-1.61,3,0,0
-0.03,0.31,-0.06,-0.99,3,0,0
-1.21,-1.53,0.32,-0.3,3,0,0
0.02,1.35,1.04,-0.97,3,0,0
-1.47,0.1,-0.36,-1.94,3,0,0
-1.28,0.36,-0.39,-0.14,3,0,0
0.64,0.09,2.28,-1.3,3,0,0
-0.82,-1.82,-1.36,1.95,3,0,0
0.9,2.61,0.02,-0.07,3,0,0
0.93,1.15,0.51,-0.81,3,0,0
2.22,1.68,1.17,-1.16,3,0,0
-0.31,-0.37,-0.9,1.99,3,0,0
-0.58,0.72,-0.73,0.7,3,0,0
-0.4,-1.71,0.94,0.53,3,0,0
-1.17,-1.0,0.46,-0.2,3,0,0
1.34,1.03,1.24,-0.07,3,0,0
1.4,0.32,-0.62,1.27,3,0,0
-1.92,-0.02,-0.37,-1.1,3,0,0
0.89,-0.15,-0.25,0.41,3,0,0
-0.59,-0.15,-0.28,0.46,3,0,0
1.31,0.06,0.27,0.76,3,0,0
-1.06,0.03,-0.54,-0.11,3,0,0
1.03,0.15,0.63,0.68,3,0,0
-0.02,0.05,-1.49,0.95,3,0,0
1.06,1.44,0.5,0.0,3,0,0
0.01,1.54,0.83,-1.46,3,0,0
-0.63,-1.0,0.42,1.19,3,0,0
-0.54,-0.39,0.74,-0.7,3,0,0
1.1,0.14,-1.42,1.88,3,0,0
-0.01,0.42,-0.49,-0.02,3,0,0
-0.02,-2.09,-0.25,1.7,3,0,0
-0.53,1.32,-1.79,-1.04,3,0,0
1.88,0.84,2.17,-0.81,3,0,0
-0.82,-0.22,-0.08,-0.03,3,0,0
-0.08,0.39,1.55,-0.62,3,0,0
0.01,2.46,-1.63,-0.18,3,0,0
-1.36,1.93,-0.43,-1.76,3,0,0
-0.77,1.61,-0.5,-0.9,3,0,0
2.76,2.07,1.28,0.19,3,0,0
0.6,1.33,0.2,-1.56,3,0,0
-0.04,-1.0,0.55,-0.29,3,0,0
0.67,1.07,0.0,0.66,3,0,0
-0.2,-0.18,-0.53,1.08,3,0,0
2.05,0.9,-0.33,0.99,3,0,0
-0.07,2.8,0.4,-1.41,3,0,0
0.57,-0.06,-1.13,0.1,3,0,0
0.94,0.86,-0.24,0.73,3,0,0
0.74,-0.49,1.23,1.78,3,0,0
-1.06,-1.26,1.87,0.1,3,0,0
0.49,-0.44,-0.02,1.17,3,0,0
-1.28,1.12,-0.76,-1.01,3,0,0
0.55,0.77,0.47,-0.34,3,0,0
2.16,1.8,2.0,-1.59,3,0,0
-1.06,-1.42,-0.95,0.6,3,0,0
-2.84,-0.12,-1.27,-1.34,3,0,0
1.33,1.19,1.32,-0.31,3,0,0
-1.71,-2.02,0.25,-0.86,3,0,0
-0.29,-1.03,-0.56,1.19,3,0,0
-0.86,-1.03,-0.46,0.53,3,0,0
1.72,-0.72,0.07,2.75,3,0,0
-1.58,-0.12,-1.79,-0.42,3,0,0
0.87,0.6,0.89,-0.15,3,0,0
-1.81,0.66,-1.28,-1.17,3,0,0
-2.44,-1.93,-0.62,-0.27,3,0,0
-0.41,1.27,-0.48,-1.54,3,0,0
-2.16,-0.99,-1.01,-0.55,3,0,0
-1.14,-1.26,1.27,-1.2,3,0,0
-0.68,-0.01,-1.29,0.53,3,0,0
0.22,1.22,1.27,-2.23,3,0,0
-0.91,1.06,-2.03,-1.63,3,0,0
-0.99,-0.38,-2.21,0.68,3,0,0
-0.34,-1.21,0.75,0.23,3,0,0
-0.57,-1.07,-1.01,0.26,3,0,0
0.99,1.3,0.3,-0.84,3,0,0
-0.91,0.47,-1.09,-0.39,3,0,0
-1.4,-0.79,-0.05,1.64,3,0,0
0.6,1.71,1.56,-1.44,3,0,0
-0.86,0.61,0.38,-2.61,3,0,0
-1.15,-1.15,-1.22,0.19,3,0,0
3.28,1.54,0.05,0.21,3,0,0
0.0,0.55,0.17,-0.79,3,0,0
-0.01,1.55,-1.39,-0.96,3,0,0
-0.76,0.01,-0.67,-0.13,3,0,0
-2.22,-0.33,-1.3,-0.8,3,0,0
-0.94,-1.41,-0.97,1.53,3,0,0
-0.7,-0.65,0.62,0.1,3,0,0
-0.42,-0.64,-2.6,2.41,3,0,0
0.5,0.4,1.15,0.46,3,0,0
0.21,0.6,0.65,0.22,3,0,0
1.27,1.18,1.36,0.2,3,0,0
1.28,1.26,0.0,-1.25,3,0,0
-0.26,0.0,0.07,1.27,3,0,0
0.35,-1.33,1.12,0.16,3,0,0
-0.15,0.7,-0.28,-0.41,3,0,0
1.64,0.91,0.47,1.44,3,0,0
1.51,-0.24,-0.07,0.8,3,0,0
-0.12,0.89,-0.76,0.87,3,0,0
0.53,-0.37,-1.61,2.25,3,0,0
-1.72,-1.74,-0.11,0.47,3,0,0
-1.28,-0.87,-0.07,0.26,3,0,0
-0.31,-0.42,0.49,0.58,3,0,0
-0.85,-0.22,-0.54,-0.17,3,0,0
1.23,2.65,0.9,-1.4,3,0,0
-0.85,-1.19,-0.44,1.15,3,0,0
1.19,1.6,-1.03,-0.33,3,0,0
-0.74,-0.18,-1.13,0.33,3,0,0
-0.35,1.04,-0.85,0.54,3,0,0
-0.37,1.55,-0.92,-0.87,3,0,0
0.15,1.17,1.47,-1.07,3,0,0
1.27,0.68,-0.83,0.81,3,0,0
-2.15,-1.83,-0.88,0.16,3,0,0
0.57,0.97,-0.31,1.52,3,0,0
-0.52,0.84,-0.9,-0.15,3,0,0
-1.15,1.52,-1.73,-1.12,3,0,0
1.31,2.09,-0.79,-0.12,3,0,0
-0.07,-0.22,-0.8,1.04,3,0,0
-1.0,-0.71,-0.22,-0.31,3,0,0
2.61,2.08,1.3,-0.26,3,0,0
-0.88,-0.03,0.02,0.25,3,0,0
0.7,0.75,-0.21,0.57,3,0,0
-0.54,2.82,-0.02,-1.23,3,0,0
-0.13,-0.64,1.04,-0.14,3,0,0
-1.6,1.23,-1.27,-0.63,3,0,0
0.37,1.3,-0.68,0.53,3,0,0
1.41,3.0,-0.23,-1.22,3,0,0
-0.16,0.69,1.61,-1.42,3,0,0
-0.39,-0.03,-0.75,0.01,3,0,0
0.14,0.58,-0.98,0.48,3,0,0
-1.48,-2.67,-1.2,1.93,3,0,0
-0.89,-0.25,-1.7,0.14,3,0,0
-0.62,-1.3,-0.3,0.87,3,0,0
-0.83,1.14,-1.03,-0.56,3,0,0
0.21,1.78,1.87,-1.9,3,0,0
0.69,0.66,-0.66,0.05,3,0,0
0.42,1.27,0.55,-1.57,3,0,0
-0.68,2.41,-0.88,-1.83,3,0,0
-1.34,0.23,-0.59,-0.39,3,0,0
0.46,0.02,0.2,-0.05,3,0,0
0.86,-0.77,1.27,1.55,3,0,0
0.92,0.12,3.09,-1.37,3,0,0
-0.48,0.57,-0.59,0.2,3,0,0
-2.07,0.05,-2.75,0.47,3,0,0
-0.9,-1.76,-0.34,0.86,3,0,0
1.7,2.88,-0.02,-0.57,3,0,0
-1.75,-1.69,-0.13,-0.4,3,0,0
1.54,1.76,1.03,-0.51,3,0,0
-0.02,1.0,-0.85,-0.14,3,0,0
0.52,1.0,-1.04,-0.14,3,0,0
-0.78,0.88,-1.13,-0.27,3,0,0
-0.03,-0.31,-1.47,1.18,3,0,0
-1.23,-0.14,0.05,-1.36,3,0,0
1.1,0.91,-1.68,0.15,3,0,0
-2.23,-1.4,-2.06,-0.64,3,0,0
-0.4,0.23,-1.52,-0.12,3,0,0
-0.81,-1.39,-0.96,0.93,3,0,0
-0.4,1.43,0.58,-2.37,3,0,0
0.34,1.15,0.21,-0.63,3,0,0
-0.08,2.0,-0.18,-2.19,3,0,0
-0.52,-0.17,-2.06,-0.56,3,0,0
1.15,1.38,-0.67,-0.1,3,0,0
-0.19,-0.9,0.39,1.1,3,0,0
-0.68,-1.27,-0.18,-0.02,3,0,0
-1.81,-1.24,-1.26,0.89,3,0,0
1.45,1.08,2.72,-0.7,3,0,0
0.99,2.32,3.58,-2.9,3,0,0
1.39,0.91,-2.49,1.76,3,0,0
-0.76,-2.89,0.91,0.69,3,0,0
-1.78,-2.02,-0.41,1.15,3,0,0
0.46,-0.68,-0.67,1.63,3,0,0
-2.43,-0.19,-2.23,0.4,3,0,0
0.35,-0.95,0.34,1.02,3,0,0
-0.49,-1.47,-0.56,1.66,3,0,0
0.74,1.27,-0.89,-0.56,3,0,0
2.96,1.41,0.63,0.52,3,0,0
2.06,0.99,1.57,0.26,3,0,0
0.75,1.4,0.33,0.37,3,0,0
-2.34,-2.84,-0.59,-0.91,3,0,0
-1.9,-1.84,-0.06,-0.39,3,0,0
-0.81,-1.4,-1.83,0.69,3,0,0
-1.72,-1.12,-1.5,1.38,3,0,0
-1.31,0.36,-1.7,-0.4,3,0,0
1.27,2.08,0.51,-0.42,3,0,0
1.15,0.37,0.99,0.35,3,0,0
0.34,0.51,-0.57,-0.99,3,0,0
0.57,0.53,-0.71,0.05,3,0,0
0.85,-0.03,1.71,1.59,3,0,0
0.46,-0.07,0.42,0.29,3,0,0
-1.34,-0.95,0.56,1.03,3,0,0
0.16,0.46,-3.23,1.21,3,0,0
0.19,0.33,0.7,0.72,3,0,0
-0.46,-0.68,-0.15,0.31,3,0,0
-0.89,1.31,0.14,-2.58,3,0,0
-0.98,-0.68,-0.2,1.89,3,0,0
0.99,0.45,0.41,2.05,3,0,0
0.21,-0.47,0.67,-0.2,3,0,0
0.11,0.83,0.06,-0.22,3,0,0
-0.21,-0.35,-0.36,1.08,3,0,0
-1.47,0.92,-0.37,-0.81,3,0,0
-1.53,-1.13,-1.64,-0.23,3,0,0
-1.25,0.49,-0.26,-2.38,3,0,0
0.14,0.02,-1.05,0.28,3,0,0
0.1,-0.62,2.11,0.37,3,0,0
-2.31,-2.79,-0.0,0.32,3,0,0
1.22,-0.28,2.3,0.94,3,0,0
-1.68,0.19,0.74,-1.11,3,0,0
-3.1,-0.63,-3.71,-1.05,3,0,0
-1.47,-0.59,-0.9,0.34,3,0,0
0.01,0.1,-0.7,0.61,3,0,0
-0.94,-0.94,1.06,-0.73,3,0,0
-1.19,1.1,-1.77,-0.69,3,0,0
2.36,0.68,3.06,-0.15,3,0,0
-0.18,0.57,-0.21,-1.14,3,0,0
0.01,1.32,0.49,-1.39,3,0,0
1.22,1.38,-0.02,0.66,3,0,0
0.77,0.35,0.41,2.04,3,0,0
0.74,-0.01,-0.55,0.94,3,0,0
-1.98,-0.25,-0.46,-1.66,3,0,0
-0.27,-1.35,0.32,-0.36,3,0,0
-0.96,0.71,-1.41,0.14,3,0,0
-1.36,0.63,-0.97,-1.7,3,0,0
-2.19,-3.39,-2.34,2.89,3,0,0
0.7,1.12,0.03,-0.98,3,0,0
1.18,1.56,-0.48,-0.05,3,0,0
-0.94,1.1,-0.67,-1.37,3,0,0
-1.31,-0.89,-1.2,1.0,3,0,0
-0.15,-0.32,-0.71,0.14,3,0,0
-0.42,-0.4,1.43,-1.04,3,0,0
-0.66,-0.86,-0.37,0.71,3,0,0
-1.03,0.38,-0.47,-2.43,3,0,0
-0.91,1.57,-1.7,-0.59,3,0,0
0.54,1.31,-1.51,0.6,3,0,0
-0.06,-0.28,0.54,0.59,3,0,0
1.13,1.18,-0.98,1.02,3,0,0
0.72,-0.04,1.27,0.04,3,0,0
0.27,1.01,-0.83,-0.24,3,0,0
-1.63,-1.14,0.33,-0.46,3,0,0
0.79,1.76,-0.52,-0.37,3,0,0
-2.34,-1.71,-0.57,0.49,3,0,0
0.14,-1.13,-0.53,1.64,3,0,0
-0.9,0.69,-0.93,-0.62,3,0,0
0.42,1.06,-0.76,0.51,3,0,0
-1.5,-1.16,-0.72,0.72,3,0,0
-0.51,0.34,-0.57,-0.91,3,0,0
2.18,0.39,2.06,-0.42,3,0,0
1.76,2.5,-1.41,-0.39,3,0,0
-0.99,1.1,-0.12,-0.96,3,0,0
1.43,0.49,-0.52,2.8,3,0,0
0.65,-1.1,0.26,1.16,3,0,0
1.09,1.83,1.53,-1.15,3,0,0
0.15,0.36,0.53,-0.66,3,0,0
0.03,0.48,0.46,-0.24,3,0,0
0.57,0.91,-1.31,-0.27,3,0,0
-1.22,-0.72,1.19,-0.4,3,0,0
0.05,-0.93,-1.23,1.09,3,0,0
0.46,-0.29,-0.07,-0.13,3,0,0
-1.44,-1.17,-1.19,-0.01,3,0,0
0.16,1.17,-1.43,-0.26,3,0,0
0.07,0.07,0.34,-0.77,3,0,0
0.62,1.08,0.99,-1.35,3,0,0
1.36,1.47,-0.6,1.0,3,0,0
-0.67,-0.45,-2.2,0.87,3,0,0
0.57,2.68,1.84,-2.36,3,0,0
-1.58,-0.82,-0.6,-0.51,3,0,0
0.16,0.79,-0.87,-0.89,3,0,0
1.05,0.62,1.67,-0.6,3,0,0
0.25,-0.75,-0.13,2.21,3,0,0
-1.5,1.5,-1.05,-1.76,3,0,0
-1.07,0.47,-0.65,-1.2,3,0,0
-1.52,-2.62,0.13,-0.04,3,0,0
1.06,1.13,0.4,0.14,3,0,0
0.31,0.23,-0.84,0.98,3,0,0
1.36,1.05,-0.44,0.56,3,0,0
1.34,1.5,1.02,-0.8,3,0,0
-1.53,2.05,-0.62,-1.32,3,0,0
0.13,2.08,0.15,-1.82,3,0,0
0.81,1.46,-0.06,0.05,3,0,0
-1.09,0.57,-1.21,-1.71,3,0,0
-0.45,0.24,-1.01,-0.45,3,0,0
-1.38,-1.69,1.02,-0.17,3,0,0
-1.35,-0.64,-1.74,0.64,3,0,0
-0.42,-0.77,-0.64,1.16,3,0,0
-0.68,-0.02,-1.89,0.5,3,0,0
-0.81,-0.07,-1.7,2.22,3,0,0
1.06,1.21,1.87,0.03,3,0,0
-0.0,1.03,-0.34,-1.17,3,0,0
-0.62,1.58,-1.14,-0.82,3,0,0
-2.6,-1.76,-1.12,0.34,3,0,0
-0.83,1.37,-1.66,-1.93,3,0,0
1.2,-0.17,1.73,0.6,3,0,0
0.08,1.43,-0.93,-0.74,3,0,0
-1.05,-0.41,-0.16,-0.58,3,0,0
0.53,-1.41,-1.82,3.68,3,0,0
0.05,1.31,-0.15,-0.82,3,0,0
-0.19,-0.24,-0.03,-0.04,3,0,0
0.81,0.85,-0.65,0.93,3,0,0
1.19,0.54,0.31,0.45,3,0,0
0.85,1.73,0.22,-1.18,3,0,0
0.89,-1.1,0.78,0.85,3,0,0
-1.15,-0.19,2.26,-1.43,3,0,0
-0.01,1.44,-0.52,-0.7,3,0,0
-0.86,0.28,-0.87,0.98,3,0,0
-0.91,0.0,-3.02,1.18,3,0,0
0.86,0.28,1.19,-0.6,3,0,0
0.9,2.19,1.2,0.67,3,0,0
-0.29,1.99,-0.79,-1.47,3,0,0
-1.48,-1.42,-0.89,2.05,3,0,0
0.26,1.09,-1.59,1.31,3,0,0
1.14,0.4,1.44,0.9,3,0,0
1.34,1.85,0.98,-1.7,3,0,0
-0.61,0.03,-0.28,-0.02,3,0,0
-0.85,-1.28,-0.1,0.55,3,0,0
-2.13,-1.51,-1.27,0.66,3,0,0
1.54,0.34,1.22,1.36,3,0,0
-0.43,1.27,-0.72,0.67,3,0,0
0.24,1.77,-2.02,0.08,3,0,0
1.37,0.29,1.16,2.36,3,0,0
-2.3,-0.72,-0.92,-0.36,3,0,0
1.11,1.51,-1.1,-0.15,3,0,0
0.39,-0.04,-0.41,0.84,3,0,0
0.89,-0.18,-2.52,1.91,3,0,0
0.22,-0.39,2.31,0.81,3,0,0
0.85,1.86,1.04,-0.26,3,0,0
0.42,2.97,-0.66,-1.35,3,0,0
1.4,0.6,1.04,1.01,3,0,0
-0.7,-0.98,0.04,0.85,3,0,0
0.38,-0.65,-1.37,1.58,3,0,0
-0.52,0.17,-0.18,0.57,3,0,0
0.28,0.84,-1.48,0.52,3,0,0
1.63,0.73,0.53,-0.47,3,0,0
-2.92,-1.44,-1.22,-0.25,3,0,0
-0.06,0.97,1.16,-1.56,3,0,0
0.08,-1.08,2.47,-0.72,3,0,0
-1.81,-1.25,0.27,1.69,3,0,0
-0.52,2.22,-1.75,-1.48,3,0,0
1.77,-0.57,1.18,1.26,3,0,0
-1.53,0.43,-0.64,-0.34,3,0,0
0.48,0.36,1.13,0.03,3,0,0
0.59,0.76,-0.77,0.05,3,0,0
0.77,0.65,2.17,-1.25,3,0,0
-0.54,0.05,-1.03,-2.39,3,0,0
-1.45,-0.71,0.53,-0.57,3,0,0
-0.18,0.18,-0.53,-0.22,3,0,0
0.24,0.71,0.96,-1.28,3,0,0
1.6,3.89,0.04,-3.03,3,0,0
-0.08,0.9,0.86,-1.19,3,0,0
2.43,-0.75,0.47,2.81,3,0,0
-1.44,-1.44,-2.06,0.69,3,0,0
-1.22,-0.54,1.04,-0.06,3,0,0
1.82,0.63,0.49,1.12,3,0,0
-0.03,0.24,-0.0,0.63,3,0,0
-0.97,-1.47,-0.28,0.27,3,0,0
0.33,-0.05,0.09,-0.39,3,0,0
-0.18,2.6,-0.83,-2.92,3,0,0
0.82,0.36,1.82,-0.78,3,0,0
-0.54,0.33,-0.54,0.85,3,0,0
-2.47,-0.25,-3.28,-0.49,3,0,0
0.53,1.11,1.2,-1.01,3,0,0
-1.81,-1.25,-1.42,0.69,3,0,0
-0.49,-1.17,-1.44,2.25,3,0,0
-1.2,-1.04,0.05,1.16,3,0,0
0.88,2.02,-0.52,0.45,3,1,1
-0.99,-1.25,0.4,1.4,3,0,0
-0.43,0.39,0.59,-0.82,3,0,0
-1.21,-1.21,-1.73,1.34,3,0,0
-1.4,-0.47,-0.67,-0.06,3,0,0
-0.23,2.41,0.33,-2.49,3,0,0
-0.7,-0.06,-1.26,-1.1,3,0,0
-0.08,3.09,-1.36,-1.65,3,0,0
-2.11,0.13,-1.49,-1.43,3,0,0
0.62,0.44,-1.03,0.94,3,0,0
-1.93,-0.41,-1.71,0.7,3,0,0
-1.83,-0.39,-1.37,-0.47,3,0,0
-0.69,-1.13,1.49,-0.63,3,0,0
-2.25,-1.17,-1.21,0.25,3,0,0
-1.25,0.27,-0.84,-1.1,3,0,0
-0.51,1.25,-3.11,-0.51,3,0,0
-1.59,-2.8,-0.8,1.37,3,0,0
1.16,-0.49,1.08,0.31,3,0,0
0.66,-0.01,-0.19,-0.47,3,0,0
0.03,0.85,-0.53,-0.02,3,0,0
-0.78,1.57,-1.46,-1.03,3,0,0
-1.64,-0.53,-1.17,0.93,3,0,0
-0.76,-0.16,0.54,0.31,3,0,0
0.32,0.09,0.27,1.21,3,0,0
-0.48,0.15,-0.11,0.22,3,0,0
-1.64,-0.75,-1.49,0.49,3,0,0
-1.35,1.02,-1.66,-1.25,3,0,0
-1.5,-0.57,-1.48,-0.82,3,0,0
-1.14,-0.94,0.95,-1.2,3,0,0
-1.24,-0.21,-0.43,-1.09,3,0,0
-1.68,-0.54,0.28,0.26,3,0,0
-2.15,-0.13,0.99,-1.06,3,0,0
-0.22,0.14,-1.46,0.65,3,0,0
1.39,2.6,-0.47,-0.38,3,0,0
-4.04,-1.27,-2.24,-1.18,3,0,0
0.64,-0.08,-1.67,1.0,3,0,0
-0.75,-1.06,-0.34,-0.03,3,0,0
-0.0,0.17,0.16,1.08,3,0,0
-1.08,-0.69,-0.67,0.48,3,0,0
-0.75,0.71,-1.59,-0.98,3,0,0
-0.23,0.23,-0.4,-0.13,3,0,0
0.6,-0.35,0.09,0.22,3,0,0
1.19,-1.32,0.82,2.34,3,0,0
-0.17,-0.46,0.85,0.52,3,0,0
-1.43,0.15,0.69,-0.76,3,0,0
-1.5,-1.31,0.3,-0.06,3,0,0
-1.47,-0.84,-1.99,1.11,3,0,0
2.2,1.29,-1.01,2.29,3,0,0
0.41,1.2,-0.29,-0.56,3,0,0
-2.09,0.26,-1.29,-1.33,3,0,0
0.8,0.14,-0.4,0.42,3,0,0
-0.18,-0.97,1.66,0.39,3,0,0
0.32,1.07,-0.19,-0.54,3,0,0
-0.14,-1.01,-2.5,1.62,3,0,0
0.37,-0.1,-1.53,1.57,3,0,0
-0.8,-0.87,0.51,0.78,3,0,0
-1.21,-0.7,-1.09,1.32,3,0,0
-0.24,-0.02,-0.68,2.03,3,0,0
1.12,1.35,0.24,-1.12,3,0,0
1.85,0.47,-0.51,2.09,3,0,0
-0.14,-0.1,0.83,-0.03,3,0,0
0.67,0.9,-1.86,-0.18,3,0,0
0.14,-1.11,0.52,1.56,3,0,0
-0.3,0.11,0.94,-0.43,3,0,0
-1.76,-1.73,1.3,-0.6,3,0,0
-0.63,-0.88,0.33,1.23,3,0,0
-0.35,0.5,-0.09,-0.85,3,0,0
0.56,1.29,-0.47,-0.92,3,0,0
-0.43,-1.05,0.87,1.1,3,0,0
0.15,1.36,0.32,-1.21,3,0,0
0.25,0.85,-0.36,1.43,3,0,0
-0.81,-0.27,0.33,-1.26,3,0,0
0.48,-0.53,-0.31,1.45,3,0,0
-0.2,0.36,-0.02,0.92,3,0,0
0.67,-0.44,0.45,0.06,3,0,0
-0.95,-0.65,-0.57,0.8,3,0,0
-0.27,0.4,-0.01,0.65,3,0,0
0.69,0.31,-0.09,1.22,3,0,0
0.82,0.46,0.08,-0.26,3,0,0
-1.0,1.19,-0.5,-1.03,3,0,0
0.54,0.37,-0.21,0.81,3,0,0
2.46,1.2,0.69,1.17,3,0,0
-0.34,0.23,-0.6,1.49,3,0,0
1.36,1.63,0.28,-0.02,3,0,0
-1.08,-0.92,2.66,-1.56,3,0,0
0.58,0.88,1.44,-1.0,3,0,0
-0.97,-1.39,-1.27,1.06,3,0,0
0.26,0.13,-0.61,0.13,3,0,0
2.65,0.87,1.63,1.2,3,0,0
1.18,1.93,0.18,-0.2,3,0,0
-0.13,-0.46,2.17,-0.5,3,0,0
-0.88,0.27,-0.54,-0.99,3,0,0
-1.8,-0.19,-0.92,-0.71,3,0,0
0.66,0.03,-0.86,-0.13,3,0,0
0.58,1.21,-0.74,-0.32,3,0,0
-0.18,0.34,-1.51,-0.04,3,0,0
0.01,0.43,-0.83,0.23,3,0,0
1.26,0.64,0.22,-0.11,3,0,0
0.38,1.4,-0.25,0.09,3,0,0
0.18,-1.2,0.39,1.78,3,0,0
0.57,0.4,-1.43,1.31,3,0,0
-0.47,-0.54,-1.18,1.29,3,0,0
-1.53,-1.11,-0.7,0.5,3,0,0
-1.13,-0.67,-1.79,1.07,3,0,0
-1.34,0.24,-1.15,-1.41,3,0,0
-2.68,-1.43,-3.32,0.26,3,0,0
0.82,1.08,-0.02,-0.48,3,0,0
-0.95,0.3,-0.68,0.83,3,0,0
-1.67,0.16,0.14,-1.35,3,0,0
-1.38,0.78,-0.18,-0.83,3,0,0
-1.35,0.06,-0.9,0.42,3,0,0
-1.46,-0.2,-1.51,-1.09,3,0,0
0.25,1.26,-1.03,-0.0,3,0,0
-0.53,1.62,-0.79,-0.71,3,0,0
1.64,1.59,-0.82,-0.15,3,0,0
1.94,0.25,-0.69,0.95,3,0,0
0.86,0.59,0.37,0.47,3,0,0
-0.35,-0.35,-0.49,0.87,3,0,0
-1.17,-0.29,-0.58,0.74,3,0,0
-0.17,-0.24,-1.56,-1.13,3,0,0
2.47,2.19,-0.07,-0.41,3,0,0
0.86,1.47,1.69,-1.21,3,0,0
-0.17,0.09,0.68,-1.06,3,0,0
-0.76,-0.48,-0.96,0.02,3,0,0
-0.39,-0.75,-1.94,1.31,3,0,0
-2.31,0.02,0.05,-1.95,3,0,0
2.35,0.08,0.11,1.84,3,0,0
-1.4,0.86,-0.93,-1.12,3,0,0
-1.04,1.3,-1.13,0.32,3,0,0
-1.4,-2.25,-1.13,0.22,3,0,0
1.34,0.68,1.52,0.91,3,0,0
2.32,2.7,-0.53,-0.22,3,0,0
0.17,0.28,1.31,-0.18,3,0,0
0.34,1.49,-0.14,-0.01,3,0,0
0.39,0.36,0.45,-1.09,3,0,0
1.15,0.06,2.41,-0.34,3,0,0
1.32,2.23,-1.24,-0.51,3,0,0
-0.88,0.6,0.91,-0.78,3,0,0
-1.14,-1.02,-1.35,-0.41,3,0,0
-2.2,-1.67,-0.54,0.4,3,0,0
0.04,2.51,-0.7,-1.57,3,0,0
0.78,0.65,-0.38,-0.21,3,0,0
-0.33,-1.07,1.09,1.09,3,0,0
0.22,-2.07,0.72,1.43,3,0,0
0.62,0.31,-1.11,1.45,3,0,0
-1.06,-0.23,-0.46,-0.09,3,0,0
2.16,1.18,0.26,0.82,3,0,0
-0.25,-1.35,-0.66,0.42,3,0,0
2.08,-0.46,0.33,3.35,3,0,0
-0.27,0.83,-0.3,0.27,3,0,0
-0.01,1.66,-0.31,-1.17,3,0,0
-0.79,-1.72,0.84,-0.17,3,0,0
1.43,3.59,0.93,-2.56,3,0,0
0.46,-2.36,-1.6,4.38,3,0,0
1.27,0.0,0.77,-0.94,3,0,0
-0.06,0.26,-0.19,-0.26,3,0,0
-1.89,0.78,-0.13,-1.13,3,0,0
0.25,-1.83,-1.04,2.48,3,0,0
-0.41,-2.25,1.68,0.9,3,0,0
0.49,0.03,-0.75,0.87,3,0,0
0.11,1.02,0.46,0.08,3,0,0
1.14,1.38,2.36,-1.07,3,0,0
-1.09,-1.99,-1.08,1.23,3,0,0
-0.59,-1.53,0.2,0.6,3,0,0
0.29,0.22,1.55,-0.16,3,0,0
0.63,0.37,-1.19,1.68,3,0,0
1.0,3.09,0.94,-1.83,3,0,0
0.31,-0.26,-0.6,1.46,3,0,0
0.36,0.6,0.8,-1.08,3,0,0
-0.52,-0.06,-1.22,-0.3,3,0,0
-0.06,0.73,-1.1,-0.2,3,0,0
-1.36,0.07,0.76,-0.74,3,0,0
-1.61,0.67,-2.05,-0.44,3,0,0
-0.96,1.24,-0.25,-0.35,3,0,0
-1.14,-1.08,-0.74,-1.46,3,0,0
1.17,0.6,1.7,0.89,3,0,0
0.56,1.03,1.28,-1.48,3,0,0
0.26,-1.03,0.93,1.58,3,0,0
1.0,3.1,-0.43,-0.63,3,0,0
0.39,1.48,0.13,0.63,3,0,0
-0.17,0.65,1.17,-1.72,3,0,0
-0.63,1.3,0.59,-1.27,3,0,0
-0.21,1.64,-0.45,-0.27,3,0,0
-1.61,-0.97,-0.5,0.97,3,0,0
-0.09,-0.89,-0.43,0.05,3,0,0
-0.38,-0.31,0.02,0.8,3,0,0
2.4,0.29,-0.3,1.95,3,0,0
0.77,2.38,1.96,-1.49,3,0,0
-0.14,-0.56,-0.76,0.43,3,0,0
-0.32,-0.4,-0.4,-0.86,3,0,0
1.66,2.98,-0.62,0.99,3,0,0
1.55,2.22,-1.78,0.65,3,0,0
-0.92,0.84,-1.23,-0.9,3,0,0
-1.15,-0.52,1.48,-0.31,3,0,0
0.0,1.82,-1.31,-0.47,3,0,0
0.62,0.88,0.42,0.65,3,0,0
0.88,0.15,0.42,0.34,3,0,0
0.03,2.2,0.69,-1.6,3,0,0
1.3,3.01,-0.25,-0.97,3,0,0
-0.05,0.92,0.71,-0.67,3,0,0
-0.99,0.17,-0.1,-0.34,3,0,0
-1.74,-0.89,0.1,-0.74,3,0,0
1.03,-1.0,-0.37,2.04,3,0,0
0.51,1.53,0.85,-0.13,3,0,0
-0.42,-0.25,-0.73,0.14,3,0,0
-0.44,1.95,0.34,-1.91,3,0,0
1.23,-0.19,0.73,0.88,3,0,0
0.45,-0.06,-2.01,1.15,3,0,0
-0.4,-0.53,0.37,-0.06,3,0,0
0.4,-0.49,0.07,1.33,3,0,0
0.19,-0.88,0.12,1.44,3,0,0
-2.13,-0.27,-1.95,0.72,3,0,0
-0.68,-0.11,-1.15,1.47,3,0,0
1.55,2.5,-0.92,-1.08,3,0,0
1.46,0.56,0.5,0.54,3,0,0
1.47,-0.51,2.44,1.33,3,0,0
1.52,-0.19,1.27,0.33,3,0,0
1.18,-0.83,0.54,1.54,3,0,0
-0.27,-0.51,0.29,1.24,3,0,0
0.7,1.19,0.08,-1.4,3,0,0
-1.05,0.2,-2.09,-0.3,3,0,0
-1.81,-2.42,-0.87,0.33,3,0,0
-1.35,-0.57,-0.33,-0.02,3,0,0
-2.71,-1.25,0.21,-1.0,3,0,0
0.72,1.84,0.29,-1.27,3,0,0
0.18,1.36,-0.63,-0.68,3,0,0
1.07,1.55,-1.06,0.38,3,0,0
0.27,1.44,-1.5,1.42,3,0,0
-0.41,-1.01,0.62,0.52,3,0,0
1.31,3.81,-1.49,-0.32,3,0,0
1.93,2.91,0.25,-0.19,3,0,0
-1.38,-0.14,-2.34,0.12,3,0,0
-0.67,-0.43,-0.14,-0.37,3,0,0
0.54,0.29,-1.29,0.62,3,0,0
1.08,1.01,-0.22,1.05,3,0,0
0.46,1.44,-1.6,1.31,3,0,0
0.3,1.22,-2.12,0.42,3,0,0
1.52,-0.41,0.06,1.59,3,0,0
-0.3,-1.08,-1.49,0.11,3,0,0
1.83,1.46,1.71,-0.94,3,1,1
-2.28,-0.8,-0.83,-0.45,3,0,0
-0.18,1.01,0.41,-0.52,3,0,0
0.84,1.82,1.56,-1.27,3,0,0
-0.82,0.49,-1.59,0.72,3,0,0
0.99,0.2,-0.76,0.31,3,0,0
-0.74,1.74,-0.8,-1.22,3,0,0
2.63,3.18,1.84,-1.91,3,0,0
0.36,1.21,-0.06,-0.74,3,0,0
-0.2,-0.15,-0.15,0.82,3,0,0
-1.33,-0.21,-2.2,0.63,3,0,0
0.19,1.21,0.69,-0.94,3,0,0
-1.64,-1.19,-0.12,-0.28,3,0,0
0.52,0.73,-1.17,0.39,3,0,0
-1.54,-0.7,-1.21,-1.26,3,0,0
-1.28,0.41,-0.88,-1.01,3,0,0
1.09,0.86,1.97,-0.81,3,0,0
0.34,2.58,-1.64,-1.15,3,0,0
-3.67,-1.81,-1.55,0.55,3,0,0
2.85,1.87,2.83,-0.13,3,0,0
-0.66,-0.14,0.02,-0.89,3,0,0
0.26,0.04,0.48,0.37,3,0,0
0.7,1.38,0.47,-0.45,3,0,0
-0.74,-0.98,0.39,0.15,3,0,0
1.28,1.32,-1.62,1.01,3,0,0
-1.41,0.18,0.82,-1.24,3,0,0
-0.48,-0.52,-0.39,0.97,3,0,0
1.4,2.79,0.33,-0.89,3,0,0
0.7,1.88,-1.68,-0.68,3,0,0
-1.09,-0.67,-1.97,1.47,3,0,0
0.62,-0.06,-0.53,0.81,3,0,0
-0.09,-1.63,-0.03,0.84,3,0,0
0.1,1.88,-1.25,-1.95,3,0,0
-1.08,0.25,-0.07,-1.63,3,0,0
1.97,1.05,-0.02,0.08,3,0,0
1.77,0.29,-0.77,1.31,3,0,0
0.84,0.33,0.53,1.17,3,0,0
-1.91,-0.53,-1.74,-0.5,3,0,0
2.13,2.28,0.72,-0.83,3,0,0
1.75,0.93,0.7,1.21,3,0,0
1.21,2.29,1.21,-2.84,3,0,0
-0.92,0.38,-1.28,-1.72,3,0,0
0.91,2.36,-0.15,-1.39,3,0,0
-0.7,-1.19,-0.33,0.67,3,0,0
0.42,-0.34,0.28,0.11,3,0,0
-1.94,-0.03,-1.2,-0.45,3,0,0
-0.52,-0.33,1.33,0.26,3,0,0
-3.06,-2.12,-0.43,-0.78,3,0,0
-0.96,-0.45,-1.41,1.06,3,0,0
0.67,1.59,0.32,-1.48,3,0,0
0.05,0.68,1.58,-1.22,3,0,0
0.16,-0.2,-0.62,0.72,3,0,0
0.11,1.72,-0.86,-0.04,3,0,0
1.46,1.59,-0.29,1.33,3,0,0
1.78,2.11,-1.04,0.05,3,0,0
2.17,1.78,-0.43,0.01,3,0,0
-0.16,0.8,0.47,-1.46,3,0,0
-0.87,-0.26,-0.12,-0.64,3,0,0
0.88,1.32,0.42,-0.13,3,0,0
-1.51,-0.91,0.49,-0.34,3,0,0
-0.19,-0.4,-0.21,0.26,3,0,0
-0.35,-0.69,0.75,0.01,3,0,0
2.48,3.24,1.11,-1.41,3,0,0
-1.34,-1.7,-1.07,1.06,3,0,0
0.22,-0.98,-0.25,1.47,3,0,0
-0.8,-1.89,-1.76,2.64,3,0,0
-1.44,1.22,-2.14,-1.53,3,0,0
2.36,1.22,0.85,0.21,3,0,0
1.35,1.38,0.08,-0.57,3,0,0
-0.15,-1.62,0.51,2.23,3,0,0
0.27,0.84,-1.83,0.93,3,0,0
-0.24,1.46,0.85,-1.39,3,0,0
0.43,-0.84,0.76,0.72,3,0,0
-1.41,0.63,-0.25,-2.55,3,0,0
0.42,-0.05,0.75,0.4,3,0,0
-1.15,-0.56,-1.31,-1.08,3,0,0
-2.28,-0.09,-2.0,0.5,3,0,0
-1.41,-0.61,0.37,-0.47,3,0,0
1.11,1.25,1.29,-0.76,3,0,0
0.12,-1.89,0.19,2.95,3,0,0
0.29,-0.26,-0.7,1.4,3,0,0
-0.45,0.16,-0.3,-1.06,3,0,0
2.36,2.57,-0.05,1.57,3,0,0
-1.85,0.79,-0.39,-0.93,3,0,0
-0.28,1.0,-1.16,-1.7,3,0,0
1.62,2.7,-0.07,-0.82,3,0,0
-0.16,-0.14,0.78,-0.7,3,0,0
-1.32,0.58,-0.74,-0.93,3,0,0
1.84,1.55,0.28,-0.4,3,0,0
0.06,0.13,-0.21,1.2,3,0,0
-0.1,0.81,-0.31,-1.54,3,0,0
0.96,0.95,1.12,-0.54,3,0,0
-1.45,-1.5,-0.72,0.85,3,0,0
1.99,0.27,-0.15,2.21,3,0,0
0.04,0.45,-1.07,1.17,3,0,0
-3.34,-1.91,-2.17,-0.04,3,0,0
0.11,-1.08,-0.22,0.85,3,0,0
1.04,0.55,0.21,1.56,3,0,0
-1.12,1.99,-0.81,-1.68,3,0,0
-1.49,0.65,-0.25,-1.36,3,0,0
0.53,1.16,-1.92,0.07,3,0,0
1.85,1.93,-0.93,1.56,3,0,0
-2.81,-0.74,-0.96,-0.33,3,0,0
0.09,-0.02,-1.12,1.32,3,0,0
0.25,1.28,-0.89,0.01,3,0,0
-0.07,1.48,1.04,-1.85,3,0,0
-0.1,2.3,-0.08,-1.25,3,0,0
0.67,-1.08,-0.83,1.17,3,0,0
-2.04,-1.2,-1.23,-0.08,3,0,0
1.77,1.62,0.87,-0.21,3,0,0
0.9,0.24,0.47,0.59,3,0,0
0.92,0.48,-0.16,2.38,3,0,0
1.3,-0.4,0.27,0.42,3,0,0
0.08,1.64,0.68,-2.22,3,0,0
0.02,2.05,-1.09,-1.27,3,0,0
-0.94,0.03,-1.15,0.58,3,0,0
0.92,0.86,0.62,0.58,3,0,0
0.6,0.37,1.01,-0.99,3,0,0
-1.44,-0.6,-0.05,-1.6,3,0,0
-1.37,-0.22,0.25,-0.76,3,0,0
-0.51,0.77,-1.59,-0.0,3,0,0
-0.43,0.92,-0.45,-1.12,3,0,0
1.83,1.32,-0.26,-0.25,3,1,1
-0.79,0.21,-0.09,-1.43,3,0,0
0.67,0.4,0.58,0.23,3,0,0
1.22,0.83,-1.59,-0.27,3,0,0
-1.07,0.0,0.02,0.74,3,0,0
2.02,0.17,0.76,1.89,3,0,0
-2.68,-2.56,-0.91,-0.6,3,0,0
1.57,2.09,0.58,-0.13,3,0,0
-0.97,-0.32,-0.69,-1.52,3,0,0
-0.59,0.75,0.44,-0.86,3,0,0
-1.79,-1.6,-2.14,-0.38,3,0,0
1.83,-0.26,0.27,2.22,3,0,0
0.68,0.7,-0.97,0.8,3,0,0
0.36,-0.02,-1.45,0.08,3,0,0
-1.52,-0.56,0.48,-0.56,3,0,0
2.45,2.17,0.23,-0.73,3,0,0
-0.82,-2.3,-0.28,2.33,3,0,0
0.03,-0.5,-0.11,0.58,3,0,0
1.74,0.53,0.52,1.14,3,0,0
-1.87,0.34,-1.92,-0.52,3,0,0
-0.86,-0.51,0.54,0.73,3,0,0
-1.45,-0.25,1.27,0.26,3,0,0
-0.23,0.72,0.82,-0.38,3,0,0
-1.27,-0.44,-0.54,-0.76,3,0,0
-1.85,-1.78,-0.25,0.68,3,0,0
-0.69,0.82,-0.33,-1.7,3,0,0
0.4,1.26,-1.27,-0.39,3,0,0
-1.23,-0.03,-1.45,-0.33,3,0,0
-2.16,-2.15,-2.04,0.23,3,0,0
-0.97,-0.45,-1.36,0.52,3,0,0
-0.69,-1.07,-0.71,-0.13,3,0,0
-1.02,0.84,-0.32,-2.69,3,0,0
-1.69,-1.97,-1.29,0.18,3,0,0
0.97,4.1,0.95,-2.01,3,0,0
-0.55,0.01,-2.47,0.96,3,0,0
-1.65,-1.87,0.72,-0.25,3,0,0
1.97,1.37,-0.58,0.89,3,0,0
-0.51,0.6,-0.32,-1.98,3,0,0
-0.39,0.71,-0.85,-0.55,3,0,0
0.58,-0.01,0.58,0.86,3,0,0
-0.11,-0.34,1.01,-0.95,3,0,0
-0.08,0.39,-0.31,0.24,3,0,0
-0.97,-0.56,-2.21,2.03,3,0,0
0.36,1.48,-1.21,-1.48,3,0,0
2.74,1.59,0.38,2.33,3,0,0
-0.92,0.24,-0.7,0.32,3,0,0
-1.84,-0.14,-1.7,-0.76,3,0,0
0.56,-0.01,-0.4,0.63,3,0,0
-1.24,-0.23,-1.41,1.42,3,0,0
-2.66,-1.13,-2.8,0.5,3,0,0
-0.02,0.25,-0.29,0.54,3,0,0
-0.61,0.88,0.18,-0.75,3,0,0
-1.36,-0.56,-0.18,0.66,3,0,0
0.43,1.62,0.16,-0.41,3,0,0
-1.27,0.36,-1.57,-1.47,3,0,0
-1.64,-2.17,0.56,-0.51,3,0,0
0.48,2.15,2.45,-2.23,3,0,0
-3.33,-2.1,-1.73,0.36,3,0,0
-1.22,0.14,-2.11,0.2,3,0,0
-0.03,-0.71,1.18,-0.6,3,0,0
-0.06,1.11,-1.36,0.4,3,0,0
0.83,1.51,0.36,-0.07,3,0,0
-0.23,-0.89,0.11,0.95,3,0,0
0.17,1.43,-0.22,-0.08,3,0,0
-1.34,-1.95,0.27,0.18,3,0,0
-0.62,-1.66,-0.2,1.84,3,0,0
1.3,0.45,0.37,0.89,3,0,0
-0.46,0.94,-0.91,-0.79,3,0,0
-2.13,-1.59,-2.1,0.54,3,0,0
-0.39,-0.13,1.08,0.22,3,0,0
-0.8,1.33,-0.29,-1.68,3,0,0
-0.69,-0.04,-0.83,-0.38,3,0,0
0.42,-0.3,-0.97,1.16,3,0,0
1.82,0.78,0.7,1.51,3,0,0
1.15,-0.39,0.04,0.13,3,0,0
-0.94,-1.44,-1.23,1.03,3,0,0
0.12,0.99,1.02,-1.94,3,0,0
-0.52,-0.31,-0.65,-0.06,3,0,0
0.35,1.13,-2.27,-0.93,3,0,0
-0.28,0.22,-0.28,-0.65,3,0,0
-0.64,1.02,-0.27,-0.38,3,0,0
-0.31,0.27,-1.82,0.44,3,0,0
0.68,0.66,0.56,-0.37,3,0,0
1.03,0.1,-0.14,0.54,3,0,0
-0.71,0.36,-2.09,0.73,3,0,0
-1.81,-0.85,-0.1,-0.67,3,0,0
1.96,-0.01,1.33,0.84,3,0,0
-0.29,0.53,0.88,-0.94,3,0,0
1.65,1.26,0.05,-1.32,3,0,0
0.47,0.35,1.05,-0.71,3,0,0
1.08,2.06,-0.08,-0.37,3,0,0
-0.19,-1.21,0.4,1.14,3,0,0
0.74,-0.88,0.46,1.05,3,0,0
0.42,1.22,-0.15,-0.54,3,0,0
-3.33,0.28,-3.17,-0.32,3,0,0
-0.64,-1.32,1.85,-0.42,3,0,0
2.11,1.35,3.91,-1.38,3,0,0
1.48,0.63,2.72,-0.83,3,0,0
0.46,1.61,0.32,0.11,3,0,0
-0.97,0.43,-2.35,0.18,3,0,0
0.78,1.82,-0.6,-0.71,3,0,0
