@relation SyntheticData-N_1200-D_8-Nmin_140-Zmin_8-CL_3_1-R_0
@attribute X0 real [-6.27, 5.67]
@attribute X1 real [-5.78, 5.25]
@attribute X2 real [-5.52, 4.70]
@attribute X3 real [-4.74, 5.73]
@attribute X4 real [-4.78, 6.01]
@attribute X5 real [-4.69, 5.69]
@attribute X6 real [-4.79, 6.03]
@attribute X7 real [-5.76, 6.92]
@attribute cluster_idx {0,1,2,3}
@attribute is_noise {0,1}
@attribute Class {0,1}
@inputs X0,X1,X2,X3,X4,X5,X6,X7,cluster_idx,is_noise
@output Class
@data
0.06,0.82,1.37,-1.19,1.77,1.34,0.99,-1.75,0,0,1
-0.21,0.11,1.35,-0.36,-0.37,-1.3,-1.38,0.56,0,0,1
-0.76,-2.01,-1.36,-2.38,1.21,-2.38,-2.3,0.14,0,0,1
0.74,1.44,1.04,0.82,-0.09,0.58,0.69,-0.05,0,0,1
-0.79,-1.98,1.48,1.87,-3.66,-1.83,-1.21,3.43,0,0,1
-0.43,-0.28,-1.15,-0.11,0.57,0.45,-0.13,-0.16,0,0,1
0.0,-0.38,0.19,-0.55,-0.84,-3.35,-3.86,1.47,0,0,1
-1.91,-2.64,1.34,-2.07,1.0,-3.57,-0.52,1.61,0,0,1
-0.06,2.57,-0.41,1.63,-0.05,1.7,0.67,-0.62,0,0,1
-2.02,0.79,-1.2,0.61,-0.41,-1.71,-0.29,0.88,0,0,1
-0.77,-0.33,-1.06,-0.63,1.31,1.15,3.09,-1.18,0,0,1
-0.1,1.13,1.45,1.88,-2.69,-1.47,-1.05,1.81,0,0,1
-2.04,0.32,-1.85,-0.26,1.15,-0.51,-0.3,0.05,0,0,1
-1.3,1.59,-0.94,-0.39,1.46,0.59,2.78,-1.55,0,0,1
-0.93,1.64,0.3,2.67,-1.06,0.23,-1.19,1.77,0,0,1
-1.69,-0.17,2.13,-0.13,-1.7,-1.76,-0.17,0.89,0,0,1
-0.46,0.49,-0.02,-1.47,0.97,-0.88,0.29,-1.18,0,0,1
-2.61,-0.64,2.36,0.75,-0.92,-0.44,-0.72,1.67,0,0,1
0.84,-0.75,1.96,-1.51,0.19,-0.85,4.62,-0.79,0,0,1
-1.69,1.78,-0.27,0.49,-0.92,-2.04,1.84,0.06,0,0,1
0.84,-0.62,1.03,-0.36,-0.31,-0.29,1.8,0.12,0,0,1
-1.65,1.78,-1.8,1.33,-2.41,-2.26,-1.06,0.71,0,0,1
-0.25,-1.57,0.14,-0.11,-0.48,-0.28,-0.61,0.9,0,0,1
-0.24,-3.05,-0.04,-2.98,-0.83,-2.77,0.19,-0.4,0,0,1
1.78,1.17,1.49,0.65,0.01,1.5,0.72,-0.39,0,0,1
0.53,2.73,0.18,1.7,-1.94,-1.59,3.19,0.38,0,1,0
-0.69,2.44,-1.72,1.56,-1.6,0.08,-0.15,-0.34,0,0,1
-2.85,-0.49,-1.31,0.58,-0.88,-2.51,-2.21,2.01,0,0,1
0.58,-0.05,1.85,1.24,-1.92,-0.4,-0.21,1.42,0,0,1
-1.29,1.02,0.0,0.62,3.06,1.88,0.15,0.11,0,0,1
-1.19,3.04,0.23,2.87,0.46,2.55,2.81,0.06,0,0,1
-0.49,1.25,0.01,0.23,0.32,0.19,-0.01,-0.44,0,0,1
-2.47,-0.6,0.35,-0.41,-0.19,-1.57,-1.59,0.88,0,0,1
-0.13,1.72,-0.8,2.61,-3.59,-1.61,0.37,1.59,0,0,1
-0.76,0.62,-0.12,-0.61,1.75,1.68,2.97,-1.63,0,0,1
0.41,1.93,-1.12,0.38,-0.02,0.04,2.5,-1.02,0,0,1
-0.99,-1.13,1.14,-0.34,2.36,2.42,2.81,-0.26,0,0,1
-0.81,2.1,-0.93,1.66,0.93,0.63,0.3,0.43,0,0,1
0.11,-0.33,-0.39,-1.05,1.37,0.5,-2.04,-0.67,0,0,1
0.84,1.44,1.33,0.41,0.06,1.29,3.26,-1.03,0,0,1
-0.57,1.51,2.12,1.74,-1.75,1.01,5.65,-0.15,0,0,1
0.49,-1.4,-1.87,-1.5,2.09,0.8,1.09,-0.98,0,0,1
-1.74,-2.29,0.22,-2.29,1.27,-1.19,-0.48,-0.09,0,0,1
-0.49,0.4,-0.25,0.97,0.57,2.41,1.05,-0.28,0,0,1
-1.49,3.3,-0.47,2.98,-2.45,0.56,-0.14,0.33,0,0,1
1.77,-0.24,1.54,-0.82,-0.69,-1.69,1.56,0.14,0,0,1
0.86,0.59,0.09,-0.31,-0.18,0.49,0.64,-0.96,0,0,1
-1.29,0.33,-0.16,-3.53,-3.27,-1.19,1.03,3.74,1,0,1
1.77,-2.21,1.46,2.5,0.44,-0.58,-0.9,-0.79,1,0,1
-1.05,-0.54,1.05,0.77,-0.82,-0.1,1.87,0.75,1,0,1
-1.69,-0.49,-1.24,-1.8,-3.18,0.44,3.3,4.34,1,0,1
1.09,-2.41,-0.43,0.78,0.27,-0.63,1.56,1.04,1,0,1
-0.62,-0.33,-0.13,0.01,-2.38,0.39,-0.16,0.62,1,0,1
0.73,0.09,-1.03,-0.05,-0.95,-0.59,2.28,0.26,1,0,1
0.61,0.5,0.0,2.03,0.74,2.16,-1.4,-1.46,1,0,1
-1.84,1.28,-0.28,-3.03,3.27,1.34,-1.54,0.45,1,0,1
0.16,-1.78,-0.8,-1.78,2.01,-0.84,0.45,1.2,1,0,1
-1.07,-0.05,-1.13,-2.82,-0.4,0.17,0.67,2.48,1,0,1
0.06,-0.15,1.55,-0.33,1.31,-1.08,-1.29,-1.36,1,0,1
-0.21,1.66,-1.78,-0.69,-3.02,1.18,1.72,1.4,1,0,1
-0.27,0.27,0.59,0.26,-1.26,-1.18,2.46,-0.01,1,0,1
-0.03,-1.44,1.2,0.06,0.28,-0.35,-1.06,0.49,1,0,1
0.78,-0.47,-0.24,-1.41,2.41,-1.4,-0.08,-0.77,1,0,1
-0.57,1.94,-0.82,0.94,-2.06,2.08,0.67,-0.38,1,0,1
1.52,-2.16,0.88,-0.89,4.27,-1.2,-2.82,-0.88,1,0,1
0.12,0.75,1.11,0.07,2.38,0.82,-3.65,-2.55,1,0,1
-0.31,-0.95,-1.13,-3.03,-1.54,-0.69,1.2,3.95,1,1,0
-0.21,2.78,-1.7,0.33,-2.02,1.56,0.42,-2.05,1,0,1
0.05,-1.56,1.75,1.17,-3.42,-1.3,0.97,1.46,1,0,1
-1.97,1.4,-1.33,-3.68,-2.82,0.38,0.39,2.76,1,0,1
-0.02,1.07,-2.49,-3.65,-0.89,0.18,-1.19,1.02,1,0,1
1.95,-1.74,-0.35,3.45,0.49,2.22,-2.45,-1.78,1,0,1
-0.73,-1.0,1.14,-0.2,1.3,0.56,-2.66,-0.63,1,0,1
-0.0,-0.59,-0.76,-0.91,-0.66,1.02,-1.49,1.1,1,0,1
-0.26,-0.98,-0.09,-3.16,-0.05,-1.73,-2.61,0.06,1,0,1
-1.16,2.61,-1.26,-1.51,-0.18,1.29,-0.03,-0.8,1,0,1
0.39,-0.99,1.76,0.69,-1.59,-1.13,-1.87,-0.9,1,0,1
0.09,-1.95,1.87,-0.88,-0.76,-2.47,-0.8,0.61,1,0,1
-1.86,1.78,-0.85,-2.41,-0.01,2.02,-0.81,1.36,1,0,1
-1.98,1.5,-0.24,-3.28,0.72,1.02,-1.29,1.35,1,0,1
-1.58,-0.55,-0.16,-3.19,-3.86,-0.91,0.35,3.95,1,0,1
2.7,-3.71,0.73,0.97,1.68,-2.93,0.75,-0.15,1,0,1
-2.51,1.31,1.3,-2.62,-2.65,-0.76,1.71,2.85,1,0,1
-0.01,-1.73,2.46,1.13,0.83,-1.43,-1.93,-2.2,1,0,1
0.26,-1.87,0.23,-1.49,0.78,-1.29,-0.42,0.99,1,0,1
0.01,0.04,-1.72,-1.39,0.7,0.1,1.07,0.19,1,0,1
-3.88,2.36,1.69,-0.51,-0.27,1.48,-0.23,-1.13,1,0,1
-0.2,-0.91,0.09,-0.04,-2.16,-1.1,2.52,1.68,1,0,1
-0.42,0.04,0.49,-2.0,0.7,-1.82,-0.52,-0.9,1,0,1
-0.35,-0.95,1.54,0.61,1.89,-0.32,-0.57,-1.05,1,0,1
0.51,0.07,0.36,3.18,2.12,2.1,0.02,-2.19,1,0,1
-2.74,2.25,1.08,-0.55,-2.0,0.63,0.14,-0.91,1,0,1
1.96,-3.81,-0.35,2.74,1.37,1.5,-1.06,0.71,1,0,1
0.31,-1.31,0.63,-1.12,1.54,-1.58,0.37,0.52,1,0,1
0.94,-2.54,1.21,3.42,-1.82,1.66,-1.93,1.17,2,0,1
-0.55,1.24,-1.85,0.66,-1.89,1.67,-0.8,-1.01,2,0,1
0.12,0.12,-0.37,-0.93,1.15,0.74,1.76,-1.49,2,1,0
1.27,-0.77,2.22,0.57,0.25,1.78,1.67,2.14,2,0,1
0.58,0.27,1.56,-2.26,1.37,-0.8,3.42,0.14,2,0,1
-1.76,5.25,-2.63,-3.83,1.89,1.0,0.82,-2.56,2,0,1
-0.08,-1.21,-1.54,0.5,1.98,0.84,-0.23,-1.33,2,0,1
-0.54,0.1,0.98,-1.45,-0.54,-2.01,1.94,-1.2,2,0,1
1.11,-3.18,0.9,1.26,0.06,-0.76,1.44,-0.02,2,0,1
2.38,-0.66,0.46,-1.56,6.01,-3.86,1.58,4.36,2,0,1
-1.86,0.52,1.18,0.73,1.52,-0.63,-0.94,-0.01,2,0,1
1.99,-3.66,4.0,3.59,-0.82,1.8,0.37,3.17,2,0,1
-1.38,0.48,2.15,0.26,-0.02,-1.64,-1.51,0.88,2,0,1
-1.94,2.45,-2.28,-1.41,-0.54,1.16,-1.33,-3.24,2,0,1
0.61,-3.05,0.64,1.33,1.5,-1.47,0.34,0.66,2,0,1
0.56,-1.09,1.27,0.17,-0.4,2.1,0.97,0.28,2,0,1
1.8,-1.87,3.07,1.08,2.34,-3.0,0.7,3.7,2,0,1
-0.42,1.56,-3.13,-0.95,1.05,2.9,-0.57,-1.25,2,0,1
2.7,-3.95,3.34,0.42,2.09,-3.14,3.59,2.14,2,0,1
-0.38,1.76,-1.95,-1.86,0.09,0.12,-0.68,-0.57,2,0,1
-0.08,1.1,-1.09,-0.77,0.82,0.45,0.98,-0.18,2,0,1
-0.1,0.94,0.42,-1.04,0.67,-0.81,0.16,0.31,2,0,1
1.81,0.24,-1.47,-2.42,0.46,1.29,2.98,0.36,2,0,1
1.91,-2.44,1.62,-0.65,1.23,-1.27,2.27,0.83,2,0,1
0.91,-2.01,2.41,2.38,-1.18,1.68,-0.77,2.16,2,0,1
1.13,-1.58,-1.19,1.08,-0.66,2.01,0.34,-0.89,2,0,1
0.2,-0.43,0.27,-0.21,0.37,0.82,0.7,0.35,2,0,1
-1.84,0.78,2.7,0.19,0.39,-2.9,-0.17,0.84,2,0,1
1.66,-1.92,1.01,-0.64,0.27,-0.68,0.97,0.33,2,0,1
-1.08,2.07,-1.83,-3.3,1.27,-1.28,1.61,-2.57,2,0,1
-0.71,1.34,0.82,-1.06,-1.65,-0.28,1.7,-1.07,2,1,0
0.87,0.57,-2.39,2.01,-2.24,3.48,-3.49,1.2,2,0,1
-0.61,1.93,-1.34,-1.32,0.84,0.57,0.15,-0.16,2,0,1
-1.58,1.22,-2.02,0.19,-0.08,1.12,-1.94,-1.42,2,0,1
-0.2,1.87,-2.42,-0.58,0.38,2.63,-1.39,-0.93,2,0,1
-2.04,3.28,-1.02,-2.94,-0.14,-1.97,-0.01,-1.73,2,0,1
-0.4,-0.81,0.66,2.06,-1.37,2.08,-1.49,-0.84,2,0,1
1.25,0.02,-0.82,-0.14,-1.26,-1.73,-0.61,0.95,2,0,1
-2.29,2.74,0.83,-1.32,0.97,2.61,0.93,-1.87,2,0,1
1.21,0.18,-1.5,0.93,-0.19,0.5,-0.58,1.43,2,0,1
-2.07,1.85,-2.38,-0.73,-1.84,1.69,-1.47,-3.7,2,0,1
1.75,-2.12,0.21,0.16,-1.21,0.08,2.02,-0.26,2,0,1
-1.75,1.0,-0.14,-1.71,-2.33,0.49,0.37,-3.48,2,0,1
2.69,-3.77,-1.28,2.79,-1.77,1.53,-0.71,0.48,2,0,1
-0.5,-0.69,0.65,0.99,-0.27,0.98,0.03,-0.99,2,0,1
-0.3,0.55,-2.21,-0.08,-1.3,2.47,-0.47,-2.42,2,0,1
1.53,3.75,0.38,1.41,2.21,-1.77,-0.8,-0.6,3,0,0
-1.91,0.68,-1.26,1.0,1.08,3.79,0.42,-3.41,3,0,0
1.29,1.29,2.27,-1.43,3.47,1.14,-3.47,3.34,3,0,0
-1.26,1.1,1.92,1.97,1.1,-1.91,-1.54,2.05,3,0,0
1.07,-0.5,-0.07,0.8,-0.75,2.21,1.07,0.67,3,0,0
3.09,1.18,1.11,-1.11,1.9,3.54,-0.54,-0.37,3,0,0
-2.35,-2.46,-1.61,-1.21,-0.37,2.03,1.05,-1.96,3,0,0
-0.82,0.67,-1.9,1.72,0.1,-1.5,1.33,-1.59,3,0,0
-0.95,-0.53,-1.14,0.87,-0.96,-0.66,1.6,-1.35,3,0,0
-3.1,-1.23,-2.63,1.1,-0.71,2.26,1.8,-3.13,3,0,0
-0.83,-0.87,-1.69,-0.94,0.32,-0.92,0.6,-0.88,3,0,0
0.3,-0.46,-1.01,1.01,-0.08,1.24,0.67,1.21,3,0,0
-2.65,-1.15,-4.56,1.85,-1.66,0.47,3.29,-3.41,3,0,0
-0.14,-1.37,0.2,1.06,-1.16,0.45,0.78,1.82,3,0,0
0.14,0.55,-2.27,0.77,0.58,1.83,0.94,-1.04,3,0,0
0.3,1.56,2.98,0.62,1.98,-0.04,-2.25,1.95,3,0,0
-1.73,0.11,0.07,2.33,-0.58,-1.9,0.48,0.76,3,0,0
0.45,-0.25,0.08,1.61,-0.58,0.02,0.76,1.31,3,0,0
3.04,-0.22,2.2,-0.94,0.01,-0.18,-0.01,1.89,3,0,0
2.05,0.05,-0.81,0.0,-0.19,0.9,1.23,-0.19,3,0,0
-1.16,-0.75,-0.8,1.66,-0.82,0.88,0.99,0.57,3,0,0
-2.92,0.55,0.79,0.88,1.21,-2.89,-1.14,-0.4,3,0,0
-1.68,-1.38,-1.48,2.32,-2.42,-1.26,2.83,-1.27,3,0,0
1.38,-3.12,-1.2,-1.77,-1.84,2.47,2.5,-0.67,3,0,0
1.43,-0.5,0.67,-1.14,0.17,-1.3,0.1,0.85,3,0,0
-0.98,-3.22,-0.56,1.02,-3.34,-1.24,2.77,0.59,3,0,0
1.16,1.95,-0.92,0.18,2.07,-0.75,-0.56,-0.08,3,0,0
-1.95,-2.93,-1.24,0.11,-1.58,-0.23,1.68,-0.17,3,0,0
2.04,1.39,1.29,-0.31,1.95,2.33,-1.13,0.59,3,0,0
2.39,1.79,1.29,1.34,1.43,0.25,-1.21,3.57,3,0,0
1.58,0.48,0.88,0.95,-0.04,0.54,0.57,0.57,3,0,0
-2.86,2.66,-3.1,3.97,0.5,-2.44,0.34,-0.41,3,0,0
-0.51,1.65,0.66,1.98,0.45,-0.46,-0.09,-0.59,3,0,0
-1.55,-0.35,0.23,1.43,-0.57,-0.15,0.68,-0.36,3,0,0
1.53,-1.92,0.61,-0.75,-1.26,1.07,1.76,-0.47,3,0,0
1.2,0.01,1.86,-1.36,2.12,-1.38,-1.93,2.53,3,0,0
-1.69,1.15,-1.0,1.66,0.26,2.57,1.34,-4.8,3,0,0
-0.93,-2.96,-2.56,-1.64,-1.63,0.45,2.77,-2.81,3,0,0
-1.51,1.89,-1.52,2.86,0.8,-0.51,0.39,-1.25,3,0,0
-0.75,-2.51,-1.55,-2.89,0.6,-0.22,0.6,-0.95,3,0,0
-1.52,3.03,-2.17,2.81,1.24,1.97,0.54,-3.34,3,0,0
1.09,-2.21,1.02,-1.85,-1.16,-0.46,1.48,-0.95,3,0,0
-0.36,0.19,-1.38,2.15,-1.22,2.85,2.33,-2.52,3,0,0
0.44,-3.48,-0.65,-2.11,-1.45,1.8,2.02,-0.67,3,0,0
-0.84,-3.11,-0.27,-0.13,-2.79,-1.05,2.99,-1.68,3,0,0
2.16,0.74,1.83,-1.85,1.78,-1.09,-1.31,1.08,3,0,0
-0.94,0.13,-1.39,0.1,1.16,1.58,-0.07,-0.84,3,0,0
-0.0,2.75,2.41,0.84,2.68,-1.77,-3.07,2.61,3,0,0
0.73,0.56,-0.51,-0.03,0.8,-0.65,0.23,-0.21,3,0,0
1.62,-2.11,0.66,-0.79,-2.0,0.35,1.62,1.17,3,0,0
-4.34,0.94,-2.65,4.41,-0.83,-3.11,1.48,-1.4,3,0,0
-1.68,-0.62,-0.47,0.46,-0.08,-1.09,0.71,-1.42,3,0,0
0.95,-0.82,1.61,0.15,0.21,-0.38,-0.73,3.54,3,0,0
-0.29,-1.31,0.61,1.27,-1.74,-1.25,1.09,1.67,3,0,0
0.76,3.98,2.24,2.42,3.06,-0.95,-2.57,1.82,3,0,0
1.11,1.56,1.75,0.94,1.29,0.83,-0.96,1.01,3,0,0
-1.62,-1.28,-0.44,0.54,-0.08,0.46,0.74,-0.84,3,0,0
1.09,1.48,-1.33,0.71,1.45,2.68,-0.01,-0.14,3,0,0
3.41,0.85,2.31,-0.21,0.89,2.18,-0.37,1.29,3,0,0
0.04,-2.0,0.95,0.06,-0.8,-1.57,0.19,2.92,3,0,0
1.32,-0.38,1.77,-1.48,0.78,-0.73,-0.41,0.62,3,0,0
0.67,-2.27,0.21,-4.4,1.21,-0.24,-0.83,0.71,3,0,0
-0.03,-2.36,0.13,-1.78,-0.91,1.01,0.8,0.14,3,0,0
-0.7,-2.34,1.63,-2.74,0.25,-1.71,-1.09,2.04,3,0,0
-1.84,-0.55,1.75,1.77,-0.74,-1.79,0.94,-1.69,3,0,0
-2.07,-1.94,-1.7,2.08,-2.68,0.65,3.66,-3.7,3,0,0
0.46,-0.52,-2.67,0.47,-0.47,2.26,2.03,-1.6,3,0,0
1.34,-1.26,2.19,-2.41,1.09,0.1,-1.17,1.87,3,0,0
-0.44,3.43,-0.59,1.37,3.23,0.03,-1.99,0.27,3,0,0
0.43,0.92,-1.07,0.28,0.01,0.03,1.67,-3.45,3,0,0
5.67,1.78,1.5,-0.85,1.83,2.96,-0.67,2.4,3,0,0
-1.37,1.28,2.84,0.72,2.79,-1.55,-3.55,3.89,3,0,0
-1.88,-2.23,-3.09,-2.61,-0.1,-1.6,1.78,-3.85,3,0,0
-1.45,-1.77,0.4,1.29,-2.1,-0.39,1.8,-0.39,3,0,0
1.19,0.41,-1.44,-0.03,0.71,2.0,1.14,-1.9,3,0,0
-2.31,-2.74,-2.71,0.39,-2.03,-1.39,2.45,-0.87,3,0,0
-2.02,-0.08,-2.26,0.72,-0.33,-3.1,1.29,-1.7,3,0,0
-1.54,2.6,-1.4,0.55,2.97,-2.99,-1.43,-1.18,3,0,0
1.17,1.26,1.76,0.9,0.65,0.04,-1.15,2.74,3,0,0
0.87,-1.24,-0.52,-0.77,-0.14,0.29,0.95,0.25,3,0,0
-1.27,0.83,-0.36,1.11,0.92,-1.04,-0.17,-0.56,3,0,0
2.33,1.78,0.61,-1.08,2.87,2.98,-1.29,-0.28,3,0,0
-2.29,0.05,-0.39,0.57,0.95,-1.38,-0.97,0.9,3,0,0
0.48,1.67,2.01,-0.5,3.05,-1.39,-2.73,1.95,3,0,0
4.15,-2.53,2.83,-4.18,-0.22,0.28,0.3,1.43,3,0,0
-1.98,-1.49,-2.62,1.64,-1.68,1.24,2.49,-1.77,3,0,0
1.11,0.81,-0.3,0.43,0.58,0.11,0.43,-0.29,3,0,0
4.37,0.91,4.7,-1.34,1.7,1.4,-2.13,3.83,3,0,0
-1.01,-0.82,-0.56,-0.18,-0.16,-1.93,0.54,-0.18,3,0,0
-2.89,-3.65,-0.73,0.54,-2.12,2.49,1.83,-0.41,3,0,0
-1.38,-0.59,-1.64,2.06,-1.7,0.81,2.5,-2.11,3,0,0
2.08,0.55,0.12,2.14,-0.98,0.11,1.93,-0.04,3,0,0
-0.29,-1.68,1.83,0.15,-0.85,0.52,0.08,1.94,3,0,0
1.37,3.49,-0.23,2.07,1.8,0.71,-0.23,-1.12,3,0,0
0.15,0.75,-0.42,0.18,0.74,2.19,0.03,-0.89,3,0,0
-0.3,1.72,0.16,2.39,0.63,-0.03,-0.06,0.08,3,0,0
-0.65,-1.14,-0.69,-1.08,0.31,-2.31,0.39,-0.29,3,0,0
-0.15,-4.04,0.37,-3.02,-0.55,0.13,1.16,-0.74,3,0,0
2.27,-1.68,-1.99,0.0,-2.99,1.29,4.03,-1.76,3,0,0
0.65,0.38,-2.03,2.91,-1.67,0.85,2.39,0.17,3,0,0
1.0,-0.62,3.91,-0.2,-0.29,-2.15,-1.51,4.54,3,0,0
-0.78,1.21,-0.3,1.57,1.29,1.34,-0.68,0.67,3,0,0
0.8,0.79,0.48,0.77,0.6,1.29,-0.52,1.49,3,0,0
0.79,-1.01,0.14,0.41,-1.47,1.57,1.37,0.5,3,0,0
-1.02,2.11,0.31,1.18,2.26,0.64,-1.61,0.16,3,0,0
3.64,0.46,0.03,-2.32,1.46,2.68,0.07,-0.58,3,0,0
1.34,2.1,0.49,-0.84,2.7,0.74,-1.36,-0.64,3,0,0
-1.73,0.32,-0.5,-0.31,1.31,-4.08,-0.52,-0.63,3,0,0
-1.35,1.73,-0.36,3.14,-0.26,-1.16,0.89,-1.53,3,0,0
-2.02,-2.48,0.16,-0.51,-0.57,-4.03,0.26,1.03,3,0,0
0.2,-0.84,0.68,-0.97,0.05,-0.36,0.37,-0.32,3,0,0
-1.82,3.14,-1.2,2.6,2.02,2.78,-0.63,-2.2,3,0,0
-1.38,-1.68,-1.45,-0.18,-0.67,0.6,1.9,-2.58,3,0,0
-0.98,-1.32,-2.36,-1.5,-0.15,0.85,1.98,-4.13,3,0,0
2.69,0.17,1.38,0.34,0.27,1.69,0.12,1.77,3,0,0
-1.45,-1.18,-1.8,0.48,-0.29,0.52,1.3,-1.18,3,0,0
0.1,-2.08,-1.62,-1.05,-1.59,-3.47,2.69,-1.98,3,0,0
-0.8,1.8,1.45,0.94,2.04,-1.52,-1.36,-0.32,3,0,0
1.61,1.32,0.49,1.12,0.5,1.41,0.47,-0.55,3,0,0
-1.7,-0.39,0.79,0.53,0.71,-0.8,-0.97,1.31,3,0,0
-0.72,0.19,-2.43,2.8,-0.6,3.23,1.93,-1.23,3,0,0
-1.02,3.66,-2.67,2.66,2.56,-0.31,-0.79,-0.5,3,0,0
-0.69,-2.62,-0.06,0.26,-1.58,0.06,1.0,2.15,3,0,0
-2.6,-1.84,-3.94,1.72,-2.43,0.52,3.46,-2.86,3,1,1
1.24,0.85,0.08,0.28,0.98,1.13,-0.53,1.31,3,0,0
-0.27,0.61,-0.11,0.12,1.09,-0.68,-0.61,0.37,3,0,0
0.37,1.25,0.62,-0.88,2.05,-0.76,-1.55,0.7,3,0,0
4.72,3.51,0.5,-0.85,3.37,1.94,-1.15,-0.21,3,0,0
-1.54,0.83,-2.23,1.51,0.09,-1.72,1.25,-2.27,3,0,0
-0.7,-3.0,1.11,-3.86,0.98,-0.4,-0.74,-0.14,3,1,1
0.14,-0.04,1.87,-1.32,2.33,-1.82,-2.47,3.16,3,0,0
1.81,0.28,-1.75,0.81,-1.01,0.86,2.77,-2.31,3,0,0
2.18,1.4,-1.17,1.0,0.22,2.11,1.95,-2.83,3,0,0
-2.38,-1.5,-2.01,0.85,-0.73,-2.15,1.17,-0.1,3,0,0
-0.2,2.64,-2.57,3.65,-0.09,1.02,1.9,-2.69,3,0,0
1.28,3.23,2.81,2.54,2.19,1.47,-2.27,2.42,3,0,0
-2.07,0.74,1.01,0.01,2.31,-2.81,-2.35,1.62,3,0,0
0.07,0.78,-0.72,1.32,-0.02,-0.1,0.94,-0.89,3,0,0
1.88,0.42,1.11,-2.61,2.45,0.65,-1.86,1.18,3,0,0
-3.91,-2.32,-0.57,1.44,-1.31,-0.85,0.78,0.3,3,0,0
2.32,0.74,-0.3,-0.32,0.19,-0.27,1.51,-2.3,3,0,0
2.92,1.54,0.31,-0.47,1.04,2.81,0.69,-2.29,3,0,0
-0.7,1.61,-4.08,2.03,0.56,1.57,1.97,-3.48,3,0,0
0.47,-0.01,3.37,0.14,1.61,-0.24,-3.19,6.13,3,0,0
0.99,2.02,1.4,2.29,1.54,0.76,-1.71,3.66,3,0,0
2.46,-0.53,0.75,-0.82,0.65,3.65,0.32,0.38,3,0,0
-0.26,-0.46,1.17,-1.02,0.77,-1.56,-0.8,0.88,3,0,0
1.21,-1.25,0.04,-0.34,-1.12,-1.85,1.6,-0.0,3,0,0
4.01,-0.82,2.16,-2.06,0.78,3.79,-1.08,3.82,3,0,0
-1.45,0.36,-0.83,3.38,-1.13,0.58,1.82,-1.28,3,0,0
0.7,-2.01,-1.35,-0.61,-1.58,1.45,2.11,-0.6,3,0,0
1.78,1.28,0.87,-0.38,1.47,0.99,-0.43,-0.3,3,0,0
0.92,3.46,0.45,1.23,3.28,-0.52,-1.97,0.73,3,0,0
2.82,-1.53,0.23,-3.29,-0.08,0.02,1.0,-0.77,3,0,0
-1.84,-3.07,-2.05,-1.19,-1.53,-2.28,2.0,-1.04,3,0,0
0.93,-1.84,-0.15,0.01,-1.07,0.56,1.56,0.36,3,0,0
-0.29,2.82,-1.3,2.37,2.05,1.03,-0.86,0.39,3,0,0
0.72,0.5,0.5,0.51,0.51,1.88,0.08,-0.17,3,0,0
-0.34,-0.71,-0.3,0.36,0.07,1.02,0.41,0.26,3,0,0
-1.49,-5.34,-2.13,-1.17,-3.56,0.13,3.99,-1.79,3,0,0
-0.76,-4.0,-0.06,-1.13,-2.9,1.33,2.61,-0.96,3,0,0
-3.27,-2.02,-3.15,0.45,-0.85,1.32,1.92,-2.66,3,0,0
0.35,-0.73,-0.05,-1.54,0.93,-1.47,-0.29,0.72,3,0,0
1.18,-0.95,0.03,-3.13,2.13,0.68,-0.84,0.15,3,0,0
-0.0,-2.38,-0.5,-0.67,-1.36,-0.18,2.2,-1.53,3,0,0
0.58,1.99,2.01,0.9,1.29,-0.82,-1.36,1.2,3,0,0
-2.47,-1.1,-1.98,2.03,-1.73,-2.91,2.12,-0.95,3,0,0
-2.54,-0.63,-2.01,3.32,-2.47,-2.49,2.79,-1.36,3,0,0
-0.86,-4.19,-1.8,-0.09,-4.17,-0.14,4.21,-1.6,3,0,0
1.33,0.37,0.52,-1.86,2.17,-1.19,-1.57,1.77,3,0,0
0.89,1.81,-0.24,0.89,1.67,1.03,-0.73,0.61,3,0,0
1.81,-0.38,0.32,-1.14,0.6,0.6,0.19,0.34,3,0,0
-0.33,-0.26,-1.69,1.97,-1.08,0.87,1.89,-0.71,3,0,0
3.27,1.63,0.73,0.75,0.0,3.48,1.18,-1.41,3,0,0
0.94,-1.18,0.81,-0.79,-0.2,0.42,-0.01,1.94,3,0,0
0.81,1.2,1.87,0.48,2.02,1.35,-2.16,3.11,3,0,0
0.21,2.66,3.85,1.4,3.6,-3.07,-4.79,6.51,3,0,0
1.37,3.08,2.26,0.63,2.84,-1.65,-2.74,2.79,3,0,0
1.31,1.23,1.9,-1.66,2.39,1.06,-1.48,-0.77,3,0,0
0.77,-1.02,0.49,-1.19,0.48,0.63,0.11,0.2,3,0,0
1.25,1.61,0.17,2.11,0.95,-0.63,-0.51,2.49,3,0,0
0.93,1.58,0.89,0.39,2.24,0.52,-1.36,0.94,3,0,0
2.93,1.66,1.02,0.49,1.15,1.26,-0.35,0.98,3,0,0
4.84,2.33,0.91,0.24,1.16,-0.67,-0.22,2.32,3,0,0
-2.08,-3.02,-1.14,1.17,-2.38,-4.23,1.69,2.36,3,1,1
-0.58,2.4,-0.6,1.54,1.79,0.32,-0.49,-1.51,3,0,0
-1.89,-1.47,0.27,-0.26,0.28,-0.3,-0.6,1.48,3,0,0
-1.6,-0.94,-0.98,0.29,-0.1,2.06,0.94,-1.88,3,0,0
1.83,4.04,0.66,2.62,2.4,1.18,-1.35,1.12,3,0,0
1.89,-0.15,-0.35,-2.63,1.66,1.28,-0.59,0.15,3,0,0
0.58,1.76,-1.11,-0.24,1.66,0.13,0.26,-2.57,3,0,0
2.89,-1.39,2.13,-3.31,0.86,-1.26,-0.96,2.53,3,0,0
0.9,-1.48,-0.97,-0.66,-0.52,2.31,1.51,-0.85,3,0,0
-1.45,-0.01,-0.28,-0.9,1.65,-2.19,-1.16,0.03,3,0,0
0.34,-1.16,-1.71,-0.21,-0.86,-1.15,1.49,0.28,3,0,0
2.97,-1.32,-0.18,-1.1,-1.19,-0.65,1.92,0.68,3,0,0
-0.01,-2.99,-0.46,-1.05,-1.88,-0.05,2.13,-0.59,3,0,0
0.52,-0.51,1.37,-0.04,-0.48,-3.03,0.24,1.25,3,0,0
0.92,0.6,1.51,1.06,0.16,-1.16,-0.18,1.28,3,0,0
-2.24,-2.27,-4.16,1.78,-3.15,-0.3,4.4,-3.31,3,0,0
0.89,-0.92,1.25,-2.02,0.9,-1.75,-1.03,2.02,3,0,0
1.06,-0.58,0.15,-2.09,0.69,-2.31,0.4,-0.69,3,0,0
1.07,2.52,-0.96,2.91,0.98,2.43,0.01,0.64,3,0,0
2.65,-0.94,0.41,-2.44,0.48,1.17,0.36,0.21,3,0,0
0.85,0.74,-1.17,0.44,0.87,1.43,0.1,0.75,3,0,0
-0.98,0.35,0.15,1.01,0.83,-1.46,-0.82,1.64,3,0,0
0.38,-4.0,0.82,-1.75,-1.72,0.3,1.44,1.27,3,0,0
-0.87,-1.04,-0.88,0.78,-1.25,-0.75,1.93,-1.48,3,0,0
3.29,1.56,3.09,0.43,2.13,-0.65,-2.8,6.21,3,0,0
-0.41,-1.52,-0.86,-0.02,-0.87,-2.91,0.96,1.25,3,0,0
-1.84,-1.69,-0.75,0.84,-1.21,-0.2,1.23,0.13,3,0,0
-0.28,0.67,-0.92,0.98,0.94,-0.78,-0.57,2.03,3,0,0
0.27,-0.31,0.93,0.18,0.26,-0.18,-0.58,2.33,3,0,0
-1.34,-0.12,1.1,0.37,1.34,-0.65,-1.55,1.96,3,0,0
-0.69,-0.4,0.37,-0.14,0.73,-0.26,-0.5,0.69,3,0,0
0.29,-1.2,-1.08,-1.46,0.75,4.17,0.51,-1.29,3,0,0
-0.02,-1.29,1.37,0.78,-0.71,-1.23,0.3,2.16,3,0,0
2.81,-1.34,1.19,-1.64,0.23,0.08,-0.31,3.35,3,0,0
-3.48,-2.67,-2.74,0.32,-1.51,-2.56,2.1,-1.49,3,0,0
2.79,1.96,0.63,0.51,1.02,0.28,0.23,-0.42,3,0,0
-1.53,0.96,-2.05,1.51,1.08,-0.56,0.12,-0.54,3,0,0
1.82,1.31,1.75,2.58,0.13,1.76,-0.28,2.82,3,0,0
-1.04,-1.45,-1.59,1.05,-1.13,-1.87,1.51,0.58,3,0,0
-1.42,-5.15,-2.56,-0.58,-4.35,-1.26,4.89,-2.35,3,0,0
-1.28,-0.16,-1.79,0.6,0.65,3.59,0.32,-0.75,3,0,0
-0.86,1.45,-0.6,1.08,1.65,1.47,-0.58,-0.93,3,0,0
-0.63,-2.93,-1.3,-0.01,-2.66,1.36,2.87,-1.14,3,0,0
-0.96,0.21,0.1,2.54,-0.16,-0.17,0.23,1.42,3,0,0
-1.2,-4.31,-0.06,-2.71,-1.88,-3.97,1.03,1.45,3,0,0
-0.53,-1.21,-0.87,-0.82,-0.54,-0.89,1.37,-1.69,3,0,0
2.84,2.29,1.33,-1.1,2.78,-0.28,-1.92,1.49,3,0,0
0.97,2.28,1.41,-0.11,2.53,-1.31,-1.44,-0.41,3,0,0
1.23,0.85,-2.21,-1.3,1.06,0.75,1.76,-4.97,3,0,0
2.17,1.22,2.13,-1.11,2.47,0.59,-2.43,3.19,3,0,0
0.48,4.65,0.77,2.51,3.8,0.03,-2.11,-0.45,3,0,0
0.56,-2.12,-1.33,-1.91,-0.47,0.43,1.33,-0.46,3,0,0
-0.41,-0.69,-0.7,2.73,-1.68,3.62,2.0,-0.22,3,0,0
0.49,-0.43,1.55,-0.43,0.88,-0.18,-1.14,2.58,3,0,0
1.28,-0.15,-0.79,0.06,-0.8,0.02,2.03,-2.01,3,0,0
1.63,3.87,1.29,1.83,3.06,1.67,-2.21,1.54,3,0,0
-1.84,2.21,1.77,2.43,2.58,-1.13,-2.97,2.98,3,0,0
0.41,-0.77,0.67,-0.45,0.16,-2.75,-0.06,1.64,3,0,0
0.82,-0.27,0.68,-0.52,0.74,0.71,0.22,-0.65,3,0,0
0.2,-0.75,-0.85,2.21,-1.77,0.3,2.91,-1.93,3,0,0
-2.96,1.08,-2.88,2.94,0.55,-2.93,0.18,0.54,3,0,0
-0.44,-1.72,1.06,-0.47,-0.22,-2.43,-0.22,2.29,3,0,0
-0.74,-1.94,1.94,1.69,-1.69,-2.09,0.02,4.44,3,0,0
-0.59,-0.11,-0.5,1.77,-0.79,-1.29,0.79,1.12,3,0,0
2.19,2.99,2.03,-0.85,3.2,-0.8,-2.12,0.21,3,0,0
0.58,-0.89,-1.04,0.16,-1.22,0.99,1.93,-1.09,3,0,0
-5.8,-1.87,-1.68,3.54,-1.89,-2.79,1.16,0.49,3,0,0
0.58,3.74,1.27,0.74,3.84,-1.41,-3.3,2.14,3,0,0
-0.65,-0.26,0.68,-0.68,1.26,-1.68,-1.58,2.42,3,0,0
0.23,-1.36,-0.8,-0.34,-1.5,-1.34,2.67,-2.61,3,0,0
-2.11,0.82,1.17,1.39,1.78,-0.32,-1.94,1.8,3,0,0
-3.46,0.33,-2.41,1.02,0.94,-2.54,0.04,-1.22,3,0,0
-1.78,0.62,-0.25,1.21,1.32,0.3,-0.94,0.62,3,0,0
-0.34,1.3,0.24,1.13,1.8,-1.62,-1.73,2.88,3,0,0
-1.81,2.99,0.3,2.36,2.57,-0.56,-1.85,-0.07,3,0,0
-2.92,-0.32,-1.23,2.69,-1.16,-3.69,1.31,-0.37,3,0,0
0.3,2.37,0.32,0.73,2.63,-0.76,-1.89,1.42,3,0,0
-1.61,1.53,-2.03,2.35,0.6,0.59,0.94,-2.2,3,0,0
-1.83,-1.28,-3.12,0.43,-1.1,0.35,2.36,-2.67,3,0,0
2.18,0.17,1.0,1.45,-1.23,-1.63,1.43,1.19,3,0,0
1.88,-0.62,3.08,-0.71,0.74,0.93,-1.69,4.47,3,0,0
2.12,0.04,-0.35,1.31,-1.04,2.45,2.3,-1.39,3,0,0
1.69,1.7,1.55,1.26,1.8,0.49,-1.13,1.75,3,0,0
2.62,0.31,-0.7,0.77,-1.09,3.02,1.94,-0.65,3,0,0
3.42,2.09,0.86,-0.12,1.68,5.69,-0.13,-1.02,3,0,0
2.21,0.78,-0.88,0.68,0.8,1.41,-0.43,3.29,3,0,0
-0.17,-0.36,0.56,-0.24,1.57,-2.14,-2.0,4.32,3,0,0
-0.39,-1.19,-0.19,-2.26,0.94,-2.12,-0.47,-0.01,3,0,0
-0.36,0.44,1.01,2.37,-0.85,-0.29,0.63,0.46,3,0,0
1.61,-0.94,-1.06,-0.29,-1.0,-0.24,1.72,0.16,3,0,0
1.28,2.09,-1.26,1.64,1.14,1.63,0.29,-0.21,3,0,0
2.41,2.07,1.89,0.31,1.76,0.5,-0.92,0.64,3,0,0
-0.88,-4.94,-0.99,-0.46,-3.4,0.54,3.29,0.05,3,0,0
1.81,0.73,-0.37,2.02,-0.1,2.7,0.95,1.04,3,0,0
3.03,-1.54,0.83,-2.04,0.03,1.44,0.64,1.26,3,0,0
0.81,0.83,0.1,-0.71,1.58,-1.34,-0.93,0.96,3,0,0
-1.46,1.17,-0.83,2.47,0.67,0.55,-0.13,0.42,3,0,0
2.41,1.65,-1.34,1.46,0.14,3.4,1.51,-1.23,3,0,0
2.08,3.37,-0.93,1.63,2.05,-0.09,-0.12,-0.43,3,0,0
0.18,-3.65,-0.33,-1.4,-2.29,3.15,2.51,-1.23,3,0,0
1.49,-2.28,-0.19,-1.49,-0.57,2.35,1.06,1.13,3,0,0
1.96,0.75,1.48,-1.77,1.71,1.14,-0.85,-0.38,3,0,0
-1.32,-2.54,-0.74,1.24,-2.84,2.61,2.99,-2.0,3,0,0
-0.06,-2.02,-0.77,-1.62,-0.3,-1.85,1.02,-0.34,3,0,0
-1.71,-2.55,-2.17,-1.36,-1.16,-1.18,1.93,-1.86,3,0,0
-1.8,-4.82,-1.12,-0.72,-2.76,-0.13,2.45,0.25,3,0,0
-2.56,-2.13,-0.68,1.77,-2.85,-0.53,2.68,-1.67,3,0,0
-2.35,-3.0,-1.29,-0.61,-1.73,-2.35,1.68,-0.52,3,0,0
-1.39,-0.75,-1.26,-0.38,0.33,-2.74,0.61,-0.89,3,0,0
2.27,-1.87,0.38,-0.17,-1.31,1.73,1.24,2.35,3,0,0
0.21,1.23,-1.71,0.8,1.29,2.44,0.45,-1.45,3,0,0
-1.8,2.96,-0.16,3.75,0.63,-1.27,0.33,-2.54,3,0,0
1.7,1.02,0.25,-0.77,1.49,-0.33,-0.27,-0.32,3,0,0
-1.27,-2.59,-0.43,-1.76,-0.53,-2.13,0.63,0.2,3,0,0
-2.55,-2.73,-0.82,0.06,-1.53,-0.82,0.99,0.78,3,0,0
-0.55,-1.76,-0.09,-1.07,0.34,1.41,-0.22,1.32,3,0,0
3.15,-0.17,1.78,-2.0,0.57,-0.36,0.1,0.3,3,0,0
2.6,0.84,-0.42,0.78,-0.12,3.16,1.98,-2.44,3,0,0
-0.51,-0.54,-0.34,-1.38,0.51,-2.22,0.43,-1.92,3,0,0
-2.76,-0.69,-1.8,0.18,0.59,1.7,0.01,-0.9,3,0,0
-3.85,-1.93,-0.91,2.09,-1.7,-0.36,1.8,-1.49,3,0,0
1.85,1.15,1.61,0.8,0.21,-1.93,0.4,0.04,3,0,0
-1.61,-0.36,-1.28,1.89,-0.8,-0.9,1.62,-1.12,3,0,0
2.98,-0.83,-0.22,-1.46,-0.31,1.4,1.33,-0.12,3,0,0
-2.31,-0.18,-0.62,2.71,-0.61,0.39,0.47,0.58,3,0,0
-0.35,-0.27,0.15,-1.29,1.3,-1.37,-0.51,-0.6,3,0,0
1.74,1.95,1.78,0.1,1.96,0.23,-1.47,1.3,3,0,0
-0.6,-4.08,-0.06,-2.49,-1.65,-1.16,1.93,-0.97,3,0,0
1.6,-0.22,0.27,-1.54,1.04,-0.49,-0.58,1.53,3,0,0
0.69,3.49,-1.4,1.56,2.37,1.72,-0.08,-2.58,3,0,0
1.63,-1.19,2.2,-2.43,0.57,-1.63,-0.99,2.1,3,0,0
1.63,2.81,2.75,-0.14,3.47,-1.08,-3.74,4.14,3,0,0
-2.51,-3.17,1.02,1.14,-2.05,-0.45,1.02,1.4,3,0,0
-0.86,0.39,-0.68,0.84,0.04,-0.68,0.95,-1.95,3,0,0
-0.97,-1.81,-2.87,-0.45,-1.08,-0.17,2.43,-2.28,3,0,0
0.87,1.11,-0.61,0.28,1.15,0.23,0.55,-1.87,3,0,0
1.91,-1.12,0.69,0.55,-0.72,1.28,0.76,2.43,3,0,0
1.26,-2.02,-0.52,0.75,-3.59,-0.4,3.94,-1.57,3,0,0
1.31,-0.5,-0.64,-0.9,-0.99,-0.09,1.96,-2.27,3,0,0
1.92,1.96,1.3,-1.25,2.49,-1.11,-1.68,0.79,3,0,0
-1.36,-0.59,-0.53,2.59,-1.24,1.34,1.58,-0.66,3,0,0
2.88,1.4,0.71,-0.87,1.32,-0.59,-0.28,0.42,3,0,0
1.86,0.34,1.55,-0.09,0.89,2.62,-0.37,0.82,3,0,0
-0.45,-2.54,-0.29,-1.51,-0.34,-0.34,0.33,1.08,3,0,0
-0.56,2.69,-3.32,1.02,1.63,-2.11,0.64,-2.9,3,0,0
-3.48,-0.79,-4.17,1.08,-0.76,1.03,2.56,-4.55,3,0,0
0.73,-0.19,0.92,0.76,-0.23,-0.86,0.17,1.71,3,0,0
-0.5,0.39,-0.53,2.17,-0.47,0.96,1.47,-1.67,3,0,0
0.51,1.68,1.08,0.72,2.05,1.18,-1.74,1.69,3,0,0
3.29,2.15,1.3,-1.28,3.1,3.28,-1.79,0.46,3,0,0
-0.86,1.07,0.09,2.12,0.46,0.57,-0.16,0.36,3,0,0
-1.76,-2.45,-1.67,-0.12,-2.5,-1.81,2.4,-0.92,3,0,0
-1.16,-0.65,-1.25,-1.0,1.31,1.56,0.14,-2.02,3,0,0
0.54,-0.24,0.06,-0.47,0.75,-0.83,-0.44,1.7,3,0,0
-1.09,3.44,1.19,0.75,4.08,-2.44,-3.74,1.8,3,0,0
-0.33,4.93,0.74,2.56,3.78,-0.54,-2.39,-0.89,3,0,0
-0.23,-2.02,0.75,-2.21,0.48,0.03,-0.27,0.38,3,0,0
-0.12,0.02,-1.33,0.38,0.44,0.53,0.63,-0.53,3,0,0
4.18,-3.87,0.35,-4.74,-0.74,1.08,1.39,1.43,3,0,0
-0.34,-1.12,1.17,0.73,-0.69,-2.55,0.26,2.13,3,0,0
0.05,0.92,1.73,1.3,0.78,0.88,-0.85,1.26,3,0,0
-0.87,-0.35,-1.04,2.34,-1.04,1.74,1.38,0.07,3,0,0
-0.02,2.76,-0.28,2.98,0.63,-0.35,0.25,-0.66,3,0,0
-2.34,-3.15,-0.88,2.05,-4.49,-0.53,3.88,-1.53,3,0,0
2.03,-2.38,-0.59,-2.48,-1.21,-0.68,2.04,-0.75,3,0,0
0.87,-2.15,1.46,-3.06,0.74,-1.91,-0.56,1.17,3,0,0
3.88,1.28,3.37,-1.59,3.23,1.43,-3.17,4.44,3,0,0
1.13,0.53,2.95,-0.04,1.61,1.87,-2.0,3.02,3,0,0
-2.7,-2.11,-0.03,1.89,-1.98,0.23,1.56,-0.36,3,0,0
0.11,-1.31,-1.89,-2.3,0.18,-0.73,0.69,-0.66,3,0,0
2.82,-0.43,0.06,0.37,-0.69,0.89,1.57,0.77,3,0,0
-0.95,2.19,-1.18,0.15,2.55,0.09,-0.98,-1.95,3,0,0
-3.74,-0.66,-1.79,1.83,-0.42,-3.21,1.15,-1.62,3,0,0
1.58,-2.04,1.95,-0.51,-0.51,0.18,-0.36,4.18,3,0,0
-1.43,-0.66,-1.99,0.42,-0.28,-1.12,1.02,-0.67,3,0,0
-0.04,-0.95,-0.36,0.99,-1.24,1.67,1.8,-1.12,3,0,0
-3.74,-0.37,-3.5,1.77,-0.41,-1.33,1.49,-2.24,3,0,0
0.93,-3.08,-1.1,-2.17,-2.0,-0.43,2.8,-1.71,3,0,0
-2.17,-1.16,-0.06,-0.94,1.81,-2.24,-2.28,3.55,3,0,0
-0.52,0.41,-0.3,0.8,1.29,0.41,-0.51,0.37,3,0,0
-1.11,1.51,1.46,-1.25,3.26,0.37,-3.12,0.62,3,0,0
0.17,2.77,-0.84,1.1,3.65,2.09,-1.85,0.31,3,0,0
-3.16,-3.25,1.64,1.9,-2.81,-2.71,0.57,3.66,3,0,0
2.77,2.37,-0.45,-0.66,3.12,2.88,-1.85,1.69,3,0,0
-1.92,-4.35,-0.61,-2.45,-2.08,-2.17,1.64,-0.28,3,0,0
1.73,-1.72,1.01,-2.75,0.61,-0.62,-0.64,2.42,3,0,0
-2.6,-1.12,-0.1,1.4,-0.27,0.62,0.71,-1.29,3,0,0
-2.6,-2.48,-3.41,2.0,-3.08,-1.07,4.36,-3.45,3,0,0
-0.19,0.24,-0.98,-0.84,0.52,-0.12,0.76,-2.45,3,0,0
1.25,1.72,2.39,1.83,0.94,-1.2,-1.02,2.03,3,0,0
-1.2,-3.86,-0.42,-0.56,-3.33,0.11,2.98,-1.24,3,0,0
-2.03,-2.38,-1.61,1.1,-1.57,-0.03,1.77,0.23,3,0,0
1.76,2.14,0.91,-0.88,3.49,0.56,-2.64,2.23,3,0,0
-1.58,0.42,-0.98,1.82,0.37,0.61,-0.22,1.09,3,0,0
3.4,1.02,0.15,0.47,0.02,2.45,1.34,-0.75,3,0,0
0.37,-0.33,-0.97,-2.36,1.41,-0.28,0.33,-2.58,3,0,0
-0.63,3.13,-1.29,1.54,2.37,-0.52,-0.73,-1.63,3,0,0
-2.03,-4.2,-2.38,-0.5,-2.53,2.44,2.86,-1.31,3,0,0
-0.84,-0.46,-0.77,3.21,-1.47,-0.73,1.38,1.57,3,0,0
-0.87,-2.61,-0.17,-1.15,-0.67,-0.7,0.36,1.48,3,0,0
-2.84,-0.84,-2.34,0.99,-1.2,-1.38,2.11,-3.23,3,0,0
-1.19,-0.54,-0.33,1.34,0.01,1.05,0.14,0.98,3,0,0
1.7,0.41,1.7,-1.85,1.81,0.97,-1.02,-0.31,3,0,0
-0.88,0.28,1.65,-1.69,2.06,-4.18,-2.23,1.36,3,0,0
-2.72,-0.64,-1.08,0.09,-0.52,-3.36,1.35,-3.58,3,0,0
-0.68,-1.61,-1.65,-0.27,-1.13,-0.94,2.01,-1.72,3,0,0
-1.45,1.91,2.51,1.91,1.82,-2.78,-2.11,1.55,3,0,0
0.28,3.56,1.4,2.24,2.45,0.48,-1.96,0.78,3,0,0
1.75,-0.39,2.22,-0.55,0.47,-1.56,-1.12,3.8,3,0,0
-0.88,-3.53,-2.34,0.75,-3.83,1.95,4.37,-2.16,3,0,0
1.05,-1.06,2.17,-0.65,0.55,0.58,-0.83,2.4,3,0,0
0.76,-0.36,1.08,-0.17,0.93,3.11,-0.8,1.61,3,0,0
-1.69,0.09,-2.22,2.91,-1.47,0.98,2.46,-2.1,3,0,0
2.19,-0.14,3.85,0.47,-0.51,0.04,0.1,1.4,3,0,0
-1.0,-0.22,1.04,-1.26,1.93,-1.3,-1.95,1.55,3,0,0
-3.65,-0.34,-1.24,3.87,-1.75,-2.29,1.86,-1.36,3,0,0
1.55,-0.21,0.07,-0.87,-0.79,0.96,1.71,-2.61,3,0,0
-5.03,-0.61,-5.52,2.85,-1.73,-4.33,2.86,-2.89,3,0,0
4.27,0.18,1.72,-0.63,-0.66,0.25,0.97,1.04,3,0,0
-4.47,-1.23,-2.85,1.83,-1.07,-1.03,1.27,-1.24,3,0,0
0.06,-2.14,-0.46,0.96,-3.04,1.72,3.98,-3.61,3,0,0
0.79,1.1,-1.79,1.47,0.26,2.06,1.27,-1.34,3,0,0
-1.39,-3.39,-1.49,-0.54,-2.11,2.0,2.48,-1.45,3,0,0
4.13,-1.55,-0.01,-3.51,-0.05,3.03,1.6,-1.45,3,0,0
-4.53,-1.34,-3.28,2.47,-1.62,0.02,2.44,-3.11,3,0,0
-1.03,2.73,-0.62,2.84,1.73,1.58,-0.43,-1.48,3,0,0
5.17,2.36,1.83,-2.01,2.74,1.15,-1.51,1.35,3,0,0
1.52,-2.39,1.23,-3.44,0.78,0.01,-0.97,2.82,3,0,0
0.11,0.23,1.46,-0.77,1.6,-2.91,-1.59,2.11,3,0,0
-2.75,-5.17,-2.9,-0.39,-4.0,-1.14,4.16,-1.81,3,0,0
0.79,-0.9,-2.8,0.95,-1.56,0.65,3.16,-1.74,3,0,0
-1.25,-3.49,-2.21,-0.58,-2.78,-3.9,3.1,-0.67,3,0,0
-0.39,0.12,-0.33,0.77,-0.06,-2.3,0.58,-0.07,3,0,0
1.65,0.14,-0.57,1.21,-1.33,-0.48,2.19,-0.77,3,0,0
-3.87,-2.11,-4.21,1.83,-2.79,0.21,4.06,-4.58,3,0,0
-0.98,1.53,0.24,0.64,1.65,-1.53,-1.05,-0.26,3,0,0
0.08,-2.29,2.31,-2.2,0.29,-1.63,-0.71,1.76,3,0,0
-2.29,0.64,-1.04,2.43,-0.32,-0.16,0.96,-1.55,3,0,0
0.53,-0.71,2.79,0.8,-1.3,-2.05,0.13,2.21,3,0,0
-0.15,0.5,-0.26,-0.6,1.9,-0.63,-0.7,-0.54,3,0,0
1.34,-0.33,1.8,-1.98,1.65,0.84,-1.95,2.68,3,0,0
-2.16,-0.48,-2.36,2.01,-0.97,0.88,1.84,-2.05,3,0,0
-1.85,1.85,-0.68,3.01,0.51,-0.37,0.69,-2.7,3,0,0
2.13,-0.43,0.65,-3.67,2.52,1.69,-1.82,1.59,3,0,0
-2.97,0.11,-3.18,2.94,-0.75,-1.0,1.81,-1.52,3,0,0
0.42,-1.68,0.08,-0.76,-1.25,-2.25,1.49,-0.05,3,0,0
-1.65,0.47,-0.72,1.65,0.05,-1.18,0.24,0.05,3,0,0
-0.33,2.5,-0.58,-0.05,3.76,3.02,-2.27,-0.14,3,0,0
-1.55,-0.92,-4.45,0.58,-0.76,0.58,1.95,-0.91,3,0,0
-1.36,0.26,-0.13,-0.69,1.67,-0.27,-1.23,-0.14,3,1,1
-0.51,1.63,-0.94,3.34,-1.02,-0.66,2.68,-3.85,3,0,0
-1.31,-3.4,-0.67,0.93,-3.66,-0.83,3.33,-0.75,3,0,0
0.04,0.59,1.38,-0.51,1.06,-1.28,-1.14,0.85,3,0,0
0.83,0.91,0.33,0.24,0.46,0.01,1.04,-2.8,3,0,0
3.93,3.06,3.32,0.56,2.18,-2.08,-2.11,3.56,3,0,0
1.26,1.12,0.19,2.6,-0.47,0.42,0.74,1.54,3,0,0
1.0,-1.1,-1.03,-0.6,-1.07,-2.25,1.84,-0.43,3,0,0
-1.59,0.24,0.35,0.4,0.66,0.28,-0.41,-0.71,3,0,0
0.37,-0.27,-2.49,-0.41,-0.41,2.99,2.56,-4.29,3,0,0
-2.67,-0.84,-4.4,2.08,-1.93,-0.5,3.93,-4.84,3,0,0
1.09,2.07,2.84,0.09,3.56,-0.68,-3.7,4.28,3,0,0
3.0,2.13,1.22,-1.1,2.79,0.84,-1.68,1.12,3,0,0
-1.59,0.82,0.56,1.57,0.85,-2.07,-0.67,0.54,3,0,0
-0.76,-1.38,-2.81,1.66,-2.4,-0.99,3.14,-1.07,3,0,0
-2.37,0.22,-2.2,4.03,-1.67,-0.41,2.49,-1.85,3,0,0
-0.38,1.19,0.18,1.74,0.68,-1.15,-0.29,0.73,3,0,0
0.41,1.0,0.92,-0.49,1.61,0.66,-0.54,-1.35,3,0,0
0.4,-1.6,0.5,-2.39,0.9,-0.43,-1.21,2.87,3,0,0
-3.49,-4.57,-0.8,-1.42,-1.45,0.49,1.02,0.09,3,0,0
5.57,2.57,0.77,-1.69,2.93,5.07,-0.89,0.02,3,0,0
1.49,-2.31,-1.42,1.81,-3.74,2.63,4.2,-0.35,3,0,0
-2.6,1.91,-0.21,2.93,2.37,0.4,-2.66,3.45,3,0,0
3.47,0.01,4.18,-1.94,0.68,0.25,-1.27,2.31,3,0,0
-4.49,-1.5,-3.15,1.17,-1.33,-1.47,2.86,-5.46,3,0,0
-1.51,-2.97,-0.31,-0.42,-1.44,-0.24,1.17,0.67,3,0,0
-0.77,-1.22,1.18,0.69,-0.48,0.54,0.15,1.0,3,0,0
1.31,-0.13,1.5,-0.39,0.58,0.12,-0.45,1.47,3,0,0
3.31,3.12,2.36,-0.64,2.98,-0.19,-2.14,1.02,3,0,0
-0.85,-1.66,-3.03,1.51,-3.22,-0.04,4.46,-3.7,3,0,0
5.15,1.08,4.18,-4.65,3.87,0.4,-3.22,2.13,3,0,0
-4.09,-1.96,-3.26,0.22,-0.05,-0.77,0.93,-1.37,3,0,0
-1.23,-0.33,-0.48,1.26,-0.33,-0.23,0.88,-0.71,3,0,0
1.99,-0.68,-0.13,-1.88,0.91,0.89,-0.48,1.8,3,0,0
1.69,0.36,2.19,-1.07,1.47,-1.76,-1.55,2.65,3,0,0
-2.56,0.13,0.12,1.66,1.05,-2.09,-1.34,2.58,3,0,0
0.88,1.07,0.58,0.91,1.1,2.05,-0.38,0.35,3,0,0
-0.25,-3.22,-0.22,-1.07,-1.7,1.12,2.55,-1.95,3,0,0
0.18,-2.33,1.41,-1.56,-0.85,-2.85,-0.06,2.55,3,0,0
0.43,-3.25,-1.38,-0.16,-2.81,-0.33,2.93,0.43,3,0,0
1.84,0.15,-1.49,-0.81,-0.11,0.28,1.42,-1.06,3,0,0
-1.06,-1.95,1.53,0.41,-0.83,-0.11,-0.22,2.73,3,0,0
-2.76,-1.26,-1.33,0.12,-0.34,-1.17,0.42,-0.17,3,0,0
2.71,0.05,1.35,-2.98,2.09,0.5,-1.11,0.64,3,0,0
-0.84,-1.27,-2.84,1.39,-2.28,1.29,3.85,-4.04,3,0,0
-3.09,-0.57,0.52,3.07,-1.26,-1.58,0.22,1.67,3,0,0
2.11,1.71,2.79,0.61,1.72,-0.01,-1.6,2.09,3,0,0
-1.86,0.27,1.34,1.18,0.91,-2.68,-1.69,2.85,3,0,0
-1.24,0.22,1.12,-0.22,2.22,0.8,-2.34,2.13,3,0,0
3.12,2.3,3.67,0.25,3.09,-0.9,-4.08,6.92,3,0,0
0.17,1.21,-1.2,-1.91,2.91,-0.35,-1.21,-1.09,3,0,0
1.06,-0.81,0.05,0.17,-1.37,-0.44,1.96,-1.08,3,0,0
3.33,-0.32,-0.14,-2.9,1.72,1.16,-0.76,1.98,3,0,0
-1.98,-1.51,1.61,0.06,0.15,0.09,-1.1,2.21,3,0,0
-2.37,-1.29,-1.63,1.79,-1.27,-0.16,1.77,-1.25,3,0,0
-2.46,-0.51,-3.13,0.18,0.64,0.96,0.8,-1.99,3,0,0
-1.3,-0.08,1.76,-1.75,2.59,-2.49,-2.95,2.18,3,0,0
1.88,-1.65,2.81,-1.21,-0.34,-0.33,-0.29,2.84,3,0,0
0.88,0.85,2.7,-0.42,2.15,-0.58,-2.43,3.06,3,0,0
3.69,1.1,3.07,0.01,1.61,1.28,-1.92,4.3,3,0,0
2.65,2.31,3.1,0.1,2.67,2.64,-2.43,2.4,3,0,0
-0.17,-1.19,0.25,-0.54,0.28,-0.91,-0.18,1.55,3,0,0
3.93,3.09,0.05,0.73,2.21,1.54,-0.53,0.91,3,0,0
3.69,-2.4,2.64,-3.02,-0.13,0.41,-0.26,3.38,3,0,0
0.29,0.63,0.55,-0.09,1.73,-1.08,-1.5,2.47,3,0,0
0.24,1.24,0.95,0.1,1.55,-0.08,-1.59,1.6,3,0,0
2.43,0.07,1.57,0.82,-0.28,0.66,0.62,1.22,3,0,0
1.32,0.13,-0.5,-1.11,1.12,0.61,0.11,-0.25,3,0,0
-3.06,-2.14,-0.45,1.81,-1.88,-0.92,1.96,-1.27,3,0,0
-2.61,1.23,-2.62,2.54,0.19,1.23,1.13,-2.67,3,0,0
-1.15,0.95,0.25,0.62,2.14,0.33,-0.81,-1.11,3,0,0
2.6,-2.23,0.96,-2.37,-0.55,2.85,1.29,-0.48,3,0,0
-0.67,-1.07,0.71,-0.81,0.03,-1.73,-0.5,1.71,3,0,0
-0.83,-0.44,0.49,-0.37,0.8,0.3,-0.38,-0.12,3,0,0
-0.8,-2.32,-0.4,-1.79,0.35,-3.02,-0.63,2.79,3,0,0
4.42,1.15,1.18,-1.93,1.24,1.73,0.17,-0.7,3,0,0
1.7,0.16,-0.65,-1.91,1.51,-0.48,-0.03,-0.27,3,0,0
0.47,0.87,-0.34,0.91,0.72,1.8,0.04,0.16,3,0,0
0.21,1.25,1.85,0.98,2.33,2.25,-2.16,2.06,3,0,0
2.7,0.74,0.79,0.93,-0.44,1.29,1.51,-0.98,3,0,0
-1.34,2.4,0.71,2.31,1.5,-1.15,-1.12,0.11,3,0,0
-1.4,1.23,-1.58,1.51,0.52,0.89,0.9,-3.02,3,0,0
0.51,1.5,-0.26,2.46,0.69,1.48,-0.09,1.54,3,0,0
0.63,2.81,-2.27,0.14,2.85,2.05,-0.7,-1.54,3,0,0
-2.07,-3.36,1.47,0.42,-1.61,-0.54,0.25,2.8,3,0,0
-0.45,-1.77,-0.44,-1.51,0.07,-0.81,0.24,0.71,3,0,0
3.15,1.07,2.47,-2.01,2.32,-0.33,-1.88,1.9,3,0,0
0.32,2.23,0.18,-0.18,1.61,-1.99,-0.25,-2.5,3,0,0
-1.37,0.23,0.18,1.88,-0.41,-1.14,-0.07,1.22,3,0,0
-0.51,-2.27,-1.81,-1.03,-0.91,-3.29,1.36,0.72,3,0,0
1.42,-0.27,1.9,-1.5,0.95,-0.28,-0.95,1.55,3,0,0
-1.25,0.1,0.56,0.53,0.31,-2.79,-0.62,1.16,3,0,0
-1.06,2.4,0.77,1.27,3.02,-0.4,-2.45,1.19,3,0,0
2.08,0.1,0.27,-1.15,0.48,0.25,0.47,-0.3,3,0,0
2.17,4.26,0.97,0.3,3.99,0.42,-2.39,0.01,3,0,0
-0.14,-0.89,-1.04,1.42,-1.78,1.06,2.55,-1.68,3,0,0
1.4,0.4,0.39,-0.32,0.36,-1.07,0.16,0.38,3,0,0
-1.97,-0.95,-1.53,-0.24,0.31,0.72,0.66,-1.75,3,0,0
0.79,3.09,1.29,1.23,1.86,-0.71,-1.29,0.04,3,0,0
1.11,-0.03,0.85,-2.94,2.56,-0.02,-1.83,0.77,3,0,0
-2.79,-0.12,-1.56,0.61,-0.45,-4.42,1.19,-2.56,3,0,0
2.62,-2.26,1.73,-1.49,-1.23,0.85,0.6,2.87,3,0,0
2.2,-1.67,0.06,-3.46,0.59,-0.45,0.16,0.73,3,0,0
1.92,-3.71,-1.01,-2.11,-2.46,3.14,3.26,-1.35,3,0,0
0.32,-1.1,1.67,-0.83,0.01,-1.01,-0.56,2.04,3,0,0
3.29,3.81,0.67,0.93,2.19,0.12,-0.68,-0.22,3,0,0
0.89,-0.76,0.91,-1.65,1.23,2.48,-0.76,0.45,3,0,0
-0.48,-0.84,1.19,-0.87,0.87,-2.59,-1.1,2.06,3,0,0
-0.78,0.63,-0.73,-0.81,1.0,-2.78,0.22,-2.12,3,0,0
1.31,2.96,0.61,0.59,3.01,2.24,-1.51,-0.53,3,0,0
-0.85,0.2,-2.56,-0.26,0.9,-0.13,0.86,-2.32,3,0,0
-3.06,-1.74,-3.48,1.68,-2.42,-3.62,3.08,-1.77,3,0,0
-0.7,0.24,-1.45,1.4,0.54,0.08,0.6,-0.19,3,0,0
2.8,-3.25,3.51,-3.15,-0.9,3.55,0.54,0.83,3,0,0
-0.32,-1.55,-0.24,2.95,-2.94,-0.65,2.67,0.77,3,0,0
-3.16,-1.48,-0.38,0.84,-0.45,-1.93,0.22,0.36,3,0,0
-1.12,-2.35,-2.24,0.32,-1.88,0.86,3.19,-2.71,3,0,0
0.81,-2.71,1.08,-2.31,-0.67,-1.0,-0.04,2.68,3,0,0
-0.16,1.67,1.5,-0.22,3.51,0.42,-3.35,2.98,3,0,0
-2.49,0.82,-1.12,3.31,-1.08,0.88,1.49,-1.96,3,1,1
1.82,-3.12,3.93,-1.96,-0.28,0.93,-1.55,5.96,3,0,0
0.44,-0.49,-1.19,-1.65,-0.33,-0.72,1.95,-3.93,3,0,0
0.51,-0.41,-2.45,-2.24,0.52,-1.16,1.35,-2.76,3,0,0
-0.35,-2.09,-0.94,-1.43,-0.78,-1.33,1.15,-0.17,3,0,0
-3.1,0.17,-2.46,1.32,0.03,-3.53,0.82,-1.6,3,0,0
-5.3,-2.21,-3.96,1.26,-1.11,-0.13,2.2,-3.48,3,0,0
1.78,0.44,-0.4,-0.31,0.67,1.74,0.96,-1.79,3,0,0
-0.59,1.25,-2.4,0.4,1.32,-1.0,0.5,-1.91,3,0,0
-0.79,1.55,-0.0,1.29,1.84,0.69,-1.86,2.31,3,0,0
-1.15,-1.33,-0.44,0.58,-1.06,-0.23,1.26,-0.42,3,0,0
0.59,1.48,1.24,-1.15,3.4,0.7,-2.6,1.01,3,0,0
-4.27,-3.41,-1.31,1.65,-3.06,-2.59,2.06,0.54,3,0,0
-2.09,-2.57,0.03,-0.76,-1.14,-3.26,0.53,0.96,3,0,0
1.35,1.72,0.76,0.57,1.32,0.18,-0.77,0.69,3,0,0
-1.47,-2.11,-0.37,-0.31,-1.37,0.35,1.92,-2.62,3,0,0
-0.07,0.33,2.14,0.19,1.8,0.54,-2.82,4.69,3,0,0
2.9,0.67,3.19,-2.82,1.76,-0.82,-1.26,-0.21,3,0,0
-4.95,-4.03,-3.66,-0.03,-2.6,-1.61,2.75,-2.06,3,0,0
-0.85,-0.33,-1.23,0.5,-0.45,0.92,1.97,-3.76,3,0,0
-0.44,-0.01,-0.89,1.35,-0.73,0.2,1.43,-0.96,3,0,0
1.32,-0.46,1.29,-2.0,1.27,-1.58,-0.96,1.46,3,0,0
1.8,-0.66,0.93,1.01,-0.98,0.25,0.55,3.2,3,0,0
1.49,1.86,0.5,0.68,1.88,0.4,-0.77,0.55,3,0,0
-0.23,0.47,1.45,1.12,1.22,0.5,-1.34,2.51,3,0,0
-0.64,0.78,-0.54,2.47,-0.65,0.1,1.76,-2.38,3,0,0
1.4,-0.06,2.63,1.29,-0.67,0.33,0.64,0.47,3,0,0
1.1,-3.44,1.06,-1.66,-1.74,-3.2,0.95,3.24,3,0,0
-1.34,0.14,-0.22,1.65,0.25,0.92,0.14,0.06,3,0,0
1.04,5.0,2.01,3.02,3.4,-0.23,-2.43,0.8,3,0,0
0.25,-2.16,0.22,1.49,-3.47,-0.9,3.16,-0.27,3,0,0
4.31,2.6,2.45,0.01,2.27,3.62,-1.35,1.33,3,0,0
0.11,-1.9,1.04,-0.98,-0.31,1.69,0.4,-0.09,3,0,0
1.25,1.59,2.77,-0.27,2.88,-0.79,-2.84,3.07,3,0,0
-1.59,-0.49,-3.11,0.09,-0.12,-1.47,1.35,-1.8,3,0,0
-1.38,0.7,-0.11,0.22,1.1,-0.12,0.3,-3.47,3,0,0
0.96,-1.8,-1.46,-0.15,-2.16,0.37,3.02,-1.51,3,0,0
3.51,-0.36,1.85,-1.5,-0.28,0.43,0.16,2.06,3,0,0
-1.69,-0.13,-0.08,1.2,-0.49,-0.62,0.89,-1.65,3,0,0
3.18,0.25,0.02,-0.68,-0.11,1.04,1.43,-1.2,3,0,0
0.61,-1.0,-0.45,0.87,-1.56,-1.16,2.52,-1.55,3,0,0
0.2,0.58,-2.05,-0.06,0.27,1.27,1.7,-3.5,3,0,0
-0.36,-1.79,-2.68,0.22,-1.65,1.24,2.11,-0.03,3,0,0
1.5,-0.33,1.05,-2.23,0.57,-1.65,-0.66,1.44,3,0,0
-2.19,-0.99,-0.31,1.13,-1.12,0.45,1.51,-2.24,3,0,0
-3.31,2.26,-2.07,1.5,3.14,0.39,-1.74,-1.29,3,0,0
-3.93,-0.0,-0.94,1.82,0.8,-0.7,-0.89,0.58,3,0,0
3.07,-1.83,1.32,-2.08,-0.19,4.15,0.71,0.5,3,0,0
-0.2,2.2,-0.22,2.3,2.07,3.23,-1.3,0.98,3,0,0
-0.95,-0.35,-0.54,0.86,-0.63,1.13,1.83,-3.34,3,0,0
-1.28,1.78,0.18,1.44,1.57,-1.5,-1.44,1.04,3,0,0
1.04,0.29,0.75,-0.82,0.53,-0.69,0.47,-1.63,3,0,0
1.1,-1.05,1.22,-1.09,-0.04,-1.14,0.55,-0.2,3,0,0
1.57,-0.93,1.24,-1.94,1.7,-0.02,-1.48,3.02,3,0,0
1.4,-1.75,0.09,-0.52,-0.94,1.26,1.24,0.85,3,0,0
-0.58,-0.79,-0.02,1.06,-1.32,0.82,1.26,-0.23,3,0,0
0.59,-3.41,0.17,-0.87,-2.05,-2.78,1.94,1.41,3,0,0
1.41,2.83,0.7,0.85,2.26,-2.28,-1.45,1.37,3,0,0
0.42,0.28,-2.56,0.45,-0.29,0.08,2.12,-2.55,3,0,0
-1.13,-1.41,-4.47,0.33,-1.05,0.16,3.34,-3.67,3,0,0
2.23,0.38,0.79,-0.73,0.68,-0.26,0.02,0.48,3,0,0
0.44,-0.62,0.38,-1.06,0.95,0.08,-0.62,1.36,3,0,0
1.37,-1.59,1.06,-2.86,1.54,0.26,-1.63,3.45,3,0,0
0.46,1.09,1.09,0.93,1.11,1.29,-0.88,1.39,3,0,0
-0.09,-1.03,0.14,-0.15,-0.98,0.03,1.9,-2.56,3,0,0
-4.96,-3.4,-3.97,2.87,-3.78,0.07,4.75,-4.52,3,0,0
-1.26,-0.42,-1.76,-0.23,-0.07,-1.25,0.96,-1.52,3,0,0
-1.01,-0.51,0.19,2.33,-0.74,1.2,0.52,1.29,3,0,0
1.2,-1.02,-0.59,-0.94,0.02,2.43,1.2,-1.02,3,0,0
-2.15,0.25,-3.28,2.04,-1.66,-0.11,3.5,-5.76,3,0,0
-0.43,1.73,-1.24,1.71,0.9,0.26,-0.0,-0.12,3,0,0
-1.85,1.35,-0.5,2.1,0.77,0.38,-0.34,-0.53,3,0,0
-3.5,0.1,-1.92,2.59,-0.56,-1.07,1.14,-1.65,3,0,0
-2.25,-0.29,-0.93,0.96,0.36,0.57,-0.02,-0.03,3,0,0
-0.63,0.36,0.43,0.24,0.75,0.64,0.05,-1.43,3,0,0
0.55,-3.27,-1.26,-2.18,-1.62,0.22,2.83,-2.42,3,0,0
0.7,-4.82,-0.39,-1.63,-3.31,-0.47,3.31,-0.02,3,0,0
0.67,-0.4,-0.88,-0.5,0.25,0.9,0.55,0.2,3,0,0
-1.96,1.85,-2.5,0.54,2.93,2.41,-1.36,-1.23,3,0,0
-1.16,-1.06,-0.39,-0.55,0.15,-0.18,-0.05,0.43,3,0,0
1.62,1.62,-0.03,0.63,1.24,-1.74,0.22,-0.61,3,0,0
-0.6,0.03,0.26,-1.15,2.34,-1.22,-2.34,2.97,3,0,0
-3.02,-3.0,-0.62,1.46,-2.76,-0.95,2.11,-0.19,3,0,0
0.13,4.37,-2.15,1.95,2.81,1.35,-0.68,-2.28,3,0,0
0.87,0.4,-1.71,0.22,-0.76,0.53,2.4,-3.45,3,0,0
-0.08,1.43,-0.94,0.96,0.88,1.74,0.39,-1.85,3,0,0
-1.14,-1.09,1.75,0.02,-0.01,0.17,-0.36,0.63,3,0,0
-0.15,-1.2,0.13,1.14,-1.67,1.45,2.12,-1.38,3,0,0
0.34,0.89,1.3,-0.75,2.29,-0.05,-1.68,0.69,3,0,0
0.12,-4.7,1.33,-0.62,-3.54,2.29,2.43,1.47,3,0,0
1.64,-0.32,1.21,-0.32,0.03,0.8,0.58,-0.44,3,0,0
-1.01,-0.9,-3.49,1.74,-2.23,0.57,4.24,-4.78,3,0,0
-1.57,1.73,-2.21,0.84,1.57,-2.24,0.39,-2.74,3,0,0
-1.47,-3.29,-0.51,0.21,-2.23,1.17,1.76,0.65,3,0,0
-0.03,-1.08,-0.73,0.94,-1.48,0.24,1.51,0.85,3,0,0
-0.73,-1.01,0.43,0.35,-0.69,2.54,0.75,-0.67,3,0,0
0.96,4.01,0.77,3.02,2.2,-1.4,-1.38,1.23,3,0,0
-0.04,0.1,-0.48,1.45,-0.26,0.81,0.94,-0.28,3,0,0
-0.99,-0.2,-1.67,2.62,-2.28,-1.02,3.13,-2.47,3,0,0
-1.01,-1.55,-0.85,-1.37,0.28,-1.23,0.36,-0.44,3,0,0
1.52,-2.39,1.46,-1.16,-2.29,-0.5,2.36,-1.09,3,0,0
-1.91,-2.71,0.19,-1.26,-0.8,-0.02,0.69,-0.64,3,0,0
-0.14,-2.09,0.69,0.9,-2.13,-0.02,1.11,2.41,3,0,0
-1.04,2.17,-1.12,1.09,2.44,-1.47,-1.52,0.89,3,0,0
3.64,-0.9,3.13,0.29,-1.73,0.79,1.25,2.04,3,0,0
2.65,0.65,3.83,-0.23,0.69,-0.08,-1.5,3.41,3,0,0
1.45,0.64,1.54,0.61,0.29,0.85,0.16,0.29,3,0,0
-1.75,0.55,-3.05,0.8,1.1,0.91,0.59,-1.79,3,0,0
-2.73,-1.63,-1.69,-0.07,-0.4,-1.28,1.1,-1.77,3,0,0
-1.14,2.36,0.92,2.63,1.69,-0.15,-1.68,1.64,3,0,0
0.44,-0.22,0.42,0.45,-0.89,-1.26,0.99,-0.17,3,0,0
1.83,1.97,2.48,0.14,2.0,0.73,-1.99,1.93,3,0,0
-2.28,3.67,-1.52,5.73,0.91,1.04,0.2,-1.16,3,0,0
-1.38,-3.29,-0.72,-0.25,-2.26,-2.84,2.57,-0.85,3,0,0
-1.66,2.49,0.14,3.0,1.57,-2.62,-1.45,1.76,3,0,0
-2.05,-4.64,1.2,-2.66,-1.82,-4.1,0.75,1.11,3,0,0
1.44,-0.04,1.61,-0.71,-0.08,-2.77,0.11,0.52,3,0,0
0.46,0.68,-0.08,0.62,1.31,1.04,-0.86,1.86,3,0,0
1.01,-0.14,-0.09,1.74,-0.7,0.62,1.48,0.41,3,0,0
-1.38,2.51,-0.8,2.83,1.72,-2.08,-0.81,0.25,3,0,0
0.21,-1.08,0.84,-0.17,-0.64,0.37,0.25,1.13,3,0,0
-1.58,0.7,-2.32,1.61,0.43,-0.95,1.06,-1.89,3,0,0
1.78,2.53,-0.31,0.65,1.16,0.54,0.22,-1.54,3,0,0
0.97,-0.44,1.51,-0.25,0.16,3.65,0.31,-0.69,3,0,0
-0.21,-2.04,-4.25,-1.05,-1.46,-0.31,3.13,-2.42,3,0,0
2.6,0.62,-0.07,1.0,0.03,1.35,1.68,-1.11,3,0,0
1.35,-1.14,-2.41,-0.74,-1.23,0.53,2.86,-2.48,3,0,0
-1.13,-2.66,-0.72,-0.05,-2.07,-0.26,2.2,-0.7,3,0,0
0.16,-1.0,-0.74,-0.79,-0.04,1.11,1.1,-1.38,3,0,0
1.05,1.61,0.59,0.84,1.6,-0.75,-0.96,1.43,3,0,0
-0.52,-1.91,-0.65,-1.27,-1.07,0.88,1.89,-2.74,3,0,0
1.76,1.49,-0.47,-0.02,1.03,2.17,0.59,-1.91,3,0,0
-0.94,-3.83,-0.63,-1.67,-1.57,1.22,1.52,-0.06,3,0,0
-0.77,0.27,-1.3,0.74,0.64,2.05,0.83,-2.11,3,0,0
-1.74,0.15,-0.94,1.47,0.34,-0.38,0.39,-0.48,3,0,0
0.87,-0.71,1.25,-1.44,0.24,-1.87,-0.15,0.58,3,0,0
-1.82,-1.65,-0.5,0.99,-0.92,2.28,1.18,-0.84,3,0,0
-1.56,-0.79,-2.06,-1.0,1.29,-1.31,-0.27,0.04,3,0,0
2.11,1.12,2.76,-0.17,1.53,-2.37,-1.17,1.66,3,0,0
-3.02,-1.92,-1.58,2.46,-2.56,-0.87,2.89,-2.0,3,0,0
-0.32,0.62,0.76,-0.83,1.99,-1.58,-1.04,-0.56,3,0,0
-2.53,0.05,-0.39,0.73,0.38,-2.07,0.71,-3.12,3,0,0
0.08,-1.08,1.03,0.35,-0.72,0.31,0.73,0.3,3,0,0
-1.63,0.52,0.66,0.18,0.95,-1.87,-0.5,-1.24,3,0,0
-0.1,2.54,-0.94,2.03,1.22,2.01,0.12,-1.46,3,0,0
-2.79,-1.85,0.38,2.21,-2.23,-0.01,1.47,0.09,3,0,0
-0.83,-2.2,1.58,-2.14,-0.22,-0.6,-0.46,0.89,3,0,0
-0.71,-1.97,0.7,-0.77,-0.45,1.1,0.28,0.43,3,0,0
2.6,-0.25,-0.11,-2.15,0.97,0.83,0.31,-0.23,3,0,0
-1.57,0.69,0.33,2.84,-0.49,0.9,0.59,-0.65,3,0,0
2.88,-1.0,1.42,-1.89,0.63,-0.6,-0.98,4.23,3,0,0
-0.65,-1.15,0.02,0.65,-0.39,-0.92,0.37,1.32,3,0,0
-0.16,-1.3,-0.16,0.49,-1.52,-0.56,1.96,-0.92,3,0,0
-0.58,1.87,-1.85,2.13,1.17,-0.51,-0.02,0.07,3,0,0
0.91,0.85,1.66,-0.2,1.53,0.8,-1.25,0.93,3,0,0
2.47,3.04,2.61,0.74,2.52,2.2,-2.17,1.63,3,0,0
1.04,0.21,1.09,-1.81,2.44,-0.54,-2.23,2.8,3,0,0
-3.53,2.07,-2.37,2.74,1.15,-2.38,0.28,-2.66,3,0,0
-0.54,-3.85,0.12,-1.53,-2.07,-1.44,1.6,1.11,3,0,0
0.18,2.08,0.56,1.38,1.56,1.6,-0.69,-0.63,3,0,0
-0.5,1.66,0.62,2.71,0.53,0.89,-0.04,-0.17,3,0,0
-0.01,1.43,-1.3,0.45,1.26,0.75,0.56,-2.66,3,0,0
-1.69,-1.81,-1.66,-1.25,0.07,-2.67,0.45,-0.15,3,0,0
0.85,1.89,0.95,1.23,0.84,0.23,-0.38,-0.05,3,0,0
0.19,1.94,1.79,0.58,1.58,-2.68,-1.53,1.06,3,0,0
-4.45,3.25,-3.46,3.61,2.49,-1.11,-0.9,-1.97,3,0,0
-1.36,-1.71,-0.93,1.28,-2.15,0.04,2.46,-1.49,3,0,0
2.82,1.52,2.15,1.57,0.47,3.71,-0.22,1.52,3,0,0
-0.83,0.68,-0.44,-0.1,2.14,-2.94,-1.93,2.69,3,0,0
1.58,-0.63,0.06,0.41,-0.99,0.06,1.28,0.67,3,0,0
0.34,0.04,2.21,0.37,0.78,2.35,-0.69,0.66,3,0,0
-0.45,2.38,-1.35,1.57,2.69,0.13,-1.7,1.82,3,0,0
-3.61,-1.79,-3.97,2.43,-2.9,-1.65,3.84,-3.31,3,0,0
2.38,-0.82,-0.37,-2.52,0.8,0.13,0.36,-0.23,3,0,0
-3.76,-1.67,-2.73,-1.0,-0.76,-3.57,1.61,-3.31,3,0,0
-1.31,0.04,-2.55,1.09,0.13,2.44,1.16,-1.83,3,0,0
1.69,1.75,1.74,-0.72,2.33,-0.84,-1.54,0.68,3,0,0
-2.89,-5.78,-3.19,0.06,-4.61,0.96,4.99,-2.8,3,0,0
-1.33,3.39,-1.44,3.49,1.48,3.16,-0.17,-1.88,3,0,0
0.13,1.57,0.98,1.28,1.68,-0.48,-1.69,2.44,3,0,0
-0.04,0.89,0.1,0.52,1.32,0.57,-0.86,0.82,3,0,0
1.0,0.2,1.68,-0.02,0.87,-0.13,-0.58,1.02,3,0,0
-2.58,-1.41,-1.46,1.42,-2.01,0.58,2.84,-3.91,3,0,0
2.16,-0.69,1.4,0.05,-0.36,0.85,0.41,1.94,3,0,0
0.71,-2.84,-0.47,0.31,-3.34,-1.93,2.56,2.18,3,0,0
-2.54,-2.49,-2.63,1.36,-2.58,-0.46,3.37,-2.59,3,0,0
2.01,-0.06,0.84,0.36,-0.1,1.65,0.54,1.1,3,0,0
-1.45,-1.9,-0.22,0.65,-1.99,-0.86,2.17,-1.56,3,0,0
-2.57,0.21,-0.59,1.02,0.83,-0.51,0.04,-1.81,3,0,0
-2.11,1.94,0.78,2.05,2.31,-0.61,-2.02,0.94,3,0,0
-1.33,-1.45,1.36,2.64,-1.84,1.74,1.06,1.35,3,0,0
2.17,1.23,2.15,-1.93,3.13,-1.59,-2.68,2.5,3,0,0
1.36,0.33,-1.39,-0.35,0.38,2.41,1.13,-1.51,3,0,0
1.02,-0.16,3.78,0.69,0.68,0.06,-1.23,2.62,3,0,0
-2.22,1.07,-0.48,2.55,0.8,1.38,0.1,-1.26,3,0,0
-1.38,-0.04,0.87,-1.15,2.03,-2.43,-1.44,0.06,3,0,0
-2.78,-0.84,-0.03,-1.04,1.8,-0.67,-1.85,0.89,3,0,0
0.83,1.97,-0.71,1.62,0.69,0.6,0.19,-0.02,3,0,0
1.4,0.07,-0.86,-1.44,1.25,-0.65,0.24,-0.45,3,0,0
1.74,-2.92,0.22,-1.7,-2.07,0.62,2.44,-0.64,3,0,0
1.84,-0.76,0.78,0.16,-0.25,2.1,0.47,1.62,3,0,0
-3.1,-3.62,-2.66,-0.32,-2.58,-0.96,2.91,-2.18,3,0,0
-1.71,-1.14,-3.22,-0.36,-0.56,-0.74,1.27,-0.68,3,0,0
-0.88,2.04,2.11,0.84,3.12,-2.96,-3.56,3.78,3,0,0
0.72,-2.54,1.21,-1.54,-1.05,-2.0,0.32,2.74,3,0,0
0.43,-1.84,2.52,-2.04,0.91,0.64,-1.25,2.14,3,0,0
-1.8,-1.47,-1.32,1.45,-1.22,0.83,2.1,-1.98,3,0,0
2.41,1.1,-0.21,-0.01,0.95,2.22,0.26,0.12,3,0,0
-4.16,-2.78,-2.72,1.84,-2.87,-0.29,2.89,-2.15,3,0,0
-1.19,-0.83,-0.55,1.36,-0.83,-3.37,0.97,0.7,3,0,0
1.01,0.48,-0.38,-0.9,1.0,-1.85,0.2,-0.68,3,0,0
3.32,3.97,1.44,0.73,2.88,2.47,-1.03,-1.39,3,0,0
-4.22,1.42,-3.31,4.95,-1.04,2.09,2.6,-4.78,3,0,0
1.03,-0.81,3.53,0.29,-0.28,1.68,-0.73,2.42,3,0,0
1.75,3.31,1.43,1.98,2.74,2.9,-2.04,1.8,3,0,0
0.48,1.57,1.82,1.83,1.02,1.02,-0.9,1.3,3,0,0
0.14,2.06,-1.61,2.72,0.74,-0.02,0.41,0.41,3,0,0
-0.34,-1.37,-0.32,-0.76,-0.21,0.34,0.42,0.55,3,0,0
-0.21,0.24,1.62,0.74,0.79,1.06,-0.92,1.06,3,0,0
-2.02,1.17,-1.38,2.13,0.62,1.15,0.27,-1.71,3,0,0
-0.18,-1.28,1.03,-0.4,0.06,-1.43,0.25,0.3,3,0,0
0.32,0.05,0.58,0.08,0.15,2.35,0.33,-0.97,3,0,0
-3.23,4.31,-2.63,4.17,2.71,1.15,-1.28,-1.34,3,0,0
-1.78,2.24,-3.77,4.73,-1.23,-1.06,2.93,-3.21,3,0,0
0.16,0.67,1.23,-0.49,1.54,0.76,-0.9,-0.54,3,0,0
-1.2,0.58,-0.1,0.76,1.06,-0.76,0.18,-1.96,3,0,0
-0.75,0.1,0.43,0.75,0.64,-0.02,-0.37,0.61,3,0,0
0.15,1.19,1.13,2.73,0.42,1.03,-0.34,1.71,3,0,0
0.83,-1.17,-0.13,-2.21,-0.41,-2.17,1.23,-1.73,3,0,0
2.43,-0.41,1.14,0.58,-1.05,2.22,1.36,0.25,3,0,0
0.95,0.41,1.67,-1.69,2.13,-0.55,-1.57,0.68,3,0,0
1.82,1.69,-0.01,1.13,0.79,-0.06,0.87,-1.55,3,0,0
-3.03,-0.73,-1.35,0.94,0.15,-2.41,0.18,-0.16,3,0,0
-1.89,-1.64,-3.32,1.37,-2.39,1.1,3.64,-3.6,3,0,0
0.16,1.21,0.67,-1.08,2.68,2.13,-1.56,-0.86,3,0,0
-1.67,-3.07,1.05,-0.52,-1.07,0.4,0.34,1.25,3,0,0
1.62,-2.79,-1.45,-1.93,-1.21,3.44,2.15,-0.72,3,0,0
-3.02,-0.62,-0.66,3.88,-2.19,-1.03,2.62,-2.44,3,0,0
-3.12,-3.43,-3.25,1.6,-3.75,-1.52,3.71,-1.12,3,0,0
1.57,-0.54,1.93,0.55,-0.51,-1.02,0.17,2.34,3,0,0
1.91,0.26,1.28,-2.79,2.68,-1.27,-2.57,3.24,3,0,0
-2.07,-2.35,-0.78,0.63,-1.87,-1.44,1.26,1.18,3,0,0
-2.41,-3.82,-0.0,-0.97,-2.37,-3.25,1.93,-0.62,3,0,0
0.01,2.76,0.15,1.51,2.06,1.32,-1.05,-0.71,3,0,0
0.73,2.37,-0.12,3.24,0.25,-0.74,0.63,0.03,3,0,0
-2.66,-3.68,-3.32,0.41,-2.86,-0.54,3.62,-2.23,3,0,0
-1.03,-1.18,0.47,-1.34,1.14,-0.63,-0.75,0.32,3,0,0
-1.34,-1.54,-0.86,-1.78,0.27,-2.08,0.16,-0.53,3,0,0
-0.06,-0.6,-0.25,-0.91,0.65,-1.2,-0.1,0.45,3,0,0
1.53,-0.69,-0.25,-0.2,-0.54,2.62,1.27,-0.29,3,0,0
-2.06,-0.97,-1.01,1.35,-1.23,-1.94,1.53,-0.86,3,0,0
1.71,1.54,-0.14,0.38,1.75,1.95,-0.89,1.52,3,0,0
-1.91,1.99,0.48,2.75,0.43,-2.43,0.15,-1.79,3,0,0
-2.02,2.62,-0.53,2.94,1.48,-0.95,-0.25,-2.19,3,0,0
-2.69,0.26,0.8,2.88,-0.76,-2.9,0.36,-0.0,3,0,0
0.56,-0.32,-0.24,-0.72,0.78,-0.28,-0.18,0.97,3,0,0
1.06,1.62,0.42,1.43,1.37,-0.99,-0.54,1.35,3,0,0
1.29,-1.58,0.14,0.05,-2.37,1.38,3.16,-2.33,3,0,0
2.0,2.13,4.24,0.99,2.38,1.29,-3.18,4.61,3,0,0
-0.36,-0.28,-0.4,-0.82,0.98,-0.26,0.09,-1.14,3,0,0
-0.94,-0.9,0.78,0.36,-0.39,0.32,0.34,-0.08,3,0,0
-0.57,-1.65,-1.21,0.26,-1.55,1.46,2.25,-2.04,3,0,0
-3.39,-0.67,0.15,1.15,-0.24,-2.85,-0.21,0.08,3,0,0
-0.83,1.02,-1.02,0.26,1.86,-0.21,-0.51,-1.04,3,0,0
-0.65,-2.97,-0.12,-1.48,-2.26,-1.97,2.62,-2.43,3,0,0
3.62,-0.2,0.6,-2.21,0.64,-0.8,0.12,1.36,3,0,0
-0.99,-2.59,0.5,-0.11,-1.82,-1.91,1.32,0.56,3,0,0
-2.23,-0.05,0.9,1.46,1.13,-0.69,-1.44,2.07,3,0,0
1.6,-0.97,0.94,-0.61,-0.84,-0.05,0.98,0.43,3,0,0
-2.25,-2.18,-2.34,2.41,-3.42,-1.21,3.26,-0.5,3,0,0
2.02,1.37,-1.98,0.55,0.93,3.73,0.92,-1.05,3,0,0
-1.48,-0.52,-0.99,0.54,-0.2,-4.08,1.11,-1.3,3,0,0
1.37,0.08,1.54,0.83,0.51,4.33,-0.01,0.68,3,0,0
-2.1,-0.18,-0.63,0.25,1.52,-1.22,-1.19,1.26,3,0,0
0.7,-0.7,0.01,0.21,-0.9,1.38,1.87,-1.98,3,0,0
-1.14,-1.37,-0.04,-0.71,0.59,-0.15,-0.24,0.61,3,0,0
2.73,1.32,-0.04,2.51,-0.44,2.73,1.38,0.79,3,0,0
-0.34,-0.57,0.73,-0.03,0.71,-0.09,-1.01,2.17,3,0,0
-1.28,-1.55,0.79,1.84,-1.94,-1.33,0.99,1.89,3,0,0
0.23,-1.06,1.42,-0.08,0.26,-0.05,-0.58,2.28,3,0,0
1.29,0.8,-0.32,1.08,0.9,4.37,-0.17,1.21,3,0,0
0.84,1.11,1.15,1.26,0.48,-0.65,-0.49,1.81,3,0,0
0.56,-2.79,1.78,1.8,-2.93,0.55,1.95,2.43,3,1,1
2.24,-0.94,2.76,-2.62,1.12,-0.41,-1.66,3.3,3,0,0
1.63,0.65,3.12,-0.34,1.82,-1.37,-2.4,4.28,3,0,0
-0.38,-1.59,1.36,-2.93,1.29,-1.06,-0.8,-0.7,3,0,0
-2.26,-3.06,0.09,-0.19,-1.62,-2.8,1.54,-0.69,3,0,0
0.66,-0.1,0.13,-0.63,1.27,0.82,-1.02,2.16,3,0,0
0.42,-1.11,2.02,-0.48,0.03,-0.93,0.11,0.33,3,0,0
0.47,0.11,0.18,-0.15,0.7,-1.13,-0.53,1.67,3,0,0
2.52,0.66,0.35,-0.47,0.55,0.55,0.31,0.33,3,0,0
-0.59,1.66,1.79,0.5,1.93,-1.02,-1.77,0.44,3,0,0
-1.57,0.45,-3.78,1.05,0.63,2.54,1.22,-2.56,3,0,0
0.28,-3.84,1.94,-1.09,-1.47,0.71,-0.16,4.79,3,0,0
-0.31,-1.07,-0.72,0.69,-1.25,-0.26,1.73,-1.08,3,0,0
-0.52,-0.48,0.37,-0.5,0.63,-1.7,-0.6,1.45,3,0,0
-0.53,1.81,-1.39,0.65,1.99,-2.71,-0.44,-0.95,3,0,0
-1.87,-1.49,-2.32,1.94,-1.71,0.68,2.55,-1.75,3,0,0
-1.03,-1.96,-2.04,-0.6,-0.82,1.2,1.94,-2.11,3,0,0
-1.21,-0.99,-2.38,-2.01,0.74,-0.75,0.85,-2.78,3,0,0
-1.2,-0.13,1.38,0.88,1.26,-0.24,-1.73,2.79,3,0,0
-1.33,-0.11,-0.82,1.05,0.35,0.1,0.26,-0.18,3,0,0
0.76,-1.69,2.35,-0.46,-0.59,-0.09,-0.27,2.72,3,0,0
0.25,1.47,-0.86,0.07,1.45,0.42,-0.05,-1.51,3,0,0
-0.95,1.28,-1.58,1.41,0.31,-2.21,1.23,-2.93,3,0,0
-0.88,-0.35,-0.15,-0.18,-0.09,-0.33,0.51,-1.08,3,0,0
-0.85,-2.62,0.95,-0.86,-1.56,-0.88,0.98,0.36,3,0,0
-1.63,-1.67,-1.9,1.8,-1.73,1.2,2.25,-0.67,3,0,0
2.56,0.65,0.96,-0.61,1.22,2.45,-0.58,1.32,3,0,0
1.43,1.54,1.16,-0.98,2.47,-0.7,-1.48,0.4,3,0,0
-3.58,-2.61,-1.79,1.57,-2.69,-2.81,3.16,-2.78,3,0,0
0.8,-2.21,1.6,-0.59,-0.75,0.51,0.31,2.32,3,0,0
-1.69,1.8,-0.92,0.39,2.51,-2.14,-1.27,-0.89,3,0,0
-0.81,1.43,0.16,0.57,1.84,-1.25,-1.14,0.26,3,0,0
-1.07,-1.27,-1.14,-0.41,-0.72,-2.29,1.4,-1.47,3,0,0
-0.51,-0.4,-2.0,1.42,-1.55,0.24,2.82,-2.9,3,0,0
1.44,2.69,0.39,-0.73,3.31,-1.31,-2.63,2.43,3,0,0
-0.06,-1.1,-0.08,-0.27,0.09,0.74,0.7,-0.68,3,0,0
-2.92,2.1,-2.43,1.03,2.59,-2.25,-1.11,-1.13,3,0,0
-1.67,-1.67,-2.23,1.11,-2.27,-0.18,2.85,-2.14,3,0,0
0.22,-0.56,-0.5,0.54,-0.6,-1.12,1.21,0.09,3,0,0
-4.12,-4.5,-2.79,1.82,-4.69,-4.69,4.46,-1.49,3,0,0
-0.74,0.83,1.14,0.16,1.6,-0.97,-0.94,-0.66,3,0,0
-1.41,-1.54,-3.42,0.81,-2.16,-0.46,3.57,-3.53,3,0,0
-0.23,2.66,2.2,3.06,1.64,-0.37,-1.94,2.37,3,0,0
-2.72,-1.5,-3.45,0.04,-0.69,0.57,2.22,-3.63,3,0,0
-0.78,-3.37,-1.15,1.45,-3.18,2.92,2.6,1.74,3,0,0
0.05,-3.33,-1.92,-2.58,-1.55,-0.86,2.52,-1.81,3,0,0
4.35,1.08,3.65,-1.31,1.29,-0.23,-1.06,1.91,3,0,0
1.65,1.09,2.61,-0.5,2.21,2.44,-2.21,2.27,3,0,0
-3.04,-4.37,-1.39,-0.0,-3.57,0.36,3.94,-3.93,3,0,0
1.09,-0.22,-0.46,0.25,-0.71,-1.3,1.46,-0.51,3,0,0
0.96,2.57,1.73,2.0,1.51,-0.0,-1.49,1.96,3,0,0
0.17,1.79,-1.12,0.83,1.56,2.56,-0.0,-1.56,3,0,0
1.74,0.19,1.9,-1.56,1.63,0.52,-1.52,2.05,3,0,0
0.34,-0.53,0.39,-0.14,-0.14,-0.26,0.53,0.0,3,0,0
2.85,-0.05,-0.21,-3.0,1.74,-3.11,-0.56,1.31,3,0,0
1.78,-1.24,0.02,-0.44,-0.6,2.47,1.08,0.85,3,0,0
-2.4,-1.67,-1.08,0.2,-0.68,-3.5,0.51,0.99,3,0,0
-3.65,-1.32,-2.75,0.33,-0.58,-1.69,0.99,-1.43,3,0,0
1.58,1.05,-1.49,1.97,-0.01,1.22,1.37,0.1,3,0,0
0.58,0.33,-2.02,0.04,0.14,0.75,1.58,-2.3,3,0,0
-3.52,-3.48,-0.99,-0.24,-2.24,-0.67,1.99,-1.92,3,0,0
-1.6,-0.57,-1.81,1.94,-0.98,-1.22,2.05,-1.87,3,0,0
-6.27,-3.88,-2.68,2.06,-2.6,-1.97,1.63,0.9,3,0,0
-2.54,-3.38,-1.83,2.38,-4.1,0.49,4.12,-1.66,3,0,0
-0.89,-2.95,0.19,0.16,-2.5,-1.59,2.3,-0.29,3,0,0
1.82,-0.0,0.19,-1.72,1.03,2.48,0.45,-1.87,3,0,0
-3.52,-1.85,-3.23,2.88,-3.09,0.78,4.15,-4.2,3,0,0
2.25,-3.05,0.6,-2.13,-1.25,4.55,1.04,1.72,3,0,0
1.18,1.43,0.9,0.56,1.74,1.54,-0.86,0.47,3,0,0
-0.94,-1.63,-0.89,2.14,-2.07,0.28,2.22,0.28,3,0,0
2.23,1.85,1.09,1.15,0.78,1.65,0.25,-0.71,3,0,0
-1.52,1.8,0.01,5.09,-0.13,1.58,0.19,1.12,3,0,0
-1.83,2.38,-0.44,4.07,0.2,-3.29,0.57,-0.93,3,0,0
-1.63,-2.91,-0.74,1.01,-2.61,-2.22,2.36,0.5,3,0,0
1.9,0.92,0.01,1.4,-0.19,0.25,1.06,0.12,3,0,0
-1.51,1.67,-3.56,2.06,0.67,-1.43,1.54,-3.13,3,0,0
-1.06,-2.06,-0.12,-0.53,-1.29,-0.24,0.93,0.52,3,0,0
-1.91,-2.47,-1.05,1.85,-2.37,-0.11,2.66,-0.82,3,0,0
-0.63,-0.77,-0.49,-1.73,1.06,-1.31,-0.38,-0.14,3,0,0
-1.9,0.45,0.24,3.05,-0.95,-0.59,0.5,0.81,3,0,0
-1.43,2.01,0.07,2.45,1.77,0.51,-1.55,1.7,3,0,0
1.98,-1.58,-0.7,-1.0,-0.82,1.89,1.38,0.76,3,0,0
3.19,3.34,1.22,0.14,2.15,-1.05,-1.24,0.94,3,0,0
0.22,-3.2,0.23,-2.71,-1.27,1.96,1.75,-2.16,3,0,0
1.13,2.09,1.88,1.04,2.25,0.59,-2.53,3.71,3,0,0
-0.95,0.13,-0.5,2.41,0.35,1.02,-0.4,2.91,3,0,0
-1.52,0.7,-0.36,2.26,-0.22,-1.47,0.3,0.39,3,0,0
-0.09,-3.33,-2.26,1.02,-4.78,-0.5,6.03,-4.63,3,0,0
-3.42,-0.35,-0.68,3.04,-0.66,-0.89,0.12,1.12,3,0,0
-3.07,2.76,-2.59,4.43,0.78,-1.47,0.34,-0.95,3,0,0
-1.64,1.22,1.52,1.59,1.28,-1.75,-1.45,1.12,3,0,0
-0.13,0.53,2.22,4.12,-1.52,-0.11,0.5,2.6,3,0,0
-1.02,0.01,-3.11,1.42,-0.98,0.07,2.68,-3.32,3,0,0
-1.01,1.92,-2.77,1.53,1.13,0.7,0.5,-2.02,3,0,0
-0.46,0.98,-2.81,1.58,0.25,-0.37,1.32,-1.44,3,0,0
-0.78,3.6,0.79,3.07,3.27,-0.11,-2.79,2.38,3,0,0
1.46,0.44,-0.07,0.45,0.2,-0.68,0.02,1.97,3,0,0
0.81,-4.4,0.14,-2.26,-2.25,0.04,1.79,1.7,3,0,0
-1.34,0.49,0.32,0.53,2.03,0.37,-1.47,0.95,3,0,0
-0.91,-0.3,0.72,-0.57,1.46,-2.1,-1.74,2.71,3,0,0
-1.36,-2.3,-1.72,0.69,-1.77,2.63,2.8,-2.61,3,0,0
-2.48,2.4,-0.33,3.32,1.75,1.0,-1.45,0.76,3,0,0
-1.74,-3.89,-1.28,-0.47,-2.84,0.08,3.2,-2.08,3,0,0
-2.05,-1.01,-0.71,-0.04,0.5,-0.83,-0.21,0.31,3,0,0
-3.21,-0.08,-3.23,1.99,-0.3,-0.79,1.48,-2.05,3,0,0
-0.76,-1.38,0.16,-0.63,-0.63,0.41,0.86,-1.1,3,0,0
1.58,-1.58,2.07,-1.64,0.04,-0.47,-0.13,1.51,3,0,0
3.9,2.6,2.55,-1.16,3.13,0.24,-2.86,3.7,3,0,0
-1.75,0.91,-0.06,1.09,1.19,-1.73,-1.46,1.87,3,0,0
0.78,-0.1,0.25,-0.64,0.72,-1.19,0.27,-0.41,3,0,0
0.66,1.72,0.62,-0.05,2.47,0.5,-1.51,0.4,3,0,0
-1.56,-0.87,-0.28,-1.56,0.72,-2.06,-0.38,-0.92,3,0,0
-0.63,-1.86,-0.06,1.08,-2.25,0.46,2.84,-2.02,3,0,0
-3.13,-3.49,-1.57,1.79,-3.8,-0.21,3.53,-1.6,3,0,0
-3.6,0.35,-0.7,2.53,0.35,-0.33,-0.26,-0.12,3,0,0
2.71,0.21,0.99,-2.0,1.64,-1.37,-0.81,1.41,3,0,0
-0.49,-0.28,0.84,1.5,-0.65,-1.5,0.47,0.97,3,0,0
-2.26,-1.74,-1.13,0.95,-1.02,-0.81,1.4,-0.82,3,0,0
0.22,-0.05,-1.37,-0.68,0.14,0.33,1.27,-2.46,3,0,0
0.12,0.5,0.18,-0.42,1.0,-0.31,0.28,-2.03,3,0,0
0.39,0.24,-2.11,-0.98,0.88,3.79,0.9,-2.64,3,0,0
1.03,-1.1,-1.86,1.38,-1.7,1.37,2.19,1.1,3,0,0
-2.64,-0.55,-1.46,2.29,-0.69,0.53,1.27,-1.23,3,0,0
2.72,3.15,2.88,0.87,2.93,-1.29,-2.92,4.11,3,0,0
-0.66,0.94,-2.07,2.22,0.2,3.57,1.03,-1.24,3,0,0
1.65,-0.88,1.7,-1.75,0.73,-0.31,-0.89,2.31,3,0,0
2.22,1.33,-0.19,-0.27,1.64,-0.39,-0.84,2.12,3,0,0
1.22,-2.27,0.86,-1.59,-0.27,-1.88,-0.09,3.28,3,0,0
2.9,-0.01,3.47,-0.68,0.85,-0.07,-1.35,3.47,3,0,0
1.98,0.02,-0.69,0.07,-0.47,-1.57,1.74,-0.74,3,0,0
0.96,1.06,-1.31,1.5,0.49,0.7,0.93,-0.37,3,0,0
3.89,-1.38,0.66,-3.5,0.28,1.94,0.7,-0.0,3,0,0
1.82,-1.74,0.26,-1.46,-1.47,-3.82,1.49,1.36,3,0,0
-0.35,3.47,1.61,2.18,3.65,-1.56,-3.52,3.34,3,0,0
-1.07,2.65,0.19,3.2,1.36,1.25,-1.05,0.84,3,0,0
3.59,0.71,0.69,-1.91,1.31,0.97,-0.42,0.93,3,0,0
-2.71,-1.85,-1.09,1.35,-1.61,-0.09,1.59,-0.79,3,0,0
0.4,-0.34,-0.04,-0.06,0.56,0.56,-0.04,0.79,3,0,0
0.46,2.65,1.21,-0.43,3.75,2.61,-2.97,0.66,3,0,0
1.68,1.4,0.21,-1.1,2.1,1.19,-0.88,-0.23,3,0,0
2.85,2.39,2.18,0.34,1.81,1.6,-1.02,0.28,3,0,0
-1.68,-2.33,0.28,-0.61,-0.83,0.48,0.79,-0.55,3,0,0
-0.25,-1.52,0.88,0.76,-1.81,-0.43,1.42,0.15,3,0,0
-0.25,-0.13,-1.15,0.23,-0.57,1.89,1.82,-3.22,3,0,0
-1.19,0.2,-1.65,2.65,-0.86,1.12,1.86,-1.62,3,0,0
-1.34,-0.79,-2.31,0.67,-1.15,-2.67,2.23,-2.24,3,0,0
-1.25,-0.83,-2.39,0.4,0.21,0.27,0.82,-0.32,3,0,0
-0.66,1.32,-2.37,1.19,0.28,-0.6,1.51,-3.14,3,0,0
0.7,-1.15,-1.46,0.31,-0.98,2.09,1.46,0.72,3,0,0
0.18,0.88,2.7,1.36,1.98,1.76,-2.33,3.04,3,0,0
0.96,0.9,1.13,-0.63,2.67,-1.12,-2.66,4.06,3,1,1
1.41,0.37,2.49,-1.51,2.62,0.26,-2.73,3.19,3,0,0
-0.09,3.02,2.17,0.93,3.7,-0.93,-3.07,1.28,3,0,0
-3.25,-0.23,-0.59,1.35,0.05,-2.55,-0.24,0.05,3,0,0
-1.75,-0.39,0.75,1.95,-1.05,-1.54,0.96,-0.64,3,0,0
0.2,-1.99,0.31,-1.91,-0.33,-1.31,0.53,0.24,3,0,0
0.68,-1.47,-1.43,-1.52,0.26,4.02,1.22,-1.57,3,0,0
-1.78,-2.48,0.41,0.16,-0.81,-0.41,0.19,1.97,3,0,0
0.17,0.77,0.97,1.91,0.03,0.49,0.06,0.85,3,0,0
-1.54,-0.38,-0.15,2.37,-0.42,2.35,0.79,-0.38,3,0,0
1.02,0.06,0.86,-0.35,0.58,-1.04,-0.29,0.78,3,0,0
-2.87,-2.24,-0.86,0.35,-0.99,0.64,1.19,-1.62,3,0,0
3.0,0.9,2.12,-1.1,0.75,-1.0,-0.58,1.37,3,0,0
-3.37,0.2,-2.24,3.14,-0.64,-1.46,1.36,-1.38,3,0,0
-0.87,-2.33,1.35,-0.98,-0.65,-1.74,-0.13,1.72,3,0,0
1.43,-2.27,2.3,-1.89,0.18,-2.26,-0.74,3.76,3,0,0
0.75,-0.54,1.95,-0.35,0.02,1.72,0.43,-1.08,3,0,0
0.44,2.68,-0.63,1.0,1.98,0.48,-0.84,-0.26,3,0,0
-0.78,-1.54,-0.25,-1.25,0.42,0.19,0.07,-0.11,3,0,0
2.21,0.38,1.72,-2.58,2.73,0.55,-2.47,2.78,3,0,0
1.6,-0.64,1.08,-0.22,-0.01,2.14,0.53,0.29,3,0,0
-0.62,0.74,-2.45,0.74,0.18,-1.56,1.43,-2.39,3,0,0
-3.41,-0.26,-1.31,-0.06,1.23,-3.24,-0.69,-0.44,3,0,0
1.29,1.89,-0.94,0.98,1.41,1.39,0.56,-1.79,3,0,0
-1.85,0.11,-1.87,1.59,-0.09,0.04,1.4,-2.41,3,0,0
-0.05,-1.03,-0.14,-0.39,-0.25,-0.37,0.65,0.09,3,0,0
-1.75,-0.28,0.82,0.04,1.7,0.19,-1.97,2.29,3,0,0
0.71,1.76,0.68,0.98,1.89,0.06,-1.84,3.02,3,0,0
0.98,-1.29,0.54,0.66,-0.97,3.07,1.15,0.68,3,0,0
3.86,1.64,-0.27,-0.51,0.58,1.36,0.97,-0.83,3,0,0
-0.75,4.38,0.47,2.18,3.77,-1.06,-2.77,0.55,3,0,0
-0.62,-3.58,0.31,-2.12,-0.78,0.44,0.52,1.05,3,0,0
-3.63,-1.23,-0.56,3.94,-1.63,0.01,1.09,1.21,3,0,0
-2.9,-1.9,-2.26,-0.01,-0.47,-0.54,1.32,-1.77,3,0,0
3.28,0.04,-1.04,-2.49,0.95,-0.42,1.33,-2.1,3,0,0
0.31,0.27,1.08,1.71,-0.17,2.46,0.43,0.22,3,0,0
0.56,2.38,-1.97,-1.16,3.49,-0.31,-1.54,-0.62,3,0,0
-1.33,0.5,0.54,0.93,0.72,-1.69,-0.39,-0.2,3,0,0
1.73,0.72,1.85,0.64,0.52,0.79,-0.16,1.0,3,0,0
-0.18,0.9,0.08,1.01,1.18,0.64,-0.5,0.62,3,0,0
-1.52,-3.27,-1.44,-1.02,-1.62,2.75,2.26,-2.23,3,0,0
-0.31,-2.01,-0.36,1.44,-2.03,-2.18,1.83,1.74,3,0,0
-1.75,2.22,-2.53,3.5,0.49,-0.39,1.4,-2.9,3,0,0
-3.87,-2.26,-0.67,1.21,-1.69,-1.63,1.62,-1.6,3,0,0
-0.57,0.23,-0.57,-1.13,1.44,-0.33,0.03,-2.36,3,0,0
-0.27,-0.18,0.02,0.24,0.03,-1.21,0.46,-0.32,3,0,0
2.18,1.71,2.47,-0.07,2.09,-2.22,-2.27,3.75,3,0,0
-1.77,2.05,-0.55,1.87,1.87,1.13,-1.04,-0.61,3,0,0
-0.57,2.5,0.49,1.47,2.55,-1.04,-1.86,0.78,3,0,0
-3.17,-0.34,-3.63,2.6,-1.43,-1.37,2.57,-2.65,3,0,0
2.03,0.0,-1.08,-2.29,1.12,1.48,0.47,-1.28,3,0,0
1.58,3.0,1.42,-0.36,3.55,-0.14,-2.15,-0.01,3,0,0
-0.17,-0.24,3.78,-0.33,1.22,-3.26,-2.69,4.69,3,0,0
0.65,-1.01,2.22,-0.25,0.41,-1.63,-1.27,3.96,3,0,0
0.15,0.9,-0.48,2.1,-0.27,-0.81,0.79,0.44,3,0,0
2.33,2.77,2.22,-0.33,3.08,0.78,-2.51,1.76,3,0,0
-0.57,0.52,0.82,1.06,0.1,0.25,-0.08,0.04,3,0,0
1.29,-2.98,1.59,-2.05,-0.43,-1.04,-0.31,3.93,3,0,0
-1.55,-0.31,-2.47,0.88,-0.51,-0.34,1.34,-1.15,3,0,0
-2.24,0.27,-3.13,3.33,-1.14,1.15,2.37,-2.17,3,0,0
-2.24,-0.95,-2.65,2.61,-1.22,1.54,2.07,-1.15,3,0,0
4.36,-0.42,1.39,-3.58,1.18,-0.29,-0.37,1.24,3,0,0
1.3,1.94,0.93,2.16,0.84,-1.36,-1.26,4.15,3,0,0
-0.67,4.27,-1.64,3.14,2.4,2.6,-0.15,-3.51,3,0,0
0.85,1.1,-0.47,2.86,-1.56,1.21,2.34,-1.7,3,0,0
-0.1,2.18,2.02,2.7,1.65,0.05,-1.91,2.89,3,0,0
0.46,2.68,0.97,0.79,2.29,-0.53,-1.67,0.45,3,0,0
0.42,2.49,0.87,2.09,1.77,-0.33,-1.21,1.23,3,0,0
-2.29,-3.67,-1.94,-0.26,-2.82,-1.41,2.93,-1.4,3,0,0
0.37,0.56,2.05,1.57,0.34,1.38,-1.06,2.6,3,0,0
-2.54,-2.11,-1.86,-0.63,-0.35,-2.0,0.62,-0.08,3,0,0
0.89,0.52,-0.08,-0.54,0.43,-4.59,0.49,-0.43,3,0,0
-1.49,-3.47,-0.34,-0.13,-2.58,-0.58,2.12,0.44,3,0,0
2.54,1.06,1.12,-1.66,2.38,1.17,-1.64,1.46,3,0,0
-2.81,-2.78,-3.22,0.48,-2.17,0.5,2.83,-2.17,3,0,0
-1.06,1.9,0.01,3.02,0.41,1.2,-0.35,0.63,3,0,0
