@relation SyntheticData-N_1200-D_4-Nmin_140-Zmin_16-CL_2_1-R_0
@attribute X0 real [-3.55, 4.19]
@attribute X1 real [-4.55, 3.91]
@attribute X2 real [-3.40, 3.56]
@attribute X3 real [-5.28, 5.69]
@attribute cluster_idx {0,1,2}
@attribute is_noise {0,1}
@attribute Class {0,1}
@inputs X0,X1,X2,X3,cluster_idx,is_noise
@output Class
@data
-0.12,1.26,1.62,1.46,0,0,1
0.78,-0.71,1.08,0.74,0,0,1
3.08,-3.75,-0.85,1.28,0,0,1
-1.28,1.43,0.61,-0.35,0,0,1
-0.64,1.3,0.97,0.82,0,0,1
-0.16,0.47,-0.58,-0.78,0,0,1
-0.39,-0.36,0.68,1.07,0,0,1
1.8,-1.84,0.27,1.18,0,0,1
-0.93,1.21,-1.78,-1.77,0,0,1
0.18,-0.16,-0.73,-0.16,0,0,1
1.7,-1.48,-0.81,1.63,0,0,1
1.34,-1.22,-1.85,0.33,0,0,1
-0.75,0.07,-0.26,-0.4,0,0,1
-1.51,1.34,1.43,0.13,0,0,1
-0.09,-0.84,3.56,1.18,0,0,1
-0.06,-0.03,-1.07,-0.64,0,1,0
0.61,-0.51,0.96,1.47,0,0,1
0.34,-0.64,-0.32,-0.02,0,0,1
2.31,-2.15,-0.54,2.1,0,0,1
-3.06,3.06,0.64,-1.96,0,0,1
-0.69,0.34,1.6,0.42,0,0,1
0.16,-0.49,-1.41,-0.39,0,0,1
1.02,-0.43,1.1,1.97,0,0,1
-0.7,1.5,1.51,0.49,0,0,1
-0.96,0.91,0.6,0.86,0,0,1
0.33,-0.93,-0.18,1.4,0,1,0
4.19,-4.55,1.11,2.66,0,0,1
-2.16,1.5,-1.44,-2.11,0,1,0
0.59,-1.52,-0.11,0.45,0,0,1
-1.53,2.03,-1.67,-1.11,0,0,1
1.28,-2.06,-0.86,0.05,0,0,1
-2.24,2.34,-0.74,-1.59,0,0,1
0.43,-0.57,0.41,1.51,0,0,1
0.32,0.2,0.56,1.34,0,0,1
0.48,-0.31,1.88,1.05,0,0,1
-2.18,1.7,-0.0,0.06,0,0,1
-0.7,0.05,0.85,0.07,0,0,1
-0.93,0.55,1.64,0.59,0,0,1
-0.57,-0.02,0.41,0.17,0,0,1
-1.53,1.48,3.35,1.07,0,0,1
-0.05,0.13,2.66,1.15,0,0,1
-1.49,1.43,-0.0,-0.98,0,0,1
0.3,1.06,-1.09,-0.13,0,0,1
-1.07,1.17,-1.27,-0.61,0,0,1
0.04,0.66,-0.3,0.44,0,0,1
-0.91,0.97,1.18,1.14,0,0,1
0.01,-0.34,-0.97,-0.66,0,0,1
-0.16,0.6,0.54,0.38,0,0,1
3.91,-3.59,2.47,3.69,0,0,1
-0.2,-0.23,0.6,0.65,0,0,1
1.84,-2.26,0.07,0.94,0,0,1
0.72,-1.25,-0.73,0.94,0,0,1
-0.58,1.02,0.72,0.81,0,0,1
-0.01,0.02,-0.09,0.4,0,0,1
-0.69,1.25,3.22,1.28,0,0,1
-1.18,1.18,0.71,0.11,0,0,1
0.48,-0.59,0.35,0.95,0,0,1
0.87,-0.75,1.08,1.3,0,0,1
-0.68,0.53,0.17,-0.07,0,0,1
2.31,-2.29,-0.76,1.04,0,0,1
0.08,0.2,0.31,0.73,0,0,1
0.36,0.51,-0.43,-0.87,0,0,1
-0.23,-0.0,-0.06,0.47,0,0,1
-1.17,0.2,2.71,1.69,0,0,1
-1.38,2.32,-0.27,-0.26,0,0,1
0.46,-0.25,-0.04,0.36,0,0,1
1.05,-0.81,-1.69,0.15,0,0,1
-0.84,0.3,-1.82,-0.98,0,0,1
-0.94,1.06,-0.22,-1.18,0,0,1
0.03,-0.3,1.17,0.93,0,0,1
-0.32,0.3,-0.04,-0.54,1,0,1
1.1,-1.65,1.81,0.08,1,0,1
0.15,-0.01,-0.77,1.21,1,0,1
-0.02,-0.02,-0.97,0.16,1,0,1
1.16,-0.15,1.64,-1.08,1,0,1
0.3,1.06,-1.05,3.65,1,0,1
0.13,-2.21,1.82,1.54,1,0,1
-1.04,-1.61,1.17,2.96,1,0,1
0.86,0.57,-0.01,-0.2,1,0,1
1.58,1.07,0.89,2.2,1,0,1
0.78,1.1,-0.09,-0.72,1,0,1
0.09,-0.01,0.2,0.02,1,0,1
-0.61,-0.44,-0.96,3.17,1,0,1
1.36,1.62,-0.71,4.08,1,0,1
-1.14,1.06,-2.62,-1.36,1,0,1
1.88,1.02,0.21,2.9,1,0,1
1.23,-0.31,1.73,-0.14,1,0,1
1.46,-1.3,1.69,-0.98,1,0,1
-0.05,0.29,-1.63,2.23,1,0,1
-0.32,0.21,-0.69,1.96,1,0,1
-0.66,-0.31,-1.53,0.88,1,0,1
0.21,1.12,-0.8,-1.31,1,0,1
0.2,-1.14,0.31,1.15,1,0,1
-0.26,-0.61,-0.3,0.15,1,0,1
0.61,0.94,-0.21,1.1,1,0,1
-0.44,-0.16,-0.54,2.43,1,0,1
-0.25,-0.8,0.27,-1.45,1,0,1
0.5,2.06,-1.72,-0.28,1,0,1
0.28,0.62,-0.53,-0.93,1,0,1
0.29,-0.24,0.32,-1.49,1,0,1
-0.26,-0.58,1.05,1.11,1,0,1
0.6,1.26,0.24,-0.34,1,0,1
-1.27,-0.08,-2.2,1.19,1,0,1
1.8,1.47,-0.37,2.35,1,0,1
-0.07,-0.32,0.37,-2.21,1,0,1
1.98,0.55,1.52,1.81,1,0,1
0.31,0.26,-1.19,1.77,1,0,1
0.6,0.32,0.88,0.93,1,0,1
0.78,0.42,0.8,1.14,1,0,1
1.4,-0.45,1.77,3.11,1,0,1
-0.44,0.89,-0.41,-2.24,1,0,1
-0.46,-0.4,0.43,-4.98,1,0,1
0.59,1.18,-1.04,0.2,1,0,1
-0.47,-1.3,0.18,-0.09,1,0,1
-0.56,-0.95,0.1,-2.68,1,0,1
0.37,0.8,0.32,-1.17,1,0,1
1.37,2.33,-1.45,1.05,1,0,1
-0.51,-1.34,-0.57,3.88,1,0,1
-0.1,0.84,-1.4,0.6,1,0,1
1.11,0.92,0.18,2.07,1,0,1
0.26,-0.72,0.04,0.18,1,0,1
0.14,-0.68,0.86,3.4,1,0,1
0.09,-1.18,-0.26,4.09,1,0,1
-0.01,1.58,-1.53,-0.64,1,0,1
0.21,0.22,-0.54,-0.27,1,0,1
1.71,0.58,0.44,0.8,1,0,1
-0.31,1.54,-2.89,-1.47,1,0,1
0.71,0.89,0.05,-1.34,1,0,1
0.5,-1.16,0.24,2.87,1,0,1
-0.24,0.24,-0.07,-2.39,1,0,1
0.48,0.74,-0.52,1.13,1,0,1
1.13,-0.71,1.23,0.64,1,0,1
-0.42,-1.28,-0.37,1.55,1,0,1
1.26,1.07,-0.49,1.42,1,0,1
1.1,1.19,-1.52,1.38,1,0,1
-0.08,-1.58,0.3,-0.43,1,0,1
-0.36,-1.52,-1.6,1.28,1,0,1
0.73,2.51,-2.01,-0.38,1,0,1
0.39,-0.72,0.29,1.75,1,0,1
-0.24,-1.71,0.2,1.35,1,0,1
-2.72,0.17,-0.46,0.52,2,0,0
-0.1,-0.31,1.15,0.41,2,0,0
0.67,1.21,-0.55,1.34,2,0,0
0.53,-0.19,0.88,0.25,2,0,0
-0.46,1.1,-1.61,0.57,2,0,0
2.21,2.61,2.1,4.45,2,0,0
-1.41,0.69,0.16,1.1,2,0,0
2.22,1.12,2.18,2.62,2,0,0
0.43,-0.77,1.51,-0.03,2,0,0
1.31,0.3,1.32,0.88,2,0,0
0.77,-0.82,0.62,-0.6,2,0,0
0.15,-0.77,-0.53,-1.35,2,0,0
-1.12,-1.88,0.66,-1.85,2,0,0
0.68,0.85,-1.04,0.59,2,0,0
1.8,0.75,1.12,1.66,2,0,0
0.48,-0.66,1.26,-0.21,2,0,0
-0.65,0.47,0.29,0.91,2,0,0
0.22,0.93,-0.34,1.05,2,0,0
-0.86,-0.48,-0.98,-1.08,2,0,0
0.29,0.83,-1.35,0.25,2,0,0
1.63,2.46,0.76,3.57,2,0,0
-0.8,0.58,1.03,1.42,2,0,0
-0.5,0.36,0.57,0.83,2,0,0
-1.06,1.39,-1.0,1.36,2,0,0
0.06,0.32,0.32,0.83,2,0,0
1.58,0.49,0.01,0.38,2,0,0
-0.77,0.73,-1.65,-0.04,2,0,0
-1.93,-1.39,-2.1,-2.82,2,0,0
-1.2,-0.31,-0.94,-0.86,2,0,0
1.32,0.85,0.74,1.59,2,0,0
-0.93,-1.51,0.61,-1.52,2,0,0
1.08,-2.49,1.68,-2.39,2,0,0
1.82,1.32,1.45,2.38,2,0,0
0.63,0.17,1.41,1.05,2,0,0
1.18,1.57,0.19,2.08,2,0,0
1.54,-0.69,0.0,-1.04,2,0,0
-0.25,1.44,-0.15,2.02,2,0,0
-0.66,-0.4,2.0,0.87,2,0,0
0.28,-0.68,-0.37,-1.1,2,0,0
-1.68,1.45,-1.18,1.42,2,0,0
0.35,2.22,1.94,4.01,2,0,0
0.94,0.85,0.96,1.88,2,0,0
-1.09,0.88,1.17,1.99,2,0,0
-0.3,-0.48,-0.68,-0.87,2,0,0
-0.21,-0.47,-0.62,-0.84,2,0,0
2.18,1.81,0.96,2.66,2,0,0
-0.22,0.4,-0.94,-0.13,2,0,0
2.02,0.96,-1.38,0.04,2,0,0
0.59,-0.27,-0.46,-0.67,2,0,0
-0.01,0.29,-0.17,0.35,2,1,1
2.59,0.28,0.16,0.06,2,0,0
-0.38,-1.69,-0.8,-2.51,2,0,0
-0.62,0.03,1.05,0.72,2,0,0
-0.71,-0.48,-0.21,-0.56,2,0,0
0.96,1.42,-1.08,1.24,2,0,0
0.1,0.26,0.36,0.86,2,0,0
0.61,-0.1,-0.07,-0.17,2,0,0
0.22,0.31,-0.09,0.17,2,0,0
1.36,-0.54,0.98,-0.17,2,0,0
-0.37,-0.69,-0.96,-1.4,2,0,0
-1.07,-2.4,1.98,-1.73,2,0,0
-0.08,-2.18,-1.75,-3.76,2,0,0
-1.42,-0.67,-1.05,-1.33,2,0,0
-0.78,-0.68,-1.46,-1.86,2,0,0
1.08,0.55,1.04,1.18,2,0,0
-1.95,-1.02,-1.08,-1.68,2,0,0
-1.72,-1.64,-1.0,-2.53,2,0,0
0.56,0.97,-0.36,0.95,2,0,0
-0.05,0.15,-0.23,0.13,2,0,0
1.53,0.28,0.27,0.22,2,0,0
-1.04,0.76,-0.32,1.13,2,0,0
1.14,-0.02,-0.35,-0.41,2,0,0
1.16,-0.38,-0.72,-1.23,2,0,0
-0.61,0.19,-1.47,-0.45,2,0,0
0.56,-0.31,1.61,0.79,2,0,0
-0.94,1.98,-0.2,2.61,2,0,0
0.88,0.44,1.94,1.74,2,0,0
-0.24,-0.07,0.37,0.29,2,0,0
0.1,0.95,0.46,1.66,2,0,0
0.81,-1.22,1.14,-0.7,2,0,0
-1.09,-0.42,0.93,0.03,2,0,0
1.0,-0.09,0.73,0.05,2,0,0
0.6,-0.26,-1.04,-0.93,2,0,0
1.4,0.98,0.81,1.53,2,0,0
-0.75,-0.93,-0.98,-1.54,2,0,0
-1.34,-0.07,-2.16,-1.15,2,0,0
-0.13,-0.23,0.39,0.26,2,0,0
1.57,1.72,-0.76,1.37,2,0,0
-0.27,-0.8,-1.44,-1.78,2,0,0
-0.2,-1.24,-1.49,-2.46,2,0,0
-0.07,2.05,-0.61,2.38,2,0,0
-0.45,0.07,-1.45,-0.85,2,0,0
-0.82,-1.16,-1.71,-2.38,2,0,0
0.43,0.68,1.45,1.74,2,0,0
1.62,-0.84,-0.34,-1.42,2,0,0
1.2,-0.19,-0.74,-0.92,2,0,0
-1.07,0.34,0.45,0.79,2,0,0
2.31,0.5,2.27,1.68,2,0,0
-0.19,-0.37,1.08,0.37,2,0,0
0.22,-0.48,-0.22,-0.82,2,0,0
0.13,0.57,-1.83,-0.3,2,0,0
0.42,1.72,0.18,2.2,2,0,0
-0.98,1.44,-1.07,1.21,2,0,0
0.73,-0.18,-0.79,-0.65,2,0,0
2.62,-0.36,0.59,-0.54,2,0,0
0.73,1.22,-2.04,0.14,2,0,0
1.02,0.55,-0.79,0.28,2,0,0
-0.26,0.13,-0.07,0.35,2,0,0
-0.22,0.04,-0.62,-0.14,2,0,0
-1.13,-1.69,-0.3,-2.21,2,0,0
-0.29,0.59,0.29,0.74,2,0,0
0.2,0.21,-0.53,-0.1,2,0,0
1.36,0.19,0.75,0.71,2,0,0
0.04,0.59,0.97,1.54,2,0,0
-0.6,-0.14,0.43,0.32,2,0,0
-0.09,-0.9,-0.2,-1.3,2,0,0
-0.23,-0.54,1.05,-0.04,2,0,0
-0.22,-0.77,1.9,0.46,2,0,0
-0.8,1.21,1.49,2.71,2,0,0
-0.36,1.07,0.5,1.63,2,0,0
-2.04,0.24,1.01,1.26,2,0,0
-0.44,0.63,-0.57,0.48,2,0,0
-0.4,-0.27,0.62,-0.06,2,0,0
1.76,0.38,-0.1,0.25,2,0,0
-1.04,-1.3,1.24,-0.68,2,0,0
-1.81,-1.38,0.64,-1.13,2,0,0
-0.86,0.09,0.43,0.42,2,0,0
-0.93,0.36,-1.67,-0.51,2,0,0
0.52,0.22,-1.49,-0.62,2,0,0
0.82,-0.12,1.94,1.01,2,0,0
1.02,0.36,-1.54,-0.49,2,0,0
-1.67,-2.56,-0.21,-3.38,2,0,0
-1.25,-0.65,-0.75,-1.24,2,0,0
-1.09,-1.93,-0.79,-2.72,2,0,0
-0.63,0.09,0.33,0.67,2,0,0
-0.31,0.93,-1.03,0.87,2,0,0
-2.12,-0.24,-1.29,-0.71,2,0,0
0.45,2.04,-1.87,1.43,2,0,0
-0.19,-1.08,-0.11,-1.65,2,0,0
1.28,-0.13,0.69,0.22,2,1,1
0.31,0.63,-0.67,0.16,2,0,0
0.14,-0.14,1.05,0.54,2,0,0
-0.31,-0.42,-0.3,-0.54,2,0,0
-1.09,-0.67,-0.71,-1.23,2,0,0
-0.32,-0.12,-0.54,-0.49,2,0,0
0.53,1.17,-0.21,1.34,2,0,0
-0.42,0.36,0.49,0.87,2,0,0
0.59,0.78,1.92,2.05,2,0,0
1.59,0.6,0.29,0.78,2,0,0
0.22,0.46,-1.71,-0.48,2,0,0
0.2,-0.74,0.28,-0.72,2,0,0
0.16,-0.07,0.57,-0.03,2,0,0
-0.1,-0.91,-0.48,-1.49,2,0,0
1.64,-0.24,-0.56,-0.83,2,0,0
-1.51,-0.25,-0.95,-0.66,2,0,0
1.13,-0.05,1.28,0.74,2,0,0
-0.0,0.09,-0.89,-0.55,2,0,0
0.13,0.57,-0.65,0.4,2,0,0
-0.49,-0.58,2.7,1.03,2,0,0
1.86,0.53,0.83,0.93,2,0,0
1.31,1.22,1.22,2.05,2,0,0
1.55,1.08,-0.24,0.94,2,0,0
-0.96,-1.89,1.29,-1.52,2,0,0
0.71,0.32,1.57,1.29,2,0,0
0.31,0.33,-0.45,-0.09,2,0,0
3.33,0.89,1.96,1.75,2,0,0
-1.15,-1.11,0.32,-1.1,2,0,0
-0.73,-0.31,1.21,0.46,2,0,0
-0.64,-1.38,-0.22,-1.88,2,0,0
0.08,-0.6,0.15,-0.61,2,0,0
1.36,-0.01,0.67,0.18,2,0,0
-1.18,-0.59,-0.06,-0.78,2,0,0
0.54,-0.37,0.96,0.38,2,0,0
-0.72,1.1,-0.24,1.4,2,0,0
-0.52,1.31,2.01,3.08,2,0,0
0.48,0.29,-0.01,0.31,2,0,0
1.85,-0.22,0.85,-0.08,2,0,0
-0.03,-0.54,0.87,0.04,2,0,0
-0.31,-0.74,0.36,-0.67,2,0,0
-1.06,0.2,-0.47,0.08,2,0,0
1.1,0.28,0.88,1.0,2,0,0
-0.37,-0.03,-2.03,-1.09,2,0,0
2.39,2.16,0.15,2.37,2,0,0
1.75,0.89,-0.67,0.59,2,0,0
0.57,1.87,1.55,3.41,2,0,0
-0.74,-1.4,0.99,-1.1,2,0,0
0.23,-0.37,-0.89,-1.07,2,0,0
0.51,0.22,-0.53,-0.38,2,0,0
0.74,0.71,2.08,2.24,2,0,0
0.31,0.76,-0.41,0.68,2,1,1
-0.36,-0.5,0.71,-0.07,2,0,0
-1.41,-1.21,-2.17,-2.82,2,0,0
1.8,1.79,-0.31,1.72,2,0,0
-0.28,0.6,0.35,1.11,2,0,0
0.29,0.69,1.59,1.78,2,0,0
-0.19,-0.32,-1.43,-0.94,2,0,0
0.72,1.74,-0.48,2.01,2,0,0
1.23,0.9,-1.13,0.14,2,0,0
-0.18,-0.2,-0.79,-0.65,2,0,0
0.29,0.46,0.14,0.56,2,0,0
1.43,-0.04,-1.13,-1.01,2,0,0
0.91,0.27,-0.88,-0.25,2,0,0
-1.2,0.69,-0.34,1.16,2,0,0
1.14,0.88,0.41,1.22,2,0,0
-0.39,-0.63,-1.15,-1.27,2,0,0
1.34,0.9,-2.26,-0.48,2,0,0
-0.4,0.42,1.19,1.44,2,0,0
0.22,-0.36,-0.97,-1.33,2,0,0
-0.05,0.63,-0.12,0.89,2,0,0
1.39,-1.18,1.19,-0.92,2,0,0
0.83,0.16,-0.32,0.02,2,0,0
-0.27,0.26,0.3,0.71,2,0,0
0.83,1.04,0.7,1.7,2,0,0
0.74,0.13,0.12,0.27,2,0,0
0.39,-0.21,0.54,0.04,2,0,0
0.71,-0.05,-0.4,-0.18,2,0,0
1.02,-0.92,-0.1,-1.41,2,0,0
-0.54,-0.34,0.57,0.01,2,0,0
0.69,-0.16,-0.17,-0.33,2,0,0
1.27,0.43,0.49,0.77,2,0,0
-1.52,-0.46,0.56,-0.12,2,0,0
-0.86,0.13,0.34,0.59,2,0,0
-0.28,0.73,0.35,1.03,2,0,0
-0.71,0.33,-0.2,0.47,2,0,0
-0.83,-0.34,0.72,0.17,2,0,0
-0.46,-0.31,0.35,-0.12,2,0,0
-0.06,-0.88,1.19,-0.34,2,0,0
-0.43,1.0,0.58,1.92,2,0,0
-1.59,-0.8,-0.16,-0.9,2,0,0
-1.57,-0.11,0.89,0.87,2,0,0
-0.97,-0.48,0.46,-0.18,2,0,0
0.05,-0.29,0.28,-0.23,2,0,0
0.24,0.32,-0.18,0.18,2,0,0
-0.49,-0.38,0.46,-0.22,2,0,0
-1.61,-1.51,-0.88,-2.32,2,0,0
-0.14,-0.48,0.39,-0.23,2,0,0
0.48,0.72,0.57,1.27,2,0,0
-1.37,1.27,-0.89,1.18,2,0,0
-0.78,-1.3,1.27,-0.7,2,0,0
0.86,-0.39,0.25,-0.32,2,0,0
1.28,0.75,-0.44,0.53,2,0,0
0.53,1.2,1.26,2.41,2,0,0
0.83,1.01,-1.2,0.34,2,0,0
0.45,1.19,-0.85,0.94,2,0,0
1.15,0.53,-0.22,0.46,2,0,0
-0.35,-0.68,0.63,-0.58,2,0,0
2.37,3.79,-0.69,4.18,2,0,0
0.85,-0.4,-0.58,-1.12,2,0,0
-0.74,-0.37,0.25,-0.0,2,0,0
0.66,-0.16,-0.51,-0.6,2,0,0
0.81,0.9,1.26,1.87,2,0,0
0.28,-0.44,-0.25,-1.01,2,0,0
0.78,0.84,0.25,1.26,2,0,0
0.25,1.39,-0.24,1.58,2,0,0
-0.24,-0.08,0.21,0.06,2,0,0
0.45,0.09,-0.66,-0.39,2,0,0
-0.4,-0.04,-0.96,-0.69,2,0,0
1.94,2.02,1.21,3.21,2,0,0
-1.62,-1.23,-2.04,-2.59,2,0,0
0.47,0.23,0.64,0.72,2,0,0
0.54,0.46,0.62,1.0,2,0,0
0.49,-0.55,0.78,-0.33,2,0,0
0.78,1.22,2.23,2.9,2,0,0
-1.47,1.08,-0.67,1.35,2,0,0
-0.41,0.16,1.09,1.04,2,0,0
-1.24,1.19,-1.05,1.08,2,0,0
-0.77,0.15,1.31,1.42,2,0,0
-1.25,-1.06,0.16,-0.99,2,0,0
1.32,-0.14,1.0,0.26,2,0,0
-0.2,-0.68,0.23,-0.93,2,0,0
-0.93,-0.98,0.98,-0.53,2,0,0
-0.12,0.8,-0.39,0.99,2,0,0
1.07,0.28,0.18,0.42,2,0,0
0.56,-0.2,0.6,0.14,2,0,0
-0.46,-1.57,-0.5,-2.27,2,0,0
0.11,-0.53,-0.93,-1.41,2,0,0
-0.63,1.22,0.64,2.07,2,0,0
-0.32,-0.91,-1.55,-2.12,2,0,0
0.33,1.01,0.31,1.4,2,0,0
2.05,1.26,-1.3,0.83,2,0,0
-0.6,0.57,-0.71,0.5,2,0,0
0.88,1.07,-0.58,0.96,2,0,0
-0.66,0.08,-1.02,-0.45,2,0,0
0.56,-0.38,0.15,-0.32,2,0,0
-0.1,1.37,-0.46,1.44,2,0,0
1.75,1.81,1.96,3.16,2,0,0
2.39,2.28,0.39,2.61,2,0,0
-0.97,-1.46,1.47,-0.73,2,0,0
0.37,0.27,-1.06,-0.27,2,0,0
0.32,0.01,0.14,0.05,2,0,0
0.59,-0.1,-2.53,-1.98,2,0,0
1.16,-0.02,-1.17,-1.02,2,0,0
0.53,-0.78,-0.74,-1.54,2,0,0
0.99,-0.33,0.55,-0.4,2,0,0
-0.16,-0.52,1.65,0.46,2,0,0
0.1,0.43,1.12,1.22,2,0,0
0.84,1.76,1.95,3.42,2,0,0
-0.92,0.3,-0.61,0.25,2,0,0
0.59,0.62,-0.03,0.65,2,0,0
-0.18,-0.29,-0.95,-1.16,2,0,0
0.4,-0.26,-0.12,-0.37,2,0,0
-0.31,0.35,-0.8,0.28,2,0,0
1.48,1.21,1.81,2.58,2,0,0
1.03,1.25,0.71,2.18,2,0,0
-0.23,0.01,-0.61,-0.25,2,0,0
1.49,0.53,1.05,1.3,2,0,0
0.89,1.14,-0.66,0.96,2,0,0
-1.17,-0.85,-2.09,-2.32,2,0,0
-0.05,0.24,0.39,0.4,2,0,0
0.79,-0.06,1.26,0.67,2,0,0
-1.87,0.14,0.09,0.4,2,0,0
-0.19,-0.38,-0.11,-0.56,2,0,0
2.14,1.47,1.22,2.31,2,0,0
0.15,0.55,0.44,1.13,2,0,0
0.91,1.12,0.38,1.63,2,0,0
-0.01,-0.8,-1.61,-1.83,2,0,0
-1.23,-0.23,1.03,0.42,2,0,0
-0.78,-1.79,-0.17,-2.65,2,0,0
0.21,-1.08,0.83,-0.84,2,0,0
-0.28,1.68,-0.49,1.88,2,0,0
1.89,0.89,0.06,0.84,2,0,0
0.04,0.89,-0.71,0.51,2,0,0
0.04,-0.75,0.54,-0.63,2,0,0
1.35,1.58,0.44,2.3,2,0,0
-0.36,0.99,0.07,1.56,2,0,0
1.93,0.44,0.18,0.36,2,0,0
1.47,-0.16,3.25,1.58,2,0,0
-0.27,-0.7,-1.65,-2.36,2,0,0
1.82,-0.02,-0.15,-0.51,2,0,0
1.5,1.18,-0.84,0.96,2,0,0
1.0,0.22,-0.02,0.44,2,0,0
-0.39,0.54,-0.24,0.64,2,0,0
0.73,-1.16,-0.82,-2.01,2,0,0
0.41,0.92,0.2,1.28,2,0,0
-0.16,0.36,0.03,0.68,2,0,0
0.36,-0.12,-1.85,-1.41,2,0,0
0.48,1.34,0.53,2.23,2,0,0
-2.02,-0.64,-0.01,-0.59,2,0,0
0.8,0.21,0.14,0.28,2,0,0
0.08,0.7,-0.59,0.42,2,0,0
-0.89,-1.64,-0.62,-2.2,2,0,0
-1.38,-0.88,0.93,-0.35,2,0,0
1.59,1.52,-0.44,1.13,2,0,0
1.2,-0.31,0.52,-0.18,2,0,0
-0.33,-0.51,2.35,0.92,2,0,0
0.21,-0.44,0.39,-0.34,2,0,0
1.6,-0.63,1.44,-0.25,2,0,0
0.3,1.15,0.27,1.66,2,0,0
0.79,0.9,-0.32,0.86,2,0,0
1.97,-0.19,0.06,-0.47,2,0,0
2.01,1.98,1.82,3.54,2,0,0
-0.07,-0.92,1.05,-0.45,2,0,0
-1.07,0.11,1.04,0.97,2,0,0
0.14,-0.28,1.57,0.77,2,0,0
2.03,2.22,0.94,3.31,2,0,0
1.45,-0.05,0.12,-0.19,2,0,0
-1.63,-1.18,-0.65,-1.54,2,0,0
-0.87,0.5,-0.35,0.8,2,0,0
-1.55,0.1,0.74,0.92,2,0,0
1.91,1.61,1.75,3.02,2,0,0
-0.44,-0.15,0.26,0.14,2,0,0
-2.25,-0.39,1.58,0.8,2,0,0
-3.55,-0.45,-1.06,-0.54,2,0,0
0.8,-0.6,0.91,-0.3,2,0,0
-0.82,-0.96,-0.21,-1.33,2,0,0
-0.49,-0.65,-0.66,-1.28,2,0,0
-0.57,-0.71,0.09,-0.64,2,1,1
-0.16,0.5,-0.66,0.12,2,0,0
1.92,0.72,0.57,0.97,2,0,0
0.39,2.87,2.19,5.12,2,0,0
1.57,1.28,0.52,1.74,2,1,1
0.95,2.09,1.24,3.35,2,0,0
-0.09,0.23,1.77,1.37,2,0,0
1.29,1.45,1.11,2.55,2,1,1
-1.62,-1.5,0.16,-1.63,2,0,0
2.61,1.19,-0.03,1.15,2,0,0
0.92,2.55,1.75,4.5,2,0,0
-0.3,-0.35,-0.5,-0.93,2,0,0
0.58,0.85,-1.39,0.41,2,0,0
0.13,0.26,-0.56,-0.05,2,0,0
1.04,1.93,1.15,3.25,2,0,0
-0.56,1.0,-0.55,1.2,2,0,0
1.56,-0.15,-0.01,-0.44,2,0,0
-1.78,-0.34,0.47,0.19,2,0,0
0.14,0.23,1.39,1.02,2,0,0
-0.77,-0.08,1.18,0.8,2,0,0
0.46,-1.66,2.14,-1.0,2,0,0
-0.63,-0.37,-1.08,-1.28,2,0,0
-0.47,-1.46,-1.01,-2.4,2,0,0
0.65,-1.73,1.85,-1.23,2,0,0
-0.24,0.58,1.53,1.92,2,0,0
1.32,1.82,2.02,3.46,2,0,0
-0.41,0.08,1.28,0.93,2,0,0
1.42,0.28,-0.32,-0.03,2,0,0
-0.84,-0.18,-0.03,-0.33,2,0,0
-1.92,-0.22,-2.09,-1.31,2,0,0
1.59,0.94,1.56,2.16,2,0,0
-0.52,0.53,0.09,0.84,2,0,0
-0.42,0.72,-1.5,0.2,2,0,0
-1.87,-0.81,-0.19,-0.85,2,0,0
0.02,2.07,-1.53,1.77,2,0,0
1.51,-0.45,1.39,0.06,2,0,0
0.81,-0.03,-0.23,-0.37,2,0,0
-0.2,-1.22,-2.06,-3.02,2,0,0
-1.41,0.79,0.34,1.69,2,0,0
-1.35,0.41,-0.4,0.54,2,0,0
-0.88,2.3,0.88,3.7,2,0,0
1.16,0.8,-1.99,-0.53,2,0,0
0.01,0.83,1.52,2.2,2,0,0
-1.28,0.27,-1.74,-0.51,2,0,0
-0.05,0.95,0.3,1.47,2,0,0
1.36,0.77,-2.33,-0.7,2,1,1
0.37,-0.98,0.11,-1.13,2,0,0
1.57,-1.25,2.33,-0.56,2,0,0
1.04,-1.63,-0.43,-2.45,2,0,0
0.84,0.89,1.91,2.35,2,0,0
1.38,1.48,-0.64,1.27,2,0,0
1.82,1.68,-1.27,1.3,2,0,0
0.51,0.54,-1.41,-0.09,2,0,0
0.06,-1.7,0.67,-1.68,2,0,0
0.44,-0.5,0.47,-0.46,2,0,0
0.1,-0.44,0.27,-0.22,2,0,0
-0.33,-0.34,0.13,-0.36,2,0,0
0.49,-0.7,-0.73,-1.48,2,0,0
2.76,1.33,-0.3,1.02,2,0,0
0.49,1.07,-0.1,1.26,2,0,0
2.16,-1.49,0.29,-1.98,2,0,0
1.43,-0.75,1.24,-0.1,2,0,0
3.27,1.35,2.0,2.5,2,0,0
1.74,2.78,-0.04,3.37,2,0,0
1.49,1.05,1.97,2.53,2,0,0
0.17,-0.26,-0.09,-0.43,2,0,0
-0.22,-0.41,0.18,-0.36,2,0,0
0.11,-0.71,0.32,-0.79,2,0,0
-1.32,-1.41,-1.37,-2.45,2,0,0
0.41,-0.48,-1.51,-1.54,2,0,0
-0.45,-0.27,2.27,1.3,2,0,0
1.55,0.99,-0.74,0.49,2,0,0
-0.34,-0.07,0.8,0.59,2,0,0
-1.65,0.23,0.99,1.45,2,0,0
2.79,2.93,1.53,4.47,2,1,1
0.41,-0.36,-1.9,-1.45,2,0,0
2.67,0.97,0.26,1.16,2,0,0
-0.35,-2.18,0.08,-2.83,2,0,0
-1.09,-0.23,0.2,-0.05,2,0,0
-0.08,-0.08,-0.27,-0.15,2,0,0
0.13,1.17,0.84,2.08,2,0,0
-1.0,-0.44,1.38,0.44,2,1,1
1.57,0.69,0.43,0.96,2,1,1
0.98,1.17,-0.5,1.04,2,0,0
0.34,1.54,-0.14,2.03,2,0,0
1.04,0.69,0.82,1.31,2,0,0
0.71,1.27,-0.15,1.68,2,0,0
-1.59,0.42,-0.76,0.34,2,0,0
0.15,0.79,-0.59,0.89,2,0,0
-0.56,-1.38,0.23,-1.37,2,0,0
-0.12,1.62,1.59,3.39,2,0,0
0.69,-0.36,1.62,0.38,2,0,0
-0.87,-0.95,1.02,-0.33,2,0,0
1.99,0.82,1.36,1.52,2,0,0
-1.68,-0.59,-1.01,-1.08,2,0,0
-1.47,-0.21,-1.52,-0.91,2,0,0
0.45,-1.41,0.58,-1.5,2,0,0
1.74,-0.43,1.85,0.39,2,0,0
-1.74,-0.75,0.41,-0.06,2,0,0
0.26,-1.31,-0.28,-2.05,2,0,0
0.12,0.21,-0.86,-0.25,2,0,0
-0.47,2.09,-0.93,2.37,2,0,0
-1.47,-0.15,-0.8,-0.53,2,0,0
1.85,1.34,1.05,2.03,2,0,0
2.68,0.03,0.63,-0.01,2,0,0
-0.62,-0.9,0.3,-0.88,2,0,0
-0.46,-1.03,1.08,-0.41,2,0,0
-0.08,-0.0,-1.12,-0.48,2,0,0
1.32,0.5,0.39,0.65,2,0,0
-0.31,-0.55,0.8,0.0,2,0,0
-0.0,-1.09,0.44,-0.91,2,0,0
0.75,-1.02,-0.14,-1.3,2,0,0
-1.13,0.8,0.1,1.51,2,0,0
0.74,0.35,-0.86,-0.23,2,0,0
0.73,-1.1,-1.29,-2.44,2,0,0
0.38,1.49,1.15,2.93,2,0,0
0.04,-0.57,0.92,-0.18,2,0,0
1.39,1.12,1.0,1.94,2,0,0
-0.93,-1.07,0.41,-0.89,2,0,0
-3.33,-1.55,-0.98,-2.1,2,0,0
1.16,-0.74,-0.04,-1.26,2,0,0
-1.2,-1.14,-0.44,-1.38,2,0,0
0.06,0.86,-0.02,1.03,2,0,0
-0.06,0.6,-1.09,0.24,2,0,0
-0.94,0.23,-1.46,-0.49,2,0,0
0.48,0.0,1.81,1.13,2,0,0
2.14,-1.07,0.04,-1.62,2,0,0
-0.94,-0.96,-1.86,-2.18,2,0,0
2.43,0.71,1.06,1.44,2,0,0
1.19,0.21,0.59,0.51,2,0,0
-0.45,1.29,1.07,2.61,2,0,0
-1.24,-0.6,0.63,-0.11,2,0,0
-0.39,0.23,0.11,0.24,2,0,0
-1.94,-1.39,-0.83,-1.98,2,0,0
0.16,0.23,0.01,0.04,2,0,0
-0.74,-0.29,0.02,-0.07,2,0,0
-0.23,-0.19,1.97,1.27,2,0,0
-0.85,-1.44,-0.15,-1.8,2,0,0
-0.11,-0.55,-2.23,-1.98,2,0,0
-0.8,-0.12,-1.76,-0.9,2,0,0
-1.88,0.14,-2.49,-1.17,2,0,0
1.59,-0.34,0.75,-0.23,2,0,0
0.11,1.02,-0.57,1.18,2,0,0
0.07,-0.28,-1.88,-1.53,2,0,0
0.11,0.99,-0.42,1.16,2,0,0
-1.3,-1.23,1.44,-0.47,2,0,0
-0.26,0.23,-0.02,0.42,2,0,0
-0.38,-0.26,-0.44,-0.59,2,0,0
-1.9,-0.45,-0.41,-0.63,2,0,0
2.26,2.07,-0.19,2.31,2,0,0
1.27,0.8,1.97,2.16,2,0,0
-0.15,1.21,-0.16,1.62,2,0,0
-0.86,-1.38,1.12,-0.93,2,0,0
1.19,0.86,-0.23,0.83,2,0,0
-0.5,-1.27,-1.84,-2.9,2,0,0
1.47,-0.01,-0.83,-0.68,2,0,0
1.74,0.91,1.75,2.17,2,0,0
0.3,-1.06,-1.07,-2.1,2,0,0
-1.24,0.21,0.13,0.55,2,0,0
-0.02,0.88,0.95,1.95,2,0,0
0.59,0.27,0.88,0.85,2,0,0
0.68,0.76,-1.27,-0.1,2,0,0
-0.82,0.6,0.25,1.0,2,0,0
0.21,-0.17,-0.47,-0.71,2,0,0
-0.96,-0.44,-1.82,-1.59,2,0,0
1.17,0.7,0.71,1.3,2,0,0
1.91,0.79,-1.27,0.13,2,0,0
1.41,0.05,0.43,0.28,2,0,0
0.73,-0.14,0.18,-0.06,2,0,0
0.91,1.52,-1.31,1.05,2,0,0
1.08,1.24,-0.17,1.47,2,0,0
0.04,1.66,1.79,3.5,2,0,0
-0.68,-0.45,0.48,-0.21,2,0,0
1.13,0.23,-0.41,-0.21,2,0,0
0.93,0.89,0.2,1.16,2,0,0
-1.97,-1.7,-1.85,-2.94,2,0,0
1.05,1.54,0.12,2.12,2,0,0
-0.85,-1.84,0.1,-2.04,2,0,0
-1.11,-0.93,-0.73,-1.36,2,0,0
2.42,0.15,0.67,0.18,2,0,0
-0.3,0.63,-0.37,0.89,2,0,0
1.63,-0.49,0.05,-0.67,2,0,0
-0.37,2.18,-0.63,2.52,2,0,0
-0.54,-2.13,1.33,-2.16,2,0,0
-1.26,-1.35,1.26,-0.99,2,0,0
1.47,2.71,-0.91,3.04,2,0,0
-0.71,-1.7,1.05,-1.66,2,0,0
0.97,0.53,0.76,1.05,2,0,0
-0.51,-1.07,0.42,-1.14,2,0,0
2.5,0.52,0.07,0.35,2,0,0
0.24,0.08,0.44,0.11,2,0,0
1.08,0.93,0.71,1.33,2,0,0
1.62,1.8,2.82,4.05,2,0,0
-0.71,-0.63,-0.92,-1.21,2,0,0
0.15,0.76,0.46,1.08,2,0,0
1.78,0.51,-2.12,-1.01,2,0,0
-2.17,-0.38,-1.08,-0.85,2,0,0
-1.97,-1.37,-0.95,-1.94,2,0,0
1.73,0.23,0.36,0.36,2,0,0
0.79,-0.57,-0.89,-1.66,2,0,0
-0.35,0.85,-0.79,0.87,2,0,0
-1.18,0.01,-1.0,-0.51,2,0,0
-0.39,0.28,-0.53,0.11,2,0,0
2.23,1.3,1.93,2.83,2,0,0
-0.5,0.95,-0.47,1.05,2,0,0
-0.18,0.39,-0.1,0.49,2,0,0
-0.3,-0.48,-1.51,-1.47,2,0,0
-0.07,-0.14,0.88,0.56,2,1,1
1.28,1.62,1.46,2.78,2,0,0
-0.7,-0.4,0.94,0.15,2,0,0
0.4,-1.63,-1.1,-2.84,2,0,0
0.5,-0.43,-1.78,-1.71,2,0,0
-1.48,-0.25,0.07,0.11,2,0,0
0.19,-0.24,0.85,0.46,2,0,0
0.66,1.11,1.05,1.96,2,0,0
-0.33,-0.8,0.55,-0.53,2,0,0
-1.17,-0.41,1.51,0.72,2,0,0
-0.39,-0.74,-2.76,-2.6,2,0,0
-0.8,-1.87,-0.26,-2.35,2,0,0
-0.32,-0.13,0.49,0.0,2,0,0
-1.13,0.58,1.1,1.7,2,0,0
0.71,-1.21,1.97,-0.43,2,0,0
-0.57,0.07,-1.66,-0.72,2,0,0
0.29,-1.91,0.82,-1.87,2,0,0
1.17,2.3,0.47,3.2,2,0,0
0.61,1.37,0.92,2.64,2,0,0
-0.39,-0.61,-0.25,-1.19,2,0,0
-0.07,0.14,-1.54,-0.86,2,0,0
-0.97,-0.33,0.95,0.47,2,0,0
-0.4,-0.28,-1.8,-1.2,2,0,0
1.04,-1.11,0.53,-1.25,2,0,0
0.51,0.82,1.96,2.3,2,0,0
0.33,-2.76,0.31,-3.38,2,0,0
1.29,2.05,0.67,3.06,2,0,0
0.22,1.96,1.12,3.29,2,0,0
-0.47,0.31,-0.29,0.53,2,0,0
-0.64,1.67,0.27,2.27,2,0,0
0.75,0.07,0.21,0.05,2,1,1
-2.03,-0.73,-1.74,-1.62,2,0,0
1.2,0.36,1.07,1.05,2,0,0
-1.49,-1.24,-1.03,-2.12,2,0,0
0.43,-0.22,0.53,0.05,2,0,0
1.64,0.45,0.86,0.73,2,0,0
-1.75,-0.64,-0.59,-0.86,2,0,0
-0.87,-0.25,-1.49,-1.22,2,0,0
0.79,-0.22,0.7,0.09,2,0,0
0.66,-1.0,0.36,-1.32,2,0,0
-0.59,0.86,0.63,1.69,2,0,0
-0.68,-1.36,-0.83,-2.12,2,0,0
-1.48,0.81,0.7,1.83,2,0,0
-0.67,0.21,0.53,0.76,2,0,0
-1.28,-0.82,0.17,-0.77,2,0,0
-0.39,0.78,0.9,1.8,2,0,0
0.26,1.13,0.36,1.74,2,0,0
-0.35,-0.85,-0.64,-1.61,2,0,0
-0.14,-1.37,0.2,-1.59,2,0,0
-0.01,0.53,-1.08,-0.11,2,0,0
1.14,-0.08,-0.38,-0.54,2,0,0
-1.07,0.05,0.59,0.73,2,0,0
-2.63,-1.16,-1.0,-1.86,2,0,0
-0.48,-0.07,0.94,0.62,2,0,0
-0.45,1.02,0.5,1.76,2,1,1
1.17,1.15,0.1,1.35,2,0,0
0.22,-0.28,0.27,-0.02,2,0,0
1.03,2.02,0.39,2.82,2,0,0
-0.96,1.04,0.81,2.0,2,0,0
-0.46,-0.86,-0.03,-1.07,2,0,0
-0.87,-0.66,0.35,-0.49,2,0,0
0.78,0.39,2.29,1.86,2,0,0
-1.19,-0.31,-0.68,-0.38,2,0,0
-1.54,0.03,-1.05,-0.32,2,0,0
1.7,1.51,1.11,2.45,2,0,0
-0.8,-0.97,-1.22,-1.94,2,0,0
2.38,1.59,1.57,2.75,2,0,0
-0.28,-0.42,1.16,0.18,2,0,0
0.14,-1.42,-0.29,-2.04,2,0,0
0.88,0.66,-1.26,-0.24,2,0,0
-0.21,-1.13,0.38,-1.27,2,0,0
0.35,0.6,1.32,1.68,2,0,0
-1.86,-2.18,0.01,-2.47,2,0,0
0.4,-0.65,-1.66,-2.04,2,0,0
-0.19,0.72,1.11,1.59,2,0,0
-0.92,-0.14,1.21,0.82,2,1,1
-0.47,1.35,0.09,1.86,2,0,0
-0.44,-1.23,-0.39,-1.74,2,0,0
0.58,0.29,-1.2,-0.64,2,0,0
1.14,0.28,0.34,0.41,2,0,0
-0.39,0.47,-0.33,0.65,2,1,1
-2.92,-1.6,-0.81,-2.02,2,0,0
-2.05,0.0,0.47,0.66,2,0,0
-0.81,0.06,-1.16,-0.67,2,0,0
-0.76,-0.29,-0.55,-0.84,2,0,0
1.98,-0.29,-0.08,-0.64,2,0,0
-0.17,-0.45,0.29,-0.24,2,0,0
0.07,0.88,1.07,1.98,2,0,0
-0.74,-0.37,-0.59,-0.59,2,0,0
-0.19,-1.12,-1.24,-2.16,2,0,0
-0.18,-1.45,-0.36,-2.0,2,0,0
-0.09,2.18,-2.34,1.43,2,0,0
-0.88,-0.03,0.57,0.59,2,0,0
-1.01,1.57,1.19,2.75,2,0,0
0.8,3.34,-1.88,3.01,2,0,0
-0.24,-0.23,0.29,-0.42,2,0,0
0.71,0.29,0.88,1.06,2,0,0
-0.41,0.98,-1.59,0.25,2,0,0
-1.51,-1.18,-0.0,-1.4,2,0,0
0.71,1.47,2.41,3.53,2,0,0
-1.62,-1.56,-0.11,-1.57,2,0,0
0.43,0.23,0.8,0.9,2,0,0
2.69,0.97,0.13,0.85,2,0,0
0.55,-1.3,-0.33,-1.91,2,0,0
2.06,0.37,-0.11,0.16,2,0,0
-1.31,-0.52,-2.27,-1.76,2,0,0
2.33,-0.35,1.3,-0.1,2,0,0
-1.44,-1.39,-1.48,-2.28,2,0,0
0.4,1.5,0.46,2.24,2,0,0
0.91,0.86,0.54,1.39,2,0,0
1.82,-1.03,-0.63,-1.98,2,0,0
0.12,-0.65,0.57,-0.7,2,0,0
1.17,0.75,3.2,2.76,2,0,0
-1.1,-0.62,-0.4,-0.8,2,0,0
1.08,0.84,-0.31,0.83,2,0,0
0.1,-0.7,0.37,-0.79,2,0,0
-0.77,-0.5,0.67,0.04,2,0,0
-0.94,0.17,-0.31,0.31,2,0,0
-1.5,-0.72,-1.52,-1.36,2,0,0
0.21,-0.39,-0.76,-0.91,2,0,0
0.39,-0.99,-0.37,-1.44,2,0,0
0.98,-0.07,0.11,-0.25,2,0,0
0.11,-0.57,-1.31,-1.55,2,0,0
-0.66,-1.28,0.58,-1.28,2,0,0
-0.8,0.79,1.83,2.47,2,0,0
0.2,0.37,-0.97,-0.16,2,0,0
-1.05,0.74,-0.01,1.15,2,0,0
1.41,0.63,-1.2,0.04,2,0,0
-1.33,0.13,0.02,0.37,2,0,0
1.2,0.2,-3.4,-2.22,2,0,0
0.06,1.1,-1.88,0.23,2,0,0
0.59,-0.18,-0.55,-0.61,2,0,0
2.74,3.91,1.65,5.69,2,0,0
0.21,-0.75,-1.6,-2.16,2,0,0
0.8,-1.18,-0.62,-1.97,2,0,0
-2.87,-0.81,0.02,-0.26,2,0,0
-1.67,-0.71,0.03,-0.8,2,0,0
-0.52,1.25,0.0,1.71,2,0,0
1.3,-0.04,0.03,-0.09,2,0,0
-1.0,0.99,-0.07,1.67,2,0,0
-0.56,0.28,-1.5,-0.59,2,0,0
-2.26,-3.19,-2.4,-5.28,2,0,0
-0.27,1.22,-2.0,0.48,2,0,0
0.16,-0.53,0.88,0.0,2,0,0
0.23,-1.17,-1.18,-2.28,2,0,0
-1.04,0.98,1.48,2.48,2,0,0
0.47,-0.88,-0.84,-1.88,2,0,0
-1.27,-0.93,-0.91,-1.66,2,0,0
0.52,0.77,-0.3,0.59,2,0,0
-0.28,-0.5,0.61,-0.16,2,0,0
0.65,1.13,0.53,1.74,2,0,0
0.76,0.44,-1.12,-0.3,2,0,0
-0.66,-1.12,-0.37,-1.5,2,0,0
-0.24,1.26,-0.23,1.4,2,0,0
3.93,2.19,-1.02,1.82,2,0,0
1.94,-0.46,1.8,0.33,2,0,0
-0.28,-0.35,2.53,1.2,2,0,0
-0.94,-0.51,0.98,0.24,2,0,0
-0.86,-0.94,-2.03,-2.1,2,0,0
-0.01,-1.4,-1.6,-2.9,2,0,0
-2.09,-1.27,-0.98,-1.91,2,0,0
-1.08,-0.38,1.16,0.19,2,0,0
0.71,0.48,1.24,1.22,2,0,0
1.06,1.6,-0.6,1.53,2,0,0
-0.43,-1.45,-0.05,-1.86,2,0,0
-0.63,-1.21,0.47,-1.33,2,0,0
0.58,-0.1,0.54,0.13,2,0,0
-0.61,-0.65,-0.83,-1.02,2,0,0
0.04,0.37,0.68,1.12,2,0,0
-1.3,-0.07,-0.9,-0.64,2,0,0
0.36,0.28,-0.35,0.15,2,0,0
1.71,0.19,1.12,0.8,2,0,0
0.52,-0.42,0.92,-0.01,2,0,0
0.82,-0.08,1.19,0.46,2,0,0
-0.2,-0.34,-1.42,-1.15,2,0,0
2.01,0.18,0.87,0.63,2,0,0
-0.54,-0.25,-1.42,-1.02,2,0,0
0.77,1.44,-0.88,1.18,2,0,0
-0.22,0.59,-0.52,0.79,2,0,0
-0.72,-2.76,2.25,-2.05,2,0,0
-0.46,-0.52,-0.04,-0.55,2,0,0
0.91,-0.33,0.02,-0.66,2,0,0
1.06,0.39,0.53,0.66,2,0,0
-2.45,-0.97,-0.71,-1.27,2,0,0
-0.39,-2.21,0.62,-2.58,2,0,0
-0.67,-0.61,-0.22,-0.96,2,0,0
0.77,0.29,-2.08,-1.16,2,0,0
1.38,2.62,1.12,3.86,2,0,0
0.22,0.41,0.71,1.16,2,0,0
-0.23,0.74,0.33,1.08,2,0,0
1.87,0.41,0.67,0.54,2,0,0
-2.19,-0.23,0.92,0.75,2,0,0
0.76,-1.64,0.57,-1.8,2,0,0
0.9,2.15,-1.99,1.41,2,0,0
-0.16,-0.07,-1.07,-0.76,2,0,0
0.05,0.03,-0.3,-0.1,2,0,0
-0.87,-1.83,-0.58,-2.5,2,0,0
0.43,0.05,-0.53,-0.44,2,0,0
-1.5,-1.68,-1.1,-2.64,2,0,0
-1.08,-1.54,-0.86,-2.26,2,0,0
1.01,1.35,-0.14,1.55,2,0,0
0.17,0.43,1.38,1.45,2,0,0
1.35,0.23,-0.7,-0.3,2,0,0
-0.49,-2.91,-1.67,-4.7,2,0,0
1.36,-0.07,1.28,0.43,2,0,0
-0.61,-0.04,-2.03,-1.29,2,0,0
-2.03,0.38,-0.09,0.59,2,0,0
1.56,0.43,0.24,0.52,2,0,0
0.75,0.37,0.74,0.83,2,0,0
1.46,0.6,0.05,0.35,2,0,0
2.39,1.35,-1.48,0.79,2,0,0
-0.87,-0.13,0.78,0.41,2,0,0
0.2,0.21,-1.09,-0.38,2,0,0
0.45,0.87,2.51,2.66,2,0,0
-1.51,-2.91,0.2,-3.43,2,0,0
0.44,0.13,-1.26,-0.45,2,0,0
-0.49,-0.07,-1.49,-1.08,2,0,0
0.38,0.54,0.81,1.07,2,0,0
0.66,0.6,-0.52,0.33,2,0,0
-0.35,0.96,-0.05,1.32,2,0,0
0.01,-2.76,0.28,-3.71,2,0,0
-1.43,-2.18,0.19,-2.52,2,0,0
-0.8,0.91,-0.01,1.49,2,0,0
1.25,0.2,1.48,1.26,2,0,0
0.21,1.65,0.97,2.69,2,0,0
1.27,-0.02,-0.68,-0.73,2,0,0
1.92,-0.58,1.12,-0.37,2,0,0
1.43,0.76,-0.05,0.85,2,0,0
-1.39,-0.8,0.38,-0.72,2,0,0
-1.5,-3.12,0.25,-3.7,2,0,0
2.15,0.37,-1.08,-0.56,2,0,0
0.75,2.35,-0.27,2.83,2,0,0
0.69,1.59,1.29,2.81,2,0,0
-0.93,-0.84,0.4,-0.47,2,0,0
-1.37,0.45,-0.85,0.5,2,0,0
-1.61,-0.48,-0.4,-0.6,2,0,0
-2.25,-0.91,-1.03,-1.5,2,0,0
0.19,-0.37,-1.31,-1.27,2,0,0
0.97,-1.65,-1.93,-3.5,2,0,0
0.2,-0.22,-0.67,-0.63,2,0,0
-0.78,0.43,-0.4,0.35,2,0,0
1.75,0.49,3.48,2.61,2,0,0
0.5,-0.87,1.39,-0.4,2,0,0
-1.08,-0.68,0.85,-0.11,2,0,0
0.42,-0.04,-0.1,-0.14,2,0,0
-0.86,0.83,-1.28,0.29,2,0,0
1.14,0.64,1.22,1.51,2,0,0
0.99,0.98,-0.81,0.75,2,1,1
-0.49,0.32,0.11,0.5,2,0,0
-1.5,0.9,-0.8,0.84,2,0,0
2.12,-0.92,0.06,-1.26,2,0,0
-0.5,-1.73,0.82,-1.69,2,0,0
-0.13,-0.1,0.31,0.03,2,0,0
-0.06,0.34,1.57,1.39,2,0,0
1.43,-0.51,1.73,0.29,2,0,0
0.36,1.61,-0.83,1.51,2,0,0
0.04,-0.23,0.13,-0.3,2,0,0
2.07,-0.14,1.68,0.72,2,0,0
1.12,1.6,2.17,3.23,2,0,0
-1.75,-1.35,0.54,-1.29,2,0,0
0.28,1.19,2.3,3.05,2,0,0
0.61,-0.81,-2.3,-2.69,2,0,0
-1.36,-1.44,0.09,-1.36,2,0,0
-0.08,-1.7,0.7,-1.56,2,0,0
0.53,1.32,-0.49,1.43,2,0,0
2.08,1.36,0.84,1.8,2,0,0
0.46,2.19,1.15,3.82,2,0,0
-0.98,-0.83,-0.14,-0.97,2,0,0
1.51,1.96,0.95,2.97,2,0,0
0.41,-1.37,-0.11,-1.8,2,0,0
0.3,0.91,0.41,1.64,2,1,1
0.39,1.4,0.36,1.98,2,0,0
1.75,0.91,-0.1,0.85,2,0,0
1.84,1.07,0.64,1.5,2,0,0
0.88,0.4,1.62,1.57,2,0,0
0.95,1.85,-0.92,1.54,2,0,0
0.89,0.74,0.34,1.01,2,0,0
-0.61,-0.25,0.11,-0.13,2,0,0
2.08,0.26,0.46,0.51,2,0,0
0.11,-0.97,-0.77,-1.84,2,0,0
-1.2,-0.57,-1.24,-1.34,2,0,0
-0.33,0.14,-0.75,-0.19,2,0,0
3.14,1.5,1.61,2.74,2,0,0
0.83,-0.81,0.07,-1.11,2,0,0
0.78,-0.72,-0.56,-1.61,2,0,0
1.05,1.89,2.8,4.08,2,0,0
1.16,0.43,0.01,0.33,2,0,0
-1.12,-0.47,-1.61,-1.47,2,0,0
-0.2,1.07,-1.44,0.7,2,0,0
1.13,0.26,1.52,1.06,2,0,0
0.56,0.12,0.41,0.43,2,0,0
-1.54,0.62,-1.12,0.44,2,0,0
-2.93,-1.76,-0.43,-2.14,2,0,0
0.75,0.36,0.4,0.7,2,0,0
0.68,1.42,1.1,2.38,2,0,0
-0.17,0.53,0.19,0.68,2,0,0
2.36,1.72,-0.57,1.67,2,0,0
0.3,1.9,-0.33,2.27,2,0,0
-0.28,-0.98,0.26,-0.96,2,0,0
-1.36,0.53,1.72,2.19,2,0,0
-0.9,-0.3,-1.73,-1.31,2,0,0
-0.57,-0.06,0.44,0.22,2,0,0
-1.13,-2.31,-0.77,-3.08,2,0,0
0.19,-0.97,-0.6,-1.7,2,0,0
-1.94,-2.01,2.23,-0.95,2,0,0
1.14,2.81,1.89,4.98,2,0,0
-0.94,0.33,1.34,1.49,2,0,0
2.02,-1.16,1.85,-0.4,2,0,0
2.08,1.4,0.72,2.05,2,0,0
1.12,3.01,1.79,4.88,2,0,0
-1.82,0.16,1.71,1.47,2,0,0
-1.23,-0.1,-0.66,-0.71,2,0,0
-1.21,0.75,-0.43,0.85,2,0,0
0.8,1.01,-0.72,0.84,2,0,0
-0.27,-0.56,0.39,-0.15,2,0,0
-1.11,-1.26,1.51,-0.57,2,0,0
-0.22,-0.23,-0.81,-0.65,2,0,0
-1.07,-0.19,-1.05,-0.85,2,0,0
1.35,1.58,0.2,1.93,2,0,0
2.44,1.49,1.7,2.65,2,0,0
-0.95,-0.51,0.0,-0.35,2,0,0
2.38,1.08,0.07,1.36,2,0,0
-1.75,1.18,-2.88,0.12,2,0,0
-0.38,-1.08,0.0,-1.23,2,0,0
-0.46,1.86,1.81,3.81,2,0,0
0.14,0.09,0.15,0.27,2,0,0
0.2,1.1,0.3,1.5,2,0,0
1.63,1.39,0.79,2.18,2,0,0
0.57,0.1,-1.67,-1.08,2,0,0
-0.22,0.27,0.67,0.86,2,0,0
-0.04,1.36,0.69,2.33,2,0,0
0.79,-0.49,-1.24,-1.39,2,0,0
-1.31,1.09,0.7,2.17,2,0,0
0.64,-0.12,0.35,0.06,2,0,0
-1.48,-0.92,-0.22,-0.88,2,0,0
-0.01,-0.86,0.24,-1.02,2,0,0
0.56,0.17,-0.16,-0.01,2,0,0
2.09,0.43,0.96,0.94,2,0,0
0.79,1.3,0.62,2.0,2,0,0
0.34,-1.72,1.11,-1.53,2,0,0
-1.44,-0.71,0.25,-0.68,2,0,0
1.34,1.55,-0.82,1.22,2,0,0
-1.04,-0.92,-1.12,-1.69,2,0,0
0.35,-0.91,-1.97,-2.55,2,0,0
-0.41,-0.22,0.41,-0.24,2,0,0
0.46,-0.84,-0.06,-1.16,2,0,0
-0.96,-0.08,1.64,1.39,2,0,0
-0.03,0.07,-0.58,-0.37,2,0,0
0.82,1.44,-2.02,0.5,2,0,0
-1.42,-0.68,-0.34,-0.92,2,0,0
2.27,0.96,0.95,1.54,2,0,0
-0.41,-1.55,1.25,-1.33,2,0,0
0.29,1.54,1.55,2.87,2,0,0
-0.13,0.46,1.11,1.41,2,0,0
1.29,0.26,1.4,1.08,2,0,0
0.13,-1.24,-0.06,-1.63,2,0,0
-0.0,0.02,0.47,0.34,2,0,0
-0.07,-1.18,0.16,-1.38,2,0,0
0.05,-0.79,1.3,-0.37,2,0,0
0.31,-0.65,-0.91,-1.54,2,0,0
0.99,-0.11,-0.02,-0.29,2,0,0
0.75,1.25,1.31,2.41,2,0,0
1.41,1.04,1.72,2.34,2,0,0
-0.32,-0.04,-1.06,-0.67,2,0,0
0.32,0.27,1.32,1.16,2,0,0
-0.86,0.66,-0.71,0.67,2,0,0
-0.45,-0.02,1.68,0.86,2,0,0
2.14,1.11,0.57,1.39,2,0,0
-1.72,-1.19,-1.02,-2.09,2,0,0
0.63,-0.59,-1.19,-1.47,2,0,0
-0.2,-0.62,-0.63,-1.09,2,0,0
0.55,0.94,1.23,2.02,2,0,0
1.2,-1.64,-1.15,-2.82,2,0,0
2.5,0.27,-2.3,-1.47,2,0,0
-0.29,-0.36,0.56,0.02,2,0,0
1.73,1.26,0.19,1.67,2,0,0
-1.11,-1.49,-0.89,-2.25,2,0,0
-0.38,1.4,0.13,1.95,2,0,0
-0.97,0.19,-0.3,0.29,2,0,0
-0.16,1.12,-0.51,1.29,2,0,0
0.32,-0.21,1.22,0.72,2,0,0
-2.1,-1.75,0.01,-1.88,2,0,0
1.81,0.88,1.93,2.13,2,0,0
1.83,-0.79,-0.43,-1.38,2,0,0
1.51,1.86,0.4,2.56,2,0,0
0.33,1.56,-1.54,1.02,2,0,0
1.2,-0.29,0.26,-0.32,2,0,0
2.32,1.23,-0.29,1.0,2,0,0
0.17,0.81,0.21,1.3,2,0,0
0.97,0.78,1.26,1.8,2,0,0
2.54,1.65,0.91,2.33,2,0,0
1.97,0.17,0.65,0.4,2,0,0
1.29,0.85,-0.69,0.44,2,0,0
2.39,2.04,0.45,2.62,2,0,0
0.2,-1.46,0.34,-1.55,2,0,0
-1.21,-0.77,-1.31,-1.59,2,0,0
-0.94,-0.3,-2.89,-2.13,2,0,0
1.42,-0.23,0.5,-0.21,2,0,0
0.33,0.11,0.27,0.51,2,0,0
-0.45,-0.9,-0.57,-1.41,2,0,0
0.73,0.01,-0.17,-0.21,2,0,0
-1.71,-1.44,1.24,-0.87,2,0,0
-1.51,1.15,0.94,2.41,2,0,0
0.48,-0.46,0.59,-0.36,2,0,0
-0.4,-2.6,-1.28,-4.2,2,0,0
-0.73,0.97,1.09,2.1,2,0,0
-0.03,0.81,-0.8,0.46,2,0,0
-0.01,0.14,1.98,1.57,2,0,0
1.82,1.39,1.37,2.25,2,0,0
2.26,1.96,0.76,2.73,2,0,0
-0.97,-0.55,0.48,-0.13,2,0,0
0.46,0.96,-0.33,1.02,2,0,0
0.97,-0.41,1.41,0.53,2,0,0
1.01,0.38,-0.09,0.37,2,0,0
0.64,1.11,-0.04,1.36,2,0,0
0.02,-0.02,-1.31,-0.71,2,0,0
-0.03,-0.3,0.29,-0.2,2,0,0
0.61,1.31,-0.01,1.35,2,0,0
0.46,0.22,-1.24,-0.51,2,1,1
0.49,0.6,0.39,0.96,2,0,0
-0.06,-0.87,0.31,-1.02,2,0,0
0.89,0.47,0.87,1.2,2,0,0
-0.9,0.86,0.43,1.44,2,0,0
-1.21,-2.12,1.69,-1.31,2,0,0
1.13,1.67,-1.51,1.09,2,0,0
1.25,-0.09,-0.15,-0.21,2,0,0
1.1,-0.0,1.18,0.49,2,0,0
0.36,-0.27,-0.37,-0.61,2,0,0
2.25,1.79,0.14,2.23,2,0,0
0.66,-0.85,1.72,-0.09,2,0,0
0.47,-0.0,-0.53,-0.3,2,0,0
-1.82,-1.58,1.74,-0.75,2,0,0
0.59,-0.09,1.18,0.67,2,0,0
-0.59,1.97,1.57,3.84,2,0,0
-0.41,-0.87,-1.12,-1.75,2,0,0
2.02,0.47,0.79,0.64,2,0,0
-1.39,-0.39,-0.37,-0.6,2,0,0
-3.14,-0.48,0.13,0.03,2,0,0
-1.38,-1.31,-1.01,-1.97,2,0,0
1.24,-1.1,-2.16,-2.93,2,0,0
1.58,1.21,2.17,2.92,2,0,0
-0.41,-0.24,-0.71,-0.62,2,0,0
-0.25,0.04,1.51,1.18,2,0,0
-0.35,-0.68,-0.74,-1.58,2,0,0
0.58,-0.36,0.2,-0.2,2,0,0
1.44,0.16,1.86,1.19,2,0,0
0.95,1.07,0.89,1.86,2,0,0
0.06,0.7,-1.82,-0.21,2,0,0
0.66,0.27,-1.01,-0.42,2,0,0
-1.44,0.13,0.45,0.86,2,0,0
-0.96,-1.53,-0.54,-2.39,2,0,0
-0.54,0.86,0.65,1.62,2,0,0
-0.95,-1.18,-0.25,-1.6,2,0,0
-0.98,-0.7,-0.04,-0.77,2,0,0
1.19,1.78,0.07,2.28,2,0,0
-0.67,-0.44,0.23,-0.17,2,0,0
-0.37,1.19,1.7,2.48,2,0,0
-0.13,0.29,-1.09,-0.47,2,0,0
1.2,0.09,0.47,0.49,2,0,0
-0.26,0.58,0.07,0.84,2,0,0
1.27,0.35,0.35,0.68,2,0,0
-1.1,-0.51,-2.13,-1.72,2,0,0
-0.32,0.43,0.47,0.91,2,0,0
-0.5,0.24,-1.73,-0.69,2,0,0
-0.07,-0.36,-0.65,-0.72,2,0,0
-0.15,0.17,0.21,0.31,2,0,0
-0.11,-1.21,1.11,-0.91,2,0,0
-0.78,0.06,0.97,0.88,2,0,0
-1.01,-2.36,1.16,-2.23,2,1,1
0.39,0.59,0.96,1.38,2,0,0
-1.14,-0.79,-0.77,-1.39,2,0,0
0.46,-0.62,0.49,-0.49,2,0,0
-0.09,-1.07,0.94,-0.59,2,0,0
0.56,0.74,2.09,2.37,2,0,0
0.98,0.61,0.58,1.05,2,0,0
1.05,-0.12,0.85,0.31,2,0,0
1.8,0.82,0.36,1.1,2,0,0
1.61,1.86,-1.93,1.01,2,0,0
0.74,1.21,-0.19,1.4,2,0,0
0.32,-0.33,-0.53,-0.88,2,0,0
-1.66,-1.35,-2.18,-2.93,2,0,0
0.67,1.91,0.96,3.16,2,0,0
-1.43,-1.5,-1.41,-2.7,2,0,0
-1.98,1.33,-1.53,1.1,2,0,0
-2.24,-0.72,-0.94,-1.05,2,0,0
1.26,0.77,-0.35,0.57,2,0,0
0.45,-0.11,-0.07,-0.17,2,0,0
