@relation SyntheticData-N_600-D_16-Nmin_60-Zmin_8-CL_1_2-R_0
@attribute X0 real [-7.14, 7.18]
@attribute X1 real [-5.04, 6.62]
@attribute X2 real [-6.57, 6.83]
@attribute X3 real [-8.55, 6.82]
@attribute X4 real [-7.19, 6.96]
@attribute X5 real [-7.27, 6.25]
@attribute X6 real [-6.40, 6.35]
@attribute X7 real [-6.85, 7.75]
@attribute X8 real [-5.91, 6.25]
@attribute X9 real [-7.66, 6.46]
@attribute X10 real [-7.15, 7.28]
@attribute X11 real [-9.33, 6.18]
@attribute X12 real [-6.12, 5.58]
@attribute X13 real [-6.88, 5.93]
@attribute X14 real [-8.16, 8.60]
@attribute X15 real [-7.30, 6.75]
@attribute cluster_idx {0,1,2}
@attribute is_noise {0,1}
@attribute Class {0,1}
@inputs X0,X1,X2,X3,X4,X5,X6,X7,X8,X9,X10,X11,X12,X13,X14,X15,cluster_idx,is_noise
@output Class
@data
1.55,-1.65,-3.72,1.55,-1.65,-2.43,-2.12,-3.7,-2.88,3.24,2.83,1.82,1.24,0.28,-0.59,3.01,0,0,1
4.7,-3.18,1.52,1.19,-0.64,-0.87,-0.58,-1.19,-3.79,-0.89,1.24,0.25,0.64,-2.35,-0.94,3.19,0,0,1
-3.27,2.7,1.66,-0.38,-0.24,-0.58,1.32,1.86,1.83,0.62,-1.37,-0.17,1.53,3.27,0.62,-3.43,0,0,1
-1.32,-0.51,-3.98,1.91,3.35,-1.1,3.23,-3.05,-1.91,-1.19,-0.55,4.45,4.54,4.42,1.79,6.75,0,0,1
-2.1,2.62,0.22,0.56,-1.0,5.49,0.24,-2.08,-1.78,4.78,-3.4,-1.97,-1.11,-1.99,0.89,2.02,0,0,1
3.5,-2.23,-0.39,-0.12,-1.76,-4.93,-1.03,2.02,-1.53,-1.47,2.66,2.09,0.63,0.89,-1.68,-2.02,0,0,1
0.21,-2.49,4.76,-0.18,-1.56,2.39,0.23,0.04,-0.77,-1.63,1.38,2.29,2.44,0.52,1.21,2.28,0,0,1
-2.37,-0.39,-0.79,-2.11,3.31,2.37,-0.11,-3.58,-0.53,0.93,-1.05,-4.42,-1.87,-2.97,-2.15,2.93,0,0,1
2.19,-0.18,-3.3,0.97,-1.19,-2.12,-3.61,-0.32,-2.22,2.89,-0.48,-0.54,-0.7,-1.27,-0.97,-1.81,0,0,1
1.26,-4.0,0.16,-0.05,0.01,1.74,-0.83,2.12,-0.13,-2.69,2.02,0.21,-0.08,-0.24,4.03,2.2,0,0,1
-3.64,1.01,-0.56,0.58,-1.07,1.85,0.12,3.13,2.69,-0.91,0.52,0.01,-0.13,1.69,3.09,-0.61,0,0,1
-0.71,-2.17,0.16,-3.59,0.48,1.71,-4.14,2.0,1.76,-2.89,3.53,-2.95,-3.74,-1.73,3.57,-0.68,0,0,1
-1.2,1.87,-2.38,-0.59,3.86,0.74,2.58,-1.52,-0.4,1.84,-3.09,-1.06,0.15,1.56,3.21,2.04,0,0,1
-3.25,-1.49,5.84,1.65,4.65,4.78,2.41,1.91,2.86,0.48,2.02,-0.93,-0.28,2.89,1.32,-1.22,0,0,1
1.19,4.25,0.25,1.5,-0.91,-2.61,-2.18,0.5,4.28,-4.18,-1.59,1.06,-2.63,0.61,0.15,-1.42,0,0,1
-2.21,0.28,5.1,-1.15,-0.42,1.91,-0.59,-0.37,2.69,-1.28,0.87,-1.19,1.68,0.64,2.71,0.29,0,0,1
0.02,0.3,-0.08,2.48,4.4,-0.05,1.66,-1.6,-1.24,0.38,-2.89,-0.92,1.06,1.65,-1.68,0.73,0,0,1
-1.39,0.77,1.13,-1.29,1.34,1.4,-2.93,-2.89,2.86,1.52,0.47,1.44,-2.36,-1.18,-1.3,0.12,0,0,1
4.57,-2.5,0.49,1.16,-0.62,-4.96,3.04,4.4,-3.64,-6.26,-1.24,3.02,3.84,2.29,-1.69,-0.91,0,0,1
-2.75,0.23,-0.21,-3.91,-1.47,1.01,0.77,-1.55,-1.97,-1.8,-0.09,0.38,3.02,2.0,1.37,1.95,0,0,1
-0.17,-1.53,-1.19,-1.66,-0.53,0.32,0.38,-1.07,-1.97,1.57,1.58,1.2,1.23,0.56,1.96,2.37,0,0,1
-2.88,2.94,1.58,-1.12,1.54,0.42,1.3,0.92,1.68,-0.79,-3.04,-3.41,0.17,0.97,-0.59,-2.25,0,0,1
-2.8,0.05,4.48,-2.72,0.24,4.45,-0.53,-2.84,-0.1,4.39,-0.36,-4.76,0.32,-2.05,3.09,0.7,0,0,1
3.87,-1.53,-1.19,-2.75,-0.94,-0.31,-0.7,-5.67,-4.81,-1.54,0.16,0.78,0.09,-2.6,-4.16,3.87,0,0,1
1.06,0.39,-0.87,2.56,-0.87,-1.58,-0.52,1.56,0.54,-0.97,-2.43,-1.78,-0.07,-0.9,-2.42,-2.52,0,0,1
2.84,-1.16,-2.68,0.44,-1.82,-1.61,0.6,2.25,-1.99,4.04,-0.97,-2.52,-2.06,-3.12,-2.29,-2.91,0,0,1
5.33,-0.34,0.28,0.9,-3.82,-0.9,-0.58,1.28,-0.94,0.25,0.57,2.89,0.51,-0.23,2.4,-1.34,0,0,1
-1.96,-1.9,1.22,-0.75,-1.44,0.87,-1.65,4.3,0.9,1.17,4.88,-3.29,-0.77,0.83,5.07,-2.82,0,0,1
5.11,-5.04,2.01,-3.31,-0.06,3.35,3.25,0.81,-4.83,-3.8,-1.31,-1.64,-0.35,-3.62,-3.42,0.97,0,0,1
0.04,0.93,-1.77,0.4,3.45,-2.46,1.2,-1.7,0.64,2.78,1.2,3.59,-0.27,2.24,-1.54,0.48,0,0,1
-4.23,3.21,-1.08,0.37,0.96,-0.6,-0.69,-2.84,1.02,2.83,-2.12,-4.7,0.76,-0.4,1.42,1.52,0,0,1
-2.88,-1.59,-1.38,0.21,1.67,-2.46,2.42,2.65,-0.43,2.23,0.77,-1.28,3.12,2.63,-2.28,-3.36,0,0,1
4.19,1.36,-0.08,0.93,1.81,-2.8,2.52,0.57,-1.01,-1.98,-3.83,-2.74,-0.89,-0.46,-4.17,-3.47,0,0,1
-2.12,0.88,-1.8,-0.09,0.62,-1.88,-1.35,-3.37,0.14,0.94,0.11,-2.14,1.02,-0.76,0.4,3.01,0,0,1
-1.23,0.89,-0.12,0.81,0.02,-2.05,-2.61,1.86,2.56,-1.45,0.72,-2.56,-1.39,-0.07,0.91,-2.23,0,0,1
-0.63,1.72,-0.27,2.91,2.81,0.4,2.46,-3.6,1.44,6.16,0.12,-0.86,0.32,0.97,-0.62,0.54,0,0,1
-2.43,3.17,-3.29,-2.08,-0.44,-0.01,-5.03,-6.85,-2.77,3.01,-1.63,-2.68,-2.34,-4.24,-4.83,2.89,0,0,1
0.98,1.38,-2.6,-0.17,-1.73,-0.02,0.39,0.15,-2.39,2.71,-0.43,2.04,0.55,0.74,1.61,-0.03,0,0,1
0.06,3.91,1.65,-0.37,-3.51,0.63,-2.15,0.19,-0.16,0.9,-2.49,-1.87,-2.35,-2.01,-0.65,-1.91,0,0,1
-0.08,3.86,-4.84,3.29,-2.08,-3.36,-3.85,-0.87,2.07,-0.69,-3.06,0.51,-1.5,-1.67,-2.83,-0.61,0,0,1
2.98,0.0,-2.85,0.2,-1.46,0.43,-4.68,-5.1,-4.47,6.46,0.89,-4.83,-2.07,-3.29,3.12,2.25,0,1,0
-4.42,0.95,-0.63,1.95,3.6,0.86,2.74,-4.94,0.01,2.05,-1.33,3.06,4.13,3.35,-1.15,5.51,0,0,1
2.23,-1.32,-0.77,0.65,1.63,-2.7,1.61,2.84,1.07,-2.12,2.48,4.23,-0.28,3.12,0.82,-0.91,0,0,1
-2.59,-2.46,6.44,1.22,5.96,3.92,5.4,1.89,-0.59,1.76,-1.33,1.58,3.45,5.13,-1.61,-2.08,0,0,1
0.15,-4.84,0.54,-0.58,1.35,1.09,-1.21,0.96,-2.39,0.72,2.73,-1.03,-0.6,-1.36,-0.95,1.09,0,0,1
-0.92,4.29,0.53,1.48,-0.75,-1.75,-1.01,-1.5,5.06,-2.39,-1.62,4.96,0.13,1.09,0.05,1.49,0,0,1
-4.25,1.87,4.01,0.7,-0.54,3.38,1.51,-0.58,-1.6,3.29,-2.5,-2.18,2.92,0.61,-0.82,-0.08,0,0,1
-1.4,1.79,1.42,1.31,4.59,-0.75,2.89,-1.2,1.54,0.98,-1.84,0.77,1.17,2.42,-0.32,0.49,0,0,1
1.65,1.91,4.26,0.13,-0.38,0.04,0.45,2.44,4.68,-3.44,-0.42,3.33,-0.93,1.66,0.48,-3.45,0,0,1
-1.68,1.47,-2.91,-0.24,1.14,-1.94,-2.91,-2.64,3.0,-3.21,1.3,3.63,-0.04,1.58,1.9,3.41,0,0,1
3.14,-1.87,1.48,-1.74,-1.21,-0.16,0.39,1.64,-1.02,-2.52,1.69,5.35,2.15,2.79,4.57,0.04,0,0,1
4.06,-4.33,-0.99,1.15,2.88,-0.81,2.73,-0.4,-2.48,-1.63,0.0,-0.19,-0.26,-1.5,-2.07,2.89,0,0,1
2.12,-4.39,2.02,-0.48,-0.85,0.4,0.85,6.86,-0.93,0.8,2.78,3.22,1.57,3.04,6.14,-3.48,0,0,1
-2.41,3.37,-4.12,1.59,0.01,-1.66,1.57,0.34,-2.65,1.29,-3.74,-4.21,0.82,0.22,-1.28,-0.04,0,0,1
0.24,0.0,-0.02,-0.56,0.94,-1.21,-0.68,-4.25,-0.03,-0.11,0.84,0.06,0.13,-1.0,-2.92,2.55,0,0,1
3.0,0.9,-0.92,0.31,-0.96,0.81,0.2,2.47,2.12,-2.28,0.07,1.41,-2.43,0.64,2.69,-1.94,0,0,1
6.04,-2.72,-6.05,0.35,-1.71,-2.44,-2.29,-0.18,-5.67,1.72,1.06,-1.21,-3.21,-3.99,-2.65,0.46,0,0,1
0.97,1.48,4.55,-2.18,-3.29,2.8,-1.57,5.45,3.32,-0.92,-0.24,1.88,-3.67,-0.29,0.15,-7.3,0,0,1
-1.0,0.54,0.82,-3.67,-1.04,-1.43,-2.25,-4.7,-1.71,-0.68,-1.66,2.0,2.34,-1.19,-3.19,2.16,0,0,1
-0.43,3.74,-2.07,-0.08,-1.45,-0.4,-1.42,-0.87,2.68,0.34,-0.66,0.29,-1.26,0.5,2.04,-1.45,0,0,1
-0.47,0.52,-1.08,-2.06,-2.73,-1.23,-2.11,0.45,-4.66,1.85,2.75,1.05,2.32,-0.61,2.94,-0.65,1,0,0
0.2,-1.68,1.66,0.79,5.65,2.9,-0.43,2.59,-2.29,2.3,-1.87,-0.84,1.66,-2.62,-1.89,1.36,1,0,0
-1.46,-4.34,3.35,-1.03,0.32,1.84,1.59,-0.63,-5.43,-4.07,-0.0,-3.89,1.51,-2.39,3.19,-0.94,1,0,0
5.07,-0.49,0.13,-2.38,-0.01,-4.46,-1.07,2.78,0.02,0.02,1.19,3.17,0.45,0.37,1.44,2.42,1,0,0
-1.42,1.72,-0.73,-3.37,-1.44,1.31,-0.73,-2.76,2.12,-1.57,0.93,-2.51,-1.66,-1.48,-2.4,4.26,1,0,0
5.1,-3.25,2.02,4.54,5.88,0.44,-0.62,5.36,2.58,1.68,-4.72,0.27,-2.64,4.67,-3.46,2.84,1,0,0
-4.21,-4.24,-0.29,-2.63,0.63,0.22,3.57,3.41,-2.76,0.46,0.9,-0.41,5.58,0.13,4.15,0.85,1,0,0
-0.82,0.71,2.75,-2.83,0.43,-0.41,1.35,-1.44,0.31,-1.36,-0.95,-1.95,-1.25,-0.72,0.01,0.92,1,0,0
3.9,-2.46,-0.54,1.84,2.76,-1.24,-1.93,4.25,-3.2,2.48,-2.8,-1.83,1.28,0.73,-0.39,2.48,1,0,0
1.91,-2.02,0.47,1.97,-0.74,-4.03,1.51,2.71,-3.57,-1.0,-1.02,-3.03,-2.23,1.59,-0.07,-1.25,1,0,0
3.8,-3.88,-0.35,-0.22,-0.92,-3.13,2.66,1.68,-0.7,-6.56,1.15,-2.62,-2.54,-1.76,-1.84,2.54,1,0,0
2.74,1.15,-3.13,-1.09,-3.03,-2.05,-3.43,-1.81,1.24,-1.49,-1.14,-1.06,-0.33,0.06,-1.32,2.17,1,0,0
-1.43,-1.65,5.24,-0.23,3.73,1.22,4.66,1.37,0.06,0.76,-1.79,-3.08,-0.11,0.2,-0.66,1.94,1,0,0
-3.8,-2.47,0.68,-0.53,0.82,-0.02,4.29,-0.57,2.54,-1.4,-0.18,-0.1,1.32,2.37,2.22,-0.55,1,0,0
-1.0,-0.67,0.45,1.83,-1.67,3.7,-0.59,-1.14,0.84,0.35,0.05,-0.91,1.81,0.25,-2.23,1.56,1,0,0
-1.21,-0.04,-3.59,1.32,-2.05,-0.38,3.73,-0.96,4.9,-3.71,-0.47,-0.49,-4.22,3.92,-1.58,-0.57,1,0,0
-3.28,-1.74,3.43,-0.54,3.27,0.65,6.35,1.57,-2.26,-2.44,0.46,-0.84,0.9,-2.94,3.22,-1.89,1,0,0
-1.96,-2.65,-1.52,-0.67,0.26,-2.24,2.96,-1.91,3.27,-4.88,3.56,2.57,-0.8,1.63,4.04,-0.73,1,0,0
-1.9,2.07,0.01,3.64,-4.35,1.4,5.13,-2.24,2.91,-1.71,-0.65,-0.07,-0.8,2.33,-1.51,-3.54,1,0,0
2.54,2.17,-0.42,-3.44,-0.67,-1.47,-3.76,0.33,-1.49,3.3,0.76,1.03,1.24,-1.58,-0.85,3.11,1,0,0
-1.13,1.57,2.46,2.98,0.11,3.17,-0.91,-0.45,-3.58,-1.42,0.19,-0.48,-0.11,-3.43,-0.83,-3.31,1,0,0
-0.58,0.61,-2.17,0.44,-0.25,1.93,-2.05,0.62,-2.69,-1.52,1.83,1.38,2.71,-4.37,1.01,-0.38,1,0,0
3.64,2.12,4.83,3.34,1.93,-1.35,0.01,2.57,-2.58,5.16,0.29,4.42,1.72,0.1,1.21,-2.47,1,0,0
1.31,0.33,5.25,-2.25,-2.45,1.27,0.15,1.5,2.1,1.43,-0.6,1.86,1.87,2.03,-2.27,2.36,1,0,0
-5.45,4.1,0.39,-3.99,-1.85,-1.73,3.23,-4.76,2.47,0.31,-0.31,-0.04,0.85,1.96,1.32,-2.98,1,0,0
0.61,0.11,-1.08,-2.63,-1.46,0.38,0.23,3.1,-1.15,-1.36,0.73,1.29,0.15,-3.07,0.1,1.18,1,0,0
-1.72,1.02,-0.3,0.95,-0.24,0.28,1.3,-0.85,-0.39,1.18,1.78,1.81,0.41,0.5,2.48,-1.88,1,0,0
-2.8,0.23,4.19,-0.82,-2.27,1.95,4.22,0.66,-2.21,-0.5,0.55,-1.37,1.8,-1.27,2.22,-0.49,1,0,0
-2.1,0.28,-5.04,1.3,0.43,-0.45,-1.19,-3.96,1.66,0.31,0.29,0.4,1.65,2.69,2.2,-1.0,1,0,0
2.82,-1.69,0.34,-1.88,0.08,-0.36,-1.2,-0.17,0.2,-1.63,-2.37,-2.82,0.87,0.43,-1.88,3.59,1,0,0
-4.97,6.55,-1.27,-0.08,-4.57,2.66,1.02,-6.81,2.06,0.39,3.67,3.79,-0.25,0.17,3.31,-4.55,1,0,0
1.03,-0.05,2.12,0.69,-3.55,0.98,-1.18,1.46,0.06,-2.63,0.25,-1.53,-1.83,0.22,-4.69,1.52,1,0,0
-2.4,2.48,-5.79,-2.46,-1.78,-1.2,1.55,-4.84,2.78,-2.35,1.83,1.3,-0.07,0.12,2.8,-1.2,1,0,0
0.46,-0.49,-1.31,-1.59,-1.55,-2.11,-0.42,2.42,-1.76,0.65,1.56,4.83,4.57,3.54,2.76,-2.59,1,0,0
-2.69,1.52,3.87,0.57,0.73,0.78,5.22,1.18,1.6,-0.12,0.23,1.63,-0.79,-0.76,-0.6,-2.46,1,0,0
0.62,1.24,-0.01,4.09,6.26,-1.93,0.35,-0.94,-0.99,2.44,-1.61,0.13,-1.62,0.46,1.42,-2.79,1,0,0
2.99,-2.03,-0.54,0.84,0.51,-2.79,0.33,2.31,0.84,-2.54,0.84,0.97,-0.79,0.6,-1.13,1.44,1,0,0
-0.67,-0.22,0.54,-1.87,-0.19,-0.07,-0.81,-4.42,0.97,-1.53,-0.21,-2.42,-0.7,-0.6,-0.03,1.67,1,0,0
-0.11,-1.69,-2.14,0.04,-4.9,-0.69,-0.04,-0.05,0.22,-2.27,2.94,1.39,0.75,1.19,1.43,0.41,1,0,0
2.12,2.82,-1.99,-1.51,-1.12,-1.84,-1.78,-1.66,4.25,-0.46,2.02,3.35,-1.35,-0.54,0.43,3.03,1,0,0
-2.1,3.53,-1.87,-1.61,-0.16,-1.32,-1.55,-1.04,-1.37,5.29,3.58,5.8,3.4,1.16,4.41,-2.62,1,0,0
0.77,3.3,2.07,-1.18,-0.02,-0.33,-2.57,-1.86,4.31,0.37,-1.64,0.25,-3.66,1.09,-4.81,1.51,1,0,0
0.36,0.3,2.98,0.86,0.98,1.28,1.19,-0.32,-0.11,-0.49,-2.07,-2.39,-1.84,-0.95,1.2,1.26,1,0,0
2.56,0.63,-1.82,-2.5,-4.77,-2.73,-3.68,-1.67,0.1,1.1,2.6,3.39,2.01,2.57,1.56,0.78,1,0,0
1.76,2.19,1.94,0.22,-1.68,-1.26,2.01,0.45,-1.14,0.26,0.56,1.76,-2.84,1.42,2.67,-2.25,1,0,0
-0.31,-0.49,2.65,1.94,3.97,5.19,-0.27,-0.79,-3.23,0.41,-0.81,-2.36,-2.58,-4.29,-0.07,0.26,1,0,0
0.33,-2.55,-0.35,-1.21,-3.65,2.05,-2.81,-0.43,-0.23,0.76,2.41,-0.54,1.02,3.25,-2.09,3.88,1,0,0
0.96,-1.64,0.27,0.55,5.66,-2.68,-0.05,4.28,-3.01,1.63,-1.56,0.69,1.57,-1.69,1.57,-0.91,1,0,0
-1.15,-0.01,-3.25,-3.39,-3.0,0.08,-3.53,-0.85,1.23,-1.41,2.11,1.89,1.72,0.28,0.38,1.78,1,0,0
6.48,0.3,-2.03,2.21,2.54,0.31,-3.96,-0.75,0.73,-1.97,0.36,-0.7,-5.26,-2.33,-4.48,3.92,1,0,0
4.29,0.75,-1.36,1.12,1.3,-1.3,-1.72,2.41,-4.62,4.81,-1.11,-1.08,1.38,-0.51,0.4,2.09,1,0,0
-1.12,0.7,-1.23,0.69,-0.79,0.91,-1.14,1.13,-1.4,-0.36,1.12,2.1,1.32,0.35,0.36,-2.15,1,0,0
-5.41,4.48,0.97,-2.54,-4.96,1.34,3.99,-2.88,2.46,-2.07,-0.8,-2.4,-0.21,-0.99,-2.07,-1.09,1,0,0
-1.96,-0.15,0.6,4.85,4.37,5.36,2.73,4.18,-5.09,1.58,-4.97,-2.75,0.38,-2.01,-0.45,-3.87,1,0,0
-2.29,1.06,-1.54,-2.82,-2.85,0.88,3.31,2.58,-3.52,-2.69,0.02,-2.71,-1.12,-4.36,0.51,-0.35,1,0,0
1.06,1.27,-3.0,0.85,1.17,0.55,-2.52,2.56,-1.67,1.97,-0.78,0.93,0.04,-1.88,0.87,0.75,1,0,0
-0.32,0.86,0.03,2.24,3.59,3.84,1.7,0.34,0.29,1.56,-3.75,-2.46,-1.19,0.36,-2.31,0.5,1,0,0
1.91,-2.06,-6.34,-0.96,-0.15,-5.96,-0.31,3.7,-4.34,0.61,2.35,2.24,0.37,2.64,4.66,-1.67,1,0,0
1.7,0.93,-3.5,-1.4,-3.06,-0.17,-1.75,-1.47,5.31,-2.08,1.12,1.01,-2.99,3.01,-3.0,3.89,1,1,1
-2.22,2.48,5.15,-0.27,0.06,3.12,0.87,-2.76,2.91,-2.83,1.13,0.8,-2.24,-2.51,-1.89,-0.3,1,0,0
-0.32,3.49,-0.6,-0.92,-1.95,-1.03,-0.32,-1.83,2.74,0.17,3.05,3.67,-0.29,-1.06,-2.07,-0.13,1,0,0
3.2,-0.39,3.98,-0.15,-0.79,-2.28,-2.16,1.99,-2.85,3.94,3.56,3.74,1.95,0.63,1.17,1.08,1,0,0
0.03,-1.13,-0.57,-3.0,-4.41,0.07,-0.39,-0.68,-0.11,-3.5,1.1,-0.93,0.67,0.19,3.53,2.45,1,0,0
1.53,-3.31,-2.39,-1.59,-1.69,-0.8,-0.93,3.67,-0.87,-2.93,-0.77,-2.45,0.97,-1.45,-2.51,4.22,1,0,0
0.51,-0.02,-2.02,1.2,1.37,-2.59,2.41,-1.31,-1.51,-2.6,0.72,0.5,-1.86,-0.83,3.21,-3.53,1,0,0
2.49,3.33,-2.68,0.3,-0.91,0.05,-1.11,-0.02,-1.26,1.32,-0.22,-0.39,-1.74,-1.53,-3.12,0.65,1,0,0
-0.77,0.39,0.03,0.23,1.5,0.69,0.4,-1.57,-1.66,2.38,-3.81,-2.67,3.57,1.38,2.53,-0.63,1,0,0
1.61,1.02,-0.74,1.59,5.5,-2.7,-0.6,0.31,0.11,1.88,-1.25,1.35,-1.13,-0.3,1.04,-0.79,1,0,0
-0.03,-1.77,1.54,1.07,2.41,3.05,-1.68,3.02,0.45,0.27,0.15,2.02,-0.27,-1.01,-1.88,1.33,1,0,0
2.54,-2.07,-1.42,2.94,-0.37,0.01,-3.18,6.46,-2.96,2.83,-3.11,-0.22,1.53,2.84,-1.6,0.62,1,0,0
-1.85,0.55,-2.81,-1.34,2.31,0.65,1.28,-0.19,-0.32,0.11,0.64,0.87,0.73,-1.77,1.06,-0.48,1,0,0
-0.73,0.43,1.23,0.28,-3.24,4.48,2.22,-0.62,0.0,-0.17,-2.98,-4.57,1.63,-0.63,-4.27,2.22,1,0,0
-1.61,-0.21,-1.17,0.84,0.25,-0.81,1.42,0.59,-0.61,0.23,1.37,1.44,0.91,-0.13,1.09,-1.55,1,0,0
-1.93,2.73,0.21,2.74,1.6,-0.3,-0.94,-2.05,-0.17,1.58,1.33,2.44,-1.28,-0.31,1.79,-3.33,1,0,0
0.15,4.66,-0.54,0.74,2.14,-1.7,0.82,-3.39,2.97,4.26,-0.58,1.66,0.77,1.99,-1.02,-0.48,1,0,0
1.64,-1.93,0.9,0.09,0.41,1.51,-2.65,2.41,-2.88,1.71,-0.62,-1.26,2.15,0.33,-1.25,2.89,1,0,0
-0.46,0.18,-2.67,0.29,1.12,1.17,-1.16,4.05,2.28,2.93,-2.77,0.7,-0.04,3.9,-0.28,2.58,1,0,0
0.94,-0.52,0.2,1.13,3.01,1.38,0.92,0.49,0.29,0.68,-3.67,-3.35,-3.33,2.41,-0.08,1.72,1,0,0
-2.68,2.51,1.28,-0.04,1.41,0.72,1.48,1.19,-2.18,3.56,1.63,3.07,2.33,-0.9,2.14,-2.6,1,0,0
2.26,0.02,-3.19,1.95,0.91,-1.53,-0.45,2.29,0.07,-2.18,-3.49,-2.65,-4.28,0.32,-2.11,0.22,1,0,0
0.82,-1.47,6.83,-3.12,-3.78,2.24,3.47,2.82,1.32,-1.54,-1.2,-1.51,-2.1,3.12,-2.7,3.19,1,0,0
0.04,4.12,-5.13,-1.63,-0.22,-1.27,-2.18,-0.35,0.64,5.43,-2.24,0.37,3.99,1.38,-0.6,1.52,1,0,0
-3.03,1.52,-4.97,0.69,-4.01,1.19,-0.92,-1.66,-2.44,-1.58,1.51,-1.09,1.54,-1.42,-0.26,-2.4,1,0,0
2.66,0.75,-2.14,-0.68,-1.17,-3.78,-1.8,-0.95,3.07,0.83,-0.04,1.75,0.08,3.87,0.3,1.71,1,0,0
2.75,-1.75,2.52,2.41,1.4,-0.25,1.04,-0.23,1.21,-4.37,-3.66,-3.04,-2.48,-0.12,-1.14,0.32,1,0,0
-0.95,3.0,-4.8,-2.45,-2.91,1.62,-5.78,-3.18,-1.97,-1.25,2.27,-1.77,-0.35,-4.6,-0.97,2.78,1,0,0
1.25,1.82,-2.73,-2.32,-0.85,-0.47,-4.15,-2.91,-0.42,1.67,3.12,0.66,-0.57,-2.86,-1.0,3.04,1,0,0
-2.89,2.63,-1.65,0.43,-0.75,3.01,-0.54,-1.49,4.71,-2.44,-0.87,2.43,-4.33,2.39,-1.72,-2.62,1,0,0
-2.31,0.38,-2.76,0.59,2.24,0.21,1.31,-0.94,-0.37,-0.93,-0.76,-0.83,-2.27,0.19,2.83,-1.87,1,0,0
0.35,0.38,-2.49,-3.41,-4.18,-1.48,-2.98,-2.21,1.28,-1.55,1.06,1.27,2.47,1.38,-0.01,1.12,1,0,0
1.45,2.57,0.27,1.14,-1.91,0.63,-3.15,-0.9,1.7,0.16,1.39,3.47,-0.16,0.73,-1.05,-0.15,1,0,0
0.47,3.16,0.12,-0.18,1.27,0.65,-0.27,2.46,-2.75,3.53,-1.96,-0.18,0.56,-1.49,0.58,-0.09,1,0,0
-1.56,2.06,0.93,-0.55,1.73,-1.71,-0.12,-3.95,0.2,0.05,3.16,2.4,1.41,-2.94,2.42,-1.49,1,0,0
1.58,-0.71,2.49,-0.73,3.55,0.83,1.56,1.09,-3.14,-0.58,2.34,-0.45,-1.22,-6.11,-0.43,2.0,1,0,0
2.07,-0.63,0.33,0.24,-0.92,-2.05,-0.88,-0.07,-1.84,-0.92,-2.36,-2.04,-2.25,1.9,0.96,-1.07,1,0,0
-0.44,-2.67,1.9,-0.53,4.58,2.11,0.4,1.75,-1.29,-1.25,-2.18,-1.73,2.3,-4.69,2.1,2.29,1,0,0
0.93,3.56,2.84,-2.74,-2.57,-0.18,3.15,-6.09,4.98,-1.27,1.74,-0.79,-5.81,-0.11,-2.42,2.21,1,0,0
-0.12,3.0,1.23,2.58,2.69,-5.43,1.92,0.5,1.88,3.19,0.13,3.68,1.32,2.23,1.08,-3.43,1,0,0
-0.91,1.13,-0.45,-4.89,-3.9,-0.69,0.04,1.57,-0.61,0.11,1.26,1.07,0.74,1.1,0.43,1.09,1,0,0
2.49,-0.59,-1.3,1.69,1.29,-1.07,-4.08,2.36,-2.67,-0.89,-2.1,-0.44,-1.57,-0.81,0.01,-0.69,1,0,0
-1.64,0.21,2.16,-0.88,-0.66,-1.02,2.07,-2.26,-4.05,2.05,1.85,-1.24,2.98,-2.51,2.68,-1.06,1,0,0
-2.54,0.42,2.89,-1.32,0.91,3.0,3.06,1.68,-2.76,0.74,-2.32,-0.91,2.31,-0.72,1.97,-1.82,1,0,0
-2.05,-0.24,3.46,0.25,1.79,0.35,3.39,-1.09,1.13,-0.33,-2.53,-3.22,1.71,-0.58,-0.87,0.76,1,0,0
-4.11,0.55,-0.79,1.06,0.41,1.19,3.33,-2.28,3.58,0.24,-1.97,-1.6,1.27,2.19,-1.16,-0.46,1,0,0
0.56,1.09,-0.17,1.26,-3.3,2.37,-0.7,4.31,-5.08,1.33,2.84,3.85,1.21,-0.72,2.97,-2.06,1,0,0
1.11,-2.35,-1.66,-1.23,-1.92,3.51,-4.4,1.22,-1.07,-4.06,-2.32,-4.52,-0.66,-2.8,-5.44,4.26,1,0,0
3.13,-2.53,2.01,-2.18,1.28,-0.64,0.12,1.15,-2.08,-0.06,0.79,-0.77,-0.32,-0.86,-0.4,2.85,1,0,0
-1.95,-0.6,0.24,-0.52,1.24,1.93,1.58,-4.58,1.61,-0.31,2.98,2.25,1.92,-0.05,4.05,0.31,1,0,0
-0.2,-0.1,-4.44,0.07,0.73,0.37,-2.69,0.71,-0.53,-0.19,-1.85,-0.54,-0.49,0.78,-0.92,-0.31,1,0,0
-0.48,1.11,0.2,1.24,2.74,3.22,-1.64,1.91,-2.83,1.53,-2.33,-1.53,1.5,-4.28,-0.79,0.61,1,0,0
-0.92,-2.9,0.1,-1.64,0.01,2.24,-0.15,0.42,-2.47,-2.15,1.7,-0.58,2.74,-3.38,-0.38,1.24,1,0,0
-3.73,-0.37,1.21,1.29,1.89,-0.4,5.42,-1.0,1.71,-3.91,1.18,0.53,-1.01,-2.55,1.14,-2.94,1,0,0
-0.82,0.32,-3.65,0.12,-5.29,-1.29,0.23,2.43,0.39,0.76,0.25,1.19,2.86,4.59,0.3,-0.03,1,0,0
1.4,2.64,-1.97,0.98,-1.42,0.2,-2.41,-0.91,-1.1,1.68,1.11,3.12,1.22,0.42,1.92,-1.66,1,0,0
-4.36,-0.94,1.98,-0.7,2.38,-1.87,4.4,0.29,-3.17,-1.83,-0.93,-3.84,-0.24,-2.3,3.17,-2.23,1,0,0
1.79,0.71,-2.93,1.94,2.13,-3.09,-0.7,-1.18,1.78,1.36,-1.94,1.73,-1.82,4.51,1.78,-2.02,1,0,0
-1.64,3.72,-5.19,-1.03,-2.38,1.87,-3.41,0.05,-0.47,4.84,-1.62,-0.07,2.7,1.95,-0.79,1.15,1,0,0
0.73,0.84,4.66,1.24,3.92,2.27,-0.33,0.45,-1.89,2.78,-2.7,-2.01,1.0,-2.07,-0.66,1.64,1,0,0
2.06,2.62,-5.09,0.94,-2.06,-2.28,-1.13,0.17,-2.32,3.8,-0.32,0.04,1.86,0.42,1.23,0.07,1,0,0
0.29,0.2,-0.97,-0.9,-0.04,-0.9,-2.1,-0.26,-1.27,-0.47,0.63,-1.61,-1.12,-3.11,0.49,2.66,1,0,0
-1.29,1.18,-4.55,-3.53,-6.98,-2.1,-0.08,-2.58,2.3,-2.45,6.5,5.33,4.34,0.46,4.75,0.7,1,0,0
1.18,-2.04,3.09,0.22,-0.34,0.8,3.17,0.99,-0.92,-0.18,-2.27,-4.4,-1.52,0.88,-3.2,2.27,1,0,0
2.85,-3.14,-1.97,0.77,3.58,-2.73,-0.9,1.59,-2.37,2.34,-0.63,-1.52,2.03,0.82,2.22,3.07,1,0,0
-2.4,2.23,-3.8,-1.52,-1.92,-2.02,-1.54,-2.2,1.53,0.98,4.37,5.88,4.49,0.69,3.25,-1.78,1,0,0
0.61,-0.88,-1.64,-0.82,-0.77,3.53,-4.59,1.49,-2.7,-1.89,-2.0,-3.55,-1.87,-2.53,-1.26,2.95,1,0,0
-1.34,-1.56,-2.09,0.68,0.21,2.18,-0.78,2.18,0.45,-2.97,-1.13,0.16,-1.96,1.15,0.48,-0.61,1,0,0
-0.26,-3.64,0.22,0.97,0.31,-4.28,3.08,4.12,-0.99,0.18,0.84,1.32,2.79,4.5,0.84,-1.36,1,0,0
-1.65,-0.37,-3.64,3.31,-0.55,1.0,2.58,-0.02,0.84,-2.77,-0.66,-0.61,-1.95,0.52,0.94,-2.31,1,0,0
-0.81,0.1,-1.05,3.8,3.94,-0.49,1.39,1.51,-4.21,1.11,-0.33,0.16,0.96,-1.35,1.57,-4.08,1,0,0
-0.16,0.7,-4.72,-1.06,-2.87,2.11,-4.36,0.19,0.69,-0.43,0.82,0.08,0.93,-1.51,-3.07,3.06,1,0,0
-3.57,-0.29,-0.94,-3.02,1.11,2.78,0.05,-3.08,2.67,-0.3,1.08,2.3,1.81,1.01,1.25,-0.15,1,0,0
2.1,-2.15,-0.13,-1.41,-2.95,0.09,-1.6,3.14,2.63,-3.79,-2.69,-0.78,-1.25,2.93,-3.64,2.67,1,0,0
-1.22,1.85,-0.16,2.34,-2.18,-0.05,-1.87,-0.69,-3.59,2.14,-1.97,-1.56,-0.23,2.58,1.02,-3.53,1,0,0
-3.26,3.17,-1.32,-2.57,-0.88,0.5,2.1,-5.06,0.65,-3.45,-0.89,-3.16,-3.64,-3.8,2.1,-1.28,1,0,0
-2.24,0.24,0.35,0.42,2.44,-0.57,4.39,-3.07,3.08,-1.21,1.74,3.28,-1.56,1.89,4.31,-2.95,1,0,0
2.34,0.73,-2.59,2.11,1.38,-1.51,-1.09,3.46,-0.86,2.14,-0.69,3.94,2.65,1.54,0.29,-1.98,1,0,0
1.27,1.72,2.42,2.28,-0.16,-2.16,1.62,0.81,-4.49,4.72,1.52,0.49,2.02,-1.37,2.5,-1.27,1,0,0
-0.69,1.71,-2.49,-2.13,-2.44,-0.47,-0.51,1.1,-1.86,3.33,0.65,-0.54,4.2,-1.01,-0.66,2.11,1,0,0
-1.92,4.47,2.58,3.36,1.44,2.43,2.89,1.48,-1.44,3.45,1.29,3.88,1.05,-2.11,1.5,-3.93,1,0,0
-0.91,0.21,1.99,0.04,1.97,-1.18,1.77,-0.55,2.16,0.7,0.19,-0.21,-2.74,1.66,0.54,1.11,1,0,0
-0.83,1.91,-2.75,-2.53,1.01,-2.5,-3.24,-0.31,-1.35,2.85,-0.41,1.56,4.57,-1.27,2.49,0.06,1,0,0
2.18,-1.03,1.7,0.25,3.84,-2.52,0.26,2.75,-0.54,2.68,1.86,3.15,0.7,0.55,1.81,1.36,1,0,0
3.77,-1.26,-0.43,1.44,-0.3,-0.16,-0.53,-0.27,1.51,-3.68,0.77,2.12,-1.72,0.3,1.05,0.55,1,0,0
-0.67,-2.24,0.54,0.84,-2.12,-0.28,4.86,3.57,-3.61,-0.95,3.46,0.98,1.74,-0.28,1.94,-1.27,1,0,0
-0.18,2.63,-2.19,-2.38,-3.68,-1.56,-2.08,-5.06,4.0,-0.03,1.53,1.99,-0.35,4.13,0.35,0.47,1,0,0
0.21,2.59,0.13,-4.52,-3.15,-1.51,1.39,0.47,-0.33,0.32,0.64,-3.19,-0.91,-1.21,-2.95,4.44,1,0,0
-4.33,0.89,-3.4,1.4,-2.09,0.36,-0.11,-0.5,-1.26,1.96,2.15,3.11,3.48,0.6,4.1,-3.74,1,0,0
3.16,-2.54,-3.78,-0.44,0.92,-3.62,-1.86,1.32,-3.1,2.44,0.43,-0.56,3.35,1.35,2.04,2.67,1,0,0
3.62,1.3,-0.85,-0.7,-1.62,0.24,-5.14,-0.01,2.44,-2.29,-0.05,1.91,-2.67,0.95,-1.26,2.4,1,0,0
1.38,2.57,2.22,-0.2,3.62,-1.7,-1.52,-0.47,2.64,4.26,-3.13,0.52,-0.37,2.15,0.14,1.96,1,0,0
2.39,-0.1,-2.15,1.83,5.64,-1.17,-0.1,4.07,-3.54,6.06,-2.82,-0.53,1.47,-1.07,2.13,1.38,1,0,0
4.84,1.78,-2.52,-0.45,-1.04,2.73,-6.4,2.39,-1.41,0.72,0.26,0.75,-0.89,-2.89,-3.63,4.76,1,0,0
0.77,2.58,-1.23,0.98,2.93,3.16,-3.77,1.45,-0.85,4.72,-0.49,3.26,2.56,-1.16,0.34,0.84,1,0,0
-3.27,-1.54,-3.84,-2.16,0.4,1.18,2.2,-0.92,-4.04,-2.21,-5.88,-9.33,0.41,-0.28,0.35,-0.02,1,0,0
2.03,-1.05,-3.57,-2.56,-2.37,-0.82,-0.53,-1.64,0.26,-5.08,1.72,0.07,-1.81,-0.94,2.03,1.46,1,0,0
1.49,-2.77,-0.29,-0.52,-0.76,3.57,-0.68,1.19,0.95,-1.78,-4.93,-3.52,0.45,2.94,-4.09,2.44,1,0,0
-1.15,-2.15,-1.43,-0.0,0.84,-0.63,1.75,-1.78,0.72,-3.69,-0.03,-2.9,-2.01,-0.65,0.8,0.93,1,0,0
2.18,2.17,4.39,2.26,2.5,-0.19,-0.67,3.02,1.99,3.96,-0.46,4.56,-1.3,2.62,-1.77,-0.18,1,0,0
-1.84,2.28,-2.92,3.37,-3.63,1.56,0.15,2.23,-1.21,0.02,1.71,4.84,2.16,0.49,0.99,-5.13,1,0,0
-2.22,-0.62,-0.69,-1.21,-2.28,-3.17,3.1,-2.99,-0.03,-4.06,1.51,-2.56,-0.99,-1.14,1.81,-0.89,1,0,0
-3.39,-0.38,1.62,0.14,-2.17,2.11,0.48,2.7,-3.12,-2.03,2.07,2.1,2.24,-2.69,0.43,-3.63,1,0,0
1.44,0.03,0.87,-1.15,0.02,0.29,-1.74,1.54,-0.59,-1.18,-1.08,-0.09,-0.58,-0.12,0.22,1.39,1,0,0
1.66,-0.61,0.41,1.95,4.03,-0.32,-0.4,4.07,-3.14,0.65,0.15,0.87,-0.19,-2.64,-0.27,0.08,1,0,0
-0.66,0.07,-1.43,3.57,2.73,-2.84,2.25,0.87,-0.94,3.02,-0.33,0.98,1.13,2.06,1.21,-2.91,1,0,0
3.48,-2.79,1.65,-2.28,-1.76,-2.12,-3.49,1.92,-1.46,-0.48,2.54,2.88,4.01,-0.12,-1.04,2.42,1,0,0
-0.97,-0.33,3.17,-2.28,0.95,-4.24,4.25,-2.2,1.37,-2.01,-0.22,-1.22,-1.29,1.28,2.16,-1.01,1,0,0
0.43,1.76,-4.23,-1.77,1.85,-6.24,0.6,-2.45,1.52,0.59,0.94,1.54,0.26,0.98,2.76,-0.85,1,0,0
-1.22,0.63,0.22,0.56,0.14,1.9,-0.88,0.17,3.1,0.01,-0.03,3.42,-0.42,2.09,-0.1,-0.85,1,0,0
-2.45,0.27,-2.56,-1.35,-1.23,1.65,1.19,-1.57,-1.43,-0.57,-1.72,-4.91,-0.17,-0.49,-1.13,1.04,1,0,0
-0.68,1.87,-2.64,-1.12,-0.28,-0.88,-0.12,0.09,-2.8,1.2,0.62,0.1,1.6,-1.51,1.21,-1.03,1,0,0
-1.7,2.41,2.58,0.65,2.54,-1.79,2.24,-2.67,3.65,1.61,-1.75,0.82,-1.32,2.18,2.2,-1.53,1,0,0
0.0,1.82,0.98,-1.99,-3.95,0.61,-2.95,-1.85,2.24,-1.59,0.84,2.66,1.73,-0.64,-0.67,0.36,1,0,0
-1.15,2.4,-0.37,-2.93,-3.92,-7.26,3.86,-3.23,4.7,-2.46,3.59,3.53,-2.89,4.44,3.43,-2.1,1,0,0
-0.48,-0.19,-0.13,0.65,-3.03,-1.35,0.29,0.5,0.72,-1.05,2.93,3.69,1.08,1.18,-0.78,-2.1,1,0,0
2.09,0.55,-1.69,0.24,-0.5,-1.55,-2.13,-0.86,-0.44,0.42,1.37,2.01,1.15,0.04,-0.51,-0.27,1,0,0
-0.15,2.18,-4.61,-0.12,-0.48,1.62,-3.32,2.72,-3.27,3.65,0.72,2.16,1.33,-1.42,0.62,-0.25,1,0,0
0.19,-0.52,-0.2,-2.02,-1.54,-0.11,2.5,1.2,1.5,-0.81,-3.46,-2.15,1.22,3.32,-1.14,1.39,1,0,0
-4.92,-2.21,-0.37,2.22,-0.36,2.73,1.9,0.74,-0.39,-1.38,0.73,1.65,3.26,2.1,2.31,-3.55,1,0,0
0.19,1.01,0.88,-2.02,-1.54,0.91,1.0,2.6,-2.9,-1.09,-0.97,-3.17,-0.03,-3.88,-2.62,1.84,1,0,0
0.69,0.9,-0.37,-2.7,-1.11,-0.47,-0.48,-1.6,-2.39,-1.97,3.43,1.11,-0.76,-4.47,-0.01,-0.36,1,0,0
4.39,0.2,-0.64,0.5,0.01,0.14,-6.19,0.33,-1.63,2.52,-0.05,0.26,0.96,-0.99,-2.24,3.47,1,0,0
3.58,-0.39,1.75,1.37,-0.49,2.42,-2.49,1.15,0.05,0.06,-1.75,-1.36,-1.64,-0.09,-2.66,3.34,1,0,0
1.59,-0.94,-0.99,-2.03,-0.22,-2.46,0.34,1.28,3.22,-0.66,-0.37,2.91,-1.12,5.93,1.47,0.54,1,0,0
-1.01,0.5,-1.28,0.85,0.82,-0.77,2.7,0.84,-3.44,0.39,1.26,0.21,-0.56,-1.38,3.04,-2.64,1,0,0
0.31,-0.73,-1.91,-3.55,-5.75,0.52,-2.47,-0.87,-0.33,-4.83,1.32,-1.14,-0.6,-1.07,-2.96,1.63,1,0,0
-4.49,-1.35,-4.88,-1.3,-1.23,-2.37,0.11,-1.2,0.46,-0.54,2.21,3.16,4.67,1.61,4.92,-2.81,1,0,0
-1.08,-1.75,0.84,1.2,2.76,-2.85,5.65,1.8,-0.86,1.84,-0.23,-1.5,-0.59,1.47,2.72,-0.25,1,0,0
4.08,-1.16,2.61,2.57,5.71,-3.38,-0.12,1.84,-1.48,2.42,-1.7,-1.52,-0.38,-0.26,-1.97,1.77,1,0,0
-0.6,0.13,0.59,1.63,0.88,3.02,2.43,1.07,-3.65,-0.28,-1.1,-3.67,-1.68,-2.07,-0.6,-0.19,1,0,0
-0.55,-2.9,-0.84,1.61,-1.03,-2.74,2.06,1.38,0.73,-2.52,-0.46,1.22,0.28,5.59,1.84,-3.25,1,0,0
5.77,1.55,3.49,0.69,4.55,-3.46,-1.13,-0.03,1.15,5.09,-2.12,0.93,-3.45,2.35,-0.72,2.18,1,0,0
-2.39,-2.07,-1.38,-1.17,-1.94,0.97,1.65,0.43,-0.35,-3.18,2.18,0.12,2.08,-0.82,2.59,0.64,1,0,0
1.18,-1.75,1.16,0.52,-0.1,-1.26,0.76,1.28,-0.04,-2.39,-0.6,-0.17,-0.23,0.78,0.06,-0.02,1,0,0
-2.73,-0.87,-0.69,-2.33,-2.93,-1.05,3.15,-1.47,4.49,-4.96,0.4,3.43,1.34,2.72,3.62,-2.63,1,0,0
1.47,1.21,0.69,-1.12,-1.48,-2.13,-1.06,-0.87,-0.59,2.57,2.18,1.96,1.5,1.64,0.96,0.88,1,0,0
-1.01,0.55,1.92,-0.0,-1.4,3.64,-1.51,2.2,-1.54,0.97,-0.35,0.77,1.79,0.22,-3.22,-0.43,1,0,0
1.52,-2.0,0.99,-0.97,-0.07,-1.48,0.05,2.82,-2.75,1.14,2.12,1.74,2.29,0.42,0.96,0.85,1,0,0
0.35,-3.1,2.05,2.26,2.81,-0.8,0.94,1.85,-1.94,0.23,-3.7,-0.26,0.58,3.13,2.67,-3.47,1,0,0
2.05,0.75,-3.57,-0.55,0.88,-2.54,-0.64,0.01,-0.02,-2.53,-1.67,-0.94,-2.46,-0.87,1.34,0.23,1,0,0
0.76,1.44,-3.54,-1.06,-0.74,-3.52,-2.5,-2.8,2.41,0.27,-1.45,0.99,0.91,2.9,1.73,-0.48,1,0,0
1.03,2.76,-2.39,-0.37,-0.83,0.41,-1.48,1.54,-2.04,2.98,-1.82,-1.5,-0.94,0.39,-1.7,1.17,1,0,0
1.19,-1.07,2.16,-0.53,-0.72,-0.97,-0.27,-0.94,0.02,-1.03,-0.19,-1.95,-0.71,0.35,-2.41,1.77,1,0,0
2.8,-2.02,1.9,0.75,-2.21,-0.52,-1.1,1.58,-1.13,-1.39,-2.45,-1.86,-2.41,3.52,0.84,0.55,1,0,0
1.95,-0.02,-0.38,-0.22,-0.51,0.86,-2.89,2.8,-1.14,0.18,3.59,4.98,-0.13,-0.15,-1.31,0.02,1,0,0
0.18,-0.08,-4.05,0.58,-2.52,-1.84,-0.44,0.88,0.45,-2.53,0.23,-0.17,-1.23,1.0,0.58,-0.1,1,0,0
-2.65,-0.39,-4.27,-0.2,1.82,1.7,2.09,3.86,-2.1,1.07,-2.01,-1.68,2.68,-1.82,1.5,0.95,1,0,0
-2.27,2.19,-2.56,-0.22,1.23,-0.44,1.75,0.92,-0.41,-0.4,-0.08,0.15,-0.96,-3.35,1.31,-1.18,1,0,0
1.16,-0.89,3.9,0.6,0.62,2.41,0.72,1.13,-4.28,0.16,0.05,-0.26,0.73,-2.9,0.87,-1.28,1,0,0
-0.45,4.2,-0.11,0.21,-0.42,1.12,-1.08,0.56,-1.27,2.35,-0.36,-1.11,-1.79,-2.67,-2.59,0.9,1,0,0
-0.73,3.15,-0.76,-0.38,2.47,-1.74,-0.67,-0.89,-1.61,3.92,1.14,1.58,1.38,-1.99,0.69,-0.89,1,0,0
-3.18,-1.21,2.87,1.92,-1.08,4.26,3.18,-1.42,-0.83,-3.95,0.03,-2.33,-1.75,-0.26,-1.31,-2.63,1,0,0
2.39,-0.39,2.57,1.91,0.01,0.05,-1.94,-1.67,2.03,-1.99,-3.16,-3.77,-2.93,0.69,-3.2,2.26,1,0,0
3.4,-0.32,-3.12,2.06,0.92,-6.77,-4.44,1.2,-2.55,0.62,-2.08,1.26,1.14,1.23,3.14,-2.82,1,0,0
1.66,1.07,-1.71,0.22,-0.03,-2.59,-1.99,1.49,-1.37,0.57,3.97,4.0,1.84,-2.17,1.31,0.33,1,0,0
2.04,-0.37,-1.29,-0.1,-3.93,-0.84,-0.08,-0.91,0.44,-3.15,2.15,1.27,-2.48,1.89,1.15,-0.0,1,0,0
4.91,1.67,1.12,1.1,1.1,-2.11,-0.66,2.95,-3.32,2.27,1.08,1.06,-0.77,-1.92,-0.14,1.45,1,0,0
-1.56,1.17,-3.63,-0.71,0.24,2.65,0.59,0.62,-0.78,-1.98,-2.15,-4.34,-1.2,-3.32,-2.05,2.26,1,0,0
-3.83,-0.62,1.43,1.61,5.98,0.62,2.78,0.57,-0.64,1.66,-1.43,-0.43,1.52,-0.39,1.78,-2.02,1,0,0
-0.74,0.04,2.79,1.13,-2.43,-0.91,4.39,-3.83,2.58,-2.73,-1.5,-3.35,-3.5,2.96,-0.9,-1.04,1,0,0
-1.24,-0.8,-4.15,1.91,-1.36,-0.67,1.36,-3.28,1.82,-2.53,0.22,-1.45,-0.83,2.6,2.5,-0.5,1,0,0
-0.04,2.87,-1.55,-0.95,-0.8,-2.15,-0.65,-0.2,1.92,1.58,2.53,4.47,-0.28,1.45,-0.51,-1.09,1,0,0
1.51,1.27,-2.56,-0.9,-2.49,-1.16,-3.08,1.35,0.59,-0.21,1.35,2.59,0.03,0.49,-0.59,1.17,1,0,0
3.31,-0.99,-0.43,-2.51,0.08,-4.28,2.31,-3.65,2.93,0.41,-0.78,-1.37,-1.23,4.76,1.25,2.72,1,0,0
0.55,1.79,-1.62,-1.39,-2.07,0.0,-2.83,-0.59,1.68,1.16,-0.68,1.05,-0.14,2.29,-1.21,1.12,1,0,0
-4.38,-0.59,1.71,-0.26,-1.25,4.99,0.92,-1.69,-0.84,-1.33,-1.54,-3.83,-2.49,0.78,-2.18,-1.01,1,0,0
2.91,-1.69,4.52,2.34,3.01,-1.19,2.68,3.03,-0.88,-1.54,-0.45,-1.11,-2.21,-2.69,-2.22,1.15,1,0,0
1.06,1.78,-0.91,-1.31,-0.8,2.38,-3.23,-1.02,-2.25,1.14,1.65,-0.2,-0.44,-4.58,-1.86,1.94,1,0,0
1.55,2.53,-2.29,0.55,3.06,-0.74,-0.24,0.05,0.76,4.1,-1.55,3.08,-0.42,3.39,3.08,-1.38,1,0,0
-1.76,-1.78,4.12,0.3,-0.42,-1.62,3.03,-3.22,0.51,-3.3,-1.11,-3.41,-1.62,1.72,-0.09,-1.89,1,0,0
3.12,-3.17,-3.58,0.17,-1.69,-7.27,-0.19,0.45,-1.07,-0.46,-2.24,-2.1,1.6,4.1,3.4,0.23,1,0,0
0.67,-0.45,-0.42,0.75,2.44,-0.67,-0.68,0.56,-2.09,2.38,-3.07,-4.24,0.69,1.59,0.66,2.7,1,0,0
0.96,-0.05,-2.28,0.7,-2.19,-1.71,-1.95,1.73,-1.74,-2.16,0.2,2.58,2.18,-0.63,2.13,-2.63,1,0,0
-1.01,-0.19,-0.65,-2.53,1.65,-0.94,2.47,-1.29,1.26,1.35,-0.72,0.24,1.31,2.46,1.0,0.14,1,0,0
3.61,0.54,-0.76,-1.53,-0.84,-3.4,-0.24,0.94,0.24,1.69,4.14,3.39,-0.41,2.11,1.17,2.73,1,0,0
1.53,3.99,-3.15,0.16,-0.73,-2.15,0.43,-0.04,-0.14,1.49,-1.16,0.88,-0.82,-0.23,0.24,-1.24,1,0,0
-1.14,-3.03,-0.73,-2.65,-2.6,2.9,-2.66,-0.11,1.18,-2.53,-0.64,-1.55,2.61,0.45,-0.82,4.01,1,0,0
-1.9,5.6,-4.45,-4.37,2.71,-0.57,-4.81,-1.06,1.53,4.16,0.3,4.47,0.81,-1.04,2.86,0.59,1,0,0
1.31,-0.14,-0.13,-0.29,3.69,-0.16,3.61,1.83,-3.82,-0.48,0.86,-3.72,-1.83,-6.88,-0.44,3.15,1,0,0
-0.18,2.59,-1.36,1.54,-0.44,-3.77,2.28,0.57,1.33,0.43,1.07,2.32,-0.13,0.52,1.61,-1.74,1,0,0
-0.48,4.44,-1.9,-0.95,0.66,1.86,-0.31,-0.18,1.75,3.15,-0.78,2.21,-1.03,0.02,-0.51,0.08,1,0,0
0.67,0.71,0.23,-0.05,-3.02,2.58,1.57,-0.15,0.43,-2.82,0.23,-1.92,-4.11,-1.05,-2.89,1.13,1,0,0
1.12,-2.71,-3.78,-0.43,1.88,-0.85,-5.27,3.02,-2.8,0.16,-1.38,2.28,4.84,-0.31,2.53,-0.48,1,0,0
-1.74,-0.12,3.79,3.0,1.38,3.9,1.63,1.74,-2.19,3.74,-4.78,-4.55,2.22,0.5,-3.9,0.1,1,0,0
2.76,3.91,-2.4,-0.27,2.74,-6.49,-0.31,-1.97,3.63,3.59,1.58,4.54,-1.54,2.49,0.57,-0.43,1,0,0
1.56,0.47,-1.18,0.37,-0.69,1.84,-1.09,-1.32,0.95,0.73,0.24,0.52,-0.86,3.88,0.03,1.61,1,0,0
-4.32,2.73,-1.6,-2.56,-3.53,2.11,-1.85,-3.7,1.56,-3.57,-0.17,-2.57,-1.85,-2.82,-1.09,0.68,1,0,0
1.26,-0.39,-1.5,0.19,-0.95,-1.67,-1.23,0.32,-3.96,0.79,-2.28,-1.75,1.66,1.38,0.01,-2.36,1,0,0
-1.61,5.09,3.72,2.04,-1.52,3.93,-0.18,-3.45,-0.34,3.24,2.49,2.97,0.93,-0.81,1.31,-2.32,1,0,0
3.42,-3.61,-0.33,1.96,4.39,-2.24,1.32,4.3,1.21,-0.58,-1.94,-0.42,-1.84,2.52,-2.17,1.95,1,0,0
-4.87,2.51,-4.21,-0.03,-3.46,3.2,0.78,-2.03,1.68,-1.53,2.47,2.46,1.02,-0.96,1.79,-2.08,1,0,0
-0.84,0.38,6.54,-3.02,-2.09,2.41,4.93,-2.08,2.29,-1.6,-2.6,-6.04,-2.62,0.59,-4.75,3.74,1,0,0
-0.03,-0.02,-1.39,1.5,1.64,1.03,-4.27,5.43,-4.21,0.06,-1.16,1.14,1.62,-3.92,-1.37,-1.25,1,0,0
0.26,-1.39,-0.89,0.79,-0.19,-1.17,1.78,1.02,0.62,-1.61,0.1,1.28,0.4,2.31,0.71,-1.08,1,0,0
0.34,1.4,1.51,-1.13,3.96,6.25,-2.93,-0.39,-0.88,3.64,-1.32,-2.73,-0.17,-3.01,-6.06,4.92,1,0,0
-4.01,0.56,-0.52,-0.23,-1.03,1.12,2.58,-3.26,0.57,-3.51,-3.59,-3.96,-0.54,0.46,1.62,-2.93,1,0,0
-0.32,-0.6,-0.33,-0.48,2.23,0.49,1.38,-1.64,0.46,2.74,-2.2,-1.53,3.52,2.14,0.72,1.44,1,0,0
-0.06,4.26,-4.51,-5.54,-6.96,-2.46,-2.97,-3.18,4.18,0.4,2.53,3.59,-0.14,3.16,0.29,1.59,1,0,0
0.7,-1.93,-1.55,-0.55,3.9,-2.89,0.86,4.65,-1.4,-2.14,-1.69,0.41,-0.34,-0.23,1.08,-0.69,1,0,0
4.49,-0.9,0.48,1.93,3.57,-4.13,-4.66,1.42,-0.83,0.18,-2.77,1.23,-1.26,0.91,1.63,-0.7,1,0,0
0.92,0.67,-4.66,3.57,4.39,-1.32,-1.72,2.45,-0.86,3.72,0.69,5.88,2.07,1.52,3.71,-3.02,1,0,0
3.41,1.48,-5.94,-0.67,0.85,-2.91,-3.59,0.37,0.11,3.0,0.79,0.92,-1.57,0.98,-1.46,2.87,1,0,0
-0.94,-0.51,-3.75,1.9,2.14,-0.59,0.81,-1.51,-0.95,0.09,-3.4,-3.59,-0.48,1.53,2.65,-0.99,1,0,0
-0.98,-1.78,2.6,-2.16,3.0,0.4,1.9,-1.35,2.31,1.33,0.0,0.91,2.2,1.91,3.12,2.12,1,0,0
0.44,0.74,0.54,2.46,1.89,0.42,2.19,2.02,-0.46,-2.98,-0.16,-0.9,-2.56,-3.6,-1.4,-0.19,1,0,0
2.42,-2.01,-0.18,0.3,1.49,-0.58,0.81,2.04,-0.28,-1.85,-3.25,-3.44,-1.64,-0.39,-2.54,2.21,1,0,0
-0.93,-3.97,1.06,1.25,1.33,2.32,1.98,2.95,-1.74,-3.53,-1.03,-2.54,1.12,-1.33,-3.33,0.45,1,0,0
-0.22,-1.82,2.09,-4.08,-2.05,4.12,-2.27,-1.87,-0.52,-0.58,1.06,-0.56,4.3,-1.01,-0.43,4.09,1,0,0
-2.41,4.46,3.53,-0.37,-0.32,0.92,2.9,-0.44,0.22,3.22,-2.63,-0.18,-0.64,1.44,-2.56,-3.34,1,0,0
1.99,2.03,0.15,3.62,1.16,0.16,-0.33,-1.23,-0.61,-0.67,-1.33,-1.06,-1.97,-0.1,-1.34,-1.38,1,0,0
3.65,-2.02,-1.97,-2.13,-0.45,-5.72,1.46,2.46,-1.15,2.11,0.88,1.52,3.15,3.3,1.41,1.57,1,0,0
-1.65,4.02,0.01,-2.51,-6.81,-0.26,0.33,1.61,1.37,-0.85,0.01,-3.12,-2.66,-5.52,-5.02,0.61,2,0,0
0.09,1.73,0.35,1.27,-0.36,1.92,-0.86,1.29,1.64,4.64,-0.76,-1.29,-0.69,1.72,3.03,-0.71,2,0,0
1.97,0.02,-2.16,-2.18,1.59,0.45,3.32,-1.93,3.85,0.97,-1.39,-0.67,-1.93,-0.02,-2.29,-3.66,2,0,0
-1.77,0.57,-0.95,0.04,-2.11,-2.13,-2.41,-0.12,-2.39,-0.15,0.97,-0.26,0.19,-2.16,-2.16,1.39,2,0,0
-3.17,-2.87,2.14,-1.73,-3.12,-2.75,-0.19,1.43,0.86,1.35,7.28,-3.69,-0.12,-4.32,-5.05,1.58,2,0,0
-0.31,-0.79,0.82,0.29,0.77,0.43,1.65,-4.49,3.31,1.72,1.65,0.89,-1.42,0.23,1.3,-4.68,2,0,0
3.08,2.24,2.86,-1.55,0.96,-0.23,-3.67,-0.56,-4.07,-0.55,1.45,2.26,3.24,-1.61,0.07,1.76,2,0,0
2.78,6.62,4.6,-2.63,2.16,3.17,-1.8,3.09,1.57,3.71,0.55,-1.61,0.98,-5.27,-3.3,4.0,2,0,0
-1.28,-3.84,-0.59,-0.55,2.92,-1.56,1.98,0.33,3.83,0.88,2.51,-0.37,1.5,3.22,1.18,-1.93,2,0,0
-2.72,-1.68,1.23,-1.07,-0.55,0.89,1.44,-0.98,3.9,5.32,3.58,-1.39,-1.88,0.07,-0.34,-1.84,2,0,0
2.51,-0.15,-0.61,-3.02,1.63,0.25,1.8,0.28,1.16,0.63,-1.41,2.1,2.43,1.02,-1.9,3.64,2,0,0
1.94,1.19,5.9,-3.43,-3.9,-1.62,4.98,0.95,-0.15,1.81,3.95,-2.24,2.32,-5.96,-5.06,-2.36,2,0,0
3.17,1.47,-3.6,1.23,4.69,1.2,-0.55,0.39,0.09,-0.96,-1.69,-0.91,0.14,-2.36,-1.31,0.29,2,0,0
-2.57,1.44,-0.91,1.39,-0.39,-1.84,-1.28,-1.66,-2.43,-1.99,-2.81,1.31,0.92,0.58,-1.01,-0.09,2,0,0
-0.17,-4.86,-2.88,-2.13,3.46,-2.39,2.85,-1.44,1.15,2.86,0.81,0.3,1.88,4.37,-3.25,-1.35,2,0,0
-0.91,1.94,3.89,0.75,-1.02,1.35,0.07,0.34,-0.97,0.88,0.18,1.73,-0.64,-1.83,0.01,-2.37,2,0,0
-6.33,1.45,6.44,-0.03,-3.45,-0.47,-2.33,-0.02,4.11,-0.41,3.0,-6.4,-6.12,-0.7,-4.63,-2.33,2,0,0
-1.24,0.48,-2.55,-1.74,-3.17,0.47,-0.49,2.3,3.83,-2.38,0.87,-3.01,-2.63,-3.85,1.28,-0.66,2,0,0
-1.99,-2.81,-6.09,1.62,-2.19,-4.15,0.91,-1.02,1.93,1.56,-1.83,-0.13,-0.43,0.03,1.55,-3.27,2,0,0
0.38,1.28,-1.36,1.94,3.17,3.84,-2.41,-5.06,-1.82,-1.46,-0.07,0.22,-0.75,2.02,1.63,0.35,2,0,0
1.36,2.21,0.14,1.24,2.42,-1.02,-1.23,2.68,0.16,-1.98,-1.89,2.25,3.36,-0.6,0.65,1.27,2,0,0
0.36,-0.92,-0.11,-2.58,-2.56,2.09,1.54,-1.7,-0.14,0.79,1.89,0.5,-0.48,-0.03,0.55,-1.08,2,0,0
-1.14,0.59,1.81,-3.2,-5.8,-0.66,-0.11,-2.6,-1.89,0.11,0.43,-2.82,-2.17,-3.46,-4.34,0.86,2,0,0
-1.23,2.34,0.82,-0.71,-2.34,0.71,-2.59,1.27,-2.94,2.04,0.22,0.34,1.49,-0.71,-0.83,3.83,2,0,0
-1.47,0.65,1.72,0.87,-4.03,-2.29,0.97,1.65,0.68,-4.35,2.34,1.05,-0.82,-3.64,0.63,-4.68,2,0,0
-0.36,0.37,-1.52,-0.78,-0.09,2.46,-0.36,-1.81,1.63,0.5,-0.81,-1.52,-1.34,0.56,2.11,0.27,2,0,0
1.97,1.84,-2.83,-1.18,-2.09,1.12,-0.23,0.16,0.79,-2.27,-1.43,-2.92,-1.79,-1.82,-1.64,0.93,2,0,0
0.14,0.96,3.71,1.57,0.21,-0.2,-0.84,0.57,-2.02,0.74,0.76,1.31,1.86,-1.04,1.58,-0.89,2,0,0
4.55,2.17,1.07,-1.86,3.48,-0.28,-2.27,1.79,1.13,-1.0,1.31,-1.0,0.69,2.52,0.37,-2.46,2,0,0
2.9,2.8,-3.1,-3.01,1.53,0.49,-2.43,0.23,-1.58,-2.31,-0.67,0.04,2.42,-1.78,-2.02,3.84,2,0,0
2.17,4.77,-0.89,0.91,1.41,3.16,-0.52,3.25,-0.67,-3.56,0.05,0.48,0.01,-4.39,-0.93,-1.05,2,0,0
-1.99,0.73,-1.78,3.04,4.62,2.75,0.96,1.07,4.81,1.67,0.02,1.56,0.4,2.1,1.94,-0.77,2,0,0
-3.77,-1.34,-3.39,-0.78,-7.19,-4.12,0.13,-2.62,1.07,-1.46,-2.58,-1.76,-3.71,-0.15,-2.42,-1.34,2,0,0
0.19,-1.15,-5.45,1.87,3.15,1.49,-2.46,-1.24,1.21,-1.5,-0.45,-1.11,0.74,0.93,2.78,2.3,2,0,0
-4.02,-1.17,0.85,-0.8,-1.22,-3.75,1.15,-2.85,1.89,-1.41,0.83,-1.22,-2.1,-1.8,-6.09,-1.13,2,0,0
-5.52,1.14,-1.86,0.43,-4.47,-1.89,-2.0,-1.91,-1.22,-1.56,-1.33,1.59,-1.96,-0.89,-2.42,0.81,2,0,0
-2.83,1.03,-1.0,-0.74,-1.68,2.34,0.06,-2.44,0.05,-0.99,-0.32,-1.51,-0.27,-2.08,-1.29,4.09,2,0,0
-2.63,-2.04,-0.39,2.61,2.7,1.21,2.49,-1.91,-0.62,4.17,-1.54,3.82,0.49,3.07,0.43,-1.59,2,0,0
-2.28,0.59,1.76,-2.43,-5.13,0.21,-1.36,-0.39,-1.59,-1.62,3.12,0.71,0.04,0.26,1.75,-1.47,2,0,0
1.5,0.96,0.6,-1.96,1.29,2.27,-2.56,0.72,-2.0,-4.21,4.15,-3.37,3.06,-0.72,0.91,3.62,2,0,0
-0.19,0.47,1.78,-0.19,1.29,-0.2,2.38,0.46,0.19,4.24,-0.04,3.17,1.9,-2.48,-0.81,-0.98,2,0,0
0.74,2.2,1.46,1.56,2.21,3.18,-1.06,-2.09,-2.25,3.02,-0.33,3.78,1.6,2.01,0.62,0.2,2,0,0
1.88,1.35,-0.19,1.05,5.36,2.68,-0.87,-0.49,1.34,-0.7,-1.43,2.05,1.61,-1.68,3.98,0.33,2,0,0
-2.86,-1.4,-2.93,-1.01,-0.52,1.35,1.53,-1.33,1.19,1.39,-0.53,5.22,0.64,0.14,2.02,-0.42,2,0,0
3.23,2.32,-1.86,-0.14,-3.9,-1.05,-2.4,2.32,-1.19,-3.07,3.6,-1.15,1.64,-3.1,1.5,-1.16,2,0,0
-0.23,-1.78,-1.5,-1.62,-2.24,-0.25,2.05,-2.16,0.62,4.4,-1.95,1.38,-0.13,2.02,0.24,-0.44,2,0,0
0.22,0.61,-0.16,4.93,4.8,1.2,-0.84,0.2,2.25,0.48,-4.3,2.56,0.94,1.09,3.49,0.18,2,0,0
-5.39,-0.89,3.36,-0.57,-4.57,0.04,-1.09,-2.17,-3.27,2.82,4.57,0.64,-0.94,1.77,-3.73,-0.42,2,0,0
0.23,1.66,2.56,0.76,-0.55,-1.72,-1.57,-0.27,-0.44,-0.44,0.77,-1.62,1.15,-2.95,-0.71,1.56,2,0,0
3.84,3.25,2.37,-2.78,-0.87,-1.57,-0.48,6.22,2.77,-2.1,3.66,-3.01,1.77,-4.61,-1.96,-1.06,2,0,0
-4.14,-1.52,-0.74,-0.99,-0.65,-0.14,2.29,-2.37,4.24,0.46,-1.11,-0.42,-3.03,2.38,-1.49,-2.73,2,0,0
-2.66,1.65,1.47,4.66,-1.54,-3.23,-1.6,2.11,-0.39,-1.84,-1.71,-0.5,0.24,-3.83,-0.13,-0.22,2,0,0
0.14,1.25,4.78,-3.05,-6.41,-4.14,-0.37,2.52,-0.12,1.04,3.06,-2.6,-1.01,-2.1,-5.09,-1.55,2,0,0
6.6,3.27,-1.59,-2.33,2.85,2.02,0.43,-0.34,-2.89,-1.94,-1.25,0.88,2.72,-0.66,-1.33,1.02,2,0,0
-2.33,-1.55,0.3,-1.59,-3.51,0.22,2.52,0.73,1.46,3.32,1.18,1.03,-2.09,0.42,0.57,-4.27,2,0,0
-3.12,-0.52,-2.93,-1.1,-4.36,-3.27,-1.05,0.35,1.08,-0.18,-2.2,1.58,-1.62,1.94,0.66,-2.17,2,0,0
-3.12,0.64,-0.73,3.73,1.92,0.18,2.52,-2.05,-0.34,1.06,-3.79,2.48,0.32,-0.8,-0.36,0.41,2,0,0
-0.58,-0.43,-3.15,-0.83,-0.09,-0.54,-0.7,4.01,2.97,0.05,-0.33,-1.03,-1.59,2.83,-1.7,-2.21,2,0,0
0.57,1.9,-0.32,-1.69,-1.69,-1.59,1.01,-0.22,0.45,1.9,-1.25,-0.66,-0.33,-2.78,-5.35,1.37,2,0,0
-0.52,0.26,-1.63,-3.05,0.49,2.5,-2.77,1.41,0.56,0.07,2.4,-0.39,0.49,2.49,1.9,1.87,2,0,0
-0.78,1.85,2.73,2.5,-2.29,0.55,-2.86,-1.15,-0.13,0.24,4.04,-3.47,0.38,-1.28,2.89,0.46,2,0,0
1.3,-3.66,-1.52,-1.2,0.16,-0.66,2.74,-2.98,0.45,3.73,0.1,-2.55,0.07,4.2,-2.01,-0.5,2,0,0
-2.16,0.87,1.77,1.55,-2.91,2.08,-0.69,-3.43,-3.31,1.83,2.61,1.42,-0.25,-2.29,0.53,0.16,2,0,0
-3.75,-0.84,-2.65,1.2,-4.68,0.13,2.54,0.08,0.48,4.32,-2.25,3.29,-0.85,-1.65,1.77,-1.48,2,0,0
3.16,5.14,0.04,1.92,4.81,2.39,-0.37,1.15,-0.64,-1.65,-0.36,1.44,1.34,-2.83,-1.7,-0.95,2,0,0
2.07,0.03,-3.66,-1.31,-0.98,0.06,0.2,-0.25,1.15,-0.32,-0.49,-0.07,-1.32,0.67,-2.8,-1.63,2,0,0
3.29,0.84,0.82,-5.61,0.35,2.2,-3.73,7.75,1.34,-1.31,4.53,-1.3,2.04,-0.08,0.97,2.65,2,0,0
-3.48,-0.44,0.95,-1.57,-3.78,1.0,-1.09,-3.74,2.05,1.91,2.05,-3.0,-4.96,4.82,0.71,-5.99,2,0,0
2.76,0.67,2.65,-1.78,5.59,0.7,2.67,-0.07,-0.98,2.33,1.35,4.07,4.08,-0.35,-3.54,-1.04,2,0,0
1.09,-0.3,1.43,-1.47,2.64,0.88,0.77,-4.44,-0.54,0.13,0.43,1.01,0.12,0.74,-0.96,-1.55,2,0,0
1.37,2.35,2.53,-0.62,1.82,4.11,-0.91,-3.15,-1.35,1.22,2.29,-1.37,0.68,1.03,1.41,0.68,2,0,0
-0.14,0.83,-6.57,2.6,-2.44,-0.55,2.2,-1.92,-0.47,2.21,-5.26,1.63,0.08,-1.61,0.68,0.41,2,0,0
0.83,-0.88,-1.83,-1.27,-1.16,-1.24,0.15,2.92,1.07,-1.9,0.87,-3.15,1.3,-2.87,-0.19,1.94,2,0,0
-2.94,-1.28,1.14,-2.49,0.02,1.16,0.82,-0.19,5.07,0.65,1.18,-1.32,-2.34,0.23,-1.51,1.17,2,0,0
-2.54,-2.93,1.26,1.31,3.22,-3.27,0.79,-6.68,-3.59,5.03,-2.05,5.57,2.66,4.84,-0.42,-1.54,2,0,0
0.0,0.43,-0.51,3.52,2.31,-1.02,-0.7,-2.23,0.24,-2.76,-0.57,-3.06,-0.32,0.93,2.26,-2.84,2,0,0
-0.02,1.82,-4.19,4.42,3.03,-1.66,-0.5,-2.31,-1.37,-1.71,-2.58,1.11,2.9,-2.17,-0.15,1.43,2,0,0
-0.51,0.09,1.57,-8.55,-5.12,0.92,1.1,2.5,3.15,1.42,3.23,-2.36,-4.21,0.78,-2.99,-4.38,2,0,0
1.14,0.6,0.29,-1.31,-0.53,1.0,0.35,1.01,-2.02,1.83,1.08,4.15,1.27,0.1,1.69,-3.52,2,0,0
-0.27,0.28,0.01,1.87,1.35,-0.75,0.01,1.23,0.34,-0.14,-1.51,0.29,1.16,1.74,1.83,-1.54,2,0,0
1.75,1.06,-1.94,0.62,-1.9,-2.64,-1.87,2.68,2.91,-1.87,1.13,-3.89,-0.23,0.08,2.04,-1.68,2,0,0
-2.21,1.72,-0.56,1.6,0.16,4.96,-0.59,-3.02,3.42,2.79,-0.7,-1.62,-5.29,4.07,2.57,-3.25,2,0,0
-1.31,1.17,1.82,-0.56,-2.05,1.44,-2.09,2.18,0.04,-0.77,2.02,-0.5,-0.84,-0.73,1.21,-0.1,2,0,0
-2.95,-0.55,2.81,0.13,2.55,-4.25,0.61,2.36,3.11,-0.96,0.51,0.89,-0.58,0.32,-4.19,-3.55,2,0,0
1.88,1.45,1.53,-0.8,2.02,1.79,0.16,-1.89,-0.84,0.63,3.19,-2.44,0.08,0.39,-2.27,-0.97,2,0,0
-0.18,0.47,-4.06,-0.49,-0.62,-2.66,1.08,0.73,-0.76,2.74,-7.15,2.87,-1.27,1.82,-4.49,-0.88,2,0,0
-3.13,4.45,2.73,3.09,-2.48,-0.3,-2.38,-1.12,0.04,0.67,0.71,1.11,-0.38,-2.83,0.92,0.02,2,0,0
-2.35,1.02,-3.14,-0.83,-1.79,-0.83,-0.31,1.14,2.58,0.36,0.24,-1.34,-2.08,-3.14,-3.42,0.29,2,0,0
2.51,4.77,3.14,0.4,0.32,-0.35,-1.67,1.91,-0.51,1.48,-2.58,2.04,1.5,-3.66,0.64,-0.57,2,0,0
0.06,1.72,-0.05,2.16,0.72,1.06,-1.42,2.68,-2.35,2.39,-1.43,3.56,1.29,-0.18,0.56,0.51,2,0,0
1.09,-0.86,-1.55,0.68,0.01,-0.64,1.15,-0.48,-2.1,-0.65,-1.25,3.96,3.0,-1.56,1.31,0.71,2,0,0
-5.47,-1.72,-4.42,-1.81,-5.22,1.43,-2.11,-0.22,1.26,1.47,1.56,-1.06,-4.09,0.63,0.81,-1.4,2,0,0
-0.88,-2.62,-0.29,-2.24,-4.34,-3.05,-1.03,-0.31,-3.48,0.15,-0.11,-2.63,1.46,1.99,-1.15,3.18,2,0,0
-3.9,2.93,1.15,3.11,0.6,2.19,-0.06,-2.35,-0.31,2.04,-1.36,0.43,-3.0,-1.52,-3.94,-1.02,2,0,0
1.26,1.13,0.66,-0.11,2.62,0.62,-0.2,-0.84,-1.47,1.2,-1.66,1.26,3.21,1.16,0.71,2.55,2,0,0
-1.07,-0.24,-0.22,0.03,-2.51,-0.43,-0.08,1.61,4.28,-1.68,2.49,-6.13,-3.1,-2.64,0.22,-2.49,2,0,0
-1.73,-0.1,3.33,-1.25,-1.54,-0.85,-0.69,2.2,0.72,2.8,-0.64,2.55,-0.83,0.31,-0.33,-1.89,2,0,0
3.08,0.67,4.6,-1.27,-0.61,-1.07,1.71,4.65,1.33,-0.91,3.91,-2.05,0.2,-3.42,-2.59,-3.31,2,0,0
2.54,1.56,-0.26,-4.01,-0.7,-0.12,1.17,2.54,1.24,-3.67,0.44,0.14,0.85,-3.75,-3.08,0.1,2,0,0
5.39,3.67,-2.3,0.41,6.37,3.42,-2.03,1.99,1.79,-5.6,0.38,-2.12,3.45,-2.05,3.45,2.79,2,0,0
-0.69,1.37,-1.88,2.01,-0.68,-0.27,-1.42,-0.65,0.12,2.76,-2.28,1.81,-1.19,2.72,2.05,-2.65,2,0,0
2.13,0.03,2.32,-3.06,-0.99,-2.21,0.67,-0.79,-3.24,-3.32,2.53,-0.11,2.42,-3.05,-4.48,0.58,2,0,0
1.09,0.72,2.13,0.04,0.45,1.15,-0.94,-1.45,-1.53,-1.03,0.36,-0.86,0.41,1.53,1.17,-1.08,2,0,0
-6.6,0.53,-1.4,3.06,-3.44,-0.29,-0.11,-1.33,5.72,-2.44,0.36,-3.58,-5.55,-2.53,2.72,-5.19,2,0,0
0.89,-0.19,1.9,-1.83,-2.2,-1.2,-0.08,0.68,-1.0,-1.56,4.7,-1.38,1.27,-1.78,-0.42,-1.93,2,0,0
-0.06,2.38,6.38,-1.38,-2.35,2.46,0.07,2.78,-0.9,2.23,5.57,2.51,2.33,-1.13,0.6,-1.6,2,0,0
-0.14,1.49,0.12,-2.75,-4.27,0.98,0.8,1.1,-0.1,5.42,-1.8,0.57,-0.65,0.87,-0.32,-0.47,2,0,0
-0.32,0.62,0.58,-1.19,0.98,3.58,0.37,0.83,-1.43,5.58,1.06,6.18,1.06,2.64,2.02,-3.95,2,0,0
6.14,-1.61,2.34,-7.31,4.07,3.02,1.12,4.91,1.8,0.4,6.15,0.6,3.62,3.42,0.2,-1.31,2,0,0
1.7,0.22,-3.6,3.38,-0.36,-0.13,0.2,-3.01,-4.02,1.15,-2.79,1.2,0.74,2.44,2.68,-2.73,2,0,0
6.83,1.61,5.88,-2.18,5.35,1.12,0.64,-0.03,-1.4,1.69,0.75,1.2,4.91,0.71,1.22,1.52,2,0,0
-4.11,-0.76,-1.62,2.22,-4.61,-1.72,0.36,0.09,3.43,1.8,1.54,-3.93,-2.6,-0.57,-1.79,-1.05,2,0,0
0.47,1.64,-1.03,-1.63,-6.06,-1.99,0.05,1.71,-3.88,-2.12,0.19,-0.9,0.97,-3.81,-2.79,1.31,2,0,0
-0.74,-1.52,1.1,-2.55,-3.13,2.61,-0.56,-3.1,-3.78,3.39,2.8,-2.33,-0.55,2.15,-0.9,1.69,2,0,0
-3.11,-1.03,0.59,-1.18,-1.61,-2.51,0.09,-0.31,1.97,1.02,-0.59,1.22,0.22,0.4,1.41,-1.6,2,0,0
0.53,2.55,-3.29,-0.43,-0.71,2.19,-1.11,-1.62,-1.2,-2.1,0.2,-1.03,-0.29,-3.91,-0.4,1.41,2,0,0
-1.8,0.22,1.13,1.1,-1.97,1.6,0.24,0.29,2.92,0.29,3.0,-2.07,-1.52,-1.44,0.28,-0.21,2,0,0
2.24,0.93,1.89,-1.77,0.78,1.08,-0.1,-0.74,2.25,1.15,0.5,-2.03,-1.75,-0.18,-0.59,-1.18,2,0,0
-0.45,4.4,3.39,3.02,0.21,4.04,-1.23,-0.11,1.6,4.88,1.48,-0.49,-0.72,-3.24,0.77,0.2,2,0,0
-0.55,-1.26,0.73,-0.31,2.05,-2.05,2.22,0.66,1.47,-2.94,1.28,-0.29,1.36,-0.63,0.08,-3.36,2,0,0
5.77,3.42,2.82,-0.31,4.17,0.63,-0.66,0.82,3.95,0.64,4.08,-5.26,-0.06,-2.17,-0.8,-1.73,2,0,0
1.81,-1.41,-2.83,2.54,0.7,0.53,-1.04,-2.4,-1.16,-3.66,-0.04,-2.23,0.49,1.63,3.54,-0.34,2,0,0
-3.39,1.64,-5.49,2.39,-0.59,2.34,2.8,0.38,0.81,3.17,-6.56,2.28,-1.47,-1.58,1.62,-0.42,2,0,0
1.67,4.31,2.5,-0.56,-1.74,-3.88,-2.33,4.26,-1.51,-1.83,0.9,-0.91,3.77,-5.11,-3.96,3.45,2,0,0
-0.54,-2.68,-1.53,-2.19,-0.68,-1.42,1.61,-1.83,-0.38,0.4,-0.04,3.29,1.25,1.17,-1.94,-0.02,2,0,0
1.75,-0.74,-1.71,-1.06,-2.84,-2.38,0.06,-0.34,-3.73,1.04,0.97,-0.24,3.2,-2.83,-4.02,4.31,2,0,0
1.44,1.13,-2.53,1.09,-3.33,-2.69,0.03,1.6,0.52,-7.66,-1.92,-3.03,-0.47,-5.96,0.55,-1.57,2,0,0
2.38,0.19,-3.1,4.09,3.93,0.01,2.05,-2.96,-0.85,0.01,-4.58,2.63,3.64,-0.85,3.48,1.05,2,0,0
-0.73,0.85,-2.99,3.36,-1.55,0.86,-0.52,-2.34,-3.83,-1.03,-1.45,2.0,0.63,-1.93,0.77,0.91,2,0,0
0.93,-3.16,0.48,1.78,5.21,-0.46,4.32,-2.62,0.73,3.38,-0.37,1.19,2.45,3.48,1.07,-2.26,2,1,1
-2.73,0.71,-0.77,6.82,4.51,-0.7,4.12,-4.6,-2.23,4.33,-6.08,4.32,0.48,-2.98,-3.17,-1.49,2,0,0
-0.67,0.46,4.26,1.54,3.43,0.14,-0.62,-0.1,0.92,1.03,3.09,-0.45,2.33,-0.56,-0.69,1.02,2,0,0
-3.76,2.49,1.9,0.97,-0.58,2.84,-4.65,-0.28,3.2,2.67,2.48,-2.09,-2.19,1.06,3.49,1.03,2,0,0
2.96,0.49,-0.32,-0.66,2.72,-0.82,-0.9,4.03,0.47,-1.58,2.37,-1.2,4.09,-1.38,-0.3,2.06,2,0,0
-1.83,-2.47,-3.66,-1.68,0.06,1.19,-0.73,-3.1,-0.43,-0.84,2.17,-1.49,-0.51,2.42,-0.17,1.03,2,0,0
-2.41,-0.81,3.91,-1.6,0.05,-2.82,-0.39,-1.51,0.18,2.32,0.72,-1.03,0.14,1.0,-4.49,1.2,2,0,0
-2.49,0.02,1.18,2.06,-1.79,-3.11,-2.21,-0.28,-2.41,-1.5,0.58,0.64,0.18,0.25,0.17,-2.32,2,0,0
-2.9,-2.06,-2.54,0.93,-1.67,0.93,1.53,-1.81,2.0,1.12,0.94,-3.52,-1.92,-0.31,0.22,-0.28,2,0,0
-1.81,1.8,1.76,1.75,-0.65,-0.58,0.01,1.53,-0.27,-0.47,3.23,-3.43,-0.47,-1.28,-5.77,-0.46,2,0,0
-3.05,-0.6,-2.0,-1.12,0.47,4.76,-1.15,-2.24,2.63,0.12,-0.68,-0.49,-2.99,0.62,1.73,0.97,2,0,0
0.78,1.98,1.43,1.7,-0.08,1.29,0.63,0.01,0.09,-3.03,1.31,0.28,1.08,-2.03,1.08,0.1,2,0,0
2.09,2.33,-2.43,-1.86,-0.16,-1.44,-1.0,2.14,-1.54,0.97,-3.14,1.78,1.78,-2.51,-2.69,3.53,2,0,0
-2.32,0.89,2.09,-1.37,-1.33,1.03,-1.45,2.19,3.87,2.07,1.36,1.0,-1.55,1.78,2.3,-2.06,2,0,0
5.02,5.18,0.18,3.15,5.43,4.27,-2.5,-0.32,-1.99,0.79,-2.9,0.51,2.09,1.53,2.7,1.04,2,0,0
0.54,3.44,-0.09,1.76,-0.61,1.81,0.66,-1.25,1.23,-2.08,-0.91,-0.85,-2.1,-2.32,2.61,-3.07,2,0,0
1.57,-0.74,-0.69,-1.27,2.91,2.93,-0.66,0.84,1.35,1.81,3.38,-0.51,1.05,3.71,2.54,0.23,2,0,0
1.39,0.67,-3.15,2.06,1.99,1.33,0.54,2.16,-0.31,-0.23,0.13,0.26,0.43,0.31,0.12,-1.53,2,0,0
-2.08,0.74,2.35,-1.24,-0.35,-2.93,1.6,4.79,3.13,1.66,0.51,1.72,2.75,-2.49,-2.33,1.35,2,0,0
-2.67,1.96,-0.92,2.53,-0.8,-0.66,0.59,-0.44,-0.84,-1.46,-4.12,1.49,-0.73,0.59,-0.55,-1.17,2,0,0
0.89,1.73,1.07,-0.98,-4.78,-1.35,-1.62,2.59,1.24,-0.41,2.5,-6.65,-2.92,-3.72,-2.84,-0.46,2,0,0
-1.46,0.3,2.82,-1.38,-1.72,2.72,-0.95,0.17,-0.51,1.48,5.12,-4.76,-0.48,-1.04,-2.98,2.48,2,0,0
-4.95,-2.25,-1.88,2.77,-3.17,-2.23,1.51,-5.34,0.93,0.56,-3.51,-3.17,-3.8,1.97,1.49,-2.42,2,0,0
-0.32,1.7,-0.39,1.48,0.94,0.76,-0.85,-1.02,-0.72,-0.79,-1.46,-0.69,2.01,0.38,2.01,2.91,2,0,0
0.86,-0.09,2.12,3.78,6.96,-2.29,0.3,0.86,2.62,-3.17,-1.36,-2.0,2.28,-0.32,-0.09,0.02,2,0,0
1.3,-1.21,-3.6,3.55,4.42,0.31,-1.83,-0.29,2.21,-0.01,-0.01,-0.99,1.14,3.94,4.58,-0.24,2,0,0
2.08,2.65,-0.14,-2.81,0.6,3.57,-2.24,0.86,0.09,-2.81,6.24,-4.9,0.41,-2.64,-4.62,3.9,2,0,0
-5.02,-0.27,-5.54,1.06,-1.41,-1.06,-0.12,1.12,3.46,0.08,-3.71,-0.65,-3.43,-1.21,-3.34,0.77,2,0,0
6.91,0.39,1.05,-0.15,4.13,0.68,-0.34,-1.88,-1.35,2.55,-0.83,1.04,2.3,1.98,0.56,0.83,2,0,0
3.61,1.56,-1.53,2.52,4.66,0.32,-1.71,0.05,-2.03,-3.12,-1.89,1.34,1.8,2.03,2.47,-1.56,2,0,0
-0.58,0.51,0.35,3.81,2.19,-5.79,1.58,-2.89,0.3,1.55,-2.93,2.39,2.1,-1.78,0.3,-3.61,2,0,0
-1.32,-1.12,-2.65,1.06,-3.37,-1.15,-1.16,2.99,3.63,0.25,-0.46,-2.61,-1.44,0.58,3.58,-1.19,2,0,0
-0.56,2.6,0.73,0.07,0.63,-0.49,-1.82,3.81,2.45,-2.18,-0.66,-0.53,0.23,-3.21,0.47,0.5,2,0,0
-2.22,3.17,4.0,2.18,-0.63,-0.6,-1.82,0.63,1.63,-1.51,2.51,-5.76,-1.62,-2.95,-2.57,-0.17,2,0,0
-0.57,-1.07,-1.59,0.36,-1.57,-0.34,-1.78,-0.39,-3.31,-1.4,-1.88,1.6,1.41,2.71,1.24,2.43,2,0,0
1.71,0.88,-0.09,0.1,0.37,0.25,-0.02,0.94,-0.79,2.77,-0.53,0.8,1.08,1.93,-0.15,-1.26,2,0,0
1.32,-0.08,-0.79,0.74,4.56,-2.2,2.59,0.46,2.81,-1.67,0.75,-2.56,3.04,-4.92,-6.59,4.7,2,0,0
-0.74,-1.28,-1.33,-1.45,-3.2,-1.63,0.48,-2.83,1.63,-0.3,-0.81,-1.84,-2.78,1.39,0.88,-3.11,2,0,0
-3.18,-1.87,-0.51,-0.9,-1.2,-1.34,1.65,0.96,2.62,2.99,1.04,0.55,-2.22,1.77,-2.4,-4.12,2,0,0
-3.59,0.05,0.08,3.57,-1.26,0.26,0.51,-2.74,0.34,-0.33,-1.93,-0.05,-2.38,0.39,0.07,-1.76,2,0,0
-2.97,-0.05,-2.85,-1.12,-1.09,1.6,-1.74,-1.05,0.78,1.72,-0.49,1.52,-1.34,3.03,3.5,-1.39,2,0,0
0.67,3.76,-1.25,4.28,3.67,3.43,-1.73,-1.88,2.2,1.38,-1.43,-1.59,-1.71,0.36,5.62,-2.47,2,0,0
2.53,0.88,-1.41,1.7,1.13,1.88,2.36,0.08,-2.23,3.79,-3.76,3.81,1.39,0.12,2.6,-2.92,2,0,0
-3.11,-1.59,-3.67,-4.18,-5.64,0.73,-1.03,1.23,2.97,-0.89,2.22,-2.27,-3.9,0.85,-0.23,-0.96,2,0,0
-2.12,1.8,0.25,1.02,0.45,2.32,-0.33,-1.67,-0.73,2.76,0.09,-0.62,-2.76,-0.99,-1.91,-1.6,2,0,0
-3.71,-2.62,3.16,1.06,-1.56,-4.39,0.45,1.16,-1.21,0.03,5.46,0.48,2.9,0.01,-3.06,-0.46,2,0,0
-1.9,0.1,-1.03,1.48,-1.4,2.9,0.09,-0.79,1.57,-0.12,3.79,-2.25,-2.87,-0.75,0.26,-2.59,2,0,0
-1.31,0.62,0.7,-4.19,-4.94,-2.3,1.09,-1.37,-0.76,0.17,-2.19,3.19,-0.02,-3.96,-4.46,2.88,2,0,0
2.46,1.83,-4.92,2.6,3.2,3.22,0.42,-2.05,0.31,-2.51,-4.41,1.22,1.49,-1.23,4.74,2.52,2,0,0
3.7,2.52,-0.57,-4.95,2.72,1.01,0.86,1.53,0.96,0.81,0.98,-0.56,1.64,-2.65,-8.16,4.31,2,0,0
2.68,1.07,-2.79,-3.55,-2.05,0.28,-0.86,1.9,-0.81,-1.23,3.65,-1.75,-0.74,-0.85,-2.49,-2.2,2,0,0
2.58,1.21,0.9,-2.77,-0.83,-0.81,-1.05,3.02,-0.5,1.24,-1.46,3.76,2.04,1.0,-0.29,1.11,2,0,0
-7.14,0.02,-1.54,6.04,1.37,-3.47,-0.39,-2.0,5.44,-3.23,-3.63,-1.73,-3.48,0.71,0.72,-3.19,2,0,0
-2.2,-1.28,-1.17,2.11,-0.39,-0.34,2.57,-2.19,1.93,2.36,-2.44,1.2,0.33,1.23,0.39,1.1,2,0,0
-3.38,-3.04,-0.12,-1.49,-3.62,-2.89,-0.46,0.74,0.86,0.51,1.59,-1.16,-0.28,0.21,1.08,-1.28,2,0,0
-2.84,2.62,-0.98,6.39,-1.98,-2.69,-0.06,-2.37,-1.99,0.35,-2.17,1.59,0.52,-1.38,0.14,-2.46,2,0,0
0.71,3.61,-0.45,-0.58,-1.31,0.3,-0.9,-0.66,-0.69,-0.55,-1.43,-1.27,-0.15,-2.12,0.02,0.64,2,0,0
-2.2,-1.08,-5.1,0.66,-0.38,-0.32,-0.08,-0.06,3.85,-2.03,-2.19,-0.92,-1.73,1.88,3.91,-2.52,2,0,0
7.18,2.36,3.41,-4.52,3.67,3.31,-0.19,1.8,-2.08,0.68,4.96,0.8,4.74,0.52,-2.56,3.55,2,0,0
-1.64,0.24,2.88,-0.29,-0.56,-0.36,-4.04,0.3,-1.13,-3.61,0.69,1.09,2.63,-2.21,3.2,4.35,2,0,0
-3.87,2.19,0.44,0.11,-2.48,4.8,-1.1,-0.86,-1.52,1.55,4.6,-1.74,-2.73,-4.08,-3.99,0.99,2,0,0
3.11,5.56,-0.21,1.64,1.62,0.9,-2.21,0.48,-0.56,-4.27,-1.81,-0.08,1.97,-2.3,0.24,2.3,2,0,0
4.92,0.56,0.14,-3.15,-3.12,1.03,-1.44,2.98,-3.67,-1.07,3.33,-0.12,3.49,-1.29,2.94,1.15,2,0,0
3.98,0.92,-5.42,-0.21,1.15,3.81,-1.24,-3.18,-3.14,-2.56,-4.64,5.17,2.28,2.51,8.6,0.85,2,0,0
0.17,-2.27,-1.08,0.3,3.87,-1.07,1.45,-3.87,-3.45,-0.42,-2.51,2.2,2.73,-0.9,-1.14,0.31,2,0,0
-0.82,-1.94,-0.44,3.27,2.22,-0.16,3.56,-1.93,-0.48,-1.07,-2.22,-0.12,1.9,1.49,0.82,-1.14,2,0,0
-0.48,2.72,-0.92,1.35,1.12,0.13,-1.78,-0.45,-0.4,-2.3,-0.54,0.73,1.72,-1.63,0.32,1.9,2,0,0
0.5,-1.17,-2.53,-1.42,-1.18,-1.18,0.41,5.49,3.17,-0.79,1.89,0.36,0.33,0.1,1.72,-3.01,2,0,0
0.35,1.85,-0.35,1.28,-0.29,2.67,0.39,-4.03,0.17,1.95,-1.69,-0.29,-1.82,1.39,3.49,-2.63,2,0,0
0.66,1.3,-0.64,-0.92,1.12,1.56,1.48,0.84,0.66,0.14,0.09,-0.51,-0.52,-1.48,-3.54,0.0,2,0,0
0.04,-1.3,-5.73,3.04,5.42,-3.71,3.19,0.43,2.24,1.62,-5.86,5.18,1.81,2.87,-0.8,-3.06,2,0,0
-2.87,-1.42,-1.55,-1.1,-3.07,-3.09,1.4,0.01,1.14,0.73,-1.47,0.59,0.09,-1.13,-2.17,0.59,2,0,0
-1.53,0.46,1.54,-1.12,-0.96,-2.67,-1.67,0.1,2.61,-0.41,1.05,-2.59,-0.36,-2.13,-1.45,1.22,2,0,0
-3.46,-2.64,-0.67,-0.23,-2.12,-2.25,2.66,-0.9,2.96,1.01,1.07,-3.86,-2.13,-0.47,-3.85,-1.66,2,0,0
0.44,0.68,-5.05,2.6,2.46,-0.27,2.66,5.38,5.5,1.9,0.24,-0.5,0.38,-3.85,-2.1,-0.76,2,0,0
-1.35,0.24,3.71,-3.77,-4.64,0.18,0.15,3.23,3.22,2.55,4.65,-0.77,-2.16,1.24,-2.52,-1.55,2,0,0
2.57,-1.43,0.11,-3.82,-1.22,-2.64,1.4,-0.09,-2.6,1.02,1.16,1.82,1.88,0.15,-1.45,-2.45,2,0,0
0.63,0.51,1.69,-1.39,1.44,1.63,-1.39,2.5,1.27,-2.79,0.97,1.91,-0.28,2.12,2.07,-3.13,2,0,0
-1.17,-0.94,-2.56,2.36,0.92,-2.06,0.29,-2.55,-0.08,1.07,-4.77,1.27,-0.35,1.34,1.93,-2.07,2,0,0
-3.21,4.56,-3.32,6.66,2.3,4.22,-2.85,-0.78,0.32,2.83,-5.65,-0.18,-2.69,0.62,4.58,-0.07,2,0,0
1.73,1.15,0.06,-3.05,1.97,-1.59,-2.14,4.71,4.87,-1.37,1.89,-0.86,0.88,-1.27,-0.39,0.81,2,0,0
3.63,4.35,-2.11,2.51,4.16,-0.19,-2.62,2.92,-1.61,-5.21,-5.84,-1.41,2.84,-2.88,1.47,3.65,2,0,0
-1.66,0.21,0.08,-1.04,1.49,1.13,-1.11,1.92,0.82,1.35,1.79,-0.2,0.23,-1.63,-1.91,0.65,2,0,0
2.58,1.36,2.34,-2.62,1.5,-1.5,-3.87,0.2,1.26,-1.0,2.1,-2.28,-0.9,0.97,-0.3,-2.65,2,0,0
2.79,-0.93,-4.71,1.48,1.06,-2.27,1.5,-0.62,1.78,-0.41,-4.32,2.0,3.31,1.01,5.28,-0.21,2,0,0
-4.7,-0.39,-1.18,1.74,-2.59,2.22,1.61,-2.52,0.4,0.26,-0.55,1.93,-3.14,3.76,0.87,-4.06,2,0,0
-2.35,-2.61,-5.87,-3.46,-1.72,-0.24,3.48,0.35,3.05,0.89,-1.41,2.18,-2.01,2.76,-0.49,-5.36,2,0,0
-1.56,1.37,-3.52,-0.18,-4.09,-1.99,-1.24,-0.06,-1.24,-3.53,0.25,0.58,-0.69,-5.85,-2.57,1.07,2,0,0
-3.28,1.03,-4.12,3.35,-4.14,1.33,-2.16,-2.01,-2.16,1.11,-2.06,-2.76,-1.08,-1.54,2.9,3.2,2,0,0
-1.44,-3.17,-2.96,-2.93,-2.91,2.53,1.74,-2.49,-0.99,0.44,0.49,-0.86,-1.71,0.2,-0.97,-0.09,2,0,0
-1.66,-0.28,3.49,-4.3,2.15,2.53,-2.41,-0.31,1.69,0.65,4.42,-1.85,-2.58,1.37,-3.46,-0.85,2,0,0
2.19,-0.24,2.24,-2.45,2.03,-1.08,2.4,2.4,6.25,-1.93,4.33,-2.84,1.02,-2.98,1.7,-3.68,2,0,0
3.23,0.59,-5.37,-0.42,1.49,1.94,-1.35,-0.85,1.25,-3.29,0.57,-2.07,0.95,-0.54,3.88,0.72,2,0,0
4.05,0.63,3.84,3.14,2.33,2.2,0.68,2.1,-1.67,-0.23,3.39,0.9,3.48,-1.25,3.92,-1.88,2,0,0
1.84,1.13,-1.37,-2.53,3.2,2.79,3.37,-0.86,-0.55,1.85,-0.4,1.05,1.02,0.91,-2.02,-1.78,2,0,0
-1.43,1.56,-1.8,0.46,-1.46,-2.1,-2.17,3.88,-0.45,-1.0,0.71,-0.64,3.13,-4.6,-2.02,5.62,2,0,0
1.68,-1.45,-0.77,-0.11,2.97,0.25,1.3,-3.43,0.3,-0.05,1.91,-0.02,1.24,1.93,2.05,-3.45,2,0,0
-1.61,0.2,2.99,-5.88,-3.35,2.81,-0.16,-5.91,-3.75,1.5,4.69,1.14,-1.27,-1.19,-4.97,1.5,2,0,0
5.79,1.78,0.21,-2.42,-0.28,0.66,-1.35,2.55,0.76,-4.14,2.45,-5.59,-0.39,-0.92,0.81,-1.68,2,0,0
1.78,1.2,3.13,-4.15,-0.84,-1.66,-1.84,-0.62,-4.0,-2.17,-1.46,4.47,3.78,1.32,2.17,0.79,2,0,0
-0.56,-0.3,-1.99,-1.66,3.6,3.11,0.91,-2.49,2.86,-1.18,0.71,-2.55,-1.95,2.53,-1.9,-0.38,2,0,0
-1.15,0.04,1.79,1.2,-4.86,-4.93,-1.93,-2.55,-5.91,0.82,1.9,1.69,3.66,-1.94,-0.15,1.34,2,0,0
-1.04,-2.83,1.47,-3.47,-2.55,-1.95,-0.97,1.97,3.17,1.53,7.1,-3.15,1.15,-1.77,-1.53,1.95,2,0,0
-1.37,-3.92,-2.78,-0.34,0.43,-2.73,0.58,-0.4,0.92,-1.8,2.69,-1.52,1.47,1.54,-2.88,1.39,2,0,0
4.12,0.9,-3.63,-3.19,-2.91,-1.29,0.71,1.48,-0.12,2.09,-5.63,-1.04,0.1,-3.85,1.89,0.88,2,0,0
-1.07,-1.34,-6.14,-3.02,-4.54,-4.09,-1.56,-2.75,0.93,-1.63,-2.2,-3.3,-3.97,1.6,-3.5,-1.26,2,0,0
2.99,0.1,-2.04,0.3,3.83,-0.65,-1.2,-0.26,1.82,-0.95,0.15,-1.08,1.08,0.14,1.46,0.1,2,0,0
-2.86,-0.29,-1.48,-1.42,-2.43,0.92,-1.63,2.41,2.58,-0.89,3.6,-3.04,-0.92,-1.89,1.45,0.17,2,0,0
-2.82,1.63,0.74,0.62,-1.46,0.69,0.32,2.16,5.22,1.05,1.62,-0.42,-2.11,-1.55,0.07,-0.96,2,0,0
0.21,-1.96,1.66,0.27,1.64,-0.32,2.13,-3.64,-1.68,0.6,0.23,0.3,2.03,0.52,0.39,-0.08,2,0,0
2.81,0.22,-2.76,-2.43,-0.89,0.56,2.18,-1.03,-0.96,-2.01,-0.46,1.35,1.2,-2.62,-0.95,-0.34,2,0,0
2.07,0.21,-3.18,-0.38,-2.39,0.78,2.59,3.31,2.42,-2.62,-0.69,-2.02,0.4,-3.3,1.66,0.23,2,0,0
-4.04,-0.98,-0.63,-0.51,-1.26,-1.01,0.22,0.56,4.62,-0.75,-0.71,-4.76,-3.51,0.59,-2.42,-0.95,2,0,0
1.49,2.89,-0.99,0.33,1.98,2.96,-0.31,-0.98,0.11,2.01,-2.12,2.21,-0.56,2.48,1.13,-1.77,2,0,0
0.64,2.81,-1.63,0.24,-1.17,1.69,-1.18,3.71,0.41,-1.02,-0.26,-0.65,2.22,-3.75,1.25,4.65,2,0,0
-0.98,5.03,5.59,1.08,-0.42,0.98,-3.1,-0.71,-1.8,-3.32,3.82,-2.55,2.08,-5.58,-0.1,4.08,2,0,0
0.87,0.49,-1.01,3.07,4.43,2.37,2.52,-5.83,-3.32,-1.6,-3.15,0.49,1.71,-2.21,1.56,-0.16,2,0,0
2.43,0.37,1.28,-3.27,-1.8,4.08,0.43,3.11,3.44,-0.45,5.12,-3.14,-1.17,-1.65,1.3,-1.0,2,0,0
2.34,0.34,-1.0,1.52,4.19,1.27,-0.02,0.12,1.8,-2.28,0.39,-4.19,-3.01,0.17,-2.16,-3.56,2,0,0
1.77,-2.2,3.03,-0.72,0.81,1.69,2.01,1.83,1.67,2.27,3.77,0.07,0.41,4.31,3.21,-5.22,2,0,0
0.28,-1.79,0.12,-0.96,1.58,-0.91,-0.08,-2.96,-2.76,-3.13,0.15,2.72,2.47,2.24,0.51,-1.53,2,0,0
2.22,1.55,1.74,-2.78,1.01,-1.78,-1.25,0.07,4.79,-4.05,1.27,-4.41,-0.98,-4.0,-0.37,-0.79,2,0,0
-1.14,-0.0,-2.61,-1.1,-2.43,-1.69,-0.17,-2.99,0.97,1.53,1.3,-0.25,-1.58,1.87,-0.08,-4.4,2,0,0
-1.06,1.32,3.5,-1.25,-2.99,0.42,-3.1,0.83,1.53,-1.71,3.07,-3.11,0.02,-3.55,2.71,1.6,2,0,0
1.21,-0.07,0.35,0.07,0.26,-2.76,0.61,3.31,0.93,-0.25,1.63,0.92,2.49,0.1,-1.4,-0.92,2,1,1
0.53,2.45,-0.59,4.0,6.83,-0.27,-1.59,1.66,1.11,-2.72,-4.11,2.36,3.16,-0.36,2.3,2.29,2,0,0
-0.5,-0.87,-3.37,-0.6,-3.46,-0.05,-0.61,-1.21,-1.34,-0.47,0.39,-1.13,0.41,-1.7,0.53,2.14,2,0,0
-2.18,0.14,2.63,-0.65,-1.74,1.86,0.06,-0.25,0.59,1.25,2.43,-1.19,0.69,-0.44,-0.56,3.49,2,0,0
1.62,3.44,-2.25,-0.84,-0.9,1.71,0.27,-3.82,-0.83,-0.04,-1.68,-3.7,-1.91,-1.06,-2.78,0.24,2,0,0
0.62,-0.26,0.83,-3.92,-0.72,-2.07,0.83,2.59,2.07,1.18,2.94,0.83,0.88,-0.32,-2.32,-2.56,2,0,0
-2.73,0.66,-0.42,0.53,0.32,1.1,-1.61,0.49,0.96,1.52,1.55,-1.76,-0.63,0.12,-1.2,1.02,2,0,0
3.3,-1.11,0.36,-2.77,-0.93,-1.38,0.87,0.67,-1.11,-0.92,2.03,1.87,2.32,1.25,-1.03,-1.42,2,0,0
0.48,2.06,-1.44,2.28,1.37,0.26,-1.03,1.41,-1.16,0.45,-1.81,-0.16,3.42,-2.33,1.95,3.78,2,0,0
-3.03,-1.71,-2.21,-1.73,-1.56,0.54,-0.07,1.73,0.87,-0.36,0.09,-3.17,-1.22,-1.66,-2.22,1.95,2,0,0
-0.24,0.04,4.84,-4.87,-0.63,2.37,0.33,0.27,3.32,0.02,5.7,-4.17,-1.64,0.12,-2.35,-0.01,2,0,0
0.68,-1.58,-1.6,1.02,4.24,-1.35,4.44,-3.0,3.16,-1.08,-2.16,-1.11,-0.75,1.5,-3.13,-3.38,2,0,0
-2.48,-0.24,-0.17,-3.61,-1.37,2.29,-3.02,-1.24,3.21,-2.47,4.57,-1.17,-2.85,1.53,2.94,-2.72,2,0,0
-2.96,1.47,0.72,0.74,-4.87,-2.95,-1.27,1.01,-2.15,0.43,-0.96,2.33,1.23,-3.39,-1.76,0.59,2,0,0
5.38,-2.06,-0.85,-5.23,-0.92,-0.56,-0.34,-2.93,-2.88,-3.68,3.03,-2.3,2.61,-0.18,0.55,1.78,2,0,0
-2.39,-2.71,-4.2,-2.04,-1.21,-0.72,-2.57,0.56,1.25,4.37,0.16,-0.67,-1.19,3.69,1.66,0.49,2,0,0
4.11,0.05,-2.18,-1.56,0.26,0.06,-0.25,-0.02,-5.04,2.4,-2.86,5.67,3.75,1.38,2.85,0.37,2,0,0
