@relation SyntheticData-N_1200-D_8-Nmin_60-Zmin_4-CL_3_3-R_0
@attribute X0 real [-4.81, 5.71]
@attribute X1 real [-6.27, 5.40]
@attribute X2 real [-5.78, 5.87]
@attribute X3 real [-6.46, 5.59]
@attribute X4 real [-5.16, 5.38]
@attribute X5 real [-6.33, 7.77]
@attribute X6 real [-6.26, 7.05]
@attribute X7 real [-5.48, 5.05]
@attribute cluster_idx {0,1,2,3,4,5}
@attribute is_noise {0,1}
@attribute Class {0,1}
@inputs X0,X1,X2,X3,X4,X5,X6,X7,cluster_idx,is_noise
@output Class
@data
-2.24,2.02,1.6,-2.43,5.01,0.99,-0.94,-0.96,0,0,1
0.83,-0.71,0.06,-0.41,0.17,1.93,-0.47,1.0,0,0,1
-1.56,2.82,1.3,-1.27,1.71,-0.23,0.04,-0.32,0,0,1
0.38,0.41,-0.79,0.19,-1.84,-0.99,1.94,-0.59,0,0,1
-0.34,0.51,-2.26,0.37,1.73,2.1,-0.97,0.46,0,0,1
-1.37,-0.7,-3.07,-1.7,2.21,2.78,-1.16,-0.55,0,0,1
1.59,-3.76,2.44,1.36,2.81,2.77,-1.46,-0.31,0,0,1
2.0,-3.79,-0.22,2.44,-3.0,0.59,-0.15,2.1,0,0,1
-0.87,1.26,-0.68,-2.42,1.56,0.46,1.46,-1.3,0,0,1
-0.28,1.21,3.93,2.69,1.9,-0.5,-0.59,1.5,0,0,1
2.04,-0.03,4.75,2.09,-0.45,0.17,1.97,-0.64,0,0,1
-1.42,1.49,1.17,-0.88,0.7,-2.13,2.11,-0.89,0,0,1
0.15,-6.27,-1.28,-0.32,-0.32,2.01,0.62,-1.99,0,0,1
0.14,-1.16,-1.22,-0.69,-0.47,1.72,0.9,-0.2,0,0,1
-1.91,-0.7,-4.2,-2.23,-2.01,0.22,0.05,0.34,0,0,1
0.42,-0.7,-0.4,-0.05,0.13,1.11,-0.88,1.88,0,0,1
-0.18,-1.75,-1.94,-0.79,-0.28,0.83,1.66,-1.19,0,0,1
-2.21,2.87,0.96,-1.66,0.47,-2.84,1.37,-0.21,0,0,1
-0.65,0.0,1.44,-0.32,0.32,-1.57,-0.84,0.92,0,0,1
0.63,0.79,-0.64,0.84,-0.71,1.25,-1.1,3.47,0,0,1
-0.9,-2.6,0.0,-0.12,-0.94,-0.38,1.82,1.94,1,0,1
0.82,-2.41,-1.37,2.09,-1.74,-0.8,1.55,1.46,1,0,1
1.61,-0.5,-1.95,0.32,-1.87,-2.74,2.43,1.82,1,0,1
0.71,-0.35,0.21,0.56,-1.05,-0.57,-0.8,-0.51,1,0,1
-0.17,0.05,0.75,0.65,-0.71,2.3,0.09,-1.74,1,0,1
0.01,0.83,0.36,-0.33,1.05,1.47,0.1,1.13,1,0,1
-0.6,-0.37,-1.04,-0.12,-1.03,0.29,1.81,0.56,1,0,1
-0.5,0.49,1.46,-1.1,-0.44,1.31,0.45,-2.67,1,0,1
0.28,-1.02,-0.97,0.06,-2.03,-0.99,1.86,-0.16,1,0,1
0.86,2.31,-0.53,0.41,1.51,0.74,-1.15,0.22,1,0,1
-3.53,-0.14,-2.76,-1.72,-0.32,0.18,1.4,-1.59,1,0,1
1.13,-1.28,-4.38,2.69,-2.45,-1.0,1.98,0.34,1,0,1
1.23,-1.0,0.73,0.42,-1.23,-0.31,1.72,-0.64,1,0,1
0.19,-0.16,3.02,-0.45,1.16,0.15,-2.55,1.41,1,0,1
-0.63,0.75,2.11,-0.49,0.13,2.33,-0.38,-2.11,1,0,1
0.51,-1.02,-1.33,1.75,0.07,0.77,1.81,2.22,1,0,1
0.95,0.89,2.73,-0.03,0.44,0.69,-2.72,-0.96,1,0,1
-2.64,5.4,4.23,-6.46,4.27,-0.76,-4.15,-0.65,1,0,1
-2.26,-0.54,-0.5,-1.04,0.67,0.81,1.62,1.13,1,0,1
-0.42,-0.82,1.37,-0.07,-0.16,1.05,0.98,-0.45,1,0,1
-0.69,-0.88,-0.38,0.38,-0.48,-0.22,-0.27,-0.61,2,0,1
-1.97,-0.12,-1.96,-1.26,-1.76,1.48,0.82,0.93,2,0,1
-0.6,1.69,-0.45,1.36,-1.44,-1.19,-0.13,2.04,2,0,1
-1.11,-0.81,1.42,-1.0,1.08,0.05,0.41,-1.41,2,0,1
-0.31,0.68,-1.35,-2.52,-1.14,1.79,1.13,-0.76,2,0,1
-0.48,-0.28,-0.89,-2.31,-1.92,-2.28,-2.11,-0.8,2,0,1
-1.76,0.63,1.44,-1.43,-0.07,0.38,-3.17,-3.46,2,0,1
2.02,1.68,2.16,-0.47,3.14,-0.03,4.2,0.18,2,0,1
-1.36,0.64,0.28,1.81,-1.55,0.17,-3.7,-0.39,2,0,1
1.04,2.14,2.94,0.4,2.09,1.04,-0.44,-1.45,2,0,1
-0.24,0.68,-1.05,-1.49,-1.48,0.69,0.15,-0.74,2,0,1
3.2,0.16,-1.52,0.29,-1.55,0.45,1.84,1.67,2,0,1
-0.54,-0.57,1.08,-1.11,0.07,-1.08,-1.62,-2.71,2,0,1
1.42,0.17,0.68,0.12,0.59,-0.1,0.84,-0.42,2,0,1
-0.41,0.79,0.73,1.15,-0.39,-0.26,-2.57,-0.64,2,0,1
-3.33,-0.91,1.51,-1.74,0.49,0.14,-2.25,-2.95,2,0,1
-2.77,1.05,2.02,0.19,1.06,-0.82,-1.34,-0.23,2,0,1
1.45,-1.26,-0.57,-2.15,-0.06,-2.34,-0.47,-1.88,2,0,1
1.03,1.8,0.95,0.05,-0.03,1.31,0.07,-0.69,2,0,1
-0.74,-0.04,2.71,-0.95,1.43,1.84,-2.62,-3.75,2,0,1
1.26,0.93,0.64,-1.2,-1.72,1.4,-1.34,-1.3,3,0,0
3.86,0.6,1.78,0.23,0.49,-0.93,-1.92,2.47,3,0,0
0.39,2.53,-0.8,-0.25,-0.64,-0.1,-0.1,-1.76,3,0,0
1.77,-1.76,-0.26,0.61,1.52,-0.84,0.71,0.34,3,0,0
-1.1,1.24,-0.04,-0.33,-0.47,-0.62,1.22,-2.24,3,0,0
4.95,3.84,0.81,-2.46,0.81,1.13,-2.67,-1.37,3,0,0
-2.12,1.29,-0.08,1.83,-1.24,-1.98,0.53,-0.71,3,0,0
-1.07,-2.63,-0.29,-0.36,1.53,0.02,3.26,1.73,3,0,0
-2.26,1.38,-1.58,0.09,-0.38,0.27,1.51,-1.7,3,0,0
4.77,-1.33,1.63,-0.88,1.11,1.95,-3.44,4.43,3,0,0
-3.0,-1.63,2.16,0.71,-0.54,-0.18,-0.04,0.46,3,0,0
2.21,2.35,1.5,1.96,-1.04,-2.33,-2.95,0.72,3,0,0
-1.02,0.44,-2.2,0.11,0.63,-0.66,2.69,-3.25,3,0,0
-2.81,-3.66,0.5,0.26,1.39,2.88,-1.19,2.41,3,0,0
-3.34,0.76,-3.36,2.07,1.13,-1.86,2.93,-2.58,3,0,0
1.26,-0.36,2.19,1.16,-0.01,-0.08,-3.68,0.89,3,0,0
4.88,3.11,-0.69,2.37,2.71,-3.85,-1.47,0.76,3,0,0
1.61,1.24,-0.7,-4.1,-0.09,3.82,0.4,-0.56,3,0,0
1.07,-1.34,-1.32,2.52,2.14,-2.18,0.35,-0.35,3,0,0
-0.62,-0.37,2.12,1.34,0.61,-1.59,-1.21,0.49,3,0,0
2.77,5.08,2.18,-0.89,-2.41,-0.9,-3.41,-3.06,3,0,0
-1.23,-1.42,-1.58,-0.34,1.7,1.97,0.01,-1.8,3,0,0
5.08,2.12,0.48,-2.78,-0.58,2.37,-2.22,0.17,3,0,0
0.3,-0.16,-0.2,-2.31,1.06,3.12,-0.3,0.26,3,0,0
0.9,-0.66,-1.79,-2.58,1.5,4.47,-0.86,-2.57,3,0,0
-0.43,-1.32,-0.05,-0.69,0.26,0.94,0.45,-2.84,3,0,0
2.32,-0.45,-0.36,-0.14,2.2,0.82,-1.3,0.87,3,0,0
1.22,-1.53,1.35,0.44,1.26,0.02,-1.68,0.46,3,0,0
-3.65,-3.67,-2.2,-2.11,2.95,3.43,4.14,0.92,3,0,0
2.7,2.51,-1.11,1.23,0.43,-3.07,0.85,-0.09,3,0,0
2.2,0.58,2.06,0.23,-0.27,1.54,-5.33,1.72,3,0,0
2.61,-0.85,-5.62,-1.48,3.57,2.06,2.65,-4.81,3,0,0
-1.49,-1.85,-0.97,-1.35,1.19,0.75,3.83,1.03,3,0,0
1.14,2.67,-1.74,-0.9,-0.13,1.62,-1.22,-0.99,3,0,0
1.65,-2.13,1.01,-1.57,1.3,1.38,-0.24,-0.81,3,0,0
-0.85,0.52,-0.53,1.15,-0.89,0.56,-1.69,-1.09,3,0,0
0.19,-1.31,-0.72,-0.44,1.68,1.64,-0.56,-1.89,3,0,0
-1.49,0.53,3.01,1.37,-1.07,-2.23,-0.53,1.7,3,0,0
1.24,1.01,0.96,-0.5,-0.08,0.61,-1.43,2.6,3,0,0
2.38,0.97,-2.07,-2.19,1.61,1.95,0.53,-1.29,3,0,0
-0.39,-2.95,-2.34,0.58,3.48,0.98,1.19,-0.73,3,0,0
-3.06,-0.74,-0.77,-0.45,1.33,1.65,0.45,-2.93,3,0,0
0.95,-0.06,1.41,0.48,2.49,-1.33,-0.78,1.11,3,0,0
3.9,-3.02,-1.12,-1.31,4.13,0.79,1.65,2.24,3,0,0
-0.94,0.03,-2.05,0.51,1.34,0.63,0.5,0.41,3,0,0
0.93,1.32,0.66,-1.48,-0.5,1.62,-1.51,0.27,3,0,0
0.8,1.96,-0.52,0.01,0.43,-1.81,1.58,-0.82,3,0,0
-1.9,1.7,0.61,1.94,-1.48,-1.32,-1.62,-1.51,3,0,0
-1.65,-2.5,0.35,0.75,0.57,-1.02,2.42,-0.18,3,0,0
-3.67,-3.81,0.16,0.83,1.0,2.39,-0.94,1.54,3,0,0
-4.11,-2.51,0.13,1.45,1.65,-0.66,1.81,-1.03,3,0,0
2.5,0.9,0.09,1.54,0.9,-2.47,-0.01,1.89,3,0,0
-2.74,0.94,-4.08,-2.49,0.3,1.0,7.05,-0.54,3,0,0
0.53,-0.88,-0.04,3.18,0.98,-2.5,-1.11,-0.8,3,0,0
3.95,2.4,-1.37,-1.41,0.94,-0.44,1.01,-0.96,3,0,0
1.16,-1.61,0.9,1.18,2.01,-0.9,-1.34,0.43,3,0,0
-3.8,-0.36,-2.79,0.97,-0.16,-0.48,3.47,-3.32,3,0,0
2.36,0.83,0.94,-2.53,0.16,3.08,-2.6,-0.67,3,0,0
-1.11,1.69,-2.98,1.64,1.19,-1.52,1.8,-2.05,3,0,0
-2.87,-3.09,-0.91,-1.33,1.42,1.31,4.28,0.79,3,0,0
2.77,3.3,-0.81,-2.85,-1.44,3.28,-2.3,-2.39,3,0,0
2.89,2.54,-0.4,-0.94,-0.71,-0.5,0.29,1.64,3,0,0
0.52,-0.91,-0.08,0.09,1.61,-0.27,0.73,1.17,3,0,0
0.3,-2.35,0.22,-0.58,1.49,1.16,0.24,0.32,3,0,0
1.96,1.09,-1.71,-0.57,1.54,-0.38,1.51,0.54,3,0,0
0.92,3.08,-0.1,-1.05,-1.18,-1.08,1.55,-0.17,3,0,0
0.34,-1.47,-0.46,-1.17,1.63,1.16,1.41,-0.08,3,0,0
-3.46,0.97,0.45,-0.15,-1.87,-1.77,4.13,-0.45,3,0,0
1.2,0.04,-1.67,0.01,1.72,-0.58,1.41,-1.54,3,0,0
-0.98,-0.5,0.27,1.57,1.64,-2.44,1.47,1.52,3,0,0
-0.92,-1.66,1.14,0.37,-0.15,-1.58,2.07,-1.0,3,0,0
-0.12,1.12,0.81,-1.14,-0.35,0.11,1.01,2.47,3,0,0
1.49,0.3,0.86,2.1,2.03,-2.25,-1.59,1.32,3,0,0
1.47,1.35,-0.81,-0.65,0.9,0.3,-0.13,-1.05,3,0,0
2.49,-0.62,0.41,-0.61,0.81,0.36,-0.31,0.38,3,0,0
-1.05,1.49,-0.12,0.75,0.13,-0.11,-1.04,-0.43,3,0,0
-0.12,-3.0,0.04,0.41,2.42,1.52,-1.23,0.2,3,0,0
1.46,-0.9,2.41,0.12,0.83,-0.43,-1.48,2.94,3,0,0
1.59,-1.59,-0.7,-0.26,1.89,0.36,0.47,0.14,3,0,0
-2.48,-0.11,-1.14,0.27,-0.8,0.09,1.99,0.19,3,0,0
2.32,-0.79,1.41,-3.34,0.45,2.72,-0.24,0.27,3,0,0
-1.93,0.03,-1.55,-3.25,-0.61,3.18,3.06,-0.59,3,0,0
-1.29,0.31,0.22,1.2,-0.71,-1.9,1.85,0.96,3,0,0
1.45,-2.16,1.02,0.96,1.94,-0.74,-0.43,3.29,3,0,0
1.44,-2.37,2.4,1.79,0.6,-1.92,-1.15,1.18,3,0,0
4.83,-0.76,1.52,-1.76,2.98,0.77,-0.57,4.15,3,0,0
1.46,3.1,0.14,-0.61,0.01,1.06,-2.62,1.25,3,0,0
0.91,1.61,1.27,0.06,-0.61,-0.51,-0.93,1.28,3,0,0
1.15,1.2,0.3,-1.64,0.1,1.41,-0.85,-1.32,3,0,0
1.14,-1.98,-3.91,-1.54,4.16,1.21,4.28,1.32,3,0,0
0.5,-3.46,-1.0,0.73,4.13,-1.28,2.25,-1.28,3,0,0
0.44,0.97,0.37,1.6,0.18,-0.84,-1.91,-0.39,3,0,0
-2.62,-1.22,-3.94,-0.74,2.55,2.22,2.7,-1.83,3,0,0
-2.57,1.08,-0.67,0.21,0.43,0.79,0.16,-0.17,3,0,0
0.17,2.33,-4.77,-2.52,0.68,2.99,2.54,-1.56,3,0,0
-0.56,2.59,-0.15,-0.37,-0.29,-0.6,0.59,-2.31,3,0,0
0.43,2.13,-0.52,0.5,-0.9,0.27,-2.29,-3.26,3,0,0
3.28,1.04,5.16,-0.61,-1.34,1.04,-6.26,3.35,3,0,0
0.57,0.04,3.21,0.28,-0.01,-1.31,-1.09,1.61,3,0,0
-0.41,0.91,-5.4,-0.47,0.33,0.53,3.84,-5.2,3,0,0
0.85,4.52,-1.28,-1.64,-1.75,1.48,-1.08,-1.33,3,0,0
-0.24,-0.03,1.12,1.43,0.53,-0.3,-2.68,0.67,3,0,0
0.51,-1.79,1.08,-0.7,0.97,1.01,-0.21,1.01,3,0,0
0.03,-1.61,-0.92,1.47,2.59,-1.91,2.34,1.11,3,0,0
4.29,2.39,1.07,0.29,0.5,-0.21,-3.82,0.41,3,0,0
2.04,0.4,-0.26,-1.04,0.32,1.0,-0.76,-2.47,3,0,0
0.82,2.57,-1.01,-1.97,-0.59,2.68,-1.52,-2.57,3,0,0
-1.64,1.81,-1.26,1.46,-0.71,-0.57,-0.16,0.44,3,0,0
2.29,-0.95,1.65,2.08,0.03,-0.23,-4.25,2.32,3,0,0
2.39,4.1,0.33,-0.94,-1.86,-0.37,-0.87,1.04,3,0,0
-2.59,0.34,-0.59,0.61,-0.56,-1.02,2.41,0.07,3,0,0
-1.48,2.89,-1.0,0.7,-0.54,-1.02,-0.17,-3.94,3,0,0
4.34,0.85,0.06,0.58,0.75,-0.6,-2.56,2.37,3,0,0
2.53,2.59,-1.42,1.62,1.07,-2.82,-0.16,-1.94,3,0,0
1.58,3.21,1.56,3.51,-0.95,-4.9,-2.32,0.1,3,0,0
1.66,2.01,1.22,-1.23,-0.83,1.47,-2.36,1.35,3,0,0
-1.21,-0.32,-0.83,-1.01,1.66,-0.53,4.0,-0.59,3,0,0
-1.92,-0.99,-2.69,1.4,2.26,-0.78,1.84,-2.39,3,0,0
-4.18,-1.35,1.91,-0.81,-0.51,1.34,0.64,0.94,3,0,0
-1.73,1.74,0.02,1.3,-1.41,-1.6,0.59,-0.97,3,0,0
2.4,0.1,2.24,-0.47,1.29,-0.69,-1.17,2.7,3,0,0
0.06,-1.06,0.13,1.33,0.78,-2.43,1.61,-0.58,3,0,0
-2.42,-3.73,-2.08,0.68,3.77,-0.04,3.8,1.46,3,0,0
-0.93,-2.62,0.46,-1.53,1.45,1.97,1.56,1.05,3,0,0
3.66,1.6,-1.64,-2.3,1.5,0.58,2.05,1.82,3,0,0
2.12,-1.05,-0.26,-1.72,4.19,-0.64,3.05,0.28,3,0,0
-1.36,3.2,2.15,-0.91,-3.5,0.9,-2.67,-3.93,3,0,0
-0.15,0.35,-0.02,0.13,-0.34,-0.77,1.11,0.07,3,0,0
3.43,0.98,0.43,1.37,0.59,-2.89,-0.42,0.47,3,0,0
-0.44,-2.04,0.35,-3.3,0.53,5.43,-1.55,-0.21,3,0,0
-0.31,-0.04,-0.78,-3.24,-0.34,3.77,0.88,-0.21,3,0,0
0.29,-0.02,-0.94,-1.12,1.37,0.02,2.42,-0.27,3,0,0
1.56,0.38,1.85,-2.12,1.1,2.07,-2.13,-1.59,3,0,0
-0.03,-1.02,1.11,-0.22,1.74,0.02,0.3,2.67,3,0,0
-0.81,2.46,-2.97,-0.42,-0.06,1.97,-0.47,-2.41,3,0,0
0.29,-0.29,-0.48,-2.59,0.85,3.21,-0.03,0.13,3,0,0
-1.01,-1.68,1.57,-1.09,-1.05,1.08,0.34,-1.08,3,0,0
4.11,0.42,1.7,-3.14,-0.35,1.3,0.31,2.35,3,0,0
-2.24,-0.63,-0.76,-1.33,0.11,2.03,1.56,-0.94,3,0,0
2.51,-1.49,-1.9,-1.97,3.48,2.16,0.81,-2.11,3,0,0
-3.58,-0.29,-0.05,-0.62,1.06,0.44,2.46,1.05,3,0,0
0.45,-1.39,1.21,0.49,0.77,-1.03,0.85,1.89,3,0,0
1.36,-0.71,1.12,-1.81,-0.04,4.46,-4.6,-0.43,3,0,0
1.1,0.35,0.72,0.3,-1.09,0.97,-2.79,-1.9,3,0,0
1.1,-1.21,-0.93,-0.65,1.45,1.44,-0.18,-0.7,3,0,0
2.65,1.5,-0.75,-1.73,0.1,1.19,-0.26,-1.0,3,0,0
0.3,1.86,0.06,-0.6,0.1,-0.24,0.66,1.37,3,0,0
5.71,0.84,-3.48,-2.91,3.96,0.21,3.86,-0.03,3,0,0
0.86,-0.39,2.59,1.53,0.35,-2.23,-1.44,0.95,3,0,0
-0.81,2.43,-2.01,-1.28,-0.53,1.76,0.31,-1.64,3,0,0
3.03,3.07,-1.28,-2.42,0.5,1.74,-0.4,-1.67,3,0,0
3.93,1.09,-2.2,-4.26,1.81,4.08,0.01,-3.84,3,0,0
-1.18,-0.34,0.24,-2.89,0.27,2.54,1.56,-1.48,3,0,0
-1.1,-1.97,-2.77,-1.92,1.93,2.55,2.97,-1.53,3,0,0
-2.23,-0.44,-0.25,-2.05,-0.43,2.53,1.84,1.91,3,0,0
-1.14,-1.68,-1.51,-1.37,2.18,2.09,1.86,-0.09,3,0,0
0.57,-1.5,2.05,1.16,0.34,-0.91,-1.56,1.47,3,0,0
0.31,-0.5,-2.52,1.71,2.27,-1.27,1.07,-0.08,3,0,0
0.86,1.48,-0.43,-1.1,-0.26,-0.27,1.32,-2.6,3,0,0
0.33,2.32,0.76,0.89,-1.56,-2.03,0.21,1.45,3,0,0
3.29,-1.53,2.34,2.12,2.67,-3.18,-1.43,2.4,3,0,0
-2.14,4.54,1.78,0.7,-2.37,-0.51,-3.14,-2.4,3,0,0
-0.42,-1.15,1.14,2.49,1.02,-3.75,1.66,2.15,3,0,0
-2.72,2.17,1.4,-0.11,-2.98,0.64,-1.74,-3.58,3,0,0
-0.67,2.08,-1.53,1.26,-0.93,-2.76,3.15,-0.24,3,0,0
-1.36,-1.61,-1.43,-0.93,1.64,-0.4,5.14,1.94,3,0,0
3.51,-0.56,0.53,0.12,0.55,-0.69,-0.13,3.37,3,0,0
-1.11,1.74,0.98,2.38,-2.33,-1.87,-2.23,-2.4,3,0,0
2.66,0.73,-0.08,-0.13,0.68,-1.65,1.06,-1.54,3,0,0
0.53,-2.77,0.63,1.04,2.63,-0.63,-0.43,0.34,3,0,0
-1.59,0.16,-0.73,1.87,0.05,-0.73,-0.64,-0.43,3,0,0
-1.59,0.63,0.01,-0.46,0.4,0.99,-0.32,-0.87,3,0,0
-0.13,0.81,-0.14,0.91,-0.98,-0.95,-0.26,-2.15,3,0,0
0.65,1.83,-1.21,-2.62,0.37,2.2,0.67,-2.29,3,0,0
2.07,0.43,-0.23,-2.26,0.5,2.04,-0.31,-1.22,3,0,0
2.41,-1.72,-0.36,-1.77,2.03,2.78,-1.29,-0.91,3,0,0
-2.21,1.19,-2.76,0.63,0.44,-1.24,3.15,-2.67,3,0,0
0.32,1.69,-0.42,-1.4,-0.45,-0.29,2.08,-1.53,3,0,0
-0.03,-2.52,-0.97,1.21,1.91,-0.05,0.69,1.12,3,0,0
0.53,-0.38,0.04,-2.14,-0.5,1.23,2.33,1.7,3,0,0
-1.85,1.09,-0.18,-1.8,-2.71,1.23,1.83,-2.33,3,0,0
0.04,-0.84,-1.27,1.34,0.31,-1.76,2.37,1.75,3,0,0
0.09,0.4,1.07,1.35,-0.41,-3.22,1.97,1.76,3,0,0
-2.0,-0.26,-1.31,0.72,1.33,-1.55,3.09,-3.09,3,0,0
-1.48,2.32,-2.35,-0.54,-0.78,1.5,0.22,-2.65,3,0,0
1.99,2.19,2.29,-0.38,-0.78,-0.09,-3.22,-0.85,3,0,0
1.36,2.37,1.56,1.44,-0.02,-1.91,-2.63,-0.83,3,0,0
0.65,1.02,2.58,-0.2,-1.1,-0.85,-1.09,1.43,3,0,0
0.23,0.4,-2.54,-1.92,0.78,2.87,1.1,-0.84,3,0,0
-1.16,-2.14,0.09,-0.89,-0.21,2.18,0.21,-0.65,3,0,0
-0.56,-1.77,1.06,1.14,1.99,0.11,-1.12,1.62,3,0,0
1.08,-0.18,-0.43,2.05,1.42,-2.33,0.15,1.5,3,0,0
-2.82,-0.8,0.27,-0.65,1.51,-0.18,2.57,-0.62,3,0,0
3.06,-0.26,2.15,-0.61,0.84,-2.18,1.15,0.43,3,0,0
-1.37,-2.08,-1.16,0.84,2.4,1.02,-0.17,-0.96,3,0,0
0.95,0.11,-0.54,0.74,0.74,0.58,-1.61,0.85,3,0,0
-2.38,0.68,1.45,-1.07,-2.05,0.98,0.22,-0.98,3,0,0
0.65,-1.62,3.15,-0.51,-0.32,0.57,-1.87,0.56,3,0,0
-2.05,1.03,-1.34,-3.42,-0.26,3.55,1.92,-3.49,3,0,0
-1.82,-0.82,-0.23,0.69,0.2,-0.78,1.76,-0.32,3,0,0
2.4,0.41,-0.94,-0.15,1.77,-0.46,0.13,-1.19,3,0,0
0.69,-0.92,-0.14,0.71,1.18,-1.08,0.61,-0.68,3,0,0
1.75,2.63,0.33,0.33,0.41,-0.47,-1.89,0.47,3,0,0
-1.58,-0.53,-0.79,-0.65,-0.26,1.66,0.8,0.05,3,0,0
1.39,-0.72,0.57,-1.37,2.11,1.36,-0.11,1.54,3,0,0
0.81,-1.93,-3.31,-0.34,4.18,0.3,3.59,1.39,3,0,0
0.52,1.55,-1.14,-0.06,0.68,0.45,-0.83,-1.34,3,0,0
0.75,-0.97,-0.71,-0.62,1.5,1.67,-0.73,-0.36,3,0,0
1.02,-2.01,-0.27,-0.56,2.37,1.06,-0.06,0.76,3,0,0
1.61,2.13,3.28,0.79,-2.66,-2.1,-2.36,1.04,3,0,0
0.29,0.22,1.45,0.37,-0.21,-0.06,-2.12,-0.99,3,0,0
-3.04,1.77,-3.29,-2.19,-0.84,2.37,3.01,-5.48,3,0,0
1.88,1.56,-3.1,-3.18,1.08,3.53,0.59,-1.95,3,0,0
1.4,-1.74,3.86,-2.36,0.45,2.37,-2.18,3.13,3,0,0
-2.28,2.16,1.1,0.03,-1.18,-0.22,-0.7,-1.73,3,0,0
-3.06,0.55,-1.15,1.29,0.03,-1.59,2.72,-0.21,3,0,0
1.86,-1.8,0.29,-3.27,3.65,2.97,0.76,0.87,3,0,0
-3.51,-3.23,-0.07,1.17,1.13,-1.65,4.33,0.44,3,0,0
-0.32,1.7,1.22,0.22,-1.18,-0.96,-0.85,-1.73,3,0,0
1.15,-0.21,-0.37,-1.19,0.81,1.77,-0.72,0.35,3,0,0
0.49,-0.18,0.09,-2.04,0.75,1.82,0.37,-1.57,3,0,0
-0.64,2.04,-0.65,1.38,-1.43,-3.36,2.63,-0.66,3,0,0
-0.19,2.07,1.41,-0.71,-0.38,-0.3,-0.39,0.09,3,0,0
3.45,-1.88,1.0,1.52,3.44,-2.42,-0.38,2.2,3,0,0
-3.87,0.82,-3.12,0.25,-0.18,0.94,2.0,-3.25,3,0,0
-3.66,2.2,-0.25,-0.23,-0.19,0.14,0.88,-1.21,3,0,0
1.06,0.93,1.29,2.1,0.32,-3.24,-0.57,0.38,3,0,0
-1.02,-0.1,-0.73,1.04,-0.6,-0.52,0.16,-1.6,3,0,0
0.56,0.95,0.03,-0.14,0.57,0.11,-0.11,1.08,3,0,0
-3.09,-2.36,0.01,1.01,0.78,0.15,1.02,1.56,3,0,0
0.5,-1.88,-0.55,-0.76,1.28,1.0,1.44,1.28,3,0,0
0.88,-1.48,-2.2,1.51,0.52,0.7,-1.37,-0.76,3,0,0
1.88,-0.44,1.27,0.73,0.59,-0.82,-1.8,-0.19,3,0,0
-2.74,0.17,-0.01,1.56,0.7,-1.76,1.56,-0.86,3,0,0
-1.04,-0.06,-2.0,2.31,-0.54,-2.17,1.77,-1.61,3,0,0
1.72,-0.1,1.72,0.38,0.22,0.56,-3.51,-1.84,3,0,0
1.3,-0.28,-1.24,1.07,1.97,-0.65,-0.19,-0.18,3,0,0
-3.21,0.49,2.09,2.21,-1.01,-1.61,-1.26,0.94,3,0,0
1.49,2.01,-0.87,-1.1,-0.61,0.94,0.18,1.61,3,0,0
-0.43,-1.95,2.49,0.02,-0.43,0.47,-0.91,3.65,3,0,0
3.78,2.84,0.6,-1.26,0.25,0.61,-2.1,1.61,3,0,0
-0.71,-0.87,1.52,3.07,1.19,-3.3,-0.27,1.53,3,0,0
-3.61,-1.41,-1.42,0.95,1.64,0.05,1.76,-1.92,3,0,0
-1.57,-1.03,-1.85,1.05,2.23,-1.43,3.25,-0.06,3,0,0
4.14,-0.27,0.6,-1.17,1.17,0.47,-0.92,-0.48,3,0,0
-1.22,-5.25,-0.56,3.23,2.98,-1.41,0.81,1.06,3,0,0
-3.08,0.99,1.69,1.52,-1.59,-1.8,0.18,1.02,3,0,0
0.82,3.42,0.42,-1.51,-2.36,0.43,0.08,-0.06,3,0,0
0.97,1.85,-3.62,-1.53,1.22,0.58,3.19,-1.15,3,0,0
3.08,-0.04,-2.72,0.17,0.56,1.58,-1.1,1.16,3,0,0
0.35,1.58,-0.71,-1.07,0.71,1.48,-0.76,-1.5,3,0,0
4.01,2.47,1.42,-0.0,-0.46,-1.37,-1.78,0.76,3,0,0
3.08,-0.64,1.98,-0.54,0.64,-0.02,-1.66,1.01,3,0,0
2.34,0.96,-3.76,-0.83,1.54,1.59,0.14,-2.44,3,0,0
3.69,-0.51,-0.87,-0.68,1.29,0.87,-0.56,0.0,3,0,0
-1.49,0.16,-1.95,-0.88,0.78,1.4,1.23,-2.38,3,0,0
1.78,-1.62,-2.34,-0.77,2.77,1.27,1.66,1.0,3,0,0
-0.03,2.01,0.04,0.56,-1.37,-1.12,0.46,1.66,3,0,0
2.14,2.98,1.08,-2.15,-2.77,0.91,-0.94,-0.18,3,0,0
-3.61,0.24,0.33,-1.67,0.11,0.2,3.82,0.48,3,0,0
3.92,2.79,-0.8,-0.76,1.22,-0.45,-0.52,-0.72,3,0,0
-1.5,-0.39,2.23,0.86,-0.82,-1.39,-0.31,-1.78,3,0,0
-1.1,-0.23,2.22,2.73,-0.27,-4.54,1.54,3.5,3,0,0
0.1,0.71,-1.59,-2.49,0.67,1.02,3.55,-1.08,3,0,0
-1.9,-0.84,0.92,0.26,-0.23,1.22,-1.28,1.47,3,0,0
2.64,-0.94,1.09,1.42,1.92,-1.54,-1.91,-0.49,3,0,0
2.57,3.8,1.27,-0.18,0.12,-0.4,-3.29,0.27,3,0,0
-0.16,-0.37,1.0,1.38,-0.12,-1.95,-0.08,-0.87,3,0,0
2.22,1.9,-0.63,-0.98,0.57,-0.11,0.47,0.18,3,0,0
-2.09,3.95,2.13,-0.27,-4.15,-0.48,-1.23,-0.74,3,0,0
-2.47,-1.48,-0.46,-0.69,-0.18,1.57,1.51,-0.44,3,0,0
-1.86,1.42,2.49,-0.04,-1.93,-1.92,1.2,0.19,3,0,0
0.93,3.21,1.35,-0.49,-1.95,-0.63,-1.13,0.02,3,0,0
-0.85,2.77,-0.01,-1.26,-1.49,1.44,-1.06,-1.61,3,0,0
2.15,0.48,-0.61,-1.31,-0.02,0.56,0.73,-0.67,3,0,0
1.41,-0.1,-0.09,0.82,2.39,0.13,-2.53,-1.56,3,0,0
0.92,-0.4,1.22,0.36,0.29,0.38,-1.75,2.89,3,0,0
2.38,-1.07,1.34,-1.5,1.86,1.56,-1.46,0.97,3,0,0
3.1,-1.72,-0.63,-1.78,1.86,2.84,-1.71,-2.19,3,0,0
0.46,0.02,2.7,2.15,0.66,0.59,-6.12,3.57,3,0,0
1.98,0.06,0.09,0.55,1.47,0.03,-1.7,0.8,3,0,0
-3.32,0.1,-1.09,1.39,0.94,0.36,-0.62,-1.97,3,0,0
3.69,-1.67,5.01,-0.17,0.73,-1.14,-2.84,1.36,3,0,0
-3.54,-4.35,2.38,0.82,0.15,0.89,0.04,1.26,3,0,0
2.81,2.66,-0.02,-1.43,-0.04,1.71,-2.62,0.27,3,0,0
-2.54,-0.53,-5.4,-0.36,3.02,0.23,6.46,1.05,3,0,0
-0.67,0.01,1.82,-0.44,-0.38,-1.16,1.56,1.16,3,0,0
3.13,0.33,-0.19,1.03,0.81,-2.33,0.3,-1.0,3,0,0
1.36,1.57,-1.53,-0.69,0.95,-0.84,2.46,-1.13,3,0,0
-0.69,-0.62,-1.66,0.36,0.36,1.05,-0.14,-0.15,3,0,0
1.22,1.33,-1.95,-0.03,1.19,-1.07,1.92,-1.38,3,0,0
0.36,-0.82,-0.99,-0.63,1.78,0.1,1.94,-0.64,3,0,0
-2.76,1.17,-2.37,0.85,-1.18,-0.11,1.6,-1.6,3,0,0
1.27,-0.82,2.22,1.58,1.09,-1.32,-2.26,0.58,3,0,0
-1.34,2.39,-2.58,1.09,-0.45,-1.57,1.4,-5.41,3,0,0
1.59,0.45,-2.55,-1.33,1.75,2.76,-1.02,-2.8,3,0,0
0.61,-0.73,-0.22,1.73,1.25,-0.7,-1.09,0.16,3,0,0
0.77,1.53,0.4,0.07,0.38,-0.02,-1.56,-2.36,3,0,0
2.07,3.18,1.75,0.16,-0.9,-1.96,-0.87,1.92,3,0,0
3.69,0.57,-1.79,-0.79,2.19,0.93,-0.73,-1.53,3,0,0
-2.38,-0.63,0.57,-1.23,-0.36,1.12,1.59,-0.55,3,0,0
0.62,1.41,-1.29,-1.28,0.86,0.31,1.46,-2.62,3,0,0
2.23,0.78,0.59,-0.28,0.42,-0.2,-1.09,-0.58,3,0,0
-0.26,2.08,-0.63,-3.63,-1.96,1.67,3.02,-2.68,3,0,0
-2.84,1.21,-2.39,-1.49,0.43,3.24,0.13,-2.99,3,0,0
1.15,-0.9,-2.55,-1.0,3.11,-0.28,3.38,-1.36,3,0,0
2.12,3.82,-1.19,1.1,-1.02,-2.88,0.34,-1.05,3,0,0
1.26,-2.35,1.63,-3.09,0.85,3.39,-0.21,1.77,3,0,0
2.22,0.7,1.02,-0.14,0.86,-1.48,-0.11,-0.78,3,0,0
2.73,-0.22,-1.51,0.11,1.79,-0.58,1.56,4.02,3,0,0
-0.44,1.85,-0.0,-1.74,-0.3,-0.13,2.72,0.52,3,0,0
-3.46,-0.85,-0.2,1.04,-0.88,0.01,1.39,1.72,3,0,0
0.24,-0.21,-1.62,-1.36,1.63,1.22,1.59,-0.58,3,0,0
-0.95,1.18,2.07,0.46,-1.32,-1.76,0.49,1.07,3,0,0
1.23,-0.94,2.42,1.18,0.88,-1.13,-1.93,3.18,3,0,0
-1.7,-0.55,-2.64,0.65,2.51,-1.26,4.63,3.19,3,0,0
-1.53,-0.75,-1.78,1.01,2.3,-0.68,1.41,-2.86,3,0,0
-0.25,0.65,0.95,-0.77,-0.54,1.04,-1.19,-0.83,3,0,0
2.38,-0.24,-0.45,-1.44,0.22,0.65,0.99,-0.31,3,0,0
1.51,-0.34,0.51,-0.17,1.88,-0.27,0.12,0.99,3,0,0
2.34,2.12,1.5,1.28,-1.29,-2.54,-1.61,-0.53,3,0,0
-0.24,-3.97,-5.65,-1.13,5.38,2.7,4.16,-3.0,3,0,0
0.26,0.8,0.85,1.7,0.13,-3.03,0.38,-1.54,3,0,0
-3.28,-1.61,-0.65,-1.81,-0.42,0.23,5.65,-0.46,3,0,0
-0.08,-1.4,0.79,-1.31,0.72,1.78,-0.55,-1.42,3,0,0
-0.42,0.46,2.07,-0.21,0.24,-0.72,-0.19,2.18,3,0,0
-1.03,-0.84,-0.03,-0.72,1.74,0.78,0.97,1.43,3,0,0
0.52,-0.92,1.34,1.13,0.51,-0.93,-0.75,2.54,3,0,0
-0.56,5.36,-0.0,-1.41,-3.17,-0.35,0.65,-1.75,3,0,0
-1.59,0.61,-1.04,0.59,0.67,-0.84,1.44,-0.63,3,0,0
-0.62,-0.5,1.2,0.75,0.49,-1.04,-0.4,-1.85,3,0,0
0.33,-1.77,0.64,-0.07,0.39,0.35,0.01,-0.24,3,0,0
-0.6,-0.94,-0.57,-0.36,2.11,0.27,1.69,0.94,3,0,0
1.4,-0.12,2.39,0.85,-0.37,-1.97,-1.01,0.26,3,0,0
4.21,0.38,-0.11,-0.27,0.9,-0.05,-1.79,-0.86,3,0,0
3.93,-2.89,-0.39,-1.66,2.08,2.06,-0.24,0.9,3,0,0
-1.12,-1.99,-3.44,1.12,3.44,0.45,1.67,-0.76,3,0,0
1.82,-0.1,-2.59,-0.09,3.35,-0.42,2.63,2.73,3,0,0
4.18,0.7,-0.61,-1.81,-0.24,2.01,-1.12,1.49,3,0,0
2.02,-0.94,-1.45,-2.23,2.19,3.06,0.06,0.32,3,0,0
-3.4,-0.33,-0.07,1.51,-1.61,-0.78,0.64,-1.87,3,0,0
0.53,0.56,0.87,0.25,-0.87,0.21,-1.83,-0.7,3,0,0
0.02,-1.36,0.41,-0.33,0.45,2.01,-1.63,0.29,3,0,0
1.14,-0.07,-0.97,0.45,1.32,0.17,-0.62,-0.18,3,0,0
-1.18,-1.49,-2.51,-0.41,1.82,0.93,2.81,-1.0,3,0,0
-0.68,-1.29,-2.35,-1.97,1.59,1.39,3.9,-0.25,3,0,0
-1.7,1.83,0.74,0.2,-0.05,-0.48,-0.79,-2.65,3,0,0
-0.86,0.61,-0.58,-2.08,-1.92,1.18,2.58,-0.83,3,0,0
2.01,-1.83,-3.46,-3.37,3.03,3.6,2.49,-2.88,3,0,0
0.64,0.98,0.46,0.95,-0.09,-0.28,-1.73,0.77,3,0,0
-0.24,-0.23,-0.35,1.36,1.31,-2.61,2.26,-0.03,3,0,0
-0.53,1.69,1.08,1.9,-0.33,-3.07,-0.06,-0.02,3,0,0
0.56,-0.79,1.42,-0.85,-0.21,0.65,-0.32,0.57,3,0,0
-1.72,1.13,-4.34,-0.86,1.23,-0.24,5.02,-3.29,3,0,0
-2.2,1.12,1.73,1.65,-1.57,-2.82,0.65,0.21,3,0,0
-1.54,-3.35,5.87,-0.92,-1.8,2.04,-3.74,-0.82,3,0,0
1.73,-1.13,0.4,0.24,1.45,-1.38,1.39,0.77,3,0,0
-2.27,-2.05,-0.14,0.34,0.82,0.46,1.43,0.54,3,0,0
0.51,-0.93,0.02,-1.03,1.23,0.74,0.73,-0.88,3,0,0
-2.56,0.84,0.6,0.41,0.09,-1.09,1.36,-0.29,3,0,0
-1.17,-4.58,1.02,-0.23,2.32,-0.66,3.43,3.03,3,0,0
-2.3,1.17,1.13,1.31,0.1,-2.2,0.83,1.26,3,0,0
0.17,1.85,-0.48,2.39,-0.68,-3.43,0.69,-1.66,3,0,0
-1.41,-0.59,-0.56,-0.44,-0.34,-0.66,3.38,-0.48,3,0,0
0.18,-2.71,-1.31,0.2,2.97,0.89,1.29,1.55,3,0,0
3.85,-0.68,0.23,0.84,2.6,-1.36,-0.51,4.15,3,0,0
0.49,1.16,-1.79,-2.43,-1.55,2.49,1.18,-2.47,3,0,0
1.12,3.42,-3.27,-1.03,1.41,0.7,0.73,-2.28,3,0,0
0.19,-0.98,-3.46,1.37,2.45,-1.37,2.65,-2.82,3,0,0
-1.48,0.98,0.53,2.65,-0.22,-3.18,0.53,0.31,3,0,0
2.55,0.52,1.7,1.37,1.47,-1.13,-3.03,2.09,3,0,0
-2.21,-2.36,1.09,1.2,0.39,0.26,-0.79,-1.28,3,0,0
-0.93,-2.85,0.94,0.07,2.55,0.4,0.57,1.48,3,0,0
-0.89,1.34,0.12,1.11,-0.69,-1.72,0.53,-1.15,3,0,0
2.66,1.85,-2.13,-0.26,1.09,1.01,-1.19,0.47,3,0,0
2.45,0.27,1.06,1.55,1.93,-1.76,-2.16,0.68,3,0,0
-2.75,-4.81,3.77,0.83,0.54,0.06,-0.21,3.72,3,0,0
-0.86,1.16,0.41,0.17,-0.66,0.38,-1.27,0.49,3,0,0
0.11,1.17,1.72,0.23,-0.24,0.68,-3.81,-2.24,3,0,0
2.51,1.48,0.14,-0.83,1.83,0.53,-1.54,-0.26,3,0,0
-2.05,-0.39,-0.47,-2.63,4.4,0.96,0.47,-0.97,4,0,0
2.37,0.46,-1.64,-0.61,-1.4,0.34,-0.6,-0.34,4,0,0
-1.06,0.08,2.09,3.81,-0.36,0.47,-0.54,0.23,4,0,0
0.49,1.87,-0.77,-1.76,-0.74,0.11,0.02,-0.92,4,0,0
-3.02,1.05,1.78,0.34,1.27,-0.4,0.8,-1.19,4,0,0
1.64,0.41,-0.52,0.15,0.27,0.79,-0.77,1.26,4,0,0
-1.78,0.56,0.48,2.94,0.06,-0.37,1.11,2.08,4,0,0
1.12,1.14,-1.06,-1.13,-0.04,1.56,-0.1,-0.24,4,0,0
-1.04,1.2,0.92,-1.03,1.15,-0.4,0.04,-0.77,4,0,0
-0.59,1.35,-0.01,2.6,-1.37,0.76,0.87,1.53,4,0,0
1.97,1.89,-0.29,-1.14,-0.7,3.2,-1.27,-0.8,4,0,0
-1.66,0.27,0.38,0.0,0.74,0.63,0.4,-2.39,4,0,0
3.16,0.92,1.32,-2.22,-0.0,2.54,-3.28,-4.15,4,0,0
-1.59,-0.25,-1.98,0.12,1.05,-1.08,1.92,1.39,4,0,0
-0.97,0.78,-0.06,0.17,1.64,0.94,0.79,0.94,4,0,0
-2.07,0.18,0.76,-1.23,3.15,-0.66,0.29,-0.09,4,0,0
3.18,0.35,0.6,-0.44,-1.46,1.02,-2.26,-2.84,4,0,0
2.61,3.1,1.87,0.36,-1.67,1.78,-1.83,0.43,4,0,0
0.15,0.46,0.27,0.77,1.46,1.08,-0.05,1.7,4,0,0
-3.58,-0.44,0.68,-0.65,3.81,-1.51,0.87,-0.48,4,0,0
1.14,0.26,1.51,1.68,-0.14,2.53,-1.78,-1.45,4,0,0
-0.79,-0.22,-1.71,0.97,-0.59,-0.97,0.78,-0.5,4,0,0
-1.85,0.28,0.33,1.82,0.32,-1.15,1.12,0.58,4,0,0
-0.22,-0.47,1.3,2.37,1.11,0.86,-0.43,0.58,4,0,0
1.19,-0.69,-0.2,-0.37,-0.56,-0.55,-0.76,-2.18,4,0,0
-1.7,0.89,0.36,0.08,1.69,1.13,0.75,0.45,4,0,0
2.09,-1.37,-1.17,1.19,-0.47,0.45,-1.36,-0.75,4,0,0
0.94,1.13,-1.98,0.17,-3.36,-2.16,0.76,-0.2,4,0,0
-1.42,0.67,-0.46,-1.76,2.31,0.3,0.96,-0.02,4,0,0
1.8,1.97,2.46,-0.49,0.85,2.97,-2.19,-0.19,4,0,0
0.24,0.25,-1.93,-0.99,-0.84,-1.51,-0.09,-1.47,4,0,0
-0.17,-0.76,-2.69,-1.55,-0.4,-1.53,0.51,-2.68,4,0,0
2.16,-0.35,-0.09,1.34,-0.9,1.48,-1.7,-1.23,4,0,0
2.02,-0.84,-2.41,-1.09,0.13,1.22,-0.79,-1.17,4,0,0
1.16,1.91,-0.45,-3.31,0.81,2.32,-0.54,-1.73,4,0,0
-1.06,0.94,2.28,1.49,1.54,0.49,-0.08,1.49,4,0,0
0.13,-0.52,0.8,1.28,0.72,1.05,-0.97,-1.0,4,0,0
1.98,2.19,1.77,2.03,-1.18,2.89,-0.83,1.73,4,0,0
-1.04,0.17,0.19,1.97,0.6,0.09,0.8,1.77,4,0,0
-0.68,-0.21,2.07,-1.02,3.2,1.02,-1.45,-2.16,4,0,0
-2.93,-1.26,-3.49,-1.0,3.65,-1.06,2.6,2.28,4,0,0
2.02,0.33,0.42,-1.65,1.79,0.28,-1.2,0.07,4,0,0
-0.66,-2.09,-1.24,-0.14,1.54,-0.67,0.11,-2.2,4,0,0
1.08,1.26,0.26,1.31,-1.06,1.48,-0.66,0.63,4,0,0
-2.24,0.04,0.58,2.47,1.18,0.32,0.74,1.39,4,0,0
0.6,0.42,0.37,0.61,0.83,2.83,-0.82,-0.33,4,0,0
1.6,1.96,-0.44,-0.75,-1.41,4.0,-1.24,-2.55,4,0,0
-0.93,3.75,-0.88,-2.81,-0.06,2.65,0.85,-1.27,4,0,0
0.43,-1.92,-2.0,0.86,0.07,-0.11,-0.02,-1.6,4,0,0
-2.58,1.28,-0.91,0.68,0.77,0.08,2.42,2.29,4,0,0
-0.18,0.47,0.58,-1.14,2.09,2.42,-0.42,-1.05,4,0,0
-2.4,0.74,-1.27,-0.62,2.03,0.18,2.05,1.67,4,0,0
2.01,-1.33,-2.1,-0.33,-0.08,0.42,-1.58,-1.98,4,0,0
-1.13,-0.08,2.86,1.73,0.87,-0.71,-0.68,-1.71,4,0,0
1.89,0.16,1.51,-0.22,0.09,2.71,-2.34,-3.77,4,0,0
0.03,0.26,0.71,2.48,-1.0,-1.38,-0.03,0.71,4,0,0
-2.56,0.44,-0.92,0.81,0.7,0.11,1.62,0.44,4,0,0
1.28,0.03,0.82,0.16,-0.63,-1.36,-1.31,-1.62,4,0,0
-0.7,0.4,2.16,3.04,-0.02,0.83,-0.82,-0.42,4,0,0
0.96,0.23,-1.81,-0.95,0.46,0.88,-0.18,0.35,4,0,0
-2.56,0.45,-1.95,2.02,0.22,-0.54,2.84,3.07,4,0,0
-4.02,-1.35,-0.63,2.93,1.86,-2.71,2.64,2.74,4,0,0
-1.26,0.22,1.61,2.28,0.84,-0.66,0.12,0.71,4,0,0
-1.87,-1.87,-2.08,-0.39,1.56,-1.12,0.53,-2.33,4,0,0
-3.28,-1.03,-2.04,-0.08,1.17,-3.97,2.34,0.02,4,0,0
-3.28,0.86,0.55,0.74,2.19,-2.3,2.7,3.19,4,0,0
-3.96,-0.26,-0.98,0.04,1.73,-1.83,2.4,-0.04,4,0,0
-3.33,1.76,2.95,-0.28,1.92,0.25,0.49,-1.72,4,0,0
1.64,0.83,1.06,1.91,-1.81,0.8,-1.12,-0.73,4,0,0
0.32,0.15,2.39,0.09,2.09,4.0,-1.92,-2.68,4,0,0
1.34,0.35,-0.86,0.43,-1.68,-0.55,-0.46,-1.05,4,0,0
-1.56,-0.96,0.5,1.07,0.98,-1.77,0.37,-1.6,4,0,0
-0.01,-1.35,1.89,3.43,2.3,1.71,-1.25,1.57,4,0,0
2.24,0.82,1.42,1.68,-1.54,3.4,-2.21,-1.94,4,0,0
1.09,1.34,-0.72,-3.24,0.55,-0.84,-0.07,-0.43,4,0,0
1.17,-1.61,-1.35,-0.59,0.42,-2.31,-0.93,-1.32,4,0,0
0.08,0.17,0.08,0.74,0.08,1.14,-0.54,-0.94,4,0,0
-1.16,-1.02,-3.09,-1.02,0.49,-2.74,1.65,-0.25,4,0,0
-0.34,-0.16,1.56,2.24,-0.34,-1.03,-0.57,-0.9,4,0,0
0.74,-0.44,-0.26,0.83,-0.16,1.33,-0.78,-1.78,4,0,0
-2.92,-0.51,-0.09,4.16,-0.26,-1.95,2.12,2.05,4,0,0
-0.71,1.15,3.01,3.73,-1.39,-0.69,-0.5,0.05,4,0,0
-2.0,0.33,-1.36,-0.34,0.53,0.25,1.33,-1.29,4,0,0
1.27,0.21,-0.55,0.08,0.65,1.59,-0.52,0.22,4,0,0
0.57,0.58,2.07,1.41,0.92,2.11,-1.76,-0.63,4,0,0
-0.34,0.6,-1.4,-2.93,1.89,0.73,0.65,-1.11,4,0,0
-2.54,0.48,-0.68,-1.75,2.33,-0.26,0.9,-1.3,4,0,0
-0.73,0.78,-1.33,-1.47,1.93,1.52,0.89,0.72,4,0,0
-0.26,-2.12,-1.14,0.93,1.15,-1.85,0.42,-0.23,4,0,0
1.41,-0.45,-1.27,0.59,0.39,0.96,-0.75,0.71,4,0,0
0.06,-0.87,-0.32,0.69,-0.23,-1.75,-0.08,-1.22,4,0,0
-1.41,1.65,0.69,-0.1,1.21,1.01,0.76,0.62,4,0,0
-0.82,0.02,-0.84,1.05,0.77,0.73,0.44,0.16,4,0,0
-0.59,0.66,-0.99,0.17,1.09,0.88,0.85,1.89,4,0,0
-3.2,0.21,-0.35,-0.27,0.98,-1.33,1.78,-1.35,4,0,0
-1.49,2.18,0.5,-0.82,0.41,2.8,1.11,-1.07,4,0,0
-0.81,-2.28,-2.08,1.92,0.93,0.15,0.0,-0.45,4,0,0
-0.24,0.98,0.16,1.05,1.11,3.77,-0.42,0.5,4,0,0
-0.88,0.75,0.64,2.79,-0.22,2.04,0.29,0.54,4,0,0
-0.11,1.0,3.23,3.12,-0.86,0.24,-0.96,-0.69,4,0,0
-2.7,-0.65,-1.04,-0.57,2.43,-1.03,1.86,-0.29,4,0,0
-3.66,2.56,3.56,0.76,2.76,2.42,0.81,0.52,4,0,0
-1.59,1.19,1.57,0.6,1.15,0.87,0.38,0.1,4,0,0
0.54,-0.94,-1.59,-0.39,0.76,-0.57,0.16,-0.21,4,0,0
-0.02,0.64,2.44,2.18,-0.29,1.5,-1.04,-0.95,4,0,0
-1.93,-0.8,0.64,2.52,1.02,1.12,0.36,-0.68,4,0,0
0.29,1.02,0.33,-1.02,0.49,0.51,-0.16,-1.31,4,0,0
0.92,0.68,-0.25,-2.24,0.96,0.46,-0.81,-1.37,4,0,0
-0.44,-0.3,-1.56,-1.27,1.7,-0.07,0.63,-0.23,4,0,0
-1.86,0.59,1.57,-0.99,3.02,1.55,-0.13,-1.44,4,0,0
0.78,0.05,-0.27,0.76,-1.2,0.47,-0.66,-1.95,4,0,0
-2.24,0.18,1.11,1.85,2.26,1.02,0.42,1.1,4,0,0
-0.1,0.71,-1.91,0.29,0.24,1.02,0.75,1.82,4,0,0
-1.19,2.18,0.29,1.54,-0.01,1.55,1.18,2.42,4,0,0
1.11,0.33,1.69,0.09,0.79,1.4,-1.88,-2.18,4,0,0
1.67,0.23,-0.37,-0.39,-0.62,0.83,-1.22,-1.74,4,0,0
-0.32,-0.05,1.51,3.19,-0.58,1.01,-0.84,-0.5,4,0,0
-0.96,-0.16,0.29,2.54,-1.04,-1.03,-0.11,-1.07,4,0,0
-2.64,-1.84,-1.01,2.03,2.59,0.07,1.52,1.02,4,0,0
-1.14,-0.41,-1.9,-0.54,1.92,-0.28,1.23,0.64,4,0,0
-1.04,-0.42,-1.69,-1.96,2.24,-0.89,1.04,-0.19,4,0,0
0.16,-0.72,-3.72,-1.63,0.17,-0.28,1.1,-1.12,4,0,0
-0.54,-0.66,-2.5,-0.5,0.48,-1.21,0.76,0.06,4,0,0
-1.39,0.18,-0.4,-0.69,0.74,-1.64,0.57,-1.29,4,0,0
-1.34,1.16,0.48,0.69,0.33,-0.33,0.59,0.89,4,0,0
-3.41,-0.57,1.14,4.13,0.9,-1.37,1.46,1.4,4,0,0
-4.6,-0.98,0.31,1.59,2.34,-2.58,1.92,0.03,4,0,0
-0.86,0.88,0.28,-0.87,1.81,1.11,0.09,-0.5,4,0,0
-0.33,0.26,0.05,1.33,0.6,1.82,0.11,0.22,4,0,0
0.31,-1.48,-2.9,-2.17,1.71,-1.55,0.12,-1.08,4,0,0
-1.22,-1.66,-1.33,1.66,1.37,0.26,0.7,0.28,4,0,0
-0.13,0.96,-0.24,0.1,-0.39,-0.36,0.3,0.13,4,0,0
-1.04,0.02,-0.99,1.48,1.33,-0.64,1.24,3.45,4,0,0
-0.35,-0.69,-3.2,-1.8,1.06,-1.13,1.17,0.0,4,0,0
-0.45,-0.95,-1.48,-1.02,1.4,-2.41,0.4,-0.14,4,0,0
-0.15,1.17,1.21,1.92,0.47,2.2,-0.12,1.02,4,0,0
1.21,-1.15,0.46,1.28,-0.07,-0.46,-1.28,-1.4,4,0,0
-2.86,1.88,1.87,0.41,1.99,-1.05,2.21,2.4,4,0,0
-0.92,-1.62,-0.25,0.35,1.84,-1.67,-0.1,-1.04,4,0,0
-0.65,0.89,0.16,-2.27,3.11,1.59,0.48,0.38,4,0,0
0.65,0.35,-0.7,2.3,-1.92,-1.51,0.35,1.95,4,0,0
-1.65,0.97,1.04,0.57,0.34,-0.14,0.51,-0.49,4,0,0
-2.99,0.76,-0.76,-0.71,3.16,-0.94,2.46,2.85,4,0,0
0.11,-1.75,-2.66,-1.49,1.76,-1.16,0.7,-0.47,4,0,0
0.58,-0.77,-2.46,-0.83,0.21,-1.76,0.09,0.14,4,0,0
0.73,0.07,-2.9,-1.71,-1.02,-0.62,0.44,-1.42,4,0,0
-1.6,0.78,2.97,1.74,0.71,0.75,-0.09,-1.12,4,0,0
-3.7,0.8,-0.34,-2.06,3.46,-1.14,2.68,0.9,4,0,0
-1.88,0.43,1.47,4.14,0.24,-0.44,0.91,2.88,4,0,0
-2.61,-0.6,-1.76,-0.25,2.87,0.85,1.36,0.32,4,0,0
-2.95,0.13,1.38,2.11,1.15,-1.59,1.53,0.99,4,0,0
-1.39,0.77,-1.49,0.01,0.65,1.89,1.04,0.18,4,0,0
-0.29,-0.4,2.31,2.5,0.06,-0.81,-1.23,-1.64,4,0,0
-0.51,1.33,2.12,1.9,-0.66,1.6,-0.43,-0.79,4,0,0
-1.23,1.42,-0.77,0.69,0.36,-0.46,1.06,2.24,4,0,0
-0.9,1.28,2.71,1.6,1.17,0.83,-0.52,0.53,4,0,0
1.6,1.17,1.12,1.34,-1.23,3.23,-1.75,-1.66,4,0,0
1.69,-1.72,-1.98,0.59,-0.02,-1.33,-0.46,0.28,4,0,0
2.03,-0.11,-2.87,-0.86,-1.86,0.33,-0.88,-2.47,4,0,0
-2.02,-0.06,-2.9,-1.61,1.52,-0.11,2.09,0.1,4,0,0
-1.84,-0.05,-1.52,-3.39,3.16,0.35,0.86,-1.56,4,0,0
-0.36,-1.46,-1.69,-0.29,1.34,-1.59,0.4,-0.38,4,0,0
-1.04,-0.26,-2.48,0.0,0.13,-0.44,1.4,0.19,4,0,0
-1.72,-0.35,-1.27,0.24,-0.07,-3.13,1.44,-0.69,4,0,0
-2.21,1.96,2.36,0.79,0.94,1.52,0.43,-0.17,4,0,0
2.06,0.12,-0.12,0.24,-1.24,-0.25,-1.39,-1.26,4,0,0
-1.36,1.54,3.93,5.52,-0.61,2.41,-0.83,1.34,4,0,0
0.59,0.43,-2.34,-2.15,0.65,0.4,0.7,-0.11,4,0,0
1.3,-0.13,-1.73,-0.94,0.21,1.52,-0.36,-1.22,4,0,0
-1.71,0.79,2.18,1.85,-0.01,0.03,0.09,-1.62,4,0,0
-1.62,-0.9,-3.05,-0.53,1.53,-0.53,1.76,0.71,4,0,0
-0.65,-0.78,-2.25,1.48,-0.46,-0.63,1.09,0.27,4,0,0
2.27,0.94,-1.17,-2.89,-0.29,1.42,-1.17,-2.83,4,0,0
-0.77,0.1,1.6,0.16,1.08,0.26,-0.86,-2.1,4,0,0
-0.2,1.05,-1.78,-2.43,1.32,0.82,1.03,0.59,4,0,0
1.68,0.84,-1.28,-1.65,0.07,1.84,-0.65,-0.79,4,0,0
-1.67,0.04,-1.51,2.28,-0.45,-0.16,1.43,1.15,4,0,0
-1.84,-0.65,-1.28,-1.81,2.96,-0.17,0.71,-1.19,4,0,0
-0.73,-0.19,-0.68,0.17,0.99,-1.46,0.44,1.26,4,0,0
0.52,1.61,0.77,-2.13,1.15,2.1,-0.78,-1.02,4,0,0
-1.03,0.08,-1.85,-0.18,0.68,-0.74,1.6,0.96,4,0,0
0.89,1.46,1.59,-0.24,0.09,2.03,-1.0,-1.39,4,0,0
-0.87,-0.87,-3.22,-0.82,1.82,0.01,1.41,1.54,4,0,0
0.45,-1.97,-1.45,2.23,-0.27,-1.61,0.05,0.54,4,0,0
3.14,-0.78,-1.49,-0.26,-1.26,1.7,-1.91,-2.44,4,0,0
-1.7,2.13,1.83,2.31,0.09,0.58,1.12,2.44,4,0,0
-1.99,-2.48,-2.19,-0.16,2.13,-0.77,0.6,-2.4,4,0,0
0.36,0.96,3.6,0.21,2.18,4.57,-2.15,-2.38,4,0,0
-1.07,1.32,1.2,2.18,-0.06,0.6,0.55,1.26,4,0,0
-0.93,0.94,1.23,1.76,-0.28,-1.07,0.72,1.35,4,0,0
-0.17,1.46,0.49,1.72,-0.06,3.31,0.15,0.71,4,0,0
-3.21,1.12,0.32,-1.55,2.6,-0.35,1.48,-0.55,4,0,0
-0.54,-1.24,-0.36,0.39,1.37,-0.52,-0.08,-0.95,4,0,0
-0.27,0.96,1.25,0.06,0.48,-0.74,-0.12,-0.01,4,0,0
-1.65,-1.0,-2.98,-0.9,0.4,-3.26,1.71,-0.66,4,0,0
-1.87,-1.07,-3.11,-1.58,2.03,-1.3,2.14,-0.18,4,0,0
-0.4,2.73,0.49,0.9,0.03,4.66,0.49,1.56,4,0,0
1.12,0.79,0.76,0.78,-0.37,1.16,-0.9,-0.46,4,0,0
-0.99,-2.21,-1.99,0.68,2.13,-1.3,0.95,0.93,4,0,0
1.46,0.19,-2.13,-0.72,-0.21,0.3,0.6,0.62,4,0,0
-0.86,-1.06,-1.83,0.97,0.29,-1.98,1.15,0.83,4,0,0
-1.2,-1.18,-1.24,-0.9,1.5,-1.23,0.75,-1.52,4,0,0
-0.77,-1.5,-3.53,-0.69,0.72,-2.86,1.56,0.36,4,0,0
-1.8,1.19,-0.44,-0.08,1.14,0.38,1.06,0.77,4,0,0
-1.75,0.24,0.41,-0.77,1.85,0.48,0.67,-1.01,4,0,0
1.75,-0.1,-0.09,0.5,0.32,0.55,-0.56,0.79,4,0,0
0.88,-0.17,0.98,2.43,-0.08,2.48,-1.55,-0.85,4,0,0
-0.06,0.92,-1.74,-1.38,0.18,-0.71,0.7,0.47,4,0,0
-1.51,-0.27,-1.15,0.12,-0.04,-2.42,1.86,0.08,4,0,0
-1.8,-1.48,-1.55,-0.47,2.38,-0.76,1.03,-1.11,4,0,0
-0.05,0.59,-2.27,-4.44,1.33,-0.62,0.54,-2.29,4,0,0
-0.9,-0.26,-1.11,-1.38,2.07,-0.7,0.57,0.01,4,0,0
-0.11,-1.58,0.72,2.68,2.2,1.12,-0.53,1.39,4,0,0
-1.36,-0.11,0.9,1.96,0.19,-1.64,0.49,-0.06,4,0,0
2.23,0.63,1.27,1.86,-0.59,2.75,-1.85,-0.27,4,0,0
-3.64,1.95,-0.5,0.75,1.11,-0.39,2.96,3.12,4,0,0
1.11,-0.95,-1.41,-0.62,0.87,1.66,-1.33,-2.19,4,0,0
0.07,-0.73,0.44,1.13,1.94,0.61,-0.56,0.92,4,0,0
-3.42,-0.24,-0.13,0.49,2.45,0.49,1.42,-0.41,4,0,0
-2.13,1.3,1.87,0.76,1.26,2.94,0.23,-1.58,4,0,0
-0.06,0.33,0.19,0.12,1.2,0.81,-0.27,0.35,4,0,0
-0.53,0.16,0.43,-0.99,2.88,2.76,-0.21,-0.25,4,0,0
0.85,2.21,-0.83,-0.36,0.55,2.9,0.49,2.62,4,0,0
-2.74,-0.34,0.8,-0.45,3.0,0.08,0.8,-1.22,4,0,0
-4.72,1.25,-0.16,0.45,3.47,-0.11,3.31,3.61,4,0,0
-0.46,-0.66,0.06,1.23,0.76,2.17,-0.56,-2.03,4,0,0
0.78,1.23,-0.62,-1.87,0.13,2.44,-0.45,-2.22,4,0,0
1.61,-0.24,-0.2,0.33,-0.53,0.9,-1.13,-1.2,4,0,0
-1.47,0.07,-4.47,-1.25,0.63,-0.24,2.72,1.27,4,0,0
-3.83,-0.7,-0.02,1.3,2.35,-1.56,1.58,0.41,4,0,0
-1.88,0.48,1.52,0.75,1.44,-0.14,-0.0,-0.55,4,0,0
1.31,0.79,0.37,-1.93,0.48,0.05,-1.11,-1.99,4,0,0
-0.94,-0.69,-0.85,0.58,0.15,-1.79,0.54,-0.64,4,0,0
-2.3,1.6,0.46,0.34,2.13,1.83,1.73,1.91,4,0,0
3.15,0.23,0.49,1.87,-2.14,2.69,-2.05,-1.16,4,0,0
-0.89,2.66,3.22,1.54,-0.94,1.92,-0.46,-1.62,4,0,0
-1.2,0.12,2.05,0.55,0.49,-1.41,-0.34,-2.1,4,0,0
-0.89,0.29,-1.83,1.98,-1.09,-0.53,1.44,1.55,4,0,0
-4.05,-0.72,1.16,1.18,1.63,-4.3,1.48,-0.87,4,0,0
0.85,3.27,2.57,2.09,-1.36,2.09,-0.16,2.11,4,0,0
-1.39,-0.32,-0.7,-0.41,1.7,-1.49,0.91,0.42,4,0,0
0.79,0.96,1.59,-2.09,0.75,-1.15,-1.42,-2.4,4,0,0
-1.22,-0.05,-1.08,-2.76,1.82,-0.93,0.37,-2.38,4,0,0
-0.19,-0.18,-2.04,-1.99,0.22,0.52,0.11,-3.14,4,0,0
-0.16,3.19,2.85,0.9,-0.32,2.47,-0.14,1.08,4,0,0
1.83,-1.99,-1.41,0.45,-0.36,0.04,-1.44,-2.53,4,0,0
-2.7,0.43,1.12,0.12,2.88,0.39,1.1,0.64,4,0,0
-0.14,1.22,0.4,4.59,-1.73,0.17,0.39,3.78,4,0,0
1.28,0.47,-2.2,0.01,-1.41,0.65,-0.35,-0.67,4,0,0
-2.25,-0.54,1.09,1.76,1.85,-0.0,0.55,0.28,4,0,0
-0.27,3.05,5.04,5.49,-1.6,4.67,-1.4,0.79,4,0,0
1.03,-0.5,-0.58,1.15,-1.18,-1.09,-0.9,-0.77,4,0,0
2.9,1.49,1.74,2.89,-2.96,2.99,-1.86,-0.6,4,0,0
-1.89,-0.81,-1.58,0.48,1.69,-0.34,1.52,0.57,4,0,0
-4.81,-1.81,-1.56,-0.44,4.25,-2.78,2.86,0.47,4,0,0
-0.04,2.16,0.19,-1.45,-0.57,0.33,0.89,-0.54,4,0,0
-1.05,-0.58,-0.62,-0.94,1.63,-0.71,0.18,-1.68,4,0,0
0.82,1.89,-1.17,-4.24,2.31,1.41,0.44,0.89,4,0,0
0.63,1.89,1.78,-1.75,2.78,3.19,-1.24,0.77,4,0,0
2.24,0.88,-1.15,-0.04,-2.36,-0.88,-0.28,-0.44,4,0,0
-0.68,0.5,0.73,0.6,0.68,0.09,0.2,-0.3,4,0,0
1.31,0.78,0.23,-0.36,0.75,1.94,-0.64,0.3,4,0,0
-0.62,1.8,1.42,0.01,0.12,2.6,-0.33,-1.7,4,0,0
-1.78,-0.45,-1.61,-1.9,2.54,-1.97,1.61,0.72,4,0,0
-1.14,0.75,-0.91,-1.77,2.3,1.45,1.1,0.33,4,0,0
-1.33,0.23,0.15,-1.68,3.13,1.78,0.3,-1.01,4,0,0
3.27,1.23,1.96,1.49,-1.73,2.93,-2.59,-1.76,4,0,0
2.36,-0.38,-1.68,0.44,-0.72,1.57,-0.92,0.03,4,0,0
0.92,1.74,3.01,2.72,-1.71,1.14,-1.13,-0.42,4,0,0
-0.54,1.46,2.4,3.41,-1.36,0.91,0.01,0.67,4,0,0
3.52,-0.83,-0.12,0.48,-1.63,-0.53,-2.03,-1.87,4,0,0
-1.93,0.96,-0.68,-3.78,3.69,-1.3,1.77,0.54,4,0,0
-0.82,-0.38,2.49,2.09,1.0,-0.74,-0.71,-0.88,4,0,0
2.44,-0.57,-0.84,-0.02,0.05,1.75,-1.7,-1.26,4,0,0
-2.46,1.83,1.97,2.11,0.46,1.77,0.22,-0.04,4,0,0
-2.27,1.17,1.37,1.95,1.23,0.78,1.3,2.16,4,0,0
-1.21,0.35,0.29,1.54,-0.16,-0.81,1.07,0.37,4,0,0
-0.51,2.32,1.55,-1.03,-1.13,-0.5,0.22,-2.38,4,0,0
1.72,1.47,2.18,1.04,-1.01,1.12,-1.5,-0.46,4,0,0
-1.72,-0.6,-0.34,0.82,1.31,-0.74,0.53,-0.47,4,0,0
-2.64,-0.05,-1.19,-0.08,2.67,1.66,1.6,0.77,4,0,0
1.92,0.47,3.15,2.72,-2.1,2.3,-2.75,-3.68,4,0,0
-0.58,1.51,0.01,-0.66,0.52,0.68,0.47,-0.15,4,0,0
-0.46,1.78,1.07,1.06,0.82,3.25,0.11,1.11,4,0,0
-1.56,-0.46,2.16,2.67,0.53,-0.25,-0.17,-1.25,4,0,0
-2.1,0.56,-0.47,2.25,-0.15,-0.84,1.56,1.46,4,0,0
-2.25,0.87,1.98,1.8,1.9,1.89,0.67,0.75,4,0,0
-2.32,-0.25,-0.12,-0.12,2.37,-1.3,1.08,0.54,4,0,0
1.5,2.03,1.38,0.89,-0.71,3.81,-1.04,-0.23,4,0,0
-2.03,2.43,-2.55,-4.03,2.39,0.6,2.25,1.59,4,0,0
-1.36,0.38,1.41,2.09,1.17,1.54,-0.51,-0.26,4,0,0
1.79,-1.42,0.53,2.5,-1.4,-1.17,-1.21,-1.36,4,0,0
1.26,-0.74,-0.39,1.86,-1.93,0.12,-1.31,-2.55,4,0,0
0.74,-0.15,-2.87,-2.12,0.42,0.21,1.08,-0.31,4,0,0
1.96,-1.13,0.05,2.7,-0.87,0.68,-1.78,-0.41,4,0,0
0.3,-1.6,-0.29,0.56,-0.45,-1.69,-0.55,-3.11,4,0,0
-2.04,-0.07,0.03,0.32,1.49,-2.27,1.58,1.09,4,0,0
1.6,2.0,1.68,-1.2,-0.86,2.41,-1.84,-3.04,4,0,0
1.27,-1.14,-2.57,-1.41,1.09,1.71,-0.61,-1.5,4,0,0
-0.55,0.08,-1.27,0.57,-0.42,-1.85,1.85,1.39,4,0,0
-1.94,0.22,-1.08,1.43,0.98,0.51,1.51,2.15,4,0,0
-2.8,0.81,1.26,-1.58,3.75,-0.21,1.08,0.05,4,0,0
-0.74,-0.91,0.16,-0.09,1.24,-0.55,-0.51,-2.27,4,0,0
0.75,-0.5,-3.0,-3.33,1.62,0.65,-0.16,-1.53,4,0,0
1.68,-0.01,-0.49,1.15,-1.74,1.9,-1.35,-2.45,4,0,0
0.95,0.06,1.58,3.47,-1.41,1.07,-1.01,-0.09,4,0,0
-2.1,-0.05,-2.02,-1.8,4.95,1.17,1.86,3.72,4,0,0
-2.18,1.6,1.27,0.54,0.87,-0.12,0.92,0.24,4,0,0
-3.42,-1.94,-0.12,-2.59,4.88,-1.85,0.25,-3.08,4,0,0
-0.24,1.02,0.75,-2.23,1.31,0.44,-0.27,-1.95,4,0,0
-2.83,-0.27,-0.86,-1.15,3.59,-0.28,1.01,0.28,4,0,0
-1.29,3.64,3.04,2.95,-0.76,1.18,0.71,2.93,4,0,0
1.43,0.39,0.18,-0.82,0.66,0.01,-1.09,-0.21,4,0,0
-3.98,-2.37,-3.05,-1.05,3.62,-1.69,2.26,-0.87,4,0,0
-1.9,1.06,-0.27,0.1,0.4,0.37,1.18,-0.26,4,0,0
1.93,-1.0,-1.19,-0.55,-0.2,-1.31,-1.24,-1.26,4,0,0
-2.03,0.9,-0.11,0.14,0.96,0.19,1.39,0.47,4,0,0
-0.48,-1.21,-1.68,-1.85,1.34,-1.27,-0.07,-2.61,4,0,0
-0.83,-1.04,-0.16,1.19,-0.01,-2.45,-0.11,-1.37,4,0,0
1.02,-0.34,1.36,0.33,1.29,2.24,-1.97,-1.8,4,0,0
-0.6,-0.17,1.17,2.63,1.49,2.33,-0.3,1.24,4,0,0
-1.17,2.95,1.28,-2.92,2.52,3.1,0.45,-0.22,4,0,0
-1.6,-1.74,-1.0,0.97,1.36,-0.33,0.08,-1.62,4,0,0
-1.0,2.2,1.38,2.24,-1.51,1.61,0.56,0.57,4,0,0
-3.3,-0.88,-0.69,0.95,1.72,-1.76,1.95,0.05,4,0,0
1.89,1.26,2.45,2.79,-1.59,3.04,-1.82,-0.58,4,0,0
-1.72,-3.45,-0.23,0.86,2.29,-3.46,-0.38,-2.48,4,0,0
-1.13,-0.21,1.46,0.1,1.9,0.08,-0.14,-1.42,4,0,0
-0.2,-1.03,-3.16,-1.96,0.95,-2.49,1.09,-0.63,4,0,0
-1.59,0.54,1.66,-1.78,2.75,-1.38,0.51,-0.77,4,0,0
-2.2,0.66,-0.1,-1.78,2.5,-0.21,0.95,-0.75,4,0,0
-0.89,0.73,0.67,0.84,0.51,1.01,0.16,-0.13,4,0,0
-2.66,0.22,0.28,0.26,1.71,0.01,0.94,-0.73,4,0,0
1.08,-0.38,1.59,-0.28,0.69,-0.15,-2.01,-2.54,4,0,0
-1.49,1.68,-0.11,2.16,-0.77,0.04,1.87,2.44,4,0,0
-2.08,2.48,2.89,0.49,2.88,4.04,-0.03,0.93,4,0,0
-2.09,0.07,1.11,0.09,2.96,-0.94,0.72,1.38,4,0,0
2.1,-0.53,-1.1,0.72,-2.14,-1.47,-0.9,-1.83,4,0,0
0.37,-1.44,-2.19,-1.77,2.26,0.18,-0.06,-0.81,4,0,0
-2.63,1.63,-1.83,-1.08,-0.19,-1.38,2.3,0.03,4,0,0
3.39,-0.75,-1.71,-0.92,0.06,2.17,-1.73,-0.96,4,0,0
-2.09,-1.28,-0.48,1.63,0.24,-2.36,0.62,-1.43,4,0,0
-2.68,1.28,2.78,-2.6,4.01,0.29,-0.09,-1.76,4,0,0
-0.69,-0.3,1.19,3.25,0.16,0.37,-0.58,0.36,4,0,0
1.46,0.74,-1.97,0.51,-1.58,0.84,0.38,0.56,4,0,0
2.02,1.26,1.5,0.04,0.02,4.47,-2.01,-2.07,4,0,0
1.32,-0.15,0.44,-0.35,0.85,1.69,-1.53,-1.69,4,0,0
1.68,1.26,2.05,0.99,-1.06,2.41,-1.93,-2.15,4,0,0
0.32,1.5,0.85,-0.91,0.4,2.52,-0.62,-1.91,4,0,0
-1.22,0.89,-1.23,0.38,0.55,1.09,1.39,1.31,4,0,0
0.06,1.51,1.01,0.21,0.33,2.05,-0.29,-0.21,4,0,0
0.09,0.41,0.04,0.82,-0.03,-1.92,0.84,1.49,4,0,0
1.11,0.24,-1.48,-0.49,1.78,4.12,-0.27,0.73,4,0,0
-0.46,0.3,-0.56,2.13,-0.46,-0.52,0.83,1.83,4,0,0
0.03,-0.71,-1.17,0.66,-0.48,-1.29,-0.01,-0.67,4,0,0
0.36,0.86,2.82,2.44,0.35,1.41,-0.93,0.61,4,0,0
-0.75,-1.47,0.38,1.87,0.14,-2.16,0.56,-0.61,4,0,0
0.51,0.03,0.77,1.58,-0.73,0.15,-0.96,-1.2,4,0,0
-2.06,0.16,-2.73,-1.26,0.7,-0.98,2.22,-0.05,4,0,0
-1.35,1.3,-1.41,-0.58,1.4,1.7,1.54,1.82,4,0,0
-3.69,0.26,-1.66,-2.43,3.78,-1.38,2.68,1.15,4,0,0
-0.78,-1.3,1.14,1.83,0.94,0.42,-1.03,-2.15,4,0,0
0.65,-0.58,0.46,0.95,-0.47,-0.23,-1.03,-2.0,4,0,0
-1.25,-1.59,-0.85,2.06,0.7,-1.08,0.52,0.46,4,0,0
-1.07,1.76,0.57,-0.45,2.25,3.8,0.1,0.55,4,0,0
0.24,-0.76,-1.11,0.51,-0.1,0.66,-0.2,-1.03,4,0,0
0.5,0.43,1.62,-1.29,1.26,-0.17,-0.92,-1.85,4,0,0
-0.4,0.93,0.61,1.49,-0.86,-0.82,0.71,0.37,4,0,0
-0.45,-0.27,-0.35,-0.12,0.99,-0.51,0.28,-0.59,4,0,0
-0.11,-0.04,-0.25,-0.12,2.44,2.01,0.21,1.56,4,0,0
-0.65,-0.72,1.58,1.77,1.2,-0.64,-0.79,-0.63,4,0,0
1.79,-1.28,-0.35,-0.39,0.08,-0.25,-1.83,-3.08,4,0,0
1.26,-0.48,-1.38,-3.19,2.73,1.99,-1.16,-1.7,4,0,0
-0.25,0.5,1.67,4.4,-0.64,0.83,0.1,2.33,4,0,0
1.93,-1.09,-2.0,-0.43,-0.68,0.47,-1.02,-2.0,4,0,0
1.07,0.51,2.83,2.17,-0.28,2.35,-2.14,-2.0,4,0,0
-1.78,-0.1,0.1,1.81,1.31,-0.24,0.64,1.08,4,0,0
-1.42,-2.18,-0.7,-0.89,2.95,-1.11,-0.06,-1.99,4,0,0
-0.73,0.48,-0.39,1.33,0.03,-0.36,0.64,1.19,4,0,0
-2.28,0.07,0.19,-0.23,2.93,0.93,0.74,-0.16,4,0,0
-1.08,-1.89,-2.37,0.2,-0.32,0.25,0.47,-0.27,5,0,0
0.31,0.58,2.13,-2.4,-0.12,-2.49,1.33,-1.0,5,0,0
-0.56,0.47,-0.01,-0.67,2.34,-0.47,2.52,1.6,5,0,0
-0.13,0.31,-0.39,-0.72,-0.13,-1.6,3.0,0.23,5,0,0
-1.72,-0.7,-1.92,0.87,1.14,2.37,1.69,0.78,5,0,0
-2.14,0.38,-4.25,-1.1,2.1,3.13,-1.2,3.12,5,0,0
0.7,-1.99,0.05,1.26,2.06,0.86,-2.13,1.66,5,0,0
-0.22,-1.0,-0.79,0.88,-0.23,0.17,0.58,-0.11,5,0,0
1.98,0.3,2.62,0.67,0.01,-1.76,0.41,0.18,5,0,0
0.5,1.4,1.2,0.79,0.12,3.2,-0.2,1.12,5,0,0
0.27,-1.21,-2.43,0.97,0.49,0.42,-1.51,1.88,5,0,0
-0.14,-2.47,-1.09,-0.33,-1.57,1.35,-1.16,-0.73,5,0,0
1.01,1.28,0.51,-0.1,-0.48,0.25,-0.63,0.93,5,0,0
2.08,3.34,3.13,-0.55,-3.84,-0.46,1.91,-1.33,5,0,0
-0.97,0.38,-0.94,-0.1,-0.97,3.01,-0.07,-0.08,5,0,0
-0.67,-0.4,-0.01,-0.8,-3.6,0.08,1.25,-3.13,5,0,0
0.53,2.0,1.07,-1.3,-2.33,-0.28,-1.07,-1.25,5,0,0
-0.35,0.79,-2.1,0.36,-1.02,3.63,-1.37,1.46,5,0,0
0.62,1.77,2.25,-2.06,-1.83,-0.17,0.04,-1.23,5,0,0
0.3,0.18,-0.67,-2.83,-1.47,-1.52,0.82,0.17,5,0,0
2.59,2.12,2.55,0.78,0.36,0.6,-2.23,1.98,5,0,0
1.86,0.14,1.82,-0.81,-2.09,0.62,-2.06,-0.32,5,0,0
1.16,-0.96,0.25,1.88,0.28,-1.22,0.38,0.46,5,0,0
1.11,-0.25,0.72,1.22,-0.37,-1.7,2.17,0.11,5,0,0
-0.03,-0.29,2.89,-2.16,-1.48,-0.99,1.84,-2.6,5,0,0
-0.15,-0.06,-0.56,-0.0,1.32,0.42,-1.5,1.11,5,0,0
0.56,-0.71,0.64,-0.18,-2.26,-0.05,1.34,-1.37,5,0,0
1.33,0.92,1.31,1.27,-0.28,0.23,-0.21,0.54,5,0,0
0.69,-2.38,-0.66,-0.62,-2.33,-6.33,5.75,-1.93,5,0,0
-1.38,1.95,-3.33,1.55,-1.02,4.54,0.21,1.43,5,0,0
-0.89,-0.89,-4.22,2.41,0.61,1.24,0.58,1.98,5,0,0
-0.56,1.23,-0.25,-0.82,-2.17,0.6,0.61,-1.33,5,0,0
-0.09,-0.11,-0.56,1.99,-0.82,1.45,1.7,-0.01,5,0,0
-1.16,3.75,-1.84,0.63,3.02,7.77,-3.18,4.95,5,0,0
0.6,1.62,-1.21,2.36,0.75,5.79,-3.25,3.37,5,0,0
0.77,-1.27,-1.66,1.77,0.42,0.31,-2.39,1.55,5,0,0
-1.37,1.44,-3.83,1.07,3.02,4.16,-1.0,4.57,5,0,0
1.36,2.46,2.49,0.65,-2.59,0.83,1.89,-0.84,5,0,0
-0.28,2.6,0.76,-1.0,0.88,1.85,0.68,1.44,5,0,0
-0.3,2.27,0.88,-1.78,-1.9,0.67,1.19,-0.99,5,0,0
-0.47,-1.71,-0.78,0.24,-1.34,-1.15,2.65,-1.39,5,0,0
0.38,2.06,2.58,-2.85,-2.19,-0.62,3.13,-1.44,5,0,0
1.77,-1.96,-0.6,3.61,0.47,2.1,-2.58,2.03,5,0,0
1.62,2.34,1.01,0.24,0.33,0.38,-0.73,2.12,5,0,0
1.48,1.18,2.69,-1.48,-0.79,0.32,-0.53,0.19,5,0,0
0.72,-1.13,-0.55,0.49,-4.8,0.17,-0.2,-2.61,5,0,0
0.87,0.59,3.14,-0.85,-0.73,-3.84,2.76,-2.09,5,0,0
2.31,-2.22,2.08,-0.74,-0.99,-1.84,-0.92,-0.32,5,0,0
-0.39,-0.6,-2.97,-0.01,-3.06,-1.32,-0.1,-1.31,5,0,0
-2.43,0.68,-3.11,-1.83,0.01,-0.39,2.27,0.0,5,0,0
-1.25,-0.38,-2.03,0.74,0.78,2.23,1.14,1.16,5,0,0
0.55,0.24,-1.52,1.37,0.7,0.52,-0.4,2.13,5,0,0
1.01,0.2,-0.49,2.17,1.47,1.55,-0.7,2.61,5,0,0
-0.83,-1.46,-2.46,-2.17,-1.48,-2.1,1.47,-0.68,5,0,0
0.46,-0.26,0.56,1.2,-2.25,0.96,0.55,-1.34,5,0,0
0.66,0.65,1.25,-1.33,-1.5,-2.48,0.07,-1.51,5,0,0
-0.25,1.12,-3.05,2.6,1.99,0.59,1.02,3.29,5,0,0
2.85,-2.6,1.74,0.76,-0.79,-0.83,-2.09,0.42,5,0,0
1.54,1.93,3.62,-1.88,-1.11,2.05,-1.56,0.07,5,0,0
1.2,-1.95,-1.85,3.71,-1.69,0.65,0.83,0.52,5,0,0
-0.06,-0.52,-2.76,0.23,-1.6,0.7,-1.05,0.58,5,0,0
0.11,-1.21,-2.56,2.27,-1.74,0.95,2.67,0.55,5,0,0
0.67,-0.6,-0.66,-0.3,-1.17,-0.44,-1.84,-0.06,5,0,0
0.08,2.61,0.97,-1.88,-2.18,2.58,-3.7,-0.76,5,0,0
2.42,-3.57,-1.07,2.89,-0.73,-2.03,1.01,1.22,5,0,0
-0.88,0.9,-1.1,-0.17,-2.55,4.0,-0.84,-0.72,5,0,0
-0.76,-2.56,-4.33,3.09,-0.72,1.33,1.32,0.87,5,0,0
-0.32,0.33,-3.63,-0.55,0.07,1.35,-1.48,2.61,5,0,0
-0.19,0.28,0.2,0.7,2.52,3.19,-1.12,2.44,5,0,0
1.1,1.06,2.97,-0.29,-1.81,-0.15,0.02,-1.66,5,0,0
2.68,-0.19,2.59,0.21,-1.6,-2.59,-0.34,-0.54,5,0,0
0.14,-1.25,-0.63,1.12,-3.22,-0.07,1.4,-2.09,5,0,0
-0.22,-0.75,-1.44,1.37,-3.53,-0.47,3.4,-2.0,5,0,0
0.59,-3.18,-0.61,2.27,2.87,1.99,-3.77,2.13,5,0,0
-1.16,-1.23,-2.78,1.45,-0.37,1.31,0.95,0.2,5,0,0
0.7,0.52,2.67,-1.71,-1.04,0.88,-0.54,-0.9,5,0,0
-0.44,-0.41,-1.99,0.78,1.73,2.95,-2.36,2.51,5,0,0
2.4,1.02,0.6,5.59,1.03,2.37,-1.56,2.75,5,0,0
1.2,-1.47,0.25,2.07,0.39,-0.04,0.06,0.88,5,0,0
-0.12,-0.02,-1.07,-2.59,-0.38,-0.78,-1.74,0.5,5,0,0
0.11,-3.1,-1.03,1.68,0.15,0.13,0.08,-0.01,5,0,0
0.7,0.66,1.88,-2.58,1.03,1.68,-2.09,1.48,5,0,0
-0.42,1.72,-0.7,-1.31,-1.67,-0.73,2.01,-0.44,5,0,0
0.58,0.59,-0.69,1.02,0.75,1.3,-0.06,2.18,5,0,0
-0.45,0.25,-0.95,1.21,-0.46,2.6,-0.85,0.33,5,0,0
0.85,-3.32,-0.0,-0.39,-0.51,-0.71,-1.57,-0.42,5,0,0
-0.61,0.64,1.1,-5.39,1.56,-0.29,-1.31,0.9,5,0,0
0.56,-0.18,1.89,-2.82,0.11,0.71,-0.32,0.42,5,0,0
1.15,-1.62,-0.28,1.8,-3.05,-1.78,0.12,-2.03,5,0,0
2.77,-2.83,2.2,4.7,-0.57,2.4,-3.76,-0.02,5,0,0
-1.19,2.91,0.29,-3.15,-5.16,-0.08,0.86,-3.99,5,0,0
1.62,-0.93,0.79,0.38,-1.21,-2.27,0.1,-0.35,5,0,0
1.07,-2.54,0.59,1.27,-1.83,-2.49,0.31,-2.08,5,0,0
0.57,-0.62,-0.61,-0.51,-0.25,-0.91,-1.49,0.48,5,0,0
1.04,-0.5,0.92,1.74,1.08,1.57,-1.1,1.4,5,0,0
-0.37,1.46,0.05,0.39,0.38,1.08,-0.06,0.45,5,0,0
0.1,1.03,-1.1,-0.55,2.09,0.22,1.64,3.24,5,0,0
-1.72,1.49,-2.52,0.92,-0.54,4.26,1.15,1.01,5,0,0
-0.32,-0.47,-1.3,-0.23,-1.39,-0.27,1.14,-0.53,5,0,0
-0.62,-2.4,-1.75,1.14,-0.94,-1.79,2.54,-1.32,5,0,0
-0.04,0.8,-0.57,0.12,0.64,1.86,-1.21,1.45,5,0,0
2.47,2.88,2.46,0.66,1.14,-1.38,0.99,2.51,5,0,0
-0.36,1.12,-1.87,0.25,1.19,3.85,-1.78,2.94,5,0,0
-0.62,-0.02,0.13,-2.44,-2.62,-0.66,0.42,-2.29,5,0,0
0.84,4.9,1.95,-3.26,-2.47,3.32,-1.39,0.76,5,0,0
-0.83,-1.21,-0.48,-0.25,0.19,0.72,-0.53,-0.54,5,0,0
0.43,1.51,0.62,-0.08,0.59,-0.59,0.71,0.89,5,0,0
0.61,-3.86,-0.68,0.38,-2.62,-1.7,0.44,-2.11,5,0,0
0.55,0.43,-0.13,0.15,-1.99,-1.11,0.66,-0.88,5,0,0
0.95,-0.09,0.06,1.86,0.83,-0.59,1.91,1.45,5,0,0
-0.33,1.98,1.93,-3.36,-0.89,1.25,1.34,-0.4,5,0,0
2.78,-1.63,0.52,4.85,-1.52,1.54,-2.65,0.63,5,0,0
-0.96,0.71,-0.49,-0.34,-0.96,3.06,-0.08,-0.2,5,0,0
1.78,-0.8,1.17,0.91,-2.4,-1.01,0.23,-1.1,5,0,0
-0.19,-1.77,-2.92,2.18,-1.41,-0.01,1.97,0.16,5,0,0
-2.06,-0.75,-3.68,-0.54,-4.63,0.13,2.86,-3.03,5,0,0
-0.59,0.85,-2.45,0.12,-1.18,1.48,-0.57,0.67,5,0,0
-2.99,-0.92,-2.59,-1.63,3.3,0.71,1.57,1.24,5,0,0
1.0,-2.24,-2.35,2.2,-1.89,0.27,-0.99,0.35,5,0,0
0.41,-0.55,1.88,-1.39,-2.92,-0.84,0.19,-2.92,5,0,0
-0.5,0.19,-2.38,0.55,0.36,1.87,-0.73,1.71,5,0,0
1.24,-5.32,-2.77,4.83,-0.99,-1.7,-0.18,-0.26,5,0,0
-0.03,-1.41,-0.86,-1.62,-2.04,-0.68,0.85,-0.95,5,0,0
-1.66,2.26,-2.16,-0.99,3.6,3.89,0.76,4.4,5,0,0
0.14,-1.37,-0.65,2.14,-0.02,2.75,-0.68,0.7,5,0,0
0.26,0.92,0.69,-0.01,0.66,2.12,-1.48,1.11,5,0,0
3.13,-2.65,-0.12,3.38,-2.14,-0.56,-4.88,-0.03,5,0,0
-2.57,1.62,-1.37,-1.26,-1.12,1.88,3.65,-1.17,5,0,0
-1.18,1.27,-1.81,-1.24,-2.78,1.07,1.57,-1.05,5,0,0
-0.85,2.54,-0.48,-2.12,-2.31,0.54,2.88,-0.66,5,0,0
2.76,-1.26,2.72,1.03,-0.41,-0.67,-0.72,0.45,5,0,0
3.06,-5.36,2.34,0.82,1.08,-2.77,-2.4,0.36,5,0,0
-1.05,1.48,-1.05,-1.18,-0.86,0.82,2.06,0.05,5,0,0
-1.14,2.54,0.29,-2.81,0.18,0.28,1.36,0.2,5,0,0
2.1,-3.25,-1.33,1.63,-1.26,-1.31,-2.61,0.62,5,0,0
0.21,2.37,1.15,-1.75,-0.78,-1.03,1.84,-0.13,5,0,0
-0.88,-0.71,-2.67,0.99,0.75,2.4,-0.64,1.59,5,0,0
-1.05,3.5,0.19,-1.88,-0.68,2.2,0.27,0.2,5,0,0
2.31,-3.66,-0.32,3.32,-2.12,-1.36,1.52,-0.28,5,0,0
-0.32,1.94,-1.56,-0.84,-0.45,-1.79,1.24,0.63,5,0,0
-1.23,-0.36,-1.0,-0.35,3.22,3.59,-0.95,2.7,5,0,0
0.68,-2.33,-1.15,2.56,1.77,-0.38,-0.13,1.77,5,0,0
-1.01,-0.82,0.55,-0.71,1.32,-1.07,3.11,-0.42,5,0,0
-0.37,0.32,-1.66,0.29,1.33,0.02,1.67,2.01,5,0,0
1.02,-0.74,-1.7,2.13,1.92,0.51,-2.1,3.07,5,0,0
-2.09,2.94,-1.26,-3.08,-3.03,-0.66,4.23,-2.11,5,0,0
-0.21,0.91,0.48,-1.51,-1.69,0.93,0.29,-0.82,5,0,0
0.51,-0.12,0.4,0.99,2.57,0.56,-0.25,2.24,5,0,0
1.72,0.36,1.81,1.28,-0.14,0.81,-1.63,0.71,5,0,0
-0.49,-2.62,-3.98,2.73,0.04,-1.95,3.48,0.82,5,0,0
0.42,1.03,1.67,0.23,-1.08,0.82,1.21,-0.71,5,0,0
-1.21,-0.31,-1.66,-2.27,-0.36,1.16,-2.13,-0.05,5,0,0
0.41,1.29,1.66,0.73,1.45,2.31,0.32,1.46,5,0,0
0.51,-2.14,-0.39,1.91,-3.05,-0.59,1.52,-2.25,5,0,0
-0.21,-0.24,-1.83,2.88,0.89,2.4,0.58,1.86,5,0,0
-1.36,2.58,0.05,-0.65,-1.09,-0.14,2.41,-1.4,5,0,0
0.73,-1.2,1.35,-1.75,1.16,-2.02,-0.47,0.29,5,0,0
0.44,-1.7,-1.33,1.95,-1.64,-1.07,0.23,-0.92,5,0,0
0.2,0.03,-3.03,2.38,-2.3,1.96,-1.4,0.44,5,0,0
2.27,-2.2,0.93,0.4,-0.75,-3.38,-0.83,-0.15,5,0,0
2.03,-0.53,3.41,1.29,-3.76,1.56,-2.34,-2.86,5,0,0
1.3,1.44,3.55,-0.49,0.41,2.03,-2.27,0.36,5,0,0
0.4,2.27,2.47,-1.53,-2.49,0.89,-0.66,-1.89,5,0,0
0.24,1.06,-0.94,2.77,-2.48,0.21,0.56,-1.21,5,0,0
-0.37,-0.2,-2.86,0.14,0.51,1.96,-2.37,2.14,5,0,0
-0.75,1.2,-0.85,-3.61,1.01,-0.02,-0.83,1.49,5,0,0
-0.5,-0.31,0.49,-1.67,-0.13,-1.24,-0.13,-1.16,5,1,1
-0.6,-1.6,-1.83,-0.22,1.42,-0.26,0.26,1.29,5,0,0
0.71,0.01,-0.12,2.17,1.91,-1.54,1.76,1.7,5,0,0
3.24,-2.09,3.6,-0.49,-2.05,-3.85,-0.3,-1.58,5,0,0
-1.34,0.77,-1.08,0.01,1.39,2.26,1.12,1.31,5,0,0
-1.22,-0.98,-0.86,-1.41,-1.37,-1.97,2.47,-2.05,5,0,0
-1.01,2.06,-2.49,1.43,-1.44,1.83,1.73,0.38,5,0,0
-0.49,-1.51,-0.75,-0.54,-0.55,-1.97,1.3,-1.23,5,0,0
3.8,-1.98,1.29,3.11,0.03,-1.13,-2.56,2.0,5,0,0
0.59,1.33,2.62,-4.19,-2.57,-1.87,2.04,-1.86,5,0,0
0.76,1.18,1.32,-0.39,-1.38,2.54,-3.14,-0.26,5,0,0
2.06,-0.43,0.01,2.4,-3.4,-2.42,3.3,-0.9,5,0,0
-1.28,-0.21,-2.74,-1.17,-0.71,1.87,1.11,0.83,5,0,0
2.01,-2.31,1.71,4.54,-3.07,2.81,-2.13,-1.97,5,0,0
0.68,-0.73,-1.82,0.47,-0.42,-2.35,0.46,0.84,5,0,0
1.73,0.54,1.28,0.55,-0.56,-0.09,-0.46,0.85,5,0,0
-1.54,-1.12,-3.75,1.23,-0.81,-0.37,3.71,0.04,5,0,0
-0.38,0.99,-1.51,-1.1,0.58,-1.38,0.23,1.08,5,0,0
-0.99,-0.78,-0.95,-2.39,-0.21,-3.27,3.8,-0.72,5,0,0
-0.29,2.51,0.21,-1.17,-2.48,2.48,-1.38,-0.83,5,0,0
1.23,-0.23,-0.03,0.39,-1.66,0.35,-1.35,0.04,5,0,0
1.56,0.9,1.64,0.01,0.15,1.16,-1.65,1.35,5,0,0
-0.44,1.85,-0.15,-2.73,0.01,3.29,-2.33,1.42,5,0,0
0.8,2.68,1.75,-0.76,0.7,0.56,-1.51,1.15,5,0,0
2.67,-1.83,1.6,1.7,-4.15,-2.26,-0.04,-2.43,5,0,0
-0.74,4.52,0.39,-2.96,0.61,-0.01,2.41,1.5,5,0,0
0.29,0.48,-0.7,0.4,-2.38,-0.66,0.34,-1.02,5,0,0
-2.08,-0.34,-5.78,1.15,-0.41,1.8,0.95,1.5,5,0,0
-1.22,0.35,-0.2,-0.24,1.53,1.81,1.66,0.87,5,0,0
-0.02,1.03,0.68,-0.18,-0.09,4.4,-2.37,0.84,5,0,0
-0.07,0.13,-1.37,3.05,-1.56,2.45,0.59,-0.07,5,0,0
-0.55,3.57,2.37,-4.12,-1.13,3.72,-1.89,-0.34,5,0,0
1.73,-0.37,0.59,0.24,-1.24,-0.62,-0.7,0.42,5,0,0
2.77,1.1,4.66,-1.36,-4.29,-1.62,-0.94,-2.99,5,0,0
-1.34,2.22,-0.32,-3.36,0.74,0.97,1.61,1.12,5,0,0
2.27,-0.29,2.53,2.17,0.61,2.19,-3.23,1.24,5,0,0
-2.35,2.42,-0.41,-1.27,-1.18,3.87,0.97,-1.22,5,0,0
-2.71,-0.67,-3.3,-1.88,-0.62,-0.49,3.27,-0.87,5,0,0
1.29,-1.09,0.33,1.74,1.42,0.86,-0.86,1.97,5,0,0
0.16,1.06,-0.76,2.39,0.42,0.77,2.87,1.45,5,0,0
1.98,-0.6,3.17,0.43,1.41,-1.21,-0.87,0.61,5,0,0
1.71,-0.45,2.16,0.12,-1.48,-0.17,-2.24,-0.97,5,0,0
1.77,-3.34,1.15,2.3,1.16,-2.68,-0.51,0.0,5,0,0
-0.87,-0.7,-1.04,0.95,4.29,1.84,-0.27,3.12,5,0,0
0.39,0.71,-0.24,-0.92,-4.75,0.58,-0.73,-2.34,5,0,0
1.05,-2.02,0.31,2.71,1.31,0.25,-2.52,0.69,5,0,0
1.5,-0.08,0.71,2.75,2.91,0.48,1.49,3.34,5,0,0
-1.35,2.43,-0.77,-1.25,3.07,-0.61,2.58,2.26,5,0,0
0.17,-0.38,-0.16,-1.05,-0.78,-1.24,-1.98,-0.8,5,0,0
-0.35,-0.06,0.08,-1.86,0.46,-1.75,0.98,-0.11,5,0,0
-0.92,0.88,0.09,-0.69,-1.75,-0.49,2.27,-1.91,5,0,0
-1.04,0.92,-1.4,-0.11,-0.8,2.98,0.44,0.41,5,0,0
0.42,-1.12,0.87,0.91,1.46,0.38,1.54,0.95,5,0,0
1.56,0.57,3.51,0.03,-2.4,-1.99,1.36,-2.55,5,0,0
0.13,-2.76,-3.01,4.32,4.47,1.53,-0.55,4.42,5,0,0
-1.39,-1.9,-4.01,0.96,-1.11,-1.61,3.51,-0.37,5,0,0
-2.17,1.21,-2.31,-3.26,1.32,0.74,-0.81,1.17,5,0,0
1.04,-0.15,-0.5,2.32,-2.23,0.77,-1.08,-0.46,5,0,0
-1.12,0.03,-0.78,-1.74,0.28,0.78,-0.34,0.05,5,0,0
1.96,-0.78,2.02,1.81,-0.96,-1.63,0.78,-0.63,5,0,0
-0.18,-3.69,-1.22,1.82,-1.05,1.12,-0.21,-1.08,5,0,0
0.34,0.34,-0.21,0.07,0.62,0.83,-0.79,1.31,5,0,0
-0.08,1.17,2.24,-2.25,-0.47,-1.12,1.22,-1.27,5,0,0
-0.34,-3.94,-2.19,1.44,-1.04,0.39,-0.11,-0.78,5,0,0
0.24,-1.32,-0.38,1.81,-0.81,2.22,-1.19,-0.21,5,0,0
-1.41,-1.09,-3.37,1.85,-0.44,1.41,3.08,0.6,5,0,0
3.22,-0.77,1.79,3.36,1.14,-2.91,1.88,2.02,5,0,0
1.16,-0.28,1.48,3.39,-1.86,3.12,-0.84,-0.89,5,0,0
1.77,-0.38,1.4,0.66,-5.15,0.88,0.14,-2.48,5,0,0
-0.4,-0.07,-1.9,1.54,0.53,0.43,1.23,1.16,5,0,0
2.47,0.77,1.46,2.67,1.28,-1.03,1.01,2.41,5,0,0
-0.9,-0.9,-2.32,0.43,-0.95,1.21,0.89,0.04,5,0,0
0.19,-0.12,-1.13,0.12,-1.83,0.96,-0.6,-0.15,5,0,0
1.57,-1.06,1.6,0.31,0.28,-2.4,0.57,0.15,5,0,0
-0.11,-4.15,-2.05,3.05,0.51,0.23,-0.78,-0.09,5,0,0
2.92,-3.8,2.7,2.02,-3.74,-1.85,-1.92,-3.24,5,0,0
1.37,0.72,3.51,1.19,1.04,2.66,0.23,0.92,5,0,0
0.17,1.6,0.66,-1.41,-0.67,2.13,-0.62,0.66,5,0,0
-0.29,-1.26,-1.65,1.35,-0.37,-0.32,1.48,0.01,5,0,0
-1.8,0.55,-1.43,-0.47,1.84,2.07,1.93,1.4,5,0,0
0.18,0.95,-0.6,0.94,-1.86,1.0,-0.18,-0.4,5,0,0
-0.84,-2.99,-3.29,3.11,-0.16,0.86,0.77,0.12,5,0,0
0.08,-0.98,0.23,-0.56,1.56,1.07,-0.7,1.33,5,0,0
-1.08,-2.42,-2.98,0.21,-1.01,-0.15,-0.72,-0.74,5,0,0
-0.66,1.3,1.61,-2.53,-1.71,0.79,-0.36,-2.08,5,0,0
0.32,-1.28,-2.02,2.26,-0.15,1.29,-0.15,1.26,5,0,0
1.27,-2.13,0.38,1.84,-4.88,0.65,-1.38,-3.26,5,0,0
-1.55,-2.17,-2.2,-0.94,-0.98,-2.08,1.61,-1.82,5,0,0
0.15,3.13,2.03,-1.8,-1.82,-1.78,3.2,-1.42,5,0,0
-0.34,0.28,-2.0,0.6,-1.03,-1.03,1.57,0.09,5,0,0
-1.42,0.82,-3.09,-1.34,0.86,0.16,2.03,1.96,5,0,0
-0.69,-0.82,-4.96,0.69,0.13,-1.44,0.82,1.97,5,0,0
2.55,-2.25,1.71,1.8,-3.04,-3.49,0.97,-2.18,5,0,0
0.06,-1.18,0.02,-0.32,-2.83,1.18,-1.85,-2.11,5,0,0
1.24,-1.85,-0.07,0.57,-1.2,2.84,-4.25,0.43,5,0,0
2.21,-0.35,0.56,2.67,0.89,0.99,-0.72,2.64,5,0,0
0.02,-3.36,-0.16,-0.05,0.72,-4.17,3.37,-0.86,5,0,0
1.58,-0.95,0.95,0.25,-3.98,-4.16,1.13,-3.12,5,0,0
1.77,-0.09,1.26,0.05,0.98,-0.27,-2.59,1.69,5,0,0
-0.94,-1.74,-3.34,1.11,-0.36,1.56,-0.54,0.69,5,0,0
1.18,-1.79,1.24,0.31,-3.02,2.74,-3.03,-1.62,5,0,0
-1.0,1.3,-3.1,1.23,0.37,1.75,0.59,1.88,5,0,0
-0.88,2.6,0.53,-3.43,-0.93,2.05,-0.72,-0.05,5,0,0
-0.63,3.58,1.23,-4.81,-2.31,1.87,0.81,-0.48,5,0,0
1.65,0.56,0.56,0.16,-1.47,0.07,-2.76,0.32,5,0,0
1.26,-2.71,0.24,3.46,-1.04,-0.21,0.64,-0.81,5,0,0
0.47,1.05,1.48,-0.59,-2.26,1.34,-0.25,-1.27,5,0,0
-0.12,0.17,0.95,-2.76,3.61,0.8,-0.6,2.9,5,0,0
2.95,-0.68,2.3,1.41,-0.22,-1.04,-2.79,0.69,5,0,0
-0.01,2.53,-1.07,0.56,1.95,0.59,-0.82,2.76,5,0,0
-3.82,1.31,-4.31,-1.42,1.82,5.18,-0.5,1.97,5,0,0
-1.67,2.41,0.32,-1.47,1.18,2.48,1.45,0.58,5,0,0
0.56,-2.25,-0.67,0.41,-2.6,1.23,-1.64,-1.21,5,0,0
0.85,-0.01,-0.74,2.48,1.05,-0.92,1.54,1.78,5,0,0
-0.08,0.53,0.24,0.6,0.32,-1.01,3.03,0.12,5,0,0
-1.87,0.65,0.73,-2.45,0.18,-0.82,2.8,-1.61,5,0,0
0.19,-0.21,0.47,0.23,1.64,-2.13,1.17,0.56,5,0,0
1.15,-1.17,1.46,2.16,1.32,1.69,-0.89,1.13,5,0,0
0.92,-1.18,1.14,1.79,-1.38,-0.93,-0.28,-1.71,5,0,0
-1.29,-3.66,-3.67,0.41,-0.61,-0.63,1.14,-0.47,5,0,0
-0.45,2.3,-0.36,-0.85,1.49,3.1,-0.95,2.54,5,0,0
-0.17,-3.38,-3.74,3.25,-0.78,0.8,-0.08,0.52,5,0,0
2.28,-0.02,3.02,1.03,1.58,-0.4,-0.33,1.62,5,0,0
1.24,0.63,0.13,2.44,0.58,0.05,1.96,1.85,5,0,0
0.44,-4.47,-1.64,0.86,0.8,-2.2,-1.96,0.04,5,0,0
-0.94,0.97,-2.43,0.36,-1.5,4.11,-0.44,0.89,5,0,0
1.96,-0.91,1.35,-0.63,-0.62,-1.44,0.22,0.6,5,0,0
0.72,0.52,-0.08,0.75,0.39,1.2,-0.35,1.64,5,0,0
2.91,1.15,2.13,1.08,3.93,0.83,-2.81,5.05,5,0,0
-0.15,-1.57,-1.74,2.16,-0.46,1.34,1.43,0.49,5,0,0
1.4,2.97,3.2,-0.77,-1.5,0.93,-0.76,-0.43,5,0,0
2.06,-0.91,1.47,4.25,-0.35,0.8,0.97,0.49,5,0,0
0.86,-1.72,0.68,1.19,-0.27,0.6,0.31,0.02,5,0,0
-0.1,-1.16,-0.94,1.28,0.74,1.42,-0.94,0.82,5,0,0
1.0,0.57,1.94,-0.92,-0.18,-0.44,-0.75,-0.07,5,0,0
1.23,-3.06,-1.24,3.15,1.24,0.43,-0.04,1.99,5,0,0
-0.13,-3.51,-1.96,0.76,0.44,-2.23,0.86,0.02,5,0,0
2.37,1.69,2.88,-0.9,-1.71,-0.01,-3.34,-0.11,5,0,0
0.67,0.94,0.38,0.26,-0.74,-1.09,0.24,-0.12,5,0,0
-1.72,-0.78,-4.08,2.06,1.87,2.05,1.75,2.4,5,0,0
-0.84,-4.26,-4.58,3.23,-2.04,-3.68,4.27,-1.74,5,0,0
1.58,-1.65,1.39,-0.87,-1.6,-2.59,-1.0,-1.32,5,0,0
-0.35,0.67,-0.25,-0.69,0.1,2.06,-0.66,0.81,5,1,1
0.29,1.09,-1.52,0.38,-4.26,1.11,0.59,-1.09,5,0,0
3.39,-0.3,2.43,1.7,-2.72,-3.21,1.52,-0.73,5,0,0
2.7,-2.0,1.19,1.6,-2.03,-1.94,-2.7,-0.84,5,0,0
2.64,-0.78,0.89,2.97,0.4,1.35,-4.21,1.9,5,0,0
0.41,0.46,-0.98,1.72,1.23,0.06,3.39,2.43,5,0,0
-2.64,1.36,-3.06,-4.08,3.23,0.83,-1.57,2.63,5,0,0
-0.14,-0.49,-0.42,-1.67,-1.99,-0.53,0.06,-1.21,5,0,0
0.12,-0.27,0.58,0.27,-0.85,0.24,1.48,-0.63,5,0,0
0.57,-2.36,-0.63,2.36,1.12,-2.26,2.75,0.57,5,0,0
0.67,-1.54,-0.37,1.17,0.97,-0.84,1.15,1.11,5,0,0
-2.78,3.65,-2.12,-2.45,0.14,-0.07,4.65,0.29,5,0,0
1.5,0.43,0.48,-0.5,-2.0,0.32,-1.19,0.33,5,0,0
-0.14,-1.52,1.42,-1.83,-0.28,-1.6,0.03,-1.75,5,0,0
-0.45,1.89,1.88,-0.88,2.48,0.29,2.54,1.26,5,0,0
0.11,-2.42,-2.79,2.17,-2.99,-3.32,3.06,-1.84,5,0,0
0.83,3.65,1.13,2.29,0.93,1.77,-0.35,1.79,5,0,0
0.59,-1.97,-1.2,0.79,1.46,-0.69,-0.65,1.69,5,0,0
1.39,-0.83,-2.32,4.72,-2.02,3.33,-1.11,1.42,5,0,0
-1.88,-0.28,-1.5,-0.23,-1.11,0.59,3.9,-1.19,5,0,0
1.32,-0.54,-0.88,2.78,-2.21,0.52,-0.64,-0.07,5,0,0
0.9,0.4,-0.57,1.55,1.6,-1.57,1.07,2.09,5,0,0
2.32,0.14,0.62,0.85,-4.28,-1.56,1.26,-1.17,5,0,0
1.16,-1.17,0.81,1.31,-2.69,-0.9,0.73,-1.83,5,0,0
-0.63,-1.66,-2.14,2.18,-0.75,1.73,0.56,-0.05,5,0,0
0.25,-1.12,-0.14,0.6,0.3,-0.4,0.94,0.31,5,0,0
1.04,0.68,1.42,-0.15,1.37,1.6,-2.79,1.67,5,0,0
0.18,-2.66,0.16,1.41,1.66,-0.21,1.31,0.65,5,0,0
-1.51,1.07,-1.29,-2.14,-1.13,-1.55,1.65,-1.24,5,0,0
-0.1,-0.43,-1.0,2.2,-1.83,0.61,0.79,-1.07,5,0,0
1.49,2.11,4.16,-3.04,1.43,-1.02,0.32,1.07,5,0,0
-0.15,0.39,-0.93,1.94,-1.81,2.9,1.03,-0.14,5,0,0
0.99,-2.17,1.35,0.69,1.36,-1.39,2.9,0.71,5,0,0
1.22,0.65,1.66,-1.29,-3.03,-0.27,0.31,-1.39,5,0,0
1.78,-1.6,0.65,3.83,-0.18,2.73,-2.01,0.99,5,0,0
-1.13,3.8,-2.47,-0.28,1.08,4.5,-0.4,3.57,5,0,0
1.06,-0.83,0.84,-0.8,-0.72,-0.99,0.05,-0.01,5,0,0
-0.49,2.82,-1.43,1.63,-0.91,6.63,-2.32,1.77,5,0,0
-0.19,2.2,-0.74,0.04,0.58,2.46,-0.55,2.04,5,0,0
2.12,-2.43,-0.03,2.95,-2.96,-1.45,1.3,-1.07,5,0,0
-0.02,-0.26,-2.14,1.7,0.99,1.17,0.38,2.24,5,0,0
0.22,0.63,-1.94,1.63,-1.44,-2.35,4.18,0.19,5,0,0
1.29,0.35,1.29,0.82,0.51,-0.49,-0.18,0.9,5,0,0
1.46,-0.85,-0.1,1.38,-2.41,-0.35,-0.73,-0.71,5,0,0
2.1,0.46,2.0,1.56,2.74,1.92,-3.87,3.11,5,0,0
2.14,-3.9,2.08,1.52,-2.21,0.01,-1.05,-1.74,5,0,0
0.75,0.71,0.94,-0.66,-1.14,-1.01,1.93,-0.13,5,0,0
-2.48,2.22,0.06,-2.8,1.07,1.24,2.13,-0.33,5,0,0
-0.9,-1.08,-1.89,-1.8,-1.83,-0.98,1.3,-1.1,5,0,0
2.22,-1.56,-0.03,3.65,-2.93,-1.85,0.5,-1.09,5,0,0
-0.84,-1.16,-1.62,0.43,5.0,-1.11,2.75,3.65,5,0,0
-1.4,-0.53,-2.35,-2.38,-1.34,0.42,0.19,-0.45,5,0,0
2.22,-2.6,0.45,1.41,-3.22,-1.86,-2.01,-1.77,5,0,0
-0.37,-0.55,-0.66,1.54,-0.84,1.88,1.94,-0.15,5,0,0
0.15,1.12,-1.6,0.34,-1.27,-1.44,2.15,0.33,5,0,0
3.46,0.33,4.64,1.81,-0.33,1.54,-2.82,0.63,5,0,0
0.64,0.69,1.47,0.06,-1.26,1.33,1.34,-0.26,5,0,0
-0.0,1.55,-1.18,-0.49,-1.54,-0.78,2.56,0.36,5,0,0
2.02,1.69,0.34,4.17,0.93,1.57,-0.7,2.79,5,0,0
-1.11,2.09,-1.44,-1.54,-2.47,-0.85,2.61,-1.2,5,0,0
2.11,-1.53,0.29,4.03,1.65,-1.68,1.65,2.13,5,0,0
0.16,2.85,0.96,-3.91,0.13,-0.7,-1.55,0.88,5,0,0
-0.05,-0.72,-2.1,2.91,-0.1,1.5,0.72,1.1,5,0,0
-0.49,-0.82,-0.74,-0.39,-1.62,-0.67,0.34,-1.49,5,0,0
0.19,0.29,-0.97,1.02,-2.18,-1.3,3.1,-0.83,5,0,0
-0.03,-0.43,-1.32,1.0,-0.9,-1.58,2.79,-0.17,5,0,0
-0.74,0.94,0.77,-1.97,-0.02,0.48,0.96,-0.37,5,0,0
1.82,0.75,2.02,0.88,0.41,-0.02,-0.86,1.08,5,0,0
-0.28,0.14,-0.25,-1.07,0.1,-0.01,-0.35,0.13,5,0,0
0.81,2.89,1.94,-0.46,-1.44,0.5,1.59,-0.15,5,0,0
-0.49,-2.24,-1.58,1.16,-1.45,0.3,0.43,-1.22,5,0,0
1.98,0.34,2.1,-1.79,-3.4,-2.23,-0.78,-1.76,5,0,0
