@relation SyntheticData-N_1200-D_8-Nmin_60-Zmin_8-CL_1_3-R_0
@attribute X0 real [-5.58, 5.99]
@attribute X1 real [-6.84, 6.35]
@attribute X2 real [-6.03, 6.64]
@attribute X3 real [-5.44, 4.98]
@attribute X4 real [-5.83, 5.87]
@attribute X5 real [-5.55, 5.64]
@attribute X6 real [-6.60, 6.01]
@attribute X7 real [-5.16, 5.56]
@attribute cluster_idx {0,1,2,3}
@attribute is_noise {0,1}
@attribute Class {0,1}
@inputs X0,X1,X2,X3,X4,X5,X6,X7,cluster_idx,is_noise
@output Class
@data
-0.74,1.2,0.67,0.45,-1.95,1.19,-2.37,-0.69,0,0,1
-1.61,1.93,-0.08,-0.87,1.41,-0.06,0.3,1.21,0,0,1
0.41,0.72,0.22,1.1,1.17,-2.04,0.9,-0.37,0,0,1
0.01,0.22,0.79,-0.35,-0.56,0.23,0.09,0.13,0,0,1
-0.07,-0.74,-1.08,-2.92,1.52,-0.61,-1.54,-1.88,0,0,1
0.32,-1.17,-0.94,-1.55,0.69,0.44,-0.57,-1.61,0,0,1
-0.89,-2.87,-2.34,-0.37,0.15,-0.25,-1.35,-0.13,0,0,1
2.08,-0.51,-0.49,1.16,0.16,-0.38,0.24,-1.4,0,0,1
3.47,-2.6,-1.85,0.15,0.79,0.13,1.5,0.34,0,0,1
3.35,-2.62,-0.73,1.01,-0.07,-0.42,1.17,-1.43,0,0,1
-1.46,2.7,1.49,-0.33,0.33,-1.71,-1.13,-0.44,0,0,1
-0.82,2.79,0.82,0.1,-1.11,1.32,-1.79,-1.37,0,0,1
-3.22,0.82,0.52,-0.94,2.0,-1.75,0.94,0.5,0,0,1
0.21,0.17,2.59,-2.09,-1.3,-1.42,-1.51,0.68,0,0,1
0.36,2.1,2.63,-0.06,-1.56,0.52,-1.05,-2.05,0,0,1
-0.8,-3.29,-1.26,1.48,0.37,-0.93,1.71,1.93,0,0,1
-0.01,-1.13,-0.84,1.06,-0.99,0.83,0.13,1.52,0,0,1
-1.93,-0.36,-1.76,-0.12,3.03,-2.54,1.1,1.2,0,0,1
1.91,1.85,1.81,-1.17,-0.58,0.91,0.02,-2.36,0,0,1
-0.31,-1.34,-0.49,0.6,0.53,-0.79,1.39,1.44,0,0,1
-1.87,-2.46,-1.68,-1.32,0.56,-0.2,-0.55,0.81,0,0,1
0.23,-0.19,0.39,-1.99,-0.7,0.46,-1.08,0.46,0,0,1
0.53,-0.64,1.36,-1.33,-2.41,1.08,-1.42,0.89,0,0,1
0.55,-0.24,-1.09,0.44,2.16,-1.46,2.33,0.65,0,0,1
0.66,-1.68,-0.53,0.64,0.54,-0.77,1.09,0.32,0,0,1
0.72,2.11,1.58,-0.75,-2.98,3.14,-2.47,-2.63,0,0,1
0.59,3.85,1.12,-2.12,-0.2,1.05,-2.46,-2.28,0,0,1
1.17,-1.09,-0.21,-0.72,0.53,0.05,0.87,0.69,0,0,1
0.74,1.51,1.75,-0.69,-1.6,1.13,-1.09,-0.94,0,0,1
0.63,1.18,1.72,-0.66,1.22,-1.92,1.96,0.73,0,0,1
-1.29,0.4,0.0,-1.75,0.02,0.36,-1.64,-0.29,0,0,1
2.45,-1.01,-0.38,-1.38,-1.1,1.05,-1.18,0.53,0,0,1
-0.82,-2.85,-1.32,1.75,0.27,-1.07,0.93,0.86,0,0,1
1.39,-0.14,0.58,-1.04,0.28,-0.52,1.12,1.68,0,0,1
-1.06,0.86,0.1,-0.91,0.21,-0.14,-0.84,0.35,0,0,1
-1.44,0.02,-0.31,-0.54,-0.57,1.27,-1.19,0.23,0,0,1
-2.48,4.0,1.24,-1.98,0.3,2.06,-1.14,-1.02,0,0,1
-0.78,-1.28,-1.54,0.18,3.06,-2.03,3.59,4.08,0,0,1
0.88,3.63,2.12,-0.2,-0.98,2.21,-0.44,-3.42,0,0,1
-0.38,2.7,0.63,-1.63,-1.19,2.42,-2.04,-0.44,0,0,1
-0.46,0.47,1.53,-0.84,-4.79,3.28,-4.72,-2.69,0,0,1
-1.15,0.06,-1.3,-0.89,1.79,1.26,1.25,-0.99,0,0,1
1.51,-0.34,1.16,-2.88,-1.75,0.48,-2.59,-0.5,0,0,1
-0.01,-0.83,0.92,0.33,-2.18,-0.11,-1.32,0.95,0,0,1
-1.39,0.76,-0.05,0.67,0.06,1.09,0.61,-0.38,0,0,1
0.63,-0.71,-0.3,-0.74,1.45,-1.11,0.72,-1.26,0,0,1
-0.6,1.51,1.47,-1.67,-0.25,1.29,0.08,-1.0,0,0,1
-0.44,0.64,1.59,1.64,-0.19,0.1,1.8,-0.81,0,0,1
-2.37,1.24,0.48,0.1,0.64,-0.26,-0.52,-2.13,0,0,1
-1.19,0.84,1.17,-1.0,-3.07,1.82,-2.47,1.42,0,0,1
-1.48,1.57,-0.56,2.05,2.49,-0.37,1.94,-2.89,0,0,1
-0.32,-1.31,-0.58,0.23,1.4,-1.5,1.72,0.55,0,0,1
-0.18,-0.36,-0.83,-2.86,3.7,-2.61,0.93,0.69,0,0,1
1.12,2.46,1.03,0.47,-0.67,1.25,0.06,-2.42,0,0,1
3.24,-0.27,2.15,2.86,-2.97,0.79,1.32,-0.35,0,0,1
2.57,0.41,0.22,-1.31,-0.02,1.37,0.79,0.29,0,0,1
0.38,0.74,-0.26,0.86,1.74,0.59,2.64,-2.08,0,0,1
-0.99,0.86,0.9,-0.72,-1.36,0.9,-1.46,-1.19,0,0,1
2.67,3.93,1.79,-3.18,-0.38,1.89,-2.39,-4.23,0,0,1
-0.2,-3.4,-2.1,1.01,1.26,-1.33,1.76,1.57,0,0,1
-1.68,-2.93,-0.17,2.58,1.47,0.67,-1.19,-0.59,1,0,0
-1.3,-1.28,0.05,0.19,-2.54,-1.18,1.57,-2.1,1,0,0
0.51,1.62,0.6,-1.62,1.39,-0.16,-2.58,0.32,1,0,0
2.92,-2.41,0.61,4.98,2.14,2.41,-1.3,0.94,1,0,0
0.7,1.63,0.13,2.05,3.87,1.95,-5.5,0.96,1,0,0
-1.18,2.08,-0.69,-1.85,4.95,1.0,-6.6,3.32,1,0,0
-0.88,0.13,-0.46,3.31,0.33,0.84,0.62,-2.01,1,0,0
1.7,0.9,1.23,-1.91,-1.19,-0.99,0.8,0.05,1,0,0
3.03,0.05,0.93,-2.59,-0.19,0.58,-1.81,2.68,1,0,0
0.15,0.38,-0.2,-2.51,-0.96,-1.19,-0.67,1.62,1,0,0
0.29,2.62,-0.21,0.78,2.95,0.94,0.22,0.17,1,0,0
1.09,-1.36,0.54,-0.06,4.14,1.42,-6.3,3.37,1,0,0
-0.73,-1.53,0.59,-1.25,1.66,-0.4,-1.76,1.01,1,0,0
0.43,5.66,0.27,-3.58,1.22,-1.36,-0.13,0.4,1,0,0
-0.81,0.38,-0.37,3.49,2.65,1.47,-1.14,-0.85,1,0,0
1.27,0.29,1.02,-2.29,-2.47,-1.79,-1.11,-0.27,1,0,0
-1.02,1.67,-0.56,1.64,2.1,0.45,-0.4,-0.28,1,0,0
3.13,-0.24,1.46,-2.64,-1.87,-0.99,1.11,1.26,1,0,0
-2.15,-3.48,-1.93,-1.69,-1.02,-0.02,0.27,2.72,1,0,0
0.46,-0.56,-0.05,-0.75,-2.52,-0.88,4.69,-0.4,1,0,0
-1.56,-1.07,-0.17,0.89,-0.72,-0.33,-0.07,-1.34,1,0,0
-1.12,-4.06,-0.97,-0.29,-0.52,0.22,1.21,2.32,1,0,0
-1.34,0.7,-1.03,-1.69,-2.91,-2.13,1.8,0.03,1,0,0
0.21,-2.11,-0.65,-3.07,-2.53,-1.08,2.11,2.85,1,0,0
-0.15,0.47,0.05,0.03,3.67,1.76,-4.08,1.55,1,0,0
-0.82,1.08,-0.89,0.43,-0.02,-0.11,0.29,0.01,1,0,0
0.54,0.32,0.87,-0.82,0.42,-0.74,-1.37,0.13,1,0,0
-1.6,0.63,0.34,-0.85,-4.07,-2.45,3.84,-3.68,1,0,0
3.44,1.12,2.37,-1.21,2.24,0.78,-6.5,1.05,1,0,0
0.96,-5.03,0.9,0.51,-1.53,0.28,-0.63,0.63,1,0,0
-4.75,-0.97,-2.58,-0.37,-1.89,-1.41,1.34,-0.36,1,0,0
3.5,-3.18,1.27,0.71,0.05,1.19,-2.08,2.07,1,0,0
-1.13,-0.22,-1.31,1.48,-0.84,0.23,2.16,-0.21,1,0,0
-0.63,0.61,-0.52,0.52,-2.03,-0.55,1.06,-1.25,1,0,0
-0.09,1.52,0.1,2.98,-0.45,-0.02,2.21,-3.07,1,0,0
0.15,6.35,0.98,-3.49,0.85,-1.5,-2.85,-0.99,1,0,0
0.61,-2.16,0.37,0.56,-1.72,-0.29,-0.9,-0.29,1,0,0
-0.98,1.33,0.41,-0.27,0.53,-0.28,-0.06,-1.53,1,0,0
1.25,-0.79,1.11,-0.34,1.02,-0.49,-4.38,0.98,1,0,0
-0.8,-0.69,-0.91,-0.89,-0.85,-0.32,2.09,0.75,1,0,0
-1.26,4.09,-0.65,2.67,2.03,1.43,1.89,-2.64,1,0,0
-1.92,-1.65,-0.65,3.01,0.83,0.56,-0.95,-1.21,1,0,0
0.25,-3.43,-0.15,0.04,0.48,0.75,0.0,2.04,1,0,0
-0.02,1.54,-0.19,-0.79,-1.95,-0.67,1.35,-0.77,1,0,0
-1.37,4.06,-0.42,-1.41,2.73,0.86,-3.84,-0.82,1,0,0
0.86,-0.83,-0.04,-0.32,1.76,1.21,-0.16,1.95,1,0,0
1.84,0.44,0.81,1.13,-0.85,0.94,1.44,-1.57,1,0,0
2.63,-1.23,1.08,-0.1,-1.47,0.39,1.3,0.22,1,0,0
-1.61,2.36,-0.5,-0.2,0.22,-1.02,3.7,-1.78,1,0,0
-4.3,-2.33,-2.08,0.42,-1.82,-0.93,-0.16,-0.79,1,0,0
-1.86,0.26,-1.32,-0.52,-0.38,-0.23,2.93,0.01,1,0,0
1.07,0.58,0.54,-1.38,1.12,0.42,-1.91,1.46,1,0,0
-1.5,-0.23,0.02,-0.46,0.27,-0.46,-3.05,-0.76,1,0,0
-0.35,3.54,0.48,-2.36,1.73,-0.83,-1.7,-0.35,1,0,0
1.53,-2.76,1.07,-0.1,-2.24,-0.68,1.25,0.01,1,0,0
3.43,-1.51,0.29,-0.62,1.43,2.24,-1.6,3.65,1,0,0
2.09,-0.54,0.82,1.17,2.33,1.71,-2.67,1.32,1,0,0
3.16,-3.24,0.7,2.02,2.23,2.0,-0.69,3.28,1,0,0
-2.49,-1.03,-2.12,2.06,-0.17,1.07,4.02,-0.04,1,0,0
-0.59,-0.5,-0.61,-1.85,-0.97,-0.98,0.7,0.92,1,0,0
-1.53,-1.71,-0.5,-0.04,-2.04,-1.25,4.24,-0.99,1,0,0
-2.52,0.82,-0.94,2.05,-0.36,0.1,3.1,-2.63,1,0,0
2.12,-0.35,0.97,-0.63,1.22,1.14,0.63,1.22,1,0,0
-0.25,0.86,-0.33,-0.25,-0.29,0.17,1.5,-0.2,1,0,0
0.54,-1.02,0.25,-1.5,-0.76,-0.71,-0.07,1.74,1,0,0
0.93,1.24,0.45,-0.56,1.13,0.93,0.24,-0.3,1,0,0
-0.93,0.61,-0.56,-2.01,-0.13,-1.17,-0.81,0.73,1,0,0
-1.48,-4.98,-0.74,-0.19,-2.19,-0.69,1.93,1.1,1,0,0
1.02,-1.27,0.17,0.94,1.65,1.81,1.34,0.92,1,0,0
1.65,0.28,-0.04,0.58,-0.22,0.57,1.04,0.8,1,0,0
2.25,0.47,-0.16,-0.87,-0.88,1.42,2.37,1.08,1,0,0
0.93,-1.8,-0.11,1.07,3.51,2.28,-3.62,3.0,1,0,0
0.04,-0.59,0.34,0.39,-2.43,-0.99,-2.3,-1.11,1,0,0
1.73,4.52,0.91,-1.7,-0.0,-1.2,-1.96,-0.62,1,0,0
0.57,-1.18,1.59,-0.8,0.73,0.05,-0.37,-0.86,1,0,0
2.41,1.96,0.91,0.1,0.36,0.33,1.8,-0.49,1,0,0
1.94,-1.47,1.11,-1.97,0.3,-0.16,-1.38,2.2,1,0,0
3.43,1.36,1.54,-2.88,-1.85,-1.09,1.37,0.9,1,0,0
-2.01,1.69,0.52,2.12,1.7,-0.0,-1.17,-3.38,1,0,0
-0.8,-1.72,-0.87,2.79,1.57,1.56,1.17,0.42,1,0,0
-1.35,0.46,-0.69,1.27,-0.47,-0.6,0.89,-0.91,1,0,0
-0.02,-0.99,-0.35,0.34,-0.53,0.4,1.76,0.53,1,0,0
-1.76,-0.57,-0.24,-0.28,-0.38,-0.52,0.13,-1.13,1,0,0
-0.02,-1.1,1.45,-0.68,0.24,-0.76,-3.08,-1.01,1,0,0
-0.56,0.3,-0.46,-1.17,-0.96,-0.89,-1.99,0.84,1,0,0
1.12,2.12,-0.23,-2.26,-1.87,-0.96,3.63,1.0,1,0,0
-5.58,3.13,-1.57,-2.53,-3.5,-3.68,4.61,-3.79,1,0,0
-1.75,-1.74,0.54,1.73,-0.11,-1.2,-0.29,-1.84,1,0,0
0.58,-0.69,0.59,0.88,3.46,1.85,-3.88,1.08,1,0,0
-0.17,0.86,0.33,1.94,-0.68,-1.18,1.64,-2.14,1,0,0
-1.35,-3.11,-1.05,0.69,-0.67,0.0,3.06,1.22,1,0,0
-0.72,0.54,-0.54,0.03,-2.43,-0.96,5.01,-1.66,1,0,0
-0.28,0.38,0.84,-0.12,-1.68,-1.21,-1.38,-1.99,1,0,0
0.31,1.67,0.61,-1.12,1.4,-0.86,0.41,0.23,1,0,0
1.63,2.2,0.53,-4.28,-0.09,-0.8,-2.37,1.93,1,0,0
0.38,0.47,-0.53,0.28,1.78,0.9,0.19,1.38,1,0,0
-0.42,-1.97,0.25,-0.37,-1.21,-0.51,0.23,-0.57,1,0,0
2.36,1.94,0.55,-3.01,-0.26,-0.26,-0.2,2.15,1,0,0
1.85,-1.82,0.32,-0.26,-0.59,0.4,-1.97,1.79,1,0,0
0.04,2.99,-0.15,0.45,0.03,0.19,-0.1,-1.16,1,0,0
-1.49,-3.58,-0.27,0.11,-0.77,0.82,-0.15,-0.29,1,0,0
0.79,-2.06,1.49,0.54,0.71,-0.32,-0.59,-0.08,1,0,0
-0.1,-1.26,0.92,-0.2,0.05,-0.4,0.06,-0.38,1,0,0
1.17,1.42,0.58,-2.05,-0.16,-0.03,-4.22,0.69,1,0,0
1.53,0.48,0.08,4.97,3.53,2.98,0.87,-0.3,1,0,0
-0.17,-0.67,-0.23,1.8,3.17,1.22,-3.19,1.21,1,0,0
-2.79,-1.19,-1.06,2.84,-1.2,0.3,4.18,-3.06,1,0,0
-1.36,0.05,-1.01,0.79,-1.01,-0.07,2.55,-1.07,1,0,0
-0.34,3.25,0.87,-0.62,-0.76,-1.57,1.5,-2.65,1,0,0
-0.48,2.17,0.28,0.75,1.8,0.89,3.46,-1.76,1,0,0
-0.71,3.75,-0.77,-1.22,-0.69,-0.37,1.15,-1.21,1,0,0
-3.2,2.23,-0.57,1.12,-0.65,-1.62,1.48,-3.46,1,0,0
1.55,0.44,1.17,-0.81,-4.8,-2.2,4.76,-2.6,1,0,0
-0.35,2.4,0.81,0.22,0.83,-0.24,-1.64,-1.73,1,0,0
0.89,-0.72,0.76,0.59,-1.25,-1.37,0.04,-0.38,1,0,0
-0.75,0.73,0.32,-4.1,-2.18,-2.59,0.85,0.3,1,0,0
-2.43,-1.57,-1.17,-1.4,0.7,-0.29,0.39,1.71,1,0,0
-1.93,-1.28,-1.0,0.11,-0.43,-0.79,-0.02,0.41,1,0,0
0.44,4.89,0.23,-0.19,1.56,0.33,0.03,-1.0,1,0,0
0.4,-0.3,0.91,-1.03,-0.25,-0.94,-0.95,0.21,1,0,0
-1.12,0.11,-0.33,-0.93,0.64,-0.36,0.01,0.12,1,0,0
-3.43,3.33,-1.28,0.14,1.22,-0.43,-1.57,-1.47,1,0,0
-1.35,-0.11,0.02,-2.41,-1.95,-2.47,-1.79,-0.15,1,0,0
-1.63,2.78,0.01,-0.21,-0.19,-0.86,2.92,-2.78,1,0,0
1.33,2.12,0.61,-1.42,-2.75,-1.62,0.03,-0.76,1,0,0
-0.46,-0.73,0.18,-2.72,-0.74,-1.63,-0.25,1.32,1,0,0
-0.09,-0.32,0.49,-2.24,-1.17,-1.96,-0.57,0.51,1,0,0
-1.43,-0.32,-0.33,-0.01,-0.72,-0.88,-2.53,-0.68,1,0,0
0.85,-3.12,0.28,0.15,1.03,1.42,-5.1,2.17,1,0,0
-2.55,3.63,-0.71,-0.08,0.73,-0.63,0.71,-2.5,1,0,0
-2.14,-2.67,-0.65,2.28,0.29,-0.06,0.11,-0.76,1,0,0
0.94,0.37,-0.1,-0.04,1.68,1.54,0.6,1.42,1,0,0
1.13,1.47,1.15,-0.47,0.27,-0.3,1.36,-0.76,1,0,0
-0.43,4.85,0.61,-3.6,-2.26,-2.81,2.68,-2.64,1,0,0
-0.48,2.58,-0.97,0.45,-1.24,-0.76,2.95,-0.87,1,0,0
-0.19,3.29,0.4,-1.73,-1.77,-2.31,1.72,-1.54,1,0,0
0.2,-0.02,-0.74,2.77,2.68,1.43,-2.79,1.72,1,0,0
1.57,1.23,1.0,-1.19,-2.06,-2.08,0.8,-0.51,1,0,0
0.06,-1.57,-0.25,2.35,0.86,1.16,0.82,0.36,1,0,0
0.73,-2.76,1.25,-1.0,0.28,-0.46,-5.36,0.77,1,0,0
-2.1,-1.02,-0.83,3.36,1.23,0.15,2.14,-0.76,1,0,0
-1.71,-1.68,-0.86,1.7,3.83,2.31,-1.45,0.99,1,0,0
1.92,-2.15,0.74,-0.73,-0.06,1.57,-3.47,1.65,1,0,0
-2.2,-1.47,-1.28,1.81,1.69,1.3,-2.13,0.75,1,0,0
1.35,0.46,0.43,1.53,0.06,0.83,-0.63,-0.5,1,0,0
-2.11,1.02,-0.48,1.42,3.39,0.69,-2.02,-0.37,1,0,0
-1.59,0.39,-0.31,0.25,-1.06,-0.93,-0.11,-0.98,1,0,0
3.28,-0.17,0.84,1.34,1.81,2.31,-2.66,1.56,1,0,0
2.85,-0.57,1.73,-3.36,-0.74,-0.68,-1.34,1.42,1,0,0
0.44,-1.24,0.82,-0.69,1.8,1.08,-3.76,0.71,1,0,0
0.32,-5.62,0.43,-1.45,0.18,0.47,-3.43,2.99,1,0,0
-0.07,1.57,-0.22,1.98,-0.73,-0.18,5.11,-1.9,1,0,0
1.89,-3.05,0.61,-0.11,1.29,0.64,-3.49,3.14,1,0,0
-1.49,0.61,-1.1,0.65,0.48,0.07,2.84,-0.33,1,0,0
-0.38,0.25,0.97,-2.62,-0.77,-1.82,-0.09,-0.16,1,0,0
0.64,0.43,0.34,0.16,0.85,0.04,-2.27,0.37,1,0,0
-2.13,-1.51,-0.28,2.68,2.36,0.59,-2.52,-0.87,1,0,0
1.79,1.57,0.55,2.93,-1.31,0.49,4.6,-2.22,1,0,0
1.04,-0.59,0.13,1.46,-0.32,0.93,-1.22,0.07,1,0,0
1.42,-0.15,0.4,0.2,0.6,1.53,-1.0,0.66,1,0,0
-1.62,2.47,-0.89,3.99,3.33,2.22,-2.47,-2.17,1,0,0
-0.27,-3.94,-1.02,1.75,1.06,2.33,-1.45,2.71,1,0,0
0.33,-2.22,1.19,-1.25,0.24,-0.17,-3.24,0.47,1,0,0
1.36,4.05,0.93,-2.41,3.01,0.08,-3.49,1.49,1,0,0
-1.06,-0.75,-0.05,0.4,-2.16,-1.56,3.8,-1.67,1,0,0
2.38,2.45,0.57,0.82,3.17,1.85,-2.64,1.14,1,0,0
-0.42,-5.0,0.48,2.83,0.22,1.76,-1.51,-0.86,1,0,0
-0.95,0.94,0.17,-2.32,-0.7,-1.76,1.35,-0.2,1,0,0
-0.28,0.02,0.27,-0.59,0.48,-0.59,-2.6,0.48,1,0,0
-0.24,-0.83,1.2,-0.24,-0.95,-1.81,2.44,-1.31,1,0,0
-0.78,-1.08,1.35,-2.91,-2.73,-2.96,-2.22,-1.37,1,0,0
2.48,0.9,0.3,1.12,2.96,1.68,-1.12,2.21,1,0,0
-1.53,-1.68,-1.41,3.09,3.18,2.55,-2.1,1.31,1,0,0
1.97,1.93,0.07,-3.04,-2.38,-1.3,3.17,1.34,1,0,0
2.53,-1.78,0.83,0.13,-1.85,0.12,-0.46,0.73,1,0,0
-2.46,0.78,-0.56,2.32,2.29,1.48,-2.11,-2.04,1,0,0
0.17,0.05,0.17,-2.38,-0.3,-0.44,-0.65,1.17,1,0,0
2.4,0.42,1.38,-3.18,-0.86,-0.82,-1.22,1.22,1,0,0
-0.04,-1.48,-0.1,1.49,-1.89,-0.6,6.01,-1.17,1,0,0
-1.82,0.1,-0.29,1.72,-0.21,-0.24,0.51,-2.38,1,0,0
-1.73,-1.8,-0.42,2.27,0.37,0.39,0.04,-1.16,1,0,0
2.33,-0.31,-0.04,0.55,-0.46,1.05,3.35,1.45,1,0,0
-0.85,2.74,-1.12,1.65,1.25,0.54,1.76,-0.58,1,0,0
-0.55,-0.48,-0.38,-0.25,2.51,1.39,-4.37,1.39,1,0,0
-2.26,-0.84,-0.54,0.99,-0.89,-0.6,2.78,-1.94,1,0,0
-0.06,-1.54,-1.34,2.3,0.07,1.08,0.49,1.22,1,0,0
-1.04,0.64,-0.45,0.46,-1.77,-1.64,2.75,-1.12,1,0,0
1.01,-1.94,0.31,-0.04,-0.7,-0.67,-0.13,1.42,1,0,0
3.51,0.79,0.35,1.05,0.63,1.95,-1.63,1.94,1,0,0
0.9,1.93,0.72,-2.14,2.3,-0.47,-4.34,1.69,1,0,0
3.5,-1.28,0.57,-2.43,-1.8,0.67,-1.26,2.74,1,0,0
1.28,-0.17,0.46,2.64,0.99,1.04,1.46,-0.53,1,0,0
-0.49,1.43,-0.36,-1.34,0.62,0.03,-1.06,0.59,1,0,0
-0.52,-0.71,0.55,-0.2,-2.57,-1.4,-1.73,-1.85,1,0,0
2.0,-0.86,1.68,-1.82,-0.35,-0.24,-3.77,0.69,1,0,0
-1.86,-0.63,-0.3,0.25,0.12,-1.2,0.89,-0.29,1,0,0
-1.83,3.59,-1.06,-0.05,0.64,-0.31,1.58,-1.28,1,0,0
0.51,-2.46,0.74,-0.18,-1.04,-0.08,-0.43,0.41,1,0,0
0.95,2.29,-0.73,-0.76,2.12,1.47,0.02,2.1,1,0,0
0.16,4.17,-0.5,-0.13,2.5,1.28,0.5,-0.02,1,0,0
-0.34,-1.0,0.34,-2.38,-1.77,-1.94,-1.18,0.56,1,0,0
-1.17,2.02,0.39,-1.13,2.13,-0.09,-1.41,-0.85,1,0,0
1.02,0.23,-0.11,-0.77,-0.5,0.55,-1.41,0.71,1,0,0
-0.72,-2.81,-0.0,2.54,-0.65,-0.53,0.57,-0.32,1,0,0
-0.18,-0.12,-1.25,0.27,2.5,1.73,-2.64,2.62,1,0,0
-2.03,0.32,0.18,2.12,0.23,0.04,0.9,-3.27,1,0,0
0.03,0.51,0.21,-1.09,0.71,0.01,-2.29,0.99,1,0,0
-0.76,-1.57,-0.45,0.1,-0.69,-0.2,3.69,0.22,1,0,0
-0.36,-1.91,-0.15,2.65,0.25,0.78,1.97,-0.7,1,0,0
0.98,1.5,0.4,-0.3,-0.25,0.37,-0.46,-0.65,1,0,0
-1.76,2.63,-1.27,-2.61,0.67,-0.03,1.05,0.64,1,0,0
-0.74,1.97,-1.43,2.75,0.24,0.74,3.62,-1.1,1,0,0
-0.04,2.62,-0.42,-0.58,-2.04,-1.3,2.55,-1.13,1,0,0
0.17,4.79,0.62,-2.96,-1.87,-2.24,1.84,-1.86,1,0,0
-2.71,-1.82,-0.2,0.75,-0.13,-1.62,0.83,-1.12,1,0,0
-4.37,1.81,-1.71,-2.36,-2.43,-2.79,0.25,-1.45,1,0,0
0.35,3.98,0.34,1.08,0.27,-0.69,1.34,-2.1,1,0,0
1.13,0.87,0.29,1.22,1.65,2.08,-1.97,-0.43,1,0,0
-0.72,0.89,-0.29,1.74,-0.33,-0.3,-0.25,-1.43,1,0,0
-0.7,1.86,-0.05,1.22,1.72,0.51,0.56,-0.93,1,0,0
1.37,1.11,0.36,-0.74,1.74,0.94,-3.23,1.51,1,0,0
0.44,-1.88,0.72,-0.92,-5.24,-2.89,4.71,-1.54,1,0,0
1.17,-1.98,0.76,-0.19,-1.58,-1.59,1.93,0.98,1,0,0
1.39,-1.3,0.41,0.62,-0.24,0.07,-2.06,1.18,1,0,0
-1.28,-2.12,-0.58,2.03,1.14,0.73,-0.89,0.45,1,0,0
4.46,1.75,0.9,0.57,2.15,2.56,-1.9,2.1,1,0,0
-5.42,-1.21,-2.52,-0.39,0.18,-0.58,0.4,-0.16,1,0,0
1.14,-1.47,0.91,-0.38,-0.17,0.19,-0.64,0.42,1,0,0
3.12,0.72,0.86,-0.71,0.25,0.97,1.12,1.3,1,0,0
-0.63,-0.62,0.09,-0.07,-0.39,-0.5,0.55,-0.17,1,0,0
0.1,1.59,1.23,-2.04,0.42,-1.17,0.49,-1.06,1,0,0
-0.81,-3.01,-0.27,0.86,-2.31,-0.55,0.1,-0.35,1,0,0
0.08,-1.57,-0.76,0.52,-1.58,-0.18,1.31,1.16,1,0,0
0.92,0.63,1.59,-1.97,2.39,0.02,-2.13,0.74,1,0,0
-2.5,0.66,-0.99,0.91,-0.14,-0.27,2.13,-1.58,1,0,0
0.93,0.3,-0.09,0.62,0.42,0.53,-0.72,1.06,1,0,0
-0.85,1.52,-0.45,-0.61,0.22,-0.27,-1.3,-0.24,1,0,0
1.27,1.26,1.0,-0.09,-0.17,0.29,-0.14,-1.36,1,0,0
1.03,-0.98,0.2,3.01,1.24,2.38,-2.28,-0.47,1,0,0
1.0,-1.63,-0.43,3.02,1.37,2.22,2.86,0.54,1,0,0
-1.24,-4.32,-0.43,3.59,-1.69,0.6,3.23,-1.31,1,0,0
1.95,-0.27,-0.24,-0.88,-0.24,0.49,2.56,2.04,1,0,0
0.56,0.29,0.58,-1.37,1.48,0.46,-3.06,1.24,1,0,0
-1.32,2.07,0.21,-0.8,-1.76,-2.12,0.18,-2.08,1,0,0
-2.01,2.38,-0.69,-1.48,-0.06,-0.89,3.62,-1.11,1,0,0
-0.07,4.51,0.22,-0.25,0.44,0.36,4.46,-2.76,1,0,0
0.63,1.52,0.17,0.73,-1.64,-0.81,-1.65,-1.2,1,0,0
-0.24,-2.94,-0.61,0.57,-2.12,0.13,4.67,0.47,1,0,0
-0.1,-1.08,-0.12,2.51,1.93,1.51,-3.5,0.32,1,0,0
-3.59,-1.73,-0.43,-1.05,-4.18,-2.93,3.23,-2.85,1,0,0
-0.0,-2.03,-0.06,0.67,0.47,1.0,1.05,0.31,1,0,0
-1.88,0.83,-0.19,0.05,-1.8,-1.45,2.54,-2.92,1,0,0
0.66,0.34,-0.98,-0.58,-1.87,-0.33,5.68,1.1,1,0,0
-2.08,2.59,-0.14,-1.15,2.86,0.33,-0.9,-0.83,1,0,0
-0.69,-1.12,1.01,-1.45,-2.47,-1.96,0.66,-1.92,1,0,0
2.93,-1.17,1.32,2.19,2.25,1.81,-2.21,0.94,1,0,0
-0.3,2.04,0.11,1.82,0.01,0.06,2.45,-2.44,1,0,0
-0.51,0.84,-0.36,0.55,0.21,0.34,-0.93,-0.25,1,0,0
1.61,2.61,0.47,0.33,2.18,0.85,-1.1,0.38,1,0,0
2.63,-0.15,-0.42,-0.54,0.62,0.98,-1.06,3.85,1,0,0
1.37,1.54,0.84,-2.66,0.77,-0.13,-1.56,1.19,1,0,0
1.41,-0.86,0.33,-2.22,0.4,1.12,0.73,2.32,1,0,0
-0.81,-1.86,-0.77,1.36,-0.23,0.71,2.32,-0.13,1,0,0
-2.13,0.98,-0.79,0.93,1.86,0.82,0.43,-0.83,1,0,0
1.07,0.56,-0.2,-0.99,-0.8,-0.35,0.92,1.15,1,0,0
1.5,1.16,-0.34,3.31,0.04,1.49,-0.18,-0.37,1,0,0
0.53,0.04,0.21,-0.92,-1.16,-1.08,-1.81,0.37,1,0,0
2.87,0.39,0.65,0.31,2.48,2.44,-2.66,2.11,1,0,0
0.34,-3.0,-0.7,-1.06,1.47,1.4,-1.5,3.19,1,0,0
1.0,-0.86,-0.1,-1.54,0.74,0.15,-1.3,2.7,1,0,0
0.74,1.06,-0.13,-1.84,-0.68,-1.06,-0.41,1.34,1,0,0
2.24,0.3,0.84,1.58,2.28,2.26,-0.01,0.28,1,0,0
3.83,2.65,1.05,-0.46,-1.15,-0.51,0.39,0.36,1,0,0
4.5,-0.96,0.42,-1.4,0.58,1.96,-1.01,4.24,1,0,0
-1.88,-0.94,0.37,1.28,0.26,-1.26,-0.28,-1.66,1,0,0
0.39,-3.84,1.24,-0.02,-0.43,-0.19,-0.39,0.22,1,0,0
1.87,-6.1,0.52,-1.33,-0.92,0.36,-3.88,4.22,1,0,0
0.53,-5.85,0.2,2.68,1.33,2.67,0.45,1.33,1,0,0
-0.58,-2.41,0.48,-0.28,-0.29,-0.11,1.43,-0.52,1,0,0
0.63,-3.21,-1.09,0.35,-0.88,1.28,-0.42,2.87,1,0,0
0.01,3.44,0.07,-0.2,-0.44,-0.89,-0.24,-1.41,1,0,0
-2.83,0.41,-1.24,0.51,-0.27,-0.24,2.96,-1.38,1,0,0
2.74,0.06,0.75,-2.53,-1.02,0.26,-3.72,2.45,1,0,0
1.27,-1.52,0.75,0.33,-1.93,-0.42,2.84,-0.89,1,0,0
-1.48,1.75,-1.37,2.21,2.33,0.62,-0.26,-0.06,1,0,0
-0.19,4.04,0.12,3.36,1.56,1.23,2.09,-3.32,1,0,0
2.08,0.3,1.08,-2.15,-2.18,-1.23,-0.85,0.51,1,0,0
-2.95,-2.08,-1.23,0.93,3.65,1.83,-5.43,1.91,1,0,0
0.72,-1.35,-0.4,0.1,-0.99,0.84,0.73,1.14,1,0,0
-0.33,1.09,-0.18,1.88,-2.21,-0.36,3.19,-3.05,1,0,0
-0.42,-1.63,0.3,1.49,-1.33,-0.85,0.89,-1.39,1,0,0
1.28,0.03,0.93,0.21,1.64,1.11,-1.2,-0.43,1,0,0
-1.83,6.23,-1.51,2.1,2.53,0.97,-0.86,-1.85,1,0,0
-2.17,0.44,-0.36,2.71,-1.08,-0.82,0.8,-3.42,1,0,0
-0.89,0.13,0.98,-0.62,0.3,-1.23,-2.91,-1.02,1,0,0
0.84,0.43,0.66,-2.07,1.15,-0.3,-1.6,1.05,1,0,0
0.9,-1.08,0.81,0.57,4.81,1.97,-3.98,2.28,1,0,0
-1.83,3.89,-0.41,-0.72,0.75,-0.57,1.3,-1.54,1,0,0
2.87,-0.5,1.05,-0.67,-0.47,0.8,5.26,0.53,1,0,0
-3.35,0.23,-1.01,1.41,-1.28,-0.44,4.07,-2.84,1,0,0
-1.53,1.92,-1.02,1.65,2.01,1.13,3.02,-0.64,1,0,0
1.31,-0.38,0.35,-3.17,-0.09,-0.29,1.54,2.36,1,0,0
-3.1,2.28,-1.41,-0.7,1.83,-0.48,1.78,-0.57,1,0,0
-1.6,-6.84,0.51,0.16,1.2,0.54,-4.71,1.3,1,0,0
-0.65,1.54,1.05,-2.81,0.38,-1.44,-2.85,-0.78,1,0,0
-0.83,2.59,-1.05,-0.81,1.17,0.47,-2.01,0.64,1,0,0
2.72,0.73,1.21,1.91,1.85,1.53,-1.55,-0.08,1,0,0
1.09,0.33,0.34,1.0,1.97,0.63,-1.16,0.52,1,0,0
-0.58,1.22,-0.07,-1.7,0.01,-0.34,4.22,-0.6,1,0,0
0.59,-2.37,0.1,-0.97,-0.75,0.41,-0.48,1.27,1,0,0
1.02,-0.73,0.92,-1.38,-2.24,-2.38,-0.06,0.31,1,0,0
3.05,-2.8,-0.09,1.87,-0.62,1.81,1.49,2.35,1,0,0
-2.82,-2.28,-0.77,4.59,0.6,0.58,0.54,-1.94,1,0,0
-1.94,-2.8,-0.75,-0.84,-3.76,-1.89,3.4,-0.39,1,0,0
2.52,0.32,0.71,-1.29,0.98,0.79,-4.92,2.45,1,0,0
-1.72,-0.22,-0.28,-1.48,-0.11,-1.26,0.26,0.28,1,0,0
-0.13,1.01,-0.6,-0.13,-0.5,0.43,2.44,0.09,1,0,0
-1.58,-1.6,-1.22,0.87,1.8,2.11,-4.88,1.56,1,0,0
-0.55,-3.49,-2.06,0.6,0.13,1.65,-0.64,3.68,1,0,0
-2.87,-0.67,0.01,1.58,1.02,-0.14,-0.65,-2.32,1,0,0
-1.27,-1.27,-0.57,0.35,0.21,0.16,-1.17,0.5,1,0,0
0.7,3.35,0.71,0.65,0.83,0.37,-0.22,-2.38,1,0,0
1.46,1.85,0.43,-1.34,-2.58,-1.48,1.62,-0.35,1,0,0
0.18,1.0,-0.6,-1.08,-0.2,-0.28,-0.06,1.35,1,0,0
-1.42,1.96,-0.45,2.55,0.38,0.31,0.88,-2.49,1,0,0
-0.85,-1.27,0.05,2.38,-0.91,0.38,0.71,-2.14,1,0,0
-0.12,2.15,0.36,-1.15,-0.45,-0.97,0.88,-0.96,1,0,0
-0.05,-1.41,0.98,-1.61,-4.66,-2.7,2.1,-1.93,1,0,0
1.97,0.13,0.55,0.71,0.58,0.99,-0.88,0.88,1,0,0
-1.66,-0.45,-1.14,3.23,1.05,1.09,-0.33,-0.86,1,0,0
1.67,1.68,0.51,0.37,-1.38,-0.6,0.74,-0.41,1,0,0
-1.11,-2.26,-0.85,-1.09,-3.29,-0.74,5.58,-0.25,1,0,0
1.61,1.94,1.37,1.44,2.35,1.84,-4.16,-1.65,1,0,0
-0.25,-0.63,-0.71,0.01,1.97,0.65,1.2,1.92,1,0,0
-1.95,0.79,-1.3,-0.21,1.55,0.16,0.35,0.76,1,0,0
0.11,0.84,0.37,0.24,-1.72,-1.41,0.48,-1.47,1,0,0
-0.54,0.88,-0.29,0.75,1.93,1.36,1.18,-0.09,1,0,0
3.11,-1.91,0.27,2.63,3.07,3.25,-1.41,2.94,1,0,0
-2.04,-0.59,-1.16,-0.97,0.25,-0.14,-2.29,0.97,1,0,0
-0.03,3.28,-1.0,-1.1,1.33,0.64,-1.03,1.46,1,0,0
1.43,-0.36,0.01,0.42,1.4,1.84,-0.45,1.25,1,0,0
0.28,1.18,-0.11,-0.63,0.43,0.5,-2.2,0.72,1,0,0
3.55,-1.6,1.68,1.31,-0.4,1.68,-0.94,-0.1,1,0,0
-2.63,1.65,-0.42,-0.11,-1.06,-1.77,-1.23,-2.15,1,0,0
0.17,0.22,0.38,-1.5,-2.04,-1.3,0.71,-0.35,1,0,0
0.08,-0.76,0.48,0.33,-0.78,-0.19,0.05,-0.58,1,0,0
-3.96,1.21,-0.97,3.22,-0.05,-0.77,0.74,-3.68,1,0,0
3.83,1.3,2.04,1.69,3.34,1.92,-4.96,0.88,1,0,0
0.82,1.55,0.29,-0.64,1.56,-0.18,-1.62,1.01,1,1,1
-0.28,0.94,-0.07,0.27,2.24,0.22,-2.7,0.75,1,0,0
2.28,1.95,0.57,-1.41,1.73,1.35,-1.29,1.28,1,0,0
-0.33,-1.59,0.54,-0.07,-0.48,-0.57,-1.98,0.13,1,0,0
-1.24,0.51,0.91,0.12,-1.44,-2.27,-0.37,-2.77,1,0,0
-0.74,4.61,0.15,-0.89,-0.11,-0.74,-2.18,-1.92,1,0,0
-3.96,0.09,-2.5,4.46,1.31,1.2,2.09,-1.74,1,0,0
3.15,-0.95,0.6,2.48,2.75,2.63,-1.38,2.02,1,0,0
-1.49,-1.13,-1.12,1.02,2.67,1.56,-2.99,1.67,1,0,0
1.81,-0.19,-0.59,2.17,0.26,1.65,0.57,1.26,1,0,0
3.83,3.8,1.21,0.57,1.65,0.97,-3.76,0.98,1,0,0
-2.9,1.39,-0.84,-1.1,-0.77,-2.33,3.24,-1.05,1,0,0
-1.3,0.87,-0.92,0.87,2.19,1.44,-3.41,0.07,1,0,0
-4.01,1.94,-1.34,1.31,0.13,-1.66,0.37,-2.67,1,0,0
1.05,-0.09,-0.43,0.8,-1.91,0.12,3.59,-0.34,1,0,0
2.6,0.19,1.43,-1.79,-2.09,-0.73,-2.84,0.51,1,0,0
0.35,-0.63,0.89,1.3,-0.59,0.64,-0.04,-1.82,1,0,0
-0.93,0.53,0.11,-0.47,4.02,0.46,-2.26,1.7,1,0,0
-0.74,0.21,-0.32,1.84,1.14,0.81,2.66,-1.09,1,0,0
-3.05,-5.62,-0.91,2.89,-0.2,0.63,1.02,-0.82,1,0,0
-0.32,3.55,-0.17,-2.74,1.91,0.43,-1.07,0.63,1,0,0
-0.59,-0.62,-0.36,2.61,-0.55,0.32,2.11,-1.63,1,0,0
1.43,-1.26,1.41,-1.32,-0.53,-0.57,-1.09,0.47,1,0,0
0.55,-3.73,0.3,1.13,1.47,1.35,-4.29,2.05,1,0,0
-0.52,0.32,0.25,-0.32,-1.02,-1.87,-1.88,-0.37,1,0,0
-2.93,2.41,-1.07,-0.08,0.29,-1.37,1.38,-1.1,1,0,0
0.52,3.23,0.54,-1.45,0.73,-0.4,0.16,-0.35,1,0,0
-2.49,-0.49,-0.39,2.17,-1.67,-1.47,0.54,-2.84,1,0,0
0.83,3.52,0.49,-1.32,1.12,-0.04,-1.22,0.08,1,0,0
-0.02,-2.95,0.64,1.26,-0.09,-0.41,-0.57,0.49,1,0,0
2.94,-3.74,1.08,-1.68,1.47,1.66,-3.29,3.86,1,0,0
-2.25,-0.0,-0.68,-0.8,2.71,1.16,-1.92,0.66,1,0,0
0.07,-2.02,3.49,2.16,-0.83,-1.86,-0.27,0.79,2,0,0
0.8,0.96,-1.52,-0.04,0.71,0.01,0.54,-1.48,2,0,0
-1.05,-0.6,1.27,0.39,0.19,1.67,0.17,0.67,2,0,0
-1.22,0.68,-0.26,-0.98,-2.49,2.55,-1.86,2.41,2,0,0
0.14,0.96,-2.98,-0.36,-0.24,1.41,-1.61,-2.31,2,0,0
0.58,-1.46,2.38,0.62,-1.01,-0.74,0.64,-0.12,2,0,0
2.16,0.24,-1.19,-0.43,-1.82,-1.74,-1.23,-0.77,2,0,0
2.24,0.01,1.41,-0.72,-2.61,0.87,-0.47,1.71,2,0,0
-2.36,-2.49,2.92,1.58,-2.24,-1.52,-2.89,2.86,2,0,0
-1.7,0.63,0.59,-0.08,-2.8,-3.0,-1.29,3.86,2,0,0
-3.89,-1.07,4.4,2.83,2.02,-0.67,1.9,3.23,2,0,0
4.55,-1.13,-0.43,-2.31,-1.77,1.61,-0.26,-1.83,2,0,0
1.94,-0.65,-1.76,-1.53,-0.78,0.84,-1.0,-2.11,2,0,0
-1.64,0.88,-1.49,0.52,1.32,1.51,-0.54,-0.41,2,0,0
-3.18,-2.69,3.57,-0.12,1.88,-1.81,2.08,3.61,2,0,0
0.29,-0.69,1.91,-0.84,-1.53,-0.04,0.53,2.5,2,0,0
-2.86,0.66,-1.65,0.8,4.08,0.73,1.29,-1.1,2,0,0
2.42,2.87,-3.31,-1.85,-1.64,-0.87,0.67,-1.13,2,0,0
-1.08,0.28,-1.39,0.01,-0.93,-3.74,-1.88,1.61,2,0,0
-1.22,-1.33,1.54,0.71,-0.77,-0.06,-1.76,2.21,2,0,0
2.62,0.59,-2.58,-1.57,-1.42,0.88,-1.47,-1.75,2,0,0
0.76,1.8,-2.16,-0.48,-1.85,1.41,-1.45,-0.62,2,0,0
-1.32,-1.52,2.76,1.84,-1.74,0.27,-2.38,2.67,2,0,0
-1.31,-0.66,1.42,0.36,-0.49,-2.17,-0.3,2.77,2,0,0
-1.66,2.12,-2.26,-1.15,1.52,-0.22,1.21,1.25,2,0,0
1.57,-0.69,0.87,-0.85,-0.53,0.99,1.35,-1.13,2,0,0
-2.22,-2.86,3.42,3.39,2.08,0.16,-0.79,0.28,2,0,0
-2.94,-0.43,0.95,2.09,-0.68,-0.12,-2.9,2.77,2,0,0
2.84,2.28,-4.19,-1.1,-0.66,2.03,-0.51,-4.22,2,0,0
0.63,1.71,-2.3,0.01,0.19,-2.02,-0.82,0.72,2,0,0
0.01,2.73,-5.21,-0.38,2.97,0.76,1.04,-4.43,2,0,0
4.91,-0.55,0.79,0.17,0.36,0.62,2.98,-5.16,2,0,0
1.94,0.1,-0.34,-1.65,-1.11,2.4,0.79,-1.16,2,0,0
-1.18,2.87,-3.63,-1.63,2.25,0.52,1.52,0.42,2,0,0
-4.17,-3.07,3.14,1.83,1.09,0.02,-1.78,3.21,2,0,0
-1.32,1.67,-0.95,0.78,-0.19,-3.47,0.22,1.4,2,0,0
-4.37,-2.65,4.66,3.09,-1.44,0.79,-2.6,3.41,2,0,0
-0.65,-3.59,3.24,0.31,1.67,0.62,0.35,1.18,2,0,0
-1.44,1.49,-0.81,1.41,-1.16,-0.49,-1.11,-0.24,2,0,0
-0.97,-0.33,0.32,1.63,1.19,1.53,-0.24,-1.29,2,0,0
-1.24,1.2,-1.1,0.08,1.36,-0.25,0.38,1.43,2,0,0
-0.25,0.46,-1.67,-0.92,-0.31,0.95,-0.85,-0.32,2,0,0
-2.69,-0.75,1.25,1.71,-1.05,1.81,-2.24,1.09,2,0,0
0.35,1.42,-2.52,-1.38,1.65,1.47,1.14,-0.95,2,0,0
-0.19,-0.79,0.36,1.74,-2.77,0.18,-4.08,0.03,2,0,0
-3.57,0.67,-0.32,2.07,3.49,1.46,1.15,-1.08,2,0,0
-1.91,-0.65,0.03,0.42,-1.63,-0.91,-2.35,1.18,2,0,0
0.95,0.9,-1.29,-0.02,-3.98,-1.18,-2.72,-0.33,2,0,0
0.42,-1.1,1.49,1.91,2.76,-1.0,0.99,-0.23,2,0,0
-0.47,2.78,-2.81,-1.28,-1.21,0.03,0.12,0.18,2,0,0
-0.8,0.71,-1.09,0.85,1.05,-0.9,0.12,-0.92,2,0,0
0.46,-0.25,-0.09,-0.15,2.03,2.28,1.47,-1.45,2,0,0
-1.91,-1.66,1.78,0.67,1.61,-0.19,0.41,1.51,2,0,0
-0.6,2.14,-1.2,0.34,-0.15,-0.53,1.04,-0.34,2,0,0
0.68,0.38,1.21,-0.42,-1.82,-0.86,1.06,1.14,2,0,0
-1.61,1.31,-1.68,2.09,1.43,-0.1,-0.67,-1.83,2,0,0
2.05,3.03,-4.14,-1.36,-2.43,-2.39,-1.07,-0.97,2,0,0
-3.5,-1.99,2.13,2.83,2.51,0.48,-0.44,0.05,2,0,0
-2.37,-1.03,-0.08,0.89,0.96,0.45,-1.88,1.15,2,0,0
1.98,1.51,-1.2,-1.63,1.41,2.65,3.6,-2.69,2,0,0
-1.03,-2.17,2.67,1.67,2.55,-2.08,-0.39,3.66,2,0,0
0.94,2.3,-4.02,-2.91,0.41,3.77,1.01,-2.36,2,0,0
-0.84,-0.85,1.71,1.53,-3.49,-2.64,-2.66,1.63,2,0,0
-3.2,0.83,0.91,-0.04,0.38,-1.81,1.27,3.66,2,0,0
-0.36,0.5,-0.07,-0.61,-1.46,-1.13,-0.95,2.73,2,0,0
2.13,2.06,-2.55,0.03,-1.71,-0.61,-0.47,-2.69,2,0,0
0.41,0.42,-0.55,-0.39,0.59,3.89,1.03,-2.42,2,0,0
-0.86,0.29,0.92,-0.53,-1.44,-0.39,-0.02,2.63,2,0,0
-0.58,-0.92,3.26,0.76,-0.27,-1.38,2.28,1.28,2,0,0
-0.59,-0.76,-0.51,-0.55,1.17,1.73,-0.57,0.48,2,0,0
0.1,1.7,-2.08,-4.04,2.48,0.18,4.43,1.37,2,0,0
4.15,0.96,-2.01,-1.53,0.08,2.73,1.21,-3.58,2,0,0
-1.48,-1.02,1.95,1.43,0.72,-1.1,0.49,1.0,2,0,0
-0.06,1.29,-1.24,0.36,-1.35,-0.54,-0.68,-0.72,2,0,0
1.07,2.5,-3.84,-0.91,0.14,-0.39,0.26,-2.28,2,0,0
-0.33,-1.27,2.61,0.21,2.04,-0.12,2.34,1.99,2,0,0
1.96,2.1,-1.89,-0.27,-0.73,0.03,0.04,-0.81,2,0,0
-0.61,-3.82,4.34,2.86,0.2,1.74,-1.45,-0.44,2,0,0
0.06,0.15,-1.09,-1.21,1.6,-0.46,1.1,0.59,2,0,0
2.38,0.63,-1.12,-1.44,0.39,-1.3,1.81,-0.9,2,0,0
0.8,2.42,-2.69,-3.08,-4.79,0.78,-1.57,1.26,2,0,0
2.63,4.3,-6.03,-1.26,-2.72,-0.87,-2.12,-2.39,2,0,0
-1.79,-2.26,2.75,1.37,2.52,-0.11,0.43,2.13,2,0,0
-0.62,1.84,-3.06,-1.07,1.55,1.43,1.07,-1.84,2,0,0
-1.11,0.75,-1.19,-0.35,1.95,0.28,0.99,0.17,2,0,0
0.75,1.37,-1.08,-1.74,-3.01,-0.47,-1.75,3.32,2,0,0
2.34,-0.61,1.53,-0.12,-2.83,-1.7,-0.26,0.5,2,0,0
1.4,1.89,-2.36,-1.09,-1.09,1.52,0.15,-2.02,2,0,0
0.24,-0.52,-0.63,-0.57,1.92,4.23,0.56,-2.0,2,0,0
-2.6,-1.62,1.08,2.34,2.7,-1.97,-0.09,-0.29,2,0,0
4.05,1.08,-0.86,-2.89,1.46,-0.2,4.86,-1.34,2,0,0
-1.2,3.47,-4.48,0.12,-0.34,-1.35,-1.02,-1.04,2,0,0
-0.47,-1.38,1.56,0.52,-0.79,0.21,-0.89,0.89,2,0,0
0.13,-0.9,1.47,1.53,1.29,-1.25,0.67,-0.15,2,0,0
2.61,3.3,-5.0,-2.2,-5.07,-0.75,-3.48,-0.6,2,0,0
0.27,-0.58,-0.44,-0.78,-1.49,2.73,-1.84,-0.24,2,0,0
2.98,1.41,-1.96,-1.14,-1.05,-0.24,0.33,-1.61,2,0,0
-1.23,1.78,-1.14,-0.42,0.06,-1.71,0.73,1.97,2,0,0
0.81,-0.8,-0.5,0.09,0.86,1.87,0.01,-2.52,2,0,0
2.34,1.14,-2.34,-1.43,0.38,0.12,1.18,-2.34,2,0,0
0.99,0.37,-0.26,-0.41,0.44,-0.13,1.5,-0.84,2,0,0
-1.87,1.98,-2.48,-1.22,1.11,-0.91,0.55,1.74,2,0,0
-0.9,-1.64,1.58,1.18,1.15,-1.57,0.11,0.63,2,0,0
1.14,1.68,-1.62,0.01,-0.39,-0.27,0.24,-1.13,2,0,0
-0.7,-3.03,4.78,3.16,-1.63,-0.6,-1.28,0.32,2,0,0
-1.41,0.54,-0.07,0.9,2.97,-0.39,1.54,0.62,2,0,0
1.26,1.27,-1.15,-2.51,-1.0,0.48,1.01,1.44,2,0,0
-0.64,-2.68,2.07,1.62,-0.28,0.21,-1.79,-0.42,2,0,0
-1.16,-0.08,-0.32,-0.84,-1.88,-2.51,-1.6,3.1,2,0,0
1.83,0.27,-0.26,0.93,-0.7,-0.57,-0.26,-1.82,2,0,0
0.16,-1.0,1.6,2.25,-0.08,0.81,-0.39,-1.89,2,0,0
2.84,1.84,-4.38,-2.06,0.86,2.92,0.52,-4.14,2,0,0
-1.57,1.39,-0.53,-1.02,-2.15,-1.74,-1.08,4.33,2,0,0
1.36,0.27,-0.45,0.26,0.44,0.91,0.4,-1.5,2,0,0
2.28,0.68,-2.54,-1.76,0.13,-2.63,1.11,-1.77,2,0,0
-0.81,1.75,-1.3,-2.28,-1.35,-1.47,1.16,2.33,2,0,0
-1.53,1.83,-3.68,0.78,0.16,-1.44,-2.17,-1.22,2,0,0
-3.14,-2.42,3.54,1.34,1.52,2.34,0.13,2.27,2,0,0
-2.13,0.01,0.6,-0.76,0.28,1.99,0.49,2.25,2,0,0
0.19,1.62,-0.85,0.64,-1.41,-1.54,0.22,-0.85,2,0,0
2.7,4.65,-4.71,-2.35,-2.81,-0.03,0.57,-1.72,2,0,0
1.73,-0.76,2.61,0.95,-2.08,-1.34,-0.21,1.47,2,0,0
-1.1,-0.68,1.1,1.52,0.96,0.9,-0.53,0.46,2,0,0
-1.48,-1.84,0.62,-0.42,1.37,1.75,-0.78,1.24,2,0,0
-1.77,-1.01,1.96,0.93,0.89,-2.03,0.39,2.83,2,0,0
-0.89,0.53,-0.9,-1.57,-0.76,0.04,-0.22,1.71,2,0,0
-0.61,1.08,0.44,0.92,1.12,-1.92,1.91,0.86,2,0,0
-2.96,0.57,-0.47,1.52,-0.4,-1.3,-1.2,0.26,2,0,0
0.64,1.75,-3.02,0.23,-0.15,-0.22,-1.55,-1.2,2,0,0
-0.69,2.32,-2.1,1.27,-2.69,-1.71,-2.41,-0.4,2,0,0
0.41,-0.59,0.62,-0.06,-2.09,0.29,-1.81,1.28,2,0,0
-1.41,-1.22,1.45,0.44,0.74,2.11,-0.48,1.38,2,0,0
0.16,2.14,-3.24,-1.22,2.46,-0.47,1.81,-0.76,2,0,0
0.95,-1.63,1.42,1.54,2.18,0.12,0.84,-1.62,2,0,0
-1.5,-0.49,-0.42,0.45,-0.31,-0.49,-1.78,0.86,2,0,0
2.57,0.99,-2.02,-3.09,-2.67,-0.09,-0.07,-0.27,2,0,0
0.16,1.75,-2.6,-0.48,-1.51,0.46,-1.39,-0.67,2,0,0
-1.21,-2.09,3.08,1.23,1.22,0.37,0.92,1.05,2,0,0
-3.69,-3.06,4.98,3.96,3.42,-0.32,1.05,1.43,2,0,0
2.47,0.61,-0.54,0.31,-1.95,-3.66,-0.5,-0.28,2,0,0
-4.2,0.25,0.26,0.22,1.06,2.04,0.29,1.56,2,0,0
1.79,0.4,0.37,1.24,-1.83,0.36,-0.27,-2.6,2,0,0
0.49,-0.01,0.3,-0.5,0.51,-2.43,1.56,1.02,2,0,0
-2.09,-3.47,4.58,-0.28,2.56,3.07,2.16,2.62,2,0,0
-1.27,-1.84,1.55,0.39,-0.36,-2.08,-1.14,2.4,2,0,0
1.71,4.16,-4.31,-3.08,-4.7,-1.78,-1.29,1.67,2,0,0
-1.13,-0.08,-0.53,0.17,2.63,-0.68,0.96,0.44,2,0,0
-3.22,0.81,-0.55,2.29,1.86,-0.53,-0.16,-0.43,2,1,1
2.98,-0.68,0.95,-1.11,0.22,0.99,1.8,-0.67,2,0,0
1.48,-0.86,0.91,1.35,0.99,-0.49,0.66,-1.86,2,0,0
-0.91,0.58,-0.57,0.57,1.6,0.29,0.63,-0.07,2,0,0
0.25,-1.06,1.95,1.9,-0.62,-1.34,-0.29,-0.34,2,0,0
0.09,1.36,1.23,-0.75,-4.52,0.34,-0.93,3.47,2,0,0
-5.09,-1.48,2.02,4.51,2.48,-1.36,-2.11,1.75,2,0,0
-0.52,-1.66,2.45,-0.39,1.22,0.33,2.18,1.04,2,0,0
-0.9,0.11,-0.12,-0.52,1.28,-0.59,0.77,1.64,2,0,0
-0.99,0.0,1.01,-1.08,-2.74,-0.43,-0.42,2.67,2,0,0
-4.77,-0.5,1.2,0.68,-0.43,-3.66,-1.52,5.56,2,0,0
1.16,2.03,-0.9,-0.38,-3.13,-3.13,0.14,0.37,2,0,0
-0.02,-2.67,2.2,1.26,2.06,1.7,0.28,-1.31,2,0,0
4.45,1.49,-2.61,-1.57,-1.62,-0.89,-0.13,-1.88,2,0,0
-0.49,1.22,-0.48,-0.29,0.19,0.87,0.58,1.06,2,0,0
-0.37,-0.15,1.1,0.95,-0.85,-3.69,-0.2,1.93,2,0,0
1.12,0.29,-1.56,-1.43,-0.68,-0.41,-0.67,0.27,2,0,0
-0.53,0.12,0.82,2.1,-2.35,-2.51,-2.33,1.21,2,0,0
0.73,-0.28,-1.36,-1.24,3.34,2.62,2.15,-2.17,2,0,0
0.0,-0.61,-0.59,0.83,0.88,-1.33,-0.39,-1.62,2,0,0
-3.75,-0.36,1.83,1.99,-0.23,0.51,-0.66,1.59,2,0,0
0.08,2.23,-3.41,-1.52,-3.9,0.69,-2.54,-0.63,2,0,0
1.26,1.11,-1.15,-0.13,-0.87,-0.89,-0.42,-0.07,2,0,0
-0.26,-0.12,-0.03,0.11,-2.04,0.68,-2.19,1.14,2,0,0
-2.32,0.03,0.56,-1.45,-1.28,-0.06,0.11,3.23,2,0,0
1.8,1.29,-0.72,-1.35,-0.02,1.35,2.72,-2.09,2,0,0
0.73,-2.0,2.58,-0.41,-1.61,-0.53,-0.08,1.6,2,0,0
0.01,-1.62,1.57,0.62,-0.99,-2.44,-1.49,2.22,2,0,0
-0.61,1.28,-1.4,0.22,0.29,0.79,-0.29,-0.01,2,0,0
2.5,0.28,-0.16,-1.78,-1.61,1.56,0.45,0.07,2,0,0
-0.34,-0.79,0.89,0.23,-2.42,-1.39,-2.56,2.65,2,0,0
-2.68,-3.25,4.3,2.22,-0.91,-2.12,-2.26,3.99,2,0,0
-1.36,-0.81,1.37,-0.43,2.33,-2.96,2.68,2.29,2,0,0
-0.95,-0.87,0.41,-0.39,0.75,0.39,-0.05,1.05,2,0,0
0.99,-0.6,1.58,-0.1,0.33,2.72,1.32,-0.34,2,0,0
-2.08,-0.94,2.7,1.37,1.11,2.13,0.58,1.78,2,0,0
-0.46,-0.3,2.21,0.53,-1.14,-2.04,0.43,2.89,2,0,0
0.2,0.7,0.46,1.21,-1.77,0.05,-1.55,0.95,2,0,0
-1.57,-2.87,5.18,1.54,-0.9,-0.66,-0.12,3.75,2,0,0
-2.06,-1.06,2.65,0.23,-1.36,-0.0,-1.12,4.76,2,0,0
-3.3,-2.12,3.91,1.92,3.12,-0.17,2.31,1.98,2,0,0
0.59,-0.77,2.12,-0.24,-1.18,-0.06,0.76,1.42,2,0,0
2.19,-0.23,-0.75,0.17,-3.14,-0.07,-2.78,-1.34,2,0,0
-1.11,-1.43,1.54,0.79,-2.41,-2.02,-2.27,1.77,2,0,0
0.49,1.75,-4.19,-2.31,-1.46,1.52,-2.05,-0.66,2,0,0
-0.89,0.86,-3.13,0.09,-1.18,1.56,-3.75,-0.77,2,0,0
-1.66,-3.4,1.83,2.51,0.48,1.16,-3.55,-0.48,2,0,0
-0.06,0.02,-0.86,0.35,1.77,0.55,0.49,-1.34,2,0,0
2.35,0.93,-2.02,-2.35,-1.93,1.34,-0.63,-0.27,2,0,0
-0.86,0.83,-1.01,-1.48,0.39,-0.08,1.29,0.91,2,0,0
-2.46,0.58,-0.24,0.32,-2.38,-2.55,-3.12,4.74,2,0,0
0.4,-0.13,-0.06,-1.63,-3.24,0.23,-2.02,2.57,2,0,0
0.77,2.38,-1.36,-0.32,0.91,-1.9,2.32,0.22,2,0,0
-0.41,1.35,-2.54,0.2,2.07,0.98,0.48,-1.93,2,0,0
2.61,1.24,-0.52,-0.11,0.64,0.71,2.2,-2.05,2,0,0
0.69,-0.71,1.18,1.01,0.76,2.41,0.89,-2.09,2,0,0
-0.61,0.71,-0.13,-0.96,-0.71,-1.19,1.4,0.7,2,0,0
-2.08,-0.75,0.86,-0.96,1.12,1.04,0.4,2.89,2,0,0
-0.93,2.81,-2.11,-2.06,-1.09,-0.62,1.14,2.22,2,0,0
0.17,-0.83,2.89,1.04,-2.23,-0.27,0.67,-0.17,2,0,0
-0.88,-0.85,0.51,-0.96,1.56,-1.18,1.85,0.98,2,0,0
-0.51,-0.38,0.18,0.55,0.05,-0.79,-0.62,0.44,2,0,0
-2.41,-4.41,5.43,1.06,4.16,3.81,2.84,0.46,2,0,0
0.74,0.76,-1.56,-0.32,0.54,1.32,0.53,-2.11,2,0,0
0.56,-0.67,0.98,0.77,-1.09,1.3,-1.53,0.61,2,0,0
-0.25,-0.47,1.63,1.96,-1.52,-0.32,-1.27,0.18,2,0,0
-2.05,0.28,0.74,0.64,-2.05,-0.96,-1.97,3.24,2,0,0
-0.51,2.87,-2.57,-0.17,0.83,-1.97,1.19,0.13,2,0,0
0.65,-0.36,1.23,0.9,-1.94,-0.65,-1.02,0.49,2,0,0
1.32,0.31,-0.49,0.17,-1.6,-2.34,-1.1,0.3,2,0,0
-0.25,-1.04,2.4,2.16,0.16,0.23,0.16,-0.4,2,0,0
1.98,1.15,-2.13,-0.96,-0.4,-0.91,-0.0,-0.83,2,0,0
-1.76,1.11,-2.71,-1.18,0.78,2.85,-0.9,-0.21,2,0,0
-0.26,3.0,-2.3,-1.24,-2.26,-1.65,0.31,0.93,2,0,0
-3.39,1.01,-0.39,1.94,0.74,1.89,-1.31,0.68,2,0,0
-0.75,3.19,-4.57,-1.53,0.05,1.68,-1.51,0.73,2,0,0
-1.3,-1.56,1.65,1.37,1.73,0.61,0.62,-0.63,2,0,0
-0.35,0.82,0.44,0.58,-2.35,-0.26,-0.79,0.65,2,0,0
0.3,-1.53,3.13,1.22,-1.78,-0.52,-0.64,1.72,2,0,0
0.03,-0.88,-0.0,0.75,1.34,1.99,-0.76,-1.1,2,0,0
-1.58,0.18,0.25,2.02,-0.7,-0.96,-2.31,1.38,2,0,0
-3.01,0.27,0.72,1.08,0.71,0.76,-0.49,2.56,2,0,0
-1.84,-0.65,2.92,1.44,-1.87,0.5,-0.39,1.65,2,0,0
1.25,0.92,-1.99,-0.08,-3.96,2.16,-4.4,-0.67,2,0,0
0.83,-0.2,2.03,-0.21,-1.36,-1.74,0.71,2.85,2,0,0
2.63,0.18,-1.55,-1.23,-4.18,1.04,-3.34,-0.71,2,0,0
2.25,0.8,-0.58,0.15,-1.4,-0.68,0.19,-1.54,2,0,0
-1.56,-1.21,3.3,1.93,-3.52,-0.27,-2.3,2.23,2,0,0
0.43,-1.4,-1.08,0.52,2.39,1.97,-0.37,-3.46,2,0,0
1.68,-0.02,0.08,-0.49,-1.78,4.68,-0.32,-2.7,2,0,0
1.85,-1.8,0.29,-1.2,2.45,1.05,0.79,0.05,2,0,0
1.41,0.56,-1.99,-3.31,-0.05,1.32,0.96,0.23,2,0,0
3.34,2.24,-2.74,-1.35,-0.96,-0.57,0.69,-1.67,2,0,0
-0.18,-1.71,2.03,-0.82,-0.74,-0.3,0.45,1.74,2,0,0
0.58,2.61,-3.64,-1.26,-2.81,-1.0,-0.96,-1.55,2,0,0
-1.23,-2.34,2.27,1.2,1.8,0.67,0.48,-0.1,2,0,0
-1.02,2.68,-2.33,0.34,-3.33,-2.65,-1.54,-0.03,2,0,0
2.81,2.38,-2.27,-1.04,-1.76,0.65,0.82,-2.63,2,0,0
1.59,0.6,-1.26,-0.33,-1.6,-0.92,-1.23,-0.33,2,0,0
1.11,-1.18,2.7,0.59,0.5,-0.39,1.84,0.48,2,0,0
-0.73,0.11,-0.36,-0.18,-0.11,-0.28,-0.64,1.25,2,0,0
2.25,-1.31,0.48,0.73,-1.96,1.09,-2.08,-1.86,2,0,0
-0.43,-3.09,4.68,2.75,1.03,-1.71,0.49,1.14,2,0,0
1.63,1.11,0.18,0.06,-2.09,0.65,-0.28,0.36,2,0,0
2.54,-2.39,2.42,-1.94,-2.62,0.36,-0.31,1.72,2,0,0
-2.31,-1.57,1.86,0.57,-0.06,1.87,0.03,-0.06,2,0,0
2.73,-1.21,1.5,1.32,-0.54,-1.85,-0.49,-0.53,2,0,0
0.57,-2.75,3.81,1.73,-2.17,1.69,-1.66,0.05,2,0,0
1.52,-0.14,-0.74,-1.09,-1.13,-0.15,-1.16,0.71,2,0,0
4.78,-0.76,-0.04,-1.94,0.9,2.23,2.19,-2.56,2,0,0
1.23,0.45,0.02,-0.16,-1.69,1.42,-0.66,-0.1,2,0,0
-3.19,-0.26,-0.25,0.03,2.14,0.01,0.09,1.83,2,0,0
0.67,1.3,-1.72,-0.66,-0.26,0.1,0.21,-0.68,2,0,0
-0.46,0.62,0.57,1.18,1.41,-2.46,2.2,-0.23,2,0,0
-0.17,1.42,-0.94,-0.82,-0.09,0.26,1.49,-0.28,2,0,0
2.4,1.26,-1.59,-0.6,-3.02,-1.23,-1.32,-0.75,2,0,0
-0.72,0.53,-0.77,0.08,0.28,-2.84,0.02,1.42,2,0,0
0.33,1.2,-2.33,-1.26,1.2,1.28,1.69,-2.42,2,0,0
1.41,1.38,-1.73,-2.2,-0.37,-0.18,1.68,-0.32,2,0,0
-0.95,-2.14,3.26,-0.05,1.13,-0.06,2.32,1.31,2,0,0
-0.91,1.41,-0.79,-0.43,-2.29,0.09,-0.99,1.13,2,0,0
0.12,-0.89,1.53,-0.1,0.2,-0.79,1.45,0.47,2,0,0
-1.8,2.14,-2.43,-0.79,-4.77,-1.56,-4.62,4.02,2,0,0
-0.37,1.09,0.18,0.3,-1.06,-1.13,0.23,1.18,2,0,0
-1.34,-1.24,3.03,-1.1,-0.86,1.42,1.01,3.62,2,0,0
0.54,-0.21,0.12,1.42,-0.97,-1.65,-0.7,-1.52,2,0,0
-1.84,-2.34,4.09,1.86,-1.12,-1.33,-0.98,3.06,2,0,0
-0.35,-1.83,0.8,-0.2,0.17,-0.29,-1.14,1.11,2,0,0
0.35,-1.74,0.73,0.03,2.0,-0.11,0.18,0.47,2,0,0
0.17,-1.38,-0.44,1.06,2.98,-0.28,0.18,-2.49,2,0,0
-3.12,-0.12,1.39,-0.02,-0.87,-0.65,-0.26,3.7,2,0,0
-1.99,-1.08,2.12,0.65,-1.0,-0.42,-0.61,2.41,2,0,0
2.42,1.2,-1.2,-1.04,-2.85,1.6,-1.0,-0.71,2,0,0
-1.52,0.56,-1.81,1.76,4.26,0.13,0.79,-2.41,2,0,0
0.48,-2.2,1.07,0.1,-1.41,2.01,-2.03,-1.05,2,0,0
0.03,0.25,0.42,0.82,-0.01,1.16,0.33,-0.83,2,0,0
-0.37,1.71,-3.77,-1.19,-0.22,0.15,-1.48,-0.54,2,0,0
0.45,0.82,-0.86,-0.72,-0.49,0.9,0.26,-0.16,2,0,0
0.69,-0.7,0.79,-0.88,-0.61,-0.05,0.6,0.51,2,0,0
0.24,0.26,0.32,-1.8,0.21,1.98,1.36,1.69,2,0,0
-2.01,1.61,-1.97,-0.06,1.49,2.8,0.76,-1.56,2,0,0
1.2,-0.54,-0.71,0.89,-1.39,-1.1,-2.53,-0.79,2,0,0
0.55,1.5,-3.07,-0.12,-0.93,-0.51,-1.78,-1.42,2,0,0
0.28,-2.67,3.37,1.13,1.23,-0.34,1.0,0.45,2,0,0
-1.6,-2.45,4.52,1.9,2.52,-1.38,2.35,2.18,2,0,0
0.03,1.22,-1.36,0.86,0.44,-3.0,0.38,-0.7,2,0,0
0.18,1.49,-0.66,-0.45,-1.84,-2.33,-0.24,1.94,2,0,0
-0.26,-1.16,0.21,-1.22,-0.08,0.8,-0.86,1.94,2,0,0
-1.54,-2.64,2.61,1.25,1.09,-1.73,-0.37,1.89,2,0,0
-0.05,-0.61,-0.35,-0.14,-0.59,2.25,-1.33,-0.83,2,0,0
-1.07,1.22,-1.42,0.25,-0.25,-0.23,-0.32,-0.34,2,0,0
-0.84,-0.22,-0.27,-1.8,-0.41,-0.05,0.1,2.2,2,0,0
-2.43,0.36,-0.69,0.83,-2.8,-3.29,-3.75,3.18,2,0,0
-1.31,-1.07,2.0,0.5,0.93,0.93,1.46,0.44,2,0,0
-2.54,0.23,-1.52,1.28,1.98,-3.7,-1.34,1.7,2,0,0
1.46,1.06,-2.33,0.02,-0.17,0.51,-0.88,-2.17,2,0,0
-2.33,-0.12,0.37,-1.32,-1.63,1.24,-1.03,3.17,2,0,0
-1.55,-2.54,2.58,1.8,-0.39,1.88,-2.3,0.77,2,0,0
-1.95,0.21,-0.16,1.76,-0.37,0.36,-2.46,0.89,2,0,0
-0.35,0.77,-0.37,-0.59,0.84,-1.88,1.53,1.45,2,0,0
1.67,-0.75,0.89,0.14,-0.87,2.57,-0.23,-1.59,2,0,0
-0.25,-0.23,0.52,-0.14,1.33,0.35,1.34,0.38,2,0,0
1.48,1.38,-0.81,1.15,-2.16,-1.07,-1.3,-0.86,2,0,0
1.53,-0.67,1.57,1.64,1.05,4.49,1.59,-4.47,2,0,0
-2.05,-2.17,3.81,2.68,-0.75,1.65,-0.83,0.04,2,0,0
-1.51,-1.06,1.53,1.9,1.83,-0.24,0.72,-0.56,2,0,0
1.75,-0.63,-1.08,0.01,0.46,-0.41,-0.36,-2.37,2,0,0
-0.58,-2.36,2.62,2.13,-0.45,-1.54,-1.76,1.21,2,0,0
-0.78,-1.08,2.49,4.19,2.45,1.61,0.67,-2.68,2,0,0
-4.45,-0.78,1.38,2.2,0.46,-1.25,-1.58,2.63,2,0,0
-1.41,1.47,-1.47,0.19,2.19,5.35,1.25,-2.59,2,0,0
1.91,-0.68,2.35,-0.12,0.05,0.89,2.96,-1.02,2,0,0
-0.01,0.6,-0.66,-0.15,1.69,0.95,2.31,-2.18,2,0,0
5.99,3.24,-4.88,-3.08,-3.29,-2.07,-0.17,-2.32,2,0,0
-0.14,0.95,-1.76,-2.56,-3.0,-1.1,-1.87,3.19,2,0,0
-2.99,0.92,-1.03,-1.19,0.85,-0.16,0.64,2.5,2,0,0
2.97,0.52,0.28,-0.54,-3.54,-0.34,-0.38,-0.68,2,0,0
-0.53,-3.3,4.2,1.15,-0.81,1.73,-0.97,1.29,2,0,0
-0.95,-0.07,-0.11,0.15,0.23,1.4,-0.91,0.92,2,0,0
-3.15,1.75,-1.2,-0.24,2.22,-2.42,2.02,2.19,2,0,0
-1.11,0.13,0.54,0.44,0.85,-0.99,0.81,0.99,2,0,0
-0.16,1.19,-0.9,-0.03,1.28,-0.65,1.29,0.34,2,0,0
2.27,1.64,-2.88,-4.38,-1.32,-1.02,1.49,0.9,2,0,0
-3.0,-2.69,4.26,2.78,3.04,1.94,1.77,-0.33,2,0,0
-0.68,-1.03,1.69,1.91,-1.68,-1.58,-1.87,0.86,2,0,0
4.95,2.8,-2.96,-2.03,-1.91,-0.45,1.81,-3.14,2,0,0
1.28,-1.17,1.06,-0.57,0.91,-0.66,0.89,1.08,2,0,0
-1.53,-1.23,1.01,1.17,0.84,1.24,-0.93,0.35,2,0,0
-3.86,-2.39,3.82,3.71,4.02,0.96,1.93,-1.05,2,0,0
2.34,0.84,-1.53,-0.16,-0.37,-3.12,-0.32,-0.05,2,0,0
-2.0,1.19,-0.91,0.35,2.57,0.73,2.27,-1.11,2,0,0
-0.63,-1.28,1.91,0.25,-1.01,-3.14,-0.87,3.76,2,0,0
2.14,0.16,0.87,0.07,-1.47,-2.08,0.29,1.13,2,0,0
0.38,-2.46,3.49,1.92,0.51,-1.04,1.3,-1.24,2,0,0
2.79,-0.59,0.51,-1.24,-0.74,0.9,1.28,-1.52,2,0,0
0.13,-0.15,0.23,0.66,0.77,1.84,0.11,-0.95,2,0,0
-3.09,0.51,-1.16,0.92,-0.2,1.34,-2.73,1.38,2,0,0
2.19,-0.92,1.35,-0.22,0.63,-1.22,1.98,-0.49,2,0,0
-2.29,0.39,-1.33,1.08,-1.37,-0.89,-3.56,1.49,2,0,0
2.39,1.44,-1.79,-1.88,-1.03,2.33,0.41,-0.9,2,0,0
-2.6,-0.22,0.04,1.69,0.87,-0.38,-1.57,1.06,2,0,0
-1.91,-1.44,1.41,1.75,2.09,2.02,0.05,-0.72,2,0,0
-4.47,-1.12,3.15,3.04,0.14,0.18,-1.64,3.35,2,0,0
-0.93,0.06,-0.85,0.31,0.99,1.19,0.12,-1.64,2,0,0
-2.83,-0.36,0.85,0.73,2.46,0.85,1.18,0.99,2,0,0
0.63,1.41,0.81,1.46,-5.83,-1.24,-2.16,-0.41,2,0,0
1.94,-1.44,1.6,-0.18,0.2,-0.01,1.17,-0.47,2,0,0
0.71,1.27,-2.39,-0.47,2.49,0.82,1.68,-2.48,2,0,0
-1.88,0.15,2.25,2.13,0.39,-3.38,1.27,2.19,2,0,0
-1.49,0.01,-0.37,-2.47,-0.2,1.54,0.52,2.51,2,0,0
-1.84,1.06,-0.01,2.19,0.29,-0.91,0.27,-0.85,2,0,0
0.09,3.24,-2.21,-0.7,-1.61,-1.02,0.66,0.29,2,0,0
-2.16,-1.65,2.49,1.41,0.94,-0.95,-0.28,2.6,2,0,0
1.98,1.11,-0.69,-0.76,0.1,-0.8,2.17,-1.26,2,0,0
-1.3,-0.23,0.76,1.05,-0.11,1.57,-0.59,0.12,2,0,0
-0.77,-1.23,1.87,0.87,2.93,0.05,2.07,0.6,2,0,0
-1.98,-1.1,0.6,-0.01,0.63,-0.42,-0.87,2.29,2,0,0
0.52,0.65,-3.56,-1.41,3.28,-0.18,0.16,-0.65,2,0,0
-2.34,-1.82,1.97,1.18,5.87,2.48,3.26,-0.59,2,0,0
0.18,-0.9,0.11,-0.25,-2.13,2.2,-3.14,1.21,2,0,0
1.58,-1.1,1.59,0.31,-0.05,0.74,0.92,-1.02,2,0,0
-0.37,2.2,-3.06,-0.48,-2.12,0.61,-1.8,-1.34,2,0,0
-0.91,0.26,0.22,0.52,2.15,-1.42,1.7,0.5,2,0,0
-1.66,1.01,-1.94,-0.8,0.54,1.5,-0.38,0.17,2,0,0
-2.94,-4.04,4.37,0.19,1.8,1.32,-0.05,4.11,2,0,0
-1.51,-0.67,0.26,0.49,3.02,0.87,2.38,-1.95,2,1,1
1.99,1.14,-1.27,-1.68,-1.41,0.9,0.21,-0.13,2,0,0
0.14,-0.78,-0.43,0.23,-0.11,0.64,-1.51,-0.57,2,0,0
-1.05,-0.09,0.37,0.18,-0.55,-0.18,-1.12,2.19,2,0,0
1.83,3.3,-4.73,-2.04,-3.27,0.51,-2.19,-0.82,2,0,0
0.89,1.75,-3.7,0.33,-1.11,1.01,-2.94,-2.28,2,0,0
2.19,2.42,-2.93,-2.46,-1.69,-0.19,0.48,-0.19,2,0,0
-2.25,-1.49,2.23,2.12,2.64,-2.02,1.22,0.73,2,0,0
0.33,-0.92,-0.78,-1.01,-0.6,-0.67,-0.42,-0.5,3,0,0
-0.78,0.69,0.31,2.01,0.11,-0.49,-0.69,-1.74,3,0,0
1.56,2.27,-4.11,-2.78,-0.59,1.37,-0.98,-2.04,3,0,0
-1.2,-1.96,0.83,-0.77,-1.17,2.02,-0.09,2.45,3,0,0
1.61,0.4,-1.11,-0.98,-0.28,0.16,-0.42,-0.93,3,0,0
-4.29,2.03,0.54,-1.26,0.57,3.15,-0.03,2.35,3,0,0
-2.08,2.64,-1.77,-2.38,1.23,3.19,0.78,1.26,3,0,0
-3.16,1.8,1.94,-3.29,0.55,-0.26,-0.95,2.65,3,0,0
-0.45,0.4,-4.54,-2.39,-0.0,2.73,0.07,2.32,3,0,0
-0.76,1.39,0.68,0.16,0.5,0.01,0.07,-0.82,3,0,0
-0.87,-0.57,-1.97,3.02,0.29,2.37,-0.06,-2.74,3,0,0
-1.83,0.02,2.58,-1.74,-1.44,0.94,-1.62,2.43,3,0,0
-1.43,0.48,-1.59,-0.08,0.07,2.47,-0.98,-1.47,3,0,0
1.65,-1.17,-0.33,3.25,-0.37,-1.08,0.7,-1.92,3,0,0
-0.86,0.2,-0.78,-1.9,-1.26,3.45,-0.67,2.85,3,0,0
1.85,-3.18,-2.18,3.16,-2.51,2.36,-0.33,-0.01,3,0,0
-0.02,-0.47,-0.01,0.71,-1.66,1.16,-0.59,0.47,3,0,0
0.37,-2.39,0.69,3.69,1.41,-2.25,2.34,0.49,3,0,0
-0.82,-1.21,0.81,-0.55,-2.98,0.71,-2.34,1.73,3,0,0
-0.35,-0.89,-1.47,-0.42,-0.48,1.24,0.26,1.99,3,0,0
1.32,-0.17,-2.58,-1.49,-0.57,-0.03,-0.93,-1.45,3,0,0
-0.82,-2.04,4.64,2.34,0.08,-2.09,0.7,0.45,3,0,0
-0.17,-1.22,0.84,1.67,0.22,-1.23,-0.13,-1.82,3,0,0
1.49,-0.81,-2.54,0.31,0.22,0.13,0.47,-1.95,3,0,0
-2.24,-1.85,0.72,2.0,-0.39,0.83,-1.42,-1.59,3,0,0
-2.73,-0.17,0.23,-1.88,-0.68,2.88,-0.49,2.78,3,0,0
-2.32,1.82,1.01,-0.56,1.98,-1.87,0.99,0.93,3,0,0
0.78,-0.72,0.75,0.73,-2.07,-0.37,-1.61,0.27,3,0,0
-0.05,-2.01,-0.15,2.26,0.31,-3.26,-1.15,-3.29,3,0,0
-4.36,0.51,1.67,0.72,-1.33,3.59,-2.67,0.32,3,0,0
1.36,-0.33,1.97,3.37,1.73,-5.55,1.43,-1.95,3,0,0
0.3,-1.06,-3.33,-0.55,-0.15,3.12,0.77,0.85,3,0,0
0.04,0.7,-3.27,-0.9,1.05,0.62,0.5,-0.75,3,0,0
-3.41,-2.55,1.38,1.67,-0.35,2.4,-0.48,2.32,3,0,0
-0.24,3.0,-1.73,-2.1,1.43,-0.97,1.38,2.15,3,0,0
-3.0,0.67,-0.23,-5.2,-0.76,3.34,-1.44,3.16,3,0,0
-4.02,1.08,0.28,-0.18,0.81,0.52,-0.31,2.19,3,0,0
1.76,-2.42,1.65,-0.58,-0.01,-2.21,1.12,2.4,3,0,0
-2.67,3.49,1.28,-2.07,-0.75,3.98,-0.06,2.18,3,0,0
0.56,-0.75,-1.44,-3.02,-1.09,0.73,0.39,3.98,3,0,0
-1.2,-0.81,2.07,0.77,1.67,-4.47,0.73,0.96,3,0,0
-1.88,0.45,-1.0,2.19,0.67,0.21,-0.47,-1.15,3,0,0
0.53,-0.28,-1.37,-1.77,-1.35,-1.05,-1.74,0.93,3,0,0
-2.44,2.56,0.36,-0.53,0.49,1.79,-0.17,0.07,3,0,0
0.45,-1.9,-1.2,0.11,-1.34,0.08,-0.46,1.94,3,0,0
-0.17,-0.89,-0.5,-0.96,-1.23,0.51,-1.54,0.11,3,0,0
-2.46,-1.35,0.24,-1.63,-1.2,3.12,-0.7,3.33,3,0,0
-0.29,0.18,-0.19,-1.98,-2.2,0.6,-2.09,1.21,3,0,0
-2.27,1.55,-0.3,-2.03,1.25,2.4,0.59,0.99,3,0,0
-1.09,-1.31,0.39,0.84,2.05,0.62,2.38,0.8,3,0,0
1.6,-0.37,-2.62,-2.5,0.85,-0.77,1.2,0.61,3,0,0
0.22,2.92,-0.15,-3.47,0.28,-0.34,-1.0,-1.48,3,0,0
-0.07,-3.37,0.51,3.59,-0.68,-0.86,-1.43,-3.77,3,0,0
-1.92,1.13,-0.52,1.16,0.72,0.84,0.99,0.18,3,0,0
-2.32,-0.08,2.35,-2.23,-0.91,0.75,-1.67,1.97,3,0,0
-1.01,2.08,-1.24,-1.08,0.24,1.94,0.53,0.44,3,0,0
-2.09,-0.06,3.79,-1.14,-2.17,-0.65,-3.6,0.45,3,0,0
0.88,0.32,-5.08,-0.38,-0.86,2.54,-1.66,-2.41,3,0,0
1.02,0.4,-3.43,-2.93,0.17,0.08,1.01,2.57,3,0,0
0.87,-0.74,-0.91,2.25,-0.29,-0.33,0.71,-1.33,3,0,0
0.96,-2.05,-0.12,1.0,0.73,-3.25,1.03,0.39,3,0,0
-4.48,0.29,6.64,1.63,2.16,-4.57,1.16,2.1,3,0,0
0.61,3.64,0.07,-2.18,0.94,-2.46,0.36,-2.01,3,0,0
-1.13,-0.08,-3.12,-0.43,0.41,2.35,0.25,1.32,3,0,0
-2.76,0.66,1.71,-2.17,-0.69,1.88,0.2,4.52,3,0,0
-1.29,-0.59,1.59,0.22,0.15,-0.62,0.37,1.26,3,0,0
0.33,2.18,0.27,-2.46,-1.73,0.78,-1.75,-0.34,3,0,0
-1.92,2.05,-1.28,-1.82,1.28,0.06,0.37,1.29,3,0,0
-1.33,-1.98,4.81,1.75,1.68,-4.73,0.59,-0.2,3,0,0
1.52,-4.33,1.56,3.35,0.32,-4.84,0.35,-1.88,3,0,0
0.41,0.0,-1.74,-2.5,-0.31,2.53,0.59,2.69,3,0,0
-0.35,1.04,0.79,-2.33,0.5,-1.15,-0.33,-0.76,3,0,0
1.08,-2.36,0.36,-0.59,-1.53,-1.08,-1.1,0.74,3,0,0
0.74,0.14,-0.14,2.1,1.07,-3.46,0.21,-2.85,3,0,0
-1.44,1.71,1.98,-1.68,0.02,-1.16,-1.61,0.1,3,0,0
-1.41,-0.43,0.74,0.08,-1.44,0.39,-2.11,-0.08,3,0,0
-0.11,0.91,-1.54,-0.54,2.22,-0.36,2.15,-0.35,3,0,0
0.97,1.15,-2.59,-5.2,-2.25,-0.38,-3.88,-0.74,3,0,0
-1.15,-3.06,-0.46,0.05,0.81,-0.3,-0.38,-0.23,3,0,0
-0.58,-1.02,0.99,0.51,-0.68,0.78,-0.04,-0.39,3,0,0
2.3,-1.23,0.14,0.06,-0.13,-2.83,0.24,-1.86,3,0,0
1.52,-0.82,1.12,3.16,-1.12,-1.01,-0.44,-3.59,3,0,0
-3.37,1.08,1.67,-1.47,0.46,0.31,-2.15,-0.59,3,0,0
-3.72,0.65,4.59,-0.71,-0.3,-0.24,-1.4,0.45,3,0,0
-0.89,-0.61,0.35,-0.33,0.44,-3.0,-1.79,-1.61,3,0,0
-0.52,-1.96,1.09,1.33,-1.53,0.58,-0.37,2.37,3,0,0
1.53,0.43,-0.35,-0.9,0.33,-3.63,0.01,-1.45,3,0,0
-3.07,0.78,1.07,-0.33,0.46,0.65,-0.88,-0.24,3,0,0
-0.18,-1.28,1.09,3.26,-0.44,-1.38,-0.38,-0.19,3,0,0
-0.83,-0.51,2.99,2.28,-1.38,-2.29,-1.48,-0.68,3,0,0
0.67,-0.61,-0.15,0.87,-1.86,0.6,0.06,2.45,3,0,0
-1.83,-0.28,3.05,1.12,1.71,-2.11,1.66,0.04,3,0,0
-1.94,0.91,-0.52,-3.06,0.94,2.93,0.78,2.54,3,0,0
1.9,-1.92,-0.73,-0.54,-1.06,-0.18,0.1,0.03,3,0,0
-0.03,-1.31,2.36,0.4,0.77,-3.71,0.11,-0.96,3,0,0
-3.9,2.31,4.98,1.96,1.53,-1.15,0.47,0.38,3,0,0
-1.29,-1.62,0.48,-1.74,-0.1,0.56,0.73,3.12,3,0,0
-1.39,1.2,-1.93,-0.42,0.73,2.54,0.77,1.36,3,0,0
-0.39,-0.8,-2.05,-0.28,0.59,-0.85,-0.4,-0.71,3,0,0
-0.78,2.52,0.87,-1.12,-0.5,-0.97,-1.77,-1.46,3,0,0
-2.17,0.19,1.33,-0.5,-0.38,1.48,-0.22,1.4,3,0,0
-1.59,1.52,2.69,1.34,-0.86,1.15,-0.58,-0.82,3,0,0
0.82,-3.22,0.22,0.02,-2.25,-0.84,-1.83,0.89,3,0,0
0.16,1.32,-2.54,-0.62,0.63,2.48,1.2,-0.14,3,0,0
2.83,-0.44,-1.24,-0.91,-0.89,-1.09,-0.52,-1.91,3,0,0
-1.24,-0.04,-0.94,0.43,-1.01,2.18,-1.6,-0.88,3,0,0
0.22,0.43,-0.55,0.9,1.14,0.33,2.26,-0.52,3,0,0
-3.02,3.59,0.36,-0.25,2.26,1.67,2.18,0.88,3,0,0
-0.24,0.42,-1.7,-2.81,-0.39,0.58,-1.12,-0.39,3,0,0
-2.75,-0.34,1.78,0.29,0.37,1.06,0.69,1.23,3,0,0
-1.28,-0.13,-0.3,-1.63,-0.17,1.55,-0.67,1.86,3,0,0
-1.12,-0.48,-0.1,-0.55,1.25,0.37,1.8,1.92,3,0,0
-0.89,1.57,-1.4,-1.58,0.39,1.64,1.23,1.77,3,0,0
-2.49,-0.17,0.8,-0.62,0.38,2.3,1.66,4.4,3,0,0
-2.14,-0.31,2.66,1.12,0.04,-2.35,-0.8,0.78,3,0,0
0.32,-0.26,-2.18,-0.93,-0.3,-1.36,-0.65,-0.69,3,0,0
-2.04,0.49,1.25,-0.19,-0.94,1.99,-0.37,1.34,3,0,0
-4.7,0.79,6.4,1.3,0.2,-0.17,0.41,4.97,3,0,0
-1.52,1.77,-1.84,-1.26,-0.26,1.96,-0.61,-0.01,3,0,0
-1.48,-0.34,1.37,-0.67,0.0,0.33,0.07,1.57,3,0,0
-2.09,-1.66,-0.08,0.9,-0.01,1.13,0.38,1.54,3,0,0
0.76,2.99,-3.03,-2.34,-0.5,0.93,0.19,1.16,3,0,0
1.72,-1.02,-3.52,-1.81,0.15,0.91,1.42,3.16,3,0,0
0.53,-0.61,0.39,-0.48,-0.34,-2.5,-1.07,-0.64,3,0,0
0.27,-0.21,-1.76,-0.04,0.88,-1.21,0.26,-1.76,3,0,0
1.7,0.8,-2.62,-1.38,-1.26,0.62,-1.15,-1.22,3,0,0
0.01,0.12,-1.26,0.3,-1.09,1.54,-0.82,-1.21,3,0,0
1.66,0.76,-0.18,-2.45,-1.13,-1.3,-0.51,0.97,3,0,0
0.35,2.46,-3.28,-2.84,0.35,1.09,-0.3,-0.65,3,0,0
2.78,0.06,-1.93,-0.91,-1.96,-0.86,-1.71,-1.46,3,0,0
-1.99,1.03,2.35,-1.35,0.59,-0.74,0.28,0.47,3,0,0
-0.93,0.57,-0.34,-1.56,1.31,0.43,2.5,3.96,3,0,0
0.11,-2.5,1.15,1.76,0.68,-0.51,2.1,1.64,3,0,0
-1.33,2.18,-2.59,-1.8,0.58,1.81,-0.27,0.02,3,0,0
2.91,0.03,-2.35,0.39,0.39,-2.15,1.26,-1.37,3,0,0
2.03,-2.26,-2.26,-0.39,-0.64,-0.13,0.77,1.92,3,0,0
-1.98,0.33,1.53,-0.28,-0.77,1.85,-1.12,0.84,3,0,0
-1.53,1.31,-1.46,0.51,0.63,1.57,0.27,-0.18,3,0,0
0.12,-1.87,1.26,0.25,-0.69,2.08,0.56,2.0,3,0,0
-3.8,2.94,1.71,-2.3,0.59,1.68,0.63,2.87,3,0,0
-0.63,2.13,-0.25,-3.34,-0.19,2.33,-1.54,-1.59,3,0,0
-2.96,1.5,0.93,-2.52,-0.46,0.98,-1.88,1.76,3,1,1
-2.66,1.32,-0.02,-2.9,-0.79,2.67,-0.64,4.66,3,0,0
3.69,0.83,-3.64,-4.02,-2.68,1.49,-1.52,-0.12,3,0,0
-0.77,0.26,-2.19,-0.44,0.91,-1.7,-0.52,-0.48,3,0,0
-0.55,0.11,-0.98,-1.7,-0.48,1.3,0.22,2.68,3,0,0
2.23,-0.81,-3.31,-1.11,1.12,-3.59,0.16,-1.81,3,0,0
0.5,0.3,0.13,0.47,0.21,0.19,0.66,-0.17,3,0,0
0.15,-0.71,-1.76,1.06,-0.17,-0.55,0.5,1.24,3,0,0
-1.49,1.65,0.35,-1.28,0.3,-0.56,-0.24,0.89,3,0,0
0.03,1.02,-2.89,-2.21,-0.06,1.03,0.14,2.27,3,0,0
0.56,0.37,0.5,1.47,0.71,-2.84,0.54,0.34,3,0,0
1.04,1.31,-1.65,-1.92,-1.66,1.73,-0.39,1.56,3,0,0
0.69,-0.67,-0.65,0.15,-0.98,0.37,-0.83,-0.65,3,0,0
-0.7,-0.58,1.63,-1.76,-0.21,-1.72,0.06,2.51,3,0,0
-0.29,0.87,2.34,0.74,0.34,-2.17,-0.43,-1.34,3,0,0
1.86,-0.23,0.5,-0.85,-1.76,-0.36,-1.29,-2.08,3,0,0
1.41,-1.53,-2.39,1.14,-0.94,0.95,-0.47,-0.6,3,0,0
0.97,0.67,-2.65,0.57,-0.12,1.49,0.86,-0.27,3,0,0
0.43,-1.08,0.59,1.23,-1.42,0.58,-0.15,0.72,3,0,0
-2.09,0.37,0.65,0.76,0.53,1.18,0.53,1.41,3,0,0
-1.54,4.41,0.58,-3.81,1.63,-1.51,1.49,2.87,3,0,0
-0.24,-1.21,4.07,0.86,-2.42,-0.44,-1.9,0.52,3,0,0
-1.34,1.14,1.21,-0.75,-1.12,0.44,-1.52,0.11,3,0,0
1.29,0.27,-1.64,-2.64,-0.57,0.8,0.05,1.45,3,0,0
2.39,0.8,-3.62,-2.86,-0.81,-0.57,-0.17,0.44,3,0,0
0.84,-0.22,-1.45,-1.8,-0.03,-1.21,0.1,2.61,3,0,0
-0.78,1.51,-2.35,-0.85,0.36,0.9,-0.16,0.61,3,0,0
1.58,-0.77,-4.49,0.08,-0.53,2.12,-0.28,-1.41,3,0,0
-1.42,2.3,1.32,-2.19,-0.9,-0.3,-1.74,0.64,3,0,0
3.58,-1.0,-2.13,-1.25,-1.81,-0.48,0.35,2.04,3,0,0
-1.57,1.02,-2.46,-0.18,0.89,1.98,-0.31,-1.29,3,0,0
-0.96,1.98,0.59,-0.42,0.22,0.54,-0.87,-2.37,3,0,0
1.19,-1.85,-2.75,0.21,0.78,-0.46,1.1,-0.28,3,0,0
1.22,-2.58,-1.47,-2.83,-1.22,1.61,0.36,3.57,3,0,0
-1.68,-1.19,-0.2,0.77,-0.49,1.47,-0.01,2.45,3,0,0
-0.9,-1.33,1.53,2.11,-0.14,-0.24,0.88,0.66,3,0,0
1.63,0.01,-1.82,-0.82,-2.52,-1.18,-2.35,-0.75,3,0,0
-1.0,0.94,-1.4,0.48,2.4,-0.5,1.6,-1.43,3,0,0
2.12,-2.97,-2.19,1.4,-0.36,-1.53,-0.11,-1.51,3,0,0
-0.04,0.9,-2.0,-1.36,-0.75,-0.6,-1.33,-0.82,3,0,0
0.94,-1.92,-1.38,-0.44,-0.98,-0.3,-0.56,0.61,3,0,0
1.64,1.21,-3.64,1.74,-0.24,0.1,-1.23,-4.88,3,0,0
-2.15,1.68,0.72,-0.12,2.05,-0.56,1.82,1.02,3,0,0
0.45,1.88,-1.62,-2.62,-1.61,2.67,-1.17,0.92,3,0,0
-1.2,-2.62,1.76,2.51,0.26,-0.13,1.09,0.67,3,0,0
0.58,-1.26,-0.45,-0.08,-1.07,0.68,-1.01,-0.2,3,0,0
-2.31,-1.19,-1.28,-1.61,0.07,0.82,-1.11,2.1,3,0,0
-3.19,0.17,0.16,-1.03,2.1,2.3,2.15,3.27,3,0,0
0.05,-1.48,-2.33,-1.16,1.71,0.51,3.06,3.34,3,0,0
-4.3,1.65,0.6,-1.32,0.54,2.94,0.27,2.67,3,0,0
2.47,0.69,-0.57,0.55,-0.71,-1.62,-0.03,-1.87,3,0,0
-0.29,-0.51,0.05,1.13,-0.42,0.22,0.59,1.49,3,0,0
-2.45,-0.8,0.75,-1.64,0.12,0.72,-0.68,0.9,3,0,0
0.27,1.39,-1.84,0.79,0.69,1.73,0.91,-1.31,3,0,0
1.11,-1.13,-1.5,0.52,-0.88,-0.38,-0.13,0.72,3,0,0
-0.83,0.76,-0.39,-0.68,-0.0,-0.7,-0.22,1.03,3,0,0
-0.63,-0.77,1.29,0.33,0.51,-0.84,-0.6,-1.94,3,0,0
-0.71,-2.66,2.87,3.98,0.3,-0.39,0.86,-2.17,3,0,0
0.23,-0.06,0.32,-0.33,0.35,-1.28,0.64,0.92,3,0,0
-3.16,1.02,3.1,-0.9,0.72,-0.51,-1.45,-0.43,3,0,0
-2.43,3.14,2.4,-3.8,-0.33,1.32,-0.18,3.45,3,0,0
2.31,-1.22,-0.37,1.18,0.73,-3.78,0.47,-1.63,3,0,0
-4.33,3.91,0.54,-2.99,2.07,1.63,1.65,5.39,3,0,0
-0.01,-0.76,-2.01,-0.24,0.14,-0.39,0.32,0.39,3,0,0
0.71,-1.05,-2.11,0.54,-0.7,0.23,-1.16,-2.86,3,0,0
-0.27,1.08,2.24,-2.34,-0.62,0.27,-0.14,1.27,3,0,0
0.11,-1.61,0.69,-0.24,-2.02,-0.15,-0.97,2.17,3,0,0
-2.69,1.3,-0.58,-3.65,0.81,-0.33,-0.64,3.98,3,0,0
1.59,-2.43,-1.95,1.65,-0.13,-1.52,0.08,-1.2,3,0,0
-1.04,1.74,-0.11,-2.32,0.78,-0.65,1.14,3.2,3,0,0
3.01,-0.71,-3.31,-0.61,-2.42,1.55,-1.51,-1.69,3,0,0
-0.8,-2.19,-1.15,-0.2,-0.92,3.66,-0.12,1.42,3,0,0
-1.93,2.35,-1.57,-1.62,-0.5,2.6,-1.54,-0.32,3,0,0
2.25,-1.17,-1.74,-0.49,-0.38,-0.78,-0.89,-1.94,3,0,0
-0.39,1.27,-1.91,-2.27,0.03,2.56,-0.08,0.64,3,0,0
0.33,-1.77,2.21,3.05,-0.04,-3.17,0.39,-0.55,3,0,0
-1.19,0.8,-1.1,-1.46,1.34,-0.9,1.48,1.97,3,0,0
-4.89,0.81,2.05,-0.78,-1.13,2.55,-3.55,-0.65,3,0,0
0.07,-1.37,0.15,-0.7,-1.52,2.15,-0.11,1.94,3,0,0
-0.31,0.92,1.53,1.83,-0.58,0.84,-0.58,-2.32,3,0,0
1.02,1.34,-0.92,-2.61,0.68,-1.6,1.31,1.63,3,0,0
-3.57,-0.23,2.32,1.47,1.3,0.79,1.1,1.99,3,0,0
-1.08,-0.57,2.01,-1.69,-1.39,0.65,-0.89,1.12,3,0,0
-1.67,2.21,0.9,-1.02,-0.28,2.44,1.24,4.06,3,0,0
-3.48,-1.06,1.23,-0.14,-0.71,2.8,-0.41,3.71,3,0,0
0.11,-0.04,-0.32,1.6,-0.25,0.59,0.83,0.36,3,0,0
-0.84,-2.03,-1.52,-1.87,-1.51,2.85,-0.68,3.53,3,0,0
-0.11,-0.83,0.03,-0.95,-1.07,-0.71,-1.31,0.36,3,0,0
-0.58,2.41,-1.38,-2.38,1.54,-1.11,0.32,-0.13,3,0,0
1.02,1.66,-1.54,-0.3,3.6,-4.27,3.08,-0.72,3,0,0
1.71,-1.51,-0.45,0.76,-0.83,-1.92,-0.81,-2.37,3,0,0
-0.37,0.45,-0.3,-0.7,0.57,-1.06,0.84,2.22,3,0,0
0.63,-2.77,-0.86,0.28,-1.75,0.38,-1.63,-0.99,3,0,0
-2.34,2.47,-1.09,-1.8,0.87,1.68,0.15,0.67,3,0,0
-0.33,-0.76,-0.04,1.34,-0.74,0.63,-0.48,0.08,3,0,0
2.84,-0.22,-2.85,0.01,-1.13,0.37,-0.22,-1.62,3,0,0
-1.63,-1.71,0.33,0.98,-0.3,1.69,-0.8,-0.24,3,0,0
1.15,-0.51,-1.09,1.27,-1.53,1.03,-1.52,-2.37,3,0,0
2.12,0.14,-1.9,-0.49,-0.85,-0.9,0.46,1.58,3,0,0
-0.34,-1.26,-0.72,1.5,1.01,-1.56,0.91,-1.75,3,0,0
-1.09,-0.09,0.48,-3.44,-3.2,1.26,-3.48,2.19,3,0,0
2.36,0.69,-1.69,-2.31,-1.12,-0.85,0.25,2.21,3,0,0
-3.18,2.05,1.89,-0.95,-0.19,2.69,-1.22,-0.75,3,0,0
1.33,-2.22,-2.89,-0.78,0.24,0.9,0.67,-0.7,3,0,0
-1.14,0.46,0.52,0.22,1.81,-2.78,0.97,0.94,3,0,0
0.23,-1.72,-1.59,-0.89,-0.62,0.58,-1.45,0.47,3,0,0
0.27,-1.58,-0.87,2.39,1.18,-3.26,0.81,-0.68,3,0,0
-0.26,0.42,-0.16,-1.15,0.37,-1.08,1.12,2.37,3,0,0
-0.33,-1.26,0.17,0.77,0.03,0.08,1.08,1.56,3,0,0
-0.9,-0.76,-0.43,1.53,0.14,-0.35,0.41,0.41,3,0,0
-0.64,2.12,-1.04,-1.22,0.7,-1.99,0.05,0.22,3,0,0
-0.95,-0.92,0.76,-1.42,-1.31,0.03,-1.82,1.35,3,0,0
0.59,-0.33,-2.49,1.37,0.23,1.25,0.89,0.55,3,0,0
-1.71,0.05,0.14,-0.74,-0.52,2.11,-1.37,-0.73,3,0,0
-0.64,-0.02,1.93,-0.22,-1.9,-3.14,-3.54,-0.93,3,0,0
1.32,-2.72,-1.61,0.2,-0.04,-0.07,0.23,-0.07,3,0,0
0.03,-0.46,-0.2,-1.68,-2.1,-0.38,-2.26,1.58,3,0,0
-0.21,-1.04,1.91,0.02,-0.43,-0.93,0.0,0.26,3,0,0
-1.78,1.38,-1.28,-0.36,1.04,-1.3,-0.28,0.43,3,0,0
-2.02,1.06,2.4,1.43,1.52,-2.55,1.72,0.49,3,0,0
-0.06,1.94,-1.07,-2.15,0.54,0.24,0.2,-0.62,3,0,0
-1.06,0.85,0.24,-3.0,0.82,-0.17,0.05,0.63,3,0,0
-1.92,-1.86,2.18,0.49,0.37,-0.01,0.01,-0.29,3,0,0
0.65,-1.31,-0.53,0.94,-2.05,-0.14,-1.68,-0.77,3,0,0
4.1,1.13,-0.72,-0.63,-0.94,-3.58,-0.62,-2.39,3,0,0
-1.25,-1.59,0.62,0.14,-0.83,1.94,-1.72,-1.67,3,0,0
0.6,1.38,-2.52,-3.62,0.5,-1.8,-0.75,-0.22,3,0,0
-0.48,-1.02,0.84,1.03,0.57,-1.23,0.62,-0.58,3,0,0
-0.47,-1.3,-2.16,-0.68,1.62,-0.6,0.6,0.14,3,0,0
-2.52,0.91,0.65,-1.33,-1.15,0.3,-2.59,0.85,3,0,0
1.75,-1.3,-2.04,-0.1,-1.13,-0.17,-1.14,-0.4,3,0,0
0.38,0.52,0.81,-1.24,1.03,-1.45,1.61,1.33,3,0,0
-3.22,5.69,1.35,-5.44,-1.42,3.31,-1.73,3.64,3,0,0
-2.84,1.0,0.62,-0.15,-0.82,1.13,-2.23,-0.68,3,0,0
-2.94,0.7,1.49,-1.15,0.28,0.48,0.43,3.39,3,0,0
-0.84,-0.14,-1.42,0.31,-0.05,3.17,0.46,0.5,3,0,0
2.71,-0.7,-2.82,-2.28,-2.06,1.36,-0.42,1.27,3,0,0
-2.76,1.97,-0.29,-2.57,-1.87,3.42,-2.53,1.44,3,0,0
-1.99,0.99,0.76,-1.91,-1.09,1.76,-0.39,3.37,3,0,0
-0.58,-0.51,-0.48,-0.15,-0.44,0.82,-0.97,-1.33,3,0,0
0.1,-1.4,-1.99,-0.29,1.18,-1.1,1.26,2.09,3,0,0
1.23,-3.01,-1.27,4.1,-0.01,-0.44,0.41,-3.23,3,0,0
-2.78,0.33,3.21,-2.42,-0.92,-0.55,-1.73,1.86,3,0,0
-0.48,2.5,-3.53,-0.84,2.18,1.3,2.34,0.57,3,0,0
-3.95,-0.58,2.81,1.52,-0.24,0.41,-1.21,0.09,3,0,0
-1.96,-1.2,0.88,0.72,-0.05,-1.26,-2.01,-1.45,3,0,0
-2.68,0.25,0.7,-0.54,0.56,1.69,-0.11,1.16,3,0,0
1.7,-2.18,-1.94,0.64,-2.22,1.93,-0.55,1.19,3,0,0
-0.48,1.68,1.56,-0.82,-2.42,0.93,-1.89,1.21,3,0,0
0.96,-0.71,-0.97,-0.56,-0.77,0.17,0.03,1.48,3,0,0
-0.27,-1.33,0.47,0.56,-1.04,1.62,0.8,3.33,3,0,0
-2.13,4.86,-2.33,-2.31,0.86,4.25,1.88,2.24,3,0,0
1.26,-2.2,0.23,2.0,-0.97,-0.92,-0.42,-2.91,3,0,0
-1.77,2.51,-0.72,-2.24,0.09,-0.35,-0.21,1.74,3,0,0
-0.05,-1.61,-0.01,-2.62,-1.58,1.47,-0.6,3.42,3,0,0
-1.35,-0.58,0.54,-1.25,0.54,-0.68,-0.0,1.37,3,0,0
1.04,-1.93,-0.5,1.69,-0.83,-1.89,-0.71,-0.89,3,0,0
-0.96,-0.37,-1.21,-1.4,-0.94,-0.01,-0.72,1.73,3,0,0
-2.58,2.19,-0.47,-1.88,1.56,0.04,0.35,1.78,3,0,0
-0.12,-1.28,0.74,0.62,0.35,-0.48,0.76,-0.47,3,0,0
-1.0,1.06,-0.79,-1.28,0.08,-0.48,-0.11,1.74,3,0,0
0.8,0.12,-3.02,-0.66,0.94,1.54,1.41,-0.55,3,0,0
2.87,-3.84,-2.49,0.5,-2.71,-0.71,-0.75,2.35,3,0,0
-1.23,2.37,-1.85,-2.98,0.91,0.08,0.29,1.66,3,0,0
3.5,-1.02,-5.1,-1.72,-2.7,2.28,-1.88,-2.21,3,0,0
-1.27,1.24,-1.69,-1.56,2.67,-1.19,1.15,-1.31,3,0,0
-2.9,-1.34,0.05,-0.69,0.4,2.81,0.56,2.08,3,0,0
-0.82,1.1,-2.86,-2.41,1.14,1.02,1.44,2.85,3,0,0
-3.09,0.24,-1.57,-3.31,-1.13,5.64,-1.11,3.72,3,0,0
-0.73,0.33,-0.29,-0.52,0.66,-0.61,0.3,-0.38,3,0,0
-0.16,-2.01,-3.63,-1.72,-2.24,4.37,-1.46,2.12,3,0,0
-0.55,0.13,-0.16,2.72,-0.22,-0.55,-0.88,-2.59,3,0,0
0.41,-1.55,0.17,-1.19,-0.37,-1.68,-1.01,-0.02,3,0,0
-0.73,0.32,2.93,0.6,-0.27,-0.89,-0.77,-1.93,3,0,0
4.3,-0.73,-4.51,0.59,-1.26,0.05,0.1,-1.33,3,0,0
-1.97,1.07,-0.45,-2.23,2.04,0.96,1.91,4.14,3,0,0
0.61,-2.25,-1.85,0.18,-1.56,-0.69,-1.88,-1.04,3,0,0
0.21,0.39,-0.95,-0.98,1.03,0.02,1.4,0.98,3,0,0
0.85,-0.88,-1.62,-1.09,-1.33,1.39,-1.34,-0.61,3,0,0
-0.79,-1.13,0.84,-1.54,-1.2,2.54,-1.69,0.01,3,0,0
-0.32,1.63,1.37,0.06,1.19,-1.31,-0.03,-3.61,3,0,0
1.78,0.43,-2.36,0.23,-0.08,0.62,1.45,0.78,3,0,0
-1.91,0.51,1.8,1.67,1.34,-0.76,1.2,0.02,3,0,0
-1.88,0.94,-3.7,-3.8,-1.3,4.15,-2.34,0.63,3,0,0
-1.76,0.75,0.62,0.79,2.93,-0.01,3.33,1.38,3,0,0
-3.1,-0.48,2.52,0.25,0.53,-1.0,0.64,1.86,3,0,0
3.29,-1.81,-1.19,1.46,1.02,-3.26,2.39,-0.85,3,0,0
-0.22,0.94,1.52,-0.67,-0.05,-0.82,-0.17,-1.01,3,0,0
-2.75,1.36,-1.06,-3.31,1.14,0.55,-1.62,-0.61,3,0,0
1.05,0.22,-5.64,-0.43,1.59,1.03,2.32,1.42,3,0,0
-1.18,-2.17,2.19,1.66,0.06,-1.84,-0.39,0.45,3,0,0
-1.11,0.13,0.3,0.5,-0.33,1.21,-0.46,-0.45,3,0,0
-3.82,1.34,1.04,-2.15,-0.62,2.0,-1.35,1.85,3,0,0
-1.19,0.42,2.72,1.63,0.19,-0.41,0.35,-0.33,3,0,0
-0.78,-0.79,-0.64,2.34,2.28,-0.05,1.81,-2.62,3,0,0
-1.36,0.82,-1.26,-0.11,-0.16,1.85,-0.19,0.78,3,0,0
2.86,0.56,-1.61,-2.24,-2.72,2.02,-1.43,0.02,3,0,0
1.1,-0.07,-1.52,-0.24,-0.7,-0.56,-0.26,-0.08,3,0,0
-1.42,0.61,2.45,-0.61,-0.59,-0.73,-1.42,-0.31,3,0,0
0.85,-1.15,3.38,3.18,-1.48,-2.11,-1.31,-2.49,3,0,0
-1.23,-0.47,-1.27,-2.15,-0.62,1.12,-0.9,1.64,3,0,0
-2.95,0.07,2.59,1.04,1.49,-0.09,1.1,1.26,3,0,0
-1.81,-0.32,-0.33,0.38,0.55,2.59,0.72,0.62,3,0,0
1.74,-3.02,-1.02,2.17,-0.41,-4.15,-1.14,-1.77,3,0,0
1.38,-0.68,-1.49,1.81,2.6,-0.79,4.54,0.26,3,0,0
0.31,-0.96,1.5,-0.15,0.36,-3.52,0.02,0.14,3,0,0
-2.27,-0.31,3.8,-0.09,0.02,-2.17,-1.59,-0.98,3,0,0
-0.25,0.04,-1.86,-1.44,-0.14,0.79,-0.19,1.14,3,0,0
-1.82,0.87,-1.01,0.97,1.04,0.14,0.37,-1.26,3,0,0
-0.51,0.15,-0.73,-1.73,0.55,-1.63,0.49,1.38,3,0,0
1.03,-0.58,-1.25,0.69,0.15,-2.5,1.8,1.59,3,0,0
-3.6,-1.12,-0.14,-0.35,-1.22,2.57,-2.73,-0.53,3,0,0
1.96,-0.72,-2.04,-0.69,0.31,0.91,1.43,-1.41,3,0,0
1.65,-2.52,-1.23,0.06,0.23,-1.36,1.34,1.63,3,0,0
-0.0,-1.03,3.0,-0.18,-1.06,-1.85,-1.18,0.07,3,0,0
-2.1,1.8,-0.2,-1.6,0.57,-0.26,-0.16,1.2,3,0,0
-0.12,1.01,-1.8,-1.96,-2.6,2.81,-3.25,-1.98,3,0,0
2.74,-0.76,-3.03,-1.91,-0.85,-0.62,0.07,0.92,3,0,0
-2.44,-0.16,1.2,-0.53,-1.27,2.82,-0.26,3.02,3,0,0
-0.32,-0.94,0.81,0.94,-1.43,1.55,-1.68,-1.7,3,0,0
-1.85,0.95,-0.08,0.9,1.21,-1.45,0.41,-0.31,3,0,0
-1.31,-2.43,0.91,0.61,-1.24,0.06,-1.29,0.39,3,0,0
-2.83,0.83,-0.31,0.36,-0.26,1.43,-0.55,2.39,3,0,0
0.2,0.66,-2.24,-2.08,-1.26,4.73,-0.52,1.35,3,0,0
-1.85,0.02,-0.77,-0.96,0.76,1.6,0.53,1.54,3,0,0
1.3,-2.06,-0.94,-0.7,-0.06,0.17,1.58,1.62,3,0,0
-2.05,1.21,-0.68,-0.82,-0.8,2.88,-0.88,0.41,3,0,0
2.09,-2.57,-1.73,1.53,-0.95,-1.45,-0.86,-2.33,3,0,0
1.45,-0.41,-2.45,-1.12,-1.02,1.48,-0.95,-1.33,3,0,0
-1.08,2.33,-1.18,-2.07,1.67,-0.59,1.14,1.92,3,0,0
3.17,-0.57,-5.39,-0.46,-0.97,0.64,0.17,-0.36,3,0,0
-0.75,0.93,1.72,-1.45,0.46,-2.59,-1.18,-0.41,3,0,0
0.46,2.22,0.04,-2.93,-0.78,-0.53,-1.86,-1.28,3,0,0
0.18,0.53,0.52,0.57,0.25,0.93,0.57,-1.35,3,0,0
2.32,-0.47,-2.56,0.07,-0.78,0.48,0.72,-0.18,3,0,0
-1.55,2.16,-1.03,-1.34,0.33,2.44,0.4,1.29,3,0,0
-0.97,-1.89,2.73,3.5,-0.49,-0.96,-0.27,-1.01,3,0,0
3.09,1.14,-4.72,-4.74,-1.04,0.97,-0.3,1.87,3,0,0
-0.12,0.94,-0.03,-1.33,-0.25,0.05,-0.71,0.16,3,0,0
