@relation SyntheticData-N_1200-D_4-Nmin_100-Zmin_16-CL_1_2-R_0
@attribute X0 real [-3.52, 3.23]
@attribute X1 real [-2.96, 2.98]
@attribute X2 real [-3.85, 6.14]
@attribute X3 real [-3.07, 3.38]
@attribute cluster_idx {0,1,2}
@attribute is_noise {0,1}
@attribute Class {0,1}
@inputs X0,X1,X2,X3,cluster_idx,is_noise
@output Class
@data
-0.57,0.15,-0.38,-0.04,0,0,1
0.71,0.98,-1.25,0.45,0,0,1
-0.2,0.11,-0.62,-0.8,0,0,1
0.36,0.1,-0.98,0.66,0,0,1
-0.67,-0.63,0.65,-0.45,0,0,1
1.17,2.42,-0.89,-0.92,0,0,1
-0.85,-1.97,1.04,-0.06,0,0,1
1.91,1.04,-0.07,1.08,0,0,1
1.03,-0.57,1.93,-0.0,0,0,1
-0.51,-0.38,-1.0,0.57,0,0,1
-0.98,-1.29,0.03,0.56,0,0,1
-0.37,-0.79,0.68,-0.51,0,0,1
0.59,-0.02,-0.52,1.09,0,0,1
-1.32,-1.06,0.01,0.3,0,0,1
-1.0,-0.53,-0.17,0.25,0,0,1
-0.27,-1.13,1.35,-0.37,0,0,1
0.34,-0.44,0.63,-0.08,0,0,1
-0.68,0.13,-0.46,-0.27,0,0,1
-0.15,1.82,-2.13,0.47,0,0,1
0.31,-0.55,-0.39,0.58,0,0,1
-0.86,-0.35,-0.87,0.47,0,0,1
1.06,1.14,0.1,0.2,0,0,1
-2.04,-0.36,-0.48,0.15,0,0,1
1.64,0.48,1.75,-0.97,0,0,1
0.67,1.49,-1.98,0.59,0,0,1
-0.73,0.35,-0.92,0.35,0,0,1
-3.46,0.02,-2.18,0.49,0,0,1
-0.39,-0.49,-0.02,0.85,0,0,1
-0.61,-0.76,0.45,1.23,0,0,1
0.75,2.0,-3.0,1.29,0,0,1
-1.32,-0.86,0.6,-0.96,0,0,1
0.63,-1.1,1.67,-1.11,0,0,1
1.29,0.71,-0.09,-0.37,0,0,1
0.95,0.18,0.41,-0.76,0,0,1
-0.27,-1.23,1.29,-0.99,0,0,1
-0.35,0.11,-0.27,0.11,0,0,1
0.58,0.46,-0.12,0.02,0,0,1
2.16,1.04,0.68,0.09,0,0,1
-0.74,-0.05,0.21,0.51,0,0,1
0.31,-0.33,-0.39,0.18,0,0,1
0.46,0.26,-0.31,0.57,0,0,1
1.75,1.27,-0.14,-0.44,0,0,1
-1.59,0.34,-1.0,-1.16,0,0,1
1.32,-0.56,1.56,-0.24,0,0,1
1.99,1.01,-0.28,0.22,0,0,1
-2.81,-2.31,0.72,-0.73,0,0,1
-1.91,-1.26,-0.55,-0.62,0,0,1
-0.63,-0.56,0.18,0.42,0,0,1
-0.11,1.19,-0.88,1.05,0,1,0
1.09,1.57,-1.61,0.13,0,0,1
-0.84,-0.41,0.16,-1.75,0,0,1
-0.34,-0.19,-0.37,1.32,0,0,1
-1.21,-1.46,0.78,-0.39,0,0,1
-0.48,-0.6,0.53,0.23,0,0,1
1.22,1.17,-0.51,1.57,0,0,1
0.81,-0.48,0.32,0.34,0,0,1
-1.94,-0.9,-1.14,0.01,0,0,1
-1.97,-0.52,-1.31,1.24,0,0,1
1.73,-0.95,2.22,-0.76,0,0,1
1.63,0.01,1.19,-0.41,0,0,1
-2.48,-1.39,-1.4,-0.32,0,0,1
1.03,-0.09,0.65,0.33,0,0,1
2.47,-0.17,2.6,0.54,0,0,1
0.25,-0.61,0.54,-0.15,0,0,1
-0.46,0.05,-0.04,-0.5,0,0,1
-2.35,-1.42,0.35,-0.34,0,0,1
1.21,0.45,-0.27,0.76,0,0,1
1.51,0.9,-0.16,0.8,0,0,1
0.04,-0.76,0.72,-0.2,0,0,1
-0.25,1.08,-1.13,0.32,0,0,1
0.84,0.44,-0.09,-0.95,0,0,1
-0.69,0.44,-2.28,-0.26,0,0,1
0.21,-0.39,-0.37,-0.31,0,0,1
-0.88,0.86,-1.03,-1.01,0,0,1
1.97,0.77,2.41,-1.26,0,0,1
1.07,-0.27,0.17,1.22,0,0,1
0.85,0.27,-0.21,0.93,0,0,1
0.3,-0.01,-0.21,0.88,0,0,1
0.32,-0.38,0.15,1.21,0,0,1
1.81,0.72,1.63,-1.79,0,0,1
0.32,-0.39,1.08,0.49,0,0,1
1.5,0.58,0.84,0.5,0,0,1
-0.9,-0.19,-0.53,0.91,0,0,1
0.73,0.98,-0.8,0.36,0,0,1
-0.42,-0.93,1.38,-0.52,0,0,1
2.22,1.27,-0.19,1.02,0,1,0
2.28,0.69,1.2,0.21,0,0,1
2.34,-0.12,1.87,0.07,0,0,1
-0.37,0.75,-1.35,0.47,0,0,1
2.17,1.12,-0.7,0.2,0,0,1
1.13,0.75,-0.59,-0.29,0,0,1
1.34,0.35,0.79,-0.03,0,0,1
0.42,-0.05,0.61,-0.59,0,0,1
-0.28,-0.03,-0.61,0.79,0,0,1
0.5,0.39,0.16,0.14,0,0,1
-0.07,1.29,-1.51,0.29,0,0,1
1.65,0.99,0.65,-0.12,0,0,1
-0.68,-0.46,-0.93,-0.58,0,0,1
-1.59,-0.8,-0.31,-0.53,0,0,1
1.01,1.22,-0.65,0.85,0,0,1
-0.67,0.49,-0.21,0.12,1,1,1
-0.09,1.12,1.08,0.66,1,0,0
-2.13,2.3,2.36,1.05,1,1,1
-0.87,-0.41,-1.69,-1.62,1,0,0
-0.57,1.08,0.69,0.44,1,0,0
-0.61,-0.43,1.9,0.85,1,0,0
-0.61,0.68,-0.25,0.27,1,0,0
-1.04,-0.14,0.42,-0.72,1,0,0
0.66,1.37,-0.35,1.53,1,0,0
0.57,0.47,-1.03,0.8,1,0,0
-0.97,0.13,1.88,0.65,1,0,0
-0.86,1.46,1.31,0.05,1,0,0
0.5,0.87,0.83,1.43,1,0,0
0.17,-0.06,-0.2,0.45,1,0,0
-0.03,0.02,0.81,1.0,1,0,0
-0.67,0.73,3.41,0.65,1,0,0
-1.0,-1.11,-0.9,-1.86,1,0,0
-0.6,1.0,0.65,0.74,1,0,0
-2.34,2.22,1.53,-0.21,1,0,0
-1.26,0.16,-2.73,-1.39,1,0,0
0.25,-0.61,-0.33,1.33,1,0,0
0.46,0.07,-2.26,0.26,1,0,0
1.98,0.35,-2.12,1.9,1,1,1
1.0,-0.39,-2.45,0.08,1,0,0
-0.16,-0.92,-1.69,-0.25,1,0,0
0.89,-1.18,-1.09,0.1,1,0,0
-0.89,1.13,1.52,0.76,1,0,0
-0.47,-1.32,1.51,-0.66,1,0,0
0.06,0.44,2.73,1.89,1,0,0
0.11,0.05,0.11,0.36,1,0,0
0.73,0.66,-0.13,0.44,1,0,0
0.19,-0.33,0.44,0.72,1,0,0
2.7,-0.45,-2.59,1.49,1,0,0
-0.83,-1.04,1.19,-1.02,1,0,0
0.81,-0.12,-1.71,0.58,1,0,0
-0.74,-0.17,1.63,-0.5,1,0,0
-0.78,0.63,0.41,0.03,1,0,0
0.22,-0.22,-2.27,0.06,1,0,0
-0.29,-0.72,1.77,-0.09,1,0,0
1.44,-1.94,-1.93,0.38,1,0,0
1.5,-1.99,-0.78,0.48,1,0,0
0.16,-2.18,-1.63,-1.74,1,0,0
-0.63,0.79,-0.45,-0.71,1,0,0
0.4,-0.12,1.73,1.26,1,0,0
-0.44,-0.31,-0.01,-0.37,1,0,0
-1.71,1.13,-1.29,-0.34,1,0,0
0.23,0.36,-1.04,1.03,1,0,0
0.17,-1.29,-0.6,-0.7,1,0,0
0.22,-0.67,-1.5,0.08,1,0,0
0.4,0.6,0.27,0.88,1,0,0
1.15,0.24,-1.63,0.96,1,0,0
-0.66,0.38,-0.1,0.04,1,0,0
0.78,0.63,-1.07,0.85,1,0,0
0.32,-0.8,-0.52,-0.1,1,0,0
0.23,0.74,1.44,0.81,1,0,0
-1.6,2.16,4.72,0.93,1,0,0
0.53,-0.64,-0.59,0.96,1,0,0
0.03,1.13,-0.27,1.13,1,0,0
1.63,-0.83,-2.14,1.31,1,0,0
1.23,-1.44,-2.07,0.04,1,0,0
-0.04,-1.16,-0.59,0.14,1,0,0
-0.35,-0.75,0.8,-0.76,1,0,0
0.22,-0.49,-1.57,0.01,1,1,1
1.67,0.02,-1.41,1.85,1,0,0
-0.09,0.31,-0.28,-0.33,1,0,0
2.24,-1.06,-0.74,1.32,1,0,0
0.78,0.31,-0.72,0.41,1,0,0
-1.13,0.19,0.81,-0.15,1,0,0
0.07,1.18,-0.52,0.61,1,0,0
-0.61,0.83,1.72,1.08,1,0,0
-2.15,0.6,1.69,-0.04,1,0,0
1.16,-1.72,0.86,0.21,1,0,0
-1.79,1.53,2.13,0.22,1,0,0
0.43,0.01,0.3,0.07,1,0,0
-0.11,-0.26,-3.85,-1.0,1,0,0
-0.87,0.55,1.12,0.55,1,0,0
0.41,-0.81,0.62,0.75,1,0,0
0.02,-2.08,-1.28,-1.24,1,0,0
-1.27,-0.18,-1.3,-1.13,1,0,0
0.74,0.87,0.29,1.86,1,0,0
0.15,-0.92,1.89,0.26,1,0,0
-0.73,-1.67,0.89,-1.16,1,0,0
-0.76,0.64,1.88,-0.02,1,0,0
-0.82,1.09,-0.38,-0.05,1,0,0
-0.94,0.6,0.85,1.17,1,0,0
0.44,-0.21,-1.53,0.07,1,0,0
0.46,-0.48,-0.1,0.62,1,0,0
-0.41,-1.0,-1.98,-0.95,1,0,0
-0.91,-0.26,1.74,0.05,1,0,0
0.66,-0.93,0.54,0.08,1,0,0
-0.13,0.23,4.33,1.8,1,0,0
-1.59,0.02,1.67,0.81,1,0,0
-0.22,-0.12,0.7,-0.74,1,0,0
-1.25,-0.39,0.59,-0.66,1,0,0
0.52,-0.49,0.43,0.2,1,0,0
0.6,0.49,1.19,1.08,1,0,0
0.1,0.11,-0.2,0.34,1,0,0
1.69,-1.27,-1.91,0.65,1,0,0
-1.08,0.66,-1.3,-0.86,1,0,0
-0.46,-0.37,1.97,1.28,1,0,0
-0.67,-0.0,2.16,0.35,1,0,0
1.11,0.07,-2.22,1.16,1,0,0
0.54,-0.02,-0.39,0.99,1,0,0
-0.51,-0.04,2.26,0.74,1,0,0
-0.67,-1.89,-2.02,-2.61,1,0,0
0.55,1.47,2.11,2.87,1,0,0
-0.59,-0.13,0.32,0.05,1,0,0
-0.44,0.77,-2.64,-0.54,1,0,0
0.72,-0.51,-1.9,0.61,1,0,0
-1.06,0.31,-1.96,-1.39,1,0,0
1.19,-0.16,0.65,1.34,1,0,0
0.27,-0.16,1.06,1.14,1,0,0
0.51,-1.2,-1.52,-0.01,1,0,0
-1.67,0.12,0.74,-0.67,1,0,0
1.65,-0.37,-0.74,0.8,1,0,0
-2.02,0.54,1.93,0.09,1,0,0
1.42,-0.02,-1.74,0.97,1,0,0
1.05,0.34,2.54,1.64,1,0,0
-0.9,1.07,-1.26,0.33,1,0,0
-1.27,1.45,2.2,0.53,1,0,0
-0.96,0.35,-0.34,-0.19,1,0,0
-2.34,-0.9,0.86,-1.38,1,0,0
-0.83,0.64,2.43,1.05,1,0,0
-1.65,-0.49,2.36,-0.31,1,0,0
-0.34,0.39,1.44,0.73,1,0,0
-1.93,0.07,2.16,-0.73,1,0,0
0.22,0.13,-1.51,-0.23,1,0,0
1.24,-1.08,0.92,0.12,1,0,0
0.54,1.87,0.22,2.38,1,0,0
-0.28,-0.6,-0.03,-0.58,1,0,0
-0.09,-0.11,1.86,1.19,1,0,0
-0.47,0.82,-0.32,0.27,1,0,0
-0.96,1.05,0.13,0.19,1,0,0
-0.65,-0.77,-0.59,-0.82,1,0,0
-0.35,0.51,1.55,0.82,1,0,0
0.73,-0.27,-1.9,0.48,1,0,0
-1.36,0.11,2.29,0.14,1,0,0
-0.15,0.16,0.18,0.3,1,0,0
-1.14,1.17,0.44,-0.01,1,0,0
-0.64,1.03,-0.89,1.24,1,0,0
-1.6,0.5,0.9,-0.55,1,0,0
1.38,0.47,0.56,1.6,1,0,0
-1.32,0.71,-2.51,-1.04,1,0,0
-0.25,0.53,-0.67,0.72,1,0,0
-0.19,-1.97,0.86,-0.4,1,0,0
-1.03,0.25,-0.44,-0.23,1,0,0
-1.11,1.04,1.7,0.49,1,0,0
-0.35,1.1,1.03,0.91,1,0,0
0.08,0.05,0.51,0.6,1,0,0
-0.79,0.87,1.37,-0.19,1,0,0
0.26,-0.94,0.33,0.78,1,0,0
0.8,-0.64,0.08,1.01,1,0,0
-0.88,0.44,3.79,1.32,1,0,0
-0.44,-0.32,0.93,0.43,1,0,0
1.66,0.63,-1.63,1.38,1,0,0
0.71,0.28,0.39,1.6,1,0,0
1.2,-1.19,-0.26,0.0,1,0,0
-1.33,0.32,-0.12,-0.47,1,0,0
0.86,-0.9,2.46,1.14,1,0,0
1.16,1.07,-2.92,0.35,1,0,0
1.01,-0.11,-1.5,-0.08,1,0,0
0.42,-2.71,-0.41,-1.03,1,0,0
-0.01,0.53,-0.42,-0.14,1,0,0
1.04,-0.71,-2.74,-0.3,1,0,0
-0.17,0.49,-2.11,-0.41,1,0,0
-0.63,-0.54,-2.33,-1.22,1,0,0
-1.19,1.06,-0.19,0.31,1,0,0
-1.03,0.28,-2.89,-1.59,1,0,0
-0.88,-1.61,0.71,-0.57,1,0,0
-0.55,1.52,2.07,1.06,1,0,0
1.82,-0.6,-1.13,1.77,1,0,0
-0.61,0.46,1.34,1.01,1,0,0
-1.22,0.03,0.18,-0.87,1,0,0
-1.27,-0.84,2.6,0.05,1,0,0
-1.63,0.36,-0.96,-0.59,1,0,0
0.05,-0.46,3.97,0.66,1,0,0
1.73,-1.51,-0.12,0.29,1,0,0
-2.31,0.39,3.52,-0.04,1,0,0
-0.31,-0.19,-0.05,-0.15,1,0,0
0.28,1.11,1.02,1.38,1,0,0
-1.53,-0.9,0.02,-1.58,1,0,0
-0.57,0.63,1.51,1.04,1,0,0
-1.23,0.23,3.8,0.03,1,0,0
-1.18,0.42,0.61,0.17,1,0,0
0.64,-1.44,-3.17,-0.86,1,0,0
-1.16,-0.21,-0.13,-0.59,1,0,0
-0.11,-1.31,0.86,-0.15,1,0,0
-0.18,-1.35,-0.15,-0.86,1,0,0
-1.26,0.15,-0.4,-1.51,1,0,0
0.57,0.55,-0.53,0.41,1,0,0
1.38,-1.57,-0.44,1.21,1,0,0
-1.37,0.16,1.92,-0.09,1,0,0
0.8,-2.05,1.69,-0.91,1,0,0
1.37,-1.96,-0.7,0.04,1,0,0
-3.28,1.41,1.29,-0.73,1,0,0
-1.1,0.31,-0.8,0.21,1,0,0
0.38,0.15,0.49,0.03,1,0,0
0.77,0.92,-1.24,0.83,1,0,0
-3.52,1.82,6.14,0.79,1,0,0
-0.33,-0.09,0.55,0.78,1,0,0
-2.75,-1.19,1.16,-2.5,1,0,0
0.33,-0.55,-0.78,-0.87,1,0,0
-1.33,1.55,0.07,-0.25,1,0,0
1.18,-1.09,0.86,0.62,1,0,0
1.99,-1.77,-3.27,-0.08,1,0,0
0.38,0.2,-1.2,-0.14,1,0,0
-0.83,0.45,-1.07,-0.17,1,0,0
0.23,-0.6,0.33,0.25,1,0,0
1.79,-0.11,-0.11,1.87,1,0,0
-1.0,0.82,2.54,0.56,1,0,0
-0.42,-0.18,1.09,-0.13,1,0,0
-0.49,-0.27,-2.67,-1.09,1,0,0
-1.55,0.5,-2.33,-0.71,1,0,0
-1.16,-0.8,2.25,-0.7,1,0,0
0.91,-1.86,-1.51,-0.63,1,0,0
-0.08,0.28,0.53,0.32,1,0,0
-0.64,0.7,0.76,-0.25,1,0,0
0.35,-0.21,-0.59,0.56,1,0,0
0.61,0.67,-0.58,1.04,1,0,0
0.09,-1.61,-2.3,-1.5,1,0,0
-0.15,0.23,2.39,1.24,1,0,0
-1.2,0.68,-0.51,-0.41,1,0,0
-0.24,0.27,0.99,0.4,1,0,0
2.38,-0.56,-2.42,0.73,1,0,0
-0.14,-0.54,1.02,0.13,1,0,0
-0.03,0.36,0.6,1.0,1,0,0
-2.72,0.46,1.24,-0.98,1,0,0
0.67,-0.4,-0.29,0.77,1,0,0
-0.42,1.67,-0.62,-0.22,1,0,0
-1.73,0.02,1.62,-0.91,1,0,0
-1.12,0.63,0.78,0.55,1,0,0
0.6,0.2,-1.22,0.24,1,0,0
-1.46,-0.2,0.49,-0.88,1,0,0
-2.04,1.94,1.53,0.89,1,0,0
-0.39,0.65,0.68,0.75,1,0,0
-1.56,0.91,1.4,-0.87,1,0,0
-0.62,-0.57,1.33,0.21,1,0,0
0.12,-1.7,-0.59,-0.34,1,0,0
-0.46,0.4,2.77,0.93,1,0,0
1.58,0.86,-1.64,1.43,1,0,0
-2.38,0.75,3.06,-0.19,1,0,0
0.18,-0.19,1.09,1.08,1,0,0
-0.85,-0.21,0.31,-0.39,1,0,0
0.07,0.12,1.04,1.92,1,0,0
-1.79,0.53,2.56,0.07,1,0,0
-1.55,0.56,-1.13,-0.73,1,0,0
0.2,-0.98,0.15,0.22,1,0,0
0.92,0.03,1.26,1.34,1,0,0
0.02,1.54,-3.62,-0.57,1,0,0
0.12,0.06,0.95,1.18,1,0,0
1.54,-1.39,-2.14,-0.14,1,0,0
-1.03,0.79,1.01,0.33,1,0,0
-0.36,0.96,1.18,1.32,1,0,0
0.84,0.99,1.67,2.6,1,0,0
-0.31,0.94,-1.75,0.18,1,0,0
-0.3,1.27,0.77,1.13,1,0,0
-1.86,0.02,-0.43,-1.97,1,0,0
0.63,0.51,1.55,2.1,1,0,0
0.42,-0.64,1.32,0.61,1,0,0
-0.69,0.9,-0.36,0.29,1,0,0
-0.75,-0.09,1.53,0.42,1,0,0
-1.72,-0.33,-0.54,-1.73,1,0,0
-0.64,1.32,1.27,0.62,1,0,0
0.22,-0.3,-0.0,0.1,1,0,0
-0.96,0.53,-1.42,-0.84,1,0,0
0.44,-0.6,1.58,0.12,1,0,0
-0.11,-0.78,-2.07,-0.57,1,0,0
-0.75,-0.53,2.32,-0.43,1,0,0
1.06,-1.74,-1.34,0.06,1,0,0
-2.55,1.19,3.03,0.08,1,0,0
-1.62,-0.39,1.73,-1.19,1,0,0
-0.64,-0.09,0.57,0.1,1,0,0
0.61,-0.91,-2.4,0.17,1,0,0
0.03,0.25,0.8,0.46,1,0,0
1.66,-0.92,0.65,1.01,1,0,0
0.11,-0.07,0.24,1.18,1,0,0
0.71,0.03,-0.95,-0.11,1,0,0
-1.98,1.06,2.02,0.55,1,0,0
-2.61,0.82,3.16,-0.4,1,0,0
-1.38,-0.06,-0.7,-0.72,1,0,0
-0.84,0.45,1.73,0.55,1,0,0
1.88,-0.96,-1.78,0.69,1,0,0
0.29,-0.97,1.32,0.38,1,0,0
1.1,-0.8,-2.81,0.26,1,0,0
0.72,0.97,-3.25,0.5,1,0,0
-1.26,0.64,0.01,0.13,1,0,0
0.34,-1.45,0.82,-0.6,1,0,0
0.18,0.14,-0.32,0.89,1,0,0
-0.61,0.14,-3.12,-0.12,1,1,1
-0.55,-0.45,-0.81,-0.47,1,0,0
-1.17,-0.77,-1.41,-1.08,1,0,0
1.79,-0.17,-2.25,0.25,1,0,0
-0.62,0.25,-1.71,-1.06,1,0,0
-0.37,0.81,1.31,0.79,1,0,0
-1.44,1.28,0.3,-0.27,1,0,0
0.67,0.23,-1.1,0.85,1,0,0
0.44,-1.09,-0.42,-0.43,1,0,0
0.87,0.25,-1.01,1.23,1,0,0
1.25,-0.25,0.31,1.45,1,0,0
1.28,-1.24,-0.78,1.41,1,0,0
-0.06,0.48,0.39,0.6,1,0,0
1.17,0.13,-0.6,0.47,1,0,0
-1.11,0.48,0.86,-0.82,1,0,0
-0.9,-1.15,-1.89,-1.52,1,0,0
0.57,1.19,-0.99,1.15,1,0,0
-0.39,0.36,-1.46,-0.28,1,0,0
0.44,-0.69,-0.37,0.86,1,0,0
0.14,0.36,-0.26,1.02,1,0,0
0.83,0.25,0.05,1.01,1,0,0
-2.17,1.2,0.8,-0.94,1,0,0
-0.68,0.53,2.45,0.4,1,0,0
1.73,0.84,-2.64,2.03,1,0,0
-1.84,0.59,2.02,-0.18,1,0,0
-0.89,0.43,-0.25,-0.29,1,0,0
1.24,-1.6,-1.04,0.13,1,0,0
-1.3,0.92,2.13,0.13,1,0,0
-0.61,-0.42,0.16,0.05,1,0,0
-1.28,1.62,2.61,0.97,1,0,0
-1.0,0.26,-0.07,0.11,1,0,0
0.46,-1.29,-3.36,-1.39,1,0,0
0.48,-0.94,1.45,0.37,1,0,0
0.69,0.12,-1.09,0.73,1,0,0
0.18,0.57,-1.36,0.44,1,0,0
0.62,-1.12,-1.83,0.09,1,0,0
-0.15,-1.36,-0.53,-0.79,1,0,0
-0.13,-0.96,3.12,1.86,1,0,0
-1.53,0.0,-1.38,-1.6,1,0,0
0.39,0.31,-0.85,1.04,1,0,0
-0.28,-0.05,1.52,0.36,1,0,0
0.11,-0.34,0.83,0.58,1,0,0
0.29,1.7,0.59,1.93,1,0,0
0.28,-0.63,1.07,0.51,1,0,0
-0.78,-0.13,1.54,0.67,1,0,0
1.5,-0.7,-1.79,0.36,1,0,0
-1.3,-0.35,0.25,-0.46,1,0,0
-1.04,0.16,0.81,-0.28,1,0,0
-0.59,-0.65,1.26,0.37,1,0,0
1.72,0.04,-2.57,0.81,1,0,0
0.67,0.58,1.3,1.31,1,0,0
-0.08,0.46,-2.77,-0.83,1,0,0
1.04,0.86,-1.39,1.06,1,0,0
-0.05,-0.22,1.73,0.97,1,0,0
-0.83,0.37,0.37,-0.59,1,0,0
-1.47,0.38,-0.63,-0.76,1,0,0
0.46,0.34,1.23,1.09,1,0,0
0.47,-0.87,-1.79,-0.18,1,0,0
-1.18,-0.35,-1.79,-2.09,1,0,0
-0.25,-0.23,-1.02,-0.19,1,0,0
0.16,1.41,-0.2,1.41,1,0,0
-0.2,-0.62,1.48,0.26,1,0,0
0.4,-0.26,0.26,-0.13,1,0,0
-0.68,0.61,-0.51,-0.16,1,0,0
-1.13,-0.42,-1.13,-0.97,1,0,0
0.78,-1.28,-2.12,-0.67,1,0,0
-0.42,0.33,-2.26,0.63,1,0,0
0.34,-0.03,1.07,0.74,1,0,0
0.82,0.14,-1.13,0.71,1,0,0
-2.24,1.26,-0.41,-1.04,1,0,0
-0.58,-1.15,-0.74,-0.4,1,0,0
-0.45,0.05,0.29,0.21,1,0,0
0.11,-0.74,2.53,0.15,1,0,0
0.86,0.45,0.95,1.61,1,0,0
0.64,-1.36,-3.19,-0.27,1,0,0
0.25,-0.81,0.69,0.18,1,0,0
0.63,-1.04,-2.38,-0.36,1,0,0
0.4,-2.28,-3.37,-0.92,1,0,0
1.19,-0.07,2.53,1.43,1,0,0
-0.52,-0.17,-2.0,-0.36,1,0,0
-0.58,-0.09,-2.2,-1.36,1,0,0
-2.43,1.46,2.09,0.09,1,0,0
0.63,-1.49,-3.45,-0.63,1,0,0
-0.09,0.14,-0.3,0.68,1,0,0
-1.84,1.05,-0.05,-0.25,1,0,0
-2.1,2.42,1.74,0.08,1,0,0
-1.71,0.59,1.99,0.36,1,0,0
-0.28,-2.56,1.0,-1.75,1,0,0
-1.56,1.0,-0.87,-0.62,1,0,0
0.62,-0.96,0.07,-0.15,1,0,0
-1.58,0.38,-0.5,-1.23,1,0,0
0.18,-0.08,-0.76,0.53,1,1,1
-0.55,-0.14,-0.91,-0.01,1,0,0
-0.65,0.7,2.3,1.37,1,0,0
-0.61,-0.77,-0.53,-1.27,1,0,0
0.08,-0.75,0.49,0.15,1,0,0
-1.27,2.03,2.64,1.67,1,0,0
2.35,-0.9,-1.45,0.77,1,0,0
-0.51,-1.36,-2.84,-2.12,1,0,0
-0.68,0.09,-1.01,-0.39,1,0,0
0.91,-0.89,0.01,-0.12,1,0,0
-1.27,-0.12,1.09,-0.41,1,0,0
1.09,-1.94,-2.91,-0.15,1,0,0
-1.94,0.83,-1.4,-1.68,1,0,0
-0.85,0.35,-2.32,-0.21,1,0,0
-1.58,1.91,0.04,1.05,1,0,0
-1.87,0.92,2.78,-0.08,1,0,0
-1.05,0.1,-1.57,-1.21,1,0,0
-2.96,-0.49,2.02,-2.2,1,0,0
-1.24,0.73,-1.05,0.1,1,0,0
0.93,-0.67,2.18,0.82,1,0,0
-0.55,0.85,1.73,0.96,1,0,0
-0.73,-0.23,2.25,0.19,1,0,0
0.84,-1.94,-1.15,-0.33,1,0,0
-0.9,0.42,2.51,1.18,1,0,0
-0.84,0.56,-1.78,-0.81,1,0,0
-0.42,0.11,1.0,0.7,1,0,0
0.55,0.6,-1.23,0.9,1,0,0
0.61,-1.22,-1.92,0.23,1,0,0
-0.1,0.23,1.62,-0.08,1,0,0
-1.81,1.3,1.83,-0.56,1,0,0
-0.17,0.8,0.31,0.29,1,0,0
-1.61,-0.12,0.48,-1.33,1,0,0
-1.26,-1.18,1.74,-0.47,1,0,0
-0.34,1.54,0.09,0.84,1,0,0
0.42,-1.34,0.46,0.21,1,0,0
-0.05,0.41,0.46,0.99,1,0,0
-1.53,1.32,-0.67,-0.71,1,0,0
-0.98,-0.41,-1.46,-0.88,1,0,0
-0.03,-2.18,-1.85,-1.36,1,0,0
0.54,0.77,4.16,2.51,1,1,1
-1.14,1.02,1.53,0.83,1,0,0
0.93,-0.67,-2.0,0.19,1,0,0
-0.88,-0.07,0.09,0.11,1,0,0
-0.13,-0.33,0.1,0.18,1,1,1
1.75,-0.28,-1.36,1.15,1,0,0
-1.34,-1.99,2.71,-1.5,1,0,0
0.53,-0.68,1.43,1.72,1,0,0
-0.61,0.55,0.61,0.56,1,0,0
3.23,-1.94,-2.18,1.64,1,0,0
-1.68,0.01,0.82,-0.83,1,0,0
-1.69,0.5,-0.24,-0.74,1,0,0
-0.69,-0.42,1.31,0.19,1,0,0
0.27,-1.26,-1.61,-0.65,1,0,0
0.26,-0.61,0.89,1.04,1,0,0
-1.02,1.15,-0.81,-0.66,1,0,0
0.37,-0.29,-1.24,-0.08,1,0,0
-0.47,1.31,0.85,-0.04,1,0,0
0.93,-1.39,-0.58,-0.53,1,0,0
2.38,-0.49,1.0,1.74,1,0,0
-1.87,1.06,2.37,0.43,1,0,0
-0.04,1.06,-0.96,0.08,1,0,0
0.28,0.18,-0.16,0.88,1,0,0
-1.42,1.88,1.83,0.9,1,0,0
-1.99,1.41,-1.0,-1.32,1,0,0
-0.57,-0.46,-0.72,-0.23,1,0,0
0.2,0.04,0.7,0.7,1,0,0
-0.19,0.42,0.24,0.76,1,0,0
-0.57,0.23,1.2,0.83,1,0,0
-0.78,0.03,-0.1,0.14,1,0,0
-1.18,1.22,2.15,0.88,1,0,0
-0.69,-0.48,-0.54,-0.76,1,0,0
0.08,1.81,0.62,1.54,1,0,0
-2.07,1.59,3.77,0.92,1,0,0
-0.25,0.36,-2.22,-0.31,1,0,0
-0.45,0.3,0.14,0.53,1,0,0
-0.18,0.64,2.04,1.21,1,0,0
-0.62,0.42,2.24,1.16,1,0,0
1.11,0.05,0.19,1.61,1,0,0
-1.31,-1.05,0.31,-0.7,1,0,0
-0.69,0.51,2.34,1.36,1,0,0
-1.21,1.44,1.91,0.29,1,0,0
1.89,0.7,0.34,2.13,1,0,0
-1.04,0.46,0.72,-0.72,1,0,0
-0.65,0.31,0.58,-0.01,1,0,0
-0.24,-2.22,0.55,-0.35,1,0,0
-1.31,-0.96,-0.61,-0.78,1,0,0
-0.17,-0.6,-1.62,-0.66,1,0,0
-0.71,0.37,0.92,0.58,1,0,0
-0.67,0.54,-2.74,-0.97,1,0,0
0.82,-0.92,-0.15,0.86,1,0,0
2.37,-1.84,-2.03,0.87,1,0,0
-1.54,-0.46,2.49,-0.1,1,0,0
-0.78,0.07,-0.56,-0.35,1,0,0
0.11,0.17,-0.78,0.27,1,0,0
0.52,-1.12,-0.97,-0.16,1,0,0
0.54,0.92,0.81,2.49,1,0,0
2.41,-1.12,1.31,2.0,1,0,0
-0.6,-0.59,0.45,0.15,1,0,0
0.07,0.18,-2.34,-0.76,1,0,0
-0.34,-0.5,-0.31,-0.41,1,0,0
0.16,-0.25,0.9,1.08,1,0,0
-1.08,1.66,1.7,0.94,1,0,0
-0.62,-0.5,1.62,-0.22,1,0,0
-0.85,1.11,2.68,1.11,1,0,0
-0.91,0.37,-0.32,-0.36,1,0,0
-0.54,0.26,-0.04,-0.19,1,0,0
-2.15,0.73,-0.48,-0.9,1,0,0
-1.13,0.21,-1.6,-0.0,1,0,0
-0.08,-0.01,-1.84,-0.17,1,0,0
-1.76,-0.09,0.73,-1.58,1,0,0
0.3,0.12,-1.57,0.2,1,0,0
1.3,-1.1,-1.64,0.3,1,0,0
-1.03,1.58,-1.01,-0.02,1,0,0
-1.44,0.77,-0.95,0.08,1,0,0
0.85,-1.38,1.09,0.06,1,0,0
-0.41,-1.14,-0.35,-0.46,1,0,0
-0.6,-1.07,-0.26,-0.72,1,0,0
-0.28,-0.56,-0.18,-0.67,1,0,0
1.05,-0.81,2.83,1.78,1,0,0
-1.19,0.36,-1.48,-1.12,1,0,0
-0.33,-1.47,0.71,-0.89,1,0,0
0.55,-1.67,-1.97,-1.15,1,0,0
0.15,-0.18,-1.78,-0.36,1,0,0
1.36,0.29,-1.1,1.43,1,0,0
-1.24,1.22,0.18,0.37,1,0,0
0.4,0.28,-1.69,-0.2,1,0,0
1.76,-2.36,0.8,0.95,1,0,0
-2.3,-0.75,0.12,-1.67,1,0,0
0.56,-1.05,-0.62,0.33,1,0,0
-1.14,0.82,2.74,0.47,1,0,0
-0.15,1.63,2.55,1.77,1,0,0
0.61,-1.37,-2.37,-1.12,1,0,0
-0.58,-0.4,3.37,0.67,1,0,0
-0.78,1.49,-0.27,0.13,1,0,0
2.07,-0.18,-0.05,1.51,1,0,0
-1.49,0.27,-0.14,0.04,1,0,0
-0.47,-0.01,0.56,0.14,1,0,0
-1.2,-1.39,-0.28,-0.9,1,0,0
-0.92,0.08,2.48,-0.02,1,0,0
-0.38,0.44,0.08,-0.04,1,0,0
-0.12,0.61,1.45,0.08,1,0,0
-2.38,0.69,-0.53,-1.46,1,0,0
0.53,0.49,-0.74,0.79,1,0,0
1.16,-0.07,-2.27,0.1,1,0,0
-0.49,0.69,1.63,0.72,1,0,0
0.35,-0.88,2.11,0.73,1,0,0
-0.74,-0.88,0.12,-1.21,1,0,0
-0.52,0.87,0.73,1.22,1,0,0
-1.16,-0.22,1.75,0.44,1,0,0
-0.03,1.49,-1.25,0.71,1,0,0
-1.54,2.06,-0.07,-0.61,1,0,0
0.02,0.82,0.42,0.39,1,0,0
0.07,0.58,0.49,0.56,1,0,0
0.92,-0.22,-1.12,0.48,1,0,0
-0.84,1.43,2.39,1.4,1,0,0
-1.4,1.72,0.87,0.7,1,0,0
-1.77,0.93,0.54,0.19,1,0,0
0.97,-0.03,-2.53,0.82,1,0,0
-1.96,-0.03,1.15,-0.51,1,0,0
-0.19,0.38,-2.2,-0.56,1,0,0
0.22,0.88,1.58,1.31,1,0,0
1.46,-1.15,-0.89,0.56,1,0,0
-0.34,-1.28,2.23,-0.28,1,0,0
2.64,-0.71,-0.29,1.65,1,0,0
0.17,0.98,0.32,1.12,1,0,0
0.76,-1.42,-0.91,-0.3,1,0,0
-0.29,-0.18,2.17,0.95,1,0,0
-0.61,-0.55,1.37,-0.19,1,0,0
-0.96,-0.17,2.68,0.03,1,0,0
-0.2,0.77,-0.4,-0.09,1,0,0
-1.05,0.67,-0.41,-0.26,1,0,0
1.07,-0.54,-2.23,0.16,2,0,0
0.82,-0.46,-1.03,0.16,2,0,0
-0.28,0.0,1.03,-0.03,2,0,0
0.33,-0.9,0.0,-0.24,2,0,0
-1.29,0.06,2.42,-1.96,2,0,0
1.4,-1.46,-2.1,0.77,2,0,0
0.28,1.97,-0.26,0.11,2,0,0
-0.36,0.8,1.05,-0.75,2,0,0
1.79,-1.16,-2.51,1.85,2,0,0
-0.22,0.08,0.78,-0.51,2,0,0
0.11,-0.12,0.16,-0.35,2,0,0
0.5,-1.49,-0.63,-0.76,2,0,0
-0.02,0.68,0.45,-0.28,2,0,0
1.58,-0.8,-1.91,1.72,2,0,0
0.61,-1.2,-0.63,0.14,2,0,0
-0.2,2.23,0.86,0.26,2,0,0
-0.03,0.92,0.14,-0.45,2,0,0
0.13,-0.96,-0.41,-1.22,2,0,0
0.52,-2.9,-0.98,-1.01,2,0,0
-0.12,-0.55,-0.02,-1.76,2,0,0
0.29,0.6,-0.09,-0.03,2,0,0
0.26,-1.84,-0.97,-1.73,2,0,0
-0.65,0.55,1.29,-1.26,2,0,0
1.42,-0.3,-1.82,1.53,2,0,0
-1.02,0.72,2.31,-1.45,2,0,0
-0.24,0.04,1.4,0.19,2,0,0
-0.38,1.27,0.54,-1.42,2,0,0
0.67,0.72,-0.5,0.93,2,0,0
0.46,-0.08,-0.64,-0.56,2,0,0
-0.22,0.01,0.37,-1.29,2,0,0
1.04,-2.24,-1.74,-0.61,2,0,0
-0.53,-1.39,0.78,-1.97,2,0,0
-0.03,-0.02,0.87,0.34,2,0,0
0.95,0.52,-1.11,1.37,2,0,0
-0.54,0.14,0.91,-1.75,2,0,0
1.58,-0.1,-1.83,2.05,2,0,0
1.51,-0.22,-1.95,1.4,2,0,0
-0.98,0.27,1.59,-2.08,2,0,0
0.33,-1.73,-0.72,-1.04,2,0,0
-0.8,1.46,1.85,-0.88,2,0,0
1.52,-0.24,-2.23,1.02,2,0,0
1.61,-0.03,-2.25,1.92,2,0,0
0.83,-0.65,-1.23,0.08,2,0,0
-0.17,1.26,0.47,-0.72,2,0,0
-0.5,-0.13,1.29,-1.2,2,0,0
1.81,-0.73,-2.35,2.37,2,0,0
0.24,1.19,-0.25,-0.19,2,0,0
0.43,-1.39,-0.1,0.03,2,0,0
1.65,-0.17,-2.11,2.29,2,0,0
0.65,0.39,-0.23,0.94,2,0,0
0.11,-1.59,-0.69,-2.1,2,0,0
1.13,-1.57,-1.6,0.3,2,0,0
-0.02,1.77,0.57,0.27,2,0,0
0.15,2.35,0.45,0.87,2,0,0
-0.67,-0.62,1.11,-1.71,2,0,0
-0.47,0.47,1.51,-0.94,2,0,0
0.82,0.33,-0.54,1.09,2,0,0
-0.87,-0.6,2.92,-0.19,2,0,0
0.0,-1.57,-0.06,-1.63,2,0,0
0.56,0.65,-0.35,0.93,2,0,0
0.6,-1.66,-0.56,-0.14,2,0,0
-0.91,-0.16,2.06,-1.35,2,0,0
1.02,-0.18,-1.3,1.02,2,0,0
0.01,-2.64,0.11,-1.56,2,0,0
-0.22,-1.7,0.94,-0.48,2,0,0
0.71,-2.22,-1.15,-0.7,2,0,0
-0.09,0.72,0.23,-0.78,2,0,0
1.18,0.07,-0.74,2.29,2,0,0
-0.28,0.11,0.58,-0.81,2,0,0
0.63,-0.94,-0.82,0.34,2,0,0
0.72,0.9,-0.61,0.93,2,0,0
-0.69,-1.86,1.2,-2.12,2,0,0
1.5,-0.77,-1.69,1.99,2,0,0
-0.01,2.37,0.41,0.49,2,0,0
0.32,1.04,0.22,0.72,2,0,0
0.12,1.71,0.82,1.29,2,0,0
0.9,-0.36,-1.15,0.08,2,0,0
1.47,-0.37,-2.13,0.7,2,0,0
1.48,1.45,-2.1,1.3,2,0,0
0.27,0.93,0.15,0.72,2,0,0
1.17,1.83,-1.17,1.88,2,0,0
-0.85,-0.59,1.81,-1.69,2,0,0
0.59,-0.09,-1.51,-1.25,2,0,0
1.51,-0.26,-1.48,2.14,2,0,0
1.19,-0.27,-1.26,1.53,2,0,0
0.66,-0.94,-0.97,-0.08,2,0,0
0.8,1.39,-0.69,1.34,2,0,0
0.54,1.6,0.06,1.78,2,0,0
0.38,-0.3,-0.47,-0.13,2,0,0
-0.66,0.92,1.35,-0.84,2,0,0
0.99,0.24,-1.74,0.04,2,0,0
1.26,0.9,-1.22,2.01,2,0,0
0.49,0.69,-0.34,0.74,2,0,0
0.12,0.66,0.71,0.77,2,0,0
-0.88,0.29,1.9,-1.45,2,0,0
0.55,-0.0,0.03,0.98,2,0,0
0.26,-0.48,-0.09,0.04,2,0,0
1.53,-2.04,-2.14,0.77,2,0,0
-0.7,-2.49,1.0,-2.43,2,0,0
0.33,1.09,-0.48,-0.07,2,0,0
0.06,-1.86,-0.44,-1.67,2,0,0
-0.15,2.05,0.69,-0.21,2,0,0
0.08,-1.7,0.09,-1.2,2,0,0
0.33,-1.14,-0.11,-0.06,2,0,0
-0.11,2.3,0.64,0.4,2,0,0
0.69,-1.46,-0.5,0.38,2,0,0
0.57,-0.12,-0.66,0.06,2,0,0
-0.26,1.72,1.1,-0.05,2,0,0
0.93,0.67,-1.28,0.35,2,0,0
-0.0,-0.82,0.27,-0.89,2,0,0
0.73,-0.71,-1.24,-0.41,2,0,0
0.57,-2.29,-0.83,-0.61,2,0,0
-0.69,1.05,1.3,-1.1,2,0,0
-0.04,-1.91,-0.26,-2.1,2,0,0
0.66,1.39,-0.36,1.17,2,0,0
0.23,-0.35,-1.36,-1.85,2,0,0
1.0,0.12,-1.44,0.21,2,0,0
1.28,0.16,-1.73,1.61,2,0,0
0.29,-0.1,-0.64,-0.85,2,0,0
0.46,-1.08,-0.81,-0.63,2,0,0
-0.46,2.52,1.08,-0.23,2,0,0
-1.05,1.96,1.8,-1.12,2,0,0
0.67,-2.1,-0.94,-0.19,2,0,0
0.77,1.71,-0.33,1.59,2,0,0
1.12,0.84,-1.56,1.14,2,0,0
-0.63,0.07,1.38,-1.1,2,0,0
-0.53,-0.19,1.23,-0.94,2,0,0
0.46,-1.06,-0.93,-0.86,2,0,0
0.41,-0.92,-0.26,-0.17,2,0,0
0.27,-1.01,0.03,-0.34,2,0,0
0.48,-1.16,-1.0,-0.35,2,0,0
0.63,0.09,-0.3,0.91,2,0,0
0.43,-1.94,-0.55,-1.21,2,0,0
0.28,0.06,0.17,0.19,2,0,0
0.3,2.12,-0.04,0.6,2,0,0
-0.16,-2.37,-0.17,-2.47,2,0,0
-0.4,0.4,1.26,-0.61,2,0,0
-0.11,-0.29,0.27,-0.69,2,0,0
1.45,0.04,-1.67,1.64,2,0,0
0.06,0.0,0.49,0.33,2,1,1
-0.49,-0.96,1.21,-0.79,2,1,1
0.87,-0.41,-1.34,-0.26,2,0,0
-0.08,1.22,0.51,-0.36,2,0,0
-0.47,1.48,1.4,-0.01,2,0,0
-0.06,-0.39,0.23,-1.02,2,0,0
-0.6,-1.58,0.63,-2.23,2,0,0
0.48,0.85,-0.28,0.53,2,0,0
0.39,0.06,-0.32,-0.09,2,0,0
0.86,0.89,-0.63,1.7,2,0,0
-1.39,0.49,2.7,-1.78,2,0,0
-0.37,-2.22,0.94,-1.82,2,0,0
-0.63,-0.13,0.86,-1.95,2,0,0
-1.0,0.29,1.97,-2.2,2,0,0
0.79,0.86,-0.62,1.29,2,0,0
-0.71,-0.37,0.9,-2.53,2,0,0
1.76,-0.85,-2.37,2.07,2,0,0
-0.18,-0.55,0.23,-1.29,2,0,0
1.16,-1.33,-2.1,-0.39,2,0,0
0.2,0.62,0.08,-0.21,2,0,0
0.56,-0.06,-0.35,0.49,2,1,1
0.86,-0.08,-1.1,0.7,2,0,0
0.69,-0.93,-0.45,0.58,2,0,0
-1.23,0.22,1.89,-2.67,2,0,0
0.05,0.33,-0.17,-1.03,2,0,0
-0.33,-1.01,0.86,-1.29,2,0,0
-0.76,-0.81,0.98,-2.28,2,0,0
0.52,-2.05,-0.53,0.03,2,0,0
-0.92,-0.66,1.32,-2.34,2,0,0
0.84,-0.0,-0.56,1.44,2,0,0
-0.31,1.89,0.67,-0.78,2,0,0
-0.13,-0.13,0.42,-0.7,2,0,0
1.06,-0.16,-1.33,0.65,2,0,0
0.03,-1.48,-0.28,-1.69,2,0,0
-0.65,1.23,1.19,-1.31,2,0,0
2.19,-0.06,-2.49,2.86,2,0,0
0.96,0.74,-1.42,0.22,2,0,0
-0.39,-0.08,0.99,-1.21,2,0,0
0.39,0.3,-0.21,0.49,2,0,0
-0.08,-0.77,0.03,-1.13,2,0,0
1.3,0.85,-1.51,1.87,2,0,0
0.73,0.65,-0.69,0.85,2,0,0
0.36,-0.81,-0.6,-0.63,2,0,0
0.39,0.26,-1.13,-1.01,2,0,0
1.03,-0.68,-2.04,-0.35,2,0,0
1.2,0.27,-1.33,1.74,2,0,0
0.26,2.25,0.19,0.95,2,0,0
0.9,0.33,-1.07,0.8,2,0,0
-0.61,0.35,0.98,-1.59,2,0,0
1.08,-1.84,-1.31,0.91,2,0,0
0.43,1.58,-0.23,0.94,2,0,0
1.56,0.53,-2.03,2.05,2,0,0
-0.33,2.28,1.42,0.59,2,0,0
0.34,2.13,0.41,1.59,2,0,0
0.14,-0.48,0.16,0.17,2,0,0
-0.29,0.2,0.77,-1.1,2,0,0
-0.4,0.9,0.71,-1.17,2,0,0
0.57,0.14,-0.81,-0.07,2,0,0
-0.8,1.37,1.73,-1.36,2,0,0
-0.42,0.77,1.1,-0.73,2,0,0
0.63,-0.72,-0.43,0.55,2,0,0
1.63,-1.99,-2.53,0.62,2,0,0
1.17,0.24,-1.69,0.79,2,0,0
-0.33,2.28,0.22,-1.34,2,0,0
0.54,-2.36,-1.04,-1.29,2,0,0
-0.53,-0.24,1.21,-0.85,2,0,0
1.22,-0.66,-1.74,0.72,2,0,0
-0.78,0.09,1.92,-0.92,2,0,0
-0.08,-1.48,-0.25,-1.68,2,0,0
0.1,0.79,-0.06,-0.31,2,0,0
0.25,-0.35,-0.86,-1.36,2,0,0
0.58,-0.34,-0.36,0.46,2,0,0
0.0,-2.1,-0.42,-2.19,2,0,0
-0.99,0.3,1.42,-2.47,2,0,0
-0.76,-0.5,0.88,-2.67,2,0,0
-0.77,0.26,1.35,-1.44,2,0,0
-0.2,0.66,0.75,-0.44,2,0,0
0.46,-1.69,-0.73,-1.1,2,0,0
0.18,-0.0,-0.58,-1.05,2,0,0
-0.33,1.9,1.05,-0.38,2,0,0
1.41,-0.28,-2.01,0.68,2,0,0
-0.47,1.15,0.9,-0.97,2,0,0
0.63,-0.28,-0.92,-0.32,2,0,0
2.14,0.12,-2.43,3.38,2,0,0
-0.32,-0.44,0.76,-0.98,2,0,0
0.46,-0.36,-0.16,0.39,2,0,0
0.3,0.09,-0.35,-0.26,2,0,0
0.67,1.12,-0.83,0.74,2,0,0
0.63,-0.08,-1.08,0.04,2,0,0
0.01,1.89,0.14,-0.19,2,0,0
1.03,0.67,-1.07,1.38,2,0,0
1.35,1.22,-1.25,2.39,2,0,0
1.28,0.01,-1.47,1.81,2,0,0
1.13,-0.17,-1.45,1.19,2,0,0
0.09,0.03,-0.81,-1.56,2,0,0
1.38,-1.22,-1.98,0.78,2,0,0
0.45,-0.58,-0.49,-0.23,2,0,0
0.14,-1.05,-0.05,-0.93,2,0,0
-0.47,-0.74,1.06,-1.4,2,0,0
0.33,1.09,-0.24,0.17,2,0,0
0.35,0.52,-0.05,0.48,2,0,0
0.53,0.18,-0.73,0.12,2,1,1
-0.11,1.2,1.22,1.03,2,0,0
-0.99,-0.18,1.76,-1.36,2,0,0
0.81,-0.78,-0.65,0.45,2,0,0
0.99,-1.25,-1.45,0.05,2,0,0
0.65,-0.17,-0.71,0.18,2,0,0
0.34,-1.05,-0.34,-0.65,2,0,0
-0.19,-0.05,0.43,-1.14,2,0,0
0.91,-0.53,-1.09,0.77,2,0,0
1.21,-0.85,-1.68,0.41,2,0,0
0.75,1.87,-1.09,0.63,2,0,0
0.55,1.61,-0.44,0.88,2,0,0
1.55,-0.15,-2.92,0.21,2,0,0
-0.18,1.4,0.14,-1.41,2,0,0
1.04,-0.95,-1.26,0.61,2,0,0
0.11,0.33,0.51,0.11,2,0,0
0.66,1.11,-0.83,0.38,2,0,0
1.85,-1.07,-2.88,1.29,2,0,0
0.28,1.12,0.06,0.45,2,0,0
-1.0,0.17,1.97,-1.31,2,0,0
0.32,0.76,0.56,1.49,2,0,0
-0.09,0.66,-0.52,-1.47,2,0,0
-0.57,-0.34,1.01,-1.24,2,0,0
-0.1,1.5,0.46,0.06,2,0,0
0.06,-0.46,-0.19,-1.05,2,0,0
0.9,-0.39,-0.55,1.6,2,0,0
0.42,1.67,-0.43,-0.08,2,0,0
1.32,-0.2,-1.61,1.1,2,0,0
-0.1,1.74,0.91,0.29,2,0,0
0.63,0.1,-0.27,0.94,2,0,0
-0.63,0.54,0.96,-1.62,2,0,0
-0.37,-1.04,0.73,-1.08,2,0,0
0.04,-1.08,-0.09,-0.97,2,0,0
0.9,-0.46,-1.27,0.37,2,0,0
0.38,-0.91,-0.22,-0.0,2,0,0
0.83,0.07,-1.36,-0.01,2,0,0
0.51,-1.08,-0.35,-0.12,2,0,0
1.3,0.88,-1.56,1.73,2,0,0
0.14,0.44,-0.27,-0.69,2,0,0
0.51,0.67,-0.18,0.79,2,0,0
-1.24,1.26,2.14,-2.31,2,0,0
1.15,0.36,-1.02,1.73,2,0,0
-0.62,0.63,0.65,-2.25,2,0,0
0.38,-0.38,0.03,0.33,2,0,0
-0.82,1.08,2.06,-0.75,2,0,0
-0.67,0.52,1.55,-0.91,2,0,0
0.06,1.37,0.43,0.2,2,0,0
0.12,-0.85,-0.81,-2.04,2,0,0
0.89,-0.25,-1.55,-0.35,2,0,0
1.2,-1.69,-1.87,-0.02,2,0,0
1.51,-0.65,-2.45,0.48,2,0,0
0.13,-1.04,-0.15,-0.94,2,0,0
-0.69,0.96,1.38,-1.08,2,0,0
0.54,0.81,-0.41,0.63,2,0,0
1.34,1.01,-2.04,1.48,2,0,0
-0.38,-0.81,0.96,-1.26,2,0,0
0.74,-0.36,-1.15,0.11,2,0,0
-0.54,-0.11,1.46,-0.85,2,0,0
-0.12,1.02,0.86,-0.02,2,0,0
-0.45,-0.61,1.11,-1.64,2,1,1
0.14,-1.16,-0.2,-1.48,2,0,0
-1.31,-1.27,2.29,-3.07,2,0,0
-0.82,-0.9,1.67,-1.67,2,0,0
0.86,-1.38,-1.31,0.09,2,0,0
0.49,0.62,0.34,1.42,2,0,0
0.54,1.23,-0.38,0.65,2,0,0
0.91,1.52,-1.14,1.25,2,0,0
-0.02,0.31,0.07,-0.58,2,0,0
0.15,1.57,0.14,0.24,2,0,0
0.56,-1.14,-1.03,-0.74,2,0,0
-0.19,1.15,0.68,-0.45,2,0,0
0.75,0.94,-0.86,0.64,2,0,0
0.43,2.06,-0.22,0.6,2,0,0
0.31,1.36,-0.02,0.65,2,0,0
0.66,1.24,-0.56,0.94,2,0,0
0.33,-1.43,-0.71,-1.16,2,0,0
0.03,-1.66,0.17,-1.09,2,0,0
0.1,0.87,-0.63,-0.95,2,0,0
0.22,-0.57,-0.15,-0.5,2,0,0
-0.17,0.21,-0.01,-1.8,2,0,0
0.88,0.09,-0.78,0.95,2,0,0
0.75,-0.96,-1.12,0.28,2,0,0
0.12,1.13,0.41,0.2,2,0,0
0.88,-1.05,-0.9,0.21,2,0,0
1.19,0.97,-0.99,2.53,2,0,0
1.36,0.11,-1.76,1.42,2,0,0
-0.29,1.15,1.07,-0.18,2,0,0
0.55,-0.98,-1.19,-0.92,2,0,0
-0.18,-0.58,0.69,-0.85,2,0,0
0.66,0.58,-0.95,0.25,2,0,0
-0.02,0.82,0.9,0.2,2,0,0
0.8,0.04,-0.69,0.57,2,0,0
2.12,-2.96,-3.79,1.18,2,0,0
-0.02,-2.64,-0.32,-2.35,2,0,0
-0.2,2.02,0.41,-0.59,2,0,0
0.25,1.68,0.23,0.73,2,0,0
-0.0,0.65,0.15,-0.85,2,0,0
-0.36,1.24,0.43,-1.67,2,0,0
0.11,-1.67,-0.35,-1.74,2,0,0
-0.24,-1.2,0.54,-1.48,2,0,0
0.28,-1.1,-0.83,-1.28,2,0,0
0.08,-0.11,-0.14,-1.03,2,0,0
-1.3,0.96,2.77,-1.48,2,0,0
0.51,1.12,-0.76,0.24,2,0,0
0.46,-2.14,-0.83,-0.97,2,0,0
-0.09,-0.23,0.22,-0.68,2,0,0
1.01,-1.2,-1.85,0.12,2,0,0
0.73,-0.13,-0.86,-0.1,2,0,0
0.53,-0.26,-0.6,-0.04,2,0,0
0.3,1.03,-0.05,0.42,2,0,0
1.11,-2.09,-1.82,-0.01,2,0,0
0.77,0.98,-0.65,1.45,2,0,0
-0.08,-2.1,0.44,-1.27,2,0,0
0.15,0.31,0.12,-0.11,2,0,0
-0.25,2.14,1.27,0.65,2,0,0
-0.59,0.63,1.8,-0.73,2,0,0
-0.82,0.68,1.99,-0.77,2,0,0
1.33,-1.39,-1.94,0.86,2,0,0
0.34,-0.3,-0.62,-0.77,2,0,0
1.03,1.0,-1.54,0.96,2,0,0
0.27,-1.0,-0.08,-0.19,2,0,0
0.14,1.79,0.16,0.05,2,0,0
-0.38,1.24,1.35,0.12,2,0,0
-0.44,-2.79,0.08,-3.01,2,0,0
-0.78,0.02,1.59,-1.35,2,0,0
1.2,-1.12,-1.49,0.76,2,0,0
-0.07,1.28,0.75,-0.18,2,0,0
-0.74,-0.29,1.73,-1.06,2,0,0
-0.38,-1.56,0.39,-2.3,2,0,0
0.27,-0.24,0.07,0.06,2,0,0
-0.74,1.45,1.19,-1.46,2,0,0
-0.16,1.23,0.38,-0.62,2,0,0
0.22,0.99,-0.05,0.06,2,0,0
0.61,0.28,-1.29,-0.6,2,0,0
-0.96,-0.45,1.69,-1.67,2,0,0
0.77,0.07,-0.24,1.33,2,0,0
-1.13,0.43,2.29,-1.6,2,0,0
1.49,1.63,-2.11,1.42,2,0,0
0.22,-1.32,-0.48,-0.69,2,0,0
-0.75,0.8,1.31,-1.49,2,0,0
-0.62,-0.92,0.94,-1.99,2,0,0
-0.21,1.92,0.3,-0.67,2,0,0
0.2,1.67,0.09,0.35,2,0,0
-1.96,0.57,3.49,-2.78,2,0,0
1.41,-0.87,-1.91,0.84,2,0,0
-0.29,1.34,0.81,-0.39,2,0,0
-0.07,0.82,0.51,-0.24,2,0,0
0.04,-1.13,-0.62,-1.67,2,0,0
-0.01,0.16,0.26,-0.27,2,0,0
0.77,2.16,-0.56,1.49,2,0,0
0.43,-0.24,-0.57,-0.69,2,0,0
0.14,-1.56,-0.34,-0.73,2,0,0
1.53,-1.75,-2.33,0.57,2,0,0
-0.23,-0.71,0.85,-0.54,2,0,0
-0.96,-1.05,1.15,-2.73,2,0,0
-0.23,1.63,0.89,-0.45,2,0,0
0.57,1.82,-0.06,1.5,2,0,0
0.11,-0.28,0.16,-0.62,2,0,0
1.29,1.52,-1.42,1.98,2,0,0
0.93,-0.49,-1.37,0.3,2,0,0
0.51,1.53,-0.41,0.66,2,0,0
1.49,0.01,-2.06,1.22,2,0,0
-0.27,-0.94,0.93,-0.68,2,0,0
0.32,-0.63,-0.91,-0.88,2,0,0
-0.03,0.3,0.22,-1.01,2,0,0
-0.73,0.02,1.85,-0.72,2,0,0
1.15,-1.46,-1.85,-0.01,2,0,0
0.89,-1.46,-0.95,0.5,2,0,0
-0.41,0.18,0.59,-1.38,2,0,0
-0.83,-0.14,1.77,-1.53,2,0,0
-0.91,-0.42,1.1,-2.57,2,0,0
-0.36,-1.38,0.72,-1.59,2,0,0
0.31,0.69,-0.59,-0.49,2,0,0
0.67,-0.73,-1.11,-0.52,2,0,0
0.35,2.98,-0.01,0.77,2,0,0
-0.36,-0.4,0.7,-1.35,2,0,0
-1.46,-0.4,2.68,-2.59,2,0,0
-1.19,1.09,2.18,-2.15,2,0,0
-0.58,-0.74,0.85,-1.76,2,0,0
1.99,-1.43,-3.31,1.0,2,0,0
0.67,0.84,-0.54,0.55,2,0,0
0.47,-1.96,-1.03,-1.51,2,0,0
0.49,-0.43,-0.29,-0.01,2,0,0
-0.48,1.43,1.39,-0.31,2,0,0
-0.2,-0.31,1.01,-0.24,2,0,0
0.33,0.67,-0.32,-0.15,2,0,0
-0.44,-0.28,0.83,-1.24,2,0,0
0.13,0.71,0.57,0.58,2,0,0
0.43,-0.83,-0.71,-0.64,2,0,0
-0.64,0.75,1.66,-0.61,2,0,0
1.79,-0.56,-2.64,1.5,2,0,0
-0.76,0.43,1.21,-1.9,2,0,0
2.03,0.5,-3.18,1.93,2,0,0
-0.28,-0.75,1.05,-0.57,2,0,0
1.64,0.11,-2.35,1.68,2,0,0
0.57,-0.1,-0.76,-0.13,2,0,0
0.37,-0.87,-0.23,-0.5,2,0,0
0.57,-2.05,-1.21,-1.0,2,0,0
1.57,-1.53,-1.98,1.85,2,0,0
-0.99,-0.19,1.78,-2.1,2,0,0
-1.32,0.23,2.05,-2.22,2,0,0
-0.73,1.33,1.56,-0.69,2,0,0
-0.0,0.47,-0.39,-1.37,2,0,0
-0.0,0.71,0.74,0.29,2,0,0
1.26,-1.51,-1.7,0.78,2,0,0
0.55,0.13,-0.64,0.35,2,0,0
0.16,1.59,0.11,0.13,2,0,0
1.0,-0.25,-1.55,0.42,2,0,0
-0.6,-1.36,1.19,-1.26,2,0,0
1.57,1.52,-2.08,1.81,2,0,0
0.46,-1.26,-0.67,-0.57,2,0,0
1.44,-0.92,-1.93,1.12,2,0,0
-0.53,0.56,0.86,-1.15,2,0,0
-0.35,0.7,0.97,-0.33,2,0,0
0.16,-1.35,-0.13,-0.97,2,0,0
0.4,0.92,0.14,0.55,2,0,0
0.63,0.36,-0.81,0.27,2,0,0
-0.08,0.45,0.67,-0.1,2,0,0
-0.91,0.58,1.9,-0.94,2,0,0
-1.46,0.03,2.74,-2.35,2,0,0
-0.86,-2.15,1.57,-2.15,2,0,0
0.32,-1.27,-0.25,-0.28,2,0,0
0.46,0.75,-0.04,0.98,2,0,0
0.38,-0.48,-0.27,-0.11,2,1,1
0.93,0.24,-1.16,0.77,2,0,0
0.5,0.38,-0.49,0.53,2,0,0
0.4,0.64,0.15,0.93,2,0,0
0.43,-0.42,-0.53,-0.22,2,0,0
0.96,0.34,-0.7,1.2,2,0,0
-0.34,0.25,0.39,-1.41,2,0,0
0.45,0.15,-0.04,0.71,2,0,0
1.22,0.24,-2.13,0.64,2,0,0
-0.52,-0.88,0.66,-1.97,2,0,0
0.5,-1.6,-0.9,-0.85,2,0,0
0.11,-0.58,0.39,-0.1,2,0,0
-0.16,-2.78,0.15,-1.77,2,0,0
0.15,0.69,0.3,0.35,2,0,0
0.61,0.52,-0.45,0.26,2,0,0
0.64,0.73,-0.91,0.43,2,0,0
0.32,0.97,-0.54,-0.14,2,0,0
-0.26,-0.24,0.71,-0.7,2,0,0
0.64,-1.93,-1.11,-0.75,2,0,0
1.04,0.95,-1.09,2.1,2,0,0
0.41,-2.4,-0.8,-0.92,2,0,0
0.18,1.61,0.44,0.82,2,0,0
0.79,-1.12,-1.44,-0.39,2,0,0
-1.4,0.42,2.49,-2.33,2,0,0
0.15,-0.44,-0.0,-0.48,2,0,0
0.41,2.62,-0.27,0.45,2,0,0
-1.08,-0.45,2.26,-1.62,2,0,0
0.41,0.32,-0.29,0.38,2,0,0
0.98,-2.12,-1.25,-0.01,2,0,0
0.05,-1.47,0.43,-0.61,2,0,0
0.93,0.22,-1.15,1.12,2,0,0
-0.79,0.53,2.1,-0.59,2,0,0
-0.16,-0.29,0.84,-0.14,2,0,0
-0.04,1.06,0.78,0.03,2,0,0
-0.67,0.53,1.19,-1.34,2,0,0
0.57,-1.01,-0.51,-0.23,2,0,0
0.06,0.57,-0.43,-1.36,2,0,0
0.41,0.93,-0.07,0.84,2,0,0
0.13,-0.48,0.37,0.12,2,0,0
0.12,0.49,-0.13,-0.37,2,0,0
-0.14,-0.86,0.61,-0.66,2,0,0
0.2,-1.08,-0.16,-0.81,2,0,0
0.52,-0.33,0.03,1.05,2,0,0
-0.02,-0.35,0.37,-0.74,2,0,0
-0.62,0.43,1.08,-1.21,2,0,0
1.58,-1.64,-2.83,0.6,2,0,0
-0.96,0.15,1.36,-2.42,2,0,0
-0.3,-0.93,0.85,-0.97,2,0,0
-0.59,1.2,1.21,-1.22,2,0,0
1.13,1.81,-1.43,1.55,2,0,0
1.28,-2.65,-2.18,-0.03,2,0,0
0.56,1.57,-0.47,0.73,2,0,0
-0.53,0.41,1.19,-0.89,2,0,0
1.39,-1.57,-1.73,1.0,2,0,0
0.73,0.16,-0.82,0.8,2,0,0
1.62,0.31,-1.99,2.21,2,0,0
0.12,-1.72,0.22,-0.72,2,0,0
0.36,0.53,-0.57,-0.11,2,0,0
-0.71,-0.83,1.98,-1.02,2,0,0
0.78,-0.14,-0.66,0.92,2,0,0
0.24,-0.91,-0.49,-1.08,2,0,0
0.64,-2.24,-1.3,-1.27,2,0,0
0.02,0.81,0.03,-0.85,2,0,0
0.03,0.57,-0.2,-1.22,2,0,0
1.38,-0.12,-1.91,1.46,2,0,0
-0.07,0.66,0.57,-0.28,2,0,0
-0.22,-0.43,0.63,-0.97,2,0,0
-0.71,1.43,1.2,-0.96,2,0,0
2.19,-1.88,-2.96,2.41,2,0,0
0.78,0.89,-0.36,1.38,2,0,0
0.0,1.46,1.12,0.99,2,0,0
-0.1,-0.53,0.46,-1.05,2,0,0
0.31,-0.77,-0.63,-0.73,2,0,0
0.33,0.09,-0.23,-0.22,2,0,0
-0.19,-0.49,0.39,-1.28,2,0,0
0.35,0.63,0.43,0.98,2,0,0
-0.6,-0.43,1.47,-1.4,2,0,0
0.51,0.56,-0.49,0.41,2,0,0
-0.66,0.92,1.37,-0.98,2,0,0
-0.02,-2.39,-0.42,-1.78,2,0,0
-0.28,0.65,1.2,-0.04,2,0,0
-0.45,-0.13,1.23,-0.47,2,0,0
0.33,-0.94,0.04,0.03,2,0,0
0.36,0.39,-0.35,0.02,2,0,0
1.56,-0.67,-1.97,1.54,2,0,0
0.86,-2.36,-2.07,-1.52,2,0,0
-1.62,0.13,3.52,-1.63,2,0,0
