@relation SyntheticData-N_1200-D_8-Nmin_100-Zmin_16-CL_1_3-R_0
@attribute X0 real [-5.47, 6.74]
@attribute X1 real [-6.23, 5.72]
@attribute X2 real [-5.44, 5.31]
@attribute X3 real [-5.59, 5.00]
@attribute X4 real [-5.33, 6.91]
@attribute X5 real [-5.26, 5.13]
@attribute X6 real [-5.09, 5.20]
@attribute X7 real [-5.25, 4.19]
@attribute cluster_idx {0,1,2,3}
@attribute is_noise {0,1}
@attribute Class {0,1}
@inputs X0,X1,X2,X3,X4,X5,X6,X7,cluster_idx,is_noise
@output Class
@data
3.54,-2.96,-2.15,0.04,1.28,-1.18,-1.7,-1.76,0,0,1
0.03,1.27,0.06,1.68,-2.58,-0.81,-0.55,-0.86,0,0,1
-0.84,0.8,-2.18,3.3,3.83,-2.06,-1.22,1.26,0,0,1
-1.05,0.08,-1.74,2.71,0.26,-2.13,0.14,-0.25,0,0,1
-0.63,0.9,0.97,-0.39,1.21,0.09,0.63,1.58,0,0,1
0.18,1.47,0.4,0.22,-1.68,0.45,-0.46,0.56,0,0,1
-3.26,1.62,2.74,0.87,2.0,-0.29,2.52,1.7,0,1,0
-0.82,-0.56,0.4,-1.66,-0.25,2.82,2.87,1.0,0,0,1
0.07,-0.04,-0.92,1.05,-1.3,-1.4,-0.13,-0.38,0,0,1
2.48,-0.39,-1.99,2.0,-1.05,-1.93,-3.04,-2.57,0,0,1
-2.35,2.68,0.85,1.89,0.37,0.16,0.95,2.81,0,0,1
-3.14,0.68,-1.14,1.5,3.11,-0.26,2.35,1.75,0,0,1
0.13,-0.52,-1.36,0.03,-1.4,0.21,0.67,-0.4,0,0,1
2.27,-0.74,-0.88,-1.03,-1.5,0.89,-1.18,-1.26,0,0,1
2.04,1.75,0.02,-0.71,-2.88,1.99,-2.5,-0.19,0,0,1
-3.01,1.87,2.21,-2.25,-1.08,3.98,3.37,2.88,0,0,1
0.72,-1.96,-1.07,-0.85,-0.97,1.52,1.38,-1.36,0,0,1
0.35,0.59,-0.64,2.12,0.01,-1.96,-1.26,-0.86,0,0,1
-0.55,0.6,-1.32,1.21,3.34,-2.63,-1.66,-0.25,0,0,1
-2.93,0.27,4.23,-0.79,-4.26,1.73,5.01,-0.02,0,0,1
0.96,-0.06,-1.13,-1.54,0.02,1.15,-0.15,0.83,0,0,1
-0.81,-1.28,1.55,-2.81,1.48,-1.19,2.6,0.48,0,0,1
1.79,-0.75,-1.01,-0.47,-0.41,-0.78,-0.44,0.46,0,0,1
2.59,-0.8,-0.73,0.11,-2.81,-0.32,-1.08,-1.11,0,0,1
-3.75,4.08,2.99,0.02,-4.23,2.96,2.64,1.5,0,0,1
1.08,-3.41,-1.9,-0.44,2.29,0.2,1.81,-0.45,0,0,1
-2.99,1.81,1.21,1.58,-0.26,-0.12,1.68,1.08,0,0,1
-0.02,0.33,-0.28,-1.47,-0.76,-0.04,-0.06,-0.64,0,0,1
2.01,-0.57,-1.87,0.86,-1.27,-0.76,-1.89,-2.2,0,0,1
0.76,2.11,-0.49,2.68,0.54,-0.4,-2.5,0.86,0,0,1
-0.54,3.03,-1.54,2.84,3.25,-1.38,-3.21,1.43,0,0,1
1.51,-1.96,-1.49,-1.84,2.44,0.56,0.03,-0.51,0,0,1
2.83,-0.65,-2.25,1.62,-0.03,-0.1,-2.64,-0.72,0,0,1
0.05,0.31,-0.58,1.04,0.41,-0.96,-0.71,-0.6,0,0,1
0.47,-0.62,2.77,-0.56,-0.04,-0.98,0.88,0.2,0,0,1
-2.38,3.82,-0.88,1.58,1.25,1.66,-0.96,2.52,0,0,1
0.35,-0.92,0.94,-2.68,0.89,0.51,1.39,0.76,0,0,1
1.4,-2.82,0.35,-0.04,-0.44,-1.49,1.65,-0.95,0,0,1
-2.37,2.55,0.34,0.2,-0.18,2.4,1.23,2.2,0,0,1
2.3,-1.61,-0.44,-0.36,-2.17,-0.97,-0.16,-1.31,0,0,1
-0.13,1.66,2.11,-0.15,-1.44,0.71,-0.45,-0.07,0,0,1
1.11,-1.26,-1.29,1.82,2.95,-3.55,-1.64,-1.32,0,0,1
0.18,0.4,0.38,-1.87,-1.89,1.49,0.27,-0.85,0,0,1
0.59,-1.47,-1.23,-0.25,0.71,-0.07,0.4,-0.59,0,0,1
-1.11,0.64,1.22,1.07,-0.99,0.09,0.89,-0.42,0,0,1
1.59,-2.13,-1.94,0.19,-0.28,-1.47,-0.69,-3.21,0,0,1
-0.83,2.19,0.26,0.85,0.68,1.46,-0.85,1.59,0,0,1
0.4,-0.72,-1.57,0.9,2.73,-1.43,-0.88,0.23,0,0,1
-0.7,-0.1,-0.46,-0.16,1.66,0.01,1.19,1.77,0,0,1
-1.35,0.6,0.92,1.3,-1.6,0.46,1.48,-0.2,0,0,1
0.53,1.03,-0.9,1.78,1.59,0.47,-1.53,1.66,0,0,1
1.42,-0.37,-1.2,0.37,0.22,-1.91,-1.29,-0.42,0,0,1
2.26,-0.6,-0.63,-1.0,-2.18,2.34,-0.85,-1.53,0,0,1
0.56,-0.75,-0.74,-2.04,1.95,1.13,0.43,0.3,0,0,1
2.28,-0.52,-1.19,-0.24,1.93,-2.23,-2.33,-0.26,0,0,1
1.78,-0.38,0.1,0.48,-0.98,0.08,-1.04,-0.94,0,0,1
-1.22,-0.01,0.25,-1.64,0.0,1.94,2.75,1.39,0,0,1
0.38,2.38,-0.16,-2.28,-1.87,4.2,-1.17,0.9,0,0,1
0.82,0.76,-0.58,0.75,-1.09,0.6,-1.02,0.12,0,0,1
-0.91,-0.44,-1.05,1.23,3.34,-2.33,0.59,1.03,0,0,1
2.14,-0.43,-1.12,0.47,-1.34,-1.01,-1.94,-1.68,0,0,1
0.87,-0.15,-0.77,1.67,-1.69,0.54,-0.94,-1.52,0,0,1
0.49,-2.02,-0.28,0.28,0.03,-2.3,1.3,-0.57,0,0,1
2.83,-2.79,-0.35,-3.59,-0.73,1.01,0.27,-1.58,0,0,1
2.18,-0.73,-2.04,-1.06,-0.37,0.39,-1.59,-1.0,0,0,1
-0.59,0.1,1.53,-3.05,-1.03,2.49,2.15,0.5,0,0,1
2.42,-1.83,-2.21,-1.47,1.38,0.24,-1.03,-0.16,0,0,1
0.43,0.67,-1.1,2.27,-2.27,-0.42,-0.51,0.02,0,0,1
-0.85,2.39,-0.87,2.73,2.87,-1.44,-1.76,2.16,0,0,1
1.35,-0.41,-0.57,-0.93,1.96,0.54,-1.4,0.65,0,0,1
-1.81,1.06,2.52,-0.08,-0.95,2.07,2.42,1.84,0,0,1
-0.85,-0.18,-0.26,0.82,-1.17,-0.46,0.48,-1.63,0,0,1
0.04,-2.19,-0.98,-0.61,0.42,-0.78,1.77,-0.9,0,0,1
-0.36,-1.59,-0.25,1.28,0.18,-0.25,1.58,-0.6,0,0,1
0.15,0.4,-0.59,3.3,-1.19,-1.75,-0.89,-1.19,0,0,1
-0.28,-0.75,-0.54,-0.05,3.11,-0.83,0.94,1.41,0,0,1
-2.32,0.14,-0.69,1.27,-0.71,-0.05,2.44,-0.34,0,0,1
1.74,-0.54,0.76,-0.57,-1.52,0.37,-0.55,-1.18,0,0,1
2.07,-1.08,0.44,-0.78,-1.03,-1.38,-0.78,-1.24,0,0,1
-0.11,-0.42,0.54,-0.96,1.88,0.39,1.11,1.11,0,0,1
-1.86,0.85,1.05,1.59,0.16,-0.53,1.84,1.23,0,0,1
1.96,-2.33,-2.06,-0.42,0.33,-0.25,-0.64,-2.45,0,0,1
3.01,-3.21,-1.68,-1.93,0.93,-0.66,-0.32,-1.83,0,0,1
-0.31,0.12,2.68,-1.31,-1.65,0.35,1.42,-0.71,0,0,1
1.64,-3.08,-0.66,-1.97,-2.12,0.16,1.56,-2.86,0,0,1
-2.45,1.23,1.12,0.16,-0.72,-0.35,2.59,1.54,0,0,1
-0.57,-0.59,1.13,-0.54,-1.45,2.11,2.16,-0.35,0,0,1
0.75,-1.49,-0.94,0.78,0.18,0.6,0.33,-0.7,0,0,1
2.48,-1.28,0.2,-1.97,-2.16,0.64,-0.16,-1.52,0,0,1
-1.33,1.56,-0.93,1.87,-0.06,0.65,0.18,0.97,0,0,1
-0.65,1.29,0.84,1.64,1.58,-1.51,-0.59,0.88,0,0,1
1.36,0.28,-0.62,-1.51,0.2,0.3,-0.95,0.23,0,0,1
-1.85,2.4,0.13,1.17,-0.96,0.25,0.04,0.36,0,0,1
2.49,1.28,-0.41,1.19,-3.37,1.18,-2.57,-0.6,0,0,1
-1.7,1.96,0.2,0.52,3.03,-0.54,-0.12,2.38,0,1,0
1.93,0.83,-1.92,-0.65,1.91,-0.18,-2.88,0.41,0,0,1
2.39,-0.88,-3.09,1.01,1.66,-1.29,-2.84,-1.47,0,0,1
1.37,-0.92,0.21,-2.2,-1.27,2.15,0.37,-0.57,0,0,1
-2.46,2.29,-0.07,1.03,-0.11,0.8,1.07,1.05,0,0,1
0.21,-2.12,-1.46,-0.77,-1.69,1.54,2.01,-0.84,0,0,1
-1.47,-0.93,-1.88,0.01,-0.29,-0.45,1.46,1.23,1,0,0
-0.1,3.19,2.86,-1.54,-1.01,0.11,2.35,-0.21,1,0,0
0.24,-0.16,3.08,0.32,-0.86,2.24,-0.09,0.23,1,0,0
2.23,0.71,0.81,-0.33,0.32,0.31,-1.24,-0.03,1,0,0
1.36,0.62,2.56,-0.65,-3.61,0.88,0.69,-0.44,1,0,0
1.49,0.98,0.9,-1.5,-1.24,-1.29,0.98,-0.2,1,0,0
2.68,-3.35,-0.39,1.34,1.92,-1.99,-2.35,2.52,1,0,0
1.11,1.46,-1.18,-1.33,0.36,-1.36,0.75,0.26,1,0,0
-2.01,0.92,-0.51,-0.32,1.64,-0.23,1.55,0.08,1,0,0
2.09,1.37,-0.41,-2.8,-1.87,-0.54,1.3,-0.74,1,0,0
1.26,-0.6,-1.18,-1.01,-1.13,0.47,-0.91,-1.86,1,0,0
1.24,-3.38,0.69,2.15,0.31,-0.05,-1.58,3.12,1,0,0
-2.19,1.4,-2.83,-1.5,-0.68,-0.4,2.72,-0.53,1,0,0
-0.81,1.02,2.27,1.8,0.48,0.39,0.02,1.36,1,0,0
3.22,-4.02,1.87,2.26,0.7,-0.92,-4.09,0.86,1,0,0
0.71,-3.13,-1.91,0.77,-1.03,-1.06,-0.53,1.37,1,0,0
3.13,-2.99,-0.65,0.94,3.51,1.77,-4.33,0.72,1,0,0
-4.92,-0.22,0.09,1.5,1.35,0.01,1.86,-0.55,1,0,0
-2.16,2.66,1.44,-0.51,-1.29,-0.58,2.67,-1.15,1,0,0
1.81,-2.52,-0.78,1.05,1.9,-0.59,-2.06,1.8,1,0,0
1.87,-3.09,1.7,2.64,1.87,0.54,-3.9,0.64,1,0,0
-1.92,-0.23,0.94,1.57,0.09,2.71,-1.07,-1.86,1,0,0
4.83,-0.98,0.41,-0.05,0.16,1.2,-2.83,1.75,1,0,0
2.83,-0.09,1.5,-0.27,1.57,-0.39,-1.82,0.29,1,0,0
-1.18,0.3,-1.36,0.86,1.49,-2.14,0.89,1.52,1,0,0
-3.28,0.61,1.81,1.42,-1.27,2.89,0.38,-2.4,1,0,0
-0.3,-2.91,0.67,1.92,0.68,-0.85,-0.32,2.59,1,0,0
3.28,-3.25,-2.01,0.31,1.44,1.17,-2.8,2.3,1,0,0
-0.74,3.66,-0.81,-2.03,-0.59,1.93,1.81,-1.59,1,0,0
-0.58,1.21,1.56,-0.95,-2.1,0.19,1.25,-1.71,1,0,0
1.92,-1.56,-5.44,-2.33,-0.01,-0.88,-0.14,0.01,1,0,0
2.43,0.93,-0.36,-0.46,-0.15,-0.06,0.16,2.76,1,0,0
1.92,-2.4,0.7,1.28,-0.12,2.47,-3.55,-1.04,1,0,0
-0.49,-0.33,-1.27,-0.22,-0.14,1.59,-0.05,-0.58,1,0,0
4.06,-3.69,-1.56,0.05,1.28,-1.49,-1.66,4.19,1,0,0
-2.34,1.32,0.29,0.64,-1.85,0.93,1.03,-1.62,1,0,0
0.39,1.79,0.54,-0.81,-1.32,0.66,0.31,-1.64,1,0,0
0.45,0.52,0.12,-0.79,-1.07,0.16,0.58,-0.38,1,0,0
1.99,-3.02,-1.24,0.16,-0.47,-2.28,-0.36,2.52,1,0,0
0.36,0.76,-0.39,-1.51,-1.49,1.43,0.22,-2.3,1,0,0
0.21,-0.45,-0.05,0.75,-0.79,1.97,-0.71,0.59,1,0,0
1.05,1.15,-0.9,-0.98,-1.69,3.0,-0.4,-1.09,1,0,0
-1.62,0.3,-0.41,-0.94,-2.49,-1.62,2.92,-0.0,1,0,0
0.44,-1.14,2.14,1.37,-1.47,-0.69,-0.78,-0.11,1,0,0
-0.15,0.83,-0.05,-1.33,-2.77,-2.81,3.06,0.85,1,0,0
-1.42,2.23,0.57,-1.1,1.63,-1.29,2.09,-0.11,1,0,0
-2.9,1.13,-0.52,-0.84,1.46,1.09,1.91,-0.85,1,0,0
1.64,-2.08,-0.58,0.03,0.44,0.07,-1.27,0.91,1,0,0
-0.1,4.1,3.08,-1.54,-3.87,2.17,1.29,-3.46,1,0,0
0.29,-0.14,-1.54,-1.34,0.61,-2.26,1.42,0.56,1,0,0
-3.0,4.48,0.93,-1.44,-1.73,-0.77,3.49,-2.85,1,0,0
0.21,2.22,0.87,-1.36,-1.41,-0.05,0.96,-2.05,1,0,0
2.86,-2.97,0.58,1.69,1.62,-1.58,-2.95,1.98,1,0,0
0.48,0.8,2.43,-0.12,0.59,-0.34,0.41,0.57,1,0,0
2.65,-2.23,-0.24,0.37,-0.7,-2.95,-1.1,1.38,1,0,0
-1.37,1.3,1.16,0.02,-2.23,2.29,0.27,-2.75,1,0,0
1.72,-0.34,0.11,-0.08,-0.01,0.53,-0.75,0.95,1,0,0
1.83,-3.85,0.26,2.02,0.85,-2.56,-1.57,3.4,1,0,0
0.64,-2.16,0.51,1.96,0.46,-1.43,-1.82,0.8,1,0,0
-0.83,3.02,-0.5,-2.46,-2.26,0.91,2.65,-1.78,1,0,0
1.01,0.73,1.06,-1.33,-1.21,-1.55,2.06,1.62,1,0,0
3.33,-2.53,-1.29,-1.52,0.43,-0.74,-0.66,2.06,1,0,0
3.98,-2.95,1.61,1.29,0.41,-1.2,-3.27,1.34,1,0,0
0.0,-0.81,-2.34,-0.29,0.51,2.01,-0.71,0.04,1,0,0
1.7,-4.14,-0.5,1.93,1.41,1.59,-3.86,0.34,1,0,0
-0.55,2.83,-1.49,-1.95,-0.36,0.51,1.6,-1.41,1,0,0
1.24,-1.84,0.35,0.02,0.39,-2.56,-0.57,0.3,1,0,0
1.11,0.02,2.2,0.13,-0.22,-0.22,-0.4,-0.15,1,0,0
1.73,-0.31,0.55,-0.57,-0.36,2.1,-0.98,-0.28,1,0,0
3.02,-0.87,-1.99,-0.45,0.89,0.11,-1.63,1.55,1,0,0
0.2,-4.8,-1.81,1.57,0.15,0.03,-1.68,1.24,1,0,0
-0.54,1.44,-0.88,-1.49,-0.6,1.56,0.99,-1.62,1,0,0
-0.47,-1.27,-3.02,0.06,0.72,-2.82,1.08,2.06,1,0,0
0.86,2.84,0.4,-2.19,-1.66,2.96,0.87,-1.44,1,0,0
-1.82,3.52,3.4,0.8,1.65,0.73,0.76,-0.76,1,0,0
2.38,1.53,-0.52,-1.17,0.23,-1.35,0.5,1.7,1,0,0
-3.55,2.28,1.4,-0.32,-2.37,-0.13,3.3,-1.6,1,0,0
-1.4,0.05,-2.41,-1.18,0.78,-0.82,1.85,0.18,1,0,0
1.35,0.62,0.75,-0.36,-1.78,0.32,0.2,0.36,1,0,0
-1.54,3.1,0.71,-0.9,-0.58,3.18,1.24,-1.32,1,0,0
-1.44,2.9,-0.26,-2.22,-2.63,0.17,3.25,-1.78,1,0,0
4.04,-0.93,0.18,-0.44,0.67,-1.4,-1.25,2.62,1,0,0
2.52,0.03,1.24,-1.26,-0.68,-0.49,-0.08,0.38,1,0,0
0.44,1.05,1.68,-0.14,-2.42,0.48,0.63,-0.39,1,0,0
-0.26,-1.27,-1.05,0.27,0.79,2.49,-0.28,1.35,1,0,0
-2.14,4.67,2.53,-1.28,-2.26,-0.91,4.01,-0.97,1,0,0
1.43,-0.07,-0.77,-0.41,1.37,0.1,-1.12,-0.37,1,0,0
2.39,-0.77,2.02,0.26,0.46,-1.24,-1.02,1.31,1,0,0
0.3,1.91,1.75,1.09,0.35,0.97,-0.98,-0.41,1,0,0
2.11,-2.01,-2.58,-0.42,0.16,-1.46,-0.36,2.69,1,0,0
1.92,-1.77,-0.58,-0.01,-0.78,-1.22,-1.12,0.22,1,0,0
1.54,-0.22,0.47,0.93,1.62,2.75,-2.03,1.22,1,0,0
0.91,-1.38,0.43,1.19,-0.27,0.17,-1.15,1.11,1,0,0
-0.41,1.24,-0.85,-1.65,-0.65,-2.27,2.09,-0.71,1,0,0
-0.42,4.3,0.93,-1.94,-0.61,0.54,2.27,-0.89,1,0,0
0.08,1.89,1.41,-1.55,-1.85,-1.69,1.66,-1.85,1,1,1
0.39,-0.43,1.09,0.52,-2.2,-2.44,0.88,0.99,1,0,0
-1.94,0.45,0.16,0.95,1.41,0.06,0.47,-0.15,1,0,0
2.0,-3.26,-0.95,1.24,1.97,0.78,-2.54,2.4,1,0,0
-1.96,-0.55,0.26,0.56,1.41,-3.48,1.5,0.53,1,0,0
0.22,2.65,1.66,-1.12,-3.53,1.79,1.4,-1.35,1,0,0
-2.07,3.67,0.66,-2.39,-1.23,-0.97,4.13,-1.12,1,0,0
1.16,-0.87,-3.39,-1.2,-1.22,-0.28,0.2,0.26,1,0,0
-1.04,-1.68,-3.41,-0.12,2.56,-1.61,0.32,0.84,1,0,0
-1.47,-0.33,3.1,0.96,-2.37,1.33,0.84,-0.44,1,0,0
2.07,1.83,1.36,-0.92,-0.41,1.93,-1.22,-1.73,1,0,0
0.92,1.82,2.92,0.14,0.2,0.49,-0.13,0.44,1,0,0
-0.68,1.34,1.4,-0.56,-0.45,1.78,0.29,-1.88,1,0,0
-3.76,1.47,3.83,1.86,-0.19,-0.09,1.66,-0.68,1,0,0
1.87,0.45,0.72,-0.41,-0.55,-0.35,-0.16,0.57,1,0,0
1.21,-0.74,0.06,0.4,1.99,0.76,-1.51,0.81,1,0,0
-0.74,0.43,-2.05,-0.29,0.84,-1.7,0.26,-1.39,1,0,0
0.76,0.95,1.08,-1.48,-2.89,-3.68,2.66,0.23,1,0,0
-0.82,-1.18,2.78,2.16,1.17,2.84,-1.65,0.19,1,0,0
1.33,-0.58,-0.07,-0.1,-1.73,-0.36,-0.87,-1.18,1,0,0
1.17,1.53,1.21,-1.22,-0.09,0.4,0.53,-0.06,1,0,0
-2.79,1.27,1.19,1.18,0.36,2.05,1.22,0.31,1,0,0
2.41,-1.63,-0.61,0.18,0.14,-2.52,-0.71,2.04,1,0,0
-0.89,-0.9,0.37,1.38,1.49,-0.48,0.38,2.45,1,0,0
0.02,-0.47,-0.17,0.01,1.18,-0.82,1.06,2.53,1,0,0
2.91,-0.8,0.62,0.5,0.53,1.94,-2.46,1.05,1,0,0
-0.02,0.05,0.43,0.53,-1.12,-0.57,-0.13,-0.41,1,0,0
1.43,-3.22,-0.59,0.12,-1.26,0.54,-0.73,1.17,1,0,0
2.61,-0.41,-2.78,-1.38,2.7,2.81,-1.97,0.88,1,0,0
0.18,0.92,-0.16,-1.78,-2.33,0.75,1.41,-1.54,1,0,0
-2.16,1.57,-0.28,-1.09,0.64,0.59,1.64,-1.41,1,0,0
-1.07,0.83,-1.89,-1.09,-2.93,-1.73,2.75,-0.16,1,0,0
-1.09,-0.75,-1.13,1.01,1.4,0.65,-0.97,-0.67,1,0,0
5.26,-5.78,-0.3,2.36,0.41,-3.1,-4.23,3.98,1,0,0
-2.29,1.0,0.25,-0.36,0.48,1.4,1.08,-1.71,1,0,0
-2.44,-0.24,-0.63,0.28,1.3,-0.14,1.45,0.54,1,0,0
2.12,-2.25,-0.15,0.06,-0.98,-1.97,-0.09,2.15,1,0,0
-0.75,0.14,0.56,0.7,0.88,-1.41,-0.06,-0.75,1,0,0
-0.04,-1.01,-1.91,0.42,1.15,-1.48,-0.4,0.66,1,0,0
-1.13,-0.82,-0.84,1.3,0.48,-0.65,-0.43,-0.13,1,0,0
3.14,0.3,1.84,0.27,1.15,0.86,-2.07,1.23,1,0,0
2.34,-1.09,-0.92,-1.11,0.24,-2.63,1.33,3.95,1,0,0
2.21,-0.97,1.6,0.51,-1.97,2.15,-1.6,0.4,1,0,0
3.55,-1.6,-0.01,-0.28,1.47,0.51,-2.52,0.85,1,0,0
1.45,-1.15,-1.12,-1.05,-0.87,-1.38,0.54,1.07,1,0,0
-1.38,0.1,-0.27,0.59,-0.53,0.81,0.53,-0.01,1,0,0
-1.32,1.59,0.08,-0.55,-0.0,-1.01,1.32,-1.2,1,0,0
-1.33,-0.73,0.58,1.04,0.31,2.8,-0.71,-0.55,1,0,0
4.89,-0.22,0.17,-0.68,-0.12,0.76,-2.82,0.63,1,0,0
-0.98,1.14,2.37,-0.5,-3.03,-1.36,1.74,-2.26,1,0,0
-1.27,3.65,0.61,-0.35,1.05,0.03,1.03,-1.55,1,0,0
1.63,0.0,1.18,-0.89,-1.32,-2.28,0.37,-0.58,1,0,0
1.7,-1.42,1.09,0.85,-0.23,0.6,-1.33,1.33,1,0,0
-0.55,1.01,-0.36,-0.02,-0.81,-0.48,0.79,-0.57,1,0,0
0.19,2.46,3.41,0.26,-0.52,0.23,0.34,-0.65,1,0,0
5.1,-1.64,3.13,1.81,1.32,2.11,-4.47,2.42,1,0,0
1.09,-4.0,-2.01,1.93,0.36,1.16,-3.38,-0.04,1,0,0
-1.12,0.26,1.41,0.82,2.51,0.6,0.1,0.83,1,0,0
0.43,0.36,-3.77,-2.39,-0.23,0.93,1.08,-0.15,1,0,0
-0.57,-0.66,0.33,0.95,3.01,1.21,-1.08,0.57,1,0,0
-0.77,-0.0,-2.57,-1.32,-1.28,-3.48,2.04,-1.03,1,0,0
2.72,-2.79,-0.94,0.84,1.44,-1.38,-1.94,2.65,1,0,0
-2.68,0.14,-1.06,0.95,-1.45,0.69,0.32,-2.42,1,0,0
-0.33,0.07,1.95,0.81,0.31,-1.96,0.57,1.01,1,0,0
2.2,1.2,1.98,-0.92,-1.61,-1.75,0.75,0.76,1,0,0
-1.83,-0.21,-0.69,-0.23,-0.73,-2.01,2.52,0.79,1,1,1
1.66,-0.54,1.11,0.32,-1.36,1.88,-2.0,-1.19,1,0,0
0.41,1.82,1.55,-0.63,-0.09,1.03,0.14,-1.12,1,0,0
3.26,-1.13,-0.03,-0.06,-0.33,0.7,-2.2,0.27,1,0,0
-3.73,4.09,3.1,0.03,-1.67,2.4,1.46,-4.79,1,0,0
-2.33,-0.58,-1.54,0.38,1.49,0.08,0.36,-0.96,1,0,0
1.47,-0.49,-0.09,0.45,0.71,1.11,-1.88,-0.28,1,0,0
-0.35,0.77,0.12,-0.12,-0.02,2.63,-0.68,-1.39,1,0,0
2.88,0.09,-0.91,-1.49,-0.9,-0.82,-0.38,-0.04,1,0,0
-1.66,1.37,-0.29,-0.05,-0.24,2.06,0.48,-1.45,1,0,0
-2.95,-0.57,2.27,1.62,1.81,-3.04,1.29,0.41,1,0,0
3.37,-1.71,-1.99,-0.59,1.39,-1.0,-1.61,1.87,1,0,0
1.6,-2.84,0.91,1.64,2.76,-0.29,-2.72,1.38,1,0,0
1.53,0.29,-0.22,-0.9,1.58,0.72,-1.08,-0.39,1,0,0
-1.01,1.9,0.03,-0.44,3.89,2.28,-0.54,-1.03,1,0,0
0.62,0.04,0.4,-0.21,-1.68,-0.71,0.09,-0.87,1,0,0
1.11,-2.21,-2.26,-0.89,1.11,-1.5,0.07,1.24,1,0,0
1.48,-1.06,-0.11,-0.6,0.31,2.32,-1.64,-0.88,1,0,0
-0.63,-0.25,2.83,1.71,0.07,0.04,-0.36,0.34,1,1,1
-0.06,-0.69,-0.22,0.77,1.29,-2.07,-0.16,0.86,1,0,0
5.7,-3.31,-4.34,-1.82,2.22,-0.34,-3.1,2.07,1,0,0
-0.39,0.3,0.48,0.04,-0.85,2.46,-0.57,-1.48,1,0,0
-4.01,4.87,1.1,-2.12,-1.79,-0.37,4.54,-3.42,1,0,0
-0.49,3.22,2.6,-0.36,-0.94,-0.46,0.85,-2.19,1,0,0
-2.04,-0.41,-0.36,-0.03,-0.87,0.2,0.59,-2.57,1,0,0
-2.63,2.45,2.94,0.7,-2.22,-1.19,1.9,-2.23,1,0,0
-0.42,-1.39,-1.59,-0.81,-1.0,0.93,0.53,-0.28,1,0,0
2.6,-2.28,-0.87,-0.01,-0.24,-1.32,-1.99,-0.24,1,0,0
1.28,0.59,-1.09,-0.58,-1.22,0.16,0.17,0.61,1,0,0
1.76,-1.14,0.08,0.58,-0.25,0.19,-1.73,0.04,1,0,0
2.77,0.29,0.23,-0.7,-1.28,0.83,-1.33,-0.69,1,0,0
-2.75,3.82,1.31,-0.61,-0.42,3.69,1.46,-2.82,1,0,0
-0.29,1.03,2.33,0.23,-0.83,-0.47,0.44,-0.97,1,0,0
3.42,-1.96,1.49,1.85,1.99,0.96,-3.47,2.48,1,0,0
-0.44,2.44,-0.78,-1.67,-1.11,1.36,1.39,-1.26,1,0,0
1.47,0.64,-1.16,-0.71,1.45,1.44,-1.37,-0.64,1,0,0
-2.31,0.74,-2.07,-0.83,0.01,-1.01,2.13,-0.84,1,0,0
-1.45,1.92,0.71,-0.6,-1.28,-0.11,1.15,-2.69,1,0,0
1.25,-1.22,0.79,0.04,-0.86,-0.52,0.1,1.59,1,0,0
2.34,-2.92,0.91,1.46,1.58,-0.75,-1.82,3.49,1,0,0
-1.03,1.66,0.28,0.1,0.77,1.59,-0.52,-2.51,1,0,0
4.5,-3.89,0.85,2.03,0.7,-0.53,-4.35,2.04,1,0,0
-2.03,1.41,0.39,-0.19,-0.11,-0.24,1.87,-0.41,1,0,0
-1.06,-1.28,-0.23,-0.23,-1.0,-0.91,0.65,-1.26,1,0,0
-0.73,-1.16,-0.71,0.81,-0.86,-0.31,0.17,0.3,1,0,0
3.8,-0.06,-0.7,-1.59,-1.38,-0.38,-0.01,2.07,1,0,0
0.4,1.46,0.34,-1.17,-0.12,-3.33,1.83,0.19,1,0,0
-0.26,-0.63,0.79,-0.23,0.04,0.82,-0.12,-0.87,1,0,0
1.38,0.24,0.41,-0.7,0.31,-0.85,-0.22,-0.23,1,0,0
-0.39,0.14,-1.9,-0.28,2.38,-1.17,0.92,1.87,1,0,0
-0.67,0.91,0.11,-0.39,-1.55,0.03,1.25,-0.22,1,0,0
-2.56,0.86,-1.79,-1.33,-0.41,1.35,1.29,-3.4,1,0,0
3.12,-1.82,-0.6,-0.14,0.22,1.44,-2.28,0.93,1,0,0
1.78,1.06,0.55,-1.27,-1.14,-0.06,0.01,-0.81,1,0,0
1.36,2.15,1.0,-0.73,-1.78,1.64,0.03,-0.56,1,0,0
-0.26,0.19,1.38,0.43,1.04,-0.71,0.9,2.05,1,0,0
1.93,-3.8,-2.2,0.53,0.31,-0.93,-2.25,0.05,1,0,0
0.82,-1.6,2.15,1.0,-0.27,-0.91,-1.27,-0.77,1,0,0
1.08,-1.23,1.82,1.79,1.65,-0.65,-1.56,1.86,1,0,0
-0.24,0.57,0.3,-0.5,-0.13,-1.54,0.7,-0.93,1,0,0
0.57,0.04,-0.87,-0.55,0.19,-0.92,-0.02,-0.53,1,0,0
-1.34,1.52,2.63,1.09,-1.88,2.5,-0.75,-2.94,1,0,0
0.99,-1.59,-1.26,-0.24,-2.18,-0.86,-0.36,-0.61,1,0,0
-0.98,4.97,1.09,-2.64,-0.72,1.15,2.96,-1.7,1,0,0
3.73,-1.39,0.21,-0.08,-2.38,-0.24,-1.83,0.33,1,0,0
2.86,-0.82,0.04,0.88,-0.1,-0.89,-1.76,1.67,1,0,0
-0.93,-0.29,0.02,0.61,2.18,-0.04,0.55,2.02,1,0,0
-2.07,2.01,-1.1,-1.75,-0.44,1.07,1.79,-2.85,1,0,0
-0.8,1.03,0.76,-0.26,-1.62,-0.19,1.16,-0.8,1,0,0
1.01,1.28,-0.65,-1.75,-1.23,-1.08,1.52,0.41,1,0,0
1.8,0.22,3.01,0.48,-2.17,0.63,-1.14,-0.99,1,0,0
2.0,1.74,-0.19,-1.48,-0.63,2.85,-1.04,-1.57,1,0,0
-0.22,0.45,0.25,-0.09,-0.47,1.05,-0.15,-1.18,1,0,0
-3.29,0.08,2.89,1.45,0.22,1.18,0.43,-2.01,1,0,0
0.33,-0.32,-2.39,0.18,1.83,0.34,-0.8,0.61,1,0,0
-0.01,-1.7,-1.73,0.7,2.59,-0.68,-0.7,1.73,1,0,0
-0.41,0.33,1.22,0.19,-0.6,1.05,0.85,1.04,1,0,0
4.18,-1.71,-2.84,-1.89,-1.49,-2.3,-0.95,0.27,1,0,0
0.06,3.64,2.68,-1.34,-2.45,0.15,1.69,-1.91,1,0,0
-2.15,2.94,-1.46,-1.58,-3.06,-0.1,3.21,-1.72,1,0,0
2.89,0.47,0.01,-0.85,0.45,-1.24,-0.18,1.92,1,0,0
-0.28,1.43,1.3,-0.77,-0.92,-0.95,1.87,0.29,1,0,0
-2.15,2.02,2.57,0.7,-0.02,3.21,-0.32,-3.03,1,0,0
4.08,-2.22,1.64,1.18,0.62,1.02,-3.6,1.8,1,0,0
-2.71,0.98,0.54,0.24,-0.83,0.65,1.23,-1.94,1,0,0
2.0,-1.84,-3.2,-1.67,-1.14,-2.29,0.55,0.92,1,0,0
1.26,2.76,3.8,-1.13,-1.01,-1.71,2.02,0.84,1,0,0
-0.32,0.75,-1.58,-0.63,2.37,0.39,0.11,0.18,1,0,0
-0.46,1.2,2.05,0.56,0.58,1.36,0.11,0.21,1,0,0
-1.15,0.51,1.96,0.5,0.66,2.19,0.41,0.13,1,0,0
-2.32,-0.81,-0.28,1.44,1.28,-0.31,0.13,-0.07,1,0,0
1.6,-3.3,-1.71,0.34,-1.83,-0.39,-1.48,0.02,1,0,0
-1.4,2.94,3.73,0.75,-0.08,1.49,1.18,0.23,1,0,0
-0.73,1.15,1.29,0.55,-0.31,-2.02,0.74,-0.47,1,0,0
-0.75,-2.97,1.52,2.04,0.7,0.95,-1.88,-0.73,1,0,0
1.2,-0.86,0.11,0.06,-1.99,-0.79,-0.03,0.37,1,0,0
1.48,-5.42,-0.02,2.46,0.84,-1.52,-2.9,1.51,1,0,0
1.51,-4.43,0.24,1.63,-1.45,-2.92,-2.09,-0.21,1,0,0
6.74,-1.55,-2.55,-2.03,1.09,-0.61,-2.89,1.99,1,0,0
0.74,-2.45,0.84,1.48,1.99,-0.32,-2.79,-0.75,1,0,0
2.67,-2.35,-1.26,0.76,1.57,-1.05,-1.93,2.79,1,0,0
0.95,0.85,0.2,-1.17,-3.61,-0.73,1.8,0.45,1,0,0
1.7,-1.13,4.91,1.62,-0.93,-0.39,-1.03,1.64,1,0,0
-5.16,2.63,1.9,-0.04,-2.3,1.51,3.39,-2.84,1,0,0
-0.78,-0.47,0.62,0.74,-1.06,-1.75,0.85,0.31,1,0,0
0.05,0.43,2.08,0.81,1.13,0.19,-1.15,-1.31,1,0,0
2.85,0.66,-0.3,-0.36,1.12,1.24,-2.25,-0.35,1,0,0
-1.38,1.04,0.73,0.1,2.28,-2.29,0.56,-1.16,1,0,0
-2.59,2.18,3.11,0.31,-1.86,-1.34,3.25,-0.05,1,0,0
0.55,-0.44,0.66,0.51,-1.9,3.77,-1.97,-2.27,1,0,0
-1.85,-0.67,-0.63,-0.95,-0.16,-1.22,2.03,-0.57,1,0,0
-0.05,-1.3,0.53,0.71,1.02,-5.2,1.04,1.86,1,0,0
-0.37,-1.29,-0.52,0.17,-1.91,-0.41,1.02,0.96,1,0,0
-0.15,-0.94,-1.43,-0.44,-0.1,-1.06,-0.0,-1.1,1,0,0
1.73,-0.87,-1.97,0.18,2.9,0.96,-2.31,0.68,1,0,0
0.0,-0.39,1.58,1.02,1.38,2.18,-1.82,-0.86,1,0,0
-1.15,0.84,0.84,1.09,0.82,-1.49,0.81,0.85,1,0,0
-1.7,0.94,0.12,-0.15,0.03,2.49,0.32,-1.55,1,0,0
0.57,1.6,-0.26,-2.73,-2.26,-0.64,1.8,-2.1,1,0,0
0.28,-1.06,-2.22,-0.47,0.53,-0.02,0.17,0.79,1,0,0
0.44,-0.17,1.04,0.46,-0.06,-1.69,0.1,0.41,1,0,0
0.47,2.2,1.92,-0.16,-0.55,-1.72,1.05,0.51,1,0,0
2.74,0.76,2.49,1.09,-0.04,1.12,-2.11,0.87,1,0,0
0.13,2.21,-0.62,-2.07,-0.33,1.53,0.57,-2.55,1,0,0
0.29,-1.06,0.23,1.42,1.94,1.39,-1.4,1.49,1,0,0
-2.6,1.19,-0.13,0.09,0.56,-0.54,2.44,1.01,1,0,0
1.75,-1.51,1.71,0.75,-1.15,-2.43,-0.61,0.82,1,0,0
0.41,0.02,-0.41,-0.7,-0.89,-1.48,0.64,-0.35,1,0,0
2.83,-0.18,1.8,-0.75,-2.34,-0.97,0.16,0.8,1,0,0
-0.22,-2.23,0.96,1.39,-1.85,-0.73,-1.28,-1.65,1,0,0
1.98,1.22,-0.53,-1.78,0.12,0.57,0.03,-0.06,1,0,0
-0.02,-2.37,2.87,2.22,-0.72,0.88,-1.26,0.72,1,0,0
2.75,-1.05,-0.84,-0.48,0.27,0.76,-2.17,-0.39,1,0,0
4.07,-0.11,-1.42,-0.96,0.74,-0.7,-1.35,1.87,1,0,0
1.27,1.33,1.5,0.16,0.2,0.22,-0.67,-0.04,1,0,0
-2.46,3.02,-0.41,-0.77,-0.53,1.92,1.29,-3.01,1,0,0
2.61,-3.72,-2.78,-0.61,0.19,-1.58,-1.7,0.63,1,0,0
2.95,-3.87,-0.25,0.85,0.35,-2.03,-2.52,1.0,1,0,0
-0.66,3.75,-0.1,-2.33,-1.53,4.95,0.17,-4.67,1,0,0
-0.15,-2.64,-2.52,0.23,0.1,-2.58,0.03,0.81,1,0,0
-2.46,1.22,-0.04,0.14,-0.05,1.6,0.33,-2.58,1,0,0
-0.94,1.17,0.82,-0.2,0.36,1.23,0.52,-0.71,1,0,0
-1.64,-3.29,-1.3,1.21,-1.45,1.93,-0.79,-0.91,1,0,0
2.55,-5.27,0.1,2.19,0.62,-0.48,-3.2,2.57,1,0,0
-2.39,0.68,2.68,0.84,-2.12,1.23,0.97,-2.17,1,0,0
-2.18,-0.05,1.68,1.67,2.04,0.68,-0.31,-0.49,1,0,0
-1.78,0.83,3.53,0.72,0.62,1.41,0.27,-1.05,1,0,0
0.23,0.6,-0.69,-0.87,0.07,-0.97,1.72,1.83,1,0,0
0.86,-1.45,-0.43,0.06,-0.48,-1.41,-0.21,0.53,1,0,0
0.61,-0.2,0.75,0.91,2.09,-0.29,-0.86,1.39,1,0,0
-1.45,0.05,0.72,0.13,-0.38,1.46,1.32,0.59,1,0,0
-1.0,1.73,-0.55,-1.82,1.24,-1.64,2.77,0.65,1,0,0
2.84,-0.06,0.95,-0.9,-3.35,0.59,-0.08,0.66,1,0,0
0.78,0.4,-0.34,-0.43,0.79,-0.11,-0.22,0.13,1,0,0
0.64,1.25,1.84,0.18,-0.59,-1.07,0.85,1.22,1,0,0
-1.36,-1.51,-0.88,0.43,0.42,0.12,0.41,0.31,1,0,0
0.53,1.4,-0.85,-2.22,-0.58,-0.24,1.47,-0.74,1,0,0
3.0,-2.7,1.04,1.36,0.48,-0.28,-2.65,1.74,1,0,0
3.15,-1.52,-1.4,-1.3,-0.46,0.85,-0.96,1.19,1,0,0
1.22,-0.06,0.08,-0.92,-0.37,2.02,-0.46,-0.38,1,0,0
-1.24,1.28,-1.55,-1.99,-0.4,1.56,1.88,-1.14,1,0,0
1.81,-1.09,1.36,0.4,0.97,-1.98,-0.69,1.65,1,0,0
1.36,2.39,2.45,-1.09,-2.28,0.82,0.72,-0.77,1,0,0
1.24,-0.12,0.78,-0.24,-0.06,-0.62,-0.36,-0.0,1,0,0
-2.61,1.08,2.06,1.51,0.93,1.85,-0.31,-1.91,1,0,0
-1.94,0.53,-0.47,-0.32,-1.69,1.21,0.93,-2.45,1,0,0
-0.85,4.02,1.6,-1.3,-0.58,2.28,1.69,-1.17,1,0,0
3.47,-6.23,1.92,3.18,2.01,-0.71,-4.64,3.22,1,0,0
0.32,-0.85,-0.88,1.15,0.34,-0.22,-0.83,1.01,1,0,0
1.4,0.64,2.21,-0.03,0.64,-0.44,-0.77,-0.52,1,0,0
0.67,2.22,1.79,-0.15,0.68,0.34,0.35,0.66,1,0,0
2.74,0.03,-1.93,-1.6,1.59,-2.2,0.33,2.54,1,0,0
3.02,-0.09,-0.39,-0.28,1.01,-0.68,-1.97,0.19,1,0,0
-1.64,0.03,2.81,1.98,0.23,0.05,0.32,0.66,1,0,0
2.15,0.16,2.2,-0.01,-1.7,-0.89,-0.27,0.6,1,0,0
4.1,-2.4,1.66,0.36,-2.48,-0.66,-1.85,1.42,1,0,0
3.33,0.63,-1.6,-2.07,-2.0,-1.14,-0.32,-0.97,1,0,0
-0.86,0.76,2.19,0.73,-0.76,-1.0,0.64,-0.67,1,0,0
-0.03,0.08,-1.32,0.73,2.23,0.15,-1.07,0.06,1,0,0
-0.5,-1.4,2.58,2.44,2.23,-0.22,-1.71,0.47,1,0,0
-0.25,-2.54,0.89,2.38,0.53,-0.07,-2.21,-0.25,1,0,0
-2.25,2.6,0.22,-0.96,-2.38,-0.39,2.7,-1.99,1,0,0
-1.5,2.21,2.15,-0.91,0.42,-0.93,2.8,0.5,1,0,0
-2.54,1.66,-1.14,-2.05,-1.12,-2.38,3.94,-0.92,1,0,0
-0.05,-2.29,2.8,1.72,-1.58,-0.55,-0.67,0.26,1,0,0
-0.56,-2.54,1.56,1.71,0.06,-0.78,-0.95,-0.14,1,0,0
-0.35,2.09,-0.89,-0.35,-0.37,-0.08,0.74,-0.54,1,0,0
0.49,-1.18,-1.3,-0.33,-0.75,-0.2,-0.95,-2.02,1,0,0
-0.81,-0.31,0.95,-0.21,-2.12,-0.35,1.18,-0.82,1,0,0
0.75,0.59,0.34,0.54,0.05,1.48,-1.14,-0.24,1,0,0
-0.44,0.22,0.39,-0.4,-0.42,0.93,-0.27,-2.19,1,0,0
2.83,-0.09,-1.75,-1.34,0.48,0.81,-1.24,0.39,1,0,0
3.12,-4.03,-2.73,0.28,-1.11,-2.93,-1.67,1.48,1,0,0
4.94,0.28,2.28,-0.51,-0.09,-1.46,-1.8,1.54,1,0,0
-2.33,1.67,-1.87,-1.71,-2.16,-0.74,3.09,-1.83,1,0,0
-1.27,-0.16,-0.0,1.14,1.0,2.29,-0.95,-0.56,1,0,0
0.5,-0.69,0.72,1.03,1.72,0.76,-1.03,1.53,1,0,0
-1.66,-0.22,-1.94,0.06,1.01,-0.52,1.04,0.66,1,0,0
-1.88,-0.84,-0.93,-0.06,-0.46,0.43,0.5,-1.7,1,0,0
0.02,3.24,2.33,-1.3,-1.77,-1.02,2.73,0.52,1,0,0
0.19,1.12,1.22,-1.01,-0.48,2.65,0.31,-0.72,1,0,0
-1.38,1.97,3.51,0.96,0.72,1.55,0.37,-0.49,1,0,0
-2.29,2.71,-2.31,-1.5,-2.93,1.7,2.4,-2.33,1,0,0
0.27,1.2,0.09,-0.41,1.03,-0.29,0.12,-0.01,1,0,0
0.5,-0.28,-2.88,-1.57,-0.13,-0.89,0.18,-1.29,1,0,0
1.44,-1.05,2.65,1.67,-0.66,0.3,-1.53,1.09,1,0,0
0.85,2.02,1.27,-0.88,-2.18,2.47,0.4,-0.78,1,0,0
0.72,-0.68,-2.21,-1.29,-2.66,0.67,-3.12,-1.7,2,0,0
-0.47,0.35,-1.58,0.51,-0.63,0.17,0.24,-0.97,2,0,0
-2.54,-0.14,-2.2,1.19,-2.31,4.07,0.7,-2.62,2,0,0
-1.35,1.1,-1.03,0.61,-0.62,0.62,-0.43,-0.5,2,0,0
-3.04,-2.48,-0.22,1.75,1.89,-1.55,-1.19,2.36,2,0,0
0.8,1.15,0.12,-0.36,-0.39,-1.55,-1.76,1.02,2,0,0
1.14,1.1,2.89,-1.15,0.3,-1.5,0.3,0.53,2,0,0
-0.23,-0.37,-0.81,0.46,0.05,-0.79,-1.37,0.96,2,0,0
-1.6,-0.24,-1.56,1.25,-1.14,1.47,-2.75,-0.39,2,0,0
3.28,-1.93,-0.42,-3.71,-1.41,-3.82,-1.82,1.37,2,0,0
0.16,4.1,1.8,-2.02,-1.86,-2.25,1.38,2.24,2,0,0
-1.43,-2.05,-0.28,-0.76,-0.51,0.26,1.12,-1.22,2,0,0
-1.45,0.62,1.91,-0.97,0.21,-1.13,1.37,0.62,2,0,0
1.22,-0.71,1.51,-0.28,2.04,-1.33,1.63,0.92,2,0,0
2.0,-0.03,1.62,-3.76,-0.15,-3.71,0.01,0.07,2,0,0
-1.43,1.47,-2.01,1.56,-1.05,2.64,0.76,-0.15,2,0,0
-0.51,1.48,0.82,0.01,0.87,-0.48,1.56,-0.56,2,0,0
-2.54,1.68,-0.76,-0.91,-2.85,2.91,1.95,-2.35,2,0,0
2.55,2.0,1.62,-0.56,-0.58,1.41,1.13,-0.48,2,0,0
-0.88,-0.99,1.01,2.73,2.49,0.92,-1.6,0.42,2,0,0
2.35,1.05,-0.79,-0.97,-0.93,-0.15,-1.08,0.62,2,0,0
-1.65,-1.54,-0.82,1.61,2.55,0.33,2.18,-0.47,2,0,0
-0.08,1.91,0.16,-0.91,-3.24,-0.4,-5.09,0.79,2,0,0
0.66,1.37,-0.83,-1.91,-1.67,0.31,-0.18,-0.12,2,0,0
0.57,-2.62,2.27,-1.04,1.6,-1.12,1.41,0.84,2,0,0
-1.72,3.28,1.18,0.51,-0.47,-1.24,-0.16,1.25,2,0,0
-2.08,0.11,3.21,0.44,-0.74,2.02,-0.61,0.28,2,0,0
-2.03,-2.65,0.32,1.27,-0.21,3.48,0.68,-1.22,2,0,0
-0.98,5.2,0.96,-0.83,-3.29,1.2,-0.5,0.92,2,0,0
0.07,-2.02,2.87,0.36,2.9,0.17,2.66,-1.1,2,0,0
-0.84,0.69,-1.06,0.39,-0.74,2.03,1.5,-1.33,2,0,0
-0.6,-3.43,-0.07,0.39,0.35,1.82,0.45,-1.6,2,0,0
1.15,2.54,3.25,-2.51,-1.03,0.66,4.41,0.28,2,0,0
-1.7,0.56,0.34,-0.37,-1.98,0.23,-1.36,-0.36,2,0,0
-0.49,2.51,1.33,0.65,0.65,-1.46,-1.96,2.31,2,0,0
-0.33,-1.12,-0.71,-0.3,-1.26,1.43,0.0,-1.78,2,0,0
-0.72,0.34,-0.48,-0.63,-1.03,0.5,-0.32,-0.15,2,0,0
-0.31,-1.75,0.58,-0.83,0.97,-0.32,2.29,-0.18,2,0,0
-2.06,1.35,1.5,-2.0,-0.45,-2.55,1.48,1.83,2,0,0
-1.05,1.27,-0.5,-2.71,-1.45,-3.73,1.36,1.13,2,0,0
0.56,0.76,2.36,-0.74,0.35,-0.53,0.06,0.39,2,0,0
-1.83,-0.67,-0.13,-0.7,-2.47,0.4,-0.8,-1.22,2,0,0
0.33,0.83,-1.45,-2.31,-3.94,1.27,-0.83,-0.69,2,0,0
0.06,-2.51,0.16,0.01,0.24,-0.4,-1.06,0.67,2,0,0
-2.66,0.95,-2.94,3.21,1.3,0.92,-0.59,-0.63,2,0,0
0.01,-3.07,-0.69,1.39,4.38,-1.03,1.92,-0.19,2,0,0
-2.07,-0.61,-3.2,2.48,1.05,0.93,-1.61,-1.73,2,0,0
-0.61,-1.99,-2.39,-0.04,1.19,-1.4,-0.44,-1.56,2,0,0
0.97,0.47,-3.46,-2.92,-5.25,0.1,-3.53,-1.17,2,0,0
-4.05,-2.57,-2.35,2.92,0.9,1.5,-0.67,-0.39,2,0,0
2.0,1.45,0.5,-1.59,-0.81,-1.25,-1.46,0.9,2,0,0
-1.41,0.88,-1.23,-0.53,-1.37,0.62,0.3,-0.83,2,0,0
-0.09,-0.87,-1.7,-1.28,0.75,-3.26,0.43,0.48,2,0,0
-0.74,2.79,-1.24,-0.16,0.56,-1.86,1.34,0.73,2,0,0
0.69,3.67,1.45,-1.67,-1.48,0.18,2.07,0.14,2,0,0
0.01,-0.5,-1.0,-2.2,-2.69,-1.68,-3.87,1.03,2,0,0
0.68,-2.12,3.18,0.43,3.2,0.43,3.4,-0.37,2,0,0
1.36,1.39,1.43,-1.45,1.13,-2.74,2.85,2.74,2,0,0
-0.56,-3.4,0.5,0.22,0.81,0.76,1.67,-1.72,2,0,0
-0.59,0.54,0.74,-0.38,-1.76,1.45,-1.91,1.57,2,0,0
1.16,2.41,-0.22,-0.14,-1.16,0.98,0.05,-0.43,2,0,0
1.14,-2.83,2.19,-0.15,1.89,-0.72,-0.26,3.06,2,0,0
-3.05,-1.15,-2.08,1.12,-0.15,-0.11,-0.82,1.28,2,0,0
1.21,1.44,2.85,0.07,1.16,0.01,2.39,0.39,2,0,0
-0.38,-1.58,-1.0,0.55,-0.1,1.56,0.2,-2.16,2,0,0
-0.75,-1.74,1.5,2.85,4.07,1.43,1.95,0.15,2,0,0
0.82,0.2,2.22,-1.57,-1.36,-0.46,-1.81,2.24,2,0,0
-0.84,3.3,2.48,0.63,0.88,0.97,2.88,0.88,2,0,0
-0.5,-1.42,-0.92,-0.6,-2.59,2.84,0.82,-2.38,2,0,0
1.83,0.75,2.72,-2.91,-0.69,-0.24,5.2,-1.53,2,0,0
3.37,0.53,3.3,-1.68,0.72,-2.24,-0.02,2.46,2,0,0
0.38,-3.21,0.69,-0.44,0.05,-0.45,-0.12,0.0,2,0,0
-0.73,-2.22,0.84,-1.24,1.22,-0.72,2.22,-2.05,2,0,0
-0.74,0.46,0.85,0.78,1.7,-1.21,1.08,-0.33,2,0,0
-3.24,-1.27,1.69,1.54,0.82,2.35,2.87,-1.15,2,0,0
1.52,0.47,0.12,1.01,0.47,-0.22,-1.67,-0.25,2,0,0
-1.37,-0.16,-1.81,-0.76,-1.87,0.31,0.24,-1.99,2,0,0
-0.06,-0.81,-0.04,-0.73,0.28,-0.45,0.32,-1.23,2,1,1
-1.16,-1.03,-0.79,0.29,3.01,-3.79,1.32,0.49,2,0,0
1.52,0.58,0.85,1.01,-0.47,-0.37,-2.07,0.91,2,0,0
-1.71,0.2,0.73,-0.91,-0.94,0.25,0.02,-0.59,2,0,0
-1.53,0.38,-3.15,1.51,-0.54,0.1,-1.89,-2.14,2,0,0
0.16,-1.67,1.7,-2.28,1.78,-2.4,4.13,-0.02,2,0,0
-2.18,1.94,-0.5,3.64,1.4,2.16,-0.36,-1.37,2,0,0
0.97,-0.68,0.9,-0.03,0.66,-0.28,-0.93,-0.28,2,0,0
1.44,2.82,1.12,-0.4,-0.23,-1.43,-0.39,1.33,2,0,0
-1.3,0.96,-0.31,1.46,-0.11,2.58,1.09,-1.92,2,0,0
-1.53,-0.39,2.1,1.34,2.11,0.58,1.48,0.08,2,0,0
-1.56,2.33,1.22,2.52,1.27,1.64,-1.1,-0.13,2,0,0
-2.8,-2.47,0.23,-0.4,0.9,-1.26,0.6,0.61,2,0,0
-0.93,-2.7,-1.31,0.93,0.98,0.17,-1.18,-0.19,2,0,0
-1.26,-1.99,-0.45,-0.8,0.43,-1.98,-1.08,-0.08,2,0,0
1.02,2.15,2.34,-2.66,-1.09,-1.21,2.63,-0.23,2,0,0
-1.51,-0.18,2.16,-0.86,-0.25,0.57,1.78,0.52,2,0,0
1.46,0.24,2.17,-1.9,0.12,-2.15,-0.64,1.28,2,0,0
-0.47,-1.31,0.92,0.65,1.93,-2.03,-1.7,2.26,2,1,1
-0.45,-2.43,-1.01,0.41,1.15,-1.26,0.12,0.26,2,0,0
1.15,-0.69,-0.19,-0.86,-1.39,1.99,-0.37,-1.98,2,0,0
1.71,-2.22,-2.36,-0.43,0.05,-1.19,-0.1,0.61,2,0,0
-2.81,0.89,-1.93,2.88,0.38,1.92,-1.8,0.84,2,0,0
-0.77,0.35,-4.44,2.77,0.95,1.06,-0.27,-0.67,2,0,0
3.71,-0.02,-1.55,-1.68,0.17,-2.33,-1.11,-0.13,2,0,0
-1.36,-1.48,0.05,-0.62,-0.32,-0.35,0.54,-0.03,2,0,0
2.11,-2.34,-0.82,-0.49,-0.04,-0.71,-1.1,1.72,2,0,0
-0.11,0.27,0.37,-1.25,-1.91,1.02,1.45,-3.35,2,0,0
-2.44,1.48,-2.78,0.01,-0.57,-0.47,1.47,-1.6,2,0,0
1.18,-1.23,0.07,-1.6,-1.44,-0.37,-2.07,0.75,2,0,0
-2.94,4.76,0.79,-1.72,-2.26,-1.48,2.76,-0.39,2,0,0
-0.59,3.27,2.44,-1.14,-1.42,-0.16,-0.29,1.73,2,1,1
-0.57,-1.85,-0.96,2.45,2.45,1.17,1.06,0.47,2,0,0
0.77,-2.49,-1.02,1.42,2.86,-0.37,1.05,0.13,2,0,0
-2.6,-0.12,-1.5,1.38,0.78,-0.53,0.99,-0.27,2,0,0
-0.95,1.53,-0.87,1.03,1.12,-1.01,0.85,-0.06,2,0,0
1.68,-1.46,1.52,-1.52,1.29,-2.69,0.72,0.42,2,0,0
0.1,1.77,2.43,-1.16,-0.34,-0.72,1.54,1.2,2,0,0
1.83,-0.74,-0.65,-1.62,-0.93,0.19,0.63,-0.41,2,0,0
-1.03,1.46,0.98,-0.64,1.04,-2.72,2.04,2.27,2,1,1
-0.06,0.0,0.42,3.21,1.93,2.03,-2.63,1.07,2,0,0
-2.18,1.88,-0.23,1.28,0.7,0.81,-0.18,-0.24,2,0,0
-0.3,0.32,1.42,-1.49,1.04,-2.86,0.95,0.81,2,0,0
0.44,0.13,0.67,-1.93,-3.41,2.06,-0.62,-1.67,2,0,0
-1.0,1.04,-2.03,-1.73,-3.74,0.24,0.3,-2.28,2,0,0
-1.9,3.11,2.49,1.36,1.43,1.32,2.99,0.2,2,0,0
3.56,3.44,1.76,-4.69,-1.9,-4.3,1.61,2.0,2,0,0
0.69,2.41,-1.51,-0.37,0.11,-3.32,-2.35,1.25,2,0,0
-0.49,0.05,-0.22,1.97,2.31,-0.24,1.52,0.97,2,0,0
0.29,-0.29,0.51,-0.06,-0.87,1.16,-0.17,0.21,2,0,0
-2.31,1.38,-1.58,1.59,0.49,1.21,2.0,-1.99,2,0,0
-0.5,-0.9,-1.51,0.41,-0.29,-0.46,-1.86,-0.94,2,0,0
-0.11,0.17,0.93,0.42,0.69,0.27,0.31,1.03,2,0,0
-4.08,-1.94,-2.31,3.22,0.88,4.33,2.69,-4.13,2,0,0
-2.19,-0.13,1.11,0.01,0.94,-0.8,1.56,0.67,2,0,0
2.07,-2.15,1.61,-0.07,2.97,-1.33,2.46,1.33,2,0,0
-1.04,-1.13,0.63,-0.95,-2.06,3.28,0.62,-1.51,2,0,0
-0.47,-3.76,-0.7,0.91,0.73,0.37,-2.37,0.08,2,0,0
-0.03,0.59,0.58,-0.81,-0.97,-0.22,0.95,0.27,2,0,0
0.75,-1.19,0.46,-1.17,1.1,-0.46,1.37,1.13,2,0,0
0.69,0.6,1.4,-0.38,0.53,-0.92,1.83,2.67,2,0,0
1.99,-0.67,-2.14,0.3,-1.86,0.69,-2.72,-0.22,2,0,0
-1.79,0.58,-1.56,-0.42,-2.78,2.25,0.29,-2.44,2,0,0
-1.37,-1.02,2.99,1.09,4.41,-2.12,3.78,1.45,2,0,0
4.38,1.34,3.65,-3.51,0.68,-3.67,0.8,1.67,2,0,0
-0.32,0.14,-0.83,-0.19,1.81,-1.65,0.94,1.47,2,0,0
1.19,4.92,0.41,-1.91,-3.22,-1.25,-1.21,2.11,2,0,0
-1.64,-1.64,-0.24,-0.6,-1.84,1.89,-0.11,-2.02,2,0,0
-0.11,1.62,1.52,-1.07,0.44,-1.3,2.93,1.29,2,0,0
-1.66,-1.42,2.23,-1.46,-1.58,1.2,0.89,-0.17,2,0,0
-0.64,1.14,-1.46,-0.65,-1.73,-0.25,-1.08,-1.94,2,0,0
-2.85,3.94,0.91,0.91,-0.94,0.72,0.89,-0.32,2,0,0
-3.01,2.85,-1.59,3.54,-1.11,3.54,-1.0,-0.66,2,0,0
1.18,0.7,-1.24,-0.83,-1.59,1.37,1.89,-0.67,2,0,0
0.02,0.07,-0.96,1.41,0.29,0.07,-1.46,1.08,2,0,0
-0.66,2.36,1.12,0.62,-0.39,1.02,1.08,0.26,2,0,0
0.88,0.88,-0.37,0.1,0.96,-1.13,1.68,-0.37,2,0,0
-1.16,-1.13,-1.27,0.7,2.86,-1.93,3.87,-0.98,2,0,0
0.53,-0.44,-2.73,-0.24,-1.51,1.72,-0.01,-2.97,2,0,0
2.2,-2.5,-1.26,-0.2,1.88,-1.44,-0.98,-1.17,2,0,0
0.85,-1.33,-3.77,1.45,-2.5,5.13,-1.3,-3.19,2,0,0
-1.21,0.21,1.88,0.42,-1.11,2.15,0.52,0.18,2,0,0
0.19,-2.65,0.03,-0.33,1.86,-0.81,1.82,1.37,2,0,0
0.76,-0.1,-3.13,1.1,1.46,-0.08,-0.21,-0.44,2,0,0
0.3,-1.91,-0.06,-0.66,0.31,-0.01,1.26,-1.29,2,0,0
0.08,0.19,1.64,1.0,1.5,-0.37,-0.57,0.61,2,0,0
-2.62,-2.2,0.02,-0.19,-1.16,0.79,-0.22,0.37,2,0,0
-0.78,-0.4,1.38,-2.07,-0.93,-2.34,-2.32,2.11,2,0,0
0.17,4.3,3.8,-3.01,-2.83,-1.45,0.82,1.07,2,0,0
1.9,0.21,-1.41,1.01,-0.36,-0.18,-2.43,-0.14,2,0,0
-0.13,2.67,1.85,1.37,-0.8,2.55,-2.55,-0.58,2,0,0
-1.66,-0.97,-0.81,0.39,0.49,0.03,-0.43,0.59,2,0,0
1.16,-0.2,-0.38,-0.98,-0.41,-0.99,-1.38,2.4,2,0,0
-1.03,1.35,0.08,1.63,1.36,1.09,2.87,-0.51,2,0,0
-0.39,0.08,-3.64,3.14,2.45,-0.54,0.78,0.28,2,0,0
0.25,-0.96,-2.89,1.0,-1.51,3.64,-0.91,-2.33,2,0,0
0.09,0.87,-0.04,-0.33,1.2,-2.15,2.24,-0.81,2,0,0
-2.4,-4.13,-2.07,0.94,-0.58,2.32,-2.23,-0.95,2,0,0
-2.69,1.89,0.02,0.72,-1.78,1.82,-0.55,-1.16,2,0,0
-0.17,3.28,-0.35,2.2,0.31,-0.65,-2.21,1.56,2,0,0
0.84,-0.09,1.8,-2.0,-0.68,-2.12,0.01,0.63,2,0,0
-0.38,0.36,-0.45,-0.51,0.66,-2.01,-0.88,-0.3,2,0,0
-3.2,1.85,0.15,1.7,1.28,-0.79,-0.15,1.7,2,0,0
-0.77,2.42,0.4,0.56,-1.13,1.28,-1.19,-1.37,2,0,0
1.18,3.11,1.33,-3.02,-2.14,-2.36,0.2,0.7,2,0,0
-1.57,-3.02,1.55,1.69,4.11,-0.21,1.58,0.42,2,0,0
-1.71,0.01,-0.68,-1.02,-1.8,-1.71,-1.41,2.4,2,0,0
2.12,-0.27,-0.25,0.28,1.44,-0.73,1.98,-0.27,2,0,0
-1.67,2.55,0.4,2.34,-0.76,2.23,-0.37,0.52,2,0,0
1.04,1.51,0.82,-0.39,0.38,-1.56,-0.87,1.19,2,0,0
2.58,2.76,2.89,-0.56,2.08,-1.88,1.79,2.73,2,0,0
-1.25,3.16,-1.75,0.49,-0.15,-1.79,0.76,0.91,2,0,0
-0.01,-0.66,1.33,-1.92,0.06,-2.92,0.75,2.06,2,1,1
-3.57,-1.59,-0.16,2.23,0.3,2.02,-2.47,-0.48,2,0,0
-3.05,2.12,-1.62,1.76,0.38,0.56,2.84,-1.35,2,0,0
0.12,0.51,-0.1,-3.0,-1.28,-1.95,1.4,0.08,2,0,0
0.2,-2.2,0.37,-1.31,-0.38,-0.23,-0.75,-0.26,2,0,0
-2.35,-0.64,-3.63,1.83,0.31,1.6,0.39,-2.75,2,0,0
-0.29,2.8,-0.47,0.87,1.49,-2.13,0.23,1.35,2,0,0
1.88,0.41,-1.05,-0.89,0.2,0.36,1.93,-1.1,2,0,0
-1.15,1.74,1.71,-0.47,-0.42,-1.06,1.32,-0.32,2,0,0
1.54,-0.81,-0.59,-1.0,-1.11,-1.39,-3.34,2.22,2,0,0
-1.2,0.08,-1.93,-1.22,-0.74,-1.35,0.89,-2.25,2,0,0
-0.3,1.2,-0.37,0.4,0.8,0.09,1.68,-0.19,2,0,0
-1.21,1.63,-2.09,1.09,0.64,-1.72,-1.42,1.37,2,0,0
-0.22,0.09,-0.33,1.48,2.07,-0.89,0.8,0.5,2,0,0
0.26,2.31,-1.53,1.71,0.97,0.78,1.57,-2.44,2,0,0
-0.98,-2.69,0.36,-1.04,1.22,-2.09,1.89,1.1,2,0,0
1.27,-0.3,0.33,-1.62,0.02,-2.11,-1.16,1.1,2,0,0
-1.23,-0.76,-0.11,0.18,2.03,-0.79,1.7,-0.14,2,0,0
1.14,0.55,0.29,0.22,-0.86,0.55,-0.66,-0.22,2,0,0
0.96,-1.38,-1.23,1.08,2.51,-0.77,0.13,-1.21,2,0,0
0.18,0.21,-3.3,1.19,-1.57,2.02,-0.98,-2.48,2,0,0
-0.96,-1.08,-0.31,0.2,1.37,-2.45,0.13,0.91,2,0,0
3.03,-1.74,-0.0,-0.42,0.29,0.97,-0.28,1.03,2,0,0
-0.7,-0.74,1.23,-1.52,-0.82,-0.9,0.58,0.96,2,0,0
-2.4,1.11,-1.05,0.57,-3.15,1.43,-4.19,0.48,2,1,1
1.29,2.67,2.18,-1.73,-1.42,-0.59,0.61,1.42,2,0,0
-2.74,2.32,1.96,2.07,1.38,0.36,1.93,2.6,2,0,0
1.28,-1.12,-0.0,-0.85,1.06,-2.9,0.33,0.39,2,0,0
-1.83,-0.08,-0.82,0.69,-0.71,1.82,1.54,-1.43,2,0,0
1.31,0.61,3.05,-2.71,-2.24,-0.19,0.04,0.4,2,0,0
-0.78,0.72,0.69,-1.58,-1.13,-0.17,2.45,-0.67,2,0,0
-2.21,3.55,-2.32,2.79,-1.05,4.31,1.87,-1.38,2,0,0
1.33,-0.38,-2.73,2.13,1.66,1.27,0.79,-2.71,2,0,0
0.76,-4.9,-1.02,-2.26,-1.54,0.82,-0.27,-1.82,2,0,0
2.4,1.17,-0.17,-0.82,-1.58,-0.19,-3.04,1.02,2,0,0
-0.61,-1.08,-4.34,1.36,-0.62,0.1,-3.12,1.96,2,0,0
2.49,1.97,1.49,-1.87,-1.51,0.54,0.1,-0.21,2,0,0
-2.63,-1.42,0.57,-0.84,-1.68,1.35,-0.33,-0.61,2,0,0
2.76,-2.99,-1.34,-0.27,1.38,-0.48,-0.4,-0.76,2,0,0
1.74,1.39,0.63,-2.09,-3.58,-0.5,-3.3,0.93,2,0,0
1.82,1.84,2.93,-2.91,-1.58,-1.47,0.92,1.08,2,0,0
-3.49,-0.33,-1.56,0.56,0.42,-1.57,2.29,-1.64,2,0,0
1.72,-0.93,-1.06,-0.3,0.24,0.15,-0.35,-0.86,2,0,0
-0.91,-0.58,-0.83,1.67,0.87,1.03,0.24,-2.63,2,0,0
0.46,-2.55,0.58,-0.26,0.4,-0.94,-3.19,2.4,2,1,1
-0.17,-2.75,-1.86,0.56,-0.07,-0.15,-2.34,-0.3,2,0,0
0.76,2.08,0.29,-0.8,1.04,-1.23,2.39,-1.73,2,0,0
-0.86,3.83,-1.47,-0.62,-3.63,1.08,-0.7,-0.74,2,0,0
0.42,-1.44,2.01,-2.62,0.53,-2.91,0.41,1.04,2,0,0
1.35,1.54,-1.48,-0.34,-1.89,0.65,-1.94,1.49,2,0,0
1.01,0.88,2.46,-0.99,0.98,-3.36,-1.13,2.57,2,0,0
-2.77,-0.76,-2.34,-0.43,-0.16,-1.16,0.99,-1.15,2,0,0
-0.04,-0.52,-1.66,-0.62,-0.4,-0.56,-0.17,-1.25,2,0,0
1.46,0.08,-0.24,-2.48,-2.83,-1.02,-2.96,0.59,2,0,0
-2.96,1.67,0.11,-0.55,-0.67,-1.87,0.75,1.68,2,0,0
0.17,0.65,-0.17,0.81,0.13,0.71,0.22,0.43,2,0,0
2.34,-2.65,-1.75,-0.6,-0.08,0.0,-1.28,-2.4,2,0,0
-0.72,2.85,-2.42,1.14,-1.84,1.78,-0.87,-0.78,2,0,0
1.65,0.17,0.1,-1.28,-1.4,0.09,0.45,-1.61,2,0,0
-2.12,1.22,3.2,1.32,0.52,2.18,0.86,1.03,2,0,0
-1.91,0.67,-0.17,1.59,0.54,1.26,0.2,1.48,2,0,0
-0.61,-1.4,-0.47,0.03,0.18,1.56,2.67,-3.28,2,0,0
-2.55,-1.12,1.01,-0.44,0.17,-1.1,-0.6,3.26,2,0,0
-1.43,1.22,1.44,0.35,0.18,0.52,0.01,0.09,2,0,0
-4.79,-1.21,-2.2,4.06,1.05,2.57,-0.05,-1.4,2,0,0
-1.7,2.52,1.42,0.34,1.03,-1.19,3.25,1.04,2,0,0
1.04,0.43,-1.38,0.39,-0.95,0.45,-1.16,-0.58,2,0,0
-0.85,1.36,1.87,-3.3,-2.84,-0.24,1.2,-0.4,2,0,0
0.87,-1.0,1.76,-0.71,1.13,-1.5,-0.92,1.86,2,0,0
-0.13,0.21,0.68,-0.61,0.4,-1.35,1.53,0.23,2,0,0
-0.13,1.14,0.89,-1.29,-4.84,3.81,-1.82,-1.51,2,0,0
-0.73,2.08,2.84,1.12,1.39,0.73,1.66,0.15,2,0,0
-0.32,-2.36,1.73,-0.07,1.93,-1.62,-0.04,1.41,2,0,0
1.94,-0.27,0.63,-1.39,-0.73,-1.83,-2.29,0.99,2,0,0
-1.57,3.51,4.32,-1.24,-0.44,-1.64,-0.12,1.11,2,0,0
-0.66,-0.85,-0.7,1.01,1.02,-0.75,-1.91,3.09,2,0,0
2.5,2.51,-0.03,-2.07,-1.06,-0.9,-1.11,-0.7,2,0,0
1.49,-1.49,0.53,-1.2,0.26,0.33,1.51,-1.62,2,0,0
-3.32,0.31,-1.19,1.42,1.76,-1.32,1.26,-0.14,2,0,0
-1.04,2.09,3.99,-2.5,-0.76,-1.79,2.61,2.3,2,0,0
-1.42,-1.31,-3.1,-0.59,-1.72,0.59,-0.51,-0.29,2,0,0
1.25,-2.35,0.88,-0.28,0.89,-1.6,-0.79,3.91,2,0,0
-1.93,1.65,-1.26,1.22,-0.68,1.77,0.03,-2.02,2,0,0
-1.16,-0.33,0.82,2.35,1.18,1.05,-1.23,1.65,2,0,0
-2.2,0.66,-1.02,2.06,0.57,-0.22,-1.33,1.22,2,0,0
0.46,-0.26,0.95,-0.61,-1.64,1.87,-0.86,0.34,2,0,0
-1.61,-3.26,1.29,2.2,3.52,0.8,1.43,0.53,2,0,0
-1.97,0.97,-0.18,1.19,2.49,-1.45,3.74,-0.5,2,0,0
0.7,-1.2,-1.18,-0.3,-0.09,-1.27,-1.28,0.12,2,0,0
-1.84,-2.86,-0.36,4.05,6.91,-1.83,1.69,1.85,2,0,0
2.71,1.54,0.51,-2.91,-1.93,-1.58,-0.14,0.41,2,0,0
1.73,0.7,1.58,-1.36,-2.07,0.48,-3.7,0.95,2,0,0
0.37,1.13,1.33,-0.69,1.11,-1.14,2.13,-0.14,2,0,0
-0.19,-1.76,-1.27,2.5,1.79,0.62,-2.71,0.32,2,0,0
0.25,1.08,2.57,0.09,0.51,1.24,1.69,0.12,2,0,0
-2.08,0.63,-0.73,1.99,1.86,1.12,1.58,-1.64,2,0,0
-1.1,-2.05,1.44,-0.9,0.15,-0.46,0.73,-0.41,2,1,1
-1.13,-1.71,-0.33,0.28,0.17,1.24,0.42,-0.84,2,0,0
-2.06,2.9,1.67,-0.17,-0.87,0.31,1.95,-0.16,2,0,0
0.22,-3.53,-3.39,0.31,-2.3,3.67,0.98,-4.37,2,0,0
-1.67,1.87,2.83,-0.07,-0.28,0.98,1.96,-1.18,2,0,0
-1.93,0.98,0.2,1.06,-2.34,3.05,-0.85,-1.74,2,0,0
-1.61,-1.25,-4.83,3.76,3.21,-0.22,0.66,-1.99,2,0,0
1.38,2.32,0.46,-1.3,-2.32,2.73,0.57,-1.87,2,0,0
-1.24,0.4,-2.34,2.81,0.3,1.65,-2.5,-0.31,2,0,0
1.5,-0.59,0.2,-0.86,2.06,-5.26,-1.85,2.52,2,0,0
2.03,0.95,0.86,0.22,0.96,-0.31,0.99,-0.84,2,0,0
-1.93,-0.63,0.18,2.11,2.06,0.91,1.34,0.27,2,0,0
-1.1,-1.24,0.85,-0.78,-1.14,1.07,2.05,-1.3,2,0,0
-1.35,1.98,-1.34,-1.42,-2.74,-0.26,-2.14,-0.08,2,0,0
0.71,-0.99,-0.74,0.5,-0.65,0.75,-1.24,-0.79,2,0,0
1.59,-0.9,-1.48,-0.32,0.19,-0.41,-0.8,-0.61,2,0,0
1.15,0.27,-1.22,-1.17,-2.36,-1.02,-1.97,2.3,2,0,0
-2.33,-0.91,0.57,1.92,-0.38,3.41,-1.22,-0.09,2,0,0
-0.51,-0.51,2.17,-0.36,3.24,-2.41,1.79,1.87,2,0,0
1.74,1.15,-0.24,-1.45,-2.62,-0.19,-2.7,-1.84,2,0,0
2.41,-2.66,1.21,-1.25,0.78,-0.07,-0.84,0.15,2,0,0
0.12,2.51,0.5,-2.59,-1.47,-1.46,1.18,-0.3,2,0,0
-0.19,3.49,1.96,0.36,-0.72,1.92,1.44,0.12,2,0,0
1.59,2.91,-1.49,-2.21,-3.55,-0.17,-1.55,0.38,2,0,0
-1.76,0.02,0.88,1.9,0.43,1.39,0.09,0.73,2,0,0
0.73,-0.28,0.15,-2.09,-1.73,-0.23,0.21,-1.48,2,0,0
2.16,-1.02,1.6,0.55,3.21,-1.85,-0.61,2.02,2,0,0
-0.94,-1.77,-1.9,-0.23,-0.92,-0.02,-0.84,-2.55,2,0,0
1.83,0.82,1.33,-1.64,-2.25,1.33,0.46,-1.11,2,0,0
-1.19,-0.22,-0.04,1.18,3.76,-2.14,2.04,0.39,2,0,0
0.04,1.46,0.71,1.72,1.81,-0.39,-0.52,0.58,2,0,0
-3.0,0.32,1.0,2.76,2.48,-1.16,-1.47,2.01,2,0,0
-0.29,1.21,0.03,0.0,-1.25,0.33,-0.45,1.37,2,0,0
1.55,-0.23,4.29,-0.94,0.43,0.54,0.19,0.98,2,0,0
0.44,-2.2,-0.06,-1.91,0.24,0.42,3.91,-5.25,2,0,0
-2.96,-0.48,0.75,1.61,0.1,2.28,-0.43,0.88,2,0,0
-0.11,-0.21,-1.38,0.39,-0.11,-0.76,0.01,0.37,2,0,0
2.04,-3.69,0.13,-1.52,0.83,-1.01,1.26,-0.92,2,0,0
-2.98,0.64,-1.2,2.32,1.42,0.07,0.83,1.22,2,0,0
-1.69,2.46,2.12,-1.88,-1.61,-0.63,2.47,1.02,2,0,0
2.57,0.31,-0.36,-1.08,1.1,-2.52,-0.86,1.84,2,0,0
-0.59,-0.36,-1.12,0.53,-0.31,0.83,-0.94,-1.8,2,0,0
-0.57,-1.93,-1.2,-0.37,-1.7,2.7,-0.3,-2.05,2,0,0
1.19,3.37,0.85,-2.96,-3.03,-1.04,0.64,-1.44,2,0,0
3.57,0.56,-0.9,-1.21,-1.49,-0.96,-1.96,0.7,2,0,0
3.41,-0.06,1.01,-2.42,0.16,-0.94,4.65,0.17,2,0,0
1.05,-1.61,-0.08,-2.57,-1.26,-2.32,-2.17,1.08,2,0,0
-3.77,-1.07,-0.35,0.56,-0.12,1.47,2.66,0.15,2,0,0
0.34,2.31,-1.19,-0.0,-0.58,0.36,1.18,-2.96,2,0,0
0.73,-0.24,-0.1,-1.3,-0.15,-1.42,1.63,0.71,2,0,0
-1.44,-0.17,0.67,0.31,-0.11,1.1,2.11,-0.99,2,0,0
2.48,-0.52,0.67,-0.88,0.87,-2.07,-1.18,0.85,2,0,0
2.51,1.19,-1.69,-2.52,-3.51,0.78,-1.41,-2.42,2,0,0
-0.14,-3.34,4.96,-1.41,4.17,-2.71,2.83,1.92,2,0,0
-5.02,0.05,1.02,1.23,1.55,0.37,3.37,0.23,2,0,0
0.9,-0.21,1.69,-2.38,-2.4,0.21,-0.8,-1.31,2,0,0
-2.81,-3.8,-0.0,2.16,5.04,-1.18,3.1,-0.73,2,0,0
-2.19,-4.67,-1.73,0.18,-0.37,0.62,-1.72,-0.69,2,0,0
0.17,2.64,0.64,-1.27,-0.9,-2.07,0.63,2.13,2,0,0
0.22,-1.67,-2.92,-2.78,-5.3,1.73,-0.19,-3.35,2,0,0
2.03,1.89,2.73,-1.48,0.99,0.13,3.19,0.73,2,0,0
-0.66,-0.78,-1.26,-2.27,-0.02,-4.16,0.46,3.56,2,0,0
-1.69,1.12,0.35,0.2,1.96,-1.43,1.92,0.06,2,0,0
1.16,1.62,-0.37,-0.63,-1.36,-0.02,0.57,-1.76,2,0,0
2.51,-1.49,-0.8,1.52,1.11,-0.09,-5.09,1.55,2,0,0
0.42,-1.85,-2.92,1.31,1.82,0.57,1.52,-4.37,2,0,0
2.58,-1.84,-2.52,0.29,-3.38,3.78,-3.64,-3.96,2,0,0
1.4,-0.06,0.16,-2.69,-2.51,-0.88,-0.86,-0.66,2,0,0
-0.54,-0.95,-1.48,1.75,0.85,1.49,0.94,-0.45,2,0,0
4.24,2.02,2.56,-4.99,-3.47,-2.18,-4.09,2.05,2,0,0
2.29,-1.22,-0.05,0.27,0.78,0.13,-1.91,1.9,2,0,0
0.23,0.06,0.52,-1.43,-0.54,-1.14,2.76,-0.33,2,0,0
-2.8,-4.16,-2.32,2.44,2.54,1.29,0.28,-2.38,2,0,0
1.08,1.74,-1.97,2.33,0.35,2.26,-0.5,-1.6,2,0,0
1.49,5.72,0.65,-1.88,-1.75,-1.75,0.93,1.18,2,0,0
1.79,-0.72,-2.49,-1.79,-1.76,-1.27,-4.39,-1.44,2,0,0
-0.26,-1.3,0.23,-0.85,-0.51,0.33,0.54,1.43,2,0,0
1.18,-0.19,-3.64,-0.07,-4.07,3.89,-2.08,-2.88,2,0,0
4.19,-3.13,-0.79,-3.35,-0.88,-1.71,0.03,-1.42,2,0,0
0.66,-3.24,-1.66,0.74,2.29,-0.45,0.07,-0.16,2,0,0
-1.73,0.69,1.44,-0.94,-0.41,-1.64,0.39,0.87,2,0,0
0.78,1.16,2.33,0.36,1.53,0.43,2.23,1.51,2,0,0
-2.5,-2.19,-2.63,5.0,-0.07,0.19,0.24,1.14,3,0,0
-0.3,-1.47,0.63,-0.22,-0.23,-2.17,1.23,-1.65,3,0,0
-1.98,1.88,1.03,-3.03,2.07,-1.0,1.06,-0.23,3,0,0
-0.58,0.94,-0.47,-1.0,-0.95,1.97,0.62,0.8,3,0,0
-0.16,0.85,1.22,-1.06,1.1,0.02,0.03,-0.63,3,0,0
-2.44,-0.57,-2.53,0.59,-1.28,0.41,-0.52,0.59,3,0,0
-0.3,-2.25,-3.48,3.12,-1.45,-0.64,-0.71,0.18,3,0,0
-0.54,-0.09,-0.43,-0.56,0.48,-0.43,0.68,0.57,3,0,0
-0.07,-2.3,2.18,0.74,0.92,-1.77,-0.38,-1.36,3,0,0
-1.75,-0.56,1.4,2.06,-0.73,0.64,-0.69,-0.87,3,0,0
-1.27,-4.18,0.89,1.81,-0.31,-1.57,-1.23,-1.82,3,0,0
1.16,0.2,0.34,-1.78,1.84,-1.34,1.81,0.49,3,0,0
2.12,-0.51,4.41,-0.17,-0.62,0.01,-1.5,-0.71,3,0,0
-2.68,-0.46,1.08,1.38,-0.01,1.02,0.96,0.12,3,0,0
-1.34,-0.19,-3.62,0.34,0.73,-0.16,2.01,0.94,3,0,0
-0.61,0.66,0.21,0.12,-1.62,1.27,-1.79,0.05,3,0,0
-1.15,-1.54,-2.12,0.42,-1.79,-0.12,0.45,0.06,3,0,0
-1.16,-0.04,-0.82,-1.58,-0.4,-0.34,1.37,-0.73,3,0,0
0.79,-2.72,-0.51,-0.58,0.23,-1.77,0.44,-1.6,3,0,0
0.14,-0.78,1.28,2.25,-1.64,0.85,-2.03,0.09,3,0,0
-1.26,-0.98,-1.06,-0.82,1.67,-0.46,2.07,-0.58,3,0,0
0.84,0.83,2.21,-2.13,2.24,-1.19,1.63,-0.38,3,0,0
-0.86,-1.22,1.39,-3.02,1.39,-2.99,1.33,-1.55,3,0,0
1.02,0.64,-0.31,-0.13,0.35,0.4,-0.59,1.73,3,0,0
-1.68,-1.52,1.68,-0.93,-1.36,-1.1,-2.71,-0.72,3,0,0
-0.79,-1.94,-2.74,1.83,-2.85,0.07,0.18,-0.75,3,0,0
-0.2,-0.21,0.4,0.67,-2.92,1.24,-1.22,-0.42,3,0,0
-2.05,3.72,1.51,-3.27,0.61,1.61,1.17,0.83,3,0,0
-0.96,-0.97,0.45,2.46,-1.46,1.46,0.13,-0.92,3,0,0
-0.93,-0.98,-0.53,-3.38,-0.16,-2.62,0.83,-0.44,3,0,0
0.62,-2.34,-2.1,1.65,0.84,-1.22,-0.03,0.48,3,0,0
-2.65,-0.43,-0.89,-0.07,-0.97,0.01,1.05,0.03,3,0,0
-2.0,-1.55,-0.66,1.66,0.27,0.32,2.79,-0.78,3,0,0
-1.86,-1.23,0.03,0.99,-1.87,-0.89,-1.77,-0.2,3,0,0
-2.16,0.43,-0.71,-2.0,0.91,-0.69,2.11,0.34,3,0,0
-0.23,-0.88,0.13,-0.71,-0.29,-0.94,-0.64,-0.16,3,0,0
-0.43,-1.04,1.26,0.23,-1.3,0.21,0.17,-1.59,3,0,0
-0.77,-0.03,-1.47,-0.51,-1.2,-0.36,0.02,0.87,3,0,0
-2.13,-0.33,-0.08,0.21,1.01,0.46,0.43,1.14,3,0,0
-2.34,1.37,0.16,-0.75,0.22,1.68,1.19,1.44,3,0,0
-3.68,-4.52,0.2,0.65,0.58,-4.05,-0.66,-0.76,3,0,0
-2.44,-0.49,0.39,1.52,0.41,-0.98,-0.27,0.34,3,0,0
-4.59,-1.55,-4.75,1.71,0.88,-0.25,2.32,0.52,3,0,0
0.58,-1.3,1.32,2.95,-0.33,1.14,-1.63,-0.3,3,0,0
2.91,-1.93,1.09,1.85,-1.71,-0.44,-1.9,-1.45,3,0,0
0.97,-0.23,-0.25,1.16,0.1,0.63,1.23,0.5,3,0,0
0.83,-0.52,1.34,0.09,1.62,-0.66,-0.3,-0.67,3,0,0
1.16,2.1,3.59,-1.76,0.74,-0.01,-0.45,0.22,3,0,0
-0.91,-1.04,1.45,1.2,-0.58,0.17,-0.79,-1.2,3,0,0
-0.64,-1.91,2.87,0.81,-2.29,0.39,-1.96,-2.77,3,0,0
-0.11,-0.06,0.84,-2.9,0.68,-0.28,1.06,0.16,3,0,0
-1.04,0.26,1.16,-2.26,2.37,-1.46,0.44,0.24,3,0,0
0.12,-1.32,-0.84,2.95,-1.68,1.54,1.26,-0.79,3,0,0
-2.43,-0.14,-0.64,-2.26,1.06,-2.45,0.48,1.0,3,0,0
1.39,-2.13,-1.3,2.32,-0.63,0.2,-0.82,0.21,3,0,0
-0.02,-2.4,0.72,-0.04,-1.49,-0.74,0.75,-1.94,3,0,0
2.07,1.08,1.05,-0.82,0.24,1.55,-0.32,1.37,3,0,0
-1.63,-0.84,1.48,-0.43,-2.26,1.24,-0.72,-1.5,3,0,0
-0.57,-2.66,0.87,-0.94,1.86,-4.5,-0.83,-1.27,3,0,0
-0.56,-0.42,-1.22,1.51,-1.58,1.04,0.6,0.31,3,0,0
-2.09,-1.2,-0.17,2.82,-2.7,1.2,-1.56,-0.03,3,0,0
-1.53,-0.93,-1.6,1.45,-0.76,0.14,-0.97,-0.83,3,0,0
-0.83,1.61,0.41,-2.6,1.78,-0.87,1.38,1.16,3,0,0
-0.94,-1.14,0.33,-0.15,-1.97,-0.38,-0.49,-0.85,3,0,0
-3.83,1.39,-2.31,0.04,-2.72,2.35,-0.09,0.71,3,0,0
-1.97,1.37,-0.2,-2.13,0.82,-0.92,1.46,0.48,3,0,0
0.94,2.53,3.01,-4.13,0.12,-0.35,-2.02,0.01,3,0,0
1.09,-1.13,2.19,-0.34,-0.46,-0.67,0.06,-1.12,3,0,0
-2.3,0.67,-0.65,1.34,-2.79,2.02,0.14,0.41,3,0,0
-0.54,2.24,0.69,1.44,0.82,2.8,0.09,2.65,3,0,0
-2.63,-1.37,-2.12,4.16,-1.94,1.51,-1.34,0.46,3,0,0
0.02,-0.36,1.14,-0.15,-0.42,-1.45,-1.15,-0.94,3,0,0
-1.21,-3.61,0.51,1.64,-1.39,-3.14,-1.67,-1.37,3,0,0
-1.29,1.3,0.28,-1.75,1.47,-0.74,0.31,0.58,3,0,0
-0.4,0.5,2.45,-2.46,1.07,-1.01,0.26,-0.28,3,0,0
-2.7,-0.47,-0.65,-1.52,2.15,-2.48,2.12,0.77,3,0,0
1.0,0.12,0.7,-1.57,0.95,-0.94,0.23,-1.01,3,0,0
-1.02,-3.44,2.9,-0.0,1.67,-2.9,0.16,-2.4,3,0,0
-0.89,-0.44,-0.96,2.31,-1.51,1.64,-0.6,0.49,3,0,0
-0.96,0.44,-0.37,-4.54,0.11,-2.21,1.95,-0.69,3,0,0
0.55,-0.86,1.54,-0.54,-0.55,-0.99,0.15,-0.11,3,0,0
-0.58,-1.13,2.11,2.42,-3.88,2.04,-1.72,-1.35,3,0,0
0.18,0.84,2.89,0.47,1.22,1.2,0.73,0.16,3,0,0
-0.29,0.36,2.86,1.06,-2.61,1.2,-1.0,-1.09,3,0,0
0.33,-1.7,2.62,0.59,-2.68,-1.12,-1.89,-1.49,3,0,0
-2.03,0.48,0.51,0.88,-0.64,0.85,-0.25,0.42,3,0,0
-2.43,-0.37,-0.59,-0.5,1.35,-2.65,1.52,0.71,3,0,0
0.01,0.95,4.46,-1.11,-0.33,0.66,-0.27,-0.66,3,0,0
0.76,0.21,-0.7,0.36,-0.36,-0.17,1.35,0.15,3,0,0
-2.64,3.02,-0.19,-3.18,1.81,1.56,2.28,0.96,3,0,0
-0.22,3.23,3.74,-4.24,0.98,0.05,-0.26,1.23,3,0,0
1.26,-2.6,2.5,-2.14,1.15,-3.56,1.07,-2.98,3,0,0
-0.26,-1.48,-0.1,-2.16,0.81,-1.62,0.95,-1.42,3,0,0
-1.36,-0.48,-0.53,0.35,-2.53,0.7,-1.46,-0.2,3,0,0
-0.51,2.47,-1.58,-0.92,0.86,2.61,1.88,1.47,3,0,0
-3.15,-0.29,0.84,-0.7,0.21,-1.57,-1.67,0.53,3,0,0
-1.73,1.59,0.79,-0.54,1.08,1.58,1.81,0.6,3,0,0
-1.95,-1.02,1.19,-0.34,-1.69,0.71,-1.5,-1.01,3,0,0
1.52,-0.2,0.59,1.35,-2.05,1.99,-0.95,-0.4,3,0,0
1.04,-0.35,0.45,-2.2,-0.39,0.1,0.77,-1.27,3,0,0
-0.16,-1.06,1.58,0.29,-3.66,0.07,-2.12,-1.64,3,0,0
0.55,2.03,3.64,0.13,-1.49,2.22,-2.31,0.45,3,0,0
0.56,0.21,1.4,0.08,0.92,0.31,1.78,-0.68,3,0,0
0.77,0.5,2.03,1.49,-1.72,1.92,-1.41,-0.3,3,0,0
0.66,0.73,0.41,-0.81,2.06,-0.98,0.73,-0.59,3,0,0
-0.05,2.03,0.17,-0.23,0.89,1.4,0.92,0.96,3,0,0
0.44,-1.17,0.7,-1.13,-0.56,-1.4,-0.38,-0.68,3,0,0
-1.62,-2.01,1.58,-0.5,-2.13,-0.69,0.08,-1.91,3,0,0
-0.2,0.28,-0.34,-2.57,-0.84,0.01,0.59,1.21,3,0,0
-1.06,-0.48,-0.46,1.29,-0.23,0.01,0.78,-0.72,3,0,0
-2.09,-0.8,-0.28,2.39,-1.45,2.44,0.73,0.6,3,0,0
-2.92,-0.11,1.53,-0.72,1.33,-0.24,0.7,0.65,3,0,0
0.84,-0.38,1.57,0.95,-0.87,2.05,0.12,-0.88,3,0,0
2.14,3.07,0.63,-0.79,-0.62,2.61,-0.24,0.36,3,0,0
-2.26,-0.59,2.01,-2.8,1.14,-2.72,0.8,-1.14,3,0,0
0.59,0.69,1.55,-3.14,2.06,-1.14,-0.32,-0.8,3,0,0
-3.06,-1.07,-1.56,0.86,-1.9,0.55,0.32,-0.38,3,0,0
2.42,-1.24,1.02,0.99,-0.62,1.16,-0.13,-1.48,3,0,0
-0.14,-0.72,-1.41,1.75,-1.62,0.88,-1.02,0.61,3,0,0
-0.17,-1.99,1.84,-0.56,-1.68,-0.84,-0.91,-2.03,3,0,0
-3.0,1.27,0.57,0.78,-0.22,1.07,-0.38,1.37,3,0,0
0.2,0.89,-0.52,-0.57,0.07,-0.18,1.2,0.76,3,0,0
-1.04,0.54,0.26,-0.04,-0.19,-0.79,-0.78,0.31,3,0,0
-1.64,1.69,-1.72,-0.55,-1.92,2.36,-0.43,0.65,3,0,0
1.02,0.51,4.0,1.11,0.09,1.76,-0.38,0.51,3,0,0
1.73,-0.91,1.64,0.49,-0.92,0.41,-0.45,-1.26,3,0,0
0.22,-0.16,2.27,0.72,1.2,-0.24,-0.6,-0.06,3,0,0
-0.41,-0.34,1.19,-0.71,-0.71,0.22,0.13,0.15,3,0,0
-1.32,-1.93,-1.81,1.78,-0.86,0.57,-0.17,-0.77,3,0,0
-1.4,-1.51,1.59,-0.14,1.34,-1.46,-0.4,-0.7,3,0,0
1.59,-3.39,-1.67,1.79,-0.88,-2.17,-2.37,-0.32,3,1,1
-2.25,0.82,1.81,-0.07,1.52,0.21,0.54,0.76,3,0,0
-0.66,-0.45,1.39,0.64,0.18,0.69,-0.6,-0.81,3,0,0
2.41,-0.39,0.2,-0.55,0.8,-1.37,-0.38,-0.8,3,0,0
-1.02,0.17,2.34,-1.72,-0.05,0.19,-1.74,-0.5,3,0,0
-1.94,-2.9,-1.02,-0.05,-0.93,-3.08,-1.43,-0.86,3,0,0
-0.22,-0.33,1.96,-1.43,1.57,-1.05,1.46,-0.91,3,0,0
-0.96,0.09,-1.75,1.7,1.38,0.33,1.18,1.17,3,0,0
-3.09,-0.43,-2.83,-0.7,-0.96,-0.3,0.8,-0.38,3,0,0
-2.58,-0.37,0.95,-0.37,-1.82,0.47,-1.36,-0.84,3,0,0
-1.95,-3.86,-1.73,0.5,-1.2,-1.73,1.31,-2.12,3,0,0
-1.73,1.83,0.76,1.23,-0.01,2.45,-0.13,0.97,3,0,0
-0.79,0.78,-0.18,-0.7,-0.57,1.06,0.86,0.5,3,0,0
-2.18,-0.58,-0.91,2.92,-2.68,3.04,-0.79,-0.26,3,0,0
-1.46,-1.24,0.47,-0.1,1.42,-1.21,2.24,-0.18,3,0,0
-0.56,-0.71,-0.87,-0.27,-0.25,-0.55,0.25,-0.33,3,1,1
-1.07,-0.83,2.36,-2.92,0.73,-0.18,0.65,-1.69,3,0,0
-3.27,1.14,0.2,2.73,-0.95,3.26,-0.96,1.73,3,0,0
1.49,2.42,1.35,-1.16,-0.76,1.6,1.16,-0.09,3,0,0
-0.79,2.45,2.3,-1.48,0.15,0.14,-0.85,0.83,3,0,0
0.06,1.32,2.35,-0.68,0.73,0.37,-2.19,0.33,3,0,0
-0.37,-0.55,-1.6,1.34,-0.62,0.34,0.31,0.5,3,0,0
-0.22,0.25,-1.84,-0.99,2.32,-2.25,1.82,0.58,3,0,0
-2.05,0.27,-2.25,-0.39,0.33,1.21,0.7,0.96,3,0,0
-0.01,-0.19,2.32,-2.53,0.85,-0.74,0.26,-0.96,3,0,0
0.06,0.81,1.97,-1.82,0.17,0.25,-0.68,-0.05,3,0,0
-0.91,-0.5,-0.75,0.91,-1.2,0.75,0.51,-0.67,3,0,0
-1.1,1.39,0.97,-3.61,1.27,-0.75,1.66,-0.05,3,0,0
0.28,-0.86,0.96,-1.79,1.53,-1.69,0.7,-0.47,3,0,0
-1.27,-0.73,0.99,-2.96,-0.32,-3.5,-2.03,-0.25,3,0,0
-0.23,-0.12,1.63,0.6,-2.43,2.35,-0.32,-0.46,3,0,0
-1.56,1.69,-0.97,-1.57,1.46,0.52,1.71,1.57,3,0,0
1.7,1.33,4.59,-5.1,2.11,-1.68,-1.09,0.36,3,0,0
-1.04,0.73,1.28,1.49,-2.6,1.15,-3.22,1.13,3,0,0
0.95,0.98,2.53,0.15,-0.54,2.19,-1.45,0.8,3,0,0
-2.55,0.87,-1.26,-1.57,-0.9,1.4,0.14,0.38,3,0,0
-1.91,1.03,-0.61,-4.41,-0.13,-0.99,-0.12,0.28,3,0,0
-1.58,-0.74,-0.59,-1.34,0.44,-2.28,0.1,-0.67,3,0,0
2.14,-0.62,5.31,-3.39,1.87,-3.51,-1.3,-1.85,3,0,0
0.1,-1.31,-0.93,3.63,-2.16,0.63,-1.84,-1.1,3,0,0
0.21,-1.45,0.53,1.67,-2.19,0.32,-1.4,0.21,3,0,0
-1.17,0.22,0.51,-1.4,-0.07,0.2,-0.53,-0.63,3,0,0
-0.57,-1.23,1.11,-1.22,1.64,-2.34,0.14,-0.82,3,0,0
-0.09,1.28,-0.13,0.27,-3.24,2.14,-1.14,0.24,3,0,0
0.29,-0.77,-1.25,-0.83,-1.26,-0.61,0.01,-1.14,3,0,0
-0.39,-0.05,0.87,-0.39,-0.17,-0.76,-0.88,0.4,3,0,0
-0.42,0.19,-2.6,2.21,-5.33,3.55,-1.61,0.33,3,0,0
-0.13,-0.89,-0.78,1.22,-1.95,1.15,0.01,-1.15,3,0,0
0.51,1.23,0.21,0.33,-1.47,1.59,-3.08,1.1,3,0,0
-1.78,-1.3,-1.57,3.02,-0.45,0.8,-0.69,1.01,3,0,0
-0.77,0.19,1.33,-0.98,3.3,-2.0,1.71,0.28,3,0,0
-0.6,-2.31,2.64,1.77,0.46,-0.73,0.2,-2.06,3,0,0
-0.44,-1.1,1.03,0.57,1.88,-1.28,0.67,0.36,3,0,0
-1.16,0.49,0.33,-1.44,2.16,-0.53,1.79,0.14,3,0,0
-1.06,-0.74,2.99,-1.31,1.03,-0.38,0.67,-1.06,3,0,0
-0.63,0.45,-0.12,-0.28,-2.77,1.77,0.9,-0.32,3,0,0
-0.3,0.52,0.41,-0.29,-1.11,1.14,-0.75,-0.41,3,0,0
-2.14,-0.92,-2.52,0.76,-1.26,0.19,0.75,0.48,3,0,0
-0.54,-2.97,-2.0,3.48,-3.59,-0.23,-1.64,-0.85,3,0,0
-0.52,-0.25,1.72,-2.57,0.71,-2.3,0.07,-0.31,3,0,0
-1.86,2.81,0.97,-3.57,0.81,-0.19,0.67,0.91,3,0,0
-2.68,-2.42,-2.25,3.65,-3.42,0.98,-0.97,0.21,3,0,0
0.26,-0.1,0.94,2.7,-1.65,2.93,-0.58,-0.07,3,0,0
0.63,1.47,-0.43,-2.4,0.61,0.74,2.24,-0.17,3,0,0
0.21,0.65,2.19,0.21,-1.0,0.97,-0.67,-0.21,3,0,0
1.81,0.62,2.1,-1.36,2.82,-1.22,2.03,-0.01,3,0,0
-1.91,-2.42,-1.9,1.03,0.45,-1.95,0.34,-0.2,3,0,0
-0.54,0.16,-0.34,0.39,-0.36,0.47,-0.42,0.42,3,0,0
-0.55,2.01,0.97,-0.7,-1.35,2.78,-0.21,0.46,3,0,0
-0.57,3.47,2.17,-5.59,1.6,1.02,0.43,1.73,3,0,0
-1.42,-0.33,2.85,-0.82,-0.75,1.04,-1.19,-1.14,3,0,0
-2.93,0.24,0.01,0.4,0.16,0.73,0.37,0.82,3,0,0
1.7,0.23,1.77,-2.07,1.04,-1.85,1.05,-0.71,3,0,0
0.58,0.27,1.58,-2.86,3.29,-1.5,2.87,0.07,3,0,0
-0.46,-0.04,-1.94,1.0,-0.2,0.64,-0.27,0.35,3,0,0
-1.19,-0.82,-1.35,2.23,-0.08,0.36,0.62,-0.01,3,0,0
-2.67,1.99,-0.9,1.12,-2.72,3.16,-1.35,1.36,3,0,0
-1.35,0.86,0.64,-1.22,-1.8,0.98,0.72,-0.64,3,0,0
0.48,1.63,3.66,-4.63,2.62,-0.83,0.88,-0.8,3,0,0
-2.69,1.5,-0.64,-1.55,1.02,-0.18,0.69,0.78,3,0,0
-2.96,1.34,-3.17,-1.86,-1.37,2.06,1.05,1.66,3,0,0
-2.04,-1.4,-1.81,0.63,-0.84,-0.46,0.69,-0.55,3,0,0
-0.65,-2.01,-1.0,1.3,-1.77,-0.53,0.21,-0.28,3,0,0
0.42,-1.33,-0.15,2.12,-2.73,0.75,-1.05,-1.16,3,0,0
-2.0,-0.2,2.36,1.93,0.02,0.49,-1.68,0.47,3,0,0
0.69,0.17,-1.98,0.02,0.75,0.01,2.13,0.56,3,0,0
-1.68,1.36,-1.09,-1.52,0.35,0.63,-0.57,1.68,3,0,0
1.4,-0.23,2.11,-2.68,2.61,-3.95,0.71,-1.29,3,0,0
0.5,1.8,2.11,-3.16,2.58,0.66,1.78,0.14,3,0,0
-1.05,-0.15,0.33,0.31,-0.25,0.95,-0.49,0.6,3,0,0
1.41,0.72,0.11,-0.37,2.01,1.29,3.05,0.17,3,0,0
-0.56,0.93,2.6,-2.64,2.34,-2.22,-0.39,-0.49,3,0,0
0.06,-1.2,-0.2,0.96,-0.75,0.77,0.31,0.47,3,0,0
1.87,-1.25,1.56,1.38,-0.76,-0.62,-2.24,-1.39,3,0,0
0.25,-2.18,2.68,1.4,-1.54,-0.16,0.13,-2.23,3,0,0
-1.08,1.45,-1.5,-0.39,-0.71,0.4,-0.34,1.5,3,0,0
-1.82,-0.5,-1.38,0.16,0.01,-0.44,1.24,1.82,3,0,0
-0.28,-0.63,1.82,-0.91,0.21,-0.99,-0.99,0.15,3,0,0
-1.44,-1.28,-0.37,-0.11,-2.59,0.59,0.25,-2.51,3,0,0
-2.15,-0.36,-2.85,0.85,-2.56,0.95,0.11,0.19,3,0,0
0.53,0.61,1.9,0.51,0.74,1.27,1.01,-0.53,3,0,0
-0.02,-0.71,-0.59,0.86,-0.11,-0.48,1.68,-0.52,3,0,0
-0.88,-1.63,0.93,0.9,0.36,-1.13,0.06,-1.19,3,0,0
-5.47,2.46,-1.02,-1.24,0.1,1.04,-0.32,3.16,3,0,0
-1.75,-0.42,1.83,-1.71,-0.05,-2.26,-1.53,-0.68,3,0,0
0.26,-2.06,-1.66,1.83,0.91,-0.08,0.99,-0.16,3,0,0
-0.09,-1.01,-0.71,0.91,-1.94,1.35,-0.51,-1.39,3,0,0
-2.37,-1.07,-1.89,-0.3,1.52,-1.26,1.49,-0.69,3,0,0
-1.17,-1.42,2.48,-2.44,3.01,-4.14,1.34,-0.85,3,0,0
-0.98,-0.91,1.9,-0.53,1.36,-1.18,0.67,-1.34,3,0,0
-1.09,-0.68,1.48,-1.11,0.64,-1.65,0.41,-0.48,3,0,0
1.6,0.87,2.55,-0.06,0.23,0.35,-2.25,0.58,3,0,0
0.49,-2.03,-0.58,2.55,-2.49,2.07,-0.55,-0.73,3,0,0
-1.44,0.85,-0.56,-0.42,1.28,1.14,0.55,1.12,3,0,0
-2.42,-1.17,0.75,-0.13,-0.58,-0.99,-0.13,-0.97,3,0,0
-1.47,0.76,-2.09,-1.46,2.28,-0.19,2.66,1.67,3,0,0
0.26,1.69,3.5,-2.31,0.21,0.11,-1.67,-0.63,3,0,0
-1.1,-0.81,-1.03,0.19,-0.07,-0.62,1.56,0.03,3,0,0
0.35,0.62,-0.01,-1.74,-1.36,0.36,-0.08,0.23,3,0,0
-0.83,0.42,1.33,0.74,0.85,0.32,-0.25,0.71,3,0,0
0.83,2.08,-0.98,-0.89,-2.48,2.41,-1.15,1.11,3,0,0
-0.31,-2.03,0.6,-0.72,-0.66,-2.14,-1.41,-1.98,3,0,0
-2.53,0.22,0.94,-2.1,0.3,-3.16,-0.93,-0.94,3,0,0
-0.94,0.53,-1.32,-0.52,-0.49,0.8,1.37,0.22,3,0,0
-0.41,4.1,1.46,-1.52,-0.33,3.47,0.14,2.45,3,0,0
2.14,-1.32,0.19,-1.71,-1.49,0.17,-0.59,-1.53,3,0,0
-2.01,1.0,0.06,0.71,-1.61,2.09,-0.05,0.14,3,0,0
0.57,-2.72,0.16,1.83,-4.2,1.0,-1.42,-1.13,3,0,0
-0.84,-1.37,-0.64,-2.3,2.87,-2.66,2.06,-0.02,3,0,0
1.61,2.46,3.55,-2.96,2.34,-0.07,0.77,0.88,3,0,0
1.02,1.82,1.79,-1.34,0.93,2.52,0.88,-0.06,3,0,0
-1.32,-0.61,-0.09,-1.77,-1.02,0.05,-0.35,-0.45,3,0,0
-1.64,0.39,2.3,-2.66,-0.64,-1.06,-0.86,-0.55,3,0,0
0.26,-0.23,0.94,0.2,0.86,-0.78,-0.1,1.47,3,0,0
-1.95,-1.57,-2.82,-1.42,-0.74,-2.3,0.59,0.11,3,0,0
-1.05,-0.68,0.32,-0.56,1.1,-1.7,-0.46,0.63,3,0,0
-1.69,-1.02,-0.53,0.79,-1.97,1.24,-1.36,0.57,3,0,0
-1.09,-1.73,-2.0,1.54,-2.18,1.33,-0.45,0.31,3,0,0
0.62,-1.19,-1.57,1.45,-1.16,0.86,2.18,-0.81,3,0,0
-2.18,3.49,0.9,-2.17,1.65,1.77,2.43,2.28,3,0,0
-0.72,-1.9,-1.98,0.52,-1.08,-0.7,0.13,-0.57,3,0,0
0.93,-0.74,-0.28,0.06,0.13,-0.05,-0.49,0.07,3,0,0
1.8,-0.38,1.76,-0.35,-0.39,0.12,-0.89,-1.87,3,0,0
-0.6,-0.89,-0.46,1.32,-1.89,0.08,-0.82,-0.92,3,0,0
-0.48,-0.39,2.02,-2.06,1.91,-1.09,0.64,-1.21,3,0,0
-0.5,-0.58,-1.18,-1.04,-0.49,-0.42,0.48,-0.7,3,0,0
-0.84,0.61,-0.23,-0.66,-1.35,-1.44,0.3,0.27,3,0,0
0.13,-0.77,0.77,-2.14,1.28,-1.65,0.08,-0.95,3,0,0
-0.66,-0.24,0.79,1.24,0.38,-0.09,1.26,-1.42,3,0,0
-0.54,-0.31,-1.0,-1.68,-0.26,-0.52,1.34,-0.78,3,0,0
-0.47,-1.5,0.7,2.22,1.16,-0.24,0.86,-0.12,3,0,0
0.57,0.39,1.19,-1.31,1.49,-1.91,-0.36,0.41,3,0,0
1.33,1.13,1.3,0.13,-1.03,2.11,0.13,0.01,3,0,0
-1.91,1.71,-1.49,-1.59,-0.49,0.26,0.84,-0.22,3,0,0
0.47,-1.32,-0.53,-0.92,-3.22,-0.69,-1.22,-1.02,3,0,0
-1.82,-0.45,-3.42,0.9,0.04,-0.28,0.06,2.53,3,0,0
-0.31,2.32,0.29,-0.81,3.01,1.27,1.39,1.34,3,0,0
0.79,-2.55,3.31,1.3,2.84,-2.79,1.1,-1.0,3,0,0
0.5,1.29,0.19,-1.45,-0.47,0.5,-0.88,0.81,3,0,0
-2.9,-1.69,-1.65,-1.43,0.88,-1.45,1.42,-0.3,3,0,0
-1.1,-3.25,0.79,-0.91,1.52,-4.14,2.23,-1.94,3,0,0
-1.52,-2.14,0.08,0.84,-1.2,-2.44,-1.16,-1.1,3,0,0
-1.03,0.45,-0.1,0.95,-1.76,2.11,-2.22,0.64,3,0,0
-1.74,-2.72,1.47,0.82,0.22,-1.24,0.76,-1.43,3,0,0
0.21,-1.18,-1.25,0.89,1.45,-1.37,2.65,-0.28,3,0,0
-0.27,0.21,-0.74,2.52,-2.05,1.5,-0.76,0.16,3,0,0
-3.74,1.72,-0.93,-2.32,1.58,-0.5,1.64,1.03,3,0,0
-3.08,-0.44,-0.65,-1.09,-0.02,-0.38,0.04,-0.23,3,0,0
-1.26,-0.79,0.02,2.84,-1.7,2.03,1.13,-0.21,3,0,0
-2.19,0.47,0.18,1.61,0.31,0.74,0.54,-0.53,3,0,0
1.66,-1.22,-0.73,-0.25,1.59,-1.18,0.27,-0.27,3,0,0
1.78,0.22,3.49,0.51,1.11,1.28,0.51,-0.71,3,0,0
-1.04,0.47,1.61,-2.13,0.32,-1.14,-0.54,-0.51,3,0,0
-1.49,-2.76,-0.13,-0.59,0.13,-2.29,0.51,-0.73,3,0,0
0.25,-0.02,-0.81,-1.87,0.32,-0.94,1.17,-0.32,3,0,0
-0.87,1.06,3.37,-5.07,2.42,-3.66,0.54,-0.63,3,0,0
1.14,1.18,3.32,-0.48,2.07,-0.75,-0.52,-0.36,3,0,0
-2.49,-2.18,-2.44,0.64,-0.89,-1.94,-0.63,0.07,3,0,0
2.47,0.37,4.3,-2.09,0.86,-0.93,-1.39,-1.12,3,0,0
-1.42,-0.47,-2.16,0.28,-0.1,0.09,1.13,0.05,3,0,0
-1.38,-1.1,0.43,2.4,0.93,-0.41,-1.71,1.69,3,0,0
1.2,0.36,4.37,-3.15,0.26,-0.43,-0.46,-1.52,3,0,0
0.88,0.7,0.99,-1.86,-0.79,0.41,-0.03,-0.67,3,0,0
-0.88,0.39,1.03,-1.0,-0.26,0.92,-0.25,-0.45,3,0,0
0.02,0.02,1.8,-1.03,0.96,-0.29,0.87,-1.3,3,0,0
-0.29,0.22,0.88,-1.37,2.79,-1.83,0.82,0.68,3,0,0
-1.55,0.53,-0.58,0.67,-1.52,1.95,0.94,0.76,3,0,0
-1.28,-0.66,-0.56,-0.37,-1.16,-0.76,0.28,-0.44,3,0,0
-1.86,-1.05,-1.52,1.02,0.88,-1.97,1.72,0.35,3,0,0
1.29,-0.46,-0.01,-0.95,2.09,-2.32,2.69,0.2,3,0,0
-0.71,0.57,0.44,0.61,-2.51,0.92,-0.6,-0.92,3,0,0
-1.63,-0.23,-0.35,0.97,-1.99,1.1,-0.72,0.31,3,0,0
-0.22,-1.56,2.07,2.28,-1.1,-0.73,-2.48,-0.3,3,0,0
-2.62,-1.16,0.14,0.21,-0.86,-0.54,0.22,-2.87,3,0,0
-0.59,0.14,0.47,0.01,-0.47,1.06,-0.56,0.3,3,0,0
1.51,-1.67,0.46,1.45,-2.55,0.86,-1.35,-0.48,3,0,0
0.13,1.38,3.03,-3.1,2.66,-0.65,1.59,-0.67,3,0,0
1.69,1.72,2.01,-2.82,2.05,-0.2,-1.59,0.97,3,0,0
-3.63,-1.48,-3.17,0.57,-1.98,-0.36,-1.0,-0.61,3,0,0
0.4,-0.03,0.92,-0.14,-0.02,-0.46,-0.33,-0.23,3,0,0
-0.09,-2.27,3.05,1.45,0.41,-0.91,-0.11,-2.02,3,0,0
0.78,-0.63,0.36,0.79,-0.97,0.04,0.98,-0.56,3,0,0
0.82,-0.26,0.59,0.5,-1.5,0.43,-0.34,-0.39,3,0,0
0.3,-1.64,3.33,-1.57,1.53,-3.0,-2.36,-0.8,3,0,0
-0.02,0.17,-0.25,-0.61,-0.41,0.89,-1.27,0.57,3,0,0
-2.91,-1.37,-1.75,1.46,-1.04,0.73,0.0,-0.1,3,0,0
0.95,0.6,1.21,0.24,-1.94,1.51,-1.73,0.51,3,0,0
-0.48,0.26,1.39,0.66,-2.7,2.21,-1.4,-0.2,3,1,1
-0.4,3.95,0.08,-2.23,1.34,1.23,0.4,1.39,3,0,0
0.25,-0.74,-1.02,0.8,0.46,-0.17,0.49,0.27,3,0,0
-0.17,0.75,-0.13,-0.05,-1.84,0.98,-0.25,-0.42,3,0,0
-0.33,-3.55,0.45,3.9,-1.47,-0.32,-0.28,-1.82,3,0,0
-0.14,0.2,0.12,0.14,2.45,-0.48,2.8,0.04,3,0,0
-0.94,-0.65,0.86,1.12,0.38,0.01,0.28,-1.56,3,0,0
0.52,0.98,1.7,-0.22,0.8,1.04,0.24,0.36,3,0,0
-3.81,-2.56,-0.53,2.44,-2.94,-1.9,-1.19,-0.76,3,0,0
2.57,2.34,3.81,-2.17,0.94,0.3,0.99,-0.84,3,0,0
-2.2,-0.11,-1.39,-1.07,0.91,-1.81,0.55,0.52,3,0,0
-1.56,0.57,0.72,-1.83,-1.4,-0.42,-0.57,0.42,3,0,0
1.54,1.5,-1.26,-2.06,1.94,-1.38,0.27,2.09,3,0,0
-2.49,1.51,2.64,-1.28,-0.79,0.94,-1.0,-0.48,3,0,0
-1.13,0.53,0.42,-2.78,0.13,-0.8,-0.12,-0.15,3,0,0
1.32,-1.19,0.85,2.22,-1.49,0.92,-2.67,0.8,3,0,0
-1.36,0.8,0.75,-0.97,-0.8,1.31,0.01,0.62,3,0,0
2.64,0.62,1.31,-2.16,0.32,0.1,0.05,-0.52,3,0,0
2.72,0.14,2.61,-0.88,0.54,-0.41,-0.01,-1.17,3,0,0
-0.4,-0.56,-0.71,-0.29,-1.09,0.18,2.33,-2.15,3,0,0
-1.93,0.44,0.55,-1.0,1.69,-0.73,0.97,1.15,3,0,0
-0.77,-0.28,1.41,0.39,0.99,0.86,0.63,0.64,3,0,0
0.32,0.42,2.76,-1.62,-1.12,0.33,-0.23,-0.53,3,0,0
1.85,3.49,3.21,-2.66,0.93,2.23,-0.19,0.8,3,0,0
1.07,-0.47,1.1,-0.91,0.59,-1.37,0.88,-0.14,3,0,0
-1.5,1.14,1.04,-0.27,0.55,1.3,-1.11,0.58,3,0,0
1.67,3.6,2.14,-1.96,2.64,1.36,0.33,2.45,3,0,0
-2.24,1.85,0.74,-1.42,0.19,-0.03,0.15,-0.04,3,0,0
0.09,-1.43,0.01,1.25,-0.44,-1.1,0.27,0.1,3,0,0
