@relation SyntheticData-N_1200-D_8-Nmin_60-Zmin_16-CL_2_2-R_0
@attribute X0 real [-5.98, 5.32]
@attribute X1 real [-6.88, 6.04]
@attribute X2 real [-5.04, 4.31]
@attribute X3 real [-7.09, 5.79]
@attribute X4 real [-5.79, 5.29]
@attribute X5 real [-4.78, 4.72]
@attribute X6 real [-4.66, 4.84]
@attribute X7 real [-4.74, 5.32]
@attribute cluster_idx {0,1,2,3}
@attribute is_noise {0,1}
@attribute Class {0,1}
@inputs X0,X1,X2,X3,X4,X5,X6,X7,cluster_idx,is_noise
@output Class
@data
0.5,-2.17,-0.01,1.46,-1.1,-0.18,-0.3,0.77,0,0,1
0.07,-0.41,3.49,-0.57,-0.88,-2.58,-0.39,-4.74,0,0,1
3.96,-2.99,-1.86,1.43,-3.29,2.58,-0.3,5.32,0,0,1
-2.07,-3.71,0.09,2.43,1.1,0.11,2.46,3.06,0,0,1
0.65,-1.59,0.08,0.63,-1.07,1.88,2.0,2.25,0,0,1
-1.52,2.18,0.39,-2.31,2.56,-1.39,2.97,0.64,0,0,1
0.05,-0.72,-0.48,-1.15,1.05,3.21,-0.86,1.95,0,0,1
-1.51,0.23,0.99,-0.6,-0.07,-0.1,0.64,-1.77,0,0,1
2.41,-0.03,0.28,-0.06,-2.06,0.2,2.46,2.05,0,0,1
-1.13,1.9,1.54,-1.96,2.67,0.15,-0.22,-2.79,0,0,1
-1.48,0.97,-0.15,-0.0,2.17,-1.5,0.94,-0.62,0,0,1
-1.32,-2.74,-0.28,0.34,1.23,3.55,0.62,3.25,0,1,0
0.66,-0.01,0.08,0.18,-0.89,-0.58,0.84,-0.43,0,0,1
-1.23,1.08,-1.42,0.52,0.09,-1.49,1.48,0.38,0,0,1
0.77,1.63,0.25,-0.41,1.07,0.03,0.21,-1.41,0,0,1
-2.47,3.19,0.85,-0.97,4.24,-4.78,2.89,-1.71,0,0,1
-1.7,0.23,0.93,-0.91,0.07,-1.91,-0.8,-3.1,0,0,1
1.4,-3.03,0.28,0.03,-3.29,4.3,-2.7,-0.0,0,0,1
-1.68,3.03,1.93,-3.61,5.29,-3.04,-1.2,-4.21,0,0,1
2.51,-1.32,-0.41,2.23,-0.71,-0.58,0.29,1.14,0,0,1
2.91,-2.96,-0.44,2.62,-3.9,3.12,-0.21,1.1,0,0,1
-1.84,-0.93,0.01,-1.58,3.65,-1.16,-1.0,0.25,0,0,1
0.2,-0.3,-0.57,-0.52,-0.14,1.92,-0.76,0.12,0,0,1
1.2,-2.36,-0.07,0.98,-1.36,2.41,0.14,1.48,0,0,1
3.04,-1.06,-1.17,1.15,-2.94,2.67,-0.2,1.92,0,0,1
0.13,1.54,0.99,1.56,0.79,-3.26,0.72,-4.16,0,0,1
1.28,-1.37,-1.07,2.56,-2.89,1.16,-1.75,-1.98,0,0,1
0.91,-0.31,0.11,1.71,0.93,-2.41,1.88,0.65,0,0,1
0.46,1.56,0.56,-2.8,0.14,1.09,-0.81,-1.25,0,0,1
-1.03,0.58,0.51,0.23,1.5,0.75,-1.26,-3.22,0,0,1
-2.17,-2.8,0.89,0.88,-2.03,-0.65,1.47,-0.28,1,0,1
0.43,-3.41,1.06,-2.37,0.3,2.0,-0.61,2.27,1,0,1
-0.42,-1.41,-0.7,-1.13,0.38,-1.39,0.94,-0.55,1,0,1
2.49,2.28,-1.93,0.63,4.41,0.48,-2.99,0.2,1,0,1
0.75,-2.25,-3.68,-1.67,-0.13,1.66,0.72,-1.68,1,1,0
-0.72,0.97,-0.23,1.08,0.13,-2.91,0.52,-1.55,1,0,1
1.8,-1.42,-0.86,0.28,1.77,1.47,-0.63,1.03,1,0,1
-0.74,-2.09,-1.64,-1.96,-0.15,-0.11,0.42,-1.2,1,0,1
1.25,1.06,1.52,0.3,-0.41,-2.98,0.17,-0.27,1,0,1
-1.42,-2.54,2.9,-3.31,-3.59,-1.48,1.72,0.68,1,0,1
-0.61,-2.83,-0.05,-3.61,-1.64,-0.83,1.63,-0.4,1,0,1
0.54,-1.55,-1.54,-0.53,0.09,-1.58,1.55,-1.3,1,0,1
0.35,-0.41,-0.59,-0.32,-1.03,-2.49,2.14,-1.41,1,0,1
-0.57,-0.9,0.08,-0.83,-1.37,0.35,-0.44,-0.55,1,0,1
2.18,-0.86,0.76,-2.02,1.14,0.58,-1.31,1.53,1,0,1
-2.63,0.03,-1.41,0.37,-1.34,-0.6,2.42,-1.07,1,0,1
-0.8,-1.35,1.41,-2.02,-1.11,1.93,-0.55,1.84,1,0,1
1.2,-1.59,-1.2,-2.99,-1.6,-3.1,1.66,-2.67,1,0,1
-0.86,-0.81,1.61,0.05,-0.39,-1.12,2.16,1.76,1,0,1
3.24,-0.15,-2.33,-3.26,1.76,-1.3,-1.19,-1.74,1,0,1
-1.11,-0.53,0.05,1.78,1.27,1.65,-0.5,1.55,1,0,1
-0.51,0.65,0.69,0.26,-0.58,-0.33,0.47,0.57,1,0,1
0.7,-0.57,-1.21,-1.95,1.12,-2.0,0.54,-1.01,1,0,1
-0.63,-0.62,-2.55,-0.94,1.36,-1.36,1.26,-1.5,1,0,1
-0.59,0.35,2.39,3.01,0.4,1.23,0.61,3.5,1,0,1
0.3,-2.29,-0.03,-3.8,-0.53,0.77,-0.47,0.36,1,0,1
-0.85,-1.76,-1.89,-1.85,1.13,0.27,0.27,-0.48,1,0,1
0.49,-0.6,-0.55,-3.16,-1.33,0.13,1.04,-0.14,1,0,1
1.7,-3.3,-0.05,-4.0,-0.61,-0.15,0.73,0.24,1,0,1
0.46,0.31,-2.69,-2.99,1.63,-3.0,1.26,-2.17,1,0,1
-0.92,-0.57,-2.33,-1.58,-0.09,-1.96,0.19,-1.41,2,0,0
-2.27,-1.44,-2.28,-0.4,-1.5,-0.62,-0.37,1.3,2,0,0
0.74,-2.62,-2.21,1.04,1.3,1.3,-0.57,-1.5,2,0,0
-1.94,3.08,1.45,0.74,-1.01,-0.47,-1.01,0.6,2,0,0
-0.5,-0.98,0.32,-0.08,0.95,1.9,-0.45,-1.87,2,0,0
-1.21,-4.36,0.34,-0.25,-0.16,3.4,0.82,-0.96,2,0,0
2.46,-3.03,-0.96,0.84,1.81,-0.14,-0.19,2.08,2,0,0
0.73,0.6,1.41,-1.42,1.98,-1.05,1.04,-0.15,2,0,0
-0.22,-1.66,-2.08,-0.09,0.72,0.03,-0.27,0.01,2,0,0
-0.87,-3.27,-1.33,-0.92,0.41,1.1,0.51,2.25,2,0,0
-0.43,0.74,-1.62,0.35,-1.31,-1.63,-1.8,-2.77,2,0,0
2.7,-4.29,-2.8,-1.19,2.9,-0.27,-0.2,-0.59,2,0,0
-1.49,-2.36,-0.71,0.56,-1.57,0.4,0.11,1.09,2,0,0
-1.91,1.42,1.87,-0.83,-0.86,1.88,-2.99,-0.81,2,0,0
1.52,0.32,1.86,4.6,-1.02,1.47,-1.96,-2.94,2,0,0
2.84,0.96,-1.92,-1.07,2.73,-3.38,-1.84,0.82,2,0,0
1.4,0.2,0.3,-1.82,1.61,-1.87,-0.34,0.37,2,0,0
-1.02,0.18,0.1,-0.17,1.0,1.22,0.18,-1.97,2,0,0
-0.02,-1.63,-1.21,2.03,0.61,1.48,-0.26,0.62,2,0,0
-0.67,-0.81,-1.76,0.69,-0.56,0.82,-2.88,-1.27,2,0,0
-0.15,0.25,1.88,-3.11,1.01,-1.69,0.17,4.06,2,0,0
0.48,2.26,-1.49,1.2,0.1,-1.71,-2.6,-0.23,2,0,0
1.34,-1.91,-0.35,-1.96,0.3,-2.5,-0.08,-0.2,2,0,0
1.87,0.57,-1.06,1.04,1.82,-0.64,-1.64,-1.15,2,0,0
1.1,2.08,2.58,1.48,2.56,2.18,-2.02,0.3,2,0,0
0.38,1.07,-2.08,-0.43,0.73,-1.84,-1.96,-0.26,2,0,0
1.38,0.3,-0.34,0.91,-0.68,-1.44,-2.63,-1.28,2,0,0
-0.24,0.95,-0.24,-2.63,1.84,-0.8,-1.13,0.1,2,0,0
-0.84,-2.67,-0.57,2.41,-0.94,2.83,-0.79,0.31,2,0,0
-1.3,1.64,1.68,1.13,0.73,1.84,-0.46,-0.66,2,0,0
-1.73,-2.9,-1.4,0.17,-0.9,1.65,-0.28,0.02,2,0,0
1.92,-2.72,-2.64,1.57,0.44,0.57,-3.04,-0.72,2,0,0
1.34,-0.5,0.24,0.72,-1.62,-1.96,-2.16,-2.01,2,0,0
-3.77,-1.62,-2.95,-1.1,0.34,1.55,1.25,1.63,2,0,0
0.92,-2.26,-0.55,0.41,1.72,2.08,-0.51,-2.19,2,0,0
0.14,-1.77,-0.69,1.35,-1.24,0.75,-1.88,-1.69,2,0,0
-3.01,0.39,0.76,-0.69,0.68,0.9,3.47,-0.99,2,0,0
0.09,-0.41,-1.94,-2.61,3.73,-0.9,1.41,1.79,2,0,0
0.28,-1.87,-0.69,1.29,1.5,2.17,0.05,-1.53,2,0,0
-1.05,2.42,-1.09,-2.68,1.0,-2.43,-0.84,-0.99,2,0,0
-2.08,2.22,1.78,-2.48,-1.09,-1.96,-0.17,1.76,2,0,0
-4.01,1.42,-0.33,-0.16,0.33,2.14,0.97,-0.15,2,0,0
1.27,0.51,-0.5,-0.19,1.04,-0.91,-2.02,-1.65,2,0,0
0.2,-1.19,2.15,0.62,1.22,2.6,-0.54,0.94,2,0,0
-1.8,2.7,-0.47,1.39,0.84,0.84,-0.3,-0.64,2,0,0
-1.44,0.47,-0.88,1.32,-1.53,-0.52,-0.45,-1.27,2,0,0
0.29,-1.82,2.42,-1.38,0.52,-0.28,1.82,1.81,2,0,0
0.07,0.41,-1.23,2.27,0.23,0.25,-1.0,-1.04,2,0,0
1.65,-3.16,0.03,0.19,-0.63,-1.36,-0.33,0.06,2,0,0
-0.51,2.15,-0.35,-2.45,0.89,-3.19,0.38,0.87,2,0,0
0.86,-0.78,-0.89,-0.6,1.82,-0.71,0.67,-0.27,2,0,0
2.21,0.08,2.6,1.34,1.07,0.42,-1.48,0.45,2,0,0
3.64,-0.63,-0.5,2.2,2.48,0.83,-3.26,-1.15,2,0,0
0.92,-5.95,0.64,-0.04,-0.42,2.46,0.08,-0.44,2,0,0
-1.87,0.3,-0.8,-2.22,1.16,-0.24,0.29,1.29,2,0,0
-1.34,-1.69,0.43,-0.95,-1.45,-0.86,1.24,1.42,2,0,0
-1.17,1.7,-0.72,-1.29,0.03,-1.85,-0.28,-0.33,2,0,0
-2.38,1.52,1.34,-0.68,-1.33,-1.07,0.84,0.52,2,0,0
-0.71,3.82,1.21,1.19,0.91,-0.09,-1.26,0.1,2,0,0
-0.73,-0.28,-0.29,-2.02,1.42,-0.14,-0.05,0.72,2,0,0
-1.02,-1.61,-0.85,0.27,-1.5,0.41,-1.33,-0.12,2,0,0
-2.76,-0.64,1.14,-1.85,-0.46,0.12,2.32,1.05,2,0,0
2.51,-0.75,-0.29,0.47,2.37,-0.01,-1.76,0.36,2,0,0
1.74,-4.18,-2.68,2.68,0.88,2.41,-1.71,0.37,2,0,0
-1.42,-1.95,-3.49,0.63,-0.9,-0.12,-0.73,-0.51,2,0,0
-2.54,-1.37,-1.93,-3.14,-1.33,-2.45,1.16,2.05,2,0,0
1.59,2.98,2.33,-2.28,2.72,-2.78,0.2,0.36,2,0,0
-0.6,1.99,0.76,-2.4,1.71,-1.22,-0.03,1.62,2,0,0
-2.91,-2.05,-1.28,0.77,-0.79,2.28,0.93,0.37,2,0,0
-2.05,2.88,0.76,1.0,-0.32,-0.43,0.47,0.32,2,0,0
-3.18,2.36,-2.95,-3.19,0.15,-2.0,-0.44,-0.97,2,0,0
-1.46,2.55,-0.38,-0.48,0.73,-0.11,-1.3,-2.17,2,0,0
-0.54,1.7,0.01,-1.98,0.13,-2.9,-0.48,0.89,2,0,0
1.7,-0.39,0.25,0.13,-0.7,-1.69,-3.02,-0.04,2,0,0
-0.94,-0.04,-0.62,0.24,0.48,0.92,-0.74,-1.13,2,0,0
-1.66,1.11,-2.62,-1.24,-0.67,-2.41,-1.0,0.35,2,0,0
-3.65,3.43,-1.66,-0.69,-0.95,-2.04,0.26,0.17,2,0,0
0.21,-1.15,-1.41,0.91,-0.59,-2.34,1.57,1.01,2,0,0
-0.81,-1.03,-0.25,-1.33,-0.62,-2.02,1.82,0.73,2,0,0
1.21,2.34,-0.47,-1.79,3.69,-0.65,-1.85,-1.63,2,0,0
0.29,-3.28,-0.28,-0.24,-0.72,0.1,-0.87,3.01,2,0,0
4.5,-1.33,0.06,1.31,4.96,1.35,-1.79,0.7,2,0,0
0.46,-1.61,-3.1,1.87,1.53,0.94,-0.62,-0.78,2,0,0
2.82,-1.29,-0.52,-0.06,0.68,-1.9,-1.71,-1.21,2,0,0
-2.95,-1.04,-2.23,1.78,-0.84,1.78,0.86,-0.33,2,0,0
1.25,0.55,1.42,-0.02,2.19,0.32,-0.24,-0.66,2,0,0
-3.53,3.31,0.89,-1.78,1.49,0.96,1.44,-1.64,2,0,0
-0.69,0.98,-0.02,1.2,0.6,-0.47,1.1,0.1,2,0,0
2.13,-2.24,-1.92,0.75,1.46,-1.25,0.33,-0.53,2,0,0
-1.5,4.19,0.99,0.88,0.93,0.15,-1.11,0.4,2,0,0
-3.05,5.89,2.6,0.05,0.24,-0.64,0.5,-0.15,2,0,0
0.75,0.83,1.63,-0.19,1.18,-0.07,-1.16,-0.2,2,0,0
-0.46,-0.6,1.12,-1.07,-1.29,-1.48,-0.16,0.18,2,0,0
-1.15,-5.17,0.28,1.2,-1.24,3.63,0.19,-0.35,2,0,0
-1.87,-3.85,-1.83,1.75,-0.0,3.6,1.17,-0.89,2,0,0
-1.0,0.22,2.46,-0.61,0.13,-0.19,1.19,1.8,2,0,0
0.56,0.14,0.89,-2.65,2.72,-2.08,2.52,2.4,2,0,0
4.62,-3.63,-1.05,1.52,2.22,0.47,-2.03,-1.98,2,0,0
0.15,0.81,1.8,-1.61,1.91,0.02,0.28,-0.21,2,0,0
-0.78,-2.19,-2.09,-1.2,-0.21,-1.03,0.27,-0.65,2,0,0
1.18,2.69,1.98,-0.61,1.0,-2.09,-1.15,0.28,2,0,0
-1.69,0.59,-0.89,2.37,0.39,1.92,-0.42,0.55,2,0,0
-0.52,-2.66,-0.01,0.57,-1.54,1.91,-2.31,0.37,2,0,0
-2.14,0.26,1.07,-1.85,-0.51,0.15,0.66,-1.81,2,0,0
-0.34,0.14,0.1,-1.63,1.53,-0.26,0.37,-2.08,2,1,1
-1.56,-1.38,-0.49,-0.78,-0.12,-0.37,1.65,1.36,2,0,0
-1.75,-1.46,-2.31,0.85,-1.07,-0.63,1.62,-0.55,2,0,0
-3.72,2.89,-2.08,1.15,-2.15,-1.26,0.02,-1.68,2,0,0
-2.2,0.39,-0.51,-3.22,1.16,-0.64,2.02,-3.28,2,0,0
0.48,-0.57,-0.7,-2.99,-0.32,-3.52,-0.22,-0.98,2,0,0
1.23,1.31,1.94,-3.43,4.54,-0.62,0.95,-0.49,2,0,0
-0.58,2.57,1.73,0.39,0.5,-1.01,0.72,0.39,2,0,0
1.94,-2.15,-0.57,-1.73,0.07,-3.47,0.31,1.13,2,0,0
-2.81,1.63,0.96,-4.2,1.0,-1.71,2.69,0.41,2,0,0
2.75,-3.61,-0.58,-0.01,-0.25,-1.17,-2.14,1.14,2,0,0
-4.22,2.48,1.67,-1.7,-2.05,-1.69,1.93,4.25,2,0,0
-4.69,6.04,0.59,0.44,-0.27,-0.45,1.4,-1.18,2,0,0
-0.48,1.25,0.43,-1.29,0.8,-1.26,-0.27,0.85,2,0,0
1.23,-3.26,-3.3,0.98,0.24,0.14,-2.04,-1.82,2,0,0
0.42,3.23,0.69,-2.43,1.24,-3.54,-0.75,0.69,2,0,0
-1.18,1.29,-1.92,-0.13,-0.16,-0.67,-1.2,-0.4,2,0,0
2.19,-3.28,-2.35,-0.74,2.03,0.09,-1.55,-2.13,2,0,0
0.79,-1.77,-0.46,0.07,-1.47,-1.3,-2.2,-0.48,2,0,0
0.11,1.07,0.43,1.17,1.22,1.67,-1.61,-2.6,2,0,0
-3.49,3.7,0.09,1.12,-2.02,-1.09,0.54,-1.66,2,0,0
1.01,-2.54,1.33,1.12,-0.99,1.13,-1.98,-0.68,2,0,0
-3.01,-1.62,-0.42,0.46,-0.2,1.81,2.64,2.32,2,0,0
-2.08,-1.97,0.67,-1.29,-0.49,0.69,1.48,2.85,2,0,0
0.2,-1.51,-1.08,2.73,-1.28,0.66,-1.7,-1.84,2,0,0
-1.91,3.58,1.12,1.76,-2.93,-2.22,-0.89,0.01,2,0,0
-0.82,-2.76,-2.38,1.15,-2.31,-0.04,-0.47,-3.26,2,0,0
2.9,-4.92,-0.28,2.39,-1.53,0.33,-2.9,1.42,2,0,0
-0.05,-0.66,0.46,-1.94,-1.23,-2.59,-0.47,0.42,2,0,0
-0.05,1.05,-0.51,-0.71,-1.69,-2.24,-2.81,-1.52,2,0,0
-1.09,-0.15,-0.82,-1.19,1.0,0.44,-0.44,-1.4,2,0,0
-0.09,-1.55,0.3,-0.53,2.04,0.77,1.1,3.01,2,0,0
3.01,-2.67,-0.9,2.62,0.81,-0.81,0.37,0.33,2,0,0
0.08,1.24,1.27,-0.68,2.66,1.27,-0.6,0.05,2,0,0
0.43,-0.17,1.32,0.67,-0.9,0.48,-2.4,-2.27,2,0,0
0.58,0.86,2.7,-0.19,1.64,1.87,-1.48,-1.98,2,0,0
-2.38,-1.06,-2.34,0.11,-1.33,-1.22,1.37,2.87,2,0,0
-1.52,-1.84,-1.61,1.81,-1.47,1.01,-0.23,-0.61,2,0,0
0.23,0.96,-0.39,-0.79,1.2,-1.81,-0.11,1.07,2,0,0
-2.64,2.8,3.76,-0.26,-1.56,-0.09,0.67,-1.33,2,0,0
0.24,0.38,-0.61,3.02,0.07,1.4,-2.36,-0.26,2,0,0
-1.53,-2.6,-0.7,-0.04,-0.38,1.88,0.1,0.43,2,0,0
-0.84,1.56,0.4,-1.51,1.59,-1.1,0.71,2.19,2,0,0
-3.52,-1.63,-0.65,-1.45,-2.04,0.46,0.47,0.47,2,0,0
-0.36,3.09,-1.64,-1.42,1.8,-3.24,0.63,-0.88,2,0,0
1.19,-3.65,-1.76,-1.17,2.7,0.82,0.74,0.94,2,0,0
1.58,-0.37,0.01,1.74,2.53,1.26,-0.57,-1.81,2,0,0
0.49,-1.44,-2.15,-0.86,2.11,-0.24,0.12,1.43,2,0,0
-1.24,-0.15,0.27,-0.15,2.19,1.18,2.02,1.46,2,0,0
0.47,-3.69,-3.87,1.41,-0.56,-0.71,0.24,-0.44,2,0,0
-2.66,0.37,-1.37,-0.12,-1.27,-0.37,0.55,-0.8,2,0,0
-1.52,-0.18,0.38,-2.25,-1.87,-2.51,-0.14,-0.24,2,0,0
-0.14,-0.68,-2.73,-1.55,0.35,-2.73,0.62,0.33,2,0,0
-1.58,-1.75,-1.22,-2.35,-1.54,-0.54,-1.68,-1.0,2,0,0
1.14,-1.25,-0.27,0.46,0.89,-1.01,0.65,0.24,2,0,0
0.93,-3.78,1.37,-1.77,1.74,0.83,1.18,3.74,2,0,0
-0.41,0.62,-0.53,0.7,1.52,1.29,-0.99,-2.01,2,0,0
-1.96,-4.88,-1.59,0.55,-2.85,0.54,1.4,1.31,2,0,0
-0.22,-2.34,-1.87,0.18,-0.31,0.18,-0.42,-0.93,2,0,0
-1.22,-1.18,-1.57,-3.97,1.14,-1.81,0.88,1.21,2,0,0
-0.75,-0.97,-0.88,0.79,-1.97,-0.34,-1.4,-1.72,2,0,0
0.85,-0.41,0.71,-1.91,-0.35,-3.06,0.22,0.59,2,0,0
-0.32,1.01,-0.96,-0.58,-0.37,-2.83,-0.16,0.57,2,1,1
0.05,-0.46,-1.46,-0.54,1.11,-1.25,-0.07,1.98,2,0,0
-2.84,-0.56,-2.88,0.65,-1.6,0.64,-1.06,-1.58,2,0,0
-0.99,0.87,1.13,-2.43,0.88,-0.06,-1.07,0.42,2,0,0
1.29,0.28,0.28,-2.41,1.22,-2.76,-0.16,-1.36,2,0,0
-2.54,2.53,-0.46,-0.69,-1.33,-1.98,0.13,-1.41,2,0,0
-1.23,-0.43,-2.92,1.33,0.33,0.95,-1.2,-1.38,2,0,0
0.09,0.34,3.99,-2.02,-1.89,-1.76,-1.24,0.28,2,0,0
0.88,-6.32,-3.78,1.63,-2.12,-0.0,-1.27,0.49,2,0,0
-2.29,0.82,-0.8,-1.47,0.1,-1.15,1.25,0.74,2,0,0
-3.17,-0.82,-0.67,2.67,-0.89,3.8,-0.25,1.05,2,0,0
0.52,-1.42,-2.32,1.49,0.72,-0.26,0.18,-0.78,2,0,0
1.91,-0.38,-2.18,1.53,3.12,0.04,-0.06,0.02,2,0,0
-2.94,0.93,-0.32,-0.35,-0.76,0.08,1.16,-0.35,2,0,0
2.21,-2.12,-1.23,2.76,-1.57,-1.6,-2.17,-0.77,2,0,0
-0.76,-1.71,0.15,-0.76,-2.03,-1.08,-0.42,-1.54,2,0,0
-1.1,3.2,0.69,-3.53,-0.92,-4.29,-0.98,-0.6,2,0,0
-0.41,-3.96,-2.84,-3.15,-0.77,-2.55,1.49,0.3,2,0,0
0.38,3.93,1.82,-1.35,1.08,-2.6,-0.88,-0.12,2,0,0
-1.42,0.47,1.39,0.32,-1.64,-0.75,0.12,1.26,2,0,0
-1.11,-5.35,-2.61,0.8,-2.91,-0.43,1.57,0.45,2,0,0
3.38,-0.23,0.59,0.6,0.85,-1.79,-2.4,-1.66,2,0,0
-2.72,-1.96,-0.08,4.35,-2.66,4.72,-1.2,-3.18,2,0,0
0.55,-0.83,0.71,-0.2,-0.67,0.11,-2.31,-1.38,2,0,0
2.31,-0.46,-0.64,-1.09,1.81,-1.67,-1.58,-0.32,2,0,0
1.23,-0.57,-0.27,0.12,0.88,-1.29,-0.48,1.83,2,0,0
2.39,1.42,-0.03,-2.78,3.13,-3.26,-0.66,0.48,2,0,0
1.8,-1.4,-3.83,0.49,2.85,-1.43,0.63,0.6,2,0,0
-0.52,-3.03,0.39,0.98,-1.1,1.15,0.23,0.21,2,0,0
2.29,-0.53,-1.69,-1.0,3.73,0.36,-1.89,-3.14,2,0,0
-0.29,-1.21,0.73,-0.92,-0.52,-1.14,0.93,2.47,2,0,0
-0.15,0.78,1.31,-1.2,0.31,-1.32,-0.41,1.44,2,0,0
-1.86,0.62,0.89,3.35,-1.18,2.85,-0.71,-3.26,2,0,0
-3.33,2.12,-0.94,-2.06,1.22,-0.64,1.64,2.16,2,0,0
0.98,0.54,-0.8,0.94,3.15,0.86,0.25,-0.35,2,0,0
-1.28,0.94,0.05,0.58,-0.94,-1.37,0.23,2.64,2,0,0
-1.87,-0.96,0.04,-0.27,-3.22,-1.4,-0.62,2.24,2,0,0
1.41,1.36,-1.49,0.76,1.57,-0.28,-3.07,-3.12,2,0,0
-0.28,1.17,-0.35,-2.34,1.3,-2.13,0.91,-1.75,2,0,0
-1.02,1.31,1.52,-0.49,-0.74,-0.04,-1.6,0.72,2,0,0
-2.32,-0.74,-1.73,0.81,-0.55,0.97,0.48,0.86,2,0,0
-2.79,0.63,1.36,-0.07,-3.53,-0.95,-0.31,-0.29,2,0,0
0.96,0.03,-1.31,1.4,2.23,1.24,-1.18,-1.61,2,0,0
-4.49,3.24,0.1,-2.84,-2.87,-2.05,-0.86,-1.66,2,0,0
-1.77,1.86,-1.1,0.04,-0.13,-0.03,-1.61,-1.24,2,0,0
-0.07,-0.51,0.57,-0.64,-1.24,-1.85,-0.37,-0.23,2,0,0
1.56,-3.07,0.12,-0.7,-0.07,-1.33,-0.44,2.1,2,0,0
0.79,1.17,1.37,-1.31,-0.68,-4.5,0.56,0.53,2,0,0
-0.2,-3.32,-1.47,-1.39,-1.08,-1.92,0.83,1.19,2,0,0
-1.6,0.64,-0.16,-2.71,0.26,-2.68,1.97,3.3,2,0,0
0.39,-0.21,1.44,-0.74,-0.8,-1.89,-0.34,0.62,2,0,0
1.56,0.52,-1.51,2.4,-0.55,-1.12,-2.62,-3.5,2,0,0
-3.26,-2.68,0.27,-2.1,-1.75,0.82,1.12,2.44,2,0,0
0.84,-2.55,2.35,-0.15,0.44,1.71,-0.49,0.91,2,0,0
-0.15,1.41,-1.1,-1.44,1.23,-1.54,-1.0,-0.82,2,0,0
-1.92,0.63,-0.66,-2.55,0.52,-0.93,1.1,-1.76,2,0,0
0.09,-3.9,-1.76,-0.96,-0.54,-0.43,0.46,-1.01,2,0,0
1.46,-3.82,-1.19,-1.4,2.07,-1.17,2.01,3.21,2,0,0
-0.7,1.95,0.01,1.01,1.37,1.03,-0.96,-1.45,2,0,0
-0.52,-2.12,-1.29,-1.65,-1.62,-2.79,0.04,2.93,2,0,0
-0.46,0.76,0.89,1.8,-0.19,-1.35,2.49,2.04,2,0,0
-2.4,2.45,-1.56,1.0,0.65,0.8,-0.38,-3.29,2,0,0
1.25,-2.61,-2.07,-0.65,1.52,-0.49,0.04,-2.44,2,0,0
-0.4,0.25,2.19,0.62,-0.53,1.44,-1.45,-2.04,2,0,0
0.38,-2.54,-2.25,2.44,-0.65,1.61,-2.22,-1.59,2,0,0
2.01,-3.39,-2.58,1.23,1.78,1.06,-1.0,-1.72,2,0,0
-2.21,-3.86,-4.52,-4.78,0.7,-0.4,-0.2,2.28,2,0,0
-0.78,-2.75,-3.45,2.02,-1.17,0.45,-1.03,0.76,2,0,0
-4.61,0.31,-0.66,-2.59,0.21,-0.11,4.05,0.37,2,0,0
-2.97,-3.94,-0.1,1.51,-2.4,3.07,1.15,1.36,2,0,0
0.62,1.42,-1.78,0.19,0.86,-1.73,-1.77,-0.12,2,0,0
1.21,-1.39,-1.78,4.92,0.39,2.13,-1.89,-0.5,2,0,0
0.16,-1.47,-0.25,-1.96,-2.94,-4.64,0.04,0.96,2,0,0
0.95,-0.64,2.42,-1.82,-0.4,-1.79,-0.16,-0.09,2,0,0
-2.95,-2.84,-3.95,-0.14,0.39,2.4,0.8,1.12,2,0,0
-1.55,-2.12,2.47,-3.34,-0.04,0.95,0.94,1.17,2,0,0
-1.19,-1.05,0.0,-1.97,-0.64,-0.7,0.06,-0.97,2,0,0
-1.37,-2.22,-0.8,0.48,-0.98,1.44,-0.1,-1.03,2,0,0
-0.21,1.05,-0.09,-1.99,1.55,-1.78,0.3,0.75,2,0,0
-1.8,0.32,-0.01,-1.67,0.75,-0.76,1.7,1.64,2,0,0
-1.57,-0.62,4.31,1.85,-2.17,2.51,-0.31,-0.06,2,0,0
-0.37,1.0,0.13,0.26,1.02,0.73,-1.49,-0.13,2,0,0
-0.48,-0.04,-0.47,2.69,1.02,2.66,-0.88,-1.82,2,0,0
2.42,-0.17,0.08,-0.73,1.63,-1.43,-1.55,-0.87,2,0,0
-0.55,-2.25,-0.71,-0.99,0.43,0.77,-0.27,0.86,2,0,0
-0.59,-0.56,0.78,-2.41,-0.5,-2.6,1.15,2.47,2,0,0
-0.43,-0.18,-0.08,0.73,-2.3,-2.34,0.15,-1.42,2,0,0
0.89,0.85,-0.02,0.8,0.93,-1.67,-0.14,1.23,2,0,0
-0.16,-3.62,-1.07,-0.08,1.49,2.53,-0.48,2.28,2,0,0
-2.21,0.49,0.02,0.36,-0.51,0.81,-0.2,1.68,2,0,0
-0.01,-0.4,1.14,-0.18,0.22,-0.32,-0.18,0.46,2,0,0
0.25,-3.94,-4.97,1.24,0.64,0.09,0.23,0.94,2,0,0
-1.62,-0.93,0.86,0.2,-1.17,0.28,0.37,0.96,2,0,0
1.01,-1.87,-1.52,-1.79,1.02,-1.48,-0.7,1.09,2,0,0
-2.39,-0.58,1.43,0.66,-0.8,2.52,0.07,1.34,2,0,0
-0.58,0.53,1.87,-1.56,-1.54,-2.13,-0.4,-0.63,2,0,0
2.67,0.64,0.8,-0.69,1.28,-1.36,-3.42,0.12,2,0,0
-3.28,5.28,0.28,1.54,-0.24,0.53,-1.28,-0.8,2,0,0
-2.39,1.14,0.85,0.17,-0.24,0.14,1.2,1.57,2,0,0
-0.23,-2.0,-0.0,1.9,-0.62,2.75,-2.02,-1.55,2,0,0
-2.81,1.38,-1.03,-3.03,-0.31,-3.56,3.09,1.19,2,0,0
-1.79,4.09,1.6,-3.05,1.08,-2.0,0.41,-2.64,2,0,0
-1.49,-0.67,0.38,-2.03,1.51,0.59,1.86,1.09,2,1,1
0.85,-2.19,-0.32,-2.79,1.91,-0.29,-0.58,1.83,2,0,0
-2.44,-1.75,-1.59,-1.28,-0.12,0.21,1.68,-0.02,2,0,0
-0.51,0.61,0.78,0.6,0.57,0.8,-0.63,-0.96,2,0,0
1.15,-3.24,0.95,-2.4,0.94,-1.05,0.8,2.82,2,0,0
3.18,0.07,-1.46,1.86,1.97,-0.05,-3.89,-2.84,2,0,0
-1.2,-2.18,-0.46,0.71,-0.7,1.18,0.71,0.64,2,0,0
-1.3,-1.35,-0.44,0.56,-2.42,-0.35,-0.9,0.09,2,0,0
0.21,-2.42,-0.78,0.72,-0.86,0.28,-1.01,0.33,2,0,0
-2.2,-2.24,-2.01,-0.49,-0.4,0.87,0.9,0.34,2,0,0
2.39,0.16,3.12,1.54,2.01,2.42,-2.34,-2.85,2,0,0
0.13,-4.39,-1.97,2.07,-0.75,2.08,-0.93,0.57,2,0,0
-1.61,1.16,-2.64,-0.17,0.19,-1.29,-0.23,-0.66,2,0,0
1.29,-2.21,-2.2,-0.04,1.16,-0.17,-1.32,-0.62,2,0,0
-1.42,-2.02,-0.72,0.36,-0.64,1.9,-0.8,-0.34,2,0,0
-0.67,-2.75,-2.05,2.08,-0.91,1.49,-0.11,-0.43,2,0,0
-2.3,-0.46,0.46,1.35,-1.1,1.33,0.6,1.94,2,0,0
-1.31,0.01,-1.49,-1.47,-0.04,-1.69,0.53,-0.42,2,0,0
-4.03,-0.3,-0.67,-2.71,-0.76,-0.16,2.29,-1.04,2,0,0
-0.81,-0.92,-0.97,0.42,0.18,-0.64,1.19,2.56,2,0,0
-2.24,0.88,-0.93,-1.58,-0.54,-1.33,0.46,0.61,2,0,0
-1.68,2.07,-0.35,-3.23,2.02,-1.04,0.48,-0.84,2,0,0
-0.48,1.91,-0.87,-0.38,1.13,-1.6,-0.18,0.86,2,0,0
-0.74,2.9,0.31,-0.43,-0.48,-2.44,-0.28,-3.13,2,0,0
-0.54,-1.0,0.17,-1.91,0.71,-1.46,1.38,2.53,2,0,0
-1.59,-0.47,-0.29,2.07,-0.27,1.77,0.16,0.19,2,0,0
-0.9,0.91,0.13,-1.96,0.62,-0.73,-0.85,0.38,2,0,0
-1.99,1.24,-2.91,-2.08,1.25,-1.42,-0.08,-0.15,2,0,0
-1.55,1.71,-0.73,-1.96,1.4,-1.4,1.18,-1.11,2,0,0
1.05,3.28,3.13,-1.63,2.09,-1.84,-0.03,0.58,2,0,0
-1.33,2.66,1.14,-0.6,0.97,1.14,-1.38,-3.08,2,0,0
-1.53,-0.66,0.45,-2.43,0.04,-2.27,2.96,4.96,2,0,0
2.3,1.06,-0.67,-1.11,3.69,-1.49,-0.57,-0.51,2,0,0
-1.9,-0.52,1.52,-1.54,-1.77,-0.51,0.05,0.16,2,0,0
0.04,1.36,1.23,-0.07,1.11,-1.25,1.2,-1.95,2,0,0
-1.19,-2.74,-1.87,3.64,-0.54,3.51,-0.74,-0.9,2,0,0
-1.08,0.03,-1.82,0.53,3.12,1.8,1.17,0.22,2,0,0
-3.73,-1.82,-1.5,-3.39,-1.05,-0.43,1.38,0.6,2,0,0
-0.57,0.71,2.59,-0.62,-1.41,-1.78,0.18,1.71,2,0,0
-1.87,-2.43,0.6,1.75,-1.39,2.99,-0.11,-0.11,2,0,0
1.52,-1.49,-0.52,-0.85,1.09,-1.43,-0.15,1.3,2,0,0
1.17,-3.47,-2.22,0.17,1.25,1.19,-1.15,-1.74,2,0,0
0.0,1.71,0.75,0.99,-0.36,-1.19,-0.92,-1.45,2,0,0
2.44,-1.43,-1.73,-0.85,1.81,-2.02,-1.06,0.84,2,0,0
-0.12,2.77,-1.3,-1.7,-0.04,-4.08,-1.76,1.48,2,0,0
0.54,-3.56,-2.58,-1.74,2.03,0.98,-0.83,-0.82,2,0,0
0.33,-2.93,-1.07,2.93,1.01,2.65,0.15,1.97,2,0,0
1.19,2.11,0.77,-1.03,2.36,0.06,-2.92,-0.44,2,0,0
-2.81,1.16,-1.83,0.38,0.14,-0.19,0.75,1.27,2,0,0
-0.27,0.61,-0.12,-2.76,0.48,-2.51,0.03,-0.78,2,0,0
1.92,-2.26,-1.59,0.27,0.38,-0.5,-1.63,-2.87,2,0,0
-0.35,0.73,0.69,-3.66,0.71,-2.12,-0.28,-1.47,2,0,0
-4.06,-0.09,-1.13,1.33,-3.3,2.1,-1.48,-2.74,2,0,0
0.56,0.42,0.1,1.75,0.33,0.96,-2.36,-2.0,2,0,0
-1.72,-1.05,0.38,-0.69,0.32,0.74,1.4,1.85,2,0,0
-2.87,0.2,0.54,2.48,-2.11,1.71,0.27,-0.59,2,0,0
0.64,-0.81,0.25,1.82,1.52,1.76,-0.68,1.87,2,0,0
-0.48,-0.34,0.05,-0.95,-0.54,-1.92,0.66,-0.27,2,0,0
0.65,-3.19,-1.63,2.9,-0.56,1.57,-0.96,-0.03,2,0,0
0.59,-0.55,0.43,-0.93,1.15,0.03,-0.96,-0.29,2,0,0
-3.85,3.39,0.01,1.08,-1.02,-0.11,1.02,-1.17,2,0,0
-0.06,3.26,-0.62,-1.77,3.44,-1.98,0.84,0.91,2,0,0
-3.55,-1.51,0.32,-1.57,-1.45,-0.01,2.88,2.82,2,0,0
1.74,-2.31,-2.21,-1.29,1.49,-0.11,-2.23,-2.84,2,0,0
1.42,-3.18,-1.15,1.67,-0.57,0.18,-0.99,-2.11,2,0,0
0.4,-1.89,-1.62,-1.79,2.24,-0.93,0.91,3.6,2,0,0
-0.15,1.7,0.12,-0.45,0.57,-2.33,0.93,0.09,2,0,0
4.12,-2.03,-1.15,-0.36,1.74,-3.43,-0.42,1.21,2,1,1
1.6,0.65,1.2,1.74,0.76,0.72,-2.48,-1.72,2,0,0
-1.52,-1.51,-0.38,-2.12,1.76,0.42,2.11,1.93,2,0,0
0.1,1.48,-0.95,-0.24,4.3,0.94,0.51,0.38,2,0,0
-2.0,-2.45,-1.43,0.42,-0.83,0.6,1.28,1.13,2,0,0
-3.5,-1.69,0.13,1.64,-2.15,2.5,1.22,0.17,2,0,0
1.71,-0.19,2.92,-1.61,0.68,-0.89,-1.39,-0.97,2,0,0
-0.94,1.36,1.85,-0.92,-1.6,-2.82,0.96,0.66,2,0,0
0.05,2.05,0.46,-1.46,1.51,-1.03,-1.2,0.3,2,0,0
0.7,-0.76,1.21,-2.83,2.36,-0.7,1.14,-0.7,2,0,0
3.01,-2.86,-0.96,0.5,1.77,-0.69,-0.49,-0.75,2,0,0
1.22,-0.54,-1.98,2.82,-1.18,-1.84,-1.25,-0.62,2,0,0
3.65,-0.02,0.58,-0.31,2.93,-0.45,-2.69,-1.18,2,0,0
4.56,-3.48,-5.04,2.44,4.33,0.85,-1.71,-3.15,2,0,0
1.23,0.66,0.56,0.63,1.47,-0.89,0.08,0.18,2,0,0
0.88,-0.95,-1.79,-0.51,2.68,-0.08,-0.47,-0.19,2,0,0
-1.94,-1.69,-1.85,-0.85,-1.54,-0.8,0.03,-0.06,2,0,0
-2.77,1.25,0.08,-1.78,-0.31,-0.39,0.14,2.07,2,0,0
-5.1,1.0,-0.42,-2.91,-2.16,-2.13,2.81,1.74,2,0,0
-3.61,1.26,-2.39,-0.09,-1.73,-1.28,0.72,0.96,2,0,0
-2.91,-1.36,-1.1,0.02,-2.66,0.39,-0.68,-0.17,2,0,0
-0.22,2.2,-0.46,0.36,2.47,0.24,-0.43,-0.27,2,0,0
-1.29,0.49,0.15,-1.25,0.46,-0.94,0.83,2.2,2,0,0
0.69,1.72,1.9,0.85,-1.28,-1.08,-3.25,0.9,2,0,0
0.62,-2.66,-0.63,0.97,-0.57,1.24,-2.4,0.18,2,0,0
5.32,-0.31,0.06,0.05,3.43,-1.5,-3.04,-2.57,2,0,0
-0.66,-3.24,-0.57,-1.9,-0.06,-0.24,0.49,2.76,2,0,0
-1.43,0.81,-0.88,-1.7,-1.17,-2.79,-0.61,1.45,2,0,0
-0.73,0.81,-2.94,-1.71,0.72,-1.54,-1.7,-1.07,2,0,0
-0.02,0.34,-0.02,0.96,-1.21,-0.93,-1.81,-0.6,2,0,0
-0.55,-2.73,-1.58,-2.7,-0.06,-2.06,1.15,2.45,2,0,0
-2.24,0.29,-1.66,-3.49,0.7,-2.9,2.96,0.43,2,0,0
-1.71,3.42,2.93,0.7,-1.82,0.12,-2.4,-0.61,2,0,0
1.2,-1.08,0.19,-1.27,1.29,-0.93,-0.15,-0.22,2,0,0
0.25,0.81,0.54,0.27,-0.54,-2.56,0.71,0.3,2,0,0
-0.68,1.57,-0.74,-2.03,1.89,-2.19,1.62,-0.21,2,0,0
0.69,-1.46,-0.37,-0.19,1.79,1.67,-1.5,-1.23,2,0,0
1.02,-1.31,-2.7,-0.98,2.33,-0.92,0.07,-0.55,2,0,0
-0.37,-2.61,-2.71,-0.9,-0.21,-1.22,-0.26,3.29,2,0,0
0.44,-2.73,-0.88,2.02,-0.18,1.4,-1.06,0.74,2,0,0
-1.21,-2.57,-1.97,-0.8,-0.53,-0.58,0.87,1.38,2,0,0
-2.43,1.86,-0.73,0.39,-0.78,-0.14,-0.8,0.11,2,0,0
-1.73,-0.18,-0.66,0.06,-1.19,-0.41,0.35,-1.51,2,0,0
0.08,-0.49,-0.99,-0.49,-0.34,-2.32,0.1,0.53,2,0,0
0.84,-0.2,-1.08,-0.29,-0.33,-2.52,-0.83,-0.58,2,0,0
0.15,0.4,-0.05,-0.2,1.23,0.22,-1.13,0.3,2,0,0
-2.45,2.21,0.87,-0.38,-0.51,-1.41,1.75,0.53,2,0,0
1.84,2.17,-0.97,-2.45,3.15,-2.69,-1.36,-1.64,2,0,0
0.69,0.34,0.4,-0.42,1.61,-0.53,-0.15,0.58,2,0,0
-1.9,-2.63,-1.83,1.58,-1.25,1.47,0.3,1.59,2,0,0
-3.65,1.88,0.77,-0.24,-0.95,1.52,0.04,-1.52,2,0,0
5.16,1.24,-2.65,0.33,2.43,-4.24,-4.25,-2.79,2,0,0
-0.78,-1.8,-3.72,0.04,0.6,0.5,-1.09,-0.46,2,0,0
1.93,-2.06,-2.29,0.2,0.81,-1.52,-1.81,0.48,2,0,0
2.52,-4.93,0.67,-0.19,0.57,2.6,-3.23,-1.05,2,0,0
0.08,0.99,0.03,-1.23,1.7,-0.74,-0.57,0.06,2,0,0
-0.17,0.43,3.32,-1.72,0.29,-1.47,1.53,2.87,2,0,0
-4.83,0.08,-0.13,1.85,-2.29,2.44,1.18,1.1,2,0,0
-2.25,-0.1,1.58,0.17,-2.27,0.68,-0.7,0.23,2,0,0
-1.62,1.55,1.25,-1.56,0.38,-0.04,-0.34,-0.64,2,0,0
1.44,-0.07,-0.01,2.14,1.11,1.23,-2.05,-0.45,2,0,0
-0.87,-0.27,-0.15,-1.32,-0.5,-1.25,0.02,-0.02,2,0,0
-2.02,2.43,0.38,1.74,-1.36,-0.4,-0.56,0.73,2,0,0
-0.3,-4.97,-3.36,-0.7,1.33,1.1,1.55,2.06,2,0,0
0.82,0.2,1.49,-1.96,1.65,-1.66,0.66,1.64,2,0,0
0.68,-2.82,-1.23,0.43,0.27,1.04,-1.38,0.22,2,0,0
0.59,-0.96,-2.11,3.33,-0.66,0.85,-2.47,-2.15,2,0,0
3.27,-4.34,-2.67,1.09,5.18,3.05,0.39,-3.09,2,0,0
-0.33,0.2,-1.23,-1.57,2.18,-0.43,0.49,-0.92,2,0,0
1.27,-4.04,-0.44,0.74,0.57,2.64,-1.84,-1.88,2,0,0
1.02,-2.11,-0.39,-0.29,0.33,-1.01,-0.22,1.65,2,0,0
1.98,-0.86,1.07,1.07,3.48,2.82,-0.72,-2.51,2,0,0
-0.18,-2.63,-1.59,-1.17,-0.67,-0.78,-0.38,-0.82,2,0,0
-1.46,-2.94,-3.04,2.15,0.98,3.93,-0.51,-0.64,2,0,0
1.37,-3.11,-0.73,0.95,2.25,1.28,1.3,0.39,2,0,0
-2.4,3.92,-1.63,-0.03,-1.46,-2.49,-1.55,-0.82,2,0,0
-2.69,-3.17,-0.24,-1.5,-0.85,1.74,0.99,1.49,2,0,0
2.16,-6.42,-1.25,0.33,-0.42,0.82,-1.08,1.33,2,0,0
2.3,-3.99,-2.52,0.56,-0.02,-0.51,-2.37,-0.89,2,0,0
-0.5,-4.25,-1.08,-0.84,-0.82,0.46,0.03,1.24,2,0,0
-1.42,0.1,-0.42,-0.35,0.17,0.5,0.03,-0.61,2,0,0
-1.15,0.93,-1.11,-0.03,-0.55,-0.83,-1.64,1.3,2,0,0
-0.56,3.14,1.57,-1.31,2.55,-1.16,1.54,0.17,2,0,0
-2.5,0.35,0.26,-0.72,-1.35,-1.14,1.32,0.96,2,0,0
1.84,0.11,-0.7,-0.12,0.61,-1.79,-1.72,-1.72,2,0,0
-1.03,3.41,-3.77,-2.21,2.47,-3.97,0.89,0.31,2,0,0
-1.28,-0.78,-1.46,1.69,0.47,3.06,-2.01,-0.66,2,0,0
4.26,-0.23,-0.61,-0.17,1.52,-3.18,-3.07,-0.9,2,0,0
3.19,-3.37,0.99,-0.87,1.05,-0.78,-0.77,-0.26,2,0,0
-1.97,4.18,0.28,0.97,-0.79,-1.52,-0.64,-1.01,2,0,0
0.05,-3.31,-2.39,-2.25,-0.28,-0.76,-0.98,-1.75,2,0,0
-4.15,-0.17,0.87,-1.6,-3.53,-0.91,0.67,1.05,2,0,0
0.11,-2.08,-2.48,-1.06,0.96,-0.58,-0.27,0.78,2,0,0
-0.95,-2.71,-0.59,-0.03,-2.17,-0.33,-0.19,0.59,2,0,0
-2.0,0.23,0.65,2.17,-2.24,1.06,-0.84,-0.17,2,0,0
0.51,-1.2,-1.58,-1.05,0.54,-1.99,0.97,-2.21,2,0,0
-0.47,0.52,2.06,1.38,-1.15,0.45,-0.38,-1.53,2,0,0
-2.02,0.92,2.03,0.1,-1.4,-0.8,1.24,2.89,2,0,0
-3.52,2.08,1.43,2.39,-2.93,0.52,0.22,-0.68,2,0,0
-1.59,2.96,1.19,-4.25,1.39,-3.34,1.91,2.49,2,0,0
-1.35,-0.49,0.2,-0.95,-0.19,0.17,-0.11,-0.28,2,0,0
0.29,-0.44,-0.39,-0.35,0.32,-1.34,-0.05,-0.02,2,0,0
-4.62,5.07,2.85,-0.75,-2.65,-1.56,1.09,-0.29,2,0,0
-0.7,0.39,2.61,-0.18,1.1,3.42,-2.45,-0.07,2,0,0
-1.91,2.08,-2.01,-1.78,2.37,-1.1,1.2,-0.21,2,0,0
1.47,-2.98,-0.89,-0.42,-0.16,-0.81,-1.23,-0.12,2,0,0
-1.44,-2.11,1.3,-1.93,-1.23,0.24,0.76,0.98,2,0,0
4.7,-3.69,0.94,0.41,2.98,0.56,-0.92,-0.66,2,0,0
-2.28,0.73,-0.39,-2.7,-2.11,-4.19,1.32,0.99,2,0,0
-0.83,2.88,0.69,-0.11,1.49,0.42,-1.54,-1.67,2,0,0
-0.11,-2.76,-2.77,1.52,-1.3,0.77,-1.87,-1.87,2,0,0
-0.76,3.08,-0.54,-1.15,1.31,-1.83,-0.47,-0.46,2,0,0
0.83,-0.04,0.13,1.23,1.81,1.03,-0.76,0.52,2,0,0
-1.39,0.38,-0.92,3.14,-0.53,2.57,-1.77,-3.22,2,0,0
1.85,1.73,0.54,-0.63,1.47,-2.83,-0.85,-1.05,2,0,0
1.95,-2.42,0.18,1.16,1.54,1.79,-1.6,-1.05,2,0,0
0.41,-2.32,-1.12,0.34,0.77,1.14,-0.9,0.3,2,0,0
-1.55,-0.29,-1.18,-1.26,-0.78,-2.31,1.31,0.52,2,0,0
-0.49,1.1,-2.0,-0.63,1.56,-0.48,-0.9,-1.76,2,0,0
2.35,-2.31,-3.21,-0.27,1.33,-1.81,-1.44,2.6,2,0,0
1.05,-0.73,-0.61,0.18,1.2,-0.56,0.12,-1.5,2,0,0
-1.87,-1.94,-1.08,0.12,1.76,3.28,1.51,-0.29,2,0,0
-0.39,2.63,-0.01,-0.64,2.0,0.08,-1.34,-1.68,2,0,0
0.71,-1.89,-2.32,1.36,1.07,2.04,-2.65,-2.68,2,0,0
0.62,-3.05,-2.9,-0.58,-0.82,-0.97,-1.93,-0.63,2,0,0
-1.35,2.25,0.08,-1.61,0.46,-1.31,-0.32,-0.45,2,0,0
-0.33,-1.87,0.42,0.03,0.72,0.71,1.18,2.09,2,0,0
-0.77,-1.86,-0.51,1.06,0.48,1.51,0.73,1.47,2,0,0
-1.36,0.82,-1.01,2.74,1.02,2.62,-0.54,-0.8,2,0,0
-1.58,0.33,-1.22,1.22,-2.22,-0.49,-1.06,-2.88,2,0,0
-1.89,-0.19,1.11,0.72,-1.55,0.61,0.16,1.09,2,0,0
0.59,-1.17,-0.6,0.76,1.92,0.94,-0.08,0.88,2,0,0
1.46,-1.37,-0.49,1.02,2.8,0.46,0.74,1.62,2,0,0
-1.99,-2.29,-3.17,1.21,-2.46,0.49,-1.28,-2.06,2,0,0
0.38,-0.63,-0.55,-1.09,1.0,-1.13,-0.11,0.08,2,0,0
3.62,-1.92,-0.39,-0.05,2.64,-0.57,-1.37,-0.28,2,0,0
-0.83,-4.96,-3.66,2.19,-1.98,1.83,-1.26,0.38,2,0,0
1.72,-2.9,1.09,-2.38,0.81,-0.06,-1.64,-0.23,2,0,0
-0.6,2.08,2.61,-1.88,-0.37,-1.57,-1.2,1.73,2,0,0
-2.36,-0.01,-1.76,-0.24,-1.37,-0.53,0.02,-0.45,2,0,0
-0.55,-0.56,-0.17,-1.56,-0.47,-1.6,-0.14,-0.01,2,0,0
-2.89,-0.77,0.01,-0.27,-1.0,0.44,2.1,-0.26,2,0,0
1.16,-3.4,-0.44,-0.51,2.63,2.42,-0.3,-0.6,2,0,0
-0.92,0.95,-0.09,2.28,0.16,0.54,0.64,-1.11,2,0,0
2.16,-2.54,0.12,0.24,0.59,-0.51,-1.46,2.14,2,0,0
-4.09,1.82,0.54,-2.2,0.98,0.05,2.95,2.47,2,0,0
0.1,-2.35,-0.66,-0.26,-1.88,-1.56,-0.02,0.37,2,0,0
-1.21,-0.1,-0.59,-1.46,-0.89,-1.79,-0.01,0.68,2,0,0
0.76,-0.12,3.03,-0.33,0.21,-0.49,0.28,1.1,2,0,0
-2.32,1.7,-0.49,0.15,1.61,1.42,0.38,1.58,2,0,0
0.73,0.01,-0.91,1.1,1.29,0.43,-1.43,-1.21,2,0,0
-1.93,1.76,1.1,-0.24,0.12,-0.8,1.79,0.67,2,0,0
0.5,0.37,2.07,-0.27,1.12,0.61,-1.19,0.75,2,0,0
-0.02,1.38,-0.76,-2.37,1.95,-1.96,-0.05,-1.41,2,0,0
-5.81,2.03,0.27,2.08,-2.22,1.11,3.55,1.19,2,0,0
-3.22,1.74,0.42,-0.14,-0.19,0.59,1.3,-1.19,2,0,0
-0.33,0.4,0.47,-0.66,0.74,0.16,-0.88,0.59,2,0,0
1.62,-0.24,-0.53,-2.51,2.31,-2.6,0.23,0.57,2,0,0
-0.29,-1.45,-1.77,0.31,-0.9,-1.16,-0.46,-0.45,2,0,0
2.11,-0.62,-1.86,1.04,1.7,-0.82,-1.74,-0.51,2,0,0
-0.66,1.03,-0.25,-0.8,1.86,-0.2,0.82,-1.32,2,0,0
2.47,-6.17,-0.84,0.02,-1.05,0.2,-1.17,-1.75,2,0,0
-2.6,-0.79,0.67,-2.58,-1.6,-1.2,1.89,-1.49,2,0,0
0.44,-0.62,2.16,0.84,0.43,1.29,-0.64,0.4,2,0,0
-2.16,3.14,3.54,-4.27,1.29,-1.01,0.9,0.57,2,0,0
2.51,1.46,0.31,0.63,0.11,-2.86,-1.24,-4.51,2,0,0
-2.79,1.65,2.34,-1.59,0.67,1.48,0.32,1.14,2,0,0
-3.35,2.39,1.09,-1.81,-0.78,-0.1,-0.15,-0.37,2,0,0
0.0,0.79,0.61,-2.14,1.38,-1.31,0.34,-1.16,2,0,0
1.52,-0.88,0.26,-0.74,0.95,-1.1,-0.85,1.78,2,0,0
2.26,-4.22,-1.93,0.94,1.18,1.46,-1.86,-0.75,2,0,0
0.29,0.05,2.74,0.41,0.94,1.83,-0.75,-0.31,2,0,0
0.82,2.82,4.04,-1.17,2.27,-0.92,0.35,1.15,2,0,0
0.94,-3.63,-2.51,0.08,1.01,1.88,-2.11,-1.53,2,0,0
1.14,-1.26,-1.77,-1.51,2.96,-1.05,0.65,2.57,2,0,0
0.4,-1.36,-1.91,2.19,0.56,1.76,-1.69,-2.84,2,0,0
-0.78,-2.18,-2.3,0.32,0.46,1.47,-0.43,-2.43,2,0,0
-5.98,-0.82,-2.65,-0.7,-2.11,1.94,0.68,1.13,2,0,0
-1.45,-1.58,0.83,2.33,-3.78,0.8,-1.86,-0.61,2,0,0
0.52,-2.13,0.74,-0.63,-0.1,-0.48,0.35,1.69,2,0,0
0.32,-2.09,-1.54,-0.9,0.55,-1.39,0.96,1.56,2,0,0
-0.24,-1.35,-1.94,-0.53,1.5,0.72,-0.4,0.61,2,0,0
-1.69,0.25,0.11,-0.49,-1.02,-0.43,-0.06,0.76,2,0,0
3.04,1.78,1.34,-2.63,3.81,-2.49,-1.26,-0.16,2,0,0
-1.46,0.08,-2.04,-1.47,0.79,-1.67,1.1,1.0,2,0,0
-0.72,-3.12,-2.05,2.21,-1.92,1.18,-1.75,0.77,2,0,0
0.46,0.76,1.6,-3.52,0.62,-3.81,1.3,2.12,2,0,0
-1.71,-2.31,-1.32,-0.45,-0.41,1.31,0.1,-1.17,2,0,0
0.24,2.07,-1.4,1.74,-0.09,-2.02,-0.75,0.51,2,0,0
-0.12,1.07,-0.17,-0.41,-0.18,-0.39,-3.12,-0.95,2,0,0
1.24,0.78,-1.42,-1.01,2.45,-0.7,-2.1,-1.16,2,0,0
0.33,-1.48,0.09,-0.13,1.81,1.84,-0.79,0.13,2,0,0
-2.67,0.14,1.01,-2.67,-0.74,-0.71,1.31,-0.19,2,0,0
-0.24,-2.81,-1.65,-0.28,-2.31,-2.01,-0.21,-0.02,2,0,0
2.18,-1.28,-1.22,1.22,-1.01,-2.1,-2.54,-0.41,2,0,0
-0.15,1.36,-0.62,0.11,3.97,2.01,0.2,-1.35,2,0,0
-0.31,4.72,1.99,-2.49,1.68,-3.19,-0.1,1.78,2,0,0
-0.95,0.24,-0.84,-0.75,0.91,0.58,-0.51,-1.57,2,0,0
-3.66,2.58,0.11,-0.13,-4.69,-1.7,-2.18,-3.35,2,0,0
-0.75,-0.77,-0.83,1.18,0.21,1.07,-0.3,-0.81,2,0,0
1.3,-2.3,0.28,-0.11,0.53,-0.63,0.36,1.68,2,0,0
-2.04,-1.54,0.68,-1.96,-1.2,0.24,0.7,-0.31,2,0,0
1.12,2.11,0.43,1.37,-1.29,-2.36,-2.97,-1.18,2,0,0
-1.5,-2.11,-0.54,-1.83,-1.15,-0.81,0.69,1.27,2,0,0
-3.02,0.76,-0.81,0.17,-0.99,0.04,1.11,-0.59,2,0,0
-0.68,-1.25,-0.32,2.23,-0.86,2.31,-1.66,-3.11,2,0,0
-0.53,1.39,-0.38,-1.69,1.91,-1.28,0.4,0.45,2,0,0
-2.5,-6.88,-1.55,-0.38,-5.79,-0.44,0.77,1.21,2,0,0
-1.19,-0.61,-0.26,-2.23,3.32,0.75,2.15,3.13,2,0,0
0.07,-3.4,1.01,0.84,-0.51,2.15,-1.0,2.12,2,0,0
-0.8,-0.37,-3.12,0.32,2.05,0.76,0.47,-0.91,2,0,0
-1.29,-2.75,-2.37,2.23,-3.75,0.33,-2.41,-0.5,2,0,0
-1.56,1.17,0.57,-1.29,-0.54,-2.67,1.83,1.39,2,0,0
-0.46,0.41,0.86,-0.33,-0.58,-0.96,-0.2,-1.85,2,0,0
0.53,0.14,-0.42,0.06,0.19,-0.93,-1.21,-2.32,2,0,0
0.98,1.4,0.9,-0.08,-0.4,-2.28,-1.04,-2.73,2,0,0
-0.59,2.89,2.24,-0.23,1.46,-0.68,1.23,0.49,2,0,0
-3.96,3.57,0.6,-3.69,-0.34,-3.46,2.58,1.67,2,0,0
1.04,-3.59,-1.25,3.42,-0.46,2.64,-1.94,-1.29,2,0,0
-2.72,-0.35,0.95,-0.83,-0.95,1.28,0.26,-0.21,2,0,0
1.15,-4.97,0.47,-1.41,-1.14,-1.19,0.71,1.37,2,0,0
-1.96,3.96,0.59,-0.54,0.48,-1.72,0.43,-0.06,2,0,0
-5.68,4.09,4.24,-2.43,-1.39,-0.01,2.55,1.11,2,0,0
-0.76,-2.51,-1.67,-0.15,-1.54,-0.91,-0.39,0.69,2,0,0
-4.09,1.51,0.77,-2.72,-1.55,-1.24,1.67,1.01,2,0,0
-2.82,3.61,1.19,-1.24,0.7,-1.14,1.73,1.44,2,0,0
1.42,-1.48,-0.26,0.22,0.87,0.47,-1.54,-1.43,2,0,0
0.67,-2.73,0.13,0.93,-0.45,0.05,0.68,1.24,2,0,0
-0.29,1.92,-0.77,-7.09,1.71,-4.12,-1.79,-0.04,2,0,0
-2.13,2.67,0.2,0.24,-2.82,-1.92,-1.43,-2.12,2,0,0
0.15,0.55,-1.88,-0.03,0.77,-1.23,-0.64,-2.32,2,0,0
-2.18,0.58,0.83,-1.01,0.91,1.88,-0.25,0.51,2,0,0
1.23,0.97,1.64,-1.39,1.86,-0.68,-0.91,0.46,2,0,0
-1.53,0.37,-1.99,-0.38,1.51,-0.36,1.48,1.5,2,0,0
-1.4,-3.73,0.35,1.32,-1.36,3.3,-0.17,-0.42,2,0,0
-0.23,0.82,-0.27,-0.08,0.07,-0.26,-0.18,-0.13,3,0,0
-0.81,-1.03,0.37,2.85,0.75,-3.17,-0.58,-0.51,3,0,0
-0.13,-0.77,1.27,-0.9,0.52,-1.43,-0.52,-1.59,3,0,0
-1.3,-0.76,1.58,3.15,0.92,-1.76,-1.56,-1.85,3,0,0
-3.09,-0.21,1.45,0.1,0.09,-0.67,1.71,-3.74,3,0,0
0.18,-0.44,0.61,2.13,-0.25,-0.76,0.65,0.49,3,0,0
-1.14,1.25,-2.26,-1.86,1.12,2.61,-0.63,1.41,3,0,0
-1.06,0.19,-0.08,1.52,0.4,0.42,0.11,-0.06,3,0,0
0.08,2.91,-1.72,1.92,-1.86,2.38,0.51,0.59,3,0,0
0.19,-0.75,1.33,-1.62,1.07,-2.32,-1.35,-1.62,3,0,0
-0.34,0.66,-0.92,0.3,1.91,0.05,-2.87,0.95,3,0,0
-2.23,1.51,0.02,0.44,-0.64,1.64,-0.19,-3.16,3,0,0
-1.79,0.61,0.37,-0.76,0.53,1.51,-0.73,-2.04,3,0,0
0.26,-1.97,0.7,1.39,0.79,-3.63,0.54,0.54,3,0,0
-1.52,0.9,-1.0,-1.22,0.96,0.88,-0.08,-0.18,3,0,0
2.29,0.81,1.92,5.79,0.27,-2.81,-2.75,1.4,3,0,0
-1.95,-1.19,0.77,1.09,1.15,-1.61,0.09,-1.58,3,0,0
0.82,1.0,-1.26,-4.35,-0.1,-0.44,-0.62,-0.28,3,0,0
-3.04,-2.73,-1.68,-0.96,2.1,0.81,1.86,1.27,3,0,0
-1.12,-0.69,0.18,0.67,1.12,-0.07,0.3,-0.01,3,0,0
0.66,0.11,0.49,1.67,-0.13,-0.66,-0.41,0.5,3,0,0
-0.93,-2.59,0.36,0.2,0.59,-2.09,1.72,-0.18,3,0,0
-0.62,0.32,0.27,1.37,-0.07,-0.14,-0.06,-0.42,3,0,0
1.08,-0.9,1.51,0.9,-0.84,-0.42,0.31,-0.49,3,0,0
-3.83,-1.41,1.14,-1.54,0.92,-2.04,1.14,-4.7,3,0,0
0.2,1.93,1.38,-0.77,0.32,0.78,-2.51,-2.19,3,0,0
-1.6,-2.23,0.56,-0.57,2.07,-1.82,-0.39,-0.67,3,0,0
1.41,0.05,0.98,0.89,-0.46,0.87,0.9,1.65,3,0,0
-0.42,-3.25,2.63,2.66,0.14,-2.14,1.81,-0.4,3,0,0
0.32,0.18,0.03,0.85,0.24,-0.49,-1.17,0.07,3,0,0
-0.2,-1.24,-0.38,-2.71,-0.29,-0.26,0.99,-0.82,3,0,0
-0.05,0.9,-1.46,-0.66,-0.82,1.4,0.92,0.65,3,0,0
0.64,-1.67,0.65,0.06,0.17,-0.41,1.1,1.17,3,0,0
-0.94,-1.18,0.03,-2.9,0.41,0.06,1.71,-1.0,3,0,0
-1.72,-2.15,0.01,-0.96,2.38,-2.12,-0.18,-0.49,3,0,0
0.96,0.55,0.56,-0.0,1.48,1.39,-1.99,1.5,3,0,0
-0.86,1.97,0.59,-0.7,0.51,0.65,-1.86,-2.47,3,0,0
-1.0,-0.4,0.09,-0.7,-1.39,0.82,2.72,-1.13,3,0,0
-0.07,1.47,0.02,0.99,0.36,-0.08,-1.13,-0.02,3,0,0
-2.63,0.18,-0.96,-1.7,1.22,0.24,-0.72,-2.1,3,0,0
-0.3,-0.8,-1.57,0.23,0.81,-0.23,0.03,1.85,3,0,0
0.19,1.83,-0.46,0.58,-0.51,1.66,-0.52,0.33,3,0,0
0.65,-0.51,0.76,-0.98,1.36,-1.86,-1.23,0.02,3,0,0
1.18,1.98,-1.34,-2.07,-1.36,2.12,1.76,1.67,3,0,0
0.81,0.22,1.91,3.9,0.2,-0.47,-1.11,0.47,3,0,0
-0.46,-2.25,0.12,-1.64,1.4,-2.28,0.35,-0.05,3,0,0
2.25,1.46,1.07,0.63,-0.77,-0.69,-1.81,-0.23,3,0,0
-2.37,-1.02,0.21,-3.0,1.49,-0.73,0.27,-2.54,3,0,0
1.72,0.43,2.66,0.79,-0.6,-0.99,-0.8,-1.15,3,0,0
-0.64,1.64,-2.78,-4.26,0.26,2.76,-0.18,0.73,3,0,0
0.45,-0.11,-1.32,1.1,1.59,1.73,-1.81,3.47,3,0,0
3.81,3.55,-0.63,1.49,-0.7,0.19,-2.51,3.4,3,0,0
0.25,1.12,-0.4,-4.33,-0.16,1.03,-1.44,-1.97,3,0,0
2.31,-0.42,0.08,-0.4,-0.04,-0.63,-1.15,1.51,3,0,0
0.6,1.82,0.81,0.34,-0.07,1.63,-1.04,-0.29,3,0,0
-0.94,-0.21,-0.75,3.24,1.34,0.9,-0.07,2.74,3,0,0
-1.44,-2.03,0.36,1.01,2.22,-0.62,-0.04,0.88,3,0,0
-1.5,-0.79,-1.18,0.42,0.7,0.47,1.49,0.92,3,0,0
-0.08,-0.34,1.37,-2.59,-0.51,-1.31,0.43,-2.83,3,0,0
0.66,0.7,0.11,-2.14,-0.8,-0.54,-0.5,-1.89,3,0,0
-2.16,-0.79,-1.98,-1.7,0.93,1.46,0.6,0.1,3,0,0
-1.46,-0.89,-0.36,0.96,1.3,1.1,0.15,0.86,3,0,0
-0.21,-1.57,1.71,1.78,0.69,-1.33,1.01,0.35,3,0,0
0.23,0.11,0.02,-2.88,-0.78,0.17,2.03,-0.37,3,0,0
0.52,-2.65,2.99,2.95,-0.27,-4.28,0.17,-2.08,3,0,0
0.76,0.02,-0.4,0.38,1.44,1.11,-1.62,2.32,3,0,0
2.65,0.05,1.22,-0.32,-1.43,-1.34,-0.16,-0.21,3,0,0
0.57,2.67,1.13,0.47,-2.89,1.12,2.54,-1.46,3,0,0
-1.39,-1.64,-1.01,0.57,0.57,-1.07,2.91,1.47,3,0,0
2.41,-1.69,-0.11,-1.24,-0.97,-1.72,1.58,1.86,3,0,0
0.65,0.73,-0.99,-2.63,0.36,0.65,-1.93,-0.16,3,0,0
-0.22,-0.28,-0.85,-0.02,0.67,-0.39,-0.38,0.49,3,0,0
0.67,-1.06,0.51,-1.67,0.1,-2.34,0.74,-0.36,3,0,0
1.09,-0.38,1.38,2.07,-1.76,-2.09,2.17,-0.32,3,0,0
2.16,-0.63,0.43,1.47,-0.43,-2.18,0.32,2.09,3,0,0
0.46,1.93,-0.52,0.41,-2.47,1.91,1.66,-0.45,3,0,0
-0.24,-0.3,0.2,-1.75,-0.63,-1.53,0.36,-2.31,3,0,0
0.29,-0.06,-0.39,2.1,0.91,0.91,-1.18,2.14,3,0,0
-0.01,-1.01,1.23,-1.33,-1.48,1.38,3.18,-0.8,3,0,0
0.29,-0.27,-1.61,-0.6,0.52,0.52,-0.09,2.1,3,0,0
-1.47,2.77,-1.04,-5.16,-1.19,2.57,0.34,-3.19,3,0,0
-1.25,-1.5,2.38,-2.08,-0.17,-2.61,1.56,-4.21,3,0,0
0.21,1.38,-0.52,1.85,-0.62,1.42,-0.07,0.92,3,0,0
-1.3,-1.59,0.16,0.21,-0.2,0.13,2.75,-0.13,3,0,0
-2.52,-0.33,0.49,-0.74,1.85,0.65,-1.8,-2.54,3,0,0
0.98,0.44,-1.03,1.72,-1.05,1.61,1.68,2.89,3,0,0
-1.29,2.13,0.96,1.81,0.13,1.69,-1.74,-1.97,3,0,0
-0.49,2.68,-1.92,-3.44,0.71,2.67,-2.45,-0.74,3,0,0
1.06,1.03,-1.63,-1.84,0.46,-0.5,-0.83,1.81,3,0,0
-0.41,1.21,-0.71,-0.48,-0.7,0.43,0.65,-0.42,3,0,0
0.95,-0.67,-0.66,0.51,1.51,-0.71,-1.17,2.67,3,0,0
0.01,1.06,-0.93,1.84,0.24,1.18,-0.72,1.67,3,0,0
-0.43,-0.97,-0.13,-5.84,0.8,-0.74,0.56,-1.79,3,0,0
-1.84,-1.41,0.79,1.28,1.92,-1.04,-0.55,-0.5,3,0,0
0.06,-1.55,1.61,1.01,0.57,-2.11,0.06,-0.28,3,0,0
-1.1,-0.24,-1.7,-2.08,0.2,0.06,0.88,0.04,3,0,0
0.94,1.35,-0.06,-0.86,0.76,-1.54,-2.66,-0.43,3,1,1
2.72,0.41,-1.91,-6.16,-1.82,0.57,2.08,1.4,3,0,0
0.49,3.98,-1.43,-1.11,-0.21,1.08,-2.1,-0.11,3,0,0
1.93,-0.9,2.71,2.74,-1.54,-1.99,1.16,-0.23,3,0,0
3.27,-0.68,3.12,1.1,-3.4,-2.98,2.28,-1.59,3,0,0
1.0,-0.02,-0.95,-2.71,-0.34,-1.41,1.48,0.75,3,0,0
-2.91,-0.32,-0.22,0.61,-0.48,-0.35,2.05,-2.62,3,0,0
1.04,-2.03,1.8,2.64,-0.53,0.2,2.45,2.36,3,0,0
-0.17,-1.06,1.04,-0.49,-0.07,0.07,2.04,-0.11,3,0,0
0.68,-1.69,2.12,1.04,0.45,0.84,-0.21,0.47,3,0,0
1.29,0.53,2.05,-0.52,-1.24,-3.44,-1.31,-3.56,3,0,0
1.11,0.88,0.64,-0.63,-0.85,0.58,-0.43,-0.56,3,0,0
0.22,-2.9,1.84,-0.22,-0.65,-1.38,2.56,-0.57,3,0,0
0.86,-0.13,1.82,1.73,0.39,-1.73,-1.88,-0.88,3,0,0
-0.39,-0.72,-2.35,-2.39,2.28,0.91,-1.56,2.14,3,0,0
2.4,1.13,1.26,1.05,-1.09,0.55,-0.49,0.41,3,0,0
-0.53,-1.84,1.24,2.55,0.55,-0.23,0.55,0.48,3,0,0
-1.26,-0.15,0.35,-1.15,-2.32,0.09,3.77,-2.82,3,0,0
-1.82,-1.87,0.42,-0.71,0.63,-0.33,2.29,-0.72,3,0,0
2.02,1.07,1.38,3.2,-1.36,-0.85,-1.06,0.02,3,0,0
0.12,0.45,-0.56,-1.81,0.72,-1.76,-0.78,-0.26,3,0,0
1.98,0.81,-1.12,-0.38,-0.75,1.55,0.17,2.6,3,0,0
-3.99,1.36,-0.2,0.06,0.63,2.83,0.96,-2.36,3,0,0
-0.53,0.94,0.76,0.73,0.52,1.39,-0.75,-0.1,3,0,0
1.71,0.66,2.27,3.4,-0.46,-1.96,-1.4,-0.22,3,0,0
-1.2,-2.87,1.04,2.28,0.46,-1.85,2.2,0.1,3,0,0
0.74,0.36,1.31,-1.42,0.23,-0.1,-1.09,-0.88,3,0,0
0.97,1.62,0.88,-0.59,-0.87,0.17,-0.5,-1.12,3,0,0
-0.43,-0.78,2.37,1.1,-0.14,-0.25,0.26,-2.1,3,0,0
0.56,1.46,1.07,-0.38,0.09,0.67,-1.49,-0.84,3,0,0
-1.16,0.58,-0.1,1.38,-0.35,1.67,1.47,0.21,3,0,0
-0.81,-0.36,-1.03,-0.05,0.9,1.06,0.26,1.26,3,0,0
0.14,-1.88,0.7,2.87,0.63,-3.96,-0.86,-0.09,3,0,0
-0.43,3.73,-0.95,-4.38,-2.51,2.48,1.28,-3.29,3,0,0
0.0,-1.82,2.33,2.93,0.32,-0.63,0.37,0.07,3,0,0
0.19,1.4,0.79,0.79,-1.09,0.2,0.88,-0.8,3,0,0
-0.96,0.45,-3.23,-4.85,1.56,1.01,0.13,1.68,3,0,0
0.11,-0.95,1.17,2.33,-2.22,0.97,3.27,-0.44,3,0,0
0.28,4.74,1.23,-2.04,-1.54,1.99,-1.85,-3.95,3,0,0
-3.17,0.2,2.58,2.32,-0.63,-0.26,1.8,-4.54,3,0,0
2.65,0.45,2.84,-0.34,-1.6,-0.96,0.12,-1.16,3,0,0
1.45,3.07,0.59,-1.27,-1.92,1.37,-0.86,-1.74,3,0,0
3.48,-1.07,1.33,1.3,-2.01,-2.83,0.91,1.24,3,0,0
-0.51,-1.99,1.13,0.87,0.57,-0.04,0.13,-0.34,3,0,0
-0.21,-1.46,1.14,1.39,-0.32,-1.85,0.75,-1.16,3,0,0
-1.6,-0.02,-0.41,-2.8,0.65,0.7,0.61,-1.47,3,0,0
0.65,1.84,-0.13,2.87,0.67,-0.03,-2.8,1.2,3,0,0
0.09,-0.17,-0.95,-1.06,0.22,-0.03,-0.98,0.04,3,0,0
-1.23,-0.98,-0.92,-0.58,1.09,1.05,0.45,1.08,3,0,0
-2.23,-1.99,-0.88,-2.97,1.54,0.13,0.7,-0.91,3,0,0
3.01,2.53,0.3,0.2,-1.72,1.43,-0.81,1.19,3,0,0
0.86,2.08,-1.19,-2.04,1.32,0.79,-1.86,1.58,3,0,0
1.56,1.09,0.93,2.82,-1.46,-1.59,-0.46,-0.18,3,0,0
2.78,2.63,0.73,-2.2,-0.43,-3.09,-2.79,-1.56,3,0,0
1.42,3.0,-1.9,1.47,0.73,3.35,-1.72,4.44,3,0,0
-0.5,1.17,0.25,-0.68,-0.94,1.08,-0.06,-2.13,3,0,0
0.68,1.97,1.31,-0.51,-1.95,0.68,-0.43,-2.76,3,0,0
-0.62,0.34,-1.16,-3.74,-0.91,0.71,2.44,-0.81,3,0,0
2.7,0.08,1.98,0.66,-1.33,-1.83,0.3,-0.05,3,0,0
3.23,3.79,2.24,0.44,-2.04,1.35,-1.72,-1.13,3,0,0
3.16,-0.42,2.97,4.91,-1.0,-0.71,-0.63,2.18,3,0,0
-0.59,-0.25,-1.37,-2.21,1.49,0.36,-0.19,1.26,3,0,0
-0.54,2.39,-1.55,0.07,1.24,0.87,-3.0,0.35,3,0,0
0.5,1.95,-1.55,-0.3,0.58,0.53,-3.05,0.87,3,0,0
2.67,-0.67,2.36,2.04,-0.82,-3.27,-0.04,0.24,3,0,0
0.57,2.24,-0.75,-2.75,-1.42,4.61,0.61,0.14,3,0,0
0.08,-1.43,1.19,-2.08,0.71,-1.42,0.03,-1.25,3,0,0
-0.55,-0.83,0.0,1.41,0.08,1.5,0.81,0.89,3,0,0
-0.98,-2.81,0.48,-3.0,-0.02,-0.29,3.0,-1.08,3,0,0
1.79,-0.65,0.16,0.93,-0.07,-1.2,-0.14,1.78,3,0,0
0.81,-0.21,-0.19,2.88,0.44,-0.35,-0.29,2.64,3,0,0
1.84,0.27,1.75,0.36,-0.13,-1.23,-1.14,-0.38,3,0,0
0.7,-0.32,-1.25,0.67,0.45,0.34,-0.16,2.59,3,0,0
0.13,3.77,-0.16,-0.28,-0.32,4.54,-0.84,0.39,3,0,0
-1.67,0.66,-2.16,-1.3,0.33,1.73,0.18,0.15,3,0,0
-0.1,1.05,1.3,0.59,-0.65,1.64,-0.42,-1.4,3,0,0
1.14,1.62,2.6,0.06,-0.86,-1.29,-0.89,-2.58,3,0,0
1.4,-1.16,0.82,1.32,-0.07,-1.9,0.6,1.26,3,0,0
-2.03,-2.44,-0.71,-2.55,2.23,-0.32,0.3,0.02,3,0,0
-0.28,0.45,-0.1,1.44,-0.97,1.76,2.53,1.04,3,0,0
1.42,0.72,0.17,-0.2,-0.37,-0.67,-0.87,0.11,3,0,0
2.53,-0.4,1.06,2.04,-0.76,-1.69,-0.25,1.51,3,0,0
-0.49,-0.44,-0.14,-0.93,0.71,1.15,-0.14,0.18,3,0,0
0.58,1.01,1.27,0.65,-1.84,-0.05,0.59,-2.04,3,0,0
-0.06,1.47,-3.39,1.02,1.69,0.9,-2.96,3.18,3,0,0
0.7,-0.15,0.66,-2.41,-0.33,-1.28,0.38,-1.15,3,0,0
1.03,0.25,0.93,0.44,1.0,-2.04,-2.17,0.24,3,0,0
0.55,1.86,-1.54,0.39,-0.39,1.43,-0.83,1.5,3,0,0
-1.18,-1.3,1.33,-1.31,-0.22,0.87,1.54,-1.85,3,0,0
-0.67,-1.22,2.08,1.74,-0.72,-2.29,0.91,-2.74,3,0,0
1.32,1.13,0.5,-1.45,-0.41,-0.38,-0.81,-0.68,3,0,0
-2.8,-0.34,-2.19,-4.09,1.62,0.06,-0.32,-1.71,3,0,0
0.64,0.65,-0.5,-3.27,0.27,-0.37,-0.35,-0.29,3,0,0
0.07,-3.63,-0.44,-1.47,2.51,-0.56,-0.81,2.22,3,0,0
2.95,1.19,0.17,3.92,-1.24,0.29,0.82,4.14,3,0,0
0.79,1.35,-0.75,2.19,0.33,-0.22,-0.83,2.18,3,0,0
0.1,1.2,-0.47,-4.62,-0.91,1.39,0.94,-1.51,3,0,0
0.2,-0.11,-0.2,0.76,-0.84,0.21,0.67,0.16,3,0,0
0.92,2.46,0.21,-3.8,-1.97,1.16,0.67,-2.5,3,0,0
0.21,1.03,1.68,0.85,-1.1,-0.54,1.29,-1.27,3,0,0
0.51,3.34,1.02,-0.01,-1.14,2.35,-0.66,-1.36,3,0,0
-0.33,-1.02,0.02,1.35,0.08,1.54,0.46,1.47,3,0,0
0.14,-0.27,-0.84,-2.49,0.5,0.05,0.6,1.12,3,0,0
-0.08,0.51,-0.28,-1.88,0.49,-0.14,-1.25,-1.02,3,0,0
-2.72,-1.57,0.48,-4.11,0.75,-1.88,1.17,-4.27,3,0,0
0.89,-1.75,2.58,1.64,-0.28,-3.23,-0.61,-1.56,3,0,0
1.97,2.65,0.04,-1.01,-2.11,0.68,-0.03,-0.72,3,0,0
1.33,1.39,-0.42,0.58,-1.22,2.65,0.6,1.82,3,0,0
1.1,-0.74,-1.47,-1.91,0.49,-0.07,-0.07,2.24,3,0,0
1.27,-0.85,0.66,5.32,1.1,-1.63,-1.4,2.91,3,0,0
0.65,2.14,-1.62,-1.02,-0.97,2.59,0.14,0.99,3,0,0
1.66,2.28,-0.48,-1.44,-0.76,2.31,-0.69,1.2,3,0,0
-0.63,0.63,-0.78,0.95,0.44,0.15,-0.62,0.21,3,0,0
1.72,-0.91,0.54,-1.69,0.61,-1.09,-0.29,1.25,3,0,0
-0.49,-0.96,-2.48,-5.65,2.29,-1.36,-1.05,0.61,3,0,0
-2.2,-3.42,1.1,-0.01,0.07,-0.84,2.37,-2.28,3,0,0
0.49,-1.72,0.29,2.65,0.94,-1.17,-0.51,1.91,3,0,0
1.59,1.78,0.63,3.09,-2.43,2.41,1.07,1.09,3,0,0
-0.98,-0.95,-0.06,-0.29,0.68,-1.04,-0.82,-1.07,3,0,0
0.1,1.41,-0.72,-0.72,1.05,-0.89,-2.14,-0.07,3,0,0
-0.71,0.63,0.83,1.14,-0.63,2.65,1.2,-0.2,3,0,0
0.93,-0.69,0.22,0.29,-0.51,1.68,-0.08,0.79,3,0,0
-0.81,-1.53,2.02,1.24,0.04,-4.1,0.8,-2.64,3,0,0
0.39,0.25,1.42,0.78,-0.72,-0.91,1.12,-0.9,3,0,0
-2.45,-1.17,0.46,1.65,0.85,0.87,0.84,-1.03,3,0,0
0.01,-1.15,0.07,-2.15,0.89,-0.29,0.05,0.14,3,0,0
-1.87,2.43,-1.6,-0.46,0.88,4.11,-1.69,-0.17,3,0,0
1.94,1.42,-0.56,-1.71,-0.51,0.58,-1.02,0.78,3,0,0
1.04,-0.54,0.02,-0.12,0.57,-1.8,-1.04,0.56,3,0,0
-0.58,2.4,-1.07,-1.89,-0.29,1.9,-0.59,-0.92,3,0,0
-1.37,-0.78,-3.18,-4.91,1.07,0.45,1.7,1.15,3,0,0
1.07,-0.33,0.88,1.01,-1.55,-1.74,1.63,-0.47,3,0,0
0.73,-0.12,-0.48,-0.74,-0.49,-0.71,0.12,0.5,3,0,0
-1.47,-2.95,0.33,-1.92,0.73,-2.51,2.75,-0.85,3,0,0
-1.8,1.31,-0.52,0.88,0.23,0.52,0.36,-1.01,3,0,0
-0.95,-0.52,-0.72,0.16,1.88,0.13,-1.11,1.21,3,0,0
0.89,0.61,0.08,0.86,0.1,-1.59,-1.27,0.27,3,0,0
1.78,0.94,0.21,2.79,-1.0,-0.12,0.53,2.05,3,0,0
1.34,1.52,0.68,0.33,-0.63,1.41,-0.57,0.56,3,0,0
1.56,1.09,0.17,-2.65,-1.01,0.08,0.69,-0.1,3,0,0
0.24,-0.79,1.38,0.44,-1.38,-1.08,1.9,-1.46,3,0,0
-1.62,1.27,-1.02,-2.07,0.28,2.1,0.07,-1.07,3,0,0
-1.05,1.86,-2.24,-5.32,-0.08,2.39,-0.65,-1.8,3,0,0
0.28,1.09,-1.19,-0.73,0.12,1.67,-0.09,1.51,3,0,0
-0.8,-1.01,0.19,-0.69,0.15,0.04,0.39,-0.98,3,0,0
-1.07,-2.78,0.96,0.45,0.46,-1.28,2.36,-0.11,3,0,0
0.13,4.13,-0.74,-3.06,-0.15,1.86,-3.26,-2.23,3,0,0
0.3,-0.07,-0.09,3.66,-0.06,0.38,1.12,2.6,3,0,0
0.43,2.29,0.51,-0.56,-1.47,-0.61,-1.12,-2.86,3,0,0
0.34,0.1,0.46,1.95,-1.41,0.31,1.91,0.4,3,0,0
-1.17,-0.91,-1.16,0.01,2.3,0.26,-2.23,0.85,3,0,0
0.53,-0.26,0.05,-0.42,-0.19,0.34,0.19,0.65,3,0,0
-0.32,1.63,-0.35,1.0,0.73,0.59,-0.54,0.95,3,0,0
3.21,2.07,0.26,-1.78,-0.86,1.37,-0.6,1.82,3,0,0
1.14,2.11,-1.13,1.27,0.27,2.1,-1.71,2.63,3,0,0
-0.8,0.15,0.59,4.42,-0.31,-1.45,-0.31,-0.67,3,0,0
-1.03,-0.03,0.87,2.56,2.24,-0.43,-2.48,0.23,3,0,0
-2.74,0.59,-1.64,-4.43,0.63,1.55,0.61,-2.44,3,0,0
1.41,0.08,1.54,0.15,0.28,-0.48,-1.0,0.06,3,0,0
0.78,0.93,2.48,2.69,0.17,-0.95,-2.94,-1.97,3,0,0
-1.21,-0.63,1.4,-0.12,0.49,-3.03,-0.13,-2.78,3,0,0
-2.19,-1.67,-0.53,-1.47,0.98,1.61,1.66,-0.18,3,0,0
0.7,-0.45,0.3,0.14,0.29,0.08,-0.12,0.81,3,0,0
-1.29,-0.34,-1.83,-3.38,2.03,1.38,-1.06,0.61,3,0,0
-2.27,-2.32,1.04,1.42,0.71,-1.82,1.05,-1.82,3,0,0
-0.27,-0.57,2.0,0.65,1.21,0.12,-1.24,-1.06,3,0,0
-0.19,0.13,0.98,-2.5,1.21,-1.13,-1.15,-1.75,3,0,0
-1.1,-0.18,-0.5,-0.95,2.21,0.54,-1.81,0.33,3,0,0
-0.08,2.52,-1.82,-2.09,0.5,0.06,-2.75,-0.6,3,0,0
-0.74,-1.14,1.32,0.67,-1.04,-1.22,1.93,-1.82,3,0,0
-0.29,1.68,1.61,0.42,-0.29,0.0,-1.43,-2.81,3,0,0
1.09,1.63,-0.19,0.35,0.31,-0.46,-2.99,-0.09,3,0,0
0.12,0.84,-0.8,-1.72,-0.81,0.8,1.35,-0.02,3,0,0
1.57,0.6,-0.56,1.28,0.48,-1.0,-0.66,2.94,3,0,0
-0.66,-1.57,0.65,0.88,-1.83,-0.21,4.84,-0.08,3,0,0
1.6,2.11,-1.66,-0.02,0.48,1.61,-1.94,3.2,3,0,0
0.87,-1.13,2.21,-0.19,-0.57,-1.37,0.13,-1.7,3,0,0
-0.64,1.58,0.11,-1.01,0.64,0.97,-1.61,-1.05,3,0,0
-1.15,0.3,-1.5,1.26,0.28,0.89,0.41,1.22,3,0,0
-1.62,-2.34,0.75,-1.09,0.75,-1.62,1.95,-1.41,3,0,0
-0.8,-1.14,0.7,2.19,0.9,-2.16,-0.25,-0.29,3,0,0
-0.81,-0.02,-0.3,-2.35,1.19,-0.32,-2.09,-1.68,3,1,1
0.17,-0.39,1.29,-1.52,0.23,-0.72,-0.87,-1.82,3,0,0
0.74,0.52,0.43,-0.48,0.33,-2.02,-1.26,-0.78,3,0,0
2.02,-0.8,1.09,2.23,0.36,-2.2,-1.13,1.76,3,0,0
1.66,0.82,-0.16,0.9,0.13,0.64,-0.99,2.19,3,0,0
-0.17,-2.06,1.05,0.67,1.43,-1.45,-0.04,0.28,3,0,0
-0.46,1.24,-0.49,-2.04,-0.92,1.74,-0.49,-1.95,3,0,0
0.49,-2.48,0.5,-2.65,0.91,-3.1,-0.6,-1.25,3,0,0
-0.45,-1.6,0.29,0.86,1.81,-2.78,-1.05,0.43,3,0,0
1.38,2.89,1.54,-0.44,-1.61,0.41,-1.13,-2.25,3,0,0
-1.29,-2.72,-1.0,0.42,0.84,-2.32,2.43,1.22,3,0,0
1.55,0.58,1.02,-0.07,0.24,0.05,-1.24,0.56,3,0,0
1.92,-2.72,1.95,3.2,0.92,-2.94,-0.09,2.46,3,0,0
-0.38,0.48,-0.37,-0.88,-1.13,1.31,2.82,0.26,3,0,0
-1.01,-0.47,1.01,0.63,0.33,-0.91,0.29,-1.57,3,0,0
-0.4,-2.17,0.59,0.68,1.58,-2.03,-1.24,-0.19,3,0,0
-0.47,-0.22,-0.56,-2.54,0.46,1.18,-0.66,-0.69,3,0,0
-0.05,0.74,-0.23,0.02,-0.49,-0.18,-0.16,-0.77,3,0,0
0.16,-0.66,0.31,-0.58,-0.58,-1.27,1.92,-0.14,3,0,0
3.51,0.55,1.67,-2.04,-1.67,-1.11,-0.32,-0.53,3,0,0
0.79,0.14,1.25,-1.09,0.44,-1.58,-1.12,-1.18,3,0,0
1.11,1.33,0.31,-0.88,-1.05,0.62,0.19,-0.2,3,0,0
-2.13,0.79,-1.27,-3.52,1.41,1.11,-0.9,-1.78,3,0,0
0.0,1.47,1.5,1.44,-1.11,1.21,0.24,-1.49,3,0,0
-1.96,-1.38,0.03,2.2,2.26,-2.76,-0.95,-0.27,3,0,0
-1.26,-0.41,-1.08,0.9,1.18,1.44,0.14,1.33,3,0,0
-0.67,0.57,0.28,-1.96,0.76,-0.56,-1.16,-2.0,3,0,0
-0.95,-2.05,0.22,-3.68,1.78,-0.26,-0.21,-0.89,3,0,0
-0.06,-0.48,1.68,0.57,0.77,-2.48,-1.35,-1.42,3,0,0
-1.75,1.29,0.52,0.36,-0.47,1.24,0.58,-2.38,3,0,0
0.48,-2.33,2.97,1.02,-0.16,-2.27,1.17,-1.21,3,0,0
-0.07,-0.1,0.06,2.67,1.3,0.15,-2.39,1.08,3,1,1
1.07,-0.33,1.87,0.45,-0.58,-2.22,-0.74,-1.86,3,0,0
1.21,0.54,0.81,0.93,0.36,-0.58,-1.71,0.17,3,0,0
0.53,3.72,-0.63,-1.52,-0.19,2.21,-2.06,-0.34,3,0,0
1.5,1.92,1.21,1.56,-0.97,-0.08,-1.12,-0.47,3,0,0
-1.45,-0.84,-2.89,-1.78,3.24,1.35,-1.73,2.89,3,0,0
-1.28,2.47,-0.81,-2.0,0.34,2.16,-1.34,-1.49,3,0,0
1.14,1.21,-0.82,0.71,0.54,2.1,-2.53,2.16,3,0,0
-0.19,-1.35,0.94,1.8,1.1,-0.51,0.29,1.09,3,0,0
-1.78,-0.48,0.65,-0.23,0.96,-1.38,0.19,-2.01,3,0,0
0.92,-0.05,1.25,-2.33,-1.78,0.48,2.24,-1.3,3,0,0
1.67,0.4,0.35,-0.27,-1.75,-0.12,1.08,-0.1,3,0,0
-1.72,-0.86,-1.7,-0.57,0.86,1.97,1.47,1.63,3,0,0
-0.44,-1.04,-0.81,-1.56,1.52,-2.04,-0.85,0.16,3,0,0
0.44,0.78,0.94,-0.56,0.07,-1.51,-1.19,-1.53,3,0,0
0.68,-0.64,0.31,1.41,0.96,0.99,-0.79,1.94,3,0,0
-1.62,0.04,-0.67,-2.09,1.2,-2.15,-0.98,-2.07,3,0,0
0.41,3.31,0.09,-0.24,-0.8,3.87,-1.72,-0.73,3,0,0
-0.48,2.22,0.4,0.23,-1.37,1.88,1.18,-1.16,3,0,0
1.22,2.5,-1.02,4.15,-1.15,2.93,-0.63,2.76,3,0,0
-0.69,1.24,-0.38,-0.77,-0.78,1.67,0.7,-0.85,3,0,0
4.65,2.83,1.66,1.76,-2.04,-1.04,-1.75,1.0,3,0,0
2.72,2.39,0.41,-0.22,-1.66,0.75,-0.06,0.88,3,0,0
-0.25,0.67,-2.18,1.11,1.54,0.27,-1.95,2.43,3,0,0
0.01,-0.48,0.55,-0.48,0.42,-1.74,-0.52,-0.88,3,0,0
-0.9,-2.09,-0.68,1.14,0.11,-0.93,2.53,1.41,3,0,0
0.78,-0.27,0.73,-2.09,-1.15,-0.77,1.77,-1.04,3,0,0
0.32,1.6,-0.8,-0.09,0.01,4.11,-1.24,1.32,3,0,0
-2.88,-0.08,0.92,-0.97,-0.3,1.58,1.49,-3.49,3,0,0
-1.59,-1.06,-0.39,-2.1,2.27,-0.01,-1.12,-0.19,3,0,0
2.54,-0.4,0.24,-2.25,-0.4,0.69,-0.13,1.67,3,0,0
-0.53,-0.08,-2.58,-3.3,1.02,0.78,-0.97,0.61,3,0,0
-2.61,-0.32,-1.09,1.11,0.1,2.03,1.88,-0.09,3,0,0
-0.75,1.37,-0.46,-1.18,-0.54,1.17,1.49,-0.37,3,0,0
-1.97,-1.57,-0.65,1.89,0.37,0.28,2.59,0.96,3,0,0
1.49,-0.85,0.94,1.0,-0.68,-1.5,0.3,0.45,3,0,0
-0.44,-2.05,0.46,-0.53,-0.53,-0.77,2.28,-0.7,3,0,0
1.53,4.15,-0.28,-0.46,-1.52,2.02,-2.17,-0.87,3,0,0
0.52,-2.12,0.45,-0.26,-0.0,-0.15,1.79,1.3,3,0,0
-1.07,1.52,-0.9,-2.18,-1.34,1.04,1.59,-1.94,3,0,0
-0.69,-0.85,-1.94,-0.5,1.12,0.99,0.2,2.34,3,0,0
0.2,-0.22,-1.11,-0.33,-0.67,0.88,1.78,1.4,3,0,0
1.24,1.29,-0.32,-1.32,-0.9,1.15,0.24,0.6,3,0,0
-0.57,-2.43,-0.33,0.68,0.81,0.27,1.06,1.8,3,0,0
-0.68,-0.34,0.51,2.94,0.58,0.19,0.52,0.99,3,0,0
-0.12,-1.24,-1.39,-1.52,1.0,0.91,0.09,1.82,3,0,0
2.41,-0.87,0.58,-2.36,-0.63,-2.63,-0.18,-0.12,3,0,0
0.72,-0.56,0.77,1.4,-0.1,-0.22,-0.11,0.71,3,0,0
-0.71,2.23,-1.66,-0.2,-0.27,2.02,0.04,0.48,3,0,0
-0.2,-1.43,0.39,-0.8,-0.56,-0.48,2.02,-0.51,3,0,0
1.63,-0.39,1.22,-0.14,0.44,-3.98,-1.64,-0.69,3,0,0
-1.07,-2.62,-2.76,-3.37,2.78,0.2,0.14,2.86,3,0,0
0.08,-0.65,0.67,1.77,1.59,0.25,-1.62,1.18,3,0,0
-0.61,2.61,0.4,-3.51,0.44,1.86,-1.19,-2.45,3,0,0
-0.67,0.38,-0.86,0.35,0.4,1.15,0.15,0.87,3,0,0
-0.63,-1.04,0.93,-2.56,-0.06,0.64,1.17,-1.55,3,0,0
-2.49,1.04,-1.55,-2.18,0.62,3.48,0.7,-0.6,3,0,0
-3.61,-2.74,-1.36,2.7,2.38,1.06,0.54,1.12,3,0,0
-0.93,1.09,0.14,0.34,-0.16,2.56,-0.33,-0.88,3,0,0
-0.42,-0.52,0.16,-1.37,1.21,-1.23,0.04,0.08,3,0,0
-1.28,-0.57,0.05,-1.65,0.86,-2.14,-0.71,-2.44,3,0,0
-0.09,1.14,-0.56,0.29,-0.1,1.07,0.5,0.95,3,0,0
-0.13,-0.2,2.68,1.49,-0.01,-0.15,-0.52,-1.74,3,0,0
-0.74,0.11,-0.67,-0.99,0.19,-0.49,0.76,-0.44,3,0,0
2.3,1.66,2.29,0.42,0.35,-3.42,-3.03,-1.4,3,0,0
0.06,-3.21,2.54,0.13,0.25,-3.77,1.54,-2.08,3,0,0
-1.92,-0.28,-2.2,0.36,0.7,1.56,1.12,1.6,3,0,0
1.68,3.3,1.22,-0.55,-0.83,0.38,-1.81,-1.14,3,0,0
-0.13,-0.42,1.32,0.16,-0.06,-0.3,0.01,-1.4,3,0,0
0.02,-0.38,-0.89,-1.18,0.16,0.07,0.9,1.05,3,0,0
1.23,-0.47,4.1,0.76,-0.87,-4.06,-1.14,-4.51,3,0,0
0.44,-0.26,-0.27,-0.47,-1.0,0.03,1.82,0.54,3,0,0
2.36,2.48,2.14,0.06,-0.51,-2.57,-3.34,-2.34,3,0,0
3.97,4.33,2.13,-1.01,-0.88,-3.01,-4.66,-2.42,3,0,0
0.55,-0.61,-0.23,0.51,2.22,-0.82,-1.74,2.27,3,0,0
3.24,0.99,0.66,0.57,-0.64,-0.01,-0.9,2.22,3,0,0
-2.58,-0.77,-0.36,-0.78,-0.52,-0.26,2.06,-2.83,3,0,0
-1.71,1.47,-0.29,0.97,-2.06,2.06,3.03,-1.77,3,0,0
0.46,1.51,-1.21,-0.2,-1.26,2.45,0.91,1.25,3,0,0
-0.06,-2.14,2.52,1.1,-0.01,-3.29,1.45,-1.74,3,0,0
-0.09,-0.14,2.51,3.75,0.34,-2.5,-1.91,-1.77,3,0,0
1.59,2.36,1.24,0.19,-0.43,-0.78,-2.17,-1.06,3,0,0
0.47,-0.7,1.09,2.3,-0.88,-0.85,1.37,0.03,3,0,0
0.05,-0.26,-1.48,-0.51,1.22,0.76,-0.93,1.99,3,0,0
0.23,-2.45,-0.99,1.47,-1.03,-0.02,4.23,3.11,3,0,0
0.28,2.59,0.61,0.93,0.39,1.09,-1.41,-0.04,3,0,0
5.01,-0.28,0.68,0.1,-0.07,-2.62,-1.63,3.8,3,0,0
-1.74,0.78,0.75,2.37,-0.51,0.39,1.22,-1.4,3,0,0
1.59,-0.05,0.53,1.45,-0.12,-0.04,-0.3,1.79,3,0,0
-0.86,0.17,-1.08,-2.5,1.48,0.47,-0.4,0.22,3,0,0
-0.73,1.93,-1.22,-1.48,1.11,0.75,-1.86,-0.37,3,0,0
2.93,2.17,1.9,0.95,-1.7,0.11,-1.6,-0.6,3,0,0
-1.11,-0.19,0.33,-2.72,-0.11,1.36,1.69,-1.57,3,0,0
0.37,2.29,-1.14,-1.77,-0.58,1.23,-0.12,0.04,3,0,0
0.55,-1.03,0.24,-1.28,0.27,-2.73,-0.37,-0.91,3,0,0
0.67,1.7,0.36,1.04,-0.7,-0.32,-1.32,-1.18,3,0,0
-0.29,0.51,-2.09,-0.88,1.16,2.69,-0.61,2.66,3,0,0
1.21,-0.84,1.6,1.67,-0.19,-1.88,0.23,0.42,3,0,0
-1.65,0.77,-1.19,2.19,1.14,-1.03,-1.07,0.26,3,0,0
-1.03,-0.71,0.41,-1.33,0.75,-0.49,0.51,-1.1,3,0,0
5.31,0.81,3.18,-0.13,-3.66,-1.36,1.8,0.29,3,0,0
0.35,-0.12,-1.2,-2.83,0.67,-0.85,-0.23,0.76,3,0,0
-0.98,-1.48,-0.91,1.76,1.35,0.0,0.15,2.06,3,0,0
2.74,1.66,1.07,-0.78,-2.28,-1.13,-0.07,-1.34,3,0,0
-0.11,-1.22,1.28,-2.06,-0.21,-2.25,1.32,-2.19,3,0,0
2.08,0.15,-0.12,-0.57,-0.17,0.02,0.1,2.35,3,0,0
1.41,2.12,0.59,0.43,-0.26,0.51,-2.67,-0.24,3,0,0
1.94,0.46,1.02,-0.58,-0.56,-1.74,-0.15,0.17,3,0,0
0.83,1.08,0.71,-0.06,-1.38,0.39,1.31,-0.16,3,0,0
5.31,-0.01,-0.48,-1.94,-0.78,-0.86,-0.79,4.3,3,0,0
-0.31,3.06,0.72,2.86,-0.98,1.77,-0.39,-0.69,3,0,0
-0.6,-3.51,-0.24,1.53,0.93,-2.78,2.34,1.86,3,0,0
-1.15,-2.06,-1.0,-0.64,1.82,-1.6,1.02,1.09,3,0,0
0.71,1.7,1.61,1.2,0.39,-0.27,-3.07,-1.64,3,0,0
0.07,1.18,-1.46,-2.14,1.22,3.1,-2.45,1.18,3,0,0
1.47,2.09,0.82,-1.27,-1.49,1.77,0.3,-0.52,3,0,0
0.95,2.34,-1.11,-0.87,0.72,2.19,-2.01,1.89,3,0,0
3.99,3.35,2.16,-1.48,-1.56,-1.63,-3.04,-2.01,3,0,0
-1.35,-1.8,0.75,1.18,0.44,-0.57,1.21,-0.71,3,0,0
-0.52,-0.91,-0.16,-0.12,0.7,-1.11,0.29,0.1,3,0,0
-0.97,0.72,-0.94,-1.3,1.03,0.02,-1.04,-0.43,3,0,0
0.9,1.19,-0.97,-0.65,1.31,-0.07,-3.11,1.08,3,0,0
1.35,-3.07,0.89,1.23,0.45,-1.17,1.59,2.61,3,0,0
-1.77,0.75,1.22,1.67,-1.1,3.1,1.36,-2.17,3,0,0
1.04,-3.04,0.89,0.01,2.81,-4.16,-2.53,1.26,3,0,0
-1.83,1.66,-0.89,-3.64,1.32,1.38,-1.78,-2.36,3,0,0
-2.28,-0.08,-0.52,-1.47,1.59,-1.02,-1.47,-2.35,3,0,0
0.94,-0.07,1.8,3.18,-1.12,-1.59,-0.26,-0.62,3,0,0
-3.11,-0.72,1.12,1.8,0.75,0.65,0.09,-2.93,3,0,0
-2.23,2.26,-0.43,-0.62,0.4,1.81,-1.51,-2.87,3,0,0
1.12,2.11,-0.97,2.97,-1.39,2.29,-0.56,1.83,3,0,0
2.31,2.46,1.59,-1.73,-1.41,-1.18,-1.42,-2.11,3,0,0
-0.49,-2.02,0.81,0.99,0.34,-3.76,-0.47,-1.7,3,0,0
1.07,1.01,0.79,2.86,-0.25,-0.15,-1.52,0.38,3,0,0
-0.64,1.99,-1.89,-2.8,0.09,1.72,-1.12,-0.75,3,0,0
-1.68,1.64,-1.57,-3.36,-0.21,2.47,0.11,-1.55,3,0,0
-2.01,-2.84,0.06,-0.04,1.28,-1.72,0.52,-1.29,3,0,0
2.29,-0.14,0.44,-2.59,0.22,-1.7,-0.4,0.92,3,0,0
3.3,-1.69,1.61,1.64,0.03,-2.5,-0.81,2.04,3,0,0
-0.09,1.59,-0.74,-1.19,0.96,-0.1,-2.67,-0.62,3,0,0
2.21,1.63,-0.15,1.66,0.29,1.19,-2.99,2.63,3,0,0
-0.81,-2.17,-1.81,-1.01,1.91,0.34,1.14,3.46,3,0,0
-0.48,1.58,1.07,1.37,-2.31,-0.35,0.76,-3.58,3,0,0
-0.82,1.05,1.57,0.1,0.28,-1.33,-1.96,-3.58,3,0,0
2.02,-1.67,0.61,-0.24,-0.6,-3.24,1.06,0.81,3,0,0
0.16,0.56,0.23,1.99,0.79,-0.12,-1.47,0.57,3,0,0
1.73,-2.43,-0.32,-2.28,-0.13,0.12,2.72,2.88,3,0,0
-1.12,0.49,-0.2,-0.93,0.96,0.57,-1.08,-0.93,3,0,0
2.59,3.81,0.49,-1.22,-0.63,1.14,-3.65,-0.77,3,0,0
2.55,3.76,0.64,0.51,-2.39,1.83,-1.42,-0.55,3,0,0
-0.46,-0.44,1.59,3.11,-1.12,-0.52,1.58,-1.14,3,0,0
-0.2,-0.76,1.22,2.04,-0.5,-1.86,0.59,-0.96,3,0,0
0.63,2.9,-0.01,-1.17,-1.14,1.04,-1.04,-1.73,3,0,0
1.84,-0.58,0.22,-0.99,-1.24,-2.28,1.56,0.88,3,0,0
0.02,2.38,-1.38,-1.16,-0.6,2.23,-0.09,0.35,3,0,0
-0.88,-2.98,-0.69,-0.96,1.67,-1.58,1.22,1.1,3,0,0
-0.59,-2.37,-0.04,-1.23,2.03,-1.24,-0.94,0.3,3,0,0
0.85,0.89,-0.97,-0.19,-1.78,1.41,2.13,1.09,3,0,0
-1.77,-2.35,1.09,-1.16,-0.64,-1.75,2.42,-3.42,3,0,0
1.67,-1.22,-0.92,-0.99,1.5,-1.65,-0.6,3.43,3,0,0
1.15,1.23,-0.61,-0.94,0.11,0.84,-1.38,1.0,3,0,0
2.45,1.98,-0.07,-2.29,-0.03,0.48,-2.35,0.76,3,0,0
1.53,-0.36,0.38,-2.12,0.02,-1.99,0.93,0.59,3,0,0
-0.35,0.82,-2.06,-0.53,0.51,0.18,-0.41,1.44,3,0,0
1.6,1.55,-1.02,0.53,-0.31,-2.06,-1.15,1.23,3,0,0
-0.47,1.58,1.5,1.23,-0.42,1.23,-0.73,-1.71,3,0,0
-0.72,-1.17,-0.12,-2.07,0.7,-0.54,-1.29,-1.72,3,0,0
-2.73,-1.48,0.16,0.8,1.69,-0.97,1.24,-0.67,3,0,0
-0.44,-1.11,0.93,2.63,0.06,-0.27,1.34,0.62,3,0,0
2.74,2.71,0.48,0.79,-1.53,0.58,-1.13,0.81,3,0,0
1.3,-2.65,2.23,2.57,1.62,-2.76,-1.29,1.32,3,0,0
1.1,0.75,-0.72,0.25,1.13,-1.08,-2.01,1.64,3,0,0
-3.2,-2.71,0.08,-2.51,3.44,-1.47,-0.67,-1.53,3,0,0
0.52,0.05,1.07,-0.2,0.49,-0.86,-0.3,-0.09,3,0,0
-1.3,-1.49,0.5,1.41,0.87,-0.78,2.39,0.78,3,0,0
-0.27,-1.02,0.09,1.74,0.36,1.62,0.16,1.28,3,0,0
0.2,1.41,-0.01,-1.32,0.01,0.83,-0.62,-0.53,3,0,0
-0.7,0.5,-1.26,-1.79,1.0,0.06,-0.83,0.08,3,0,0
-1.64,-0.62,-2.49,-0.29,2.3,0.24,-0.73,2.12,3,0,0
0.13,-0.5,0.84,-2.62,0.76,0.8,-0.05,-0.45,3,0,0
-0.8,-0.55,-0.04,1.95,-0.36,0.4,2.74,0.98,3,0,0
0.9,1.83,-0.39,-0.01,1.1,0.02,-3.24,0.6,3,0,0
-1.69,-2.45,0.68,0.28,2.26,-2.13,-0.74,-0.69,3,0,0
1.45,2.04,1.14,0.19,-1.76,1.16,-0.55,-1.48,3,0,0
-0.07,0.98,-0.66,-0.65,0.75,1.81,-1.25,0.66,3,0,0
1.26,-0.79,1.86,-1.91,-0.67,-1.9,0.67,-1.67,3,0,0
-0.04,2.8,0.44,0.76,-0.43,0.3,-1.82,-1.36,3,0,0
1.14,0.45,1.29,1.9,-1.38,1.27,1.12,0.41,3,0,0
-0.21,-1.25,0.1,3.65,1.89,-0.77,-0.83,2.98,3,0,0
1.07,0.45,0.09,-0.73,-1.21,0.05,0.8,-0.13,3,0,0
-0.96,0.4,-0.67,-1.82,1.14,1.72,-0.39,0.48,3,0,0
0.14,-0.88,-0.47,1.38,1.22,1.11,-0.19,3.1,3,0,0
-1.06,-1.34,0.04,0.29,0.29,-0.42,1.16,-0.51,3,0,0
-2.39,1.67,-1.8,-1.37,1.83,2.63,-2.77,-0.62,3,0,0
0.89,2.6,2.32,3.59,-0.63,-1.63,-1.73,-1.7,3,0,0
1.67,1.6,-1.06,-2.82,0.07,1.28,-1.94,0.82,3,0,0
-1.9,-1.3,-0.28,2.09,2.1,0.49,-0.27,1.42,3,0,0
0.51,-0.83,-0.2,1.89,0.41,-0.51,0.67,1.97,3,0,0
0.48,1.38,0.25,-1.64,-0.44,-0.11,-0.28,-0.96,3,0,0
1.38,2.06,1.97,1.29,-0.81,0.78,-0.68,-0.33,3,0,0
-1.11,1.82,-1.7,-0.52,-0.49,1.52,-0.66,-0.82,3,0,0
1.8,1.45,0.7,1.75,-1.47,-0.38,-0.5,0.02,3,0,0
-1.0,1.63,-2.64,1.59,0.45,2.38,-0.21,2.42,3,0,0
-0.72,-1.8,2.42,2.52,-0.84,-2.96,2.83,-1.98,3,0,0
0.9,-1.62,1.14,0.23,0.0,-3.83,0.79,-0.27,3,0,0
-1.71,-0.84,0.13,1.9,0.8,0.07,0.66,0.16,3,0,0
-0.35,-0.64,0.34,0.03,1.11,-2.19,-0.79,-0.66,3,0,0
1.2,1.51,-0.38,-3.99,-0.2,1.65,-0.71,-0.02,3,0,0
1.04,0.37,-0.7,2.61,1.49,0.03,-2.03,3.37,3,0,0
0.34,1.14,-1.22,-1.05,-0.35,2.26,0.65,1.49,3,0,0
-0.33,0.75,-1.89,0.79,0.02,2.64,0.11,2.27,3,0,0
-1.72,0.57,-0.16,-0.11,0.91,2.24,-0.44,-0.54,3,0,0
0.2,0.69,0.81,0.36,-0.31,-0.48,-0.05,-0.82,3,0,0
2.45,0.58,1.22,2.58,0.51,1.47,-2.36,2.54,3,0,0
-0.3,-5.5,1.21,0.81,1.08,-3.1,3.65,1.85,3,0,0
1.1,2.26,0.39,-0.0,-0.51,0.49,-0.6,0.24,3,0,0
3.47,1.28,0.41,0.82,-0.18,-0.56,-1.48,2.71,3,0,0
-2.62,-2.18,-1.9,-2.09,1.68,0.2,1.22,0.37,3,0,0
2.44,-0.91,2.17,1.48,-0.74,-2.23,-0.35,0.23,3,0,0
2.54,0.07,1.45,1.36,-1.58,-1.95,-0.21,-0.04,3,0,0
2.03,-0.09,0.63,-1.87,-0.54,-0.84,0.79,0.75,3,0,0
0.05,-0.57,-0.34,1.71,-0.88,0.9,2.21,1.52,3,0,0
0.99,2.87,1.06,1.43,0.21,1.34,-2.91,-0.41,3,0,0
-0.35,1.4,0.51,-1.61,-1.16,0.26,-0.76,-3.12,3,0,0
1.11,-0.24,-0.54,-3.38,0.5,0.26,0.27,1.08,3,0,0
-0.27,-0.52,2.06,1.85,0.31,-2.04,-0.69,-1.82,3,0,0
1.97,-1.26,0.23,0.97,2.36,-3.11,-3.46,2.67,3,0,0
-1.61,-0.01,0.07,3.69,-0.18,-0.17,0.92,-0.34,3,0,0
2.1,-0.42,1.97,-1.22,-1.36,-0.41,1.98,-0.01,3,0,0
0.52,-0.53,1.72,0.22,0.6,-2.32,-1.08,-1.25,3,0,0
-1.13,-0.96,0.64,0.06,0.18,0.15,0.5,-1.18,3,0,0
-0.76,-1.64,-1.32,-1.4,0.48,-0.58,1.62,0.6,3,0,0
0.18,1.98,-1.06,-1.0,-0.63,0.56,0.84,0.39,3,0,0
1.73,-0.3,1.47,1.24,-0.88,-3.99,0.82,-0.29,3,0,0
-0.59,1.69,0.03,0.12,-0.82,1.44,0.54,-1.0,3,0,0
2.27,-0.02,0.89,1.21,0.77,-0.62,-1.47,2.2,3,0,0
1.01,0.43,1.16,0.07,0.28,-0.61,-0.99,-0.32,3,0,0
0.21,-0.64,0.2,-1.32,-1.69,1.62,3.39,-0.07,3,0,0
-3.21,-1.12,-0.8,1.67,1.85,1.24,1.33,0.95,3,0,0
-0.89,0.76,-0.86,-0.27,0.92,-1.1,-1.01,-0.3,3,0,0
-0.79,-0.24,-1.68,-5.91,0.25,0.63,1.47,-0.82,3,0,0
1.3,-0.6,1.98,5.05,-1.06,-0.51,1.16,1.3,3,0,0
0.56,1.4,0.0,-1.77,-0.39,0.29,-0.29,-0.68,3,0,0
0.56,-2.23,2.68,1.65,-1.41,-3.58,2.18,-2.14,3,0,0
-1.92,-1.0,0.05,-0.85,1.11,1.07,0.44,-0.68,3,0,0
-1.3,-1.15,-0.98,-3.56,2.81,0.3,-1.89,-0.08,3,0,0
-0.85,0.91,-0.73,1.91,0.41,0.02,-0.49,0.34,3,0,0
-2.58,-0.98,-1.26,1.08,0.37,1.67,2.39,0.65,3,0,0
0.76,-0.54,0.73,-0.32,-0.01,-1.02,0.63,0.53,3,0,0
1.27,3.58,-1.46,-1.74,-0.95,2.79,-0.6,1.08,3,0,0
-0.37,1.92,-0.64,-1.62,0.4,0.7,-1.12,-0.69,3,0,0
0.33,1.22,-0.75,0.88,0.47,0.74,-2.11,0.79,3,0,0
-0.46,-3.23,1.13,-1.34,0.3,0.03,2.26,-0.22,3,0,0
-2.65,-1.46,-1.0,-3.13,0.39,0.8,2.22,-1.9,3,0,0
1.95,0.79,-0.59,-1.96,-0.74,2.48,0.12,2.05,3,0,0
1.7,-0.96,0.64,0.84,-0.08,-1.75,0.17,1.33,3,0,0
0.42,0.71,0.78,-0.53,0.46,0.51,-1.12,-0.13,3,0,0
2.32,-0.82,2.71,3.23,-0.29,-3.32,-0.54,0.47,3,0,0
-4.26,-1.72,1.71,-0.6,1.2,-1.08,2.08,-4.22,3,0,0
0.55,-1.31,0.73,-0.02,0.66,-3.27,-1.46,-0.83,3,0,0
-1.82,1.44,0.72,0.36,-0.01,1.11,-1.06,-3.29,3,0,0
-0.69,-0.91,1.63,0.21,0.25,-1.68,0.62,-1.67,3,0,0
