@relation SyntheticData-N_600-D_16-Nmin_60-Zmin_0-CL_2_3-R_0
@attribute X0 real [-7.23, 7.09]
@attribute X1 real [-8.88, 9.25]
@attribute X2 real [-6.59, 6.65]
@attribute X3 real [-6.06, 6.19]
@attribute X4 real [-6.99, 8.59]
@attribute X5 real [-6.81, 6.93]
@attribute X6 real [-6.87, 6.20]
@attribute X7 real [-7.93, 7.70]
@attribute X8 real [-7.28, 7.58]
@attribute X9 real [-6.84, 7.87]
@attribute X10 real [-6.64, 4.96]
@attribute X11 real [-9.14, 7.10]
@attribute X12 real [-7.36, 7.53]
@attribute X13 real [-6.68, 6.69]
@attribute X14 real [-6.03, 7.57]
@attribute X15 real [-6.37, 6.27]
@attribute cluster_idx {0,1,2,3,4}
@attribute is_noise {0}
@attribute Class {0,1}
@inputs X0,X1,X2,X3,X4,X5,X6,X7,X8,X9,X10,X11,X12,X13,X14,X15,cluster_idx,is_noise
@output Class
@data
4.38,-0.59,2.66,1.34,0.91,-3.23,2.16,-1.65,-0.17,0.83,4.52,-3.73,2.16,-2.25,-1.0,-0.76,0,0,1
0.26,0.32,0.52,-0.61,1.9,1.65,-3.92,-1.79,0.79,-0.0,-0.61,-1.28,-0.48,-0.53,0.68,0.13,0,0,1
2.28,-0.93,0.14,1.17,2.73,-1.87,0.83,-1.04,-3.39,0.33,0.26,-1.22,0.15,1.13,-0.13,-0.57,0,0,1
4.86,-4.04,-0.06,-0.09,0.36,-1.12,3.9,1.14,-2.53,-1.39,-1.8,0.85,0.25,-1.21,-0.19,-1.09,0,0,1
0.78,1.05,-3.72,-1.49,1.42,-2.57,-0.94,7.7,4.01,-1.68,-0.88,2.04,5.07,-0.21,-0.84,3.6,0,0,1
1.08,1.68,1.69,-5.86,-0.34,2.33,-1.85,-0.75,-5.08,1.94,-6.41,-0.38,0.99,-0.16,-0.52,4.22,0,0,1
-2.91,0.09,2.9,4.27,0.66,0.01,-3.32,-1.66,3.65,-1.42,3.24,-1.53,4.55,2.78,-2.8,-0.02,0,0,1
1.63,1.65,3.56,-0.22,-1.41,-2.53,0.87,-3.23,2.0,0.89,4.8,-0.73,0.4,-1.61,0.39,-0.4,0,0,1
1.12,0.93,4.14,1.57,-1.52,1.81,-0.23,-3.04,2.34,-0.98,3.21,-0.58,-0.2,-1.87,1.2,-1.02,0,0,1
1.74,-2.91,0.32,0.72,-2.49,0.64,-0.15,0.37,3.34,-3.32,2.49,1.05,-1.55,-2.45,2.26,-0.6,0,0,1
-2.43,4.45,-0.95,-2.71,0.11,3.57,-0.86,-2.95,-4.4,1.7,-1.21,-0.82,-5.91,-1.02,2.09,0.52,0,0,1
2.3,-0.31,-1.31,-0.15,0.2,1.02,-1.93,-0.69,2.02,-1.07,-0.75,-2.28,1.01,-5.23,-1.95,-0.95,0,0,1
0.4,1.24,-2.13,2.29,3.59,-1.61,1.92,4.22,-0.66,-0.25,-0.35,0.68,3.58,4.28,0.77,-3.55,0,0,1
-2.31,-1.64,4.37,-3.36,-3.19,4.6,-3.95,-4.79,0.76,0.57,-2.78,-4.32,3.16,1.28,1.33,0.32,0,0,1
1.56,-3.37,1.88,1.41,0.23,-0.58,2.38,-2.73,1.22,-2.93,0.96,0.2,-0.56,-1.75,4.65,0.43,0,0,1
0.79,3.28,-0.3,-2.04,0.26,5.06,-2.35,-2.42,1.45,-0.02,-0.22,-0.14,-1.37,-1.57,3.21,2.76,0,0,1
5.0,-2.07,-2.09,-4.63,-3.64,1.08,3.92,-0.74,-3.12,-3.0,-4.03,0.52,1.19,-5.71,-2.35,3.4,0,0,1
-0.36,-1.96,0.65,-2.48,-1.64,-3.39,0.79,-0.5,-1.23,-2.36,1.44,-2.67,3.33,1.5,1.91,0.85,0,0,1
0.95,-2.26,5.06,0.82,-1.22,-6.81,-1.01,1.3,6.69,3.49,4.07,-3.69,7.4,-0.34,-0.71,1.16,0,0,1
0.63,0.5,0.5,2.83,1.39,-1.98,-0.97,0.07,1.36,0.48,0.15,3.04,2.84,2.71,-1.0,0.97,0,0,1
2.19,-1.13,-4.86,0.86,2.1,1.22,0.17,2.43,2.32,-0.74,-0.87,-1.6,1.09,-2.72,-0.13,-1.35,0,0,1
-1.36,0.69,-2.99,-1.87,-0.1,0.37,-1.04,1.15,0.84,-1.09,-3.94,1.82,0.5,-0.68,1.61,2.17,0,0,1
-1.46,-0.79,-1.46,0.62,2.14,-0.25,0.67,1.58,-1.04,0.36,-3.4,1.18,3.84,4.53,1.86,2.98,0,0,1
-2.5,-0.84,4.83,-0.33,-0.27,-1.46,-2.87,-1.48,-0.15,1.04,-1.93,-0.67,4.91,3.99,-0.54,3.2,0,0,1
-0.12,2.77,0.35,-4.11,2.87,-0.86,0.51,-3.67,-0.37,1.81,-2.99,2.24,-2.33,1.3,3.85,1.53,0,0,1
0.67,0.05,0.08,-0.09,-1.0,-0.86,-0.53,3.0,1.81,-1.7,-1.44,1.98,2.9,-1.4,-2.53,0.9,0,0,1
2.01,0.97,-3.33,2.14,2.09,-4.91,1.3,5.0,3.5,0.42,4.96,-0.09,-0.97,-4.2,-1.36,0.05,0,0,1
2.36,0.98,-1.32,1.97,2.32,-0.64,0.71,3.65,1.34,2.28,1.28,1.93,-2.82,-2.31,-3.0,-1.03,0,0,1
-3.69,0.46,2.24,-0.34,1.16,2.82,-4.37,-2.02,1.49,1.4,-4.25,0.38,5.36,6.69,0.74,0.83,0,0,1
1.18,0.18,-0.62,-5.69,-1.81,2.44,-1.84,1.12,1.18,-1.82,-4.68,3.28,-0.51,-0.38,3.79,1.68,0,0,1
0.2,1.85,-0.14,0.26,-2.41,1.4,1.5,0.11,0.57,-3.52,3.13,4.15,0.95,1.78,-0.8,-1.14,1,0,1
0.4,-1.92,-1.12,0.64,-3.77,-0.99,-1.11,5.05,-5.2,-5.52,1.46,-0.61,-1.78,-0.47,-0.25,-1.22,1,0,1
-0.47,-1.41,-0.47,-0.17,-0.4,-2.06,-1.15,2.2,-0.84,-2.23,0.01,0.68,-2.82,-0.52,-2.1,1.31,1,0,1
1.77,1.97,0.67,3.03,-1.24,3.04,0.79,0.15,-0.63,-1.14,-0.28,-3.21,-0.84,0.91,0.6,0.73,1,0,1
2.39,-1.03,3.12,-0.92,0.74,2.1,1.06,-4.61,0.72,-1.59,2.65,-0.7,4.51,4.97,-0.46,-2.61,1,0,1
-0.7,-3.4,1.36,-2.97,1.25,0.33,-1.65,-0.71,4.23,-0.46,1.28,-3.09,2.07,-0.66,0.23,-0.24,1,0,1
-0.63,4.25,-3.56,-0.91,-1.51,-0.63,2.44,-1.25,2.03,3.69,0.76,2.51,2.11,6.09,0.36,4.31,1,0,1
0.44,1.25,-0.05,2.99,2.18,-2.02,1.4,1.67,1.23,1.22,-2.89,-1.62,-1.7,-2.76,-1.13,0.2,1,0,1
1.7,1.63,-1.25,1.24,0.63,-2.06,-0.32,3.62,-0.68,4.22,-1.16,-1.64,-3.61,-3.01,2.27,0.5,1,0,1
-2.87,-5.9,3.4,0.91,-6.14,1.58,-4.73,1.19,-1.79,-4.01,-1.83,-4.45,-1.33,-2.89,6.22,-2.8,1,0,1
-1.21,3.12,-1.74,1.95,-1.84,1.36,0.18,2.53,-2.4,1.35,-0.63,-0.72,0.83,0.41,1.67,0.77,1,0,1
0.67,4.01,1.48,-1.01,-1.71,-0.06,0.12,0.79,-2.65,3.41,0.75,-0.19,2.1,1.91,-0.47,-0.89,1,0,1
0.88,9.25,1.28,2.07,-1.14,1.23,5.6,0.88,0.04,1.56,2.96,2.89,6.22,1.42,-0.98,-3.89,1,0,1
-2.54,3.61,3.8,1.18,1.87,-1.72,-1.83,2.86,-0.29,3.31,-0.0,-1.8,-2.49,-2.54,-5.59,-3.9,1,0,1
-0.77,1.0,0.48,1.13,1.63,-1.63,2.82,0.28,0.72,0.33,-0.71,-2.28,-1.5,-2.05,-3.31,0.53,1,0,1
1.69,1.75,1.7,-0.65,-0.44,-5.2,0.11,2.29,1.57,-1.24,2.09,6.78,-4.14,-0.83,-3.19,1.27,1,0,1
2.72,1.18,1.11,-0.92,2.77,-0.49,-0.26,-2.71,-2.68,3.14,-1.23,2.86,-1.71,1.29,-2.9,0.11,1,0,1
0.31,-1.67,-4.12,-0.16,5.17,-1.32,0.66,-4.18,2.61,7.87,-5.46,-3.02,-0.56,2.81,0.93,4.51,1,0,1
-0.58,-6.71,1.59,-2.69,-2.31,-0.37,-3.52,-0.31,-2.03,-1.11,-0.35,-4.6,1.28,2.64,1.62,-1.46,1,0,1
-0.16,-3.28,-1.92,-0.18,4.17,0.32,-0.47,-2.89,-2.5,3.59,-3.59,-3.63,-1.65,-0.05,0.85,3.38,1,0,1
-0.89,1.83,-0.31,-0.07,-1.36,1.38,1.23,-0.64,-0.13,-2.28,1.15,3.35,0.54,-0.81,0.59,0.37,1,0,1
0.36,-3.21,2.57,0.19,2.13,-2.82,1.94,-0.97,1.13,-2.04,-1.35,-1.54,1.39,-2.79,-1.07,-2.23,1,0,1
-0.26,1.01,-0.29,-0.21,-1.99,2.75,-0.82,-0.59,-0.49,-0.29,2.82,0.62,1.77,3.34,-0.33,-3.16,1,0,1
-2.99,0.75,-1.7,1.48,3.9,3.79,3.24,-2.79,6.88,-1.71,-0.32,-0.72,3.1,-4.41,1.72,0.16,1,0,1
4.54,0.04,2.4,1.4,0.94,3.7,1.58,-4.8,2.22,0.58,0.82,-0.5,1.63,0.32,4.21,-3.8,1,0,1
-0.86,4.69,-1.28,-0.24,-2.89,1.54,-1.68,3.78,1.08,-0.84,4.4,3.48,-1.66,2.37,-1.66,1.28,1,0,1
2.05,-1.49,0.92,-0.53,4.29,-2.81,-0.44,0.96,0.77,-1.3,1.08,2.45,-5.84,-3.71,-4.71,-0.34,1,0,1
0.02,3.18,2.05,-2.94,-1.35,5.67,-3.42,-3.32,1.83,4.37,-2.15,0.02,6.25,2.73,4.76,0.86,1,0,1
0.07,-0.85,0.26,1.47,1.99,-1.74,-1.1,1.5,3.72,3.81,1.2,-4.74,-2.13,0.6,-0.29,-1.52,1,0,1
-3.79,0.67,-1.17,-1.05,2.06,-0.59,-0.12,2.13,1.24,-3.42,1.58,3.33,0.7,-0.71,-3.27,2.81,1,0,1
1.8,3.81,-2.17,-1.79,0.44,-3.96,0.66,5.8,3.4,2.56,-0.2,-4.21,0.35,-2.08,-2.53,1.27,2,0,0
5.95,-4.11,-2.79,0.46,-0.89,-0.16,1.66,-5.54,4.61,2.24,0.35,-1.43,3.28,-0.3,-0.32,0.55,2,0,0
-0.75,3.11,-0.34,-0.92,-3.2,0.58,-2.62,2.59,-2.59,0.75,0.57,2.25,-0.64,1.85,-1.39,0.1,2,0,0
1.21,2.72,3.17,1.65,0.06,-1.92,4.73,5.02,0.32,2.52,-0.67,-4.51,0.97,0.36,0.83,-0.56,2,0,0
-3.27,-1.09,1.37,-0.2,2.82,-1.89,-0.67,0.9,-1.2,0.63,-1.63,-0.57,-3.29,-1.25,-1.43,3.53,2,0,0
-2.0,1.15,1.86,1.71,1.24,1.75,1.42,3.05,-2.34,1.48,0.51,-0.74,0.65,1.63,0.6,0.23,2,0,0
-0.44,0.61,0.49,2.52,0.47,0.6,-0.15,0.84,-2.45,2.03,0.96,0.73,-0.08,-0.53,-1.36,2.3,2,0,0
0.6,-0.19,-3.28,-1.75,-4.49,1.4,-2.66,-0.45,-2.53,-1.95,0.87,4.26,-2.22,-0.17,-1.25,-0.22,2,0,0
-2.16,-1.39,1.25,-2.78,3.58,-1.42,-0.57,-1.78,0.15,-0.91,-0.43,1.02,-0.02,-3.86,1.06,-1.36,2,0,0
-2.87,0.6,3.18,-3.0,0.05,-3.63,-1.37,-2.14,-0.78,-2.95,-1.31,0.99,-4.12,-4.44,1.15,-0.56,2,0,0
-0.45,3.04,-1.09,-1.48,-2.61,2.8,1.25,6.23,-1.02,4.4,0.58,-1.37,-0.88,0.34,-3.18,0.73,2,0,0
2.88,-3.81,-1.02,-0.2,-0.5,0.43,2.23,-5.36,2.49,0.27,0.73,0.74,2.78,0.55,2.24,-0.97,2,0,0
-0.85,1.33,3.7,1.93,2.54,0.62,-3.78,-3.65,2.24,-3.1,2.59,-2.98,-0.39,-0.18,2.28,0.09,2,0,0
-3.32,2.0,-1.73,-5.34,-3.41,-3.14,-0.35,3.2,1.62,0.27,-0.23,-2.06,-5.24,-0.35,0.22,3.42,2,0,0
0.56,-0.72,1.38,4.58,3.44,-3.15,-3.61,-2.83,1.54,-2.82,1.32,-1.59,2.27,1.06,2.78,1.87,2,0,0
-0.79,0.95,0.95,-1.59,-0.44,-2.1,0.69,0.75,1.05,1.44,-0.73,-1.87,-1.52,-1.39,-0.14,1.5,2,0,0
3.17,-0.78,2.33,3.05,1.79,-4.31,-0.46,-2.34,1.66,-3.76,0.5,-2.06,0.4,-0.39,2.12,0.24,2,0,0
-5.7,-0.64,0.23,-2.51,-1.06,2.29,0.08,0.87,-3.09,1.79,-0.81,0.17,-2.61,-5.82,1.79,0.04,2,0,0
-1.56,0.8,-1.37,2.66,-4.11,2.38,1.38,1.04,-2.47,2.59,-2.1,0.62,-2.2,0.59,-1.8,2.56,2,0,0
1.27,-3.77,0.4,4.42,5.41,0.03,-1.47,-1.89,0.86,-1.19,1.37,-0.14,4.01,4.99,1.57,1.54,2,0,0
-1.55,1.92,0.26,-2.3,0.97,-0.48,-3.85,-0.61,-1.75,-1.23,2.25,0.72,-4.08,-3.34,-1.7,2.02,2,0,0
2.04,1.56,1.73,3.66,4.16,-3.85,-5.15,-0.27,0.72,-3.21,0.97,-1.15,1.51,1.11,-0.39,1.08,2,0,0
-0.99,1.35,-0.19,-0.65,-3.25,0.32,1.28,-0.75,-1.68,2.23,-0.93,0.56,-3.21,-2.19,-1.72,1.97,2,0,0
-0.7,-1.76,-1.65,-1.33,1.64,-1.2,0.42,-0.36,0.85,3.03,-1.88,0.34,0.62,-0.01,-1.83,1.96,2,0,0
-6.79,-0.22,4.77,-1.72,0.01,0.22,0.69,-1.81,-6.26,-2.54,-3.27,5.54,-5.25,-1.05,0.6,-1.01,2,0,0
-1.86,5.19,3.01,-2.77,-0.41,-0.71,0.69,3.93,2.5,2.09,1.52,-4.69,-2.33,0.14,-0.77,1.01,2,0,0
-3.24,1.21,-0.38,-0.02,-1.25,3.66,-1.31,-0.75,-0.68,1.53,0.55,-0.29,0.04,0.46,1.12,0.43,2,0,0
-2.18,2.96,2.12,-0.0,-3.31,0.81,0.62,3.41,-4.74,-0.19,-1.32,1.93,-2.66,-1.25,-0.69,-1.47,2,0,0
0.26,-2.36,-4.42,-2.33,-2.96,0.42,2.54,0.91,-0.49,3.1,-1.47,1.37,-0.08,-1.65,-0.7,0.76,2,0,0
1.67,-2.13,-4.4,0.02,-2.96,2.72,1.63,0.08,-0.7,1.07,-0.95,3.96,-0.06,3.72,-3.23,0.83,2,0,0
-1.54,2.59,1.13,-5.7,-5.03,-2.01,-1.74,-3.0,0.7,-2.83,2.11,0.21,-5.44,-2.5,2.25,0.09,2,0,0
0.37,-3.85,-0.18,-0.02,-1.09,0.1,6.2,0.93,0.66,-2.62,-1.06,1.93,-0.55,3.38,1.8,-1.46,2,0,0
-1.02,0.25,-1.33,0.84,2.43,-0.44,2.27,2.91,-0.87,4.56,-2.85,1.07,1.86,2.28,-3.48,1.79,2,0,0
0.01,2.3,0.32,1.87,4.53,0.55,-2.39,1.53,2.17,2.33,2.33,-4.92,4.34,2.12,1.32,1.05,2,0,0
0.82,-2.02,-1.61,2.19,-1.59,0.62,2.53,-2.53,-0.38,1.67,-0.31,-0.03,-0.43,3.65,0.11,3.66,2,0,0
-1.0,1.29,0.98,3.25,1.79,-0.94,-3.78,2.68,-0.88,-3.49,2.45,-0.86,0.73,2.37,2.18,0.87,2,0,0
0.99,-4.06,0.11,0.72,-2.76,1.64,2.9,-0.23,-2.53,-2.87,-1.03,5.07,1.34,0.41,1.81,-4.28,2,0,0
1.09,-1.94,-0.76,-1.68,-1.31,-2.26,2.89,-1.0,1.54,-1.2,-2.18,0.01,-2.39,1.34,-0.59,0.91,2,0,0
0.68,1.01,-1.97,-2.99,0.84,-2.83,-6.58,-5.09,4.39,2.29,0.62,-3.41,-1.11,-2.53,-1.54,4.23,2,0,0
-0.01,0.92,1.05,-0.74,-2.0,0.3,2.58,-0.3,0.2,-2.75,0.14,3.03,-1.27,3.2,-0.26,-1.77,2,0,0
-2.49,-0.78,-0.28,-1.34,-0.51,3.53,0.92,1.6,-1.14,2.72,1.28,0.1,-0.14,-2.15,0.08,0.07,2,0,0
1.16,0.24,0.67,0.85,-0.84,-0.31,-2.53,-1.72,0.05,-2.74,1.31,-0.49,-2.94,-1.88,-0.83,1.29,2,0,0
0.08,0.25,-2.44,0.35,-4.33,0.8,0.9,0.38,0.18,2.71,-0.34,-1.88,0.02,-3.42,1.37,0.76,2,0,0
3.02,0.62,0.82,-0.61,3.56,-5.3,-3.29,-1.73,4.25,-2.41,3.82,-4.46,0.52,0.14,1.99,2.49,2,0,0
-2.7,1.49,3.34,-0.59,0.66,-0.6,0.66,2.62,-1.77,-0.5,0.18,-3.13,-2.88,-4.18,2.02,-0.24,2,0,0
2.21,-1.06,-1.68,-1.15,-0.93,-2.09,2.29,2.03,2.99,1.39,1.02,-3.26,2.68,-2.15,2.71,-0.81,2,0,0
0.29,2.03,-0.9,-0.63,0.58,-2.11,-3.13,-0.1,-0.11,1.21,0.85,-2.21,-1.86,-2.66,-1.33,3.15,2,0,0
0.64,-1.67,-4.48,3.88,-4.72,2.51,1.03,-2.76,-0.83,2.3,-2.17,2.22,2.46,1.66,0.27,1.01,2,0,0
3.75,-1.62,-1.8,-0.24,-0.68,-1.06,0.43,-3.82,5.25,0.15,0.36,-0.04,2.27,2.67,-0.68,0.28,2,0,0
-0.58,3.35,4.02,-0.93,3.62,-2.71,-2.8,3.53,0.21,-2.3,1.15,-2.92,-0.52,-0.25,0.43,-1.02,2,0,0
1.58,0.78,-1.35,0.97,-2.55,0.43,2.72,5.82,-0.73,-1.42,1.47,-1.19,-1.81,3.79,-0.36,0.95,2,0,0
1.27,-0.07,2.35,2.0,0.69,-0.68,-0.04,1.92,1.32,-3.38,2.54,-1.71,0.02,2.32,1.71,-0.21,2,0,0
0.89,-1.76,2.11,3.36,-0.18,1.66,-0.83,-3.15,-1.89,0.6,1.9,0.84,-0.77,3.36,-0.12,3.13,2,0,0
1.44,0.73,-2.0,-1.31,-1.08,0.52,4.63,5.76,1.82,5.87,1.36,-3.25,1.58,-0.37,-1.32,1.37,2,0,0
3.89,0.75,-3.64,0.26,-0.51,-0.81,-0.05,0.96,2.05,-0.09,3.05,-0.85,0.66,0.04,-1.7,1.55,2,0,0
2.56,-2.54,-1.72,0.66,-0.12,-1.05,0.89,-2.26,1.16,-0.62,-0.45,1.19,2.93,-0.35,1.48,-1.61,2,0,0
2.26,3.14,1.09,-2.45,-3.16,-3.55,-0.01,-0.99,1.95,-3.29,0.66,0.41,-2.88,-0.51,-0.55,-1.04,2,0,0
-3.47,2.03,3.75,-0.25,2.72,1.22,2.4,3.94,-4.74,1.19,-0.96,1.27,1.16,-0.42,0.96,-3.17,2,0,0
0.87,-2.23,-3.44,-1.42,-0.71,0.19,3.51,1.95,1.31,2.17,-0.95,-0.31,0.49,1.27,-0.94,0.95,2,0,0
1.06,1.27,0.74,1.22,-0.84,0.68,2.68,4.0,0.81,-0.47,-0.91,-0.36,1.41,1.81,-0.68,-2.68,2,0,0
-1.7,2.96,-1.41,1.41,-2.38,-0.19,-1.97,0.44,-1.51,0.15,-0.22,0.1,-0.77,-1.44,0.38,1.18,2,0,0
-5.29,-0.12,2.63,0.24,-1.17,4.13,1.61,-0.14,-1.45,-1.62,0.19,0.13,-4.38,1.82,1.22,1.02,2,0,0
0.34,-2.26,3.44,3.41,1.99,-1.88,-0.34,-4.2,-2.05,-1.53,-1.54,-0.21,-0.72,-0.9,1.72,0.88,2,0,0
-2.3,-1.08,3.37,-5.66,1.37,-4.89,2.8,-0.13,-0.21,-0.98,-2.21,0.54,-4.94,-2.95,0.11,0.08,2,0,0
-2.37,0.13,1.68,-0.81,0.9,-0.71,0.67,2.29,0.07,-2.39,-0.44,-0.67,-1.03,-0.64,1.91,-1.54,2,0,0
-1.52,-1.65,0.19,2.4,1.62,-0.74,-1.79,-1.69,-1.75,-2.9,0.66,0.67,-1.05,-0.41,1.95,1.69,2,0,0
-0.66,-1.36,2.11,0.64,2.43,4.46,1.81,-0.91,-2.37,2.89,1.92,-0.3,1.84,-0.24,0.86,-0.68,2,0,0
0.25,1.05,-0.92,4.13,0.16,-1.74,1.68,2.86,1.15,1.0,-0.46,-3.3,3.21,2.08,2.65,1.02,2,0,0
-3.04,1.46,-1.09,-1.86,0.53,0.29,-2.85,4.45,-0.9,-4.19,1.99,0.93,-2.42,3.16,0.62,0.21,2,0,0
1.27,-0.53,-3.54,-2.02,-1.56,-0.09,1.03,2.52,0.65,0.64,1.39,-2.12,-2.55,-3.28,-1.12,1.98,2,0,0
-2.88,-0.87,-0.32,1.39,-1.33,2.19,1.13,1.5,-2.8,-1.81,-0.76,3.88,-0.35,3.1,0.82,-0.77,2,0,0
-3.25,-1.07,0.1,-0.21,-0.98,2.85,-0.03,5.31,-5.61,-3.14,-0.6,3.56,-3.2,-2.5,-0.35,-2.34,2,0,0
2.15,3.05,5.6,1.85,3.96,-0.33,-6.87,-4.26,0.69,-2.01,4.63,-2.83,-0.32,-0.97,-0.49,0.93,2,0,0
-5.16,-2.14,2.04,0.3,1.99,-0.01,1.07,-1.69,-2.74,0.37,-3.22,0.85,-0.87,-3.25,2.65,-0.34,2,0,0
0.96,0.11,-0.56,4.66,-0.63,1.69,0.17,3.2,-1.17,-0.3,-0.22,0.72,4.87,0.63,1.92,-3.14,2,0,0
-1.3,0.01,0.58,-0.21,0.68,1.34,-0.02,1.86,-2.36,1.7,0.75,0.2,-0.27,-2.55,-0.42,0.13,2,0,0
-2.76,-2.71,-2.79,-0.37,-2.22,2.1,-2.11,-2.34,-0.52,0.82,-2.25,2.34,0.23,-0.8,0.86,0.24,2,0,0
3.09,-2.3,-2.33,0.23,-3.75,3.61,0.15,-1.9,-0.03,-1.75,2.27,2.93,-1.3,0.62,-1.72,-0.32,2,0,0
-0.24,3.99,2.79,-2.64,1.34,-1.88,0.51,0.3,0.43,-1.42,-0.37,-0.3,-2.13,1.39,-1.71,-0.92,2,0,0
0.27,-0.75,4.38,0.47,3.78,-3.49,-0.57,-1.22,2.53,-2.01,0.61,-2.38,0.32,-2.01,1.72,-0.27,2,0,0
4.32,-2.19,0.33,1.05,2.53,-3.7,0.48,-3.74,4.62,0.54,1.12,-3.07,2.3,0.92,0.85,1.68,2,0,0
0.34,2.67,2.73,0.83,4.11,-3.71,-1.24,3.48,-2.24,1.44,-0.43,-2.57,-0.93,-2.34,-2.12,1.8,2,0,0
2.92,0.19,-4.13,-0.78,1.41,0.6,1.63,-0.44,5.68,3.23,1.59,-4.23,3.42,1.06,-0.64,1.44,2,0,0
-2.36,1.42,6.65,2.58,4.54,-0.29,-0.57,1.4,-2.25,-2.15,0.52,-1.82,-1.71,1.27,0.77,0.26,2,0,0
4.58,0.0,-3.5,-0.88,-1.86,-0.19,0.8,-0.52,2.08,0.58,2.49,-0.21,-0.27,1.3,-2.49,1.76,2,0,0
-3.49,-1.81,3.06,-0.33,0.1,2.58,1.05,-2.16,-1.94,-3.02,-0.71,2.96,0.23,-1.84,3.51,-4.45,2,0,0
0.89,0.21,4.14,2.73,2.28,-2.27,0.35,0.29,0.05,-2.71,0.95,-1.09,1.22,0.52,2.56,-1.2,2,0,0
-3.8,-0.12,-0.28,-0.68,1.38,1.67,-3.96,2.68,-3.14,1.82,-0.02,0.43,2.02,-2.69,1.56,-1.01,2,0,0
0.53,-3.12,-1.78,-1.39,0.65,1.46,-0.86,-5.13,0.39,2.9,0.25,-0.72,-2.1,-3.95,-1.87,3.42,2,0,0
5.18,1.23,-0.69,-3.01,2.25,-3.61,-6.25,-7.93,5.42,-0.25,3.33,-2.45,-1.5,-0.26,-3.54,4.17,2,0,0
-0.79,-0.71,-1.24,-1.24,2.2,0.22,3.28,1.56,-1.68,4.84,-2.49,0.82,1.38,-1.18,-2.38,0.42,2,0,0
-1.37,-2.02,0.29,1.71,-0.33,1.57,5.16,2.39,-1.74,-1.65,-0.94,1.46,0.92,1.11,2.58,-2.34,2,0,0
0.08,-3.44,-6.59,0.31,-2.97,3.83,-2.87,-3.45,2.89,2.59,-0.53,0.45,0.1,3.18,-2.05,4.09,2,0,0
-0.14,0.52,-4.76,1.21,-3.42,0.2,-2.35,-1.54,0.93,4.24,-0.2,-1.94,0.11,-3.15,-0.35,4.21,2,0,0
1.61,6.34,-2.37,-1.76,0.28,-2.21,-4.4,4.66,3.83,1.73,1.36,-3.4,2.34,-1.39,-2.61,-0.24,2,0,0
1.63,-1.25,-1.75,-3.62,2.09,-1.28,1.61,-2.77,2.72,3.55,-1.44,-0.8,0.63,0.66,-2.52,1.44,2,0,0
-3.12,0.57,-1.78,-1.71,-0.21,3.8,0.47,0.7,-0.66,4.81,-1.67,0.86,0.12,0.28,-2.75,0.95,2,0,0
1.67,-2.2,-1.47,-1.99,1.5,-1.4,1.79,-0.21,-0.73,0.37,-0.48,2.42,2.09,-1.21,-0.01,-1.99,2,0,0
1.82,-1.92,-0.64,1.59,3.51,-2.39,1.08,0.29,2.92,3.25,-1.12,-3.77,2.04,-0.42,-1.07,2.76,2,0,0
1.8,-2.72,-3.06,-3.02,-2.23,-1.56,0.19,-2.08,1.59,-3.93,-0.3,3.0,-2.56,0.87,-0.69,-0.26,2,0,0
0.91,5.48,-0.73,-3.69,-2.41,4.41,0.81,3.58,3.15,2.88,3.03,-0.19,1.83,4.73,-3.49,-2.31,2,0,0
-4.5,1.85,0.29,-2.23,-1.51,2.98,0.74,1.59,-1.47,3.76,-1.83,0.47,-2.52,-0.0,-2.44,1.29,2,0,0
0.67,2.31,1.29,1.45,0.89,-2.49,-1.98,2.72,-2.1,-2.29,1.27,-1.14,-0.14,-0.71,1.15,-0.11,2,0,0
-0.09,-1.99,0.87,0.18,2.71,-3.51,4.01,0.88,-1.14,4.29,-3.15,-1.32,0.52,-1.62,-0.67,2.13,2,0,0
-1.58,-1.03,-0.22,1.83,-5.13,5.8,3.34,-3.33,-1.42,1.08,-3.48,2.74,-0.05,0.48,-0.11,-2.47,2,0,0
1.54,-0.67,-1.36,-2.38,1.3,-1.76,-2.79,0.48,4.33,-1.99,3.2,-3.13,1.92,-0.98,2.88,-0.89,2,0,0
-1.63,-1.15,-1.76,-2.3,-1.52,1.84,-0.95,1.78,-4.89,-1.07,1.18,4.41,0.24,-1.05,1.63,-2.22,2,0,0
1.49,0.38,1.67,0.01,3.46,-0.18,0.89,1.34,2.03,-0.75,1.56,-3.13,3.09,-0.14,1.98,-2.64,2,0,0
0.07,-0.14,0.23,1.78,-2.73,0.71,-0.67,1.09,0.58,0.07,0.95,-0.5,0.39,2.48,1.15,0.92,2,0,0
-3.64,-4.24,4.12,0.49,2.12,-1.22,5.24,0.62,-1.64,-1.31,-3.69,0.53,-2.8,1.74,1.78,0.24,2,0,0
-2.61,0.94,1.93,1.36,-2.5,2.15,1.58,2.14,-2.32,-2.42,0.49,1.43,-0.14,-0.2,3.16,-2.94,2,0,0
-0.35,-1.45,-0.05,0.44,1.0,0.71,0.65,-3.09,0.71,-0.51,-1.6,1.43,1.01,0.42,-0.1,-0.98,2,0,0
1.5,2.49,0.33,3.96,2.77,-3.08,-0.7,1.92,1.4,0.98,-0.25,-4.29,1.94,2.4,0.03,2.82,2,0,0
3.83,-3.35,-0.47,1.77,2.92,-2.45,0.5,0.17,2.79,-2.97,1.24,-0.27,2.27,5.37,0.68,0.47,2,0,0
4.48,0.53,1.35,2.96,1.68,2.13,1.29,-1.97,1.36,3.35,1.32,-1.64,2.16,4.29,-3.58,1.64,2,0,0
-4.24,0.21,4.78,-1.08,2.67,-2.11,-3.03,0.2,-0.8,-3.78,0.56,-1.13,0.09,-2.59,5.85,-2.75,2,0,0
6.04,-4.16,-1.63,0.48,3.81,-3.65,-0.48,-1.96,2.2,-0.14,-0.67,-0.59,3.59,-2.78,-0.87,-0.91,2,0,0
-2.05,5.28,0.73,-0.7,-3.96,-1.07,-0.79,3.18,-0.23,1.42,0.26,-1.2,0.88,-2.0,2.18,-1.49,2,0,0
4.66,-2.56,-2.84,1.62,-2.41,0.67,-0.08,-3.26,1.16,-1.12,1.09,2.19,1.35,1.08,-1.01,-0.01,2,0,0
0.14,0.73,-1.32,-1.03,-0.97,-1.09,0.16,-3.04,0.83,2.49,-2.75,0.55,-3.12,1.94,-4.83,4.2,2,0,0
3.2,1.46,-1.9,-0.31,-2.33,1.33,0.38,3.4,0.54,4.33,2.0,-2.51,-0.61,-0.19,-3.52,2.58,2,0,0
0.88,1.61,-1.61,2.82,-0.35,2.39,2.04,2.26,-1.87,1.54,-0.91,1.06,-1.58,5.66,-5.0,3.1,2,0,0
0.31,-1.43,0.73,-1.45,1.33,-6.17,-1.27,-3.76,0.92,-0.94,-1.7,-2.03,-2.18,-4.52,1.68,2.15,2,0,0
-3.28,-0.58,-1.02,-1.95,-4.04,3.07,1.7,-3.79,-1.13,2.13,-3.27,3.49,-1.58,-1.04,-0.68,-0.61,2,0,0
-0.67,-1.42,1.7,0.32,3.74,-2.46,-2.41,-2.13,-1.4,0.02,0.02,0.15,1.35,-0.77,1.57,0.81,2,0,0
0.26,-0.32,-0.31,-3.25,0.72,-2.84,-1.08,0.69,2.89,-0.65,1.85,-3.07,-1.65,-5.22,0.98,0.86,2,0,0
0.32,0.08,0.58,-0.15,1.9,-1.6,0.11,-0.75,0.13,2.23,-0.5,-2.2,1.37,-1.21,0.75,0.67,2,0,0
-0.18,-0.01,-0.78,0.97,-2.57,3.28,-0.84,-0.8,-0.11,-0.25,-1.02,2.32,-0.53,2.94,-2.25,-0.29,2,0,0
1.22,-1.75,-0.2,0.1,-0.81,-0.67,-2.23,-2.18,0.12,-3.96,0.84,1.86,0.16,-0.4,1.83,-1.65,2,0,0
2.11,-1.04,-0.66,-1.62,2.35,-4.63,0.75,0.12,2.13,-0.63,-0.42,-2.0,0.39,-1.07,0.81,0.45,2,0,0
0.11,-3.18,-0.62,0.63,-1.09,1.96,-2.22,-6.91,-0.02,0.23,0.15,1.05,-1.23,-2.53,0.15,1.75,2,0,0
3.4,0.6,1.68,1.63,2.03,-5.18,-0.88,0.35,3.65,-1.69,1.0,-3.9,-0.91,1.08,-0.6,2.55,2,0,0
-1.79,4.53,1.92,-2.04,-3.5,-0.25,-1.42,0.65,0.68,-2.4,2.34,-1.75,-2.25,-3.93,2.93,-1.99,2,0,0
0.03,2.74,1.02,1.61,-1.34,-0.51,-0.83,2.13,0.05,-1.49,3.15,-0.91,-1.39,0.1,0.61,1.48,2,0,0
0.52,3.43,1.86,2.86,1.55,-1.35,-1.89,0.9,1.54,-2.49,0.56,-0.33,1.2,3.78,-0.83,-0.23,2,0,0
-1.59,-1.24,2.74,0.37,-2.19,1.83,4.28,-1.06,-3.01,0.83,-2.65,4.15,-4.46,0.43,-3.93,0.95,2,0,0
-7.23,0.84,0.31,-3.44,-1.44,1.37,-3.64,-2.28,-3.92,1.32,-2.29,2.44,-1.91,-6.1,2.31,-1.11,2,0,0
-2.14,2.22,1.07,-2.52,-1.27,0.81,-0.22,-0.04,0.21,-0.25,-0.22,0.62,-0.26,-1.53,0.9,-2.46,2,0,0
-1.14,0.67,1.39,-1.44,-0.91,-0.83,2.4,4.51,-2.77,-1.96,-0.23,1.57,-2.37,0.65,-0.0,-1.36,2,0,0
-0.91,-0.49,2.69,-0.24,-2.71,0.89,1.86,-1.34,-3.18,-1.89,-1.43,3.51,-1.76,-0.94,0.84,-2.73,2,0,0
-1.77,-1.65,1.78,-2.37,1.53,2.0,3.2,-2.18,0.76,2.05,0.1,-0.11,-0.62,-0.78,-0.17,0.01,2,0,0
0.6,-1.36,1.77,-0.43,5.57,-1.82,-5.9,-2.5,4.21,-1.36,4.85,-5.67,0.83,-2.84,2.72,2.29,2,0,0
0.85,1.23,2.02,0.45,-0.55,-0.5,-0.26,-2.59,0.19,-0.26,-0.87,1.21,-0.01,1.7,-1.12,-0.43,2,0,0
-0.76,2.61,2.96,1.4,-3.65,-1.14,-3.95,-3.6,1.52,-6.84,1.69,0.92,-1.82,2.88,3.5,-1.2,2,0,0
-1.14,-1.5,-4.39,-0.41,-1.9,2.1,2.53,2.93,0.46,1.07,-0.49,1.89,1.6,1.39,-0.02,-0.31,2,0,0
-1.75,1.92,0.05,1.41,-0.79,0.87,0.89,2.39,0.82,-0.02,-1.5,-0.23,1.17,1.45,0.1,-1.21,2,0,0
-0.27,-3.21,-3.62,-0.99,1.34,0.87,0.78,0.43,1.63,3.08,-0.15,0.18,1.88,-1.22,-0.8,1.37,2,0,0
4.07,1.62,-0.35,-1.09,-1.38,-5.16,1.16,2.61,5.4,-1.15,-0.39,-3.36,0.18,1.14,-0.76,-0.11,2,0,0
-0.63,0.63,2.2,-1.13,-3.49,0.54,-3.6,-3.7,0.36,-4.43,1.74,0.84,-3.79,-0.65,1.56,-0.46,2,0,0
-1.84,2.37,-1.41,-2.04,-2.21,1.16,-1.43,1.04,-0.44,-0.27,-0.2,0.5,-3.05,0.48,-2.11,1.14,2,0,0
2.1,1.13,2.4,0.38,4.37,-2.37,-1.74,0.77,2.68,-2.47,1.98,-3.18,1.11,0.37,0.16,-0.61,2,0,0
0.44,-3.25,2.42,-0.45,0.95,-1.55,2.37,0.09,1.49,-3.6,-0.68,0.09,-0.05,0.24,2.5,-2.6,2,0,0
0.88,-0.12,-1.14,-1.15,2.07,-0.9,-1.56,-2.13,4.47,0.52,0.07,-3.82,-1.97,1.25,-2.48,3.68,2,0,0
3.66,-2.16,1.72,2.04,-0.45,-1.5,0.84,0.51,-1.65,-5.08,-0.1,-0.45,-0.96,-2.64,1.86,-3.02,2,0,0
-3.75,0.29,0.4,1.36,-0.94,3.13,5.01,4.23,-4.19,4.68,-1.45,0.66,-0.87,0.04,-0.67,1.32,2,0,0
-1.75,0.62,-1.27,-3.57,-4.66,-1.75,0.54,0.28,-1.82,-0.5,-1.62,2.58,-3.62,-3.07,0.39,-0.23,2,0,0
3.66,-0.38,-1.1,0.19,1.05,-3.33,-2.24,-3.21,2.05,-0.27,1.0,-0.69,1.46,-0.12,-0.31,1.45,2,0,0
3.92,-2.87,-1.09,0.21,1.87,-1.78,4.24,-3.32,1.27,5.16,-3.94,0.49,1.05,0.47,-4.99,2.18,2,0,0
-0.75,-0.83,-3.84,-3.25,-2.56,-0.93,-0.6,-5.26,2.81,1.97,-1.01,1.27,-3.44,1.17,-2.74,4.96,2,0,0
-3.65,1.77,0.27,-4.35,-6.99,-0.45,-0.15,-1.45,-0.21,0.27,-1.39,-0.2,-5.17,-1.57,1.95,0.98,2,0,0
-3.14,0.08,1.29,0.84,0.49,1.29,-0.6,2.53,-1.74,0.38,-2.75,-1.17,0.03,-3.17,0.88,-1.83,2,0,0
4.56,-0.58,-2.53,1.64,-2.84,-0.12,1.37,-0.29,2.51,-1.02,1.15,-1.87,0.85,0.31,0.26,-0.06,2,0,0
-1.11,0.49,4.25,4.93,-0.93,1.54,1.03,-1.38,-1.66,-0.61,0.25,-1.9,-0.23,1.29,2.84,0.33,2,0,0
-0.25,-3.21,-3.73,2.95,-1.9,3.66,2.25,-1.14,-0.48,3.22,-2.67,1.25,-2.23,2.67,-4.33,4.83,2,0,0
-1.33,-4.8,-0.85,-0.14,0.24,1.44,0.89,-4.89,-1.08,1.96,-1.23,1.37,-0.87,-3.76,0.25,1.79,2,0,0
-1.51,-4.87,1.2,-1.66,2.21,-2.06,4.36,-1.06,-1.16,0.5,-2.98,1.44,0.62,-1.96,2.54,-1.49,2,0,0
0.97,-2.33,-3.13,-1.42,-2.95,1.29,0.61,-1.07,-2.69,-0.77,-0.92,4.26,-0.32,-2.27,-0.5,-1.8,2,0,0
-0.29,0.37,0.67,-3.57,2.27,-3.77,-0.14,2.13,1.64,-1.12,-0.9,-1.04,-3.51,0.07,-2.63,1.63,2,0,0
3.96,-0.38,-2.41,2.71,-1.84,0.05,-4.46,-1.96,0.85,-3.29,2.99,-0.05,-0.72,2.15,-0.82,2.32,2,0,0
1.39,-2.12,1.01,-1.29,1.65,-1.99,-5.59,-6.96,2.43,-3.04,2.37,0.4,-0.78,1.63,1.0,1.99,2,0,0
2.18,-0.46,-2.39,1.34,3.33,-3.44,-6.2,-5.86,2.36,1.44,0.07,-0.87,3.33,-0.1,-0.43,3.2,2,0,0
-3.29,0.72,3.08,-0.89,-1.39,2.03,0.31,0.48,-1.18,-1.62,0.08,1.32,-1.21,0.26,1.8,-2.37,2,0,0
-1.61,-0.06,-0.35,1.12,0.25,1.61,-4.56,-1.99,-1.39,-0.55,0.53,0.3,-0.64,-1.35,-0.06,1.42,2,0,0
-0.53,1.27,-0.03,-0.94,-2.85,-0.51,1.55,-0.53,2.51,1.54,-1.57,-1.41,0.39,-1.69,1.01,-0.94,2,0,0
-0.2,1.2,-1.78,3.4,-0.05,2.72,-0.14,5.27,0.02,0.33,2.19,-2.89,2.56,2.25,1.65,0.18,2,0,0
0.25,-4.27,4.04,-1.36,2.4,0.89,1.82,-3.37,-1.37,-0.94,0.24,1.65,-2.95,-2.81,-0.93,-0.43,2,0,0
5.31,1.97,-0.13,-1.95,5.1,-3.06,1.69,3.22,5.05,-0.29,2.36,-2.5,2.22,2.62,-3.74,-0.63,2,0,0
1.89,-0.19,-3.25,1.29,1.93,0.79,-1.35,0.38,2.91,3.72,0.54,-2.56,5.15,0.4,-0.22,0.65,2,0,0
3.23,-2.4,-0.21,2.76,1.3,-3.48,2.15,-4.28,1.43,0.07,-2.23,1.16,2.52,0.12,-0.02,0.32,2,0,0
-0.09,-3.97,1.2,-0.37,2.81,-2.87,2.11,-1.43,-1.38,1.09,-2.22,0.99,-0.69,-1.57,-0.48,1.47,2,0,0
4.01,3.23,-0.1,0.46,1.49,-3.68,-0.19,0.43,3.48,0.03,1.02,1.96,-1.69,-0.48,5.23,3.61,3,0,0
2.84,-1.91,0.57,-0.65,4.4,-0.47,-1.63,1.39,0.47,1.21,-4.95,0.59,0.59,-4.59,-1.23,-1.1,3,0,0
2.18,0.38,0.94,0.77,4.64,-2.09,-3.74,2.41,1.61,-1.13,0.55,1.43,0.67,-0.82,4.13,4.98,3,0,0
3.62,-0.82,-0.36,0.65,1.11,-2.09,-1.52,-0.35,-2.78,-1.18,-1.64,-1.49,1.45,-1.33,4.53,2.12,3,0,0
-1.77,-1.43,-2.95,-0.53,0.67,1.57,1.12,-1.26,-2.94,0.93,-1.38,-4.25,0.31,-0.56,-0.67,0.09,3,0,0
1.31,0.71,-0.45,1.46,1.03,-0.77,1.29,-1.02,-1.2,-0.61,-1.08,1.96,1.97,0.03,-0.21,-0.96,3,0,0
2.39,-1.69,-3.22,2.66,-6.14,2.78,-0.27,-0.07,2.27,-2.55,2.75,-0.27,0.57,1.13,1.14,3.42,3,0,0
-2.8,0.01,5.42,-1.36,0.54,0.08,-0.0,-0.16,-3.05,-2.37,-4.6,-0.63,-1.58,-4.16,-4.98,-3.85,3,0,0
-5.3,0.78,-1.94,1.03,2.42,-0.34,-0.19,1.09,-6.36,-0.08,-0.39,-1.29,-0.98,0.0,0.65,-1.44,3,0,0
0.94,-5.17,-1.93,-0.89,5.81,3.99,-4.58,-1.6,-1.94,-0.27,-3.4,-5.6,3.3,-1.42,0.37,-0.54,3,0,0
-2.1,3.02,2.0,0.19,-0.31,-0.18,0.84,0.83,4.44,-0.32,0.59,2.06,-1.31,2.04,-4.03,-1.34,3,0,0
3.31,1.09,-0.93,0.49,0.18,-3.07,-1.78,-1.27,1.09,-1.44,-0.03,-0.49,-0.11,0.38,3.17,2.82,3,0,0
-3.72,1.67,-2.15,-3.85,0.61,1.56,3.1,1.07,-1.69,2.34,-4.86,-2.3,-3.76,-1.91,0.0,-6.28,3,0,0
0.11,-6.72,-2.41,-0.52,3.72,4.37,-1.15,-0.87,-1.84,1.32,-2.58,-9.14,3.84,-0.95,3.02,1.42,3,0,0
2.68,-0.54,0.65,-0.11,1.02,0.48,0.44,1.02,0.96,0.31,-1.73,-1.96,1.77,-0.72,-1.09,1.65,3,0,0
1.17,4.51,2.27,-1.29,1.39,-2.02,2.26,0.49,0.19,-0.69,-1.59,3.9,-4.28,-3.52,0.71,-1.88,3,0,0
-1.57,5.78,-0.85,0.38,-1.75,0.79,3.0,0.55,-1.26,-1.68,2.56,4.33,-1.13,0.69,3.81,-0.72,3,0,0
2.91,-1.2,-2.93,3.65,-2.55,-0.28,-1.28,2.39,-3.24,-0.97,1.95,-1.5,1.75,0.98,4.18,4.49,3,0,0
-0.7,1.95,-1.48,-0.37,3.59,-1.0,-3.36,-1.14,-4.09,-1.36,-1.71,0.15,-0.98,-2.13,4.87,-0.41,3,0,0
1.35,-4.82,-3.33,4.1,1.55,-3.9,-2.26,-0.27,-3.71,0.28,-1.15,-0.12,0.26,0.34,2.94,-3.0,3,0,0
-0.84,-4.31,0.52,1.31,3.28,2.93,-2.49,-0.62,2.42,-1.17,0.24,-1.23,0.45,0.12,-4.44,0.43,3,0,0
1.43,1.43,-5.88,3.68,-5.49,1.2,2.23,1.5,-1.87,-0.42,3.75,1.05,0.72,3.45,3.29,2.78,3,0,0
-1.86,-0.93,0.85,-0.99,5.84,1.85,-0.79,-2.1,0.15,-0.67,-0.56,0.97,-1.54,-1.61,-2.93,-2.72,3,0,0
-1.2,-0.93,0.79,-0.81,-0.6,2.92,-0.37,-0.18,-0.14,-1.07,-1.31,-3.75,0.7,-0.74,0.17,0.17,3,0,0
2.78,-1.28,-1.49,1.35,-0.73,0.05,2.46,-0.71,1.91,0.68,-0.53,1.29,-0.07,-1.15,1.07,-1.4,3,0,0
0.69,-4.45,1.49,6.19,-2.19,0.21,-0.94,0.56,-0.08,-2.27,1.22,3.07,2.05,-0.19,-4.04,-1.78,3,0,0
0.06,5.25,2.46,-2.26,0.65,-3.13,-0.29,1.3,1.75,-1.12,-1.61,2.06,-4.71,-1.04,-0.17,-1.97,3,0,0
1.3,-4.15,-1.35,0.32,5.32,0.52,-0.32,0.46,0.87,2.65,-4.01,-0.5,2.14,-1.84,0.09,-3.08,3,0,0
-0.9,1.25,-0.89,0.33,0.22,-1.99,1.05,3.11,-2.77,1.05,0.26,-2.53,-2.65,-0.19,3.95,1.22,3,0,0
6.88,-8.88,-1.53,5.49,-4.99,0.45,-1.01,1.21,1.9,0.26,-0.3,-3.41,4.43,0.46,-0.94,4.25,3,0,0
-0.18,-1.3,0.54,-0.09,-0.4,2.0,-2.9,1.9,0.55,-1.85,-0.07,-2.65,-2.03,-1.61,-1.92,3.19,3,0,0
3.83,-0.55,-1.95,4.04,1.35,-1.06,-2.21,1.35,-3.64,-1.28,1.46,2.56,2.19,-0.16,4.83,2.51,3,0,0
-1.65,0.01,1.74,-1.04,3.73,0.42,-3.37,0.27,1.12,-1.81,-0.59,0.07,-1.99,-2.55,1.43,1.15,3,0,0
7.09,-0.52,2.05,0.14,2.95,-3.31,-1.12,3.37,1.68,-0.48,-1.26,2.15,0.22,-0.89,2.85,2.17,3,0,0
0.48,-4.46,1.38,2.4,0.18,2.53,-2.9,-1.87,-1.18,-4.23,-0.78,-0.8,0.88,-2.34,-3.41,0.22,3,0,0
1.12,2.56,0.32,-4.06,0.92,2.46,-1.14,-2.27,2.08,-2.36,-2.57,-0.75,-1.58,-2.7,-0.51,-0.05,3,0,0
-1.39,3.82,-3.92,1.06,-0.2,-1.35,1.72,-0.25,-0.13,0.7,3.58,-1.0,-0.27,4.43,7.03,1.92,3,0,0
-2.89,-2.15,0.23,0.39,1.17,5.17,-2.29,0.15,-6.29,-2.35,-2.69,-2.99,1.32,-3.84,-3.18,-0.48,3,0,0
4.69,0.55,-0.68,2.92,-0.91,-0.94,2.27,0.27,-0.98,-0.62,1.28,2.09,3.15,1.2,1.59,1.42,3,0,0
2.43,1.37,-3.73,-0.39,0.59,-0.37,-0.52,-2.4,1.16,0.08,0.56,-1.35,-0.63,1.02,2.23,1.2,3,0,0
-1.3,2.44,-0.93,1.48,1.6,0.91,1.43,-2.93,-2.59,-0.89,0.41,-0.16,4.51,3.73,1.78,-2.92,3,0,0
2.79,-1.48,-1.54,2.68,-0.95,0.79,0.88,-0.93,5.08,0.48,0.06,2.11,4.0,1.26,1.51,-0.47,3,0,0
-2.38,-0.82,-0.91,1.64,5.2,-0.36,-1.49,0.01,2.29,0.78,0.34,1.99,2.31,0.11,5.02,-0.27,3,0,0
2.66,1.58,2.68,0.41,1.85,-5.72,-1.18,2.83,0.49,-0.25,-0.52,0.29,-0.8,1.55,1.05,2.3,3,0,0
0.37,-4.15,1.95,2.01,5.47,1.51,-2.08,-0.27,-0.37,-1.65,-0.02,0.65,3.06,-0.92,2.31,-0.45,3,0,0
-3.5,1.6,1.93,-2.63,2.5,-0.27,1.25,1.5,-0.35,1.11,-2.37,-5.17,0.01,1.41,0.14,-0.73,3,0,0
0.9,-3.53,-1.31,3.08,-2.28,5.04,0.21,2.8,-2.62,-1.13,1.21,-2.02,2.93,-1.1,0.65,3.84,3,0,0
-0.88,-1.58,-3.42,-0.39,-0.87,3.24,1.67,-2.21,0.22,0.05,-2.24,-0.49,0.63,-0.6,2.99,-5.27,3,0,0
-0.64,2.2,1.32,1.77,-0.79,0.2,-0.16,0.85,-1.17,-2.94,4.05,0.42,-0.8,2.74,-0.17,2.48,3,0,0
3.21,-1.51,2.04,-0.4,2.55,2.35,-0.41,-0.69,-2.52,-2.45,-0.17,-2.02,2.05,-0.21,-1.48,0.81,3,0,0
1.1,4.38,2.27,-0.54,-0.7,-0.59,3.79,-2.12,-1.69,-2.61,-0.48,2.78,0.1,-0.16,0.39,-2.98,3,0,0
2.72,-0.41,-0.93,-0.36,0.6,2.18,2.89,0.99,5.14,2.33,0.22,-1.79,1.76,0.05,1.61,2.05,3,0,0
-1.46,3.31,1.49,0.76,-2.85,0.87,2.33,2.04,0.17,-1.67,2.77,-0.03,-0.35,2.26,-1.11,1.9,3,0,0
-1.13,-1.01,-0.97,2.89,-3.0,-1.81,-0.53,0.01,-4.57,-1.73,-0.56,-0.34,-0.13,1.11,-3.36,-0.65,3,0,0
-2.56,0.5,-0.44,0.53,1.28,1.43,-0.41,-2.22,0.95,-0.57,-0.05,-0.52,-1.34,-1.19,0.41,-2.24,3,0,0
-2.12,-5.08,2.03,-2.91,6.99,4.82,-4.86,6.75,-1.86,0.72,-4.11,-5.77,-1.75,-6.68,2.18,1.66,3,0,0
-0.42,1.09,-1.17,-2.17,4.48,3.5,0.29,-0.07,3.9,1.6,1.24,-2.4,1.57,3.13,2.52,-0.18,3,0,0
2.73,-3.68,-3.88,3.17,-2.78,1.11,-1.42,-1.63,-2.93,-2.65,1.26,-0.44,1.68,0.83,2.48,0.19,3,0,0
4.34,1.99,0.42,0.12,-3.42,-0.74,1.65,-1.53,0.67,-3.08,1.49,-0.01,-1.15,-0.29,0.17,3.09,3,0,0
-3.7,-0.68,-2.83,0.37,1.35,-1.28,1.0,0.68,0.8,3.86,-1.91,-4.03,1.61,3.18,-0.37,-1.83,3,0,0
-1.4,3.01,1.77,0.78,1.32,-1.29,-1.44,-1.41,0.29,-2.38,-0.06,2.29,-0.07,-0.11,-1.25,-0.4,3,0,0
-0.74,2.17,0.33,-1.73,3.63,2.46,0.34,-2.39,-1.67,-1.6,0.12,-1.72,0.2,0.44,-0.46,-0.47,3,0,0
1.75,-4.39,-1.42,1.47,0.65,-1.56,-2.23,-2.89,-1.82,-1.53,-2.82,-1.62,1.03,-1.95,2.09,-2.18,3,0,0
3.05,-2.22,-0.45,5.0,-4.37,0.45,1.65,2.99,-3.39,-1.06,1.45,0.72,1.15,-0.09,-4.4,4.06,3,0,0
2.28,-3.76,-1.57,3.04,2.48,-0.94,-1.34,-0.28,-4.98,0.01,-0.9,-1.98,0.76,-0.53,1.87,-0.82,3,0,0
0.82,-3.08,-2.21,1.23,-3.32,3.27,-1.24,-2.37,-7.28,-5.21,-1.92,-0.21,-0.84,-4.34,1.52,-3.08,3,0,0
-6.54,-1.19,-0.6,-0.69,3.21,4.87,-1.58,0.87,-3.12,-1.85,0.13,-2.05,-1.21,0.82,-1.24,-2.57,3,0,0
-1.27,-5.16,0.75,-2.8,3.34,2.2,0.88,1.63,5.76,2.55,-3.86,-3.32,1.7,-0.57,-4.78,-0.78,3,0,0
0.79,2.32,3.32,-0.13,-3.98,-1.19,1.64,-2.24,2.33,-2.68,-1.1,1.9,-2.53,-1.4,-4.7,-2.83,3,0,0
0.02,-1.93,2.84,-0.84,2.38,3.34,-0.13,-2.49,2.0,-2.47,-2.16,0.53,-0.68,-2.43,-4.82,-3.58,3,0,0
-4.33,0.39,-1.41,-0.89,-1.58,3.01,-0.32,0.87,0.77,-0.75,-0.85,-1.67,-1.22,1.25,-0.87,-2.74,3,0,0
3.14,-3.68,0.01,1.67,-0.33,-0.32,-0.09,-1.06,-0.75,-0.6,-2.36,-3.07,2.71,-2.09,-0.25,1.28,3,0,0
-1.14,1.54,1.1,0.33,3.22,-0.7,-0.22,-0.45,-0.17,-0.57,-1.03,3.57,-1.19,-0.99,-2.04,-2.66,3,0,0
-1.81,-2.61,-3.17,3.1,-0.01,1.11,-0.83,-1.94,-2.72,-0.68,0.1,-1.45,3.48,2.52,2.34,-2.2,3,0,0
-2.58,1.02,0.56,-2.72,1.47,-0.2,1.72,2.62,-0.18,1.33,-3.6,-0.77,-3.15,-1.37,-3.41,-3.12,3,0,0
-1.73,0.67,-1.52,0.79,-0.22,3.74,0.94,-2.94,-4.28,-1.35,-1.93,-2.04,2.18,-2.06,4.48,-3.49,3,0,0
-0.14,-1.39,1.03,-0.76,-1.57,2.37,1.5,-0.26,-0.16,-1.38,-1.08,-2.92,-0.0,-0.59,-1.77,-1.94,3,0,0
0.06,2.1,-1.38,0.14,4.83,-2.74,0.49,2.5,1.14,1.99,-0.77,4.16,-1.38,-0.71,1.66,-0.36,3,0,0
1.99,-0.26,1.2,0.47,6.51,0.95,-1.65,-4.83,2.29,-0.36,-1.59,0.31,5.12,-1.01,2.67,-2.19,3,0,0
0.89,-2.93,-1.03,-1.89,3.66,-0.18,-0.83,1.02,-1.02,0.85,-2.87,-4.12,0.54,0.03,0.92,-0.48,3,0,0
4.4,-2.3,0.51,1.41,-1.65,-2.56,3.26,1.18,2.34,1.09,-2.08,1.55,1.78,0.1,2.18,-1.95,3,0,0
1.99,-1.38,0.44,3.76,-0.67,-0.13,0.33,-0.14,-0.05,-1.13,0.39,2.51,1.3,-0.42,0.19,-1.97,3,0,0
-0.29,-0.58,-0.75,1.04,2.01,-0.09,1.42,-0.51,-0.57,0.87,-2.54,1.6,2.51,-0.38,0.88,-3.64,3,0,0
-0.45,2.88,-2.71,-2.22,-0.7,-0.14,1.89,-2.21,-0.7,-0.96,-2.43,2.82,-3.21,-3.24,2.37,-4.48,3,0,0
-3.19,1.02,-1.66,0.78,0.56,3.67,1.13,2.33,-1.67,-0.18,1.12,1.82,-1.49,-0.97,2.38,-2.64,3,0,0
-0.6,-2.6,-1.5,0.26,-0.41,1.4,2.22,-1.19,-3.12,-0.31,-2.78,-1.03,-1.17,-2.14,-0.6,-4.27,3,0,0
3.45,1.29,-1.8,1.31,-2.71,2.85,1.78,-0.37,-1.65,-2.36,1.17,1.66,0.98,-1.68,2.49,1.58,3,0,0
0.94,0.23,-4.82,1.19,-0.53,1.1,1.96,1.03,1.77,1.87,1.12,1.29,0.18,2.25,6.22,-2.12,3,0,0
-1.26,-0.99,-1.64,-2.45,3.57,1.98,-1.47,1.79,0.25,1.43,-2.22,-3.93,-1.66,-0.9,1.74,-0.91,3,0,0
-0.35,6.41,2.64,-1.17,-0.35,0.74,1.6,3.74,0.02,-1.87,1.24,3.15,-3.54,-0.61,0.36,0.88,3,0,0
6.52,-2.23,-1.58,4.11,-1.01,-5.03,-1.07,-0.64,0.84,-1.48,2.48,2.07,0.03,3.18,2.62,0.99,3,0,0
0.37,2.56,-0.42,-5.95,3.37,0.02,0.64,-0.2,5.03,0.86,-0.34,-4.83,-2.55,1.61,2.5,1.23,3,0,0
1.14,-1.27,-3.4,2.56,-0.08,-3.59,1.48,-0.6,0.53,0.91,2.19,0.31,1.13,4.88,3.3,-0.33,3,0,0
1.43,0.23,1.65,1.59,1.89,-1.64,-1.56,4.57,-3.57,-0.87,-1.98,4.07,-3.89,-5.44,1.19,-0.69,3,0,0
0.57,-1.42,3.55,0.56,6.17,0.6,-3.03,0.01,-1.63,-1.74,-1.77,-0.66,2.41,-2.02,-0.4,0.04,3,0,0
5.67,-2.31,-1.39,1.78,0.19,-1.5,2.34,-2.98,4.27,0.46,-0.86,2.38,2.85,1.49,1.36,-2.8,3,0,0
-2.69,-1.02,2.11,-4.02,-1.41,6.93,3.65,1.26,-0.94,-0.65,-3.44,-4.08,-1.27,-2.6,-5.27,-4.35,3,0,0
2.13,-2.34,2.28,-0.18,-1.4,2.51,0.49,1.06,1.82,-2.06,-1.18,-0.33,1.16,0.13,-2.3,-1.15,3,0,0
-4.34,-0.81,-1.88,-0.25,5.4,2.25,1.51,-0.6,-1.18,2.63,-2.89,-1.34,1.27,-1.01,1.48,-5.12,3,0,0
3.77,-3.01,-4.21,5.01,-5.21,0.9,-0.89,-0.19,-6.59,-2.47,1.72,-2.66,2.48,1.14,1.49,3.43,3,0,0
3.02,-3.22,0.08,-0.69,0.15,2.7,-2.02,1.55,-0.76,-1.28,-2.57,-2.47,-0.18,-2.91,0.34,0.45,3,0,0
1.29,-5.27,-0.98,3.22,-0.76,-1.58,1.57,-0.88,4.15,1.92,0.1,-2.46,2.02,3.05,-0.5,-1.47,3,0,0
2.96,-2.78,1.69,1.7,1.78,-2.1,-0.48,0.37,-0.16,0.82,-2.98,-1.63,2.75,-0.03,-1.29,-1.7,3,0,0
-0.82,-2.76,-0.3,1.34,1.71,0.35,-1.9,1.81,0.77,1.15,-0.48,-3.86,-0.33,0.44,-0.5,1.18,3,0,0
-0.15,-2.11,1.6,1.27,0.12,0.87,0.06,3.03,-2.74,-0.94,-1.61,-0.29,-0.97,-1.8,-3.53,-1.39,3,0,0
3.27,-1.48,-0.95,1.74,-1.24,0.13,-2.98,-0.64,0.89,-3.29,1.13,2.47,-3.03,-1.78,-0.74,0.54,3,0,0
-3.47,5.43,-0.8,-3.16,2.36,-1.65,-0.19,-0.69,1.95,0.94,-2.14,0.12,-3.68,-1.11,2.42,-2.09,3,0,0
1.43,-2.71,-0.43,-1.06,4.95,2.92,-1.6,-4.06,0.69,-0.65,-3.26,-1.22,1.97,-4.2,0.26,-1.79,3,0,0
4.48,1.93,2.28,1.99,-1.35,-2.43,0.26,-1.69,-0.16,-2.64,0.41,2.17,-0.06,-0.14,1.51,-0.85,3,0,0
-3.61,1.95,-0.98,2.39,-2.71,-5.45,4.07,-0.06,-5.58,-0.57,1.8,-1.4,-1.04,5.58,2.49,-1.58,3,0,0
2.33,3.22,-3.05,0.89,-2.27,-1.36,3.73,-3.47,-3.07,-2.74,1.72,3.9,-0.2,2.65,1.1,-1.84,3,0,0
2.33,-0.77,-0.1,-1.16,2.13,0.36,0.68,0.84,5.86,1.48,-0.53,-0.47,0.42,0.36,0.18,0.1,3,0,0
-1.1,-4.67,-0.88,-0.07,4.03,1.33,-2.14,2.84,1.25,2.43,-1.64,-4.38,1.04,0.05,-1.37,2.72,3,0,0
0.52,1.72,0.13,1.42,4.8,-0.68,-1.62,5.24,-3.27,0.9,1.71,-0.39,1.36,0.16,2.01,6.27,3,0,0
0.66,-4.28,-3.6,0.55,2.87,1.44,-2.57,-2.05,-0.41,-0.53,-1.58,-0.44,-0.81,-2.36,-0.86,-1.35,3,0,0
2.11,-2.93,0.13,4.09,-1.47,-3.81,-1.39,1.46,-4.97,-1.74,0.07,-0.81,-1.03,-0.61,0.51,0.46,3,0,0
2.1,-1.98,0.87,-0.32,-1.53,2.13,1.24,0.63,3.31,-0.76,0.96,-4.14,1.74,1.18,1.32,2.95,3,0,0
-0.21,-1.41,2.36,-4.33,7.97,1.12,0.82,-0.12,4.5,3.18,-6.64,-0.62,-0.59,-4.87,-2.31,-5.05,3,0,0
1.21,1.12,0.53,-3.04,3.05,4.0,-0.52,1.58,0.2,-2.21,1.02,-1.55,-0.78,-0.26,1.5,2.72,3,0,0
0.03,-5.38,-2.03,4.94,2.01,4.09,-0.29,-1.47,-3.74,-0.22,-1.02,0.57,6.1,-1.31,-0.18,-2.0,3,0,0
0.62,-2.26,-5.1,-0.48,0.61,-0.41,0.81,-0.74,-0.08,1.5,1.34,-5.83,0.5,4.81,4.3,1.43,3,0,0
2.43,-4.3,0.25,0.12,2.41,0.71,0.05,0.22,4.78,0.58,-1.33,-1.83,4.3,2.22,1.35,-0.57,3,0,0
-0.95,-2.54,-1.71,-0.27,1.51,-1.76,-0.06,0.29,-1.32,1.46,-2.84,-3.15,0.82,1.04,0.21,-1.55,3,0,0
-4.14,-4.51,-3.42,3.27,2.49,3.4,-1.44,1.88,-7.27,-0.49,-0.76,-0.47,2.64,-0.35,2.04,-2.3,3,0,0
-3.24,-1.13,-0.03,-1.16,3.06,1.63,-0.96,2.28,0.84,1.26,-2.74,-1.03,-3.28,-3.59,-3.23,-1.01,3,0,0
1.47,1.0,2.32,-4.57,5.96,1.24,-3.61,-1.17,7.58,-2.51,-1.44,3.16,-3.59,-3.77,-2.01,0.69,3,0,0
1.49,-2.77,-1.6,2.05,0.11,-1.42,-0.65,4.42,5.2,1.7,1.38,0.85,-1.91,2.15,-1.94,1.29,3,0,0
4.21,-3.07,-3.17,1.03,1.33,-3.77,0.19,-3.74,3.48,0.94,-1.99,0.62,0.9,1.35,-1.81,-1.15,3,0,0
-0.4,-0.09,-1.68,-1.04,0.59,-0.31,3.05,0.81,2.76,4.1,-2.71,-4.29,2.62,2.7,-0.35,-0.12,3,0,0
-1.81,-0.97,1.65,-2.24,2.44,2.66,-2.32,0.85,-1.95,-2.04,-2.76,-1.97,-2.35,-4.24,-1.21,-0.38,3,0,0
-0.76,-0.03,-1.53,0.52,-0.13,0.51,0.38,-1.56,-2.44,-2.15,-1.45,2.76,-1.51,-2.22,0.38,-4.64,3,0,0
-1.67,0.71,1.35,0.08,0.1,2.11,1.3,-2.48,-1.06,-1.18,-1.21,-2.43,1.23,0.29,-1.5,-3.37,3,0,0
0.67,-0.88,-2.29,-0.24,0.27,0.39,-1.02,2.39,-4.98,-0.06,-2.45,-1.14,-2.34,-4.59,3.37,0.17,3,0,0
-5.08,1.36,-0.13,-3.6,8.59,-0.56,0.36,0.58,3.04,4.3,-4.17,-1.21,-1.83,-1.62,-1.18,-3.61,3,0,0
-0.05,-2.07,0.99,0.76,1.1,2.37,-0.28,-0.63,-2.88,-0.54,-3.69,-1.39,2.05,-2.0,-3.43,-3.29,3,0,0
0.06,-0.31,-1.07,-1.08,7.0,-1.73,-1.94,-0.48,2.24,1.39,-1.77,1.34,-0.42,0.24,0.78,-1.3,3,0,0
-1.42,-1.91,0.7,-0.46,4.24,-1.45,-2.7,-0.99,-1.14,-1.33,-0.88,-3.14,0.8,0.2,3.78,-0.03,3,0,0
-0.1,6.48,0.51,-1.01,-3.27,-2.72,-0.34,3.02,-0.3,-2.97,3.21,0.21,-4.25,1.59,4.01,5.61,3,0,0
-0.3,0.62,1.28,-0.94,4.25,-1.71,-1.3,-0.3,0.32,0.05,-3.33,1.99,-0.02,-3.17,2.45,-1.93,3,0,0
-0.77,-3.78,-1.02,-3.0,4.11,-0.11,1.93,-3.51,-2.01,2.65,-6.36,-6.44,3.04,0.57,1.17,-6.37,3,0,0
-0.55,0.59,-1.6,-2.39,4.11,0.79,-2.05,-1.05,2.38,-0.99,0.33,-0.91,-2.55,1.13,0.64,-0.19,3,0,0
-0.12,3.1,1.66,-0.28,-0.18,0.92,0.64,3.34,0.08,-0.94,-0.12,1.49,-1.32,-0.21,0.28,0.71,3,0,0
1.49,0.41,-0.74,-0.76,-1.64,0.84,-0.16,0.21,-0.36,-3.06,1.03,0.47,-1.8,-0.67,0.26,2.49,3,0,0
-3.68,4.57,-1.83,-0.72,-0.19,1.23,1.83,0.15,-5.02,-1.06,-0.2,1.6,-4.26,-3.4,2.92,-1.37,3,0,0
0.71,-1.73,-1.39,3.34,3.59,-1.43,-2.59,-0.19,-3.35,-0.15,-1.52,1.97,3.38,-0.15,3.42,-2.13,3,0,0
-1.35,0.02,-2.76,-3.56,1.37,0.46,1.03,0.15,-1.66,1.73,-4.79,-2.83,-3.14,-2.75,-0.32,-3.61,3,0,0
-0.76,0.2,0.23,4.32,1.81,-1.19,-0.64,-1.76,0.65,-1.24,1.55,5.02,1.04,0.97,0.35,-3.14,3,0,0
0.07,-0.29,-0.47,0.39,2.03,-0.04,-1.26,0.59,-0.84,-0.95,-0.92,0.61,-0.45,-1.26,1.01,-0.31,3,0,0
-3.51,1.24,2.9,0.66,-2.04,1.86,0.8,4.09,-0.79,-1.27,0.84,-0.11,-1.8,-0.22,-5.13,0.56,3,0,0
2.34,-3.67,-0.99,3.89,-0.28,-0.33,0.48,1.17,-2.9,0.69,-0.98,-1.66,3.61,0.41,0.84,0.83,3,0,0
0.16,1.98,3.1,1.08,0.85,-0.45,0.7,0.76,-1.03,-2.19,-1.38,4.99,-1.01,-1.47,-1.77,-3.88,3,0,0
-0.1,-2.0,1.12,1.39,2.99,-2.26,2.02,1.46,0.15,2.26,-2.53,0.48,2.81,1.57,-1.89,-3.12,3,0,0
0.71,-0.42,-0.34,0.59,-1.84,-0.63,-0.46,2.11,0.89,-0.66,0.3,-0.84,-3.62,-0.37,-4.19,2.42,3,0,0
0.57,3.61,2.08,-2.57,1.48,0.99,0.72,3.15,2.58,-0.35,0.66,-1.15,-0.95,1.89,-1.49,1.97,3,0,0
0.11,2.66,-0.88,-0.88,-0.79,-2.47,-0.02,3.0,-2.9,-0.87,-0.07,-0.22,-2.99,1.12,2.32,0.11,3,0,0
1.83,2.42,5.87,-0.72,0.35,3.55,1.29,3.83,1.52,-2.34,1.08,-0.47,0.79,-1.31,-2.84,4.94,3,0,0
0.51,-2.13,0.12,-0.06,7.1,1.79,-1.18,1.82,0.95,2.24,-2.71,0.54,0.45,-5.13,2.88,-0.47,3,0,0
3.26,1.61,-3.49,-0.39,1.6,-3.22,0.72,-1.7,4.71,3.49,-1.28,-0.88,-0.02,1.28,3.71,0.85,3,0,0
3.27,-1.23,-1.21,0.94,-1.1,-1.67,-0.16,-3.2,1.32,-0.7,-2.58,0.68,1.49,-1.16,2.55,-2.37,3,0,0
0.86,-1.21,-0.38,3.0,-2.05,2.45,2.73,1.95,-1.27,-0.13,1.41,-0.44,1.94,2.52,-2.25,-1.1,3,0,0
4.31,4.7,-0.02,1.77,-1.14,-5.32,4.47,2.46,0.7,1.01,0.48,7.1,-1.19,1.06,1.65,-0.99,3,0,0
-1.43,0.73,-0.08,0.62,1.55,1.27,0.96,-3.71,-1.78,-2.14,0.5,-0.22,0.6,0.1,0.22,-1.06,3,0,0
1.45,-4.12,-0.96,-0.94,-2.92,1.32,1.12,0.21,2.23,-0.3,-1.2,-4.02,-0.67,0.79,-0.63,-0.3,3,0,0
1.82,-3.1,-3.55,5.55,-2.67,-2.74,-1.46,0.52,-3.11,-1.05,2.7,-0.78,0.89,3.33,1.58,1.85,3,0,0
0.88,-2.0,-1.97,4.49,1.95,-0.79,-2.13,-1.21,-5.15,-1.8,0.12,2.95,1.22,-1.89,2.75,-1.29,3,0,0
0.36,-3.85,-2.03,3.9,-1.76,1.39,-2.44,3.39,-1.07,0.31,0.9,-2.7,0.26,-1.44,-1.54,4.97,3,0,0
1.1,-3.43,-0.6,1.34,-2.4,3.44,-3.41,-0.22,-3.92,-4.85,0.82,-4.73,1.76,0.1,1.15,3.55,3,0,0
-3.02,3.47,2.98,-4.31,1.6,3.79,-0.74,2.66,0.61,-2.91,-2.25,3.07,-7.04,-4.99,-3.02,-4.2,3,0,0
3.71,-6.96,-0.85,2.63,1.68,-2.92,0.22,0.85,-3.44,1.41,-3.49,-2.47,2.22,-2.41,0.6,-0.11,3,0,0
4.44,-2.64,-2.9,3.43,-1.9,-3.39,0.13,2.67,1.18,0.64,1.65,1.12,-1.01,2.67,1.11,1.88,3,0,0
-3.47,2.19,-0.05,-3.26,0.84,-1.53,2.9,-2.22,0.57,0.32,-2.75,-2.22,-1.31,1.96,-1.37,-4.23,3,0,0
-0.8,0.01,-2.19,0.73,2.25,1.79,-2.2,-1.99,0.16,-1.39,1.03,0.01,0.82,1.13,1.02,-1.07,3,0,0
3.12,-3.31,-2.0,5.79,0.19,-0.56,-0.42,-0.05,-1.53,-1.23,3.1,1.24,4.65,2.56,0.76,3.93,3,0,0
3.55,-3.15,0.48,-2.09,1.46,5.97,-3.55,-1.46,-0.1,-4.53,-1.46,-2.08,1.48,-5.03,-0.6,3.23,3,0,0
-5.05,-0.77,-0.3,6.02,0.53,-1.7,3.55,0.52,-0.26,2.32,2.13,1.94,2.35,4.16,0.76,-3.93,3,0,0
2.62,0.73,-0.25,-0.16,0.23,0.9,-0.05,-0.78,2.07,-0.35,0.11,-1.29,1.21,-0.24,3.32,1.23,3,0,0
0.88,-1.98,0.27,3.3,-3.15,-1.07,-0.83,-0.34,2.07,-2.04,0.98,0.04,0.12,1.57,0.22,-0.63,3,0,0
-0.21,2.41,2.05,-0.82,5.79,-3.51,1.79,-0.43,2.08,1.8,-0.72,1.13,0.92,1.9,-0.03,-1.42,3,0,0
-0.26,-4.35,-2.34,-0.77,3.48,4.83,-1.4,-2.91,-1.19,0.0,-2.78,-5.42,4.13,-0.5,1.78,-2.89,3,0,0
-2.08,-1.29,0.59,0.87,3.01,-1.03,1.29,2.83,-0.23,3.24,-1.46,-3.75,2.44,2.82,-1.4,-0.06,3,0,0
1.93,-1.96,0.76,-0.73,-0.74,1.13,1.63,1.18,-0.39,-0.02,-0.36,-5.2,-1.81,1.22,2.37,4.01,4,0,0
-0.82,3.09,0.95,-2.97,1.62,-1.01,-1.1,-2.3,0.24,0.38,-1.24,0.76,2.59,-2.63,1.79,2.75,4,0,0
0.85,0.72,0.97,-1.34,-0.14,0.3,0.04,2.65,-1.44,-0.82,0.74,2.03,3.44,1.24,1.65,-2.52,4,0,0
2.79,0.94,4.56,2.73,-0.23,2.55,1.89,3.1,3.01,1.26,1.1,-6.58,-3.27,3.53,4.82,4.91,4,0,0
0.23,-0.04,6.25,-0.39,1.4,-0.44,2.29,-0.09,3.9,-1.0,-0.8,-2.48,0.2,-0.02,1.57,0.85,4,0,0
-3.78,-1.04,3.99,0.16,5.39,4.64,0.24,1.1,0.62,1.76,0.46,2.31,2.56,-0.89,-1.82,-0.15,4,0,0
1.0,0.64,-1.41,0.06,1.18,-1.6,0.07,-0.18,1.61,-0.62,-0.6,-3.15,-1.17,1.86,0.99,1.69,4,0,0
2.24,0.34,-4.09,-0.32,-0.36,0.55,-0.71,-1.47,-0.77,1.38,-1.04,-3.34,-0.67,0.59,1.9,3.1,4,0,0
-3.25,2.48,0.97,-1.79,1.52,1.43,1.17,1.31,-2.1,-2.41,-2.38,2.54,-2.41,-0.72,-4.22,-3.13,4,0,0
0.05,-1.85,3.73,-3.07,1.63,-2.01,0.93,-5.41,0.47,3.17,-2.82,1.67,0.76,-1.71,-1.23,-1.35,4,0,0
3.11,-3.23,1.1,1.58,1.65,-1.3,2.21,1.52,0.22,0.99,0.9,1.91,3.24,2.41,1.17,-1.23,4,0,0
0.47,-1.3,-0.27,-0.49,-1.38,0.46,1.64,0.68,-0.84,1.01,0.96,-1.86,2.03,0.25,1.59,2.14,4,0,0
-3.12,-1.11,0.79,-1.06,1.65,-0.87,-0.53,-0.98,-2.53,0.37,0.61,2.2,3.49,-0.26,2.15,-0.08,4,0,0
-5.23,0.07,-3.25,-0.45,2.31,1.44,2.55,0.55,-2.97,-2.97,-1.88,3.77,3.4,-3.65,-2.48,-0.61,4,0,0
-3.3,0.59,-1.37,-1.26,3.17,3.04,-4.61,2.34,-2.28,0.81,1.28,1.14,1.27,-0.51,-1.13,-0.07,4,0,0
-2.67,-0.43,0.66,0.22,3.23,4.95,-0.51,3.05,0.94,-0.6,0.33,-2.94,1.7,-0.42,1.8,2.32,4,0,0
0.3,0.45,3.63,1.78,0.25,4.81,3.94,4.11,2.36,-0.77,-0.71,-5.09,0.25,2.04,2.48,2.17,4,0,0
1.16,1.25,-3.15,2.07,-4.17,-0.03,-0.16,0.35,1.11,-2.06,-1.22,-6.65,-5.15,1.1,3.03,0.62,4,0,0
0.46,-1.63,-1.29,-0.06,4.14,1.87,-1.28,2.59,-0.37,3.17,0.15,1.01,-0.01,1.1,-0.9,-0.93,4,0,0
-0.3,-0.91,1.51,0.61,-0.4,1.44,1.69,-0.91,-0.28,1.87,-2.41,0.34,-4.15,-2.05,-1.71,-2.46,4,0,0
-0.73,2.72,0.41,-4.62,0.88,-1.98,1.23,-0.16,0.98,-3.3,-2.74,0.33,0.55,-1.76,-0.5,-1.46,4,0,0
-0.79,-5.3,2.24,3.08,0.95,0.28,-0.45,1.47,-2.13,-0.2,2.92,3.56,1.23,0.6,0.2,-2.55,4,0,0
-0.92,0.7,1.89,2.44,1.59,-4.22,-0.2,-1.51,-0.54,2.0,2.71,4.03,2.49,-2.79,0.74,3.34,4,0,0
3.87,-1.16,-4.96,1.76,-1.84,1.71,1.62,3.44,-2.64,-1.11,-0.14,-3.28,-2.07,3.89,3.09,0.86,4,0,0
-0.3,0.68,0.36,-4.44,0.8,-1.75,0.88,-1.02,-0.71,-0.96,-2.62,-0.05,0.69,-2.08,-0.82,-0.02,4,0,0
2.2,-0.51,-1.2,3.11,0.55,1.08,0.16,1.96,1.78,0.75,0.88,-2.56,-1.32,0.57,2.64,1.34,4,0,0
3.4,-1.52,-1.63,-0.56,-1.31,-3.56,2.02,-0.41,0.3,-0.83,0.19,-1.89,2.23,2.08,2.8,1.66,4,0,0
-1.75,2.47,-0.63,-0.84,4.45,2.89,-1.62,0.14,0.86,1.43,-1.28,0.39,0.12,-1.16,-1.94,1.0,4,0,0
0.53,4.02,-2.01,-1.79,-1.75,-2.42,-0.09,-1.42,-0.02,-1.3,-0.7,-1.58,-1.38,-0.41,0.74,2.01,4,0,0
1.17,2.85,-0.11,-2.15,2.71,1.73,-1.56,1.99,2.34,1.68,-0.62,-0.34,1.06,0.24,1.09,-0.47,4,0,0
-1.04,-1.89,2.97,2.92,1.66,2.32,-0.21,0.03,2.47,2.59,0.17,-1.84,-0.86,-0.58,1.31,0.76,4,0,0
2.4,-2.98,-1.96,3.47,-0.1,-1.6,0.28,-0.86,0.96,0.54,-0.51,-2.01,-3.89,0.58,-0.55,-0.03,4,0,0
1.82,-4.76,0.06,-4.55,1.0,-3.4,-0.59,-0.51,-1.36,2.07,-0.66,3.23,4.38,-0.69,-1.93,-4.52,4,0,0
-2.06,0.3,2.91,-3.0,5.88,2.98,1.01,1.86,-0.93,-1.94,-2.35,3.75,0.48,1.8,-2.4,-4.88,4,0,0
2.78,-1.62,0.34,0.46,1.23,-1.33,0.21,2.81,-1.37,-0.2,1.8,1.16,2.89,3.14,4.13,-0.68,4,0,0
-0.4,4.03,0.53,-1.83,1.07,4.38,-1.98,2.22,3.9,-0.36,-2.07,-7.45,-5.36,-1.81,1.36,4.2,4,0,0
-0.31,0.89,-1.72,-0.59,-0.25,1.24,0.16,-0.16,1.93,-3.43,-2.59,-4.38,-3.79,-0.15,1.39,0.01,4,0,0
2.31,3.92,-1.79,-2.61,0.89,0.35,1.54,2.06,-2.74,-2.51,-1.29,1.1,3.07,2.27,1.84,1.04,4,0,0
2.7,2.38,-0.6,-0.52,0.62,-0.85,-0.19,2.96,1.42,2.49,1.65,-1.19,0.79,1.4,1.35,1.79,4,0,0
0.63,-3.35,0.37,1.57,-2.54,-2.08,-0.36,-1.65,-3.39,0.5,1.14,1.2,-1.26,2.94,2.79,-3.3,4,0,0
1.81,-1.43,5.52,2.02,0.67,-1.05,1.0,1.97,-0.88,1.66,3.08,4.21,4.12,2.57,2.87,-1.96,4,0,0
2.86,-2.85,-4.18,-2.65,-2.47,-1.99,1.34,-0.56,-2.92,-1.24,-2.76,-0.98,-0.08,-0.16,-0.19,-2.02,4,0,0
-1.47,4.74,0.66,2.13,-0.6,-0.13,1.67,-1.9,-0.63,-0.97,-0.27,-2.24,-2.0,0.15,5.18,6.07,4,0,0
5.87,-2.04,0.03,-1.14,-0.43,-2.28,1.13,0.86,1.35,-0.25,-1.22,-3.83,-1.6,4.15,3.5,-0.36,4,0,0
-0.12,4.67,-3.4,-2.51,-2.1,-0.36,-1.38,0.03,-5.74,-4.51,-1.44,0.03,-6.17,1.83,1.97,0.33,4,0,0
0.31,-0.01,-1.67,-1.46,4.7,0.73,-2.12,-0.4,0.92,1.94,-0.82,-0.32,0.94,1.28,0.52,0.78,4,0,0
-3.93,-0.03,-1.2,2.26,3.34,-0.45,0.58,-1.61,4.55,1.83,-1.24,-0.21,-1.44,-4.69,-6.03,0.68,4,0,0
3.41,-2.51,0.46,2.83,-0.92,-0.88,-0.25,0.05,4.06,3.21,0.44,-2.92,-2.85,0.33,0.9,-0.86,4,0,0
0.92,1.14,2.2,-1.02,2.04,-4.01,1.59,0.21,3.23,2.2,-0.06,1.69,1.83,-1.93,-1.17,-0.2,4,0,0
3.16,-1.37,-0.15,0.51,-3.41,-4.56,-1.59,-1.91,-0.42,0.02,1.2,-3.24,-2.19,1.59,5.34,1.92,4,0,0
4.78,-1.51,3.22,-0.32,-1.28,0.75,-0.64,6.33,0.47,0.52,1.76,-1.33,-3.44,2.62,1.76,-3.93,4,0,0
-3.54,0.23,0.77,0.46,2.15,1.52,-2.04,-0.95,2.27,1.9,0.23,0.59,1.51,-3.05,-0.72,-0.4,4,0,0
3.92,-4.66,1.1,0.97,1.37,-0.05,-0.73,-0.8,0.73,5.91,0.8,-0.21,2.06,1.09,0.88,0.69,4,0,0
-3.23,1.47,2.24,-2.34,3.91,-0.05,-4.24,-2.85,2.0,4.96,-0.55,3.01,-0.31,-5.21,-2.28,-1.19,4,0,0
-2.11,1.18,-0.84,0.29,0.25,-0.65,-0.03,-3.05,-2.17,1.1,-0.97,-0.46,-1.84,1.18,0.47,1.29,4,0,0
-0.74,1.26,-5.49,0.81,-2.69,-1.59,2.22,0.15,-1.97,-5.78,-1.46,-3.53,-3.05,1.52,0.95,1.32,4,0,0
-2.53,1.4,-0.09,0.66,2.3,2.02,-1.59,0.01,0.2,1.24,0.84,0.72,2.29,-1.07,0.31,1.35,4,0,0
2.47,0.37,1.38,0.96,0.79,0.94,-0.21,3.87,0.92,2.8,1.93,-2.62,-2.79,3.51,2.36,1.41,4,0,0
2.45,0.8,-1.21,1.9,-1.26,-1.34,1.44,-4.27,2.65,0.23,-1.89,-3.57,-5.23,0.03,0.58,2.04,4,0,0
6.22,-3.33,-1.12,2.33,-2.8,2.01,0.61,-1.21,3.77,2.38,-1.42,-6.44,-1.36,0.24,3.99,1.2,4,0,0
4.56,-0.09,-0.32,-0.47,-1.11,-2.79,-2.05,-0.04,-1.27,1.83,0.84,-1.07,-1.42,3.05,4.78,0.05,4,0,0
2.39,2.12,-2.62,3.48,-1.88,-0.61,-3.32,-2.49,3.19,2.33,0.53,-4.46,-5.39,0.33,2.46,2.12,4,0,0
4.69,0.07,-4.6,-0.9,0.11,1.77,-1.1,-0.82,5.29,2.62,-3.27,-8.78,-6.37,0.67,-1.07,2.12,4,0,0
-0.13,2.37,-1.23,1.17,0.44,-1.72,-2.32,-3.14,1.43,0.87,-0.25,-2.25,-3.75,-0.98,0.63,3.23,4,0,0
-3.44,0.54,4.23,4.42,1.91,1.24,-0.15,0.75,1.24,0.23,2.41,1.1,-1.04,-0.92,1.54,1.47,4,0,0
1.9,-2.18,0.87,1.86,-0.88,-2.74,6.07,0.45,-0.31,0.04,0.43,-0.28,4.28,0.27,1.41,3.55,4,0,0
0.38,0.89,-1.21,-2.5,1.04,-0.53,-2.11,-0.92,1.33,-0.76,-2.16,0.06,-2.81,-0.81,-0.97,-3.73,4,0,0
-0.76,1.41,2.71,-2.83,1.14,0.98,-2.07,0.54,2.3,1.17,-0.72,-2.08,-2.25,1.43,-0.31,-2.22,4,0,0
1.42,-3.06,-5.86,1.97,1.93,4.04,3.09,1.78,-2.16,1.03,-0.53,-0.7,3.51,2.19,-0.86,1.66,4,0,0
1.29,-1.34,0.24,-0.86,3.1,-0.2,-2.06,-0.18,2.28,3.87,0.38,1.41,4.08,-0.47,-1.25,-1.56,4,0,0
1.9,0.7,-3.79,-0.04,-0.97,0.23,0.25,0.36,-2.34,-1.34,-2.17,0.05,-3.29,2.82,-0.13,-3.24,4,0,0
-1.19,-1.31,-1.34,4.29,2.64,1.13,-0.52,1.95,-0.17,-0.02,2.26,1.02,2.2,1.16,1.71,1.17,4,0,0
0.07,-0.42,0.72,-1.16,-1.3,0.13,0.61,2.29,-1.66,0.54,-0.25,1.61,-1.57,1.45,-2.27,-5.46,4,0,0
3.46,-3.09,2.78,-1.34,-1.87,-4.11,0.82,-0.88,2.29,-0.39,-0.68,-1.88,-2.67,0.43,-0.2,-3.22,4,0,0
0.53,-0.98,-1.46,1.24,-0.22,-1.07,-4.48,-0.77,0.92,3.17,1.71,-0.6,-3.24,-1.1,0.33,-0.97,4,0,0
3.08,1.58,0.45,1.46,-0.95,-0.28,-1.58,-3.32,3.07,1.03,-0.58,-1.66,-0.85,-0.38,2.73,0.28,4,0,0
2.31,-2.17,-0.75,1.6,-1.45,-4.59,4.19,-2.87,2.77,-1.63,-1.62,-1.41,0.41,-1.68,-0.53,0.58,4,0,0
0.2,2.71,1.56,2.64,-1.72,0.88,0.2,0.03,-1.68,-0.91,1.48,-0.3,-2.5,0.7,3.24,2.37,4,0,0
-2.39,1.85,-2.66,0.08,-1.58,-2.97,3.88,-1.28,-5.33,-3.77,-0.77,5.83,1.79,-1.91,-2.2,-0.72,4,0,0
-0.99,-2.23,0.1,-3.83,2.61,-0.55,-0.34,-2.62,0.55,2.31,-1.76,1.18,7.53,-1.92,-1.47,-0.66,4,0,0
-0.4,1.82,3.61,-3.81,0.71,1.66,1.58,1.2,2.95,-2.62,-2.55,-6.46,-2.34,0.29,2.77,2.83,4,0,0
4.61,-3.07,-3.83,3.97,-0.74,-2.71,0.13,-1.73,1.84,3.45,-0.42,-0.99,-3.85,-0.1,-1.96,-0.57,4,0,0
-1.4,0.43,-3.3,1.69,0.25,-0.52,-1.18,-1.23,-1.72,0.11,-0.83,-1.36,-5.23,-0.89,-0.68,1.78,4,0,0
2.82,-3.75,-0.65,-1.24,0.34,-0.85,-1.12,0.22,2.57,2.43,-1.64,-0.45,-0.03,-0.75,-2.26,-4.82,4,0,0
-0.41,-1.64,-0.57,-0.97,0.68,-0.03,-0.56,-1.83,-0.2,3.28,0.18,-0.77,4.15,-2.33,0.37,3.16,4,0,0
-0.86,0.06,0.48,-0.7,2.6,0.06,-0.43,-0.25,-1.87,-0.19,-0.88,0.98,0.93,1.27,0.53,0.22,4,0,0
2.73,2.6,-5.94,-0.51,-2.6,1.57,1.24,-1.04,2.04,-2.73,-3.27,-5.01,-1.23,-2.17,-0.7,2.37,4,0,0
1.72,-0.93,-1.55,-0.1,0.04,3.82,-0.6,5.69,-3.05,-1.4,1.68,-1.9,0.51,4.87,2.99,-0.24,4,0,0
-1.47,0.56,-4.19,-0.04,1.58,1.44,0.31,1.1,-1.6,-1.11,-0.9,1.5,2.94,-1.1,-2.08,-0.71,4,0,0
1.54,-0.67,-0.52,0.53,2.09,-1.92,-1.29,-0.7,-0.16,2.57,0.35,1.49,0.37,0.99,-0.56,-0.27,4,0,0
1.29,0.58,-1.88,-0.11,2.12,1.89,0.41,-0.4,2.12,1.59,-1.15,-1.17,3.01,-0.06,0.19,1.45,4,0,0
2.36,-2.14,0.21,2.27,2.45,3.88,-0.26,0.48,1.65,4.35,-0.27,-0.19,-0.87,0.98,-0.39,-1.22,4,0,0
1.41,-5.17,-1.9,2.72,1.09,-0.23,2.15,-0.91,1.99,1.79,0.34,-3.16,2.94,-0.75,0.83,3.63,4,0,0
4.39,-6.31,4.58,2.14,-0.26,-2.34,1.32,-1.71,6.27,5.68,-0.3,-5.71,-4.75,0.05,0.65,0.74,4,0,0
-3.05,-4.23,3.89,-0.37,-0.01,-2.9,1.35,-2.96,-2.34,-0.92,-0.26,2.01,0.26,-0.4,1.25,-1.8,4,0,0
-1.56,-1.02,0.27,-0.15,2.68,3.3,-2.58,2.3,0.84,2.83,1.45,0.59,1.47,-1.56,-0.69,-0.39,4,0,0
1.28,-1.04,-3.15,0.69,-0.63,1.57,-0.55,-0.52,0.85,-2.33,-1.54,-3.15,-3.23,1.71,-0.29,-1.79,4,0,0
-1.08,-3.35,-0.53,0.69,2.39,0.96,2.45,-0.01,1.89,-0.53,-1.16,-1.02,3.44,-0.24,-1.6,0.02,4,0,0
-2.12,0.32,4.73,-2.95,3.17,0.85,1.0,-1.3,2.74,0.32,-2.59,-0.29,-0.35,-1.38,-1.32,-1.28,4,0,0
3.4,-2.97,-2.61,2.46,-1.56,0.56,3.87,3.84,-2.83,-0.96,-0.43,-2.4,-3.73,2.94,-0.25,0.58,4,0,0
0.75,-2.69,-0.93,-3.3,2.39,0.78,1.93,-0.43,3.3,3.07,-3.03,0.29,2.5,-3.3,-5.09,-2.33,4,0,0
-2.51,0.53,1.54,2.28,-1.66,-3.16,1.84,0.74,-0.52,0.05,3.46,2.51,4.83,-1.95,1.54,1.8,4,0,0
1.44,1.12,-0.92,-2.54,0.85,1.43,0.12,-0.89,-0.29,-0.52,-3.3,-0.09,-1.55,1.25,-0.36,-3.97,4,0,0
1.88,-0.98,1.21,0.29,-1.3,1.13,0.67,1.45,4.69,-0.59,-2.39,-6.42,-7.36,0.61,-1.13,-1.44,4,0,0
0.78,3.65,-2.47,-1.14,-2.18,1.3,-2.17,1.42,-1.9,0.52,0.43,-3.97,-2.18,-0.88,3.91,4.67,4,0,0
-1.07,-0.78,-0.38,0.24,5.52,0.97,-1.94,1.09,0.86,1.96,0.86,1.41,3.78,0.33,-0.73,0.98,4,0,0
3.48,-1.49,2.8,-0.87,1.74,-2.07,1.18,1.37,2.69,2.51,0.64,0.0,3.23,0.9,0.02,0.16,4,0,0
-0.69,1.58,1.86,-0.29,1.13,2.98,-3.58,3.11,1.44,2.06,2.0,-0.84,-0.81,-1.74,1.0,0.37,4,0,0
-1.64,1.32,1.42,-4.16,1.73,-0.87,-2.93,-1.7,-1.69,1.48,-0.76,0.69,0.56,-0.03,0.85,-0.16,4,0,0
-0.8,-1.72,-3.69,1.61,1.31,-0.14,0.82,2.07,-1.37,-1.67,-0.71,-1.02,-3.2,-0.19,-1.01,0.35,4,0,0
-0.65,4.2,-2.47,1.23,-1.26,0.06,1.19,-0.08,-4.45,-2.3,0.48,2.48,1.83,-0.52,1.56,3.19,4,0,0
-1.23,-4.13,-1.24,2.52,-0.26,-0.8,-0.43,-1.36,-3.03,2.86,1.27,3.04,1.35,-1.16,-0.47,-0.97,4,0,0
-0.54,-0.27,1.99,-4.18,1.78,0.11,5.11,0.46,0.05,-4.08,-4.14,-0.31,-0.28,0.84,-0.36,-1.9,4,0,0
-1.23,3.18,-2.08,-3.18,-0.37,1.36,0.51,-0.51,-1.24,-1.31,-1.62,-1.42,0.92,-1.41,-0.69,2.23,4,0,0
3.78,-2.9,-1.09,2.79,-1.82,-2.99,-0.09,-2.74,0.84,3.6,0.39,-3.07,-5.54,1.89,0.28,1.28,4,0,0
1.25,-0.57,-3.66,1.21,1.86,1.34,-2.71,-1.57,-2.13,1.46,-0.16,0.97,1.86,1.57,1.23,-0.03,4,0,0
-1.92,0.33,-0.43,-2.66,5.24,2.51,2.44,3.37,-2.43,-1.81,-0.87,2.76,3.86,0.63,-0.28,0.26,4,0,0
-1.96,-1.0,-2.65,-0.85,3.58,1.11,-4.67,2.09,-5.14,1.04,2.68,6.2,4.31,4.29,-2.05,-5.04,4,0,0
-0.42,0.7,-1.57,-1.78,-1.21,-5.41,-2.42,-4.55,-2.98,2.54,1.29,5.28,3.84,-2.34,0.48,-0.66,4,0,0
-1.19,0.6,-1.19,-0.47,0.66,-2.59,3.19,-1.33,-4.06,-1.67,-0.98,1.5,1.03,1.07,-0.29,2.5,4,0,0
-0.4,0.34,-5.39,-2.07,1.14,-2.8,-1.54,-1.73,-1.91,-1.8,-1.99,1.09,0.48,-1.41,-1.13,-1.08,4,0,0
-3.76,2.6,2.67,-1.32,0.38,-0.39,0.3,-0.05,-3.0,-0.61,1.58,4.18,3.05,-1.7,0.47,0.77,4,0,0
2.76,0.33,-0.73,-0.68,-0.54,-1.24,-2.21,-3.62,0.72,2.68,-0.65,-1.16,-0.16,0.34,0.89,0.7,4,0,0
4.55,0.31,-5.97,-2.0,-1.46,-2.1,-0.11,0.42,-0.61,-1.23,-1.23,-1.77,0.47,1.83,0.13,-1.26,4,0,0
2.99,-2.93,-0.28,1.61,0.23,-0.09,3.11,3.84,-1.12,1.18,1.79,1.79,1.56,2.7,1.42,-1.66,4,0,0
-0.86,2.64,0.49,0.43,-0.99,-1.92,-1.4,-4.39,-1.18,3.65,0.25,1.94,0.06,-1.16,1.35,0.87,4,0,0
-0.0,-1.89,4.8,2.4,0.25,0.4,2.2,-0.61,-2.4,2.61,2.51,3.53,3.9,0.41,3.37,1.24,4,0,0
2.44,-1.8,0.76,-2.05,-1.86,-4.5,1.9,-0.75,-1.57,-3.1,0.01,2.13,4.19,1.56,1.73,-2.95,4,0,0
2.48,0.17,-0.47,-3.68,-1.93,-3.61,2.68,2.59,-5.1,-3.27,0.48,1.37,2.92,0.81,3.82,1.87,4,0,0
-0.5,-0.66,-2.01,0.93,2.05,2.01,-0.39,-0.98,3.06,-1.26,-2.24,-6.19,-3.1,1.09,0.07,2.17,4,0,0
3.26,-3.07,-1.63,2.21,-0.94,1.16,-1.24,0.87,2.53,1.71,-0.55,-5.22,-3.85,1.48,2.11,-0.67,4,0,0
2.36,0.17,-1.55,-3.93,-1.37,-2.61,-1.27,-3.33,1.74,-0.08,-2.35,-1.06,-0.02,-1.25,-1.1,-2.76,4,0,0
-0.24,-0.0,3.1,-4.15,0.34,-0.93,5.23,0.21,-2.84,-1.25,-1.89,1.69,2.13,-1.14,0.94,1.39,4,0,0
-1.39,0.59,1.19,-0.27,1.91,2.17,-2.18,-2.43,0.66,5.12,0.28,-2.63,1.88,0.85,2.45,3.33,4,0,0
-1.14,3.85,-5.4,-0.97,0.93,1.8,-3.21,0.6,-4.57,-0.82,-0.61,4.98,0.64,-0.87,-0.63,-2.93,4,0,0
1.93,-3.16,-0.91,4.89,2.96,4.75,2.18,5.15,-1.39,0.57,-0.09,-2.46,-3.06,4.24,2.65,0.73,4,0,0
1.35,0.35,-0.25,0.25,-0.0,3.97,-0.54,3.85,-2.86,2.17,1.1,2.29,1.95,-0.03,2.03,-1.26,4,0,0
1.89,-0.85,-2.73,-0.26,-0.32,2.24,2.02,1.43,-2.94,0.38,-0.31,1.33,1.58,1.53,0.08,-0.8,4,0,0
0.64,-5.75,1.27,2.36,2.6,2.28,-1.57,2.76,-0.27,4.58,2.88,-0.59,1.8,2.51,1.79,-0.49,4,0,0
-1.53,-2.38,-0.01,-0.1,2.75,-0.94,0.98,-1.56,-1.84,0.04,-0.94,0.89,0.94,0.52,-1.15,0.97,4,0,0
0.65,3.86,-1.83,-0.16,-1.0,-0.67,0.23,-1.39,-0.31,0.39,-0.65,-1.58,0.82,-0.92,4.14,3.79,4,0,0
3.78,-0.92,-0.43,-3.68,-1.02,1.07,1.53,0.89,1.1,-2.26,-3.65,-4.77,-1.49,2.07,0.59,-2.09,4,0,0
3.55,1.88,5.65,-6.06,-1.43,-5.65,0.81,-2.7,6.09,0.9,-2.59,-1.64,-0.98,-3.07,0.03,-2.19,4,0,0
1.78,-0.55,-4.15,-1.49,0.08,-4.19,3.54,-2.11,-0.82,-1.59,-3.09,0.44,0.85,0.46,-1.74,-0.75,4,0,0
-4.32,6.39,1.1,1.77,3.27,0.48,-2.4,-3.09,2.87,1.78,0.09,1.76,0.27,-2.77,-0.18,1.96,4,0,0
1.22,-1.35,-2.02,0.7,1.58,-1.64,2.75,1.32,-6.07,0.34,1.97,4.13,6.4,4.33,2.92,2.2,4,0,0
0.76,-1.38,-0.92,1.94,-0.76,-1.86,-0.98,-4.3,1.34,1.64,-1.38,-2.6,-2.78,-0.11,1.16,0.1,4,0,0
-0.25,0.71,0.38,-1.53,2.48,1.21,-0.69,2.25,1.59,2.21,-0.22,0.8,1.29,-2.88,-1.78,-0.37,4,0,0
-0.67,-1.23,2.48,-0.88,3.02,0.83,1.21,4.34,-5.2,-0.33,1.54,5.68,1.96,2.85,-0.22,-2.43,4,0,0
-1.75,3.53,1.9,-1.03,0.85,-3.56,-0.97,-3.44,0.4,-0.29,-0.65,2.53,-1.24,-0.25,-1.03,-1.79,4,0,0
1.09,2.83,1.26,0.52,-1.03,-0.02,2.83,6.06,-4.75,-1.16,1.92,3.26,0.31,3.6,2.77,-1.49,4,0,0
0.06,-2.16,-1.05,1.17,-1.62,1.15,-1.67,-1.73,-2.84,3.36,1.25,-2.04,0.36,0.92,3.49,2.88,4,0,0
2.77,-3.6,0.28,-1.77,1.23,-2.95,1.86,-1.99,-0.02,0.1,-2.4,0.42,0.16,3.23,-0.94,-4.15,4,0,0
1.77,-2.7,0.83,2.64,-2.14,-0.56,-1.2,0.42,0.39,3.05,1.35,-1.39,-4.11,1.02,0.93,-2.26,4,0,0
-2.01,1.36,-3.35,2.55,0.37,1.52,-4.25,-2.05,-0.39,1.89,0.65,-0.59,-1.32,-3.07,1.86,2.54,4,0,0
-4.28,-2.42,3.58,1.84,3.25,0.97,-0.16,1.32,-0.91,1.12,2.25,4.21,2.91,0.88,-2.09,-3.34,4,0,0
-4.07,0.5,-1.83,-1.39,3.01,2.07,-1.55,-1.2,-2.59,-2.39,-1.88,3.43,-0.03,0.48,-3.76,-4.78,4,0,0
-2.56,-0.51,-2.47,1.4,2.42,0.33,0.38,-3.28,-2.87,0.21,-0.33,2.64,2.88,-0.36,0.05,2.13,4,0,0
2.38,0.75,-0.62,-1.4,1.94,2.42,2.69,7.08,-0.9,-2.9,-0.11,-2.26,1.36,3.02,2.19,1.79,4,0,0
3.15,-0.68,-2.03,2.03,-1.96,-3.38,3.83,-0.11,-0.38,-1.1,-0.75,0.86,-0.59,-0.23,0.81,-0.29,4,0,0
-2.98,0.92,-0.85,0.93,1.03,3.48,0.47,0.47,-0.26,-2.01,-0.82,0.08,-1.15,-1.07,-0.81,-0.36,4,0,0
-0.4,2.12,-0.92,-1.05,-1.42,1.23,-0.7,0.73,2.17,-0.45,-0.97,-3.55,-1.63,-0.0,2.23,-0.82,4,0,0
6.13,-3.26,0.82,2.4,-2.86,-4.69,0.48,-0.14,-0.03,3.03,2.39,-2.07,-0.58,3.63,7.57,1.37,4,0,0
1.93,-4.07,3.62,4.29,0.22,-3.06,-2.05,-1.05,1.6,6.27,3.65,0.79,0.31,1.14,2.2,-0.52,4,0,0
2.35,0.58,0.69,1.9,2.27,0.29,-0.33,-0.07,1.86,3.35,0.65,0.83,2.02,1.84,3.05,0.15,4,0,0
1.94,1.02,1.59,-0.96,1.94,0.29,1.77,0.87,1.49,-0.83,-1.34,1.04,-1.58,2.5,-0.97,-3.15,4,0,0
-0.12,1.45,-0.21,-0.52,-0.35,-3.11,1.07,-0.54,-0.04,-0.2,-0.06,1.42,0.12,-2.68,-1.45,1.08,4,0,0
5.26,-3.96,-0.57,-0.75,-0.57,0.27,0.81,1.81,1.4,3.51,0.98,-2.11,3.66,2.27,2.94,-0.43,4,0,0
-0.62,0.14,-2.78,-0.44,1.07,3.1,-0.72,2.0,-1.9,-1.14,-0.39,0.42,-0.07,0.81,1.24,-1.73,4,0,0
1.39,1.5,-4.52,-0.83,2.5,-0.36,0.41,2.04,-2.66,-0.73,-0.43,0.08,3.74,2.23,2.19,2.94,4,0,0
0.23,0.31,-1.2,-0.45,-0.84,0.09,0.31,1.56,0.0,-1.39,-1.22,-2.38,-2.5,-0.1,0.4,-0.88,4,0,0
-1.14,1.31,2.93,-5.63,-0.75,-0.57,-2.23,-2.58,2.07,-0.08,-3.8,-1.4,-4.92,-1.72,-2.08,-5.76,4,0,0
2.91,0.88,1.83,0.24,0.02,-1.65,0.16,2.01,-1.26,0.71,2.09,1.69,0.65,2.78,4.31,-0.03,4,0,0
-1.99,0.36,3.6,0.44,2.7,1.54,-1.74,-0.3,0.72,1.86,0.75,3.23,1.78,0.21,0.57,-3.67,4,0,0
0.47,-4.75,-3.31,0.04,1.42,-0.77,-0.91,0.01,-2.87,1.53,0.66,1.51,4.94,-0.66,0.51,0.32,4,0,0
3.03,-4.5,1.04,2.72,-2.93,-3.91,4.79,-2.78,-0.76,0.92,-0.25,-1.3,-0.5,1.69,3.11,1.04,4,0,0
0.81,-1.73,0.38,-0.27,0.65,-2.82,0.68,-3.3,2.93,2.46,-1.21,-1.67,-0.42,-3.4,-0.63,2.17,4,0,0
1.07,-0.02,-2.9,-0.73,-1.38,-2.46,1.14,-4.85,0.17,1.08,-2.42,-0.5,-0.41,-0.24,-0.64,-0.55,4,0,0
0.11,1.53,-5.29,-2.21,0.9,-1.44,-2.49,-0.38,-2.6,-0.79,-0.43,2.36,3.26,-1.75,-0.72,-0.04,4,0,0
0.51,0.27,-1.32,-1.44,-2.54,1.89,3.2,2.26,-3.18,-5.18,-2.06,-1.81,-1.94,1.26,0.89,-1.11,4,0,0
