@relation SyntheticData-N_1200-D_4-Nmin_100-Zmin_32-CL_2_1-R_0
@attribute X0 real [-3.83, 3.27]
@attribute X1 real [-4.58, 4.58]
@attribute X2 real [-4.98, 4.02]
@attribute X3 real [-4.22, 4.61]
@attribute cluster_idx {0,1,2}
@attribute is_noise {0,1}
@attribute Class {0,1}
@inputs X0,X1,X2,X3,cluster_idx,is_noise
@output Class
@data
-2.31,0.39,-1.19,-1.2,0,0,1
-1.14,-1.09,-1.82,-1.09,0,0,1
0.29,-0.17,0.13,0.03,0,0,1
-0.47,0.99,-0.58,0.37,0,0,1
0.16,-0.06,-0.7,0.17,0,0,1
-0.12,0.94,-1.84,1.4,0,0,1
-2.0,1.62,-1.73,0.44,0,0,1
0.11,-0.01,0.81,-0.18,0,0,1
0.66,0.49,0.79,0.49,0,0,1
1.01,-0.41,0.23,0.47,0,0,1
0.57,-1.44,0.77,-1.05,0,0,1
0.47,0.54,1.85,-0.31,0,0,1
-0.66,0.25,-0.34,-0.04,0,0,1
-3.13,-0.41,-3.68,-0.89,0,0,1
0.12,-1.2,-0.1,-0.6,0,0,1
0.16,0.67,-1.64,1.31,0,0,1
0.22,-0.33,0.91,-0.46,0,0,1
-0.12,0.52,-0.26,0.69,0,0,1
1.28,0.6,0.61,0.8,0,0,1
1.58,-0.87,1.72,-0.03,0,0,1
1.05,0.56,-0.34,1.29,0,0,1
-0.8,0.33,0.15,-0.52,0,1,0
-0.19,-1.47,-1.26,-0.86,0,0,1
-1.18,0.34,-0.06,-1.07,0,0,1
-0.46,-0.32,-1.35,0.11,0,0,1
-1.96,-3.06,-2.37,-2.68,0,0,1
0.27,0.42,2.45,-0.84,0,0,1
-1.46,-0.88,0.65,-2.15,0,0,1
1.89,0.83,1.11,1.0,0,0,1
2.63,0.44,1.98,1.4,0,0,1
0.29,-0.1,0.9,-0.03,0,0,1
-0.12,-0.23,1.58,-0.79,0,0,1
1.18,0.41,1.04,0.38,0,0,1
-0.3,0.9,0.24,0.42,0,0,1
0.36,1.31,0.26,0.98,0,0,1
-1.45,-1.24,0.01,-1.87,0,0,1
-0.18,-1.09,-1.66,-0.16,0,0,1
0.27,-1.0,0.86,-0.91,0,0,1
-0.39,1.87,0.1,0.6,0,0,1
0.68,1.56,-0.1,1.33,0,0,1
0.37,-0.32,-0.13,-0.25,0,0,1
-0.67,-0.72,0.2,-1.14,0,0,1
-0.81,-0.22,0.41,-0.98,0,0,1
1.14,-0.6,1.46,-0.23,0,0,1
-0.48,0.22,-1.68,0.22,0,0,1
-2.7,0.11,-1.65,-1.14,0,0,1
1.75,0.54,1.47,0.85,0,0,1
-0.04,0.19,0.14,0.36,0,0,1
1.67,0.03,1.09,1.05,0,0,1
-0.29,-0.11,0.16,-0.28,0,0,1
-0.11,-1.54,0.03,-1.61,1,0,1
0.58,-0.26,-1.85,-0.18,1,0,1
-0.01,1.12,-0.33,-0.58,1,0,1
0.06,0.49,-0.93,0.43,1,0,1
0.04,-1.52,-1.34,0.48,1,0,1
-0.11,-0.74,-2.25,-1.82,1,0,1
0.13,0.51,-2.17,0.69,1,0,1
-0.53,-1.06,-2.58,0.39,1,0,1
0.3,-0.24,-1.04,0.24,1,0,1
0.13,1.09,-0.53,-0.28,1,0,1
-0.38,-1.97,-4.98,2.4,1,0,1
0.04,0.63,-1.88,-1.27,1,0,1
0.59,1.24,2.51,-0.51,1,0,1
0.01,0.1,-0.73,1.01,1,0,1
0.27,-0.71,1.25,-0.62,1,0,1
0.08,-1.43,0.34,-0.17,1,0,1
0.5,-0.23,0.73,0.35,1,0,1
0.62,-0.31,1.24,0.13,1,0,1
1.14,-1.4,2.24,-0.85,1,0,1
-0.78,0.44,-2.31,0.35,1,0,1
0.31,0.54,0.16,-1.95,1,0,1
-0.17,-0.39,-2.06,0.27,1,0,1
0.47,-0.35,1.0,0.23,1,1,0
1.0,1.05,1.06,-1.22,1,0,1
-0.45,-1.02,-2.25,0.78,1,0,1
0.08,-0.42,1.73,-0.63,1,0,1
0.33,0.28,-0.52,-0.08,1,0,1
0.26,-0.8,-1.17,0.03,1,0,1
0.79,-0.17,0.48,0.46,1,0,1
0.33,-0.91,0.38,-0.74,1,0,1
0.42,-0.08,1.45,-0.05,1,0,1
1.24,-0.83,1.88,-0.62,1,0,1
0.33,1.88,1.27,-2.97,1,0,1
0.44,-1.02,-1.07,1.17,1,0,1
0.39,0.48,-0.41,1.24,1,0,1
-0.34,0.18,-2.59,1.13,1,0,1
0.17,0.88,-0.98,-1.35,1,0,1
0.08,1.83,-0.01,-1.34,1,0,1
0.08,0.4,0.15,-1.0,1,0,1
0.27,0.37,0.81,-0.67,1,0,1
0.38,-1.38,-1.05,-0.07,1,0,1
0.33,2.07,0.84,-0.73,1,0,1
-0.16,0.35,-2.0,0.23,1,0,1
0.06,-1.68,1.26,0.1,1,0,1
0.03,1.49,-2.26,-0.08,1,0,1
-0.05,-1.61,-0.78,1.55,1,0,1
1.12,-0.31,0.95,-0.84,1,0,1
1.33,0.14,1.85,1.34,1,0,1
-0.54,-0.46,-4.29,0.15,1,0,1
0.37,-1.22,0.84,0.82,1,0,1
-1.45,0.13,0.32,-0.72,2,0,0
0.67,-1.58,0.28,-0.63,2,0,0
-0.62,2.77,-2.32,1.65,2,0,0
-1.37,1.27,-2.11,-0.71,2,0,0
0.27,-1.9,1.11,-1.04,2,0,0
0.91,1.41,-0.84,2.54,2,0,0
1.3,0.02,1.06,2.09,2,0,0
0.87,1.33,-1.18,2.19,2,0,0
-0.21,-1.48,-0.31,-1.64,2,0,0
-0.33,-2.2,2.9,-1.14,2,0,0
2.7,-1.17,0.51,2.07,2,0,0
0.32,-2.25,4.02,0.01,2,0,0
-1.36,-0.77,-0.23,-2.22,2,0,0
-1.53,1.82,-3.75,-0.8,2,0,0
-1.55,-1.44,1.04,-2.34,2,0,0
-0.99,-0.45,-1.57,-2.07,2,0,0
-1.81,0.81,-0.85,-0.95,2,0,0
-0.52,0.24,-1.87,-0.92,2,0,0
-0.61,1.72,-2.38,0.43,2,0,0
-0.02,1.45,-0.69,1.63,2,0,0
1.93,-1.46,3.06,2.11,2,0,0
-0.41,2.1,-2.67,1.01,2,0,0
-1.11,2.12,-0.33,1.55,2,0,0
-0.99,2.19,-1.65,1.04,2,0,0
-0.95,1.56,-2.14,0.07,2,0,0
-1.12,-0.52,-0.55,-1.68,2,0,0
0.26,1.01,-3.1,0.35,2,0,0
1.22,-1.19,2.57,1.39,2,0,0
0.55,-0.44,0.07,0.42,2,1,1
-0.11,-0.29,-0.08,-0.14,2,0,0
0.44,2.99,-3.31,2.68,2,0,0
-0.46,0.14,-1.1,-0.64,2,0,0
-0.78,0.03,-0.32,-0.72,2,0,0
-1.4,2.35,-3.52,-0.17,2,0,0
-0.04,0.21,0.75,0.82,2,0,0
-0.68,2.97,-3.39,1.35,2,0,0
-0.22,0.43,-2.72,-0.73,2,0,0
-0.99,2.3,-0.94,1.58,2,0,0
-0.61,0.78,-1.56,-0.12,2,0,0
-0.66,1.83,-2.24,0.54,2,0,0
1.27,0.27,0.82,2.37,2,0,0
1.26,1.16,-4.41,0.72,2,0,0
-1.82,1.34,-3.16,-1.62,2,0,0
-0.87,0.05,-1.04,-1.09,2,0,0
-0.19,-1.32,0.37,-1.32,2,0,0
-2.79,1.45,-2.98,-2.16,2,0,0
0.01,0.06,1.92,1.38,2,0,0
0.82,-1.94,0.6,-0.81,2,0,0
-1.02,2.31,-2.86,0.43,2,0,0
0.11,-1.0,0.57,-0.54,2,0,0
0.16,-0.27,1.28,0.86,2,0,0
-0.97,-0.19,-1.27,-1.78,2,0,0
-0.99,2.52,-3.13,0.61,2,0,0
-0.19,1.44,-1.5,0.97,2,0,0
0.43,-1.14,0.37,-0.44,2,0,0
-2.38,1.0,-2.41,-2.1,2,0,0
-1.87,0.53,-3.4,-2.58,2,0,0
-1.33,2.2,-2.0,0.59,2,0,0
0.99,-2.96,3.28,-0.56,2,0,0
-1.58,-0.94,1.44,-1.69,2,0,0
-2.42,0.71,-2.37,-2.64,2,0,0
1.3,-0.66,2.62,1.98,2,0,0
-2.38,1.24,-0.73,-1.15,2,0,0
-1.84,1.13,-1.6,-1.03,2,0,0
-0.76,0.65,-1.23,-0.28,2,0,0
-0.12,-0.02,1.89,1.17,2,0,0
0.03,-1.18,-0.07,-1.19,2,0,0
-0.2,2.15,-3.27,0.93,2,0,0
2.21,-2.09,0.85,0.76,2,0,0
-0.45,0.29,-0.67,-0.14,2,0,0
1.13,-0.36,0.06,1.06,2,0,0
1.23,0.13,-1.22,1.09,2,0,0
-2.23,-1.65,0.27,-3.92,2,0,0
1.77,-1.77,-0.89,-0.42,2,1,1
-1.77,1.32,-1.22,-0.73,2,0,0
-2.96,1.3,-3.42,-2.91,2,0,0
-1.86,1.14,-2.98,-1.79,2,0,0
-1.12,-0.64,-1.42,-2.28,2,0,0
0.66,0.69,0.1,1.69,2,0,0
-0.66,1.17,0.7,1.26,2,0,0
-0.35,-0.75,-1.05,-1.59,2,0,0
-0.67,-1.09,0.8,-1.28,2,0,0
-0.58,-1.46,0.09,-1.93,2,0,0
0.4,-0.01,-0.19,0.69,2,0,0
-1.22,0.42,-0.23,-0.67,2,0,0
-2.51,2.36,-0.35,0.31,2,0,0
0.28,0.35,-2.06,0.08,2,0,0
-0.3,-0.17,-0.79,-0.55,2,0,0
-2.01,0.11,-0.78,-2.05,2,0,0
0.86,0.12,-0.16,1.29,2,0,0
1.04,2.49,-1.83,3.56,2,0,0
-0.6,2.41,-2.47,1.27,2,0,0
0.91,-0.72,0.03,0.38,2,0,0
0.6,-1.27,0.53,-0.3,2,0,0
-1.87,2.07,-1.59,0.16,2,0,0
1.45,-2.95,1.32,-0.86,2,0,0
-0.12,0.82,-0.11,1.09,2,0,0
1.63,-2.55,0.23,-0.92,2,0,0
-0.24,-1.33,0.79,-1.1,2,0,0
0.49,-0.55,-2.22,-0.98,2,0,0
0.06,0.49,-0.32,0.85,2,0,0
0.65,-0.1,1.07,1.34,2,0,0
0.12,0.75,0.39,1.59,2,0,0
-0.01,-0.13,0.66,0.43,2,0,0
-0.15,1.28,0.3,1.85,2,0,0
0.53,-0.81,0.94,0.28,2,1,1
0.83,-1.26,1.22,0.16,2,0,0
-1.02,1.15,-1.88,-0.28,2,0,0
0.85,-0.67,0.09,0.48,2,0,0
-0.59,0.55,0.9,0.65,2,0,0
2.06,1.46,-0.35,4.02,2,0,0
0.39,0.14,-1.59,0.24,2,0,0
-0.13,-1.67,1.22,-1.31,2,0,0
-0.47,2.93,-1.77,2.32,2,0,0
-2.68,-1.9,1.01,-4.2,2,0,0
-0.82,-1.09,1.31,-1.25,2,0,0
0.43,1.15,-0.65,1.85,2,0,0
-0.83,0.84,-2.23,-0.67,2,0,0
-0.49,-0.24,-0.11,-0.43,2,0,0
-1.35,-0.5,-2.04,-2.83,2,0,0
-0.43,-1.19,-0.89,-1.97,2,0,0
0.08,-1.42,0.81,-1.07,2,0,0
-1.55,0.45,-0.38,-0.88,2,0,0
-0.58,-1.08,1.2,-0.74,2,0,0
-0.87,1.4,-0.84,0.46,2,1,1
-2.0,1.75,-3.13,-1.31,2,0,0
-0.57,0.45,-1.22,-0.37,2,0,0
1.4,-1.46,-0.82,-0.48,2,0,0
0.16,-0.15,-0.21,0.15,2,0,0
-0.21,0.59,-1.27,0.29,2,0,0
-1.14,-1.66,1.17,-2.26,2,0,0
-0.06,0.64,-1.9,0.07,2,0,0
-0.15,-0.14,0.35,0.17,2,0,0
0.91,-2.62,0.02,-1.79,2,0,0
0.03,1.16,-2.08,0.64,2,0,0
-0.92,-0.5,0.9,-0.75,2,0,0
-1.89,0.28,-0.34,-1.42,2,0,0
-0.85,2.08,-0.89,1.55,2,0,0
-1.58,0.5,-0.43,-1.06,2,0,0
-1.4,1.84,-2.67,-0.14,2,0,0
-0.54,0.03,-0.67,-0.54,2,0,0
-0.81,1.9,-1.31,1.05,2,0,0
-0.82,2.88,0.15,2.94,2,0,0
-1.07,-0.36,0.05,-1.21,2,0,0
0.25,-0.71,-0.36,-0.47,2,0,0
0.56,1.44,-4.87,0.15,2,0,0
-1.18,0.81,-1.27,-0.62,2,0,0
-0.87,-1.11,0.78,-1.51,2,0,0
-1.39,0.6,-0.12,-0.58,2,0,0
-2.62,1.03,-0.56,-1.36,2,0,0
-0.42,-1.22,0.51,-1.29,2,0,0
0.76,-0.75,-1.2,-0.34,2,0,0
-0.26,0.9,-1.27,0.5,2,0,0
0.59,0.09,-1.69,0.28,2,0,0
-0.06,-0.41,1.98,0.66,2,0,0
0.41,-0.78,-1.07,-0.65,2,0,0
-0.16,-0.21,1.38,0.56,2,0,0
0.01,-0.58,-0.06,-0.42,2,0,0
1.04,0.75,-0.84,1.85,2,0,0
-0.92,0.04,0.18,-0.53,2,0,0
1.29,-2.9,2.07,-0.73,2,0,0
-0.68,-1.17,-0.8,-2.2,2,0,0
-0.27,0.07,-1.03,-0.23,2,0,0
-0.45,1.21,0.15,1.23,2,0,0
-1.26,1.27,0.33,0.8,2,0,0
-0.28,-1.08,-0.02,-1.13,2,0,0
0.26,0.16,-0.73,0.36,2,0,0
0.28,0.61,-3.75,-0.48,2,0,0
-1.84,3.03,-4.26,0.1,2,0,0
1.07,-0.06,-0.18,1.25,2,0,0
-1.34,1.84,-2.05,-0.07,2,0,0
1.81,0.76,-0.65,2.67,2,0,0
0.53,-0.92,0.56,0.13,2,0,0
0.88,1.08,2.65,3.65,2,0,0
0.41,0.3,-1.56,0.4,2,0,0
-1.71,-1.18,-1.05,-3.37,2,0,0
-0.8,0.64,-1.14,-0.32,2,0,0
-2.28,0.13,-0.59,-2.21,2,0,0
0.66,0.44,0.11,1.51,2,0,0
-2.83,1.43,-2.84,-2.46,2,0,0
-0.83,1.03,0.76,1.0,2,0,0
-0.55,0.37,-1.34,-0.57,2,0,0
0.62,-0.16,-0.48,0.55,2,0,0
-0.15,1.39,-1.56,1.01,2,1,1
0.94,0.78,0.21,2.28,2,0,0
-2.27,2.12,-2.78,-0.98,2,0,0
-1.01,-2.23,-0.46,-3.44,2,0,0
0.38,0.04,0.35,0.83,2,0,0
-1.74,1.78,-0.15,0.66,2,0,0
-2.47,1.83,-2.41,-1.31,2,0,0
0.32,-1.01,1.02,-0.0,2,0,0
0.57,-0.31,0.47,0.78,2,0,0
-0.2,0.2,0.87,0.74,2,1,1
-0.65,0.35,-1.68,-0.75,2,0,0
-0.13,0.28,-2.67,-0.79,2,0,0
0.77,-1.29,1.33,0.1,2,0,0
-1.15,2.15,-2.7,0.43,2,0,0
-1.11,-1.39,2.24,-1.36,2,0,0
-1.15,1.97,-0.33,1.28,2,0,0
-1.85,-0.74,0.04,-2.52,2,0,0
0.44,-0.05,0.06,0.8,2,0,0
-0.21,1.68,-1.65,1.19,2,0,0
-0.79,1.94,-2.63,0.47,2,0,0
0.42,1.0,-1.42,1.35,2,0,0
0.39,0.77,-0.4,1.59,2,0,0
-1.39,0.28,0.76,-0.57,2,0,0
-0.75,0.76,1.11,1.0,2,0,0
0.96,0.83,-0.97,1.7,2,0,0
1.75,-3.09,2.06,-0.53,2,0,0
-1.39,-1.52,-2.21,-3.97,2,0,0
-1.24,1.2,-0.95,0.01,2,0,0
0.51,-0.51,0.69,0.64,2,0,0
1.63,0.29,0.68,2.51,2,0,0
0.05,-0.66,-1.43,-1.14,2,0,0
-0.36,-0.87,-0.76,-1.63,2,0,0
-1.11,-0.1,-0.78,-1.31,2,0,0
-0.09,0.06,0.78,0.67,2,0,0
-0.18,0.51,-1.58,-0.03,2,0,0
-0.58,1.89,-2.89,0.68,2,0,0
-1.55,0.4,-0.49,-1.07,2,0,0
-0.55,1.65,-0.8,1.0,2,0,0
-1.87,1.98,-0.81,0.19,2,0,0
-0.25,1.16,0.15,1.61,2,0,0
-0.27,-0.05,0.95,0.65,2,0,0
-2.11,1.9,-0.71,0.05,2,0,0
1.63,-1.2,-0.36,0.33,2,0,0
0.93,-3.06,0.65,-1.84,2,0,0
0.8,-1.48,0.14,-0.54,2,0,0
1.07,-1.86,0.11,-0.64,2,0,0
-0.45,1.47,-1.52,0.88,2,0,0
0.23,-0.9,-1.08,-1.17,2,0,0
-1.21,0.96,-0.07,0.32,2,0,0
0.4,1.03,-0.19,1.71,2,0,0
0.46,1.01,-2.42,0.74,2,0,0
-0.45,0.86,-1.75,-0.05,2,0,0
-0.95,1.15,-1.2,-0.07,2,0,0
0.77,-1.52,-0.2,-0.7,2,0,0
1.72,-0.21,0.12,2.02,2,0,0
-2.14,1.48,-0.63,-0.66,2,0,0
0.11,-2.29,1.5,-1.46,2,0,0
1.1,-1.28,-1.71,-0.89,2,0,0
0.94,0.41,-0.85,1.34,2,0,0
-0.95,0.28,0.05,-0.38,2,0,0
0.23,-0.28,0.5,0.39,2,0,0
1.28,0.38,-0.13,2.16,2,0,0
-1.82,2.08,0.22,0.95,2,0,0
-1.69,0.04,-0.82,-1.8,2,0,0
-0.02,-1.18,-2.53,-2.28,2,0,0
-0.56,-1.47,-0.14,-1.86,2,0,0
-1.63,-1.22,-1.71,-3.52,2,0,0
-0.45,0.03,-0.82,-0.49,2,0,0
0.27,1.94,-1.96,1.73,2,0,0
0.91,-0.84,1.07,0.8,2,0,0
-1.02,0.39,0.64,0.11,2,0,0
-0.08,1.54,-3.66,0.15,2,0,0
0.96,-0.42,-0.5,0.47,2,0,0
-3.14,0.57,-3.86,-3.88,2,0,0
-0.28,-1.31,0.0,-1.44,2,0,0
-0.04,-0.15,1.27,0.82,2,0,0
0.44,0.01,-0.62,0.45,2,0,0
-0.41,-0.65,-1.05,-1.14,2,0,0
-1.85,0.5,-0.63,-1.2,2,0,0
-0.65,1.14,-1.76,0.08,2,0,0
1.54,-1.73,-1.1,-0.72,2,0,0
-1.26,0.34,1.26,0.02,2,0,0
2.23,-3.88,0.93,-1.38,2,0,0
-1.09,1.59,-1.79,0.27,2,0,0
0.69,-0.18,-0.02,0.7,2,0,0
0.17,-0.0,-0.72,0.1,2,0,0
-0.52,0.1,0.21,0.07,2,0,0
-1.38,-0.8,0.21,-1.86,2,0,0
-2.84,0.1,0.25,-2.45,2,0,0
-0.94,2.06,-1.84,0.76,2,0,0
-0.27,-0.83,-0.84,-1.27,2,0,0
-1.12,2.63,-2.11,1.3,2,0,0
-1.3,-0.9,-1.55,-2.7,2,0,0
-0.14,-1.37,-1.57,-2.13,2,0,0
0.03,1.95,-2.46,1.5,2,0,0
-2.15,2.56,-1.89,0.29,2,0,0
1.28,-1.82,1.33,0.24,2,0,0
-1.04,-2.15,2.61,-2.07,2,0,0
-0.1,1.08,-0.27,1.36,2,0,0
-1.02,0.32,-0.64,-0.56,2,0,0
0.15,-1.78,1.07,-0.97,2,0,0
0.5,-0.87,0.67,0.21,2,0,0
0.69,0.79,-0.27,1.88,2,0,0
-1.69,-0.79,-0.95,-2.88,2,0,0
1.08,-0.06,-1.2,0.83,2,0,0
-0.91,-0.16,1.95,0.19,2,0,0
1.12,-2.12,1.46,-0.24,2,0,0
0.97,-2.21,1.72,-0.3,2,0,0
1.02,-1.83,1.25,-0.24,2,0,0
-0.24,-1.05,0.57,-0.65,2,0,0
-0.21,-1.04,0.44,-0.95,2,0,0
-1.9,1.64,-1.51,-0.3,2,0,0
-1.39,1.71,-1.67,0.11,2,0,0
-2.32,1.11,-2.08,-1.63,2,0,0
-0.15,0.86,1.02,1.59,2,0,0
-0.9,0.58,-0.33,-0.19,2,0,0
-0.05,0.54,-0.36,0.75,2,0,0
0.19,-0.46,-0.83,-0.42,2,0,0
-0.73,0.76,-1.52,-0.35,2,0,0
-0.27,-0.25,-0.18,-0.21,2,0,0
-1.42,-0.58,0.59,-1.48,2,0,0
-0.41,1.16,0.3,1.62,2,0,0
0.24,-0.68,-0.03,-0.41,2,0,0
-0.8,-0.12,-0.96,-1.24,2,0,0
-0.22,-0.57,-0.64,-0.91,2,0,0
-2.01,0.33,-3.37,-3.18,2,0,0
2.41,-2.61,1.88,0.65,2,0,0
0.32,-1.82,1.16,-0.89,2,0,0
-0.9,2.14,-3.35,0.43,2,0,0
2.26,-0.86,-0.48,1.4,2,0,0
0.01,1.85,-1.49,1.7,2,0,0
-0.38,-0.44,0.08,-0.56,2,0,0
-0.15,-2.11,0.97,-1.75,2,0,0
0.62,-1.44,-0.03,-0.88,2,0,0
1.1,-0.1,-2.78,0.11,2,1,1
-1.02,0.85,-1.25,-0.39,2,0,0
-0.55,-1.56,-1.41,-2.74,2,0,0
0.71,3.34,-0.48,4.61,2,0,0
-1.91,1.67,0.04,0.28,2,0,0
-0.16,1.53,-1.86,1.05,2,0,0
-0.12,-0.17,-2.61,-1.33,2,0,0
1.23,-1.66,3.93,1.63,2,0,0
-0.29,0.77,-2.58,-0.21,2,0,0
-0.59,0.46,0.26,0.35,2,0,0
0.05,1.61,-0.9,1.77,2,0,0
0.76,0.44,-2.2,0.66,2,0,0
0.35,1.8,0.78,3.07,2,1,1
-2.66,0.96,-1.44,-2.04,2,0,0
0.42,-1.61,0.45,-0.99,2,0,0
0.9,-0.22,-0.74,0.6,2,0,0
-2.04,1.02,-1.61,-1.32,2,0,0
-0.1,-0.84,0.79,-0.39,2,0,0
1.43,-1.63,0.37,0.12,2,0,0
-1.88,1.58,-1.15,-0.48,2,0,0
3.27,-1.52,-0.76,1.57,2,0,0
-0.75,-0.56,-1.86,-1.88,2,0,0
-0.24,-0.29,-0.81,-0.67,2,0,0
2.26,-0.08,0.4,2.74,2,0,0
-1.74,1.21,-1.23,-0.83,2,0,0
0.56,-0.48,2.06,1.42,2,0,0
-0.49,1.38,-1.02,0.86,2,0,0
-0.93,2.18,-2.43,0.73,2,0,0
1.41,-1.13,-0.27,0.27,2,0,0
-1.31,-0.3,-0.7,-1.75,2,0,0
-2.09,-1.02,-0.24,-3.16,2,0,0
1.99,-2.87,2.42,0.14,2,0,0
-0.25,-1.14,1.17,-0.81,2,0,0
0.28,-0.83,-2.27,-1.46,2,0,0
-0.64,1.67,-3.08,0.04,2,0,0
-0.86,1.88,-1.43,0.76,2,0,0
-1.49,-1.34,1.34,-2.07,2,0,0
-0.21,1.43,-2.09,0.74,2,0,0
-0.13,0.19,-0.41,0.27,2,0,0
-2.2,2.35,-2.84,-0.73,2,0,0
-0.28,-0.46,-0.27,-0.74,2,0,0
-0.54,-0.44,-1.86,-1.5,2,0,0
0.3,-0.31,0.0,0.15,2,0,0
1.23,-0.1,-1.61,0.83,2,0,0
0.01,-1.11,0.81,-0.6,2,0,0
-1.23,-0.79,-1.62,-2.67,2,0,0
-0.94,0.31,-0.75,-0.8,2,0,0
-0.93,-1.75,0.81,-2.29,2,0,0
-1.64,0.72,-3.41,-2.32,2,0,0
-1.93,0.23,-1.43,-2.05,2,0,0
0.66,-1.14,0.1,-0.31,2,0,0
-0.01,-0.57,1.36,0.39,2,0,0
0.71,1.42,-1.81,1.66,2,0,0
-1.27,-0.41,1.01,-0.95,2,0,0
2.22,-2.56,0.41,-0.22,2,0,0
-2.15,-0.16,-1.33,-2.75,2,0,0
-0.0,0.1,-1.22,-0.1,2,0,0
-0.19,3.36,-3.32,2.63,2,0,0
0.8,-1.01,0.18,0.13,2,0,0
-1.11,1.14,-1.1,-0.03,2,0,0
-0.24,0.17,-1.2,-0.3,2,0,0
0.99,0.89,-2.53,1.04,2,0,0
-1.33,0.36,-1.03,-0.96,2,1,1
0.41,0.39,0.85,1.43,2,0,0
-0.39,-0.28,0.05,-0.48,2,0,0
0.97,1.44,-1.93,2.07,2,0,0
-0.28,-2.07,1.58,-1.51,2,0,0
1.41,-0.36,-0.73,0.82,2,0,0
-1.53,0.16,-1.89,-2.04,2,0,0
1.06,-1.38,1.35,0.37,2,0,0
2.4,-0.34,-0.24,2.3,2,0,0
-0.1,-2.11,1.55,-1.61,2,0,0
-0.78,-0.66,1.1,-0.68,2,0,0
-1.09,-3.23,2.0,-3.66,2,0,0
-1.36,-1.84,1.16,-2.69,2,0,0
-1.13,1.79,-2.03,0.32,2,0,0
0.1,1.25,-0.96,1.42,2,0,0
0.33,-1.84,1.89,-0.73,2,0,0
0.87,-0.93,0.56,0.37,2,0,0
0.2,-0.89,-0.2,-0.5,2,0,0
0.98,-3.63,2.0,-1.86,2,0,0
0.26,-2.01,1.11,-1.33,2,0,0
-0.15,1.88,0.39,2.55,2,0,0
-1.26,1.18,-2.9,-1.11,2,0,0
-1.35,-0.16,-1.31,-1.83,2,0,0
0.25,0.8,-1.35,0.79,2,0,0
0.08,-1.47,1.91,-0.46,2,0,0
0.97,1.44,0.26,2.96,2,0,0
1.15,-3.12,1.24,-1.58,2,0,0
-1.69,-0.2,-1.17,-2.04,2,0,0
1.07,0.03,0.25,1.61,2,0,0
-1.45,1.14,-1.72,-0.71,2,0,0
-0.18,-0.19,1.27,0.57,2,0,0
0.18,0.16,-0.98,0.07,2,0,0
-3.83,1.88,-1.32,-2.24,2,0,0
-0.94,1.65,-1.9,0.19,2,0,0
1.48,0.9,-1.09,2.28,2,0,0
0.77,-1.42,2.99,1.04,2,0,0
0.02,0.63,-2.44,-0.21,2,0,0
-0.94,-0.88,-0.37,-1.8,2,0,0
-0.95,1.51,-0.43,0.87,2,0,0
-0.39,0.2,-0.87,-0.37,2,0,0
-1.52,1.49,-2.56,-0.7,2,0,0
-0.7,2.34,-0.96,1.9,2,0,0
0.18,-0.84,-1.91,-1.51,2,0,0
-0.2,-1.37,1.65,-0.6,2,0,0
0.19,-0.75,-1.62,-1.22,2,0,0
-0.51,0.48,1.05,0.71,2,0,0
-0.14,0.13,1.97,1.07,2,0,0
0.09,-0.55,1.49,0.53,2,0,0
2.48,-1.61,1.04,1.43,2,0,0
-2.97,-0.03,-1.6,-3.46,2,0,0
0.93,-0.21,-1.03,0.53,2,0,0
1.65,0.49,-1.01,2.17,2,0,0
0.39,-2.42,0.25,-2.09,2,0,0
-1.06,1.15,-0.4,0.34,2,0,0
1.13,-1.34,2.18,1.05,2,0,0
1.03,-1.01,0.08,0.29,2,0,0
-0.45,0.91,-0.12,0.68,2,0,0
1.46,0.45,1.69,3.19,2,0,0
-0.17,-1.7,1.83,-0.86,2,0,0
-0.44,1.89,0.34,2.17,2,0,0
-0.68,0.94,-1.74,-0.15,2,0,0
-1.2,-1.27,1.05,-1.93,2,0,0
0.55,-0.76,-1.33,-0.6,2,0,0
1.89,-2.11,1.38,0.44,2,0,0
0.9,0.78,-0.07,2.19,2,0,0
-0.05,1.89,-0.74,2.0,2,0,0
-0.36,1.07,0.56,1.39,2,0,0
0.08,-0.26,0.03,0.12,2,0,0
1.04,-1.77,0.07,-0.74,2,0,0
-2.49,1.13,-1.34,-1.54,2,1,1
-0.81,1.81,0.58,1.98,2,0,0
-1.65,-0.41,-0.79,-2.4,2,0,0
-1.91,-0.59,0.5,-1.93,2,0,0
-1.39,0.07,-1.75,-1.94,2,0,0
-0.33,0.12,1.35,0.75,2,0,0
-0.7,0.9,-3.34,-1.0,2,0,0
-0.2,-0.25,2.66,1.23,2,1,1
-0.09,-0.23,0.76,0.24,2,0,0
-0.64,2.23,-2.87,0.78,2,0,0
-1.6,-0.2,-0.17,-1.65,2,0,0
-0.37,0.88,-1.96,0.05,2,0,0
-0.3,0.99,-0.75,0.94,2,0,0
-0.58,2.07,-1.91,1.16,2,0,0
-1.65,2.31,-2.75,0.03,2,0,0
-0.02,0.43,-1.0,0.42,2,0,0
1.05,1.88,-1.19,3.13,2,0,0
1.03,-0.71,-0.83,0.25,2,0,0
-3.32,0.08,-0.96,-3.57,2,1,1
0.01,-0.64,0.13,-0.54,2,0,0
0.26,-1.69,-0.52,-1.69,2,0,0
0.11,-1.85,0.11,-1.61,2,0,0
0.44,-1.68,1.08,-0.5,2,0,0
-0.1,-0.06,-2.15,-0.98,2,0,0
0.55,0.26,-0.89,0.75,2,0,0
-0.68,0.24,-1.47,-0.78,2,0,0
0.54,-2.48,3.15,-0.42,2,0,0
1.18,1.72,-3.67,1.75,2,0,0
-1.31,0.33,0.66,-0.36,2,0,0
-1.44,1.25,-0.99,-0.3,2,0,0
-1.21,-1.41,1.96,-1.71,2,0,0
0.9,0.3,-2.72,0.28,2,0,0
0.43,-0.17,1.37,1.25,2,0,0
-1.26,1.13,-2.98,-1.09,2,0,0
0.09,1.2,-1.7,0.94,2,0,0
-0.26,1.5,-1.81,1.04,2,0,0
-1.33,-1.36,1.51,-1.93,2,0,0
-0.7,1.53,-3.12,-0.07,2,0,0
-0.52,-0.42,0.16,-0.54,2,0,0
-0.92,1.73,-2.37,0.06,2,0,0
0.6,-0.74,-0.12,0.01,2,0,0
-0.45,0.08,-1.25,-0.66,2,0,0
-2.17,-0.52,-0.64,-2.75,2,0,0
-1.81,1.15,-2.77,-1.46,2,0,0
-1.44,0.42,0.07,-0.55,2,0,0
-1.55,-2.02,0.32,-3.46,2,0,0
-1.07,0.95,-1.15,-0.12,2,0,0
0.65,-0.53,-0.1,0.26,2,0,0
-0.89,0.35,0.68,0.03,2,0,0
-0.23,-0.11,-1.91,-1.07,2,0,0
-0.68,-1.43,1.13,-1.41,2,0,0
-1.38,1.74,-0.81,0.48,2,0,0
-0.83,-1.25,-1.09,-2.33,2,0,0
1.21,-3.0,2.01,-0.91,2,0,0
2.29,-0.93,2.24,2.74,2,0,0
1.69,-1.05,1.08,1.38,2,0,0
-0.03,0.69,1.56,2.02,2,0,0
-1.54,0.08,-2.36,-2.42,2,0,0
-0.62,0.06,-0.42,-0.4,2,1,1
1.49,-1.81,-0.56,-0.58,2,0,0
1.36,0.57,-2.0,1.39,2,0,0
-2.17,0.5,-1.5,-2.06,2,0,0
-1.02,-0.69,1.89,-0.83,2,1,1
0.44,-1.32,2.2,0.24,2,0,0
1.42,-1.51,-0.35,-0.15,2,0,0
0.92,-1.37,-1.14,-0.83,2,0,0
0.86,1.88,-0.63,3.01,2,0,0
0.01,-0.16,-1.23,-0.54,2,0,0
-0.44,1.01,-1.4,0.33,2,0,0
0.36,0.34,0.49,1.27,2,0,0
1.1,0.14,-0.32,1.35,2,0,0
-0.98,0.62,-0.51,-0.24,2,0,0
0.26,-0.13,-1.78,-0.41,2,0,0
-0.18,0.15,0.32,0.4,2,0,0
-0.23,0.89,0.3,1.32,2,0,0
0.32,2.52,0.27,3.6,2,0,0
-2.06,0.94,0.08,-0.73,2,0,0
-0.42,-1.02,-0.4,-1.52,2,0,0
0.41,-1.41,-1.06,-1.18,2,0,0
-1.7,0.43,-0.4,-1.05,2,0,0
1.42,-2.03,-0.21,-0.65,2,0,0
-0.51,1.77,-1.2,1.17,2,0,0
-0.6,1.81,1.72,2.48,2,0,0
-2.25,1.11,-1.51,-1.31,2,0,0
0.5,0.38,-0.07,1.36,2,0,0
-1.99,3.14,-2.25,0.89,2,0,0
-0.37,1.54,-0.91,1.07,2,0,0
0.44,-1.83,1.3,-0.61,2,0,0
0.3,-0.26,-1.9,-0.64,2,0,0
1.97,-0.69,1.4,2.14,2,0,0
-1.29,1.97,-3.45,-0.4,2,0,0
-0.77,0.98,-1.45,-0.02,2,0,0
-1.35,1.61,-1.0,0.33,2,0,0
-0.8,0.44,-2.32,-1.17,2,0,0
1.52,0.39,-1.82,1.55,2,0,0
-0.82,-0.65,1.51,-0.7,2,0,0
-0.93,0.7,-3.13,-1.49,2,0,0
-0.17,-0.91,-0.49,-1.06,2,0,0
-1.1,3.44,-0.06,3.36,2,0,0
0.04,0.56,-0.31,0.89,2,0,0
-0.77,-0.74,-1.62,-2.05,2,0,0
-1.3,-0.61,-0.58,-1.89,2,0,0
-0.7,2.17,-2.19,0.96,2,0,0
1.33,-1.03,-0.17,0.41,2,0,0
1.14,0.46,-1.04,1.5,2,0,0
1.03,1.71,0.51,3.58,2,0,0
-0.07,-0.41,1.08,0.15,2,0,0
-0.51,-0.49,1.83,0.17,2,0,0
-0.13,-1.16,1.6,-0.47,2,0,0
-0.97,-2.13,1.9,-2.42,2,0,0
0.99,-0.19,1.14,1.65,2,0,0
-0.54,-0.23,-0.65,-0.88,2,0,0
-0.72,-0.73,-1.91,-2.24,2,0,0
1.68,-1.2,-2.13,-0.35,2,0,0
0.08,-1.26,-0.67,-1.29,2,0,0
-0.46,1.81,-1.3,1.48,2,0,0
-0.79,0.22,-2.79,-1.63,2,0,0
-1.86,-1.17,2.6,-1.93,2,0,0
-0.26,-0.99,0.64,-0.8,2,0,0
0.57,0.05,-1.93,0.09,2,0,0
-0.97,2.65,-0.7,2.0,2,0,0
0.22,-0.73,-0.09,-0.33,2,0,0
1.03,-0.58,-0.52,0.48,2,0,0
-1.14,-1.08,3.12,-0.75,2,0,0
-0.11,0.7,0.23,1.29,2,0,0
0.36,-1.09,1.67,0.27,2,0,0
-1.51,-0.53,0.46,-1.72,2,0,0
0.3,0.29,-0.86,0.6,2,0,0
0.24,-1.69,1.24,-0.97,2,0,0
-0.81,0.67,-1.55,-0.51,2,0,0
1.85,0.13,0.29,2.35,2,0,0
0.14,-3.32,1.33,-2.75,2,0,0
-0.21,1.71,-1.14,1.52,2,0,0
-0.92,0.89,-1.12,-0.23,2,0,0
-0.28,-0.25,1.9,0.73,2,0,0
-1.1,-0.54,-0.6,-1.7,2,0,0
1.44,-1.41,0.83,0.61,2,0,0
-0.01,1.67,-1.28,1.68,2,0,0
-2.21,1.75,-0.85,-0.38,2,0,0
-0.27,-0.96,1.18,-0.55,2,0,0
-1.2,0.07,-0.34,-1.1,2,0,0
-0.97,-0.11,-0.14,-0.9,2,0,0
0.18,4.43,-2.8,4.19,2,0,0
1.49,0.09,-1.0,1.42,2,0,0
-0.49,-0.12,-0.64,-0.54,2,0,0
-1.47,3.23,-0.2,2.3,2,0,0
-1.15,-0.17,0.19,-1.0,2,0,0
0.58,2.9,-3.73,2.43,2,0,0
-2.09,0.64,-1.12,-1.74,2,0,0
-1.62,-1.05,-2.79,-3.86,2,0,0
2.63,-1.01,0.33,2.03,2,0,0
0.06,0.23,0.34,0.67,2,0,0
0.52,-2.94,2.28,-1.21,2,0,0
-0.6,1.26,-1.89,0.34,2,0,0
-0.13,1.14,-2.75,0.31,2,0,0
-0.54,1.27,-1.5,0.82,2,0,0
-2.3,-0.59,-1.03,-3.32,2,1,1
0.05,-1.94,3.56,-0.18,2,0,0
0.19,-1.09,1.67,-0.01,2,0,0
-0.91,0.01,-0.51,-0.83,2,0,0
0.73,0.18,-1.7,0.59,2,0,0
-0.3,1.16,-1.28,0.88,2,0,0
-1.84,0.44,-1.61,-2.0,2,0,0
-1.59,-0.21,0.89,-1.12,2,0,0
0.24,0.82,-0.36,1.42,2,0,0
-3.26,1.85,0.16,-0.92,2,0,0
-3.36,0.92,-1.09,-2.67,2,0,0
0.64,1.0,-2.45,1.05,2,0,0
1.12,1.79,-1.12,3.04,2,0,0
-0.15,-0.68,0.86,-0.21,2,0,0
-0.64,-0.76,-0.85,-1.4,2,0,0
-0.37,0.36,-0.93,0.13,2,0,0
-0.29,-0.7,-1.42,-1.51,2,0,0
-0.71,1.58,-1.09,0.7,2,0,0
0.72,-1.24,3.92,1.54,2,0,0
-1.11,1.65,-0.28,0.92,2,0,0
-0.71,0.18,0.2,-0.14,2,0,0
-0.92,1.03,-0.4,0.19,2,0,0
0.27,-0.93,0.99,0.08,2,1,1
-1.13,0.15,-0.2,-0.79,2,0,0
0.25,-1.4,-0.03,-1.02,2,0,0
-1.8,0.53,-1.01,-1.35,2,1,1
-0.27,0.4,-1.51,-0.33,2,0,0
0.67,-1.15,2.36,0.92,2,0,0
0.98,-0.45,0.67,0.97,2,0,0
1.09,-0.05,-2.43,0.16,2,0,0
-0.98,-0.57,-2.27,-2.47,2,0,0
-2.5,1.7,-1.0,-0.81,2,0,0
1.82,-1.77,1.29,0.7,2,0,0
0.49,-0.43,1.66,1.13,2,0,0
-0.29,-0.87,0.29,-0.76,2,0,0
0.84,-1.66,0.73,-0.36,2,0,0
-0.96,-0.64,1.14,-0.84,2,0,0
-0.92,1.27,-1.89,-0.07,2,0,0
-0.4,1.49,-0.19,1.47,2,0,0
0.77,-0.91,-0.86,-0.13,2,0,0
-0.2,-1.42,-1.01,-1.97,2,0,0
-0.53,-0.64,-0.57,-1.26,2,0,0
-0.61,2.32,-2.2,1.26,2,0,0
-2.02,1.74,-1.73,-0.67,2,0,0
-1.06,-0.74,-1.55,-2.4,2,0,0
-1.56,-1.09,0.54,-2.12,2,0,0
-1.19,-0.82,-0.84,-2.26,2,0,0
0.46,-3.59,2.19,-2.19,2,0,0
-0.63,-0.69,1.63,-0.21,2,0,0
0.93,-0.07,-0.97,0.64,2,0,0
1.02,-1.18,-0.56,-0.12,2,0,0
-1.6,-1.01,0.21,-2.3,2,0,0
-0.8,-0.07,-1.36,-1.21,2,0,0
-0.67,0.14,-2.67,-1.49,2,0,0
0.67,0.67,-1.08,1.35,2,0,0
-1.2,0.26,-0.75,-1.05,2,1,1
-1.78,2.31,-0.5,1.02,2,0,0
-1.92,1.46,-2.94,-1.34,2,0,0
-0.78,-0.96,-1.27,-2.34,2,0,0
-2.45,0.92,0.62,-0.8,2,0,0
-0.51,1.14,-1.27,0.5,2,0,0
-0.75,-0.85,-0.08,-1.43,2,0,0
-1.1,2.21,-1.58,1.06,2,0,0
-0.14,-1.61,0.53,-1.32,2,0,0
-1.88,0.36,1.81,-0.52,2,0,0
-0.57,0.21,0.64,0.18,2,0,0
-0.98,1.06,0.09,0.74,2,0,0
-0.68,1.18,-1.02,0.38,2,0,0
-0.78,-2.04,-0.2,-3.02,2,0,0
-2.26,-1.07,0.56,-3.02,2,0,0
-1.66,2.51,-1.28,0.95,2,0,0
0.61,1.04,-1.66,1.37,2,0,0
-0.02,-0.98,0.3,-0.52,2,0,0
-3.11,1.15,-0.73,-1.86,2,0,0
-1.75,1.36,-1.43,-0.5,2,0,0
-0.38,-0.51,0.69,-0.45,2,0,0
-0.17,0.26,0.89,0.58,2,0,0
-2.94,-0.4,-1.03,-3.63,2,0,0
0.6,-0.8,1.49,0.78,2,0,0
0.36,-1.54,1.33,-0.25,2,0,0
-0.6,1.35,-0.84,0.88,2,0,0
-3.04,1.27,-1.4,-2.05,2,0,0
-0.85,1.56,-2.09,0.28,2,0,0
-0.6,-0.42,-0.98,-1.21,2,0,0
0.72,-1.3,-0.43,-0.77,2,0,0
1.13,-1.66,1.02,-0.07,2,0,0
2.72,0.04,-0.78,2.82,2,0,0
-0.71,0.23,0.22,-0.12,2,0,0
-0.15,1.1,-1.48,0.64,2,0,0
-0.28,0.65,-1.07,0.2,2,0,0
1.02,3.11,-1.2,4.22,2,0,0
2.18,-1.01,1.02,1.82,2,0,0
0.13,1.13,0.39,1.98,2,0,0
-0.7,0.64,0.28,0.29,2,0,0
0.71,-1.44,0.94,-0.18,2,0,0
0.62,-1.27,0.1,-0.44,2,0,0
-2.57,-0.07,-0.52,-2.67,2,1,1
1.13,-2.18,1.06,-0.39,2,0,0
-0.09,-0.13,-0.49,-0.09,2,0,0
-0.04,-0.02,-0.2,0.12,2,0,0
-1.74,-1.06,-1.3,-3.28,2,0,0
0.14,0.26,-1.16,0.06,2,0,0
-0.8,0.89,0.18,0.56,2,0,0
1.26,-2.99,-0.25,-2.01,2,0,0
-1.17,-1.8,-2.7,-4.22,2,0,0
-0.07,-1.75,2.49,-0.59,2,0,0
-0.73,-0.87,-0.28,-1.72,2,0,0
-0.26,-2.37,1.95,-1.58,2,1,1
-0.3,1.76,-1.76,1.52,2,0,0
-0.56,-1.13,-0.9,-2.04,2,0,0
-0.34,-0.48,0.62,-0.31,2,0,0
-0.3,1.6,-0.74,1.55,2,0,0
-0.74,1.18,-1.46,0.14,2,0,0
1.02,2.34,0.63,4.35,2,0,0
-0.87,-0.63,-0.38,-1.26,2,0,0
0.45,0.71,0.07,1.59,2,0,0
-1.58,1.19,1.55,0.83,2,0,0
1.26,1.23,-2.49,1.98,2,0,0
-3.12,2.08,-1.33,-1.03,2,0,0
-1.49,-2.02,2.32,-2.22,2,0,0
1.08,0.52,-0.44,1.68,2,0,0
0.26,-1.9,1.87,-0.62,2,0,0
-0.08,0.13,-0.77,0.01,2,0,0
1.02,-2.59,1.42,-0.8,2,0,0
-1.17,-0.93,-0.34,-2.13,2,0,0
-1.77,1.51,-1.66,-0.44,2,0,0
0.72,-1.45,2.19,0.34,2,0,0
-0.69,-0.57,2.36,0.21,2,0,0
-0.13,-0.68,-0.21,-0.8,2,0,0
0.66,0.35,-0.4,1.4,2,0,0
-0.42,-0.69,1.43,-0.15,2,0,0
-1.43,1.59,-1.5,-0.19,2,0,0
-1.77,1.18,-1.28,-0.78,2,0,0
-0.32,0.41,-1.91,-0.37,2,1,1
-0.69,-0.4,2.28,0.19,2,0,0
-1.72,-0.11,0.27,-1.48,2,0,0
-0.53,0.35,0.06,0.06,2,0,0
0.76,-1.84,-0.08,-1.03,2,0,0
-1.08,1.72,-3.81,-0.6,2,0,0
-0.15,0.02,0.06,0.15,2,0,0
0.2,-0.5,-0.56,-0.23,2,0,0
2.04,0.38,0.33,2.99,2,0,0
-0.69,-1.45,-0.87,-2.58,2,0,0
-0.99,-0.84,0.44,-1.51,2,0,0
0.09,-3.31,1.13,-2.87,2,0,0
-1.51,-0.06,-0.78,-1.61,2,0,0
-0.91,0.57,-0.89,-0.49,2,0,0
0.57,-0.67,0.86,0.59,2,0,0
-0.84,0.26,-0.58,-0.48,2,0,0
-1.64,0.67,0.62,-0.22,2,0,0
0.72,-1.17,1.5,0.48,2,0,0
-0.78,0.19,-2.54,-1.47,2,0,0
-0.52,-1.8,0.3,-2.17,2,0,0
-0.08,-0.23,-0.13,-0.13,2,0,0
0.45,-0.96,0.88,0.12,2,0,0
0.24,0.03,-1.18,0.04,2,0,0
-1.72,-0.18,-0.93,-2.21,2,0,0
-2.75,3.45,-0.84,1.08,2,0,0
2.73,-2.96,1.93,0.71,2,0,0
0.1,-0.9,1.09,0.19,2,0,0
-0.83,2.38,-1.51,1.46,2,0,0
-0.36,-0.56,0.05,-0.61,2,0,0
0.93,-1.51,0.65,-0.1,2,0,0
1.5,1.52,-3.65,1.61,2,0,0
-0.69,1.46,-0.73,0.89,2,0,0
0.23,0.93,-1.36,0.98,2,0,0
-1.08,-0.41,-0.49,-1.59,2,0,0
-1.87,2.94,-2.48,0.5,2,0,0
1.72,-0.71,2.13,2.26,2,0,0
-0.28,0.86,-3.13,-0.48,2,0,0
-0.75,0.95,0.18,0.64,2,0,0
1.81,-2.53,1.29,-0.13,2,0,0
2.66,-2.11,-1.35,0.04,2,0,0
-0.17,2.44,-1.72,2.16,2,0,0
-0.92,1.95,-1.7,0.66,2,0,0
-0.77,1.42,-2.91,-0.2,2,0,0
-1.41,0.69,-2.43,-1.49,2,0,0
-1.21,0.14,1.14,-0.39,2,0,0
-0.76,-0.93,1.06,-0.99,2,1,1
-0.9,0.16,-0.72,-0.73,2,0,0
0.46,0.79,1.62,2.51,2,0,0
-0.86,0.54,-0.09,0.13,2,0,0
-1.91,0.29,-0.05,-1.34,2,0,0
-1.23,-1.74,0.59,-2.69,2,0,0
0.11,-1.41,2.47,-0.24,2,0,0
-1.4,-0.08,-1.21,-1.87,2,0,0
-1.05,-0.06,-1.58,-1.56,2,0,0
0.38,-1.0,-0.46,-0.73,2,0,0
0.23,-1.88,2.07,-0.61,2,0,0
0.52,0.16,-1.07,0.55,2,0,0
-1.07,1.83,-0.5,1.01,2,0,0
1.1,-0.46,0.42,1.14,2,0,0
-0.43,1.12,-2.31,-0.06,2,0,0
-0.47,0.67,-1.24,-0.1,2,0,0
-1.89,2.59,-2.74,-0.06,2,0,0
-0.15,0.19,-1.87,-0.6,2,0,0
-0.95,1.29,-1.11,0.38,2,0,0
0.46,-0.58,-0.36,-0.13,2,0,0
-1.11,0.63,1.0,0.43,2,0,0
0.98,-0.7,-0.13,0.52,2,0,0
-0.98,-0.21,-1.04,-1.43,2,0,0
1.32,0.88,-1.65,1.91,2,0,0
-0.38,-0.04,0.62,0.23,2,0,0
2.27,-1.3,1.11,1.46,2,0,0
-0.23,0.18,-2.71,-1.04,2,0,0
0.56,-0.74,-1.8,-0.76,2,0,0
-1.61,1.38,-1.72,-0.66,2,0,0
-1.39,-2.07,1.47,-2.7,2,0,0
-0.42,-0.63,-0.15,-0.91,2,0,0
-0.39,-0.93,1.01,-0.78,2,0,0
-0.06,0.3,-1.4,-0.13,2,0,0
-1.29,2.3,-2.13,0.45,2,0,0
-2.04,0.96,-1.88,-1.62,2,0,0
-2.27,1.77,-0.88,-0.3,2,0,0
0.48,-1.17,0.65,-0.23,2,0,0
-0.2,0.01,-0.69,-0.39,2,0,0
0.87,-0.2,1.19,1.62,2,0,0
0.11,4.58,-3.26,4.2,2,0,0
-1.8,-0.28,-0.83,-2.25,2,0,0
0.22,-0.56,-0.77,-0.42,2,0,0
1.32,-2.13,2.58,0.58,2,0,0
1.6,-0.34,-2.53,0.56,2,0,0
1.08,0.74,1.54,3.12,2,0,0
0.13,-2.04,1.49,-1.14,2,0,0
-0.66,2.18,-3.54,0.33,2,0,0
0.02,-0.13,1.93,1.26,2,0,0
-1.04,-0.91,1.18,-1.31,2,0,0
1.36,-2.67,2.08,-0.38,2,0,0
-0.07,0.58,1.07,1.29,2,0,0
0.03,-0.37,-2.25,-1.2,2,0,0
0.69,2.93,-2.34,3.38,2,0,0
2.23,0.04,-0.42,2.4,2,0,0
0.73,0.87,-2.82,0.68,2,0,0
1.72,-2.77,1.79,-0.28,2,0,0
0.66,0.11,-1.52,0.28,2,0,0
-1.18,2.52,-1.82,1.13,2,0,0
-1.81,0.76,0.16,-0.66,2,0,0
0.19,-0.36,0.2,-0.08,2,0,0
-1.16,0.34,-1.37,-1.26,2,0,0
-0.2,0.41,0.45,0.85,2,0,0
1.55,-1.69,-0.75,-0.45,2,0,0
0.26,-1.67,-0.77,-1.81,2,0,0
0.69,-1.72,0.58,-0.59,2,0,0
0.02,-0.1,-0.78,-0.17,2,0,0
-0.99,-1.95,-0.54,-3.17,2,0,0
-2.15,0.71,-2.02,-2.13,2,0,0
0.69,0.36,-0.41,1.17,2,0,0
-0.6,0.6,0.54,0.7,2,0,0
-0.07,-1.16,0.19,-1.18,2,0,0
0.53,-0.32,-0.08,0.48,2,0,0
0.16,-0.16,-2.54,-0.99,2,0,0
-0.63,0.56,-0.73,-0.1,2,0,0
1.63,-0.97,-0.57,0.41,2,0,0
1.85,-2.02,-0.14,-0.16,2,0,0
-0.3,0.64,-2.24,-0.39,2,0,0
0.76,-0.67,-0.6,-0.07,2,0,0
-0.97,-0.5,-0.46,-1.62,2,0,0
-1.74,-1.18,-1.27,-3.46,2,0,0
1.36,-0.06,0.53,1.98,2,0,0
-0.65,-1.12,-1.32,-2.23,2,0,0
-0.82,-1.7,1.38,-1.74,2,0,0
-1.21,-0.69,-0.23,-1.89,2,0,0
-1.52,-0.42,-0.04,-1.82,2,0,0
-0.88,0.76,-1.68,-0.64,2,0,0
-0.98,3.6,-1.15,2.92,2,0,0
0.14,-0.24,1.65,1.1,2,0,0
-1.88,2.8,0.7,2.0,2,0,0
0.43,0.78,-1.85,0.71,2,0,0
-0.02,0.59,-2.75,-0.24,2,0,0
0.32,-2.13,-0.38,-2.08,2,0,0
-0.14,-0.73,-0.96,-1.16,2,0,0
-0.69,0.16,-0.65,-0.62,2,0,0
0.69,-0.75,-1.14,-0.3,2,0,0
1.38,-0.58,1.61,1.8,2,0,0
-0.26,-2.21,-0.58,-3.0,2,0,0
0.21,-0.74,-0.72,-0.68,2,0,0
2.14,-1.95,0.34,0.32,2,0,0
-1.99,0.01,-2.33,-2.8,2,0,0
0.15,-3.45,1.76,-2.51,2,0,0
-1.26,-1.85,2.63,-1.9,2,0,0
-0.45,-1.43,1.12,-1.3,2,0,0
0.09,-2.55,0.56,-2.14,2,0,0
-0.37,-0.34,2.13,0.63,2,0,0
-0.7,-1.9,0.62,-2.44,2,0,0
-2.08,1.29,-0.84,-0.81,2,0,0
-2.08,0.97,-0.15,-0.97,2,0,0
-0.27,-1.66,2.39,-0.77,2,0,0
-0.23,-2.18,0.17,-2.31,2,0,0
1.22,0.6,1.83,3.14,2,0,0
-0.09,-1.38,-1.8,-2.16,2,0,0
-1.07,0.76,0.65,0.55,2,0,0
-0.22,1.58,-1.91,0.98,2,0,0
-1.3,-0.86,0.32,-1.91,2,0,0
-0.69,1.3,-0.18,0.88,2,0,0
1.33,-0.03,-0.53,1.42,2,0,0
0.72,0.15,0.86,1.8,2,0,0
-1.26,-1.29,-0.32,-2.84,2,0,0
0.15,-0.7,-2.44,-1.6,2,0,0
-0.25,-1.75,1.97,-0.94,2,0,0
-0.73,0.19,-0.61,-0.55,2,0,0
-0.01,1.35,-2.75,0.55,2,0,0
-0.58,-0.22,-1.03,-1.04,2,0,0
0.52,-0.81,1.24,0.61,2,0,0
-0.47,-0.64,0.19,-0.98,2,0,0
-0.63,1.2,-1.81,0.26,2,1,1
-1.84,1.72,-1.18,-0.05,2,0,0
-0.25,-0.02,-1.37,-0.52,2,0,0
-0.66,0.47,0.94,0.48,2,0,0
-0.93,2.27,-1.92,1.06,2,0,0
0.51,0.53,-2.25,0.5,2,0,0
-0.65,1.31,-2.43,0.14,2,0,0
0.01,0.81,-0.74,0.91,2,0,0
-0.17,-2.64,-0.08,-2.88,2,0,0
-1.6,0.18,-0.55,-1.34,2,0,0
-1.48,1.23,-1.67,-0.65,2,0,0
1.16,-0.28,-0.97,0.68,2,0,0
-0.37,2.11,-2.95,0.94,2,1,1
-0.54,0.25,0.01,0.08,2,0,0
-0.88,-0.99,2.0,-0.67,2,0,0
-0.29,0.22,-2.51,-1.02,2,0,0
-0.61,-1.03,0.24,-1.51,2,0,0
-2.14,2.01,-2.71,-0.81,2,0,0
-1.04,0.91,-0.33,0.18,2,0,0
-0.82,-1.14,0.23,-1.55,2,0,0
-0.39,1.58,-1.54,0.91,2,0,0
0.5,0.76,-0.71,1.32,2,0,0
1.3,-0.54,-0.21,0.95,2,0,0
-0.31,1.17,-2.95,0.13,2,0,0
-1.3,-1.46,-0.43,-2.71,2,0,0
0.11,-0.97,-1.4,-1.36,2,0,0
0.06,-0.56,-0.03,-0.23,2,0,0
0.31,-0.91,0.68,-0.04,2,0,0
-2.91,-0.66,-0.31,-3.72,2,0,0
1.37,-1.33,0.68,0.33,2,0,0
-0.75,0.18,-0.44,-0.37,2,0,0
0.71,-1.25,-0.2,-0.59,2,0,0
-0.08,1.49,-2.52,0.58,2,0,0
-0.53,1.07,-1.86,0.07,2,0,0
-0.94,-2.22,1.45,-2.57,2,0,0
-0.32,0.29,-0.39,0.07,2,0,0
-0.24,1.07,0.44,1.46,2,0,0
-0.36,0.92,-0.88,0.37,2,0,0
-0.49,1.74,-1.22,1.24,2,0,0
0.46,-0.86,2.2,0.77,2,0,0
-1.84,1.22,-1.54,-0.99,2,0,0
0.65,-1.87,-2.9,-2.53,2,0,0
-1.76,1.05,-0.16,-0.21,2,0,0
0.72,-0.05,0.85,1.5,2,0,0
-0.07,0.35,0.91,1.13,2,0,0
-0.88,1.05,-0.59,0.44,2,0,0
0.59,-1.75,1.16,-0.54,2,0,0
-1.31,0.42,-1.09,-1.07,2,1,1
-1.02,2.76,-0.94,1.99,2,0,0
0.63,-4.58,2.03,-3.53,2,0,0
2.05,-1.22,-1.12,0.23,2,0,0
1.54,-0.67,-1.87,0.09,2,0,0
0.06,1.38,-0.7,1.49,2,0,0
0.1,0.5,-0.28,1.0,2,0,0
1.13,-1.33,0.77,0.48,2,0,0
-3.02,1.85,-3.37,-2.47,2,0,0
-1.85,0.98,0.28,-0.37,2,0,0
-0.68,-2.48,2.2,-2.11,2,0,0
0.19,-0.41,-0.68,-0.25,2,0,0
1.44,-1.49,1.67,0.91,2,0,0
-1.0,1.39,-3.21,-0.7,2,1,1
1.21,-0.55,-1.9,-0.09,2,0,0
-0.06,-0.31,-2.1,-1.13,2,0,0
-0.37,1.28,-2.3,0.39,2,0,0
-0.93,0.51,-0.61,-0.32,2,0,0
0.26,-0.32,-1.51,-0.49,2,0,0
-0.32,-0.71,3.49,0.76,2,0,0
0.01,-0.31,-0.0,-0.11,2,0,0
-1.02,-0.68,0.26,-1.31,2,0,0
-1.01,1.0,0.87,0.95,2,0,0
-1.18,-1.2,0.42,-2.12,2,0,0
-1.0,-1.09,2.71,-0.57,2,0,0
0.59,-3.68,0.8,-2.81,2,0,0
-0.94,0.16,-1.37,-1.22,2,0,0
0.43,-0.65,-0.03,-0.04,2,0,0
-1.09,2.42,-1.98,0.81,2,0,0
0.4,0.83,-0.3,1.63,2,0,0
0.35,0.51,-0.65,0.94,2,0,0
-0.78,-0.39,0.32,-0.94,2,1,1
-2.53,1.69,-1.43,-1.03,2,0,0
0.38,1.93,-2.93,1.68,2,1,1
0.18,2.07,-0.45,2.53,2,0,0
-0.92,-0.53,-0.05,-1.25,2,0,0
-0.37,-0.65,1.0,-0.26,2,0,0
1.22,-1.43,-0.61,-0.32,2,0,0
1.48,-1.63,0.53,0.26,2,0,0
-0.37,1.72,-1.75,1.26,2,0,0
1.36,-1.13,2.05,1.39,2,0,0
-1.54,2.2,-1.35,0.64,2,0,0
0.92,1.67,-0.27,2.94,2,0,0
-3.07,2.25,-2.13,-1.37,2,0,0
-0.81,1.18,-0.02,0.83,2,0,0
0.16,1.7,-0.89,2.15,2,0,0
1.53,-2.01,0.5,-0.25,2,0,0
-0.09,1.67,0.92,2.62,2,0,0
1.15,2.29,-1.69,3.24,2,0,0
-0.57,0.54,-2.65,-1.02,2,0,0
-0.78,0.02,-0.9,-0.81,2,0,0
1.89,-2.61,0.53,-0.39,2,0,0
0.15,-0.32,0.68,0.42,2,0,0
-0.27,-0.52,0.47,-0.16,2,0,0
-2.0,1.5,-2.06,-0.77,2,0,0
-2.7,1.01,0.28,-1.11,2,0,0
-0.41,0.83,-3.0,-0.6,2,0,0
-1.38,0.77,-2.41,-1.33,2,0,0
1.07,-0.82,-1.73,-0.33,2,0,0
-0.72,1.03,-2.92,-0.54,2,0,0
-1.72,-0.26,-0.77,-2.35,2,0,0
1.25,-1.82,-0.81,-0.95,2,0,0
0.09,-0.13,-0.94,-0.09,2,0,0
-0.48,1.31,-0.28,1.34,2,0,0
-2.04,-0.39,-0.11,-1.98,2,0,0
2.35,-3.71,1.7,-0.86,2,0,0
-1.7,-2.09,0.57,-3.64,2,0,0
0.6,0.09,0.99,1.55,2,0,0
0.4,1.87,0.44,3.28,2,0,0
-0.95,-0.67,-1.08,-1.87,2,0,0
-0.19,0.72,-1.24,0.52,2,0,0
0.56,-0.33,0.78,0.94,2,0,0
1.13,1.72,-2.09,2.36,2,0,0
1.22,0.28,-1.17,1.11,2,0,0
1.08,-0.56,-1.53,-0.1,2,0,0
-0.59,-1.06,1.0,-0.92,2,0,0
-0.06,1.12,-1.77,0.58,2,0,0
0.73,-0.95,1.68,0.77,2,0,0
0.01,1.33,-1.36,1.14,2,0,0
0.22,0.66,-0.33,1.02,2,0,0
0.81,-0.87,-0.44,-0.08,2,0,0
-2.97,1.67,-0.88,-1.14,2,0,0
1.41,-4.02,3.31,-1.23,2,1,1
-0.5,-0.03,-1.06,-0.56,2,0,0
0.81,0.81,-0.61,1.81,2,0,0
-1.61,0.98,-4.2,-2.2,2,0,0
-0.23,-1.47,0.33,-1.46,2,0,0
0.49,0.48,-0.32,1.25,2,0,0
1.32,-0.01,1.62,2.28,2,0,0
-1.39,-1.06,-1.81,-3.06,2,0,0
-1.93,1.25,-0.31,-0.43,2,0,0
-0.6,0.23,-1.76,-0.63,2,0,0
-0.22,-0.2,0.58,0.12,2,0,0
0.81,-1.21,0.53,0.06,2,1,1
1.0,0.01,-0.95,1.0,2,0,0
-1.91,2.9,-0.95,0.95,2,0,0
1.01,-0.15,0.05,1.03,2,0,0
-0.26,0.09,-1.66,-0.62,2,0,0
-0.19,-0.52,0.38,-0.23,2,0,0
-3.11,0.15,0.75,-2.38,2,0,0
-0.13,1.99,-1.24,1.63,2,0,0
0.57,0.1,0.16,1.07,2,0,0
1.02,-1.27,1.3,0.54,2,0,0
-1.53,0.36,-0.43,-0.98,2,0,0
-0.39,-0.73,-0.54,-1.05,2,0,0
0.09,0.4,-0.33,0.67,2,0,0
0.06,0.19,0.77,0.89,2,0,0
-0.48,-0.65,0.99,-0.49,2,0,0
-0.57,0.57,-1.21,-0.3,2,0,0
-0.8,3.2,-3.68,1.48,2,0,0
-0.19,0.38,-2.42,-0.53,2,0,0
0.51,-0.72,-1.47,-0.71,2,0,0
-0.32,-1.38,0.47,-1.38,2,0,0
-1.29,0.32,-2.58,-1.78,2,0,0
0.37,0.28,0.34,1.28,2,0,0
-0.96,-1.4,1.14,-1.75,2,0,0
-0.62,1.12,-3.38,-0.65,2,0,0
-1.83,0.45,-1.94,-2.04,2,0,0
-0.28,-0.24,-1.11,-0.88,2,0,0
-0.79,1.49,-1.55,0.43,2,0,0
0.26,-0.42,-0.95,-0.25,2,0,0
-0.41,1.37,-1.4,0.78,2,0,0
0.39,0.7,-1.68,0.76,2,0,0
-2.57,0.01,1.66,-1.36,2,0,0
0.12,-0.92,-0.13,-0.57,2,0,0
-0.38,-0.6,-3.66,-2.53,2,0,0
0.88,0.15,-0.6,0.99,2,0,0
1.76,0.35,-0.53,2.09,2,0,0
0.91,-1.22,-0.09,-0.25,2,0,0
-1.42,1.06,-1.85,-0.82,2,0,0
-0.14,0.09,-0.83,-0.01,2,0,0
0.61,1.11,-0.19,2.14,2,0,0
-0.77,1.97,-1.65,0.98,2,0,0
0.37,-1.04,-0.19,-0.6,2,0,0
0.74,-1.1,-1.02,-0.52,2,0,0
1.41,-1.31,0.33,0.36,2,0,0
0.56,-0.1,0.96,1.14,2,0,0
0.69,0.1,-0.22,1.12,2,0,0
1.41,-1.62,-2.53,-1.28,2,0,0
-1.82,-0.15,-1.59,-2.43,2,0,0
0.28,-0.63,2.25,1.06,2,0,0
-1.57,1.74,-1.08,0.08,2,0,0
0.02,-0.78,-2.73,-1.92,2,0,0
1.78,-1.24,-0.6,0.41,2,0,0
-2.39,-0.88,-1.42,-3.83,2,0,0
