@relation SyntheticData-N_600-D_16-Nmin_140-Zmin_16-CL_1_1-R_0
@attribute X0 real [-7.68, 6.85]
@attribute X1 real [-8.64, 7.99]
@attribute X2 real [-7.60, 5.79]
@attribute X3 real [-7.37, 6.40]
@attribute X4 real [-8.43, 7.45]
@attribute X5 real [-7.10, 7.73]
@attribute X6 real [-10.71, 7.70]
@attribute X7 real [-6.82, 10.20]
@attribute X8 real [-7.59, 7.06]
@attribute X9 real [-6.35, 6.79]
@attribute X10 real [-6.87, 7.16]
@attribute X11 real [-8.58, 8.23]
@attribute X12 real [-6.94, 7.27]
@attribute X13 real [-7.41, 6.12]
@attribute X14 real [-9.35, 6.98]
@attribute X15 real [-7.03, 7.83]
@attribute cluster_idx {0,1}
@attribute is_noise {0,1}
@attribute Class {0,1}
@inputs X0,X1,X2,X3,X4,X5,X6,X7,X8,X9,X10,X11,X12,X13,X14,X15,cluster_idx,is_noise
@output Class
@data
-0.5,0.66,-1.48,-1.41,4.46,3.68,-3.34,1.03,3.87,1.76,-0.95,-0.94,-3.04,-1.78,-2.79,-1.55,0,0,1
-1.28,-6.01,-3.17,-1.07,1.02,1.5,1.12,0.59,2.36,-1.7,-2.29,-4.41,-1.51,-0.7,0.62,-3.65,0,0,1
-3.68,0.0,-1.36,-1.42,-0.63,-0.75,-1.71,5.31,0.15,3.04,-2.12,-2.85,0.57,3.19,1.89,1.51,0,0,1
2.42,-0.05,0.21,0.51,3.53,-1.64,2.51,1.73,2.14,0.94,-3.18,-0.78,2.4,2.38,-1.72,-3.74,0,0,1
-1.7,-0.67,1.19,1.14,3.58,-0.42,3.0,-1.44,0.68,3.8,1.55,2.26,1.53,-1.84,2.97,-1.64,0,0,1
-3.15,-3.85,0.03,0.27,1.04,-1.43,3.45,1.09,-3.22,0.51,0.76,-0.33,2.22,-0.76,-0.94,-2.83,0,0,1
-1.06,-0.14,3.31,-2.23,1.95,0.31,-1.69,2.35,-0.08,3.38,4.58,-0.23,0.33,0.77,-0.71,2.0,0,0,1
-0.23,-3.94,-1.88,-1.59,-0.46,3.0,-2.12,4.3,-0.74,-0.25,-0.09,-5.53,-2.81,1.57,-3.29,0.74,0,0,1
2.0,-0.64,3.2,-4.13,2.36,1.95,-3.24,1.69,0.11,1.9,4.98,1.74,0.38,-1.9,-1.57,2.38,0,0,1
2.16,-0.9,1.16,0.2,-3.98,0.99,3.31,-1.62,-3.11,0.12,0.61,0.24,0.81,-1.56,-0.38,1.18,0,1,0
2.03,-1.39,3.09,-2.36,0.09,-0.5,5.24,-3.19,-3.41,-1.24,1.54,3.85,0.05,-3.19,-1.38,-0.25,0,0,1
-2.69,-0.21,1.82,-2.05,1.74,-2.44,1.76,-0.69,-1.41,0.11,0.74,0.79,2.07,-0.75,-0.87,-0.81,0,0,1
0.74,0.3,2.46,-2.8,-5.41,0.96,-0.61,0.08,-1.41,-3.21,3.17,-1.69,1.8,0.15,-2.48,3.38,0,0,1
-4.07,3.48,3.61,-2.06,-1.85,-4.8,0.94,0.53,-4.18,-0.27,2.25,2.57,2.55,-0.05,1.23,3.19,0,0,1
1.13,-0.81,5.0,-1.73,2.59,2.09,-2.26,1.01,-1.25,0.9,5.01,-1.2,0.31,0.69,-3.58,2.44,0,0,1
-1.37,0.03,-1.56,4.61,1.06,1.86,-4.87,-1.9,1.42,-2.87,0.68,-3.03,-0.89,1.34,-2.99,-1.24,0,0,1
1.78,0.75,4.4,0.0,0.11,3.62,-0.14,-2.61,0.07,1.19,6.64,4.56,2.51,0.26,2.04,4.46,0,1,0
-4.18,-1.42,-2.77,1.76,-0.39,-0.64,-1.22,1.32,-1.32,-0.5,-2.55,-0.52,-2.39,3.75,4.27,1.43,0,0,1
3.29,-0.74,1.07,-3.59,-1.38,-1.55,-0.28,-0.05,0.71,-2.41,0.75,-1.71,-1.1,-2.03,-2.4,-0.83,0,0,1
-1.17,-0.72,-2.12,1.7,-2.98,2.12,0.79,-1.6,-2.05,-4.23,-2.84,-2.74,-5.49,0.72,-0.03,1.23,0,0,1
3.07,-0.81,1.95,0.07,0.87,3.47,-0.7,-3.02,0.04,-1.97,2.54,-2.04,-0.99,-1.27,-5.65,-0.37,0,0,1
-1.14,-5.38,-2.38,0.52,0.72,0.97,3.21,-1.37,-0.58,1.79,-0.05,0.08,-3.45,-1.83,3.25,-1.71,0,0,1
-0.4,-3.32,-3.51,1.17,0.36,1.18,-0.53,0.81,0.26,-2.57,-4.28,-2.55,-2.59,0.19,0.96,-2.02,0,0,1
-0.84,-0.07,1.46,0.42,0.51,0.26,1.08,-2.59,-0.82,0.7,1.76,2.05,-2.19,-0.48,1.97,1.42,0,0,1
-2.26,-1.39,-0.67,-3.22,-2.53,-7.03,4.09,3.06,-2.12,0.14,-0.78,-0.36,4.32,1.58,1.04,-1.27,0,0,1
-1.13,-1.95,0.79,-2.11,-0.1,-5.24,4.39,1.48,0.83,-3.89,-4.19,-3.33,0.97,-0.51,1.88,-5.23,0,0,1
2.53,2.86,-0.56,1.56,1.41,1.57,-4.86,-1.02,5.11,0.53,-2.27,-0.16,-2.84,2.05,4.72,1.85,0,0,1
-1.22,-0.81,0.01,1.34,0.28,-0.56,-0.32,0.75,-0.98,-1.09,1.89,1.42,-0.34,1.4,1.94,1.17,0,0,1
-1.37,-2.13,0.83,-1.01,-1.23,1.97,0.39,-0.91,-3.22,-3.04,-0.08,-1.64,-1.52,-1.59,-3.03,-0.58,0,0,1
0.46,2.83,-0.55,0.77,-0.53,1.86,-3.28,1.9,1.73,0.64,0.5,-2.06,-1.85,4.23,-1.12,3.43,0,0,1
4.74,-1.17,-1.66,0.02,-6.08,2.17,3.18,0.72,-1.01,-1.97,-4.69,-2.33,1.65,1.89,0.54,1.83,0,0,1
-1.21,-0.19,3.45,1.66,-0.77,-1.27,5.12,-2.99,-3.23,-0.04,2.15,2.1,4.75,-1.97,0.35,-0.85,0,0,1
-3.57,-2.51,1.66,0.84,-1.72,-2.22,1.02,3.41,-5.03,-0.02,2.46,-3.22,0.41,5.61,-1.98,1.66,0,0,1
0.48,-0.19,0.75,-2.29,4.05,-1.15,-0.96,1.66,0.93,-1.29,1.54,-0.85,1.22,-1.64,-5.36,-3.13,0,0,1
-0.84,1.91,-0.95,3.81,4.53,0.85,-3.38,1.87,2.19,1.85,-0.09,-0.67,-2.53,3.57,-0.21,-0.27,0,0,1
2.14,1.38,0.08,-0.29,0.85,0.0,-2.12,-0.76,2.43,0.57,-0.43,-0.09,-0.43,-0.61,-0.21,-0.09,0,0,1
5.08,-3.15,-3.58,0.09,2.1,5.8,-2.18,-1.88,1.08,-0.92,-1.37,0.11,-6.94,-3.98,-0.77,-0.54,0,0,1
-7.2,-0.3,-0.21,-0.16,-4.26,-7.1,0.71,3.12,-6.49,-4.94,-1.82,-5.49,-0.7,2.25,-3.25,-1.02,0,0,1
1.69,2.24,-0.45,3.19,1.24,0.39,-0.74,-5.08,-0.97,-3.44,-0.55,2.07,-3.63,-2.86,-3.69,-2.15,0,0,1
2.23,4.71,-0.74,6.03,-1.15,1.5,-4.69,-5.6,0.77,-4.96,-2.19,0.52,-2.52,0.44,0.75,1.19,0,1,0
0.67,0.83,3.02,-1.56,-0.18,-0.93,0.83,-2.16,1.04,-2.48,2.46,-0.42,-0.82,-0.83,-0.77,0.28,0,0,1
-2.22,-3.38,1.55,-1.78,-3.05,-3.27,3.81,0.86,-4.98,-0.56,0.04,-0.89,3.53,-0.7,-0.66,-0.88,0,0,1
0.75,-2.52,-4.17,1.73,-2.3,-0.12,3.56,0.29,0.6,-1.2,-4.81,-1.48,1.69,-0.37,2.21,-2.56,0,0,1
-3.92,-0.92,-3.02,-1.09,2.44,-3.26,-1.42,6.01,0.53,1.54,-2.12,-2.31,-0.83,2.5,0.51,-1.93,0,0,1
-7.11,-2.29,-0.22,1.61,-0.93,-3.74,2.18,0.76,-3.2,-3.55,1.31,-4.26,-1.7,2.34,-1.23,-0.99,0,0,1
-3.41,-0.67,3.21,0.43,3.49,-0.98,-0.8,-1.62,-2.39,1.09,3.07,2.38,0.43,-0.94,-0.21,-0.21,0,0,1
-2.2,1.23,1.95,2.15,1.66,-4.02,2.06,0.47,-2.02,2.88,0.8,1.26,4.21,2.82,0.32,-0.55,0,0,1
2.97,0.71,0.88,-1.55,0.57,2.39,-1.51,0.15,-0.67,1.94,0.18,4.33,-0.55,-0.73,2.85,2.78,0,0,1
-0.81,-1.62,0.81,-1.18,0.55,-1.85,2.05,4.03,-3.77,-0.25,-1.12,-0.84,3.37,1.89,-3.76,-0.59,0,0,1
0.55,-0.08,-4.51,0.46,-2.18,1.85,-2.48,0.14,1.99,0.86,-1.85,-0.53,0.4,0.45,2.27,1.15,0,0,1
-0.37,1.66,2.36,3.53,3.67,0.89,1.78,-3.33,-1.81,2.33,1.54,3.69,-0.89,1.02,-0.19,0.77,0,0,1
-2.41,-3.3,-1.27,-1.02,1.51,-1.62,1.5,5.68,-1.22,1.6,-2.63,-1.96,2.03,0.5,2.15,-1.97,0,0,1
0.81,0.85,0.58,0.06,2.88,-2.18,1.03,-0.92,0.93,1.86,1.55,0.28,0.26,-1.22,-2.32,-2.08,0,1,0
0.56,-0.25,3.64,-0.26,0.48,-1.67,1.52,-0.34,-0.83,-2.27,1.67,-0.89,1.7,1.39,-2.19,-0.72,0,0,1
2.95,-1.56,1.66,-0.06,-1.18,3.81,2.1,-1.32,-1.69,-2.37,-1.74,-1.11,-0.84,-0.47,-0.1,1.98,0,0,1
-0.38,1.05,2.65,0.38,2.58,-2.51,-0.27,0.45,2.59,-0.89,0.03,1.63,1.87,2.27,4.28,-0.42,0,0,1
0.54,-0.48,1.47,0.59,-5.18,1.52,0.8,-1.75,-2.23,-0.46,2.22,-3.4,-1.82,1.9,-0.32,4.22,0,0,1
0.72,-0.59,-2.14,1.69,-1.19,0.53,-0.93,-0.78,2.03,-4.13,-2.92,0.96,2.81,-1.74,3.09,-2.07,0,0,1
-0.2,1.27,-1.88,1.78,-6.56,-0.03,-0.5,-3.07,-2.08,-3.69,-0.59,-0.49,-0.52,-1.2,-1.06,0.2,0,0,1
0.18,2.77,-2.78,-2.07,3.25,-1.78,-3.53,1.13,4.89,-0.45,-1.9,-0.17,-4.97,0.71,-0.38,-0.96,0,0,1
2.01,-3.19,-1.1,-0.55,1.13,2.17,3.24,-0.78,-0.63,2.0,-2.51,1.86,0.29,-1.83,4.38,-0.07,0,0,1
2.99,-0.0,-0.82,1.04,0.64,-0.11,1.28,0.31,2.71,0.56,-2.3,-3.16,-1.68,3.43,-0.67,-0.27,0,0,1
-3.65,-1.24,0.18,2.46,4.6,-1.74,-0.34,-0.44,1.23,-0.57,1.02,-4.42,-3.6,0.86,-2.23,-4.16,0,0,1
-6.39,3.28,3.88,-1.61,4.22,-4.13,-3.4,3.63,3.78,-0.04,2.51,-2.72,0.75,3.89,0.99,-0.13,0,0,1
3.09,1.39,0.59,1.76,0.47,1.96,-1.94,-2.19,3.52,-1.45,1.13,-1.51,1.85,-0.43,-3.64,-2.17,0,0,1
-2.51,2.42,1.5,-1.55,-6.45,-6.14,0.55,1.84,-5.08,-1.62,0.9,-0.84,2.21,2.67,-1.13,2.92,0,0,1
3.92,2.9,-1.62,1.5,-2.68,1.78,-0.27,-3.1,1.91,-6.01,-4.39,3.05,0.01,-0.37,4.14,1.06,0,0,1
3.56,1.88,3.0,-0.67,0.42,-1.16,1.1,0.01,2.83,-0.59,2.14,1.48,1.76,1.69,1.51,0.95,0,0,1
3.83,-1.34,-0.28,-0.42,-0.09,0.24,1.82,0.38,-2.77,2.2,-0.59,4.32,0.91,-0.14,1.39,1.35,0,0,1
0.68,0.57,1.61,2.17,1.64,3.23,-0.7,1.05,-1.06,1.04,1.12,0.46,2.6,1.86,-1.33,1.69,0,0,1
-1.03,-0.95,0.63,-2.02,-1.26,-1.22,1.11,-1.81,2.29,-4.39,-0.7,-1.22,1.59,-3.19,2.26,-2.77,0,0,1
-0.84,0.62,-2.38,0.66,0.2,0.58,-1.54,-1.26,1.29,-0.5,-0.22,1.33,1.6,-1.22,-0.36,-0.85,0,0,1
0.54,1.27,4.3,-2.07,-0.76,-1.41,0.42,2.36,-1.65,1.77,4.89,-0.46,5.15,3.33,-2.67,3.58,0,0,1
-3.54,0.86,2.07,1.53,-6.55,-1.62,2.75,-1.81,-6.81,-3.48,2.53,0.18,1.5,0.71,0.45,4.31,0,0,1
-3.29,0.21,1.97,-0.93,-4.7,-3.49,3.31,2.43,-7.46,-0.24,0.8,3.68,5.94,1.73,2.81,4.39,0,0,1
-0.39,-0.61,-1.01,0.14,1.02,-1.08,-0.94,-0.44,-0.77,-1.49,-1.61,-0.65,-1.89,-0.85,0.18,-1.38,0,0,1
3.05,-4.14,-2.73,0.26,-1.7,1.03,2.15,-0.61,-1.67,-3.39,-3.26,-2.12,-1.82,-1.13,-2.6,-3.58,0,0,1
3.09,-0.45,-1.48,-1.33,6.31,4.26,-3.42,-0.15,7.06,3.84,0.85,0.84,-1.84,-1.45,0.4,-1.57,0,0,1
-1.89,-1.98,0.14,-0.91,2.59,2.29,-1.86,1.46,3.64,-2.77,0.09,-5.78,-2.39,0.33,-1.11,-1.52,0,0,1
1.89,-3.53,-2.25,1.83,1.77,1.21,3.16,-1.99,-4.05,-0.72,-3.84,0.93,-3.73,-3.52,-1.68,-3.63,0,0,1
-0.84,-0.98,1.46,-0.81,-0.25,1.32,-3.05,2.09,-0.22,1.28,1.89,-2.65,-2.16,1.45,-0.71,1.69,0,0,1
-1.07,-2.71,0.23,-1.8,-0.19,0.72,1.09,0.92,-1.59,-0.87,-1.02,-1.95,-0.28,-1.51,-0.09,-0.78,0,0,1
-0.11,-2.62,-2.14,-2.39,-0.74,2.42,-1.31,1.92,0.19,-1.03,-0.21,-0.39,-0.83,0.19,0.82,1.95,0,0,1
1.09,1.47,1.44,-0.18,0.4,0.34,-5.65,4.11,1.8,0.81,-0.17,-0.59,1.3,3.35,3.78,3.26,0,0,1
1.39,-2.78,-1.01,1.13,-1.29,0.87,4.76,-3.57,-4.06,2.42,-1.73,1.7,1.48,-5.02,-0.58,-2.98,0,0,1
-5.35,0.65,4.86,0.04,-0.98,-1.35,0.93,0.62,-3.1,-2.11,2.67,-2.97,1.04,2.51,-1.39,2.24,0,0,1
3.16,-2.21,1.16,-1.41,0.53,2.66,0.64,-1.43,0.31,0.89,2.41,2.2,-1.24,-2.24,1.0,0.55,0,0,1
-3.9,-1.88,-2.62,2.29,0.61,-1.07,-0.21,0.38,-0.8,-0.28,0.97,-2.3,-1.96,0.81,-0.86,-1.57,0,0,1
2.29,-0.12,2.14,-0.47,-1.13,2.3,-0.22,-3.34,-2.17,-2.17,2.53,0.84,-1.54,-3.33,-2.58,1.0,0,0,1
1.96,4.48,0.73,2.5,-2.84,-0.27,-1.71,-2.62,0.56,-0.85,1.34,2.95,0.84,1.55,1.28,3.13,0,0,1
-2.34,1.56,0.32,2.09,-0.78,-0.81,-2.64,-0.16,-0.83,-4.32,-0.91,-2.16,0.39,1.43,-1.74,-0.54,0,0,1
3.74,2.31,-0.22,0.25,0.88,1.09,-2.47,-0.89,3.82,-2.65,-2.0,1.26,-0.32,1.46,2.3,1.19,0,1,0
0.28,0.19,0.98,-2.48,0.7,1.2,-3.14,5.22,-0.0,0.93,-0.53,0.05,1.96,3.46,-0.02,2.81,0,0,1
-1.3,-2.25,1.05,-0.72,0.81,-0.28,-1.08,0.92,-1.83,0.44,2.92,2.18,0.63,0.99,0.71,1.4,0,0,1
-0.7,-3.19,1.5,-3.23,3.69,1.47,-1.05,3.61,0.72,2.7,1.67,-2.14,-0.09,-0.34,-2.53,-1.23,0,0,1
-0.59,2.79,4.78,2.59,-2.11,2.95,-1.3,-3.84,-3.49,-0.83,2.33,3.19,-0.43,-0.28,2.01,4.95,0,0,1
-0.1,-2.21,-0.38,-1.56,-0.07,0.82,1.16,-1.28,-2.76,-0.68,0.9,2.57,-0.11,-3.59,-0.61,-0.46,0,0,1
-0.84,-0.87,-1.02,2.2,-0.17,-1.42,1.97,-1.13,-3.79,0.56,-1.51,0.26,0.12,-0.08,-2.21,-1.75,0,0,1
-0.54,0.27,0.64,-0.92,3.07,1.57,-1.98,0.51,1.73,-1.55,-0.74,-0.3,-2.33,1.54,0.65,0.96,0,0,1
-0.65,1.42,1.04,-0.13,-0.31,-2.87,2.39,-0.6,-3.69,-1.5,-1.66,3.52,3.43,-0.08,-0.6,0.1,0,0,1
-4.14,0.31,-2.92,1.92,6.02,-1.48,-1.7,1.2,3.46,-1.99,-4.26,0.32,-0.31,0.03,1.15,-5.37,0,1,0
1.46,-0.93,-0.49,-1.51,0.71,-0.84,0.82,-2.16,-0.15,-1.38,-0.53,1.94,1.23,-2.25,-0.39,-1.89,0,0,1
0.58,2.03,-0.33,3.01,4.67,3.48,-1.41,-1.15,4.77,-1.26,-1.37,-1.56,-2.62,3.73,-0.87,0.24,0,0,1
0.15,-0.59,-0.12,-0.01,-0.22,-1.56,2.59,-0.19,-0.74,-0.34,-0.91,-1.43,-0.65,-0.44,-1.93,-2.54,0,0,1
-0.45,-2.37,0.14,-0.54,3.37,4.03,-3.33,2.01,0.34,-0.25,-0.25,-2.06,-4.97,1.07,1.15,1.84,0,1,0
0.49,-1.32,1.56,0.79,0.87,3.5,1.74,-1.67,-0.31,0.67,0.03,1.58,0.43,-1.4,2.19,1.03,0,0,1
4.99,-0.32,0.97,1.48,1.42,5.4,-3.16,-0.32,4.24,-0.9,-0.27,-3.91,0.03,2.81,-1.73,1.2,0,0,1
-2.03,-1.64,-1.03,-0.92,-0.41,0.15,-1.03,-2.22,-0.83,-2.62,-1.15,-0.21,-2.83,-4.44,0.13,-2.5,0,0,1
-1.1,-0.69,2.29,1.04,4.14,-0.85,-0.98,-0.06,-1.2,0.62,4.19,1.2,-0.36,1.38,-2.95,-0.24,0,0,1
2.14,4.41,3.41,3.43,1.42,1.56,-1.38,-3.12,2.48,-0.46,2.31,-0.5,-1.04,3.39,-2.26,1.91,0,0,1
-0.2,-2.49,3.09,-0.77,-1.77,1.21,2.81,-3.63,-6.19,1.38,5.29,3.31,1.59,-2.24,-1.8,2.41,0,0,1
0.7,-3.47,-1.95,-1.33,-2.88,-2.45,1.8,1.0,-4.79,-1.65,-1.26,2.33,2.03,-1.43,1.39,0.06,0,0,1
-1.87,-4.55,0.82,-1.09,0.3,1.41,-0.15,5.87,-3.9,1.81,1.05,-3.64,3.4,2.86,-3.97,0.1,0,0,1
-1.25,-3.88,-0.14,-1.06,0.55,1.39,0.65,1.23,-1.54,-4.13,-0.94,-3.21,-0.32,-0.31,-1.29,-0.38,0,0,1
-2.61,-3.11,1.58,-3.79,2.96,1.02,-2.09,2.56,0.59,1.42,3.7,-2.94,0.87,0.33,-2.27,0.43,0,0,1
0.51,1.73,1.98,-0.28,0.29,-1.49,0.67,0.47,-1.78,0.93,-1.81,1.88,2.59,-0.4,1.12,0.32,0,0,1
0.4,3.95,1.28,-0.84,0.71,-3.18,0.02,-3.25,0.89,-1.87,1.06,4.34,-0.78,-2.25,0.27,-0.21,0,0,1
1.11,-0.23,-3.48,-1.06,-2.22,-2.75,-3.09,2.15,0.97,-1.66,-1.36,-1.83,-1.98,2.0,-1.03,0.21,0,0,1
-0.36,-0.42,-1.25,2.68,-3.18,0.36,-1.07,-1.53,0.74,-4.91,-1.28,-3.73,-1.78,1.08,1.04,0.15,0,0,1
-0.4,-2.66,-1.85,-3.55,-4.11,1.43,-2.8,2.2,-1.53,-0.32,0.88,-2.16,-4.43,-0.95,1.52,3.43,0,0,1
-4.73,2.98,5.02,2.5,1.68,-4.24,1.58,-0.55,-2.86,1.95,3.88,2.7,5.84,2.45,0.77,1.16,0,0,1
3.46,-2.01,-1.08,0.48,1.33,2.49,-0.29,0.4,1.62,1.1,-0.15,1.91,3.74,-0.62,0.35,-1.21,0,0,1
-0.85,-3.28,0.62,-0.77,-0.01,1.73,0.17,1.43,-2.14,2.96,2.35,0.77,-0.69,0.23,2.99,2.24,0,0,1
-5.06,-1.69,2.25,-2.11,3.29,-1.36,-2.45,1.87,-1.99,2.93,6.16,-1.81,-4.51,0.07,-2.91,0.79,0,0,1
5.09,2.07,1.9,-1.32,-2.04,4.34,-3.62,-1.18,0.98,-2.6,1.38,2.12,2.51,-0.26,0.82,4.97,0,0,1
0.84,-0.74,0.33,2.37,1.82,-0.89,0.72,-3.65,0.54,-2.73,2.77,1.09,-1.67,-1.2,-1.87,-2.15,0,0,1
1.16,-1.66,-1.85,2.59,-0.09,-0.71,2.56,-3.92,-3.07,0.63,-0.64,0.46,-2.87,-5.12,-2.57,-4.07,0,0,1
-4.26,-1.39,-0.38,1.42,-1.82,-3.17,2.31,1.69,-7.59,-0.8,0.4,0.21,4.24,0.39,-2.24,-0.3,0,0,1
-2.73,-0.08,-1.65,0.55,1.86,0.06,-1.89,1.07,4.02,-1.82,-1.37,-2.93,1.12,0.16,-0.26,-3.07,0,0,1
-0.28,-3.56,4.55,-0.88,2.29,0.5,3.82,0.32,-3.88,2.12,4.0,1.0,1.71,-1.57,-0.86,-0.03,0,0,1
-3.68,1.03,0.02,-2.24,2.19,-2.07,-6.74,6.51,-0.58,1.6,2.05,-1.98,0.09,4.54,-1.91,2.8,0,0,1
-1.15,-1.66,-1.46,3.1,0.91,0.52,2.01,-3.35,-0.87,-1.4,-3.78,-2.82,-2.09,-2.1,-2.1,-4.37,0,0,1
2.58,0.12,1.12,-1.23,-1.53,1.75,0.58,-0.19,-1.63,-0.63,-0.42,-0.39,-1.35,-1.98,-3.01,0.11,0,0,1
0.96,1.75,-0.61,-0.08,2.29,-1.48,-1.12,2.6,4.53,1.53,-1.58,-3.11,0.06,2.91,0.16,-0.84,0,0,1
-4.22,-3.05,-2.32,-1.78,-1.38,-3.6,0.59,2.4,-3.28,-0.71,-0.62,-3.16,-4.45,0.33,-0.29,-1.05,0,0,1
0.27,-1.09,2.46,-0.65,2.13,-1.15,3.56,2.32,-2.39,3.81,0.33,-1.02,3.61,0.95,-2.31,-0.88,0,0,1
3.98,0.44,0.03,1.18,-0.14,4.2,-1.57,-2.03,2.56,-2.33,0.2,-2.79,-1.53,-0.19,-3.23,-0.25,0,0,1
1.15,0.12,0.72,0.57,3.32,2.32,-0.79,-3.66,2.8,-0.74,0.3,0.84,1.97,-2.43,-2.09,-2.45,0,0,1
1.91,-1.49,0.09,3.72,0.55,3.58,0.13,-2.55,0.94,-1.2,0.32,-1.39,-1.12,1.43,0.11,0.11,0,0,1
0.86,-0.5,-3.33,0.06,-4.42,-0.33,-0.55,4.35,0.18,0.15,-4.08,-5.39,-0.89,4.37,0.98,1.37,0,0,1
-2.12,1.39,-0.67,3.65,2.46,-1.12,1.16,1.31,-0.71,0.66,1.18,0.59,0.27,-1.26,-1.85,0.29,1,0,0
2.23,-2.96,0.6,-2.65,2.01,-0.4,1.67,-2.14,1.46,3.8,-1.08,-2.39,-4.87,3.59,-2.04,-1.01,1,0,0
-2.09,0.28,-0.73,1.79,-1.33,-2.24,1.88,-3.17,-4.05,-0.83,1.89,-0.21,-3.08,-1.19,-2.1,2.37,1,0,0
1.26,1.35,-0.83,0.57,2.47,2.27,-0.84,0.26,-0.52,-2.04,-1.84,1.41,0.76,-2.76,-0.94,1.42,1,0,0
4.79,-5.03,-1.57,2.74,2.98,0.14,-7.92,3.92,0.15,4.01,0.59,1.37,0.58,-0.03,-4.01,0.14,1,0,0
3.22,-0.6,-4.59,0.03,-0.79,0.06,0.18,5.66,1.62,3.62,1.81,-3.67,-1.23,-0.62,-5.0,-2.82,1,0,0
-0.45,0.31,2.18,-2.05,1.26,4.12,0.46,-2.98,-1.58,-4.18,0.27,2.63,0.92,-4.36,3.49,3.77,1,0,0
0.99,-1.06,-0.1,3.05,1.05,-0.89,-5.33,0.6,-1.85,0.82,1.04,3.36,3.12,-0.13,-0.86,3.25,1,0,0
-2.78,-0.55,-0.45,0.37,2.03,0.25,-1.3,2.74,0.25,-0.45,0.2,2.35,3.21,-0.42,-0.65,-1.94,1,0,0
1.48,1.56,-1.02,2.55,-0.78,-1.13,-0.68,-2.03,-0.82,1.47,-0.31,0.97,2.69,1.24,-1.18,0.92,1,0,0
-0.87,1.03,-0.19,1.25,1.6,0.38,-0.79,0.73,-2.13,-2.89,0.5,2.91,5.72,-1.67,2.3,0.68,1,0,0
-1.23,0.31,-1.91,1.2,0.79,0.38,1.82,-0.23,-2.06,-1.76,-0.22,-3.81,-2.13,-3.14,1.3,-2.93,1,0,0
1.86,1.52,-0.38,2.24,-2.72,-1.17,-0.16,-2.22,-3.49,-2.02,6.56,1.37,4.23,-2.33,5.46,-1.27,1,0,0
-0.02,-4.08,-0.99,3.09,-0.83,-3.36,-1.29,-1.72,-4.07,1.79,3.89,-3.99,-2.09,-3.07,4.61,2.11,1,0,0
-1.3,0.38,-1.77,-2.59,1.07,0.94,1.82,1.8,-5.67,-3.59,-2.48,-2.68,-0.8,-1.31,-4.84,1.74,1,0,0
1.72,1.02,-2.48,-0.17,0.14,0.33,-2.58,2.01,-0.25,1.22,-1.59,-1.87,-1.59,-0.23,-3.45,0.63,1,0,0
-3.16,1.13,0.27,0.1,4.03,3.15,-5.37,2.78,-1.22,-3.64,-4.2,3.77,2.03,-2.48,-3.17,1.6,1,0,0
-4.95,6.39,-1.78,2.4,-0.5,-0.93,4.77,-0.36,1.83,-0.88,-1.24,-1.3,0.08,-0.25,0.3,-3.13,1,0,0
2.62,-3.31,1.41,-0.68,2.43,-2.08,-0.48,1.18,-2.65,0.09,5.35,-0.19,-3.31,-0.59,-3.76,1.41,1,0,0
-5.57,2.41,3.2,1.49,1.79,-0.16,0.44,-0.75,-0.58,-3.3,1.16,6.02,6.26,-1.26,0.71,3.77,1,0,0
3.57,-0.74,-1.67,-2.49,-1.75,-1.54,5.2,-3.56,1.5,1.29,0.75,-3.42,-4.26,1.79,2.9,-0.1,1,0,0
3.15,-3.87,-0.44,1.86,0.83,-3.16,-1.56,-1.44,0.05,3.86,1.79,-1.53,-0.04,1.15,2.45,1.09,1,0,0
-3.56,3.23,1.37,-1.86,0.24,-0.62,2.19,1.14,-2.86,-2.41,3.29,-0.64,0.64,-2.8,-2.55,1.27,1,0,0
5.91,-2.5,-4.77,-1.9,-2.26,-4.11,5.35,0.44,-1.67,-2.15,5.95,-1.07,-1.3,2.39,2.1,-7.03,1,0,0
0.3,-2.79,-0.76,1.82,1.48,-1.65,-2.49,-2.04,-4.58,-2.1,0.02,1.45,-3.31,-0.23,-3.65,0.53,1,0,0
-2.65,-1.56,-0.22,1.4,3.99,1.7,-1.85,5.47,1.41,-0.24,0.52,2.15,4.64,-3.13,1.73,0.44,1,0,0
-0.25,0.01,-2.79,2.3,-0.17,-0.48,-0.16,3.88,-0.96,1.22,3.04,-2.97,-0.37,-2.42,-0.49,-2.47,1,0,0
-1.46,3.03,-0.61,-0.01,-2.98,-2.36,2.64,-2.1,-5.24,-5.27,1.75,0.27,0.87,0.83,-0.3,3.93,1,0,0
5.22,0.39,1.3,-0.71,-2.75,-2.45,-1.05,-2.54,-0.97,-2.68,3.89,2.55,4.51,3.88,-0.61,0.02,1,0,0
0.86,0.43,2.2,-1.6,2.0,4.9,-0.61,-2.7,2.93,1.89,-3.28,-0.96,-2.35,-0.13,-0.09,0.31,1,0,0
6.01,-5.23,-1.8,-0.74,-1.15,-1.37,0.68,0.98,0.54,4.42,5.27,-3.93,1.1,2.32,5.69,-4.4,1,0,0
0.28,-1.83,-1.59,2.86,0.02,-2.61,1.95,0.64,-1.12,1.43,4.75,-2.77,-1.01,-1.47,2.18,-2.86,1,0,0
5.52,-3.83,-1.93,-0.04,-1.36,-1.22,1.6,-1.59,-0.25,4.75,2.38,-5.87,-0.92,0.39,3.07,-1.99,1,0,0
-1.36,-5.15,-0.62,3.2,-2.26,-3.06,-2.14,-1.18,1.29,3.91,4.18,-1.09,-0.36,-1.8,2.22,0.07,1,0,0
-0.42,-0.78,0.01,4.39,0.42,-0.68,-5.55,0.08,1.28,4.16,0.67,0.57,2.68,-3.06,3.16,5.38,1,0,0
2.22,-3.97,-1.14,-3.75,-1.53,0.3,0.83,1.22,0.16,-0.79,1.79,-3.3,-0.45,-1.47,1.43,0.12,1,0,0
0.47,3.87,-5.84,4.3,-3.51,-3.78,-0.02,2.32,-1.2,0.8,1.22,-3.59,-2.2,1.05,-3.33,-2.55,1,0,0
0.25,-0.36,-1.92,-3.68,0.96,4.42,0.75,3.36,1.5,1.69,-5.83,-1.25,5.84,-1.65,-3.23,3.78,1,0,0
-2.34,-1.78,-0.33,0.4,-0.39,-2.74,3.38,2.18,-1.51,-0.47,7.16,-1.07,-0.3,-1.04,2.12,-2.56,1,0,0
0.78,1.23,-0.02,0.52,-0.79,-3.29,6.72,-5.59,2.25,-1.77,1.74,4.47,-1.87,3.71,1.04,1.12,1,0,0
-0.53,-0.63,1.12,-1.36,0.71,1.0,-5.79,1.81,-1.85,-2.71,-0.27,4.45,4.83,0.07,-4.56,1.22,1,0,0
1.88,-1.76,-1.3,-0.19,0.31,-0.22,-1.89,2.19,0.8,-0.44,-0.12,-0.75,2.07,-1.96,0.36,3.14,1,0,0
1.05,1.18,0.6,-2.06,0.95,1.84,-1.05,1.91,-1.97,-2.53,0.54,4.53,5.58,1.5,-2.46,2.12,1,0,0
1.96,-0.34,-0.04,0.21,0.72,-0.52,-0.16,-2.13,-1.51,3.15,0.82,-0.29,0.35,1.08,0.12,0.24,1,0,0
-0.38,2.71,-2.32,-0.19,-3.02,-1.43,3.92,-1.5,-1.33,-3.04,2.14,0.62,1.63,0.35,1.97,-1.52,1,0,0
-7.68,-1.6,5.38,2.05,2.3,1.37,-7.45,1.48,-0.02,-0.84,0.46,3.55,3.53,-5.3,-3.02,7.83,1,0,0
-1.72,1.35,0.85,2.92,1.43,-0.87,-4.1,-0.31,1.58,1.65,-0.99,1.45,0.03,-0.96,-0.86,3.86,1,0,0
0.2,2.32,-1.32,-2.26,-1.01,2.55,1.32,0.89,-1.44,-2.01,1.11,-2.23,0.4,-1.67,2.85,-1.95,1,0,0
1.43,0.49,3.7,-4.2,2.13,1.92,5.45,-3.48,-0.38,-3.64,2.68,3.99,-1.46,3.03,-0.25,0.12,1,0,0
1.26,-0.54,-2.49,4.02,1.92,-2.27,0.73,-2.45,1.32,5.52,-1.09,-1.0,-4.14,2.33,-1.42,-4.1,1,0,0
3.82,-2.29,-3.74,-0.55,-1.3,-1.6,1.3,2.81,-2.41,0.86,2.82,-1.72,2.84,1.06,0.75,-1.07,1,0,0
0.08,-1.7,-0.44,-2.45,1.4,3.04,3.19,-0.94,-4.8,-3.7,-0.38,0.41,-1.22,-2.6,-3.15,1.89,1,0,0
-2.33,-3.82,-4.79,3.25,-0.57,-2.14,0.77,7.04,-1.8,0.59,3.9,-3.41,0.83,-6.17,-0.97,2.69,1,0,0
-2.32,1.13,-0.16,1.65,-2.43,-1.25,2.05,-1.76,-0.21,-1.76,2.36,0.6,3.01,-1.79,3.06,2.22,1,0,0
-3.05,-0.69,-3.63,1.77,-0.34,1.96,-3.91,6.69,1.76,-2.18,-1.51,0.41,4.11,-6.97,-0.75,4.69,1,0,0
2.89,-5.91,1.33,2.46,3.25,1.69,-7.73,-0.72,4.2,6.72,-2.15,-1.3,-1.11,-1.1,0.44,-0.07,1,0,0
-2.59,3.39,0.3,-1.16,3.12,1.85,1.83,0.3,-0.07,-4.25,-1.08,3.2,3.02,-1.6,2.15,-2.08,1,0,0
-0.2,-2.27,-0.76,-1.33,0.8,0.28,-2.55,2.11,-0.22,0.19,-0.51,-0.3,0.24,-0.81,-0.98,2.57,1,0,0
0.06,-4.01,-0.42,-2.87,3.08,3.67,-2.8,4.89,3.81,2.52,-2.0,-3.75,-2.95,-4.72,-1.96,1.92,1,0,0
-1.3,-0.53,0.37,3.71,1.28,0.3,-4.4,-0.33,0.8,1.61,-0.89,-0.19,2.67,-3.68,1.36,1.79,1,0,0
3.65,0.58,-2.52,-0.56,-2.67,-0.76,-0.78,0.28,-1.84,-3.19,0.47,-0.62,2.61,-0.41,0.07,2.62,1,0,0
0.91,0.44,-1.48,0.01,-1.61,-0.22,0.3,-2.43,-2.18,-1.82,-0.07,0.49,-1.53,1.48,-1.71,-1.09,1,1,1
0.56,-1.51,-0.42,3.29,2.64,-0.77,-5.41,0.18,1.01,2.19,-0.92,-0.12,-0.48,-2.39,0.17,-0.17,1,0,0
-0.49,0.27,-2.65,2.93,-1.2,-2.89,4.96,-3.08,0.29,0.38,1.21,-0.11,0.49,0.21,4.7,-0.46,1,0,0
0.8,-2.78,-1.39,-2.76,0.44,2.12,-0.67,1.12,-0.7,-0.88,-1.17,0.43,1.01,0.35,-0.35,-1.24,1,0,0
-0.03,1.07,-0.2,1.87,2.4,-1.11,1.82,-0.61,1.18,0.43,2.12,-0.65,0.2,-1.46,5.95,-2.22,1,0,0
-0.39,1.74,-1.31,1.19,-2.41,0.22,-0.48,2.41,0.52,3.53,2.39,-4.42,7.27,-2.31,5.87,0.06,1,0,0
2.47,-0.02,-2.24,3.49,-2.84,-4.51,-2.35,-0.85,-2.8,2.45,2.68,1.76,4.1,3.35,-2.08,1.21,1,0,0
-2.32,0.48,-0.94,2.96,0.04,-0.94,0.88,-1.67,-2.61,-2.73,1.08,0.05,-1.12,-3.66,-1.3,0.49,1,0,0
3.74,-2.7,0.37,-1.32,-2.53,4.16,-3.72,-2.92,0.48,-0.94,-2.49,1.99,3.15,0.13,-1.1,3.67,1,0,0
-1.15,2.14,-3.72,0.12,-0.42,-0.2,2.33,3.58,-0.06,0.63,-1.89,0.97,2.55,1.99,-3.29,1.96,1,0,0
0.81,-1.61,0.42,0.52,2.36,-0.29,-1.87,0.3,-0.77,1.1,0.22,-1.34,-1.9,-2.16,-2.05,2.29,1,0,0
-1.61,-2.3,3.02,3.46,4.04,2.23,-2.02,-3.14,1.58,1.15,-1.57,-0.8,-0.87,-4.58,4.26,3.62,1,0,0
-2.64,0.03,3.53,-0.34,1.79,5.51,-0.75,-2.66,-0.1,-2.17,-4.09,-0.97,3.37,-5.84,-0.56,5.61,1,0,0
2.49,-2.18,-6.39,4.36,-3.41,-3.16,-4.51,2.92,-2.1,2.52,-1.44,-1.1,2.79,1.44,-4.23,1.36,1,0,0
-0.96,3.28,1.35,4.05,-4.27,-4.94,-1.64,-4.01,-2.32,-0.52,4.37,-0.41,4.22,1.13,3.44,2.53,1,0,0
0.58,2.5,-0.3,-1.16,2.8,1.75,-4.7,4.52,0.08,-0.11,-0.29,-1.17,3.94,-2.22,1.8,-2.05,1,1,1
-4.36,2.5,-0.96,4.33,-4.29,-2.48,0.04,-1.66,-0.87,-4.25,3.33,4.74,7.06,-2.5,3.22,2.79,1,0,0
0.97,0.53,0.52,0.82,0.57,-0.44,-4.56,-1.33,-4.35,-3.83,-0.4,2.7,4.19,-0.85,-0.95,1.67,1,0,0
2.15,-3.01,-2.96,0.67,0.68,0.04,-2.1,4.5,0.6,2.0,2.26,-0.8,0.92,-0.7,-0.93,-3.32,1,0,0
-3.52,-3.37,1.12,-1.62,2.85,2.45,-6.02,5.46,1.84,-0.77,-1.42,-3.48,-0.11,-7.41,-1.34,2.78,1,0,0
0.09,-0.61,2.39,2.05,3.01,-0.06,-3.54,0.91,0.25,0.63,1.71,1.3,4.53,-2.62,3.25,3.79,1,0,0
-0.74,-0.46,0.1,1.83,-0.21,-0.67,0.58,-2.55,1.37,2.19,0.11,-2.65,-4.35,0.08,1.87,1.36,1,0,0
-1.11,3.16,-4.72,2.28,-2.5,-0.63,-0.65,3.78,-1.9,-1.55,-1.55,-2.81,3.08,0.6,-2.75,-2.9,1,0,0
-2.16,3.09,0.56,-1.15,-0.53,1.76,-3.58,-0.34,-0.39,-4.52,-2.84,2.08,5.02,-1.08,-0.65,-0.61,1,0,0
0.88,-3.5,-0.5,-0.03,2.47,-3.1,0.71,3.51,-0.99,0.43,4.62,1.19,0.67,-0.28,-1.1,0.8,1,0,0
-0.56,-2.06,0.49,2.24,3.62,-2.38,-2.02,3.63,-1.08,-1.94,6.09,1.86,1.5,-4.74,2.67,0.46,1,0,0
1.97,-3.65,-1.0,0.82,2.79,-1.01,0.44,-1.21,-3.37,2.47,1.07,-0.34,-0.76,1.15,2.63,-1.01,1,0,0
2.25,1.49,-2.18,-0.71,-2.21,-1.39,1.85,-0.28,-2.83,-1.41,2.14,-0.77,1.43,2.87,0.83,-1.68,1,0,0
-1.19,3.85,-1.37,3.13,-0.86,-1.87,3.53,-4.38,0.68,1.95,-1.68,-2.28,-0.33,2.03,3.54,-2.38,1,0,0
-0.52,-1.04,-3.38,6.19,-0.26,-2.82,0.3,-0.4,0.94,4.01,0.61,-0.67,2.15,-0.31,4.54,-0.59,1,0,0
-2.25,-5.57,0.03,-1.11,-0.95,-2.93,-1.58,6.45,6.54,4.68,4.11,-2.27,3.33,-2.09,-0.4,2.76,1,0,0
1.8,3.9,0.32,-1.27,-1.01,-0.55,1.12,-0.78,-0.12,-0.34,0.37,-0.2,4.55,3.03,-0.33,-1.43,1,0,0
0.38,0.34,-3.72,-0.53,-0.75,-0.37,2.58,2.02,-4.04,-2.49,2.44,0.65,-0.03,-1.92,-1.49,0.16,1,0,0
-5.03,-1.76,2.21,1.72,3.22,0.79,-0.28,-1.82,1.83,2.56,-1.83,1.83,1.06,-2.2,1.88,3.28,1,0,0
3.35,-1.49,-3.89,2.31,-2.67,-0.19,-3.94,0.08,1.9,5.74,-1.95,-5.6,-0.94,0.85,1.93,-1.5,1,0,0
-1.75,-0.59,2.89,-0.08,2.43,0.04,0.32,-5.23,-0.23,0.19,-1.32,1.73,-3.18,0.59,-0.35,2.32,1,0,0
-2.21,-1.63,3.79,-3.16,4.06,1.22,-1.29,1.82,5.81,4.14,-1.57,-1.71,-3.41,0.29,-4.13,1.91,1,0,0
1.28,-3.05,-1.44,4.04,0.99,-0.72,-1.71,-1.42,-3.09,-2.06,1.45,3.77,-0.68,-0.54,-1.55,1.15,1,0,0
0.11,-1.06,1.13,2.01,-0.06,-1.86,-1.52,-3.0,-2.1,-0.11,2.44,3.76,1.85,2.23,0.55,0.73,1,0,0
1.0,0.09,-2.15,-2.26,1.53,-0.79,3.96,1.44,-3.46,0.06,0.56,-2.06,-0.7,-0.39,-2.65,0.53,1,0,0
-2.01,-0.76,-0.93,2.33,-0.93,-1.96,-3.49,1.58,0.79,-0.42,-0.86,0.95,4.97,-0.75,-0.72,2.11,1,0,0
0.26,-3.35,-3.32,1.48,0.58,-0.48,-5.02,5.18,-0.11,1.8,-0.48,-3.28,-0.21,-3.26,-0.53,1.6,1,0,0
-0.77,-1.74,4.5,0.21,6.58,2.28,-0.85,-1.47,2.94,3.33,-0.92,2.62,-1.81,-0.85,-2.82,1.9,1,0,0
1.02,-0.86,0.25,2.1,2.5,1.68,-2.87,0.18,1.57,1.63,-1.25,3.32,3.48,-1.33,-0.67,2.34,1,0,0
0.43,0.07,-0.42,0.3,1.67,0.39,1.09,-3.9,-3.04,-2.41,-1.15,-1.39,-3.42,-2.05,2.06,-0.93,1,0,0
2.61,0.66,-1.67,-0.82,-0.64,1.39,2.22,-3.71,-0.69,-0.59,-2.51,-3.25,-1.83,0.11,2.26,-1.6,1,0,0
1.19,5.41,-2.39,1.98,-3.55,-4.03,5.73,-0.08,-0.8,-1.37,6.23,-0.43,2.88,3.75,3.46,-4.63,1,0,0
-0.23,1.53,-2.09,-0.69,-1.63,2.73,-1.77,4.43,2.31,-3.16,0.45,1.2,3.08,-2.73,-1.05,0.37,1,0,0
-0.72,2.0,-1.98,3.55,-2.48,-2.12,0.06,1.78,-0.77,-2.0,4.43,0.92,4.06,-0.45,2.46,-1.22,1,0,0
-0.33,-1.02,-2.47,-0.52,0.55,1.41,-0.03,3.85,0.35,2.79,-2.95,-3.67,-0.88,-0.07,-6.44,1.54,1,0,0
2.08,3.23,1.18,-1.04,1.64,3.74,-0.07,-1.28,3.07,-1.78,-2.66,-0.89,0.48,-0.95,1.48,-0.66,1,0,0
-0.23,3.57,-1.4,3.31,-1.79,-0.74,0.56,-2.32,-1.12,-3.18,2.34,-1.23,0.36,-2.65,5.85,-2.29,1,0,0
2.84,-1.34,2.45,-1.69,1.45,2.62,-0.34,-2.4,2.24,3.95,-0.4,1.01,1.6,1.69,0.97,2.29,1,0,0
-0.88,-2.2,2.77,0.12,0.45,0.3,-3.65,2.7,6.03,3.39,0.82,2.09,5.9,-0.23,-0.16,6.0,1,0,0
0.06,-3.0,0.64,2.37,1.25,-0.52,-1.08,-3.31,0.03,0.13,-0.31,0.32,-0.89,-2.62,2.14,3.67,1,0,0
2.25,-4.23,0.5,-1.4,5.27,3.19,-2.24,3.09,1.05,-0.22,0.26,6.17,4.1,1.19,0.29,-2.1,1,0,0
1.32,-3.11,-0.05,-2.05,-0.13,0.29,4.11,-1.65,1.43,2.13,2.03,-1.83,-3.13,0.04,0.5,0.1,1,0,0
-5.83,1.49,2.45,1.73,4.01,3.4,-1.83,1.25,1.52,-1.06,-3.6,0.95,2.71,-6.34,-1.91,4.67,1,0,0
-3.83,0.51,-0.43,2.2,2.43,0.16,-2.06,-0.16,-0.15,0.25,-2.83,0.35,-4.69,0.46,-4.02,-0.44,1,0,0
0.76,-4.3,-1.1,2.43,1.71,-1.61,-4.27,1.95,-1.05,3.26,1.62,-3.75,-5.74,-2.78,-2.79,1.79,1,0,0
3.3,4.56,-6.07,2.55,-3.52,-2.49,0.09,0.87,-1.37,-2.99,0.91,0.57,0.98,1.82,-1.56,-5.09,1,0,0
2.05,-0.62,-0.75,1.54,-2.37,-0.35,-0.7,-1.85,0.66,-2.33,2.31,-0.33,1.04,-1.29,3.64,-0.47,1,0,0
-0.6,-0.29,-2.21,1.59,-1.21,-0.11,-2.28,0.71,2.07,1.1,-0.59,-1.74,1.94,-0.3,5.76,-1.97,1,0,0
-1.79,3.41,1.6,-7.37,-1.09,2.65,5.49,-0.16,1.99,1.13,-3.22,-0.51,1.42,5.33,-6.98,1.73,1,0,0
-1.35,3.3,2.4,-4.35,-1.09,3.45,1.66,-3.42,0.95,-2.98,-3.31,0.36,2.99,0.04,2.8,4.25,1,0,0
-1.78,2.83,-2.16,1.87,1.02,1.04,0.12,2.87,2.68,1.84,0.35,-1.36,1.27,-4.92,2.23,0.42,1,0,0
-6.23,2.59,1.9,6.18,1.63,-3.28,-2.32,-1.88,-2.26,-0.62,3.1,-1.48,-2.51,-3.71,1.16,-1.54,1,0,0
0.75,2.24,-2.19,2.18,0.44,0.02,-2.4,3.15,4.08,2.68,-1.46,-3.03,3.69,0.65,4.36,-3.51,1,0,0
1.51,-4.72,-0.22,-0.46,4.12,1.7,-1.79,0.42,-2.1,-0.4,-1.44,0.36,-1.2,-1.28,0.07,0.64,1,0,0
-4.06,-0.15,1.56,4.59,0.03,3.16,-9.33,3.67,3.92,0.59,-3.07,-1.79,3.08,-6.86,-3.27,6.14,1,0,0
-0.67,-1.65,0.09,-3.26,3.22,1.19,0.69,4.45,0.41,-0.56,-0.4,2.17,2.19,1.92,-3.96,-0.08,1,0,0
0.83,-3.36,1.87,-1.09,2.29,1.97,-5.68,3.74,2.85,0.01,-0.65,5.09,5.88,0.06,-3.12,4.82,1,0,0
-0.05,4.77,-2.81,-0.49,-2.92,-2.54,7.7,-4.3,-3.78,-4.13,2.23,2.34,-1.33,4.87,3.07,-2.58,1,0,0
3.83,-3.72,-3.23,0.89,1.71,0.18,0.51,-2.0,0.9,3.41,-3.34,-0.65,-1.09,3.21,3.3,-2.2,1,0,0
1.37,-3.02,0.21,-2.1,3.38,0.43,0.69,-0.54,0.82,1.46,-0.06,-0.75,-3.93,-1.22,-1.27,-1.03,1,0,0
2.8,-0.24,-2.08,-0.82,-1.92,-2.59,-0.19,0.55,-0.15,-1.15,3.52,0.15,0.3,0.42,1.58,-0.8,1,0,0
2.19,1.97,2.6,-3.92,-1.15,0.41,2.05,-4.62,-2.74,-1.16,1.82,-3.38,-0.38,-0.48,2.09,1.62,1,0,0
2.15,-2.55,-4.32,1.03,-0.83,-2.98,-0.05,2.43,-1.16,-0.14,2.48,0.25,-0.55,1.63,-1.03,-3.38,1,0,0
-2.09,-0.02,-0.59,1.4,1.17,-1.96,-0.58,4.36,3.77,2.16,2.93,-2.57,-1.11,-1.91,0.88,-0.51,1,1,1
0.39,-0.51,-0.23,0.25,3.21,0.84,-2.33,5.72,2.24,3.15,1.52,-2.27,1.66,-3.27,-0.66,-0.15,1,0,0
1.07,-3.23,-0.59,-3.2,-0.56,-0.2,1.39,-2.44,0.21,2.07,-2.79,-3.75,-2.77,2.23,-1.16,0.44,1,0,0
1.22,4.37,-4.67,0.49,-3.35,2.27,0.52,-1.98,-0.96,-0.98,-3.76,-0.46,3.42,1.17,3.22,-3.39,1,0,0
-2.41,0.29,-3.18,1.78,2.97,0.46,-1.6,2.71,-4.36,-1.09,-0.78,-0.4,-0.7,-4.25,0.7,-0.3,1,0,0
-0.79,0.84,-0.57,1.52,1.43,-0.42,-2.58,6.09,3.88,1.64,2.48,-1.97,2.15,-2.85,-1.91,-2.12,1,0,0
0.48,-0.44,-3.36,3.23,0.33,-3.05,-1.29,2.17,0.37,3.12,0.49,-1.72,2.88,2.12,2.19,-4.97,1,1,1
2.81,-0.55,-3.8,-0.34,-1.93,-0.11,3.93,2.3,0.74,0.33,2.74,-3.9,0.62,-1.76,5.09,-0.12,1,0,0
6.1,-2.62,-2.42,-1.65,-1.9,-1.49,0.78,-2.3,-4.32,-2.32,1.87,2.5,1.25,3.06,-1.68,-0.05,1,0,0
3.17,0.39,-0.66,-1.27,2.05,2.83,-0.11,-0.7,-2.28,0.56,-3.03,-3.1,-2.84,0.23,-2.67,0.95,1,0,0
-3.44,0.41,1.09,3.33,-1.59,-1.91,-0.36,-0.12,-0.69,-0.74,3.47,-2.76,0.69,-3.31,1.08,1.73,1,1,1
0.44,-0.03,2.11,0.63,0.5,-1.43,-3.65,0.74,1.82,0.44,3.33,1.3,1.26,0.16,1.06,1.64,1,0,0
3.33,-4.12,-3.42,1.39,-3.13,-2.44,2.53,-1.0,-3.0,1.32,2.97,-2.16,2.75,1.2,3.67,0.27,1,0,0
0.12,-2.35,-2.44,-0.2,3.67,-0.78,-2.76,10.2,-0.29,0.66,4.67,-2.55,0.57,-4.37,-2.02,-3.06,1,0,0
-0.12,-3.51,0.97,3.02,2.95,-1.73,-3.13,0.01,-0.6,-0.53,-0.79,3.68,3.82,0.37,-2.16,2.82,1,0,0
3.75,-1.17,-3.06,0.81,-1.38,-1.74,0.63,0.63,-0.07,-0.85,3.34,-0.15,1.84,0.58,2.41,-5.06,1,0,0
0.97,-2.64,0.07,-0.0,2.81,1.63,-1.73,0.65,1.44,2.17,-2.05,-1.86,0.23,-1.65,1.97,1.81,1,0,0
-1.34,-1.07,0.27,-0.2,1.72,1.8,-2.43,1.75,2.05,2.8,-2.05,-2.16,-0.39,-1.88,-1.26,1.88,1,0,0
1.4,-1.36,-4.91,-0.38,2.66,1.43,-0.36,2.97,0.85,3.04,-4.22,-3.54,-1.97,-1.74,-0.62,-2.94,1,0,0
2.64,-0.31,-2.15,-0.28,-2.22,-3.07,4.56,-3.92,-1.79,-0.39,1.73,-2.48,-3.17,2.31,2.05,-0.63,1,0,0
-1.59,2.41,-0.08,2.6,-1.05,-1.45,0.31,-2.29,-0.13,0.97,0.77,0.78,1.6,0.65,1.55,1.58,1,0,0
1.14,-1.17,1.4,0.12,1.62,1.21,-2.51,-0.58,-0.38,0.51,-1.57,0.28,0.76,-0.26,-2.86,3.68,1,0,0
0.93,2.02,-3.21,-0.74,1.08,1.2,5.29,-0.23,-3.7,-1.37,2.49,-2.02,-6.25,-1.41,0.74,-3.89,1,0,0
1.58,-2.93,0.37,0.21,3.91,-2.8,-0.97,0.29,-2.89,-3.05,4.36,3.08,0.82,-3.04,3.16,-0.11,1,0,0
0.48,4.12,-2.09,-0.63,0.04,4.96,-3.21,5.65,1.58,0.99,-2.51,-2.68,5.34,-2.32,-2.34,-2.33,1,0,0
2.58,0.97,-2.5,0.26,0.71,-0.9,-1.01,0.51,-0.01,3.04,-1.57,-1.8,-1.42,2.17,-2.7,-1.92,1,0,0
-4.38,4.36,-2.34,3.62,-2.4,-0.49,0.04,-0.58,-0.56,-2.48,-1.58,-0.67,1.01,-1.85,-0.95,-0.32,1,0,0
-0.58,3.75,-4.92,2.13,-2.26,-1.08,1.19,4.99,0.64,0.97,1.09,-2.13,2.8,-0.47,-1.48,-1.68,1,0,0
0.9,-0.39,-5.3,2.41,-0.07,-4.69,4.79,0.84,-3.72,1.28,1.88,-1.94,-3.21,2.07,-1.22,-1.58,1,0,0
-1.49,0.61,0.86,-1.74,-0.54,0.84,6.34,0.4,3.4,-0.7,4.15,1.29,-0.15,-2.96,0.2,3.1,1,0,0
-1.06,2.84,-1.47,3.19,0.26,3.35,-3.99,2.99,1.51,-0.24,-2.21,2.68,4.01,-1.71,-2.17,1.62,1,0,0
2.13,2.18,-3.83,3.93,1.16,1.68,-4.62,1.56,-0.56,1.19,-3.78,-0.57,2.55,-0.72,-0.08,-2.36,1,0,0
2.31,-1.39,-3.14,2.26,3.19,-4.44,1.23,0.76,-1.71,4.38,0.52,-3.17,-4.27,0.78,-2.66,-1.93,1,0,0
0.2,-5.12,1.03,-0.24,3.22,-1.58,0.33,-2.98,1.69,3.41,-1.44,-2.78,-3.61,-0.5,3.06,0.86,1,0,0
2.19,-0.97,-5.17,1.26,-0.68,-1.22,-1.1,-0.35,-2.58,-3.04,-0.95,1.58,0.18,0.86,3.14,-3.76,1,0,0
1.0,2.12,-0.83,0.52,-0.56,0.55,1.74,-1.35,-0.63,-0.92,1.1,-3.18,-1.55,-0.61,2.72,-2.55,1,0,0
2.67,-1.01,-0.37,4.14,2.06,-1.14,-4.43,-0.59,-2.63,-1.74,0.32,1.0,2.58,-1.34,1.0,-0.14,1,0,0
1.95,-4.47,4.38,-2.35,5.3,2.42,-0.83,-3.17,-2.2,-1.53,2.27,2.43,-4.07,-1.51,1.24,1.51,1,0,0
0.73,1.89,-0.98,-2.27,-0.92,2.84,2.44,0.74,0.58,-2.58,0.84,-0.07,0.06,-2.4,-1.33,-0.08,1,0,0
-0.64,-0.49,1.02,-0.06,4.39,1.52,-5.24,1.75,0.51,0.12,-2.63,3.17,0.75,-0.13,-1.13,2.57,1,0,0
-0.83,3.96,-0.59,0.36,-4.03,-0.34,0.38,0.78,0.31,-3.81,3.25,-0.05,2.23,-2.1,0.87,2.74,1,0,0
-1.79,0.62,1.6,1.55,0.14,0.71,-3.49,-1.0,1.09,1.0,-1.43,0.12,2.58,-1.73,1.41,5.33,1,0,0
2.91,0.14,0.52,-2.13,0.04,-1.71,0.3,-3.79,-1.95,2.83,-1.93,-2.44,-3.12,6.12,-5.45,-2.31,1,0,0
-0.68,3.36,-2.41,-0.99,-1.0,0.8,2.88,-2.31,-4.88,-5.14,-1.9,-1.19,-1.23,-1.69,-1.05,-0.7,1,0,0
-1.37,-0.82,-0.12,2.18,0.98,-2.45,0.79,-1.78,-1.98,1.46,1.45,-2.96,-3.66,-2.48,0.13,2.35,1,0,0
-1.67,5.33,-0.8,2.2,-3.41,-0.2,0.52,-1.94,1.0,-2.19,-1.1,1.75,6.72,1.59,1.28,-0.99,1,0,0
-2.14,2.53,2.15,0.95,1.14,2.35,0.09,-3.06,-0.78,-4.93,0.37,3.87,0.72,-3.04,0.47,1.39,1,0,0
1.9,-2.86,-0.27,-1.3,-0.65,-2.85,5.86,-3.28,0.13,1.08,3.05,-1.16,0.91,2.17,6.49,0.09,1,0,0
0.59,-3.48,1.97,-1.65,0.76,0.5,-1.42,-1.59,3.98,3.32,-0.35,-1.25,0.13,0.09,0.87,-0.4,1,0,0
-2.82,1.88,-0.63,0.88,1.58,0.11,-1.87,2.84,-1.22,1.41,0.69,0.42,2.38,-1.28,-2.05,-1.12,1,0,0
0.02,5.09,-2.17,1.37,-1.78,-0.1,-1.11,0.99,-2.92,-1.04,-1.2,-1.3,3.85,2.18,-0.71,-1.19,1,0,0
0.41,0.69,0.37,-1.01,-1.05,2.13,1.48,-3.08,-3.68,-3.29,0.22,1.28,0.41,-1.85,-2.62,2.52,1,0,0
-0.36,4.52,-2.57,1.43,-2.02,-0.95,2.91,2.01,-1.14,-5.02,3.3,2.14,3.48,-0.62,-0.2,-1.84,1,0,0
-0.9,-0.95,-1.25,3.23,-0.86,-2.82,-0.47,-1.62,-0.42,4.08,-3.12,-2.48,2.14,2.16,-2.29,3.26,1,0,0
-0.75,-0.33,-4.14,4.96,1.1,-2.16,-1.68,2.66,-1.19,4.85,-0.81,-3.16,-2.36,0.29,-3.09,-0.85,1,1,1
-2.26,2.5,-0.1,1.5,-2.28,-1.03,-1.55,-1.01,0.82,-1.42,0.93,-0.42,1.14,-1.36,2.47,1.54,1,0,0
0.73,-3.51,1.03,1.84,1.66,-1.55,-1.41,0.83,4.06,6.12,1.78,-1.2,-0.48,0.89,1.0,2.45,1,0,0
-2.05,-2.22,-0.91,-1.05,-1.62,2.1,-4.94,5.99,2.64,3.35,0.25,-3.63,2.16,-2.46,-2.5,1.44,1,0,0
1.64,3.52,-3.38,-0.54,-2.57,-0.96,3.92,1.01,0.92,-3.97,0.5,1.02,4.16,1.0,-0.84,-2.66,1,0,0
-1.51,-2.46,4.92,-3.44,2.56,-1.11,5.31,-3.83,-1.85,-2.39,3.59,0.92,-4.45,-1.47,-4.95,4.42,1,0,0
-0.55,-1.51,0.5,-2.03,4.03,-1.26,1.81,4.24,-0.75,2.37,3.44,-1.83,-0.5,-0.7,-1.03,-0.77,1,0,0
0.34,1.01,-4.2,-1.19,-1.84,0.85,-1.94,2.84,-2.27,1.78,-3.74,-4.57,3.28,0.28,-2.49,-1.41,1,0,0
2.19,2.61,-4.98,-1.78,-4.6,-1.16,5.91,-2.17,0.69,-0.53,-3.49,-0.5,4.3,3.48,0.98,1.62,1,0,0
2.21,-1.39,-0.06,0.72,2.0,-0.58,-1.47,-0.91,-4.96,-1.85,1.54,-0.06,-0.79,-2.05,-1.33,1.5,1,0,0
-1.7,2.06,-1.65,2.03,-0.88,-0.48,-0.55,3.16,-0.3,-0.61,1.14,-1.5,2.42,-2.88,-1.55,2.08,1,0,0
1.1,-1.62,-1.49,4.18,1.18,-1.55,-1.25,-1.0,-3.6,-0.29,0.1,1.65,-0.25,-0.12,-3.2,2.23,1,0,0
-0.44,1.44,0.12,-1.48,-2.29,-0.68,0.45,-0.6,-2.46,-2.29,0.02,-2.91,0.45,-0.43,-2.28,3.27,1,0,0
-0.53,-3.56,0.17,2.83,1.21,-0.62,-5.57,0.33,3.21,2.4,0.63,1.32,0.11,-2.08,1.67,0.85,1,0,0
1.97,2.32,-4.04,4.35,-0.58,-4.88,2.17,1.86,-0.91,4.54,4.45,-5.89,-3.52,0.99,0.12,-5.38,1,1,1
2.82,1.35,-5.42,2.67,-2.26,-1.0,-1.37,-0.27,-3.38,-0.96,-1.74,0.75,2.28,1.64,0.01,-0.71,1,0,0
-1.62,1.27,2.39,4.46,-0.84,-2.16,-4.53,-3.43,-4.63,-5.15,3.37,4.27,3.15,-3.29,0.97,5.61,1,0,0
-1.6,1.44,-0.39,1.68,0.99,2.18,0.32,-3.56,-2.68,-1.25,-3.0,-0.12,-0.04,-3.24,1.92,3.15,1,0,0
1.44,-2.51,-2.92,-0.42,3.94,1.46,0.27,5.23,1.77,2.8,-1.58,-1.08,4.7,-1.3,1.54,-3.0,1,0,0
2.88,-0.99,0.85,1.95,-4.34,0.27,-2.82,-4.93,-1.8,-4.91,3.58,1.32,1.79,-2.49,3.91,2.17,1,0,0
1.71,-4.73,0.79,2.2,0.8,0.37,-6.25,1.08,3.33,2.51,-0.25,0.96,1.7,-1.02,-1.4,3.27,1,0,0
-4.67,4.25,-0.71,0.31,-1.87,0.6,2.84,-0.8,-2.8,-0.68,-1.34,-3.33,1.03,-0.32,-2.16,-0.39,1,0,0
-1.18,3.95,-1.79,2.3,0.18,-2.28,1.24,1.56,1.92,0.29,0.56,0.47,0.15,0.95,-1.82,-0.7,1,1,1
0.39,-4.23,1.77,0.48,3.94,0.05,-9.17,1.18,-1.2,0.55,-1.99,0.69,-0.38,-2.02,-2.23,3.13,1,0,0
-2.18,0.84,4.8,-1.66,1.22,2.95,2.17,-6.82,1.88,-1.62,-1.17,2.63,-0.55,-0.74,2.95,3.37,1,0,0
0.35,0.07,-0.19,0.83,-0.51,-0.74,0.41,-0.39,1.31,-1.21,4.58,0.03,-0.6,-3.69,5.22,0.87,1,0,0
-0.08,2.24,-0.49,0.47,-1.09,-0.87,-1.9,1.68,3.05,-1.27,3.61,1.06,1.26,0.48,5.17,-3.65,1,0,0
2.13,0.03,0.77,0.46,2.78,0.65,-3.72,-1.07,0.8,-0.2,-5.38,2.82,1.56,3.45,-4.3,3.24,1,0,0
-0.73,-2.35,0.55,1.39,1.64,3.0,-7.95,2.22,0.62,-3.78,-2.5,0.6,2.46,-5.73,1.01,3.66,1,0,0
-0.07,-1.74,-3.6,0.88,1.08,-0.61,0.41,2.22,3.34,6.7,-1.39,-5.89,-3.82,-2.26,0.73,-0.87,1,0,0
2.07,-1.3,-2.16,-2.52,-1.45,0.69,-2.22,2.55,-0.93,1.15,-0.94,-3.25,0.64,0.15,-2.95,0.57,1,0,0
-2.05,-1.17,-0.5,4.77,0.4,-2.66,-3.77,-0.17,-2.15,1.04,1.5,1.5,1.1,-2.34,-0.26,4.35,1,0,0
4.37,-1.58,-3.19,-0.62,-1.97,-1.52,0.76,0.93,1.5,3.52,1.66,-5.15,-1.68,0.91,-0.4,-3.23,1,0,0
3.28,-0.05,3.44,-4.27,-0.22,3.2,0.44,-4.5,2.23,0.89,-2.13,-0.19,0.48,2.58,-3.12,0.9,1,0,0
0.32,-2.83,-1.75,1.61,2.37,0.32,-2.38,2.58,-0.17,1.59,0.25,0.22,-1.39,-2.22,-2.79,0.28,1,0,0
0.15,2.13,0.16,2.15,-1.44,-2.46,2.7,-6.15,-2.26,-1.37,0.19,2.04,0.95,2.85,1.97,1.27,1,0,0
-2.34,4.36,0.52,0.24,-0.6,-1.24,2.6,-2.64,-0.45,-1.49,0.79,1.15,0.62,1.48,2.27,0.53,1,0,0
0.75,1.53,3.15,0.95,2.84,0.03,-1.26,-2.9,0.72,0.07,1.33,8.23,5.58,3.2,2.67,2.11,1,0,0
6.85,-3.35,-1.37,1.9,-2.37,-3.4,-0.54,-2.34,-2.52,0.39,4.6,0.14,3.28,3.42,3.46,-0.98,1,0,0
-3.15,-0.49,-1.45,1.84,1.18,-0.43,-1.94,4.65,-0.61,0.07,1.04,-1.29,2.71,-2.86,0.58,-0.12,1,0,0
1.76,0.24,-0.92,-1.78,0.46,1.57,0.28,2.05,-2.85,-2.2,0.8,-2.94,0.76,-2.27,-1.11,-0.08,1,1,1
-3.26,2.66,0.31,-0.9,0.91,1.94,-1.33,0.07,-2.69,-5.25,-3.12,1.61,3.26,-1.83,-1.36,1.35,1,0,0
4.0,-1.03,-1.08,-3.02,0.37,-1.94,2.26,-1.85,-0.13,1.0,0.37,1.26,-2.39,3.32,-2.46,1.75,1,0,0
2.75,-1.17,-3.27,-0.63,1.63,0.34,0.58,1.06,0.5,3.38,-1.07,-5.79,-2.41,-2.37,2.9,-3.42,1,0,0
1.97,-1.17,-0.67,-1.63,0.93,2.09,-1.45,2.8,0.13,2.08,-0.88,-1.34,1.2,0.14,-4.16,1.11,1,0,0
-1.77,3.14,1.56,0.22,-0.44,1.16,-0.04,-2.41,2.08,2.49,-3.13,-0.36,1.31,3.12,-3.09,0.37,1,0,0
2.66,-2.58,-3.84,1.72,-0.12,-2.96,-4.14,1.66,-2.22,1.0,0.87,-0.39,-1.08,2.22,0.18,-2.91,1,0,0
2.12,-2.15,-2.63,-2.41,0.05,0.42,0.14,0.18,1.25,1.2,-3.39,-1.58,-0.82,3.18,-0.21,-1.76,1,0,0
-1.79,2.43,0.07,2.26,-0.54,2.32,-3.27,2.03,2.35,0.11,0.32,-1.21,2.25,-5.78,1.08,3.59,1,0,0
-0.07,0.91,0.75,-4.24,2.09,1.84,0.9,1.77,-0.32,-0.11,-1.44,-2.18,0.37,0.26,-2.18,-0.04,1,0,0
-5.48,1.35,5.09,-1.88,6.06,3.14,-1.54,0.97,2.8,-2.85,-0.37,4.26,2.99,-3.29,2.84,-0.21,1,0,0
0.63,-2.67,-2.19,3.75,0.85,-1.69,-5.37,1.94,-4.6,-2.2,2.01,-0.6,0.54,-3.83,0.99,0.07,1,0,0
0.26,0.31,0.76,-0.42,2.72,0.85,-3.49,2.1,-1.58,-2.02,-1.06,4.38,3.8,-1.21,-5.64,4.23,1,0,0
1.08,-1.29,-0.66,-4.24,2.32,2.29,4.07,1.02,-1.84,-0.9,1.57,-2.12,-3.32,-3.53,-1.65,-0.54,1,0,0
-3.96,-3.26,2.95,-4.67,1.46,1.77,1.88,0.78,0.96,1.74,-0.8,-4.31,1.58,-4.66,0.03,5.27,1,0,0
3.77,-2.52,-1.14,-1.16,1.47,-0.29,-0.31,-0.16,-1.58,2.46,0.1,-3.62,-2.12,-0.18,-1.67,-1.02,1,0,0
1.01,3.42,-4.36,2.04,2.64,0.55,4.49,0.64,0.58,2.89,-3.82,-3.36,-2.01,1.09,0.78,-3.15,1,0,0
0.3,-1.7,1.52,-0.56,-0.31,0.1,-0.94,-0.32,0.65,-2.64,0.94,0.19,0.09,-2.13,-3.99,2.96,1,0,0
-4.9,-2.04,3.73,-3.71,3.01,4.47,-3.37,4.6,3.98,0.24,-1.74,0.12,-0.32,-3.94,-3.58,7.27,1,0,0
-1.2,-1.91,2.3,1.41,3.09,1.77,-5.96,-3.26,-1.22,-0.09,-4.56,2.42,-1.0,0.42,-2.7,2.34,1,0,0
0.48,-1.91,0.97,-4.62,0.53,-0.87,2.47,1.8,3.49,2.89,0.93,0.57,2.56,3.51,-0.87,1.65,1,0,0
-2.75,5.4,-3.09,-0.32,-1.2,5.2,-1.77,5.77,1.03,-4.33,-3.53,-0.31,6.85,-3.88,0.09,-0.79,1,0,0
3.09,-1.77,0.14,-1.65,-2.67,-1.12,0.73,-2.84,-2.2,-1.29,0.83,-1.23,1.73,1.25,-0.74,2.89,1,0,0
-0.0,-2.18,-2.73,2.26,2.0,-0.09,-0.02,3.67,0.7,2.75,1.33,-1.95,-0.39,-1.76,1.53,-1.84,1,0,0
-0.39,-5.25,-3.92,-1.13,1.13,-1.21,-1.95,5.36,0.69,2.08,-2.24,-2.05,0.64,-0.27,-1.85,1.04,1,0,0
-1.27,0.28,-3.67,-0.13,0.91,2.5,0.53,4.97,2.78,1.16,-1.66,1.46,3.67,1.11,1.8,-3.28,1,0,0
1.21,5.57,-3.3,0.57,-0.36,0.3,-0.94,2.77,4.08,4.9,-1.89,-4.96,-0.54,2.99,0.28,-7.01,1,0,0
4.94,-7.62,0.1,-3.84,4.55,1.13,-1.69,-0.65,-1.31,0.73,-1.42,0.73,-1.04,-1.0,0.41,1.69,1,0,0
1.3,0.76,-1.16,2.09,1.36,0.12,-4.59,0.89,-1.57,1.79,-1.75,-3.62,-1.71,-1.68,-2.14,0.43,1,0,0
-3.93,-2.7,2.35,2.03,5.44,2.47,-5.83,3.17,2.52,2.25,-2.42,0.86,0.03,-2.88,-3.2,1.1,1,0,0
2.41,4.14,-7.16,5.36,-3.71,-4.06,-0.4,-0.71,-1.89,1.68,-1.12,-0.69,1.01,3.38,0.12,-2.44,1,0,0
2.28,0.04,1.77,-2.57,-1.0,2.2,-2.07,-1.95,-1.17,-3.33,-0.93,0.59,2.66,-0.75,-1.84,3.2,1,0,0
2.01,-0.56,-1.03,0.54,-0.51,0.07,-0.55,-0.09,-2.6,0.13,2.86,-1.11,-1.27,-0.42,-1.51,-2.19,1,0,0
0.73,2.89,1.52,-1.14,-0.64,0.63,-0.81,-0.49,2.65,-0.08,0.38,1.79,0.85,2.56,-2.35,1.06,1,0,0
-1.55,0.44,-4.99,1.21,0.01,-2.34,0.3,7.37,0.52,4.96,2.27,-5.34,0.66,-2.52,-0.78,-2.86,1,0,0
-0.92,1.75,0.55,1.87,-0.96,0.2,1.56,-5.23,-3.49,-1.92,1.08,-0.42,-0.57,-1.74,3.96,1.59,1,0,0
-0.78,2.34,2.73,-1.24,2.26,2.3,0.73,-0.14,3.27,0.2,-0.91,1.22,1.12,0.41,-1.94,1.02,1,0,0
0.36,-3.09,-0.92,-0.09,1.4,-1.93,-2.63,3.47,-1.34,0.43,5.25,-1.33,0.75,-3.28,1.96,-3.42,1,0,0
0.89,-2.86,-0.29,0.16,-1.17,0.79,-1.46,1.86,-1.0,1.42,2.19,-2.19,4.68,-3.9,2.01,4.29,1,0,0
-2.27,1.46,-2.37,1.4,4.27,1.12,-3.61,7.0,-1.37,-3.03,-1.12,3.45,1.07,-2.99,-6.22,0.63,1,0,0
1.03,0.88,-1.19,1.87,0.74,-0.14,0.58,-1.75,0.51,2.79,-1.87,-2.17,-1.27,0.11,-1.87,-0.59,1,0,0
-2.41,3.17,1.57,-0.81,-2.65,2.15,-5.21,-1.24,-1.56,-2.56,-3.87,-1.05,3.39,-0.74,-2.67,5.39,1,0,0
-0.26,-0.9,0.37,1.73,4.91,0.8,-4.22,1.8,1.6,2.17,-1.8,1.43,1.31,-1.65,-0.44,-0.28,1,0,0
-2.29,-2.17,2.7,-0.85,3.61,-0.12,-2.76,2.24,-1.6,2.85,1.88,-1.01,-1.6,-2.6,-3.43,4.26,1,0,0
0.15,2.79,0.12,-1.44,-2.47,1.81,-3.02,-1.4,-1.25,-3.21,-3.55,0.72,5.06,1.9,-1.46,1.65,1,0,0
-3.65,-2.33,5.15,-3.14,2.89,2.05,5.96,-4.19,0.5,-3.07,2.31,2.65,1.5,-2.55,6.98,3.51,1,0,0
-0.19,-1.96,-1.51,-1.64,3.61,2.98,-2.42,5.1,2.51,3.87,-3.14,-4.02,-2.19,-1.5,-2.53,-1.09,1,0,0
-3.54,0.99,2.78,-2.96,1.4,4.79,-3.9,4.21,4.9,-3.31,-1.88,1.96,5.24,-2.67,1.14,2.12,1,0,0
-0.13,-1.69,-5.62,2.81,-0.2,0.39,-2.34,4.56,-0.0,1.55,-1.02,-2.52,2.09,-2.36,3.52,-2.4,1,0,0
3.92,-3.26,-3.04,3.02,-0.91,-0.78,-1.39,1.08,0.21,1.56,1.87,-1.27,2.54,-0.6,3.13,-0.85,1,0,0
3.57,-0.5,-1.97,0.58,-1.95,0.02,-1.88,1.87,0.12,-1.76,2.57,-0.13,1.65,0.66,-0.07,-2.24,1,0,0
0.81,-5.23,-1.8,2.57,1.1,-1.08,-2.95,0.95,-2.49,4.4,1.6,-1.88,-3.58,-1.27,-3.94,0.64,1,0,0
3.36,0.94,-3.03,0.76,-1.67,-2.62,0.29,-0.85,-1.4,3.38,0.1,-5.7,-2.76,1.8,-1.07,-2.0,1,0,0
3.73,-4.29,-0.17,-1.75,1.64,-0.0,-2.5,0.33,0.45,0.3,1.3,0.72,-3.02,1.21,-0.64,-0.59,1,0,0
2.2,0.97,-6.18,2.69,-0.7,1.46,-3.88,6.37,0.65,1.37,-0.21,0.55,5.33,-3.24,-0.11,-1.19,1,0,0
0.93,1.64,-4.15,4.19,1.23,-2.32,-1.24,0.87,-3.53,1.33,-0.28,0.64,-2.31,2.45,-4.47,-3.83,1,0,0
1.22,1.05,0.16,-0.2,-2.13,-1.59,-1.59,-1.62,-3.26,-4.79,1.64,0.87,-1.01,0.84,-3.5,1.94,1,0,0
-1.88,1.32,-0.94,2.35,0.31,-0.0,-3.68,1.07,-0.24,0.37,-2.0,-0.86,-0.27,-2.48,-3.94,2.72,1,0,0
-0.92,0.26,-2.64,1.37,0.15,0.88,0.6,3.62,-0.67,0.69,1.97,-0.56,0.9,-1.21,-0.24,-1.67,1,0,0
-0.4,4.2,-1.35,3.56,-2.58,-2.32,-1.17,-2.41,-1.13,-2.33,3.21,2.11,2.29,0.71,5.13,-2.97,1,0,0
1.13,0.78,-2.24,0.92,-0.21,-2.17,2.73,-1.19,1.74,3.35,-0.6,-2.67,-2.91,2.27,-2.39,-2.05,1,0,0
2.19,-0.77,-0.61,-4.75,1.16,3.97,1.1,0.81,-1.34,-2.01,-1.81,-2.72,1.06,-3.37,0.7,0.54,1,0,0
-0.33,2.8,-5.88,-1.74,-2.64,-0.94,7.69,1.06,-0.97,-0.91,1.82,-5.37,-4.6,-1.01,3.66,-4.94,1,0,0
2.19,0.16,1.92,-0.1,3.77,-1.02,-3.13,-0.01,0.58,-1.29,2.23,0.56,-3.56,-1.72,-2.04,-1.49,1,0,0
-2.22,3.83,0.24,-2.4,-1.82,0.06,4.69,-3.33,-0.58,-6.35,-1.41,4.69,2.64,3.42,-0.32,0.79,1,0,0
2.64,3.22,-4.34,0.47,-2.19,1.72,-0.19,0.0,-0.51,-0.67,-4.44,-0.24,4.23,1.54,-1.25,-0.6,1,0,0
1.63,2.54,-0.22,-3.28,0.42,3.02,-1.17,-2.1,0.08,-1.8,-3.43,1.79,1.63,2.34,0.11,-3.04,1,0,0
1.46,1.17,-0.64,3.09,1.44,0.32,-3.03,2.89,2.71,0.59,1.28,0.96,2.48,0.94,0.42,-3.16,1,0,0
1.1,-0.95,0.94,-0.07,0.9,1.95,-2.23,0.79,0.9,2.44,0.81,-4.13,0.54,-2.85,3.71,1.1,1,0,0
4.38,-2.33,-4.3,-0.48,1.49,0.61,0.02,0.65,-3.5,1.29,-1.51,1.24,-2.68,2.66,-4.97,-1.58,1,0,0
1.72,-0.97,-2.27,0.02,-0.11,-1.39,-0.6,2.35,2.2,2.68,0.44,-2.42,-0.71,1.35,-0.21,-1.58,1,0,0
-0.28,1.5,0.08,1.62,1.09,0.8,-2.98,0.71,1.27,-1.69,-0.74,-0.62,2.1,-2.79,1.57,-1.04,1,0,0
-1.82,-5.14,1.62,-2.09,4.05,3.17,-3.98,6.89,5.09,5.87,0.69,-1.02,0.5,-4.47,-3.31,4.01,1,0,0
2.16,0.67,-5.12,3.02,-1.49,-1.0,-0.26,0.46,-2.34,3.0,-1.04,-3.88,-0.95,1.6,-0.56,-4.05,1,0,0
-0.32,-1.33,1.49,-2.55,1.12,1.26,-1.47,-0.12,1.15,-0.07,-1.77,1.62,2.75,0.98,1.42,4.07,1,0,0
-1.53,-3.24,3.08,-0.62,3.65,3.02,-5.25,1.13,0.74,0.54,-1.16,1.53,0.78,-1.96,-0.2,3.94,1,0,0
-2.42,7.57,-3.34,5.34,-3.1,-1.47,-0.9,-1.1,-0.26,-1.99,-1.57,4.02,3.68,2.12,-1.81,-0.69,1,0,0
-4.64,7.99,-1.51,3.48,-2.14,-2.32,0.8,-3.97,-0.31,-4.3,-3.97,0.71,2.51,1.98,3.06,-1.75,1,0,0
-0.57,2.31,0.82,-1.67,0.62,2.94,-2.43,1.47,4.09,1.32,-1.63,-1.28,-1.12,-1.05,-1.97,0.05,1,0,0
-2.41,4.34,1.52,-1.41,-2.59,1.11,2.52,-6.44,-3.29,-2.68,-3.03,0.04,0.87,0.53,-0.78,4.74,1,0,0
0.3,-0.5,-1.5,1.75,0.16,-0.91,-2.47,-1.8,-2.68,2.5,-0.78,-4.65,-3.4,-2.4,0.15,-0.38,1,1,1
3.09,5.53,-1.68,-0.14,-1.14,-0.36,0.69,-2.15,-5.01,-3.24,0.13,2.99,4.17,4.01,-1.57,-2.44,1,0,0
2.26,-1.48,0.38,-2.19,-3.41,1.82,0.96,-1.32,-0.17,-1.32,2.06,-4.53,0.64,-3.2,2.5,2.38,1,0,0
1.67,-5.47,-1.54,0.76,2.0,-0.32,0.41,1.52,0.95,2.17,2.3,1.93,-0.12,0.22,-0.01,-1.43,1,0,0
-0.99,1.15,-1.24,1.24,-0.97,-2.08,-0.48,-2.16,-2.97,-1.56,0.08,0.86,2.25,-0.28,2.06,0.87,1,0,0
-4.7,0.84,0.66,0.87,5.88,2.67,-1.72,4.23,2.06,0.35,-0.28,2.06,0.51,-4.38,0.86,-2.28,1,0,0
6.39,-6.12,-2.01,-0.82,-1.01,-1.01,1.57,-1.15,-2.77,0.64,4.25,-3.98,-0.88,-1.01,4.72,-1.14,1,0,0
-2.67,-2.49,5.79,-5.11,2.2,1.18,-1.47,-4.62,-0.65,-0.96,-3.51,-0.17,0.88,1.03,-0.46,4.31,1,0,0
0.57,-8.18,2.6,-0.19,3.05,-0.21,-10.71,2.96,3.8,6.79,-0.64,-4.34,-4.16,-2.77,-2.61,4.11,1,0,0
2.96,-6.53,1.36,2.08,2.13,0.19,-6.31,0.14,0.28,0.7,0.28,3.32,3.05,-2.13,-2.08,5.38,1,0,0
3.24,-1.81,-1.79,0.84,-1.75,-2.5,2.75,-4.79,-1.58,4.02,0.83,-5.41,-3.31,-0.65,3.34,1.38,1,0,0
1.84,-2.72,-2.46,1.4,0.91,-0.02,-2.06,1.35,-2.19,-0.33,2.17,-2.68,-1.83,-3.43,3.19,-2.08,1,0,0
0.42,-2.48,0.31,1.04,0.76,0.41,-4.19,-1.85,-0.22,-0.3,-1.04,3.18,4.55,-1.34,3.62,2.43,1,0,0
-1.43,0.7,2.49,1.22,3.57,1.06,-2.98,1.65,1.75,-1.72,1.7,3.89,3.51,-3.01,2.19,1.58,1,0,0
-1.58,-2.52,-1.27,1.12,3.47,1.76,-2.5,6.41,1.33,-1.94,1.64,1.81,1.67,-6.51,-0.76,2.09,1,1,1
-1.13,6.84,-0.04,0.32,-1.15,-2.19,0.13,1.7,3.54,1.35,-0.1,-2.2,2.34,4.05,-0.9,-2.86,1,0,0
-0.4,-0.84,-0.11,0.44,-0.41,-1.32,-1.75,-1.62,-0.0,-1.28,-0.85,1.28,-1.06,1.01,-1.65,2.06,1,0,0
0.14,0.59,0.89,0.03,1.19,1.57,0.22,-3.1,2.11,-1.82,-1.64,0.37,-2.89,0.8,1.59,-2.09,1,0,0
3.82,-3.55,0.01,0.34,2.94,1.32,-5.48,-0.92,-2.25,0.7,-4.37,2.72,0.89,1.17,-4.16,6.09,1,0,0
-0.38,3.79,0.22,-2.24,-0.88,-3.71,4.61,-1.38,-0.26,-0.1,2.42,-0.25,-2.46,4.7,-5.06,-2.41,1,0,0
1.18,-4.94,-2.99,0.4,2.26,-0.84,-4.57,3.96,-1.39,4.33,0.2,-1.8,-2.03,-1.09,-3.27,-1.59,1,0,0
-1.82,-3.55,0.29,-0.88,3.47,2.39,-4.18,1.29,1.75,2.1,-4.72,0.09,0.71,-1.71,-0.51,2.26,1,0,0
0.38,0.34,-3.21,1.53,0.71,-0.8,-3.13,4.19,-0.39,2.57,0.17,-2.19,1.75,0.12,0.17,-3.41,1,0,0
0.02,-0.22,-0.72,-1.62,1.75,0.75,2.6,0.19,-1.93,-3.05,0.16,0.9,0.91,0.07,2.17,-0.61,1,0,0
-2.9,0.36,2.31,0.22,2.1,2.48,-3.05,1.79,2.63,0.03,-0.12,2.07,1.31,-3.09,-2.26,2.59,1,0,0
-1.86,-4.12,4.95,1.02,7.45,1.4,-4.17,-1.55,0.1,-0.31,1.01,7.7,0.04,-1.14,1.56,2.93,1,0,0
-1.14,1.05,0.37,2.05,-0.71,-1.85,2.6,-0.79,-1.88,-0.33,3.74,-0.27,2.93,-0.39,3.01,1.23,1,0,0
-2.09,-1.97,1.26,-0.82,2.35,0.3,-0.73,-0.2,0.03,4.0,-2.18,-2.82,-0.32,-0.75,-1.91,2.49,1,0,0
2.07,5.02,-7.3,1.74,-8.43,-5.83,5.86,-1.78,-3.84,-1.47,1.99,-5.59,0.58,4.14,1.33,-2.9,1,0,0
-0.12,-1.73,0.42,3.16,-0.42,0.58,-1.48,-3.45,0.87,3.04,-2.22,0.42,3.66,0.82,3.27,3.3,1,0,0
-2.14,2.18,1.57,-1.09,4.47,1.66,1.36,-2.69,-2.4,-1.23,-1.5,0.7,-5.04,-1.58,-1.35,-0.19,1,0,0
-2.81,2.6,2.87,-4.82,0.93,5.1,0.15,0.87,2.38,-3.59,-3.52,3.83,5.23,-0.44,-4.36,3.42,1,1,1
-1.66,3.32,-0.43,-0.8,0.46,-0.28,0.13,4.12,2.03,-3.42,2.29,2.65,2.83,-0.92,-2.35,-1.7,1,0,0
-2.2,3.34,0.17,2.61,-1.33,-3.54,3.73,-2.53,-1.86,0.13,3.24,-0.88,-0.7,3.15,0.58,-1.9,1,0,0
-0.49,-2.86,3.74,-3.29,4.99,1.58,-2.3,0.4,-0.02,-1.26,2.83,1.3,-4.9,-3.21,-0.18,0.8,1,0,0
-0.46,-3.16,-2.59,1.41,1.36,-1.4,0.87,4.31,-0.34,2.6,1.43,-2.75,-1.54,-1.83,-3.62,1.27,1,0,0
-0.54,-3.32,-0.02,-0.06,2.24,-2.78,-0.01,0.72,-3.37,-0.4,3.68,-0.38,-2.78,-1.83,0.05,1.61,1,0,0
0.17,0.32,-1.31,-0.01,0.79,0.35,-1.73,3.27,3.84,3.09,-1.14,-3.33,-1.56,-0.93,-2.29,-0.46,1,0,0
2.98,-8.64,1.25,1.09,-0.57,-4.29,-3.66,-3.87,-0.26,4.21,2.61,-3.2,-3.21,0.95,2.93,2.17,1,0,0
-3.09,2.88,2.92,0.07,1.2,4.37,-1.31,-2.27,2.01,-3.64,-3.41,1.36,0.42,-3.12,-0.62,3.47,1,0,0
0.42,1.11,3.41,-2.65,2.66,2.28,2.97,-0.51,1.22,-1.54,2.45,1.58,1.47,-0.13,1.6,0.97,1,0,0
-2.21,-2.95,0.05,-0.71,4.65,0.72,1.17,3.65,-0.38,-0.29,0.84,-0.84,-1.67,-3.7,-1.61,1.23,1,0,0
-3.55,1.33,-3.01,6.4,1.44,-2.03,-1.15,-0.5,-0.63,2.66,-1.85,-1.65,-0.93,-1.22,2.66,-1.65,1,0,0
0.44,2.85,-0.93,1.72,-4.05,-4.67,4.51,-4.37,-1.56,1.6,3.39,-1.32,0.37,3.84,1.13,0.22,1,0,0
2.01,-1.15,-3.52,-0.1,-0.86,-0.5,4.48,3.62,3.97,5.68,2.48,-8.58,-1.92,-1.07,3.63,-4.12,1,0,0
0.15,3.1,-2.84,3.5,-1.12,0.97,-3.85,4.11,5.34,1.53,-1.28,1.26,5.25,-1.0,-0.73,-1.06,1,0,0
-0.15,1.35,0.2,-1.07,5.64,0.62,3.08,1.22,1.49,2.74,-1.22,-0.82,-0.71,1.61,2.12,-2.53,1,0,0
-0.28,-1.26,1.46,2.04,2.42,-0.29,-1.28,-2.56,1.77,3.64,0.42,1.12,-0.4,-0.61,1.31,0.82,1,0,0
-0.52,-3.31,-1.98,-0.78,2.59,2.77,-0.04,4.11,0.51,2.36,-1.35,-1.83,0.88,-5.71,-1.08,4.38,1,0,0
0.41,0.82,-1.57,2.63,1.27,-0.3,0.32,0.08,-1.25,1.96,-0.51,0.24,-0.09,1.42,-1.88,0.17,1,0,0
0.59,-0.14,-2.19,-0.17,1.53,-1.14,2.3,3.07,1.94,2.33,2.73,-0.04,1.3,0.44,1.95,-4.15,1,0,0
2.14,-3.99,0.05,-0.54,4.39,-0.8,-2.57,3.64,-0.44,-0.49,2.2,4.16,-0.58,0.99,-4.59,0.07,1,0,0
2.87,-3.35,-0.48,1.73,2.98,-2.03,-2.86,0.06,4.17,4.24,-0.09,1.73,-1.89,1.95,-0.29,-0.31,1,0,0
5.16,-3.16,0.39,-1.55,-0.24,-0.23,-2.25,0.8,-0.15,-1.56,3.02,-0.12,0.59,0.38,-1.82,-0.37,1,0,0
-2.46,-0.4,0.87,-2.0,-1.35,-0.11,3.62,0.87,1.73,1.37,4.7,1.16,-1.34,-0.16,-4.03,0.18,1,0,0
-2.11,-2.57,3.01,-1.4,2.98,2.73,-2.54,-1.68,-0.21,-1.18,-2.77,5.24,2.69,-1.45,-2.23,6.69,1,0,0
2.33,-5.36,4.32,-3.11,2.66,0.51,-2.39,-1.88,3.5,4.41,-0.06,-0.87,-0.53,-0.38,-1.17,4.44,1,0,0
-0.64,-0.56,1.58,-3.02,1.89,4.71,-1.74,-2.04,-2.46,-4.36,-3.75,2.8,0.27,-1.39,-2.98,2.45,1,0,0
2.04,-1.15,1.11,-0.67,-0.07,1.75,-3.83,-2.46,-0.96,-0.48,-2.02,-0.31,2.25,1.15,1.48,0.05,1,0,0
0.67,-2.3,1.81,-1.31,-0.66,-2.06,4.66,-3.26,-2.83,-2.84,5.24,1.61,3.02,-2.05,3.54,4.09,1,0,0
-0.62,-1.08,1.95,-3.81,0.97,3.5,0.51,1.49,-1.57,-0.5,-0.77,-2.26,3.59,-1.07,-0.43,2.16,1,0,0
0.16,-0.94,-5.55,1.71,0.64,-2.68,0.95,5.03,-3.43,3.61,0.94,-5.4,0.29,0.06,-0.87,-3.91,1,1,1
-4.7,2.21,0.67,4.72,-1.1,-0.36,-0.85,-0.53,0.44,-0.1,-1.91,0.48,4.29,-0.88,-1.58,5.45,1,0,0
0.62,1.98,-2.18,-0.23,-2.46,-1.28,-0.9,0.89,0.81,1.18,-0.76,-1.33,3.45,2.61,-0.15,-1.73,1,0,0
1.33,0.99,-3.61,-0.87,0.98,1.45,0.1,1.91,-0.87,1.92,-3.09,-2.14,0.38,0.31,0.13,-0.44,1,0,0
-1.99,6.35,-1.54,1.13,-0.37,1.28,-0.27,1.84,-1.3,1.24,-3.7,-0.24,5.11,3.5,-4.74,-1.76,1,0,0
-1.89,1.77,-1.36,0.1,-0.11,1.24,-0.54,-0.15,-2.55,-1.97,-3.22,-0.42,-0.69,0.26,-4.08,0.86,1,0,0
-2.02,-2.71,0.23,-3.32,1.04,2.35,0.72,4.16,1.68,3.15,0.34,-2.8,0.78,-4.73,-1.13,6.34,1,0,0
-1.88,-2.7,2.04,-0.64,5.05,2.2,0.47,-2.07,1.19,4.35,-1.68,0.42,-2.87,-2.72,0.99,2.75,1,0,0
0.43,-2.13,0.27,-0.01,-0.64,3.33,-1.42,-0.23,4.05,2.05,-1.98,-0.69,4.02,-2.54,3.33,2.92,1,0,0
0.54,2.28,-0.17,-0.39,2.75,2.07,0.16,-1.08,-0.48,0.61,-2.76,1.05,0.87,1.59,-0.11,-1.78,1,0,0
-0.3,0.41,-2.92,-3.89,-0.08,0.94,5.34,1.2,-3.73,-1.06,0.05,-4.29,-0.19,-1.03,1.51,-2.94,1,0,0
1.89,2.57,2.75,-4.17,1.46,3.16,7.1,-5.7,1.93,0.12,-1.05,-2.82,-2.95,0.83,1.48,-2.42,1,0,0
2.39,-6.86,1.39,-3.25,5.29,1.49,-4.67,4.88,0.45,3.3,2.07,-1.86,0.26,-5.56,0.29,3.02,1,0,0
-1.14,-0.14,-0.3,-0.13,2.16,-1.91,-2.24,1.25,-3.58,0.73,2.36,-1.53,-1.95,-1.81,-0.32,-0.85,1,0,0
-1.55,0.92,-2.12,0.18,-0.8,-0.42,-0.11,-1.82,-1.44,-0.0,-2.04,-2.29,-1.37,-0.54,1.39,-1.39,1,0,0
1.08,1.49,-3.62,3.11,-1.61,-3.12,1.06,1.46,-1.27,5.46,3.15,-8.57,-3.92,-2.79,1.65,0.7,1,0,0
2.67,-1.88,1.44,-0.36,3.31,-1.67,-2.99,1.38,-0.46,0.3,1.21,3.33,2.07,3.02,-4.21,0.43,1,0,0
1.16,-0.71,-2.27,-3.21,0.78,0.17,4.05,-0.73,-3.8,-0.41,-0.21,-0.21,-0.56,0.83,0.07,0.44,1,0,0
1.06,-1.61,0.52,0.88,3.31,-1.71,-2.3,-0.05,0.25,1.33,2.93,1.51,-1.97,-0.71,2.91,-0.67,1,0,0
3.22,4.57,-4.03,0.73,1.08,-2.45,3.93,-1.0,-2.15,-1.0,0.72,-1.31,-3.86,3.41,1.77,-6.44,1,0,0
-1.36,1.07,3.73,0.11,-0.32,0.49,-0.73,-6.14,1.97,0.91,-0.45,0.4,-2.76,1.06,0.63,2.33,1,0,0
-1.45,-1.18,3.09,1.65,3.12,2.31,-3.12,-1.5,-0.59,-1.04,0.78,3.5,0.54,-3.05,-1.29,1.96,1,0,0
3.36,-8.21,1.01,-0.94,4.84,-2.58,-6.07,-0.51,-3.02,4.25,0.78,-1.08,-4.87,2.68,-1.94,-2.21,1,0,0
0.43,0.81,1.45,0.32,-3.65,-2.36,2.87,-6.09,-5.5,-4.93,3.42,0.43,3.53,0.83,4.6,2.85,1,0,0
1.6,3.09,-6.32,1.91,-3.88,-3.52,7.12,0.64,-0.97,2.14,0.85,-5.94,2.06,0.85,1.59,-3.16,1,0,0
-1.88,-0.76,0.2,0.98,0.92,2.17,-3.98,0.13,-1.8,1.51,-2.75,-4.03,-0.71,-4.61,-0.17,4.21,1,0,0
2.0,-2.06,-3.11,1.58,-0.81,-2.69,1.41,-1.02,-2.26,-0.54,0.78,2.97,3.75,2.49,1.81,-0.09,1,0,0
-2.61,4.86,-0.12,-1.04,-4.06,0.58,3.78,-3.57,-0.33,-4.32,-1.48,-0.7,1.69,-0.81,-1.45,1.94,1,0,0
1.02,0.71,3.76,-2.57,-3.23,-0.53,-1.2,-2.36,4.33,2.44,-0.2,-1.61,3.11,2.78,-0.66,6.75,1,0,0
0.55,1.54,-3.28,4.67,-2.06,-3.01,1.54,-3.04,-3.56,-2.14,1.25,0.37,-0.86,-1.06,0.97,1.39,1,0,0
-4.73,4.67,-3.64,4.67,-1.09,-2.38,1.2,3.33,-2.56,-4.58,1.38,2.64,4.71,-2.53,1.01,2.08,1,0,0
-0.39,0.48,-0.7,-0.35,1.53,1.0,2.7,-3.66,-1.23,-0.27,-1.38,1.02,-4.43,1.44,-1.12,-1.95,1,0,0
-3.71,4.83,-1.47,2.87,1.15,1.88,-5.4,4.59,0.83,2.91,-2.61,-0.17,3.45,0.99,-3.22,-3.93,1,0,0
-2.58,1.09,1.15,-2.0,3.0,4.99,-3.72,7.01,0.38,-2.86,-0.07,-2.68,1.65,-5.63,-1.52,-0.62,1,0,0
0.41,1.27,-1.01,-1.62,-4.05,2.79,-0.36,1.19,5.41,2.8,0.16,-3.4,2.55,-3.93,1.05,2.96,1,0,0
4.69,-2.78,-1.18,-2.17,1.28,-0.49,-1.39,-1.89,2.19,6.0,-1.89,0.67,-2.41,5.49,-2.22,-1.9,1,0,0
3.23,-1.7,-2.63,0.23,0.18,0.23,-0.34,2.0,-3.1,1.11,2.55,-4.36,0.16,-3.32,3.51,0.44,1,1,1
1.46,1.37,-0.61,0.75,0.23,-0.57,2.02,-1.69,-1.5,-0.39,1.18,-1.21,1.26,0.86,2.08,-3.41,1,0,0
1.7,-2.18,-0.68,2.36,-1.38,3.24,-5.34,0.97,2.99,3.9,-2.82,-2.74,1.65,-1.75,-1.5,3.77,1,0,0
0.74,4.33,-2.27,1.94,-2.47,0.3,2.82,-2.0,-1.83,-5.22,1.46,1.17,3.91,-1.55,3.11,-2.72,1,0,0
-0.25,3.62,-6.03,5.27,-1.54,-3.41,-0.8,2.22,1.74,6.62,-1.75,-3.43,1.07,3.47,-0.92,-5.59,1,0,0
-0.7,-1.0,-2.52,3.32,0.79,-1.78,-2.08,0.86,1.55,4.5,-1.5,-4.84,0.7,-1.39,5.19,-2.33,1,0,0
1.26,4.32,-3.74,1.11,-4.39,-3.12,3.25,-0.31,-2.69,-1.06,2.28,0.97,3.43,4.33,0.25,0.0,1,0,0
3.31,5.08,-4.15,2.37,-3.08,-5.0,5.1,-2.3,-3.96,-0.59,3.89,-0.63,1.41,4.01,1.57,-3.83,1,0,0
3.55,1.88,-7.6,2.39,-3.85,-0.76,-1.64,3.78,0.68,3.19,-0.56,-5.0,4.96,-1.31,6.91,-2.2,1,0,0
-3.43,2.9,-0.68,-0.08,0.56,-0.48,3.4,-2.56,-2.88,-0.14,-1.18,0.54,-1.28,-0.39,-1.92,1.34,1,0,0
2.83,-0.07,0.64,-2.63,1.91,1.51,2.39,1.13,5.13,0.99,-0.57,0.35,1.18,2.02,-3.25,-3.07,1,0,0
-0.9,-0.23,2.57,-1.1,3.91,3.87,-1.43,-0.38,0.53,-0.84,-1.31,2.29,1.62,-2.01,0.93,0.69,1,0,0
-5.21,2.18,0.41,-0.21,5.44,4.3,-5.74,5.85,4.44,3.33,-6.87,-0.94,-2.19,-1.13,-9.35,-2.37,1,0,0
1.43,-1.87,-1.12,-0.11,0.8,-2.57,-4.32,-1.1,-4.04,-0.03,-2.04,2.03,-1.07,4.33,-3.49,2.69,1,0,0
-1.2,-0.19,1.73,2.26,0.89,-1.52,-1.59,0.2,-0.65,0.45,3.26,-1.26,-1.17,-0.13,-1.16,-0.76,1,0,0
0.88,-4.21,2.77,-2.77,1.51,-0.27,2.64,-3.35,1.48,1.97,-0.42,0.48,-1.05,1.99,-2.15,3.26,1,0,0
-0.56,0.12,-0.39,-3.0,-3.05,1.32,3.79,-0.56,-1.07,-0.62,1.52,1.2,4.53,-0.27,0.67,5.13,1,0,0
1.14,-4.12,-4.6,2.53,2.86,0.04,-5.26,7.49,2.07,6.63,0.57,-5.12,-1.38,-3.94,-0.38,-4.35,1,0,0
2.91,0.35,0.07,0.29,-2.01,-0.75,-0.32,-4.13,0.64,2.5,0.44,-1.26,-0.34,2.04,1.48,0.29,1,0,0
1.24,2.63,-4.41,1.82,-3.44,1.49,-1.69,0.46,-0.52,-0.64,-1.4,-1.79,1.19,-0.42,0.87,-2.54,1,0,0
1.26,-0.75,-3.49,0.54,-1.81,-3.03,4.19,-1.59,0.83,2.76,-0.33,-2.85,-0.69,3.67,3.32,-1.92,1,0,0
1.93,-0.78,-1.93,-0.45,-0.28,-2.25,-0.38,1.01,-0.24,0.75,2.05,1.7,0.77,1.37,-2.2,-0.49,1,0,0
0.82,-1.01,-4.5,1.22,-2.56,-1.42,1.61,3.06,4.14,6.03,0.39,-4.27,3.09,0.52,4.01,-0.69,1,0,0
3.94,-1.88,1.96,-3.95,4.03,0.27,1.07,-1.3,2.77,6.55,-1.62,-2.89,-2.63,3.37,-1.32,-0.56,1,0,0
1.36,-0.4,-4.99,1.38,0.37,-0.94,0.48,2.26,-1.56,5.28,-0.27,-3.34,-0.51,2.06,1.88,-3.58,1,0,0
0.32,1.57,2.27,-1.28,-1.71,0.49,-1.47,-2.37,-0.91,-3.73,1.9,1.92,3.21,-1.99,-0.37,3.06,1,0,0
0.07,-1.28,-2.07,3.08,1.85,0.7,-2.28,0.35,0.82,4.74,-3.74,-2.03,-1.94,0.22,-2.74,0.52,1,0,0
-0.19,-6.9,3.63,-6.2,1.69,3.17,3.19,3.04,2.6,1.67,4.4,-2.17,-0.39,-2.96,-1.12,3.46,1,0,0
-2.59,3.32,-2.83,3.16,-0.76,1.57,1.83,1.62,-2.61,-5.68,4.31,-2.49,-1.84,-6.63,5.61,-4.82,1,0,0
1.24,-2.77,0.51,-3.17,0.53,2.2,1.09,-3.52,-2.51,0.72,-3.84,-3.36,-4.83,1.34,-4.7,2.26,1,0,0
2.33,-0.74,-3.16,2.11,0.67,0.54,-4.03,-0.37,-1.63,-1.42,-1.26,1.64,0.6,-0.36,2.48,-3.02,1,0,0
-2.73,0.07,-0.1,2.08,3.17,2.66,-2.47,-0.17,3.43,5.6,-6.83,-3.41,-1.42,-0.48,-0.49,1.8,1,0,0
3.87,-2.66,-2.5,0.7,0.32,-2.61,2.48,-2.02,-5.46,-2.79,4.01,3.46,-0.86,1.98,0.62,-0.77,1,0,0
-3.67,-0.41,2.07,-1.18,4.03,3.15,-3.39,4.2,3.86,3.2,-0.79,-1.25,1.47,-4.47,1.32,2.06,1,0,0
0.81,-1.44,-0.25,-2.51,-0.85,3.59,-4.59,1.2,1.86,0.12,-3.15,0.71,2.48,-1.04,-1.73,3.91,1,0,0
0.63,1.84,-4.59,4.01,-1.67,-3.31,1.06,0.71,-0.72,1.42,1.76,-3.29,1.03,-1.2,3.7,-3.11,1,0,0
-1.05,-2.54,-2.55,3.26,1.04,-2.54,-0.23,-0.39,-1.09,0.8,-0.77,1.78,-0.03,-0.46,0.44,3.42,1,0,0
0.68,-1.11,1.46,3.13,2.12,-0.64,-3.36,-3.14,-0.71,3.71,0.14,-0.53,-2.72,0.63,-0.7,0.04,1,0,0
1.13,-1.67,0.43,-0.62,1.2,-1.62,1.27,2.51,-0.22,2.29,5.5,-2.03,-0.88,-1.87,-0.7,0.9,1,0,0
-6.23,1.11,3.88,0.72,5.0,4.04,-3.11,-1.25,-2.32,-0.67,-4.63,2.31,-0.31,-4.02,-4.74,6.52,1,0,0
2.3,-2.24,-1.18,-0.05,1.15,-1.34,-1.29,-1.01,-3.58,-0.74,-1.64,1.76,-1.2,2.87,-5.2,2.4,1,0,0
-2.43,2.97,-1.11,2.41,-0.62,0.37,0.53,-0.98,-1.62,-2.15,-0.86,-0.17,-0.22,-0.42,-0.21,-0.32,1,0,0
-3.13,2.43,5.32,-0.21,4.21,1.26,-1.1,-2.04,0.95,-1.82,-0.09,4.96,3.82,0.19,1.66,2.23,1,0,0
-2.46,2.49,2.36,-1.24,-1.23,-0.39,5.52,-4.6,-1.32,-1.9,0.2,-0.46,1.07,1.45,0.65,2.87,1,0,0
-0.51,-0.22,-2.76,5.03,-0.25,-1.44,-1.27,0.58,-5.78,-3.12,2.87,1.85,1.34,-2.4,0.88,1.1,1,0,0
0.68,-2.35,1.98,-7.21,4.3,7.73,-4.11,5.61,-1.59,-6.3,-1.82,1.46,3.62,-5.22,-1.6,1.76,1,1,1
1.05,0.94,-4.46,1.54,-1.44,1.34,-4.17,4.03,0.84,-0.02,-2.57,1.21,3.62,-1.16,-3.58,1.13,1,0,0
-2.0,2.39,0.4,-0.46,-0.48,0.19,0.56,-0.88,-0.34,-5.23,-1.84,3.87,5.44,1.03,-0.24,1.94,1,0,0
1.77,0.97,-2.7,1.22,-3.62,-1.49,2.74,-3.33,-2.9,-2.34,-0.62,-0.54,2.21,1.19,1.53,2.54,1,0,0
-2.58,1.29,-0.13,0.52,1.78,-1.99,0.47,1.62,-0.24,0.11,-0.05,-2.42,-1.11,-0.14,-2.58,-0.59,1,0,0
