@relation SyntheticData-N_600-D_16-Nmin_100-Zmin_32-CL_2_3-R_0
@attribute X0 real [-6.56, 7.80]
@attribute X1 real [-6.65, 10.01]
@attribute X2 real [-7.19, 8.44]
@attribute X3 real [-7.81, 7.32]
@attribute X4 real [-8.72, 7.35]
@attribute X5 real [-8.51, 5.79]
@attribute X6 real [-7.97, 7.57]
@attribute X7 real [-6.02, 8.73]
@attribute X8 real [-8.13, 6.90]
@attribute X9 real [-7.00, 8.21]
@attribute X10 real [-7.65, 6.59]
@attribute X11 real [-7.59, 7.83]
@attribute X12 real [-6.04, 7.03]
@attribute X13 real [-6.37, 6.65]
@attribute X14 real [-9.79, 5.70]
@attribute X15 real [-7.55, 7.33]
@attribute cluster_idx {0,1,2,3,4}
@attribute is_noise {0,1}
@attribute Class {0,1}
@inputs X0,X1,X2,X3,X4,X5,X6,X7,X8,X9,X10,X11,X12,X13,X14,X15,cluster_idx,is_noise
@output Class
@data
-5.41,-0.47,0.97,3.38,-1.56,-4.88,3.93,0.44,2.63,-0.22,-2.03,4.82,2.03,-3.12,0.52,0.36,0,0,1
-2.58,0.73,-0.03,0.29,0.04,2.66,0.36,0.47,2.6,6.15,2.38,-2.22,1.88,-3.72,2.81,0.11,0,0,1
0.33,-0.16,-0.87,-1.7,2.29,-1.67,0.42,0.29,-3.15,-1.15,2.46,0.39,-1.7,3.51,-2.36,-1.14,0,0,1
1.04,-3.5,-2.78,-1.89,0.46,-3.8,2.44,2.14,-1.7,-5.02,-1.28,2.07,-5.2,3.65,1.55,2.3,0,0,1
-0.53,-2.98,3.78,-3.37,-1.33,1.91,0.43,-1.51,-4.16,-2.02,3.47,0.24,0.13,0.61,0.23,-3.72,0,0,1
0.37,-0.45,1.64,-2.16,-3.07,4.64,0.88,-2.07,-1.58,-1.4,3.75,1.51,-4.05,-1.07,2.78,0.84,0,0,1
1.99,-2.91,0.4,-1.61,-4.57,4.03,-1.07,-0.61,2.69,2.7,-1.37,-0.36,2.93,-1.69,1.97,3.53,0,0,1
-0.2,3.88,-1.04,1.65,0.15,1.15,1.74,-3.42,2.99,0.49,-2.69,2.54,0.81,-4.13,-1.12,4.22,0,0,1
0.82,-2.06,-2.6,4.83,3.47,-1.08,0.46,-1.14,0.98,1.72,1.26,-4.5,0.27,-0.39,4.6,3.91,0,0,1
-1.5,-1.24,-0.54,0.33,-0.08,-3.08,-0.26,0.78,0.33,-1.47,-2.03,-1.0,1.19,3.1,-0.2,-0.29,0,0,1
0.39,-0.06,0.97,-1.97,-2.45,0.63,-1.87,3.01,3.43,3.25,-4.45,0.29,1.88,-0.91,0.83,1.88,0,0,1
-1.14,0.37,-5.25,3.0,3.54,-4.69,0.17,1.86,1.88,-0.76,-2.89,-2.22,0.91,4.69,-1.5,1.25,0,0,1
-3.08,0.91,0.98,1.51,-2.21,0.7,-0.51,0.89,0.7,-4.84,0.3,0.56,-1.55,2.86,0.87,-3.32,0,0,1
1.2,2.09,5.54,-2.72,0.45,0.64,1.51,1.51,-3.71,1.1,0.54,2.17,-3.58,-2.29,-0.73,-4.32,0,0,1
3.04,4.27,-1.47,0.5,-2.7,2.87,-0.3,-0.31,2.3,-0.96,-0.11,-0.86,-3.46,1.47,-1.65,0.89,0,0,1
-1.04,-0.54,-0.67,-0.8,-2.78,1.59,2.07,-2.03,2.67,-3.89,-2.37,2.76,-0.62,-2.08,2.14,3.06,0,0,1
-0.82,4.47,1.18,-1.82,1.75,0.12,2.2,-0.67,-1.06,-1.83,-1.72,3.73,-3.13,-1.24,-0.86,-1.12,0,0,1
-5.42,-1.63,3.68,2.18,2.36,-1.23,1.4,-3.36,-3.05,2.38,1.81,4.36,4.55,-4.79,1.85,0.15,0,0,1
-2.05,10.01,1.69,2.06,1.53,2.57,-1.87,-1.17,1.21,1.6,0.18,2.61,1.87,-0.24,-8.46,-4.06,0,0,1
0.07,3.53,-0.81,-3.01,-1.24,-3.13,2.59,3.85,1.68,1.45,-2.63,2.93,-3.9,-0.37,-1.52,-0.35,0,0,1
3.84,0.16,0.57,0.53,3.58,-2.98,2.57,-1.19,-2.7,0.19,-2.0,-3.14,-1.11,1.26,-0.6,-0.86,0,0,1
0.26,-0.55,0.05,-0.48,-3.69,-0.41,0.9,2.51,5.48,-0.63,-4.76,1.54,0.68,-0.61,0.24,2.28,0,0,1
-1.32,-2.38,3.56,-3.93,-1.95,-1.24,1.3,3.62,0.41,-2.93,-1.26,3.24,-2.14,-1.46,1.25,-1.64,0,0,1
-2.01,1.87,0.24,-0.01,-1.59,1.85,-3.45,-0.2,-2.27,-4.26,2.34,1.37,0.74,4.37,-5.9,-4.38,0,0,1
2.41,-2.11,-1.28,0.47,1.41,2.58,3.39,-4.69,-2.02,0.81,1.99,-3.24,-2.29,-0.71,4.28,3.19,0,0,1
-0.79,0.52,0.08,0.3,0.12,-1.42,3.69,0.72,-0.61,4.3,1.37,0.91,-2.37,-1.54,0.38,0.34,0,0,1
0.81,-0.9,0.0,-5.3,1.76,-4.34,1.23,4.08,-0.41,1.67,-1.61,3.45,0.58,-1.87,-2.05,-0.0,0,0,1
-1.86,1.58,-0.0,1.19,-1.25,-1.58,-0.33,1.65,0.77,2.82,1.88,1.64,0.9,0.26,-2.04,-0.77,0,0,1
1.81,-0.18,-0.49,-2.57,-1.09,0.07,-2.86,3.32,-2.53,-5.81,-0.14,1.9,-4.26,4.0,-1.32,-1.65,0,0,1
-3.85,-1.0,-1.52,4.95,-2.06,0.04,-1.63,-0.25,0.26,-1.66,1.29,0.95,1.05,0.94,2.6,0.35,0,0,1
0.78,1.51,-0.57,0.04,1.19,-1.7,0.49,-1.42,2.27,-1.35,-4.42,-3.57,3.45,1.33,-1.85,-1.03,0,0,1
-0.53,-3.26,-1.1,1.37,0.59,-2.88,0.31,4.14,-0.67,1.91,3.01,-2.4,-0.87,2.2,0.28,-1.7,0,0,1
-2.56,-2.86,1.27,-0.26,-3.88,1.05,-1.57,1.67,3.94,-0.79,-3.08,1.68,5.21,0.49,-0.37,0.09,0,0,1
-3.71,2.75,1.43,4.87,4.23,-3.41,1.07,-2.6,-3.8,5.64,2.97,-1.95,2.23,-0.44,-1.32,-2.7,0,0,1
1.23,1.75,0.28,-4.24,1.52,4.47,-0.58,-0.77,-1.51,1.11,0.93,0.77,-1.05,-1.58,-0.42,0.01,0,0,1
3.24,0.86,-1.09,-0.88,3.39,-2.08,-0.32,3.71,-5.06,8.21,5.72,-2.39,-2.55,0.77,-3.27,-2.31,0,0,1
0.56,-2.68,1.17,-3.48,-0.97,-0.61,2.17,-0.46,1.08,-4.99,-3.49,-1.62,0.17,1.93,1.38,-1.2,0,0,1
-1.34,-3.28,0.47,-3.29,-2.93,0.54,-2.32,5.93,5.31,4.0,-1.72,-1.84,4.67,-1.06,1.35,-0.75,0,0,1
-1.66,1.13,1.08,0.08,1.33,-0.48,-0.58,-0.85,-1.37,-5.26,-1.44,1.84,0.76,1.11,-0.52,-2.62,0,1,0
-4.57,1.37,-1.38,6.29,-1.76,3.88,-0.51,-3.68,0.32,0.4,4.0,-1.01,0.71,1.24,-0.17,-0.08,0,0,1
-4.26,2.5,1.58,-0.49,2.73,-0.72,1.61,1.38,1.02,6.33,0.44,1.3,2.15,-3.86,-1.32,-1.43,0,0,1
0.98,-1.35,1.34,-2.13,-3.95,1.65,2.89,0.32,2.54,1.05,-2.22,0.77,-1.56,-1.82,1.32,1.94,0,0,1
-1.68,-1.13,-3.21,1.42,2.03,-0.86,1.35,-0.94,-2.33,-2.28,3.76,-0.29,-1.56,1.77,0.43,-0.39,0,0,1
2.74,-1.37,0.98,-2.57,-0.55,-1.28,-0.74,0.41,0.3,-2.02,-3.5,1.09,0.89,-0.36,-0.58,2.0,0,1,0
2.38,3.55,-0.72,-3.64,2.25,0.68,-3.07,2.79,-3.4,1.93,3.62,0.72,-2.35,0.78,-4.31,-2.21,0,0,1
-2.89,-3.73,-0.38,0.21,-0.32,-1.06,-0.47,1.18,0.26,-1.48,2.32,0.79,2.15,0.17,0.55,-0.2,0,0,1
0.02,0.97,3.55,-1.48,-6.52,5.59,-1.85,4.27,2.02,1.17,0.97,6.05,-3.91,-4.18,1.81,0.74,0,0,1
-1.36,-0.55,-2.33,3.29,-2.62,0.49,-3.79,1.44,2.74,-0.86,0.55,-3.92,1.87,3.2,0.16,-0.15,0,0,1
2.87,2.87,2.66,-4.41,-5.96,-0.04,-2.23,4.01,4.59,-2.96,-7.65,5.25,1.08,0.31,-5.64,-0.22,0,0,1
0.71,-0.84,0.7,3.53,-1.39,-0.56,1.46,-1.55,-1.85,-1.85,-1.61,2.17,-1.38,-0.24,1.28,1.14,0,0,1
-0.07,1.64,-0.58,-1.18,1.01,0.72,-4.24,-2.3,0.92,-1.73,-3.83,0.24,-0.56,2.92,0.19,-2.63,1,0,1
0.63,-2.56,-1.61,1.75,3.58,-1.76,0.85,-5.07,-0.53,-6.04,-2.46,0.35,4.27,2.71,-2.06,-0.83,1,0,1
0.03,-0.24,1.01,-7.36,-0.63,-0.05,2.32,-0.68,1.37,2.13,0.28,0.68,-1.86,-1.86,4.74,-1.38,1,0,1
-0.94,-0.84,0.84,-3.05,2.88,-1.24,1.76,-6.02,-2.32,-0.6,2.31,-1.48,1.65,-1.06,0.44,0.98,1,0,1
2.47,-0.27,1.02,-0.09,-2.78,-0.33,0.86,-0.79,-3.6,-1.85,2.55,-2.76,2.93,2.68,-1.45,-0.58,1,0,1
-2.49,-1.05,0.15,-0.36,2.73,4.42,-1.66,0.94,-2.57,-2.49,-0.45,0.54,2.1,1.27,-0.84,-3.05,1,1,0
4.16,-0.3,-0.61,0.58,-1.65,-0.42,1.4,0.02,-2.57,-0.18,0.68,-2.78,2.82,2.71,-3.95,2.54,1,0,1
-3.73,-2.08,3.21,-3.36,-3.42,0.24,1.97,2.55,2.97,0.35,-1.13,2.33,-1.24,-6.37,4.06,-4.5,1,0,1
2.81,-0.82,5.19,0.56,-2.89,-1.36,-1.24,3.59,-2.2,-0.3,1.44,-3.04,0.75,1.7,-3.22,-1.05,1,0,1
-2.57,0.58,0.52,-4.86,0.3,1.11,-0.69,2.16,-1.03,5.53,-0.82,0.14,-0.77,-2.54,3.86,-1.48,1,0,1
2.27,-0.59,-1.75,0.67,0.96,-2.22,0.15,-2.49,-1.4,0.65,-1.71,-0.33,0.94,-0.29,-4.01,2.49,1,0,1
-0.76,0.2,2.53,-3.28,-2.45,2.15,2.44,-2.98,0.14,4.84,-1.38,-1.46,-1.87,-1.37,3.77,2.1,1,0,1
0.88,1.28,-3.75,-1.59,3.11,1.43,-4.53,-3.65,0.76,-3.4,1.17,-0.21,-0.1,2.32,-0.21,-5.47,1,0,1
0.87,3.38,-3.0,-1.53,-1.17,2.39,-1.86,-1.04,-0.94,2.18,0.55,-1.08,0.25,1.77,-0.57,3.22,1,0,1
-0.65,-2.75,1.63,2.98,-1.75,1.35,0.28,3.28,-0.3,-1.04,2.11,-1.16,0.96,-0.86,-2.99,-1.23,1,0,1
1.49,-3.27,-1.48,3.78,1.92,-1.3,0.75,0.58,0.31,0.13,0.77,-0.54,3.04,3.59,-2.9,1.19,1,0,1
4.41,-0.15,0.44,-0.63,-1.52,-0.68,-2.11,3.42,-1.9,2.86,4.14,-2.9,0.01,1.79,-2.2,-2.96,1,0,1
-0.5,1.1,-2.16,-3.28,0.79,-0.25,1.74,0.36,-2.84,3.45,-4.98,1.58,4.78,1.77,0.35,3.42,1,0,1
-1.79,1.58,0.57,3.66,-1.01,-2.36,-6.14,5.13,-0.65,1.47,2.18,1.49,1.42,-1.67,-2.87,-0.15,1,1,0
-1.97,-0.26,0.83,0.78,0.58,-0.58,-2.26,1.28,-3.73,-0.35,3.62,0.46,1.02,-5.64,-3.56,-1.2,1,0,1
0.5,-0.89,-0.36,-0.93,-1.07,-1.74,0.48,0.51,0.83,1.17,0.62,0.19,1.18,0.8,-1.88,-0.74,1,0,1
1.67,-1.25,2.04,-1.7,2.39,-2.33,-0.05,-5.4,3.43,-2.89,-0.01,-0.42,0.64,2.65,0.13,-1.67,1,0,1
-0.19,-1.58,-3.3,1.44,0.4,0.77,0.25,1.35,1.5,5.58,6.59,-1.37,-0.37,3.15,-0.09,2.06,1,0,1
0.1,-0.46,2.18,-1.82,-0.11,0.74,-1.59,4.03,1.78,0.22,-4.63,0.22,1.27,2.83,2.02,-2.84,1,0,1
4.06,2.04,-1.35,-1.03,-3.06,-6.93,-1.03,2.48,0.51,5.41,-5.86,1.99,0.62,-5.42,-2.15,3.3,1,0,1
0.99,-1.66,0.92,3.4,5.46,0.64,-4.33,-2.17,2.6,-3.5,5.55,-3.08,0.44,3.42,-2.68,-2.24,1,0,1
1.21,-0.72,1.9,-2.27,0.03,1.2,0.23,1.94,0.34,1.71,-3.58,-0.9,0.44,2.68,-0.04,-0.16,1,0,1
-3.24,-1.73,-3.46,4.57,1.17,0.54,-1.99,1.8,1.49,-2.84,3.72,1.98,2.64,-0.05,-2.81,-1.04,1,0,1
-0.56,0.78,0.1,0.85,2.26,-3.33,-6.2,1.58,-0.67,0.41,-0.71,1.35,1.52,1.45,-2.79,-3.89,1,0,1
-2.31,0.14,-0.52,-0.98,0.3,-0.28,0.94,-3.13,-0.93,-1.35,0.67,1.2,1.22,-1.37,-1.07,3.11,1,1,0
1.06,-1.38,-0.11,-0.45,-2.64,-0.05,-0.61,4.91,0.84,0.49,-4.51,1.49,0.58,-0.05,-0.71,-4.14,1,0,1
4.04,0.06,-2.99,0.99,-3.47,0.03,0.48,0.61,-1.84,2.0,5.64,-2.95,1.14,1.95,-3.87,0.29,1,0,1
-0.54,1.01,-2.56,-0.58,-0.84,0.58,-1.05,0.61,-4.89,1.11,-0.62,0.54,2.11,0.68,-1.4,0.74,1,0,1
2.49,-4.76,-1.87,2.73,1.84,-3.09,1.8,-2.71,3.94,-3.22,0.2,-0.08,1.29,2.18,-5.27,-2.35,1,0,1
0.11,-0.68,0.77,-0.34,-0.84,-2.77,1.04,1.56,2.88,3.09,-2.01,1.44,1.3,2.79,2.34,4.03,1,0,1
-1.31,-1.35,0.03,0.09,-3.47,-0.11,0.33,3.75,0.51,1.61,-0.53,0.45,0.79,0.32,-1.09,-2.13,1,0,1
2.27,2.16,7.84,-5.25,-1.29,-1.09,0.01,-2.28,0.1,-0.87,-0.11,-3.35,-0.09,2.39,2.96,3.22,1,0,1
0.04,-0.22,-1.74,-3.28,1.06,0.04,1.33,-5.98,-1.48,-1.45,2.04,-0.83,1.72,1.92,0.87,-1.72,1,0,1
-0.91,-1.56,2.4,-1.35,-4.64,2.43,0.07,3.09,-1.17,-1.28,-0.16,-1.06,0.66,1.37,0.33,-7.13,1,0,1
-0.87,-2.02,-1.02,-0.25,-0.16,1.58,-0.46,0.73,2.23,-1.22,-4.14,1.83,-1.09,0.59,0.27,-3.45,1,0,1
1.99,1.74,0.0,-5.22,-0.58,-1.24,0.95,-4.18,-0.94,3.1,-2.38,-0.56,-0.17,-1.59,4.04,0.85,1,0,1
-6.56,-1.0,-1.05,-0.5,4.44,2.64,-3.34,-1.02,-0.09,-7.0,-1.01,3.59,2.27,-0.9,-1.82,-5.75,1,0,1
-1.17,-3.33,1.12,-0.97,2.44,1.52,2.51,-2.19,-0.4,-0.62,-5.69,-0.74,2.39,1.5,-1.56,-1.92,1,0,1
0.05,-1.93,3.93,-1.9,1.24,-0.55,-0.61,-1.18,5.38,-0.63,-1.58,-0.19,-1.63,3.74,1.52,-2.25,1,0,1
3.95,-0.12,2.41,-1.62,1.07,-1.71,-1.92,-1.65,1.07,-2.21,-3.26,-1.81,0.5,1.34,0.81,-2.92,1,0,1
-2.81,-3.09,4.15,-0.49,3.35,0.17,-1.92,3.46,5.7,2.12,4.38,0.61,-2.22,0.42,3.61,-2.3,1,0,1
-2.35,-1.53,-2.86,1.75,0.01,-0.98,-0.25,0.55,0.39,3.12,2.48,1.73,0.58,1.91,-0.97,1.32,1,0,1
4.32,0.6,-1.91,0.28,0.65,-3.78,-0.93,-0.65,-0.96,-0.09,-1.43,-1.1,2.78,1.79,-2.32,2.32,1,0,1
-2.97,-2.16,1.24,-1.38,-2.0,-2.45,5.01,-2.69,-1.07,-2.29,0.09,1.73,3.22,-1.07,-1.8,3.0,1,0,1
0.82,-0.97,0.1,-1.05,-5.05,1.81,1.66,2.14,-3.42,-0.7,-1.57,-1.21,1.09,-1.4,-0.72,-3.41,1,0,1
0.94,-4.78,-3.63,2.67,-0.15,4.0,-1.08,2.73,2.76,1.72,-1.92,-2.83,-1.12,-0.93,-2.76,0.11,2,0,0
-0.76,6.69,8.28,-3.03,0.78,-3.9,2.99,-4.38,1.1,3.47,-4.54,-1.66,-1.69,-0.7,2.42,-2.8,2,0,0
3.69,0.63,0.85,-3.13,2.97,0.0,3.65,0.73,3.31,1.31,-1.18,2.73,2.05,-1.86,2.77,-3.46,2,0,0
4.7,-1.0,-3.4,1.29,0.11,-0.87,3.25,3.02,-1.28,-1.31,1.0,3.68,1.35,0.06,-2.18,-1.89,2,0,0
4.02,-2.27,1.21,-3.35,0.32,1.63,-4.34,1.19,-0.17,1.14,0.97,-1.56,-2.35,-1.09,-3.49,-3.25,2,0,0
-0.1,-0.5,-0.02,2.59,0.36,3.47,-0.29,0.38,0.86,-1.24,0.44,-0.3,2.11,0.19,1.72,-4.98,2,0,0
0.29,3.89,2.11,-1.51,1.74,-1.9,0.23,-1.34,3.18,0.68,0.55,-0.43,1.68,1.07,4.8,-1.43,2,0,0
0.24,-0.27,-1.38,2.25,1.06,0.9,-1.28,-0.19,-1.74,-3.7,-1.43,-4.51,-2.08,-1.09,-1.2,-2.58,2,0,0
0.95,1.88,0.2,-2.52,-2.6,-3.38,-1.45,-1.78,0.15,-3.33,-1.22,-1.86,-1.71,-2.68,-5.11,4.76,2,0,0
2.35,-0.27,1.63,-3.62,-3.98,1.76,-2.37,4.36,4.49,3.47,-0.85,-0.4,2.88,6.05,-3.21,-0.38,2,0,0
-2.84,2.04,3.05,-1.56,-2.58,1.95,1.08,0.08,-1.52,5.04,-3.0,-2.61,-3.18,-1.5,-0.5,2.87,2,0,0
0.13,1.37,0.26,-0.82,0.72,0.07,3.39,-0.81,-0.51,-2.34,-2.94,-4.36,1.38,0.8,-5.46,1.11,2,0,0
2.14,-1.09,1.19,-1.69,-0.14,1.32,1.91,-2.28,-0.41,-1.51,-2.27,-1.98,-0.48,-2.48,-1.0,-1.72,2,0,0
1.56,2.59,-0.88,-2.01,1.23,0.32,-1.52,3.69,2.58,1.85,3.52,-1.47,2.5,3.24,1.28,2.08,2,0,0
-0.8,1.16,-2.63,1.02,-1.37,1.57,0.95,3.44,2.12,-0.15,-2.08,3.35,4.46,-3.43,-1.11,6.49,2,0,0
-2.41,-1.0,1.25,0.7,-3.99,1.92,-0.4,0.66,1.07,1.63,-1.33,-0.6,2.45,2.1,-4.17,2.72,2,0,0
-0.18,-0.81,-4.29,2.23,-1.42,1.58,0.79,6.12,1.91,2.27,1.53,0.85,5.55,4.77,0.42,4.45,2,0,0
2.31,-4.02,-4.88,3.73,0.79,1.67,-1.35,2.96,-0.45,-0.75,1.65,-0.71,-1.46,-0.74,-1.34,-2.44,2,0,0
2.04,2.04,-0.84,-0.62,3.05,-3.29,-3.52,1.33,0.46,0.98,2.81,0.35,0.96,-1.27,-0.09,2.38,2,0,0
-0.81,3.06,-0.04,0.77,2.65,-0.86,-0.74,-0.72,-2.58,-0.88,-0.47,-1.77,-0.6,-1.68,2.19,-0.85,2,0,0
0.64,1.17,2.99,0.33,1.24,-1.06,1.91,-4.09,-1.78,-0.42,-0.8,-6.07,-4.42,-2.56,-3.84,-1.86,2,0,0
-1.99,1.73,3.38,-1.1,0.1,0.61,1.0,-2.06,-1.47,2.34,-3.76,-2.96,-1.61,-0.95,1.18,-1.46,2,0,0
4.26,0.69,1.8,-2.42,0.86,-1.39,3.49,0.97,2.84,4.52,1.1,2.06,0.94,0.71,2.91,-2.52,2,0,0
0.36,1.65,1.57,-0.99,-1.07,0.84,4.6,-0.16,-0.09,0.88,-1.7,1.22,2.03,-1.4,-0.73,1.25,2,0,0
3.76,1.73,-2.3,-0.48,4.72,-4.13,3.02,-1.33,1.22,-4.38,3.21,2.75,2.16,-0.66,0.14,-4.32,2,0,0
-0.43,1.27,-0.65,0.3,-2.54,-3.09,1.07,-1.43,-1.92,-2.74,-1.46,2.54,1.08,-1.71,0.42,2.38,2,0,0
-0.76,3.01,0.14,0.98,0.67,-2.67,0.94,-2.06,-2.55,-3.6,-3.05,-1.79,0.16,-1.67,-1.1,0.07,2,0,0
0.53,-0.01,-2.63,1.27,-1.21,-1.82,-1.11,0.61,2.68,-3.52,-1.01,1.33,2.36,-0.59,-5.4,1.41,2,0,0
3.13,-2.34,-3.83,3.42,-0.38,-1.08,-3.45,-0.41,-1.63,-5.85,2.25,-2.67,-4.86,-3.42,-9.79,-2.03,2,0,0
0.14,2.12,-2.02,0.9,2.86,0.84,-0.88,4.2,1.09,2.73,1.34,0.34,2.22,0.28,1.97,1.94,2,0,0
-0.26,3.54,0.46,1.6,2.24,-2.4,-1.13,-0.83,0.65,1.32,0.96,0.08,0.3,-3.64,1.97,3.24,2,0,0
0.61,0.31,1.83,0.23,2.23,-0.68,0.45,-2.3,-2.41,-0.06,-2.12,-0.71,-0.31,-1.42,2.01,-4.21,2,0,0
0.34,-4.52,-3.24,3.55,-1.48,2.72,0.65,0.97,0.2,-2.83,-1.78,-1.0,1.17,-0.05,-1.63,-2.0,2,0,0
1.46,1.08,-0.14,-1.73,3.52,-2.07,-1.81,-0.92,-1.41,-1.44,-0.51,-1.14,-1.34,-0.59,0.82,-4.2,2,0,0
-2.78,2.36,3.34,1.51,-2.14,1.85,5.45,-2.9,1.32,1.89,-3.61,1.16,-0.46,-3.31,3.78,-1.36,2,0,0
1.14,0.94,3.27,-1.64,0.29,0.94,3.03,-2.42,0.6,0.06,-0.38,-0.15,-0.54,-2.76,-1.55,-3.32,2,0,0
-1.95,3.72,-1.98,3.86,3.5,-0.84,3.6,-0.02,1.57,-0.44,-0.95,0.84,2.03,-3.45,3.95,2.2,2,0,0
4.51,-2.6,-5.01,-0.3,0.67,0.88,-1.76,3.67,0.33,-3.94,1.68,1.44,1.74,-2.17,-2.68,-0.31,2,0,0
-1.38,-0.06,1.95,-0.53,-2.37,2.91,-0.5,-1.12,2.1,0.2,-1.32,-2.49,0.16,0.22,0.4,-1.53,2,0,0
-1.57,-0.93,1.52,1.31,-2.87,5.51,1.05,2.63,-0.02,5.0,-0.93,-4.32,0.14,1.84,-0.06,2.58,2,0,0
2.35,5.22,0.43,-0.51,3.03,-1.68,3.08,3.12,2.12,2.74,0.24,0.91,2.24,-1.64,-0.11,4.03,2,1,1
0.58,0.4,1.41,-1.37,-1.64,0.69,2.49,-2.98,1.22,-0.06,-1.65,-2.56,-4.09,-3.87,-4.5,0.17,2,1,1
-1.58,-0.69,2.62,0.99,-5.43,3.37,2.44,-2.55,-3.27,-0.36,-0.26,-0.35,0.84,-0.01,2.06,-0.13,2,0,0
0.35,0.42,1.77,-0.68,2.31,-0.75,0.76,-2.82,1.3,0.98,-2.93,-3.34,-4.1,-3.18,-2.34,-3.21,2,0,0
0.07,2.43,-0.38,-1.37,2.28,-1.43,-0.07,-0.34,-0.79,-1.52,-1.06,-0.8,-0.99,0.09,-0.33,-2.74,2,0,0
1.26,1.46,-1.51,-1.49,2.89,-1.49,-1.32,1.46,1.32,-0.24,-2.35,-1.12,-1.11,-1.5,-1.82,-0.71,2,0,0
4.49,-1.85,-4.44,-0.66,-3.21,1.33,3.76,4.26,-0.5,-1.68,3.91,3.91,4.7,2.2,-1.84,2.71,2,0,0
0.12,3.67,0.61,-0.43,-0.3,-2.58,-0.13,1.88,0.81,1.84,-1.03,2.05,1.21,-1.08,-1.23,3.37,2,0,0
3.13,3.18,1.21,-1.35,2.69,-4.99,2.11,-0.28,0.72,-0.21,-1.53,3.19,1.27,-2.16,-0.47,-1.08,2,0,0
-0.46,2.16,-2.1,1.88,0.85,0.55,0.26,1.92,0.09,-1.66,2.09,-0.62,3.77,1.16,0.12,2.47,2,0,0
-2.45,1.19,0.14,1.09,-0.09,0.41,-0.05,1.57,1.51,2.24,-2.25,0.91,2.55,0.69,-1.87,1.45,2,0,0
-0.43,1.59,-1.1,2.1,2.77,-1.54,1.2,-0.2,0.79,-0.11,-3.82,0.71,-1.8,-6.21,-1.74,2.24,2,0,0
-1.2,2.39,0.87,2.84,1.1,-2.23,4.07,-2.02,3.26,2.19,0.52,0.26,0.8,-1.97,3.62,2.02,2,0,0
3.04,-1.49,1.57,-5.31,-3.88,0.03,-5.54,4.01,2.9,3.41,-2.75,-1.82,1.53,3.34,-6.11,3.58,2,0,0
-0.41,2.07,-1.31,0.81,6.08,-0.42,1.58,-2.26,-1.2,-2.57,-1.8,-1.04,-1.04,-3.24,0.57,-4.79,2,0,0
0.8,-1.84,-2.14,0.59,-1.26,2.26,-1.11,3.89,1.05,3.64,-1.82,1.57,1.15,-0.18,-1.68,1.74,2,0,0
-0.63,2.14,-1.1,3.54,-0.5,-0.61,5.19,-1.16,-2.16,-2.49,-2.09,0.09,-1.39,-2.79,-1.57,-0.7,2,0,0
1.31,-1.58,1.48,-0.49,-0.26,1.73,-1.83,-2.72,-1.35,-2.39,-1.19,-6.64,-2.74,-0.3,-0.15,-4.11,2,0,0
-2.44,-2.35,-2.14,3.18,-2.62,3.95,4.52,-0.05,0.79,-1.0,-5.42,-0.16,0.39,-3.06,-0.59,1.25,2,0,0
4.66,2.61,-0.3,-0.31,6.29,-0.54,0.37,0.25,1.51,-0.79,1.69,-1.77,-0.23,-2.11,2.53,-4.42,2,0,0
-3.65,-3.7,-0.54,3.34,-3.83,3.55,3.1,-4.94,-3.11,-3.45,-0.99,-4.26,-2.29,-1.77,-3.7,-0.8,2,0,0
5.57,-0.0,2.1,-5.04,0.66,1.64,0.2,2.2,2.33,1.37,3.81,-0.3,4.36,4.38,-3.35,-2.4,2,0,0
-0.21,1.05,1.37,0.73,-1.84,-1.24,4.77,-1.07,0.83,2.15,-3.23,0.78,-1.06,-1.27,-1.64,0.24,2,0,0
1.84,1.65,1.25,-2.92,-3.16,-2.91,-2.09,0.75,-0.61,-0.57,2.83,1.32,1.86,2.74,-1.45,1.49,2,0,0
1.02,-0.81,-2.81,2.8,-0.27,-0.18,3.34,0.69,-0.79,-1.78,-2.36,-2.57,-2.57,-2.32,-3.76,1.11,2,0,0
-0.48,-3.31,-0.75,0.96,-3.62,-1.15,2.05,-3.41,-1.89,-4.31,-1.78,1.78,1.57,-0.62,-3.25,-1.74,2,0,0
2.67,-0.25,-1.22,-1.96,1.91,-0.09,-1.69,4.21,4.56,2.49,-3.95,1.46,2.12,-1.17,-1.98,0.6,2,0,0
1.98,-0.92,-3.02,0.43,3.88,-0.91,-3.16,2.51,1.25,-0.48,-2.08,-1.44,1.61,0.18,-0.74,-0.81,2,0,0
1.93,-3.31,-2.41,1.48,-1.32,2.74,-1.54,1.81,-0.07,-1.31,5.06,1.89,3.7,1.69,1.37,-1.59,2,0,0
-0.12,-0.08,3.86,-1.06,0.51,1.15,-0.87,-4.59,-0.63,-0.99,-1.92,-6.8,-5.05,-0.95,-2.37,-6.0,2,0,0
3.9,-0.86,2.34,-1.4,0.81,1.09,-0.77,-0.66,0.72,-0.38,1.79,-3.05,-1.43,-0.8,0.57,-3.97,2,0,0
2.55,0.84,1.76,-7.0,-1.32,-1.47,-4.14,1.05,-0.6,1.65,-4.66,-1.28,-2.97,-0.81,-3.89,0.62,2,0,0
-0.07,-0.35,-1.82,1.94,1.66,-0.66,0.2,-2.17,-2.16,-3.63,-0.54,-0.29,-1.14,-3.63,-0.0,-2.37,2,0,0
0.43,2.75,-0.19,3.6,7.35,-2.47,5.5,-3.78,2.67,-1.75,0.62,1.1,0.68,-3.47,3.98,-6.31,2,0,0
3.16,0.17,-1.69,0.21,0.59,1.22,-3.88,5.07,0.31,2.27,2.77,2.23,2.3,0.39,1.29,0.61,2,0,0
0.81,0.22,-1.31,-0.47,0.84,1.7,0.38,1.63,-2.01,-0.34,-1.45,-1.25,0.69,-2.77,-2.98,2.96,2,0,0
6.1,-1.02,-0.69,-2.31,0.09,0.76,-3.84,4.86,0.1,0.42,-0.7,-0.16,0.96,0.62,-2.5,-1.57,2,0,0
4.71,2.16,-0.18,-1.0,1.19,-3.19,-1.31,0.9,-1.54,-2.39,1.89,-0.28,-1.22,1.56,-0.87,-4.62,2,0,0
-0.12,2.11,-0.07,0.87,0.37,-0.75,0.37,1.31,0.66,1.74,-0.8,1.54,0.78,-0.38,4.04,-0.25,2,0,0
-0.2,0.28,-1.58,4.19,1.51,-3.44,1.33,-0.65,-0.42,-0.56,-3.47,2.66,1.05,-1.55,0.74,-0.47,2,0,0
-2.02,-2.85,-1.51,3.51,-3.45,5.79,-0.46,-0.32,0.22,-1.91,-0.71,-2.13,-0.13,-2.34,-2.0,0.23,2,0,0
2.32,-0.03,-2.99,1.48,0.7,-0.87,0.77,1.73,-1.06,-2.36,-2.82,-0.14,0.81,-0.29,2.53,-1.82,2,0,0
1.79,3.4,3.84,-2.09,-0.98,-0.21,1.93,0.99,0.77,2.82,-0.27,-0.47,1.08,0.67,0.34,0.38,2,0,0
1.51,1.03,1.14,-0.55,2.93,-0.13,0.55,-0.25,1.4,0.51,-0.24,-0.64,1.43,-0.62,-1.14,-2.3,2,0,0
1.49,-0.23,1.35,0.6,-1.32,2.07,4.99,0.07,-1.15,0.31,-5.75,-1.38,-3.33,-4.06,-0.95,-1.83,2,0,0
2.2,3.31,0.81,-0.99,1.76,-4.07,-0.65,-1.09,-3.37,-3.71,-2.6,2.0,2.18,-1.81,3.6,-1.93,2,0,0
-2.12,-0.2,2.52,-1.56,-0.62,1.17,-4.18,0.44,1.6,3.34,-4.16,-3.36,-1.52,0.94,-1.67,-1.44,2,0,0
-0.91,1.93,6.25,-4.77,-2.85,2.58,1.23,-0.45,3.01,6.22,-2.96,0.62,1.93,2.27,3.68,-2.55,2,0,0
0.15,-2.01,-0.97,-0.53,2.51,-0.46,1.16,-1.71,0.35,0.41,-0.44,-3.1,-0.65,1.86,-0.71,-3.86,2,0,0
0.54,-0.49,-2.18,2.4,2.37,-0.64,-0.26,-3.09,-3.55,-5.94,0.09,-2.39,-2.22,-4.36,-3.37,-2.17,2,0,0
0.9,0.7,1.26,-1.12,2.01,-2.07,-0.35,-1.77,-2.65,-0.2,-0.94,-2.26,-1.11,-1.43,-1.78,-1.0,2,0,0
1.32,1.4,-1.73,0.05,1.02,0.45,2.92,1.86,-0.77,-0.65,1.25,1.98,1.54,-1.81,-1.5,0.66,2,0,0
2.56,1.75,2.93,-2.65,-1.52,0.79,-3.74,3.22,2.26,4.61,2.98,1.37,1.46,2.42,-0.45,-0.9,2,1,1
0.45,2.81,0.69,-1.53,0.74,-0.33,4.93,-1.25,2.06,-0.0,1.45,-1.76,0.56,-2.17,-3.92,4.06,2,0,0
-0.41,0.54,0.34,1.44,-1.13,3.83,-2.79,3.26,-2.32,2.83,-0.43,-5.45,-0.99,0.64,-2.93,2.99,2,0,0
-0.32,-0.37,0.6,-0.13,0.48,0.99,-0.2,0.01,0.17,-0.73,-4.15,-2.39,1.99,0.45,-0.66,-0.75,2,1,1
0.19,-0.3,0.27,-0.36,-2.87,2.2,-1.63,2.35,0.77,2.0,-1.67,-2.03,-0.09,-0.66,-1.33,3.97,2,0,0
3.35,0.25,-0.31,-1.83,-1.31,1.36,2.62,1.92,2.38,0.7,0.14,-1.93,-0.59,-1.47,-1.21,2.64,2,0,0
-1.91,2.77,-0.9,2.83,3.46,-4.39,-1.07,-3.82,-1.98,-5.09,-2.11,1.44,0.81,-3.84,1.75,-2.5,2,0,0
0.61,-0.75,-1.34,0.05,-0.18,-0.17,2.55,-1.04,-1.89,-1.88,-1.13,1.74,0.84,-2.38,0.31,-0.4,2,0,0
-1.44,-1.5,-2.82,5.21,-3.26,3.14,6.3,1.01,0.58,-1.08,-1.6,-0.42,0.4,-0.36,1.11,0.49,2,0,0
0.4,-3.34,-1.6,1.26,-4.19,2.27,-5.01,1.16,-0.6,-1.48,1.44,-5.02,-1.65,0.89,-6.15,2.33,2,0,0
1.71,1.45,-5.87,3.89,5.85,-3.12,-2.01,2.75,-0.1,-3.16,-0.04,0.45,1.97,-2.49,-2.81,1.88,2,0,0
-0.44,-2.15,-4.41,7.32,0.64,3.11,-0.77,2.58,1.96,-1.19,1.1,1.75,2.21,-3.42,-0.92,0.9,2,0,0
6.73,2.98,1.08,-7.81,1.95,-5.94,-2.1,0.95,1.26,0.35,1.79,-1.57,-1.44,0.04,-1.02,1.22,2,0,0
6.86,1.41,-0.27,-2.23,2.3,-4.5,1.91,0.94,1.85,-0.06,-0.54,3.32,-0.41,-2.84,-0.7,-1.82,2,0,0
-1.61,-1.68,-4.46,7.32,3.63,4.25,2.07,1.24,3.72,-0.66,2.47,-0.52,1.46,-4.1,1.96,-0.01,2,0,0
-0.67,3.08,5.04,-3.58,-1.68,-0.1,-5.04,0.31,2.22,4.62,-0.87,-2.13,2.44,2.85,2.81,2.22,2,0,0
-1.45,-5.43,-0.98,3.32,-0.38,3.41,-2.75,-1.27,1.17,1.77,-0.57,-2.37,-1.41,-0.59,0.62,-3.13,2,0,0
2.24,1.01,0.87,-3.5,1.35,-0.22,0.23,0.47,3.02,1.9,0.81,-0.16,0.42,0.71,0.7,-1.76,2,0,0
0.33,2.64,-2.72,3.56,-0.45,-0.7,4.3,2.54,-0.47,-1.18,-0.59,0.65,-0.17,0.41,-2.06,-0.21,2,0,0
-1.1,0.35,-1.04,0.99,0.08,-3.39,1.54,-4.39,-0.59,-4.86,1.41,0.6,-0.64,-1.43,-1.14,-2.15,2,0,0
0.31,-4.64,-2.89,2.11,0.51,0.87,-1.73,-2.31,-3.09,-3.83,1.2,-3.45,-3.18,-1.32,-0.16,-3.72,2,0,0
4.38,-3.82,-3.8,1.1,-2.37,0.52,1.18,1.92,-1.16,-2.53,4.23,0.51,0.85,1.47,-2.42,-0.26,2,0,0
1.56,-0.78,2.15,-2.11,-4.67,-0.03,-3.89,0.62,-1.23,0.36,-2.85,-1.18,-1.47,-0.33,-7.53,1.01,2,0,0
1.1,0.15,-0.1,-0.13,-0.07,0.85,-1.78,0.17,-0.92,-0.2,1.28,-3.57,-0.46,-0.2,-1.14,0.57,2,0,0
-1.08,0.92,1.35,0.18,-3.11,-0.69,-2.35,1.22,0.87,2.67,2.55,0.72,3.72,6.02,0.59,0.62,2,0,0
-0.35,5.11,1.28,-1.7,3.76,-3.23,5.62,-1.95,2.86,0.2,-2.24,-0.49,-1.68,-0.86,2.27,-3.28,2,0,0
2.66,-3.54,-2.67,4.58,0.85,2.87,2.84,-0.1,-2.06,-2.54,0.58,-2.12,-2.18,-1.97,2.41,-5.39,2,0,0
-0.88,2.1,-3.53,3.92,3.43,-2.27,1.47,-1.52,1.32,-2.67,0.96,0.24,0.41,-2.54,1.36,0.26,2,0,0
-1.11,3.62,1.72,-2.3,-1.06,0.76,4.27,-0.04,-1.73,1.24,-2.21,1.46,1.69,-2.7,2.17,4.15,2,0,0
-2.56,2.13,2.35,-0.25,0.81,0.16,0.16,-2.36,1.16,2.16,-1.96,-4.15,0.28,-0.32,4.83,1.13,2,0,0
-1.71,-2.36,0.85,1.74,-1.19,-2.74,-1.77,-4.69,-0.24,-4.07,-5.05,-0.59,-0.84,-0.59,-1.31,-6.09,2,0,0
-3.33,1.42,0.64,2.71,-0.77,-1.42,3.85,-2.99,-2.17,0.23,-3.44,-1.56,-0.69,-1.96,2.7,1.8,2,0,0
1.4,0.41,-0.03,1.17,-2.07,4.75,4.71,0.81,1.16,0.89,4.34,3.22,2.08,-1.18,1.91,-1.13,2,1,1
-0.28,-0.32,-2.62,2.56,1.49,-4.39,3.01,-3.77,0.99,-5.04,-0.94,1.44,0.53,-2.45,-2.91,-1.68,2,0,0
2.42,-1.49,-3.72,0.5,-0.34,2.07,1.6,3.07,-2.12,-1.25,-0.82,0.21,0.53,-2.2,-2.65,2.16,2,0,0
0.52,-0.15,-0.62,3.58,1.76,1.97,3.45,-0.2,0.38,0.75,2.93,-0.02,3.54,-0.15,2.64,-0.7,2,1,1
-1.83,0.62,3.62,1.48,0.58,0.26,3.35,-5.33,1.63,1.33,1.32,-0.81,0.32,-0.69,2.5,-3.8,2,0,0
-1.66,-2.96,-3.04,3.95,-4.31,2.77,0.75,1.42,-0.21,-1.11,-2.31,-1.99,-2.69,-0.57,-3.83,0.6,2,0,0
-0.72,0.24,-0.42,1.95,-0.16,-1.02,0.49,-0.83,2.01,-0.35,-1.28,0.77,0.39,-2.09,-2.42,0.4,2,0,0
0.49,2.35,4.11,-1.97,-0.49,-0.19,3.9,-2.98,2.2,0.82,-1.61,-2.72,-0.64,-0.59,-5.21,-1.77,2,0,0
-0.4,-2.01,-0.2,-0.55,-2.52,1.83,0.11,0.21,-1.49,1.29,-2.9,-1.98,-1.49,0.35,-1.85,-0.67,2,0,0
2.19,-1.95,-3.25,1.43,1.85,0.53,-2.35,1.94,-0.67,-3.39,-3.21,-1.42,0.81,-2.42,-6.36,-0.3,2,0,0
0.66,-1.62,1.85,-0.51,0.8,1.37,-0.78,-2.39,6.69,1.24,1.86,-3.44,-0.33,0.08,0.01,-3.01,2,0,0
1.95,-0.76,-2.75,-0.59,-1.91,-1.44,-2.41,3.5,-1.59,-0.77,-3.47,2.38,0.43,-0.61,-6.64,1.42,2,0,0
-1.62,1.68,-1.78,0.61,-4.0,-1.66,-0.35,1.69,1.21,-0.44,-2.5,1.15,2.39,0.17,-3.87,7.33,2,1,1
2.74,2.88,0.08,-2.72,0.97,-3.19,-5.16,2.7,-0.34,-0.36,-2.58,0.56,-0.04,-0.67,-3.43,0.92,2,0,0
2.98,0.79,1.13,-0.5,-0.37,-0.16,-0.3,0.84,1.03,0.94,2.56,-2.39,-0.24,1.06,-1.62,-0.16,2,0,0
2.9,-0.58,-1.17,-1.74,0.94,-1.52,0.64,-0.49,-1.15,-1.98,1.72,1.25,1.73,-1.54,-1.9,0.05,2,0,0
-4.17,-3.0,-0.19,1.37,-3.42,2.6,-1.36,-0.84,-1.08,0.48,-4.2,-5.1,-1.6,1.64,-4.48,0.34,2,0,0
2.14,3.12,-2.35,0.21,0.57,-4.51,-5.32,3.45,-1.01,-2.16,-1.65,0.97,0.74,-1.28,-5.18,3.05,2,0,0
-0.92,0.08,2.82,-0.14,-2.95,0.92,0.53,-2.21,0.17,2.14,0.33,-2.28,-2.41,-0.47,2.31,-0.29,2,0,0
-0.52,0.36,2.52,0.17,-1.34,-1.96,-1.37,-2.21,-0.32,0.86,-1.31,0.28,0.54,0.58,-0.4,-1.5,2,0,0
-0.96,1.43,0.38,1.97,4.38,0.56,2.62,-2.31,1.02,0.01,-1.92,-3.71,-2.86,-4.93,1.8,-0.89,2,0,0
3.98,-0.87,3.73,-3.29,1.41,0.48,-0.06,-1.29,-2.43,1.1,0.53,0.01,0.32,-0.14,2.64,-6.29,2,0,0
-1.25,1.15,2.24,0.45,-1.78,0.13,-3.88,-0.07,3.4,2.1,2.39,0.59,4.77,2.18,1.6,2.76,2,0,0
-1.83,-0.51,-4.21,4.16,2.24,0.45,2.94,-0.21,-0.54,-3.07,-2.85,-2.0,0.99,0.03,-0.74,-0.82,2,0,0
2.42,-2.65,-6.65,5.45,1.07,-0.57,2.81,1.18,-3.75,-4.27,1.66,-0.15,-2.93,-3.08,-0.64,-1.58,2,1,1
-3.84,2.06,-1.54,2.29,1.03,0.82,7.5,-0.61,1.49,0.26,-3.1,-1.14,0.02,-0.36,-0.17,0.55,2,1,1
1.39,0.34,2.91,0.18,-0.55,-1.29,-0.76,-3.19,-2.56,-2.43,0.52,-1.71,-1.59,-1.4,-0.61,-4.18,2,1,1
0.55,-1.64,-0.35,1.0,-4.15,0.39,2.35,-0.19,-1.86,-0.98,-1.19,1.38,0.4,-1.13,-3.67,1.16,2,0,0
0.67,-0.87,-1.04,-1.31,2.66,0.61,-3.94,1.35,1.74,1.84,2.33,-1.14,2.65,0.27,0.57,1.11,2,0,0
-1.37,-4.22,-4.29,3.9,-2.74,1.43,3.16,0.46,2.97,-3.35,-3.85,2.4,4.02,-1.17,-3.01,1.67,2,0,0
2.77,3.66,1.41,0.3,4.52,-3.08,1.78,-1.88,1.14,-1.25,-0.12,-0.94,0.95,-0.97,2.57,-3.58,2,0,0
-0.96,-2.21,0.51,0.7,2.13,0.77,-3.71,-3.2,-0.27,-1.65,-1.43,-2.57,-2.01,-4.42,-2.15,-2.76,2,0,0
2.6,2.01,2.5,-1.27,2.17,-4.42,-0.66,-2.92,0.1,0.12,0.75,0.48,-0.47,-0.87,3.99,-3.37,2,0,0
3.57,-3.32,-4.13,1.68,1.22,1.64,-2.82,2.89,-0.87,-2.19,2.32,-2.58,-1.74,-0.74,-4.94,-1.1,2,0,0
1.61,-0.95,0.6,0.95,1.75,-1.07,-3.18,-0.62,-2.59,-0.72,0.55,-2.37,-2.76,-1.52,-1.39,-3.94,2,0,0
0.1,-2.85,-2.19,-1.0,0.57,2.5,-7.97,4.99,0.35,0.81,-2.31,-2.91,0.98,2.43,-6.45,0.05,2,0,0
0.68,-1.18,0.95,1.53,-3.97,5.05,1.01,1.89,-0.42,1.55,2.43,-1.05,1.62,3.07,2.95,-2.23,2,0,0
0.44,0.29,-3.15,1.13,2.64,-1.07,-0.59,1.12,3.49,-0.82,0.38,2.61,2.5,-2.26,0.72,0.75,2,0,0
-0.33,3.15,2.07,-2.63,-0.62,1.13,0.34,0.96,2.22,3.0,0.95,-0.33,2.6,3.75,-0.89,-0.54,2,0,0
0.11,2.15,3.25,-1.02,0.3,-0.14,2.62,-0.85,3.41,3.66,3.07,-0.3,2.27,3.56,0.53,-1.51,2,0,0
0.86,6.12,3.44,-4.19,-1.12,-2.52,4.64,-0.52,2.35,0.77,-0.12,-0.82,-0.97,0.17,-3.14,1.44,2,0,0
0.01,2.01,4.88,0.2,1.58,-0.59,4.28,-5.55,-2.28,-1.5,-0.6,-4.51,-2.16,-0.64,-1.15,-5.81,2,0,0
0.84,-0.15,3.44,-3.93,-1.79,3.15,2.72,-0.37,1.12,2.67,-0.88,0.44,1.34,-0.16,1.71,-1.36,2,0,0
0.31,0.27,-1.87,-2.94,-0.1,0.18,-2.19,2.4,3.61,1.5,-0.81,-0.14,-0.26,0.04,-1.77,-0.83,3,0,0
-0.76,-0.4,0.09,-0.29,0.16,0.38,3.0,0.64,1.27,0.79,-1.68,-0.19,-0.05,0.39,-0.83,-2.25,3,0,0
-1.24,-1.11,2.55,2.12,1.61,-5.56,2.44,2.77,-0.23,-0.05,-3.63,-3.5,1.97,2.79,0.32,-0.39,3,0,0
-3.76,4.48,2.63,-0.38,-1.33,-4.76,0.98,3.65,-0.17,-0.16,-0.09,-0.22,-3.1,2.16,-4.19,0.77,3,0,0
-0.21,2.04,-1.16,-1.06,-4.39,-1.31,0.85,-2.34,-1.73,-2.29,-3.32,-6.5,0.6,1.7,-0.05,2.43,3,0,0
3.52,-5.49,4.78,0.6,7.13,3.45,1.04,0.87,5.31,0.88,4.48,6.67,-1.09,-0.37,1.1,-4.64,3,0,0
-1.65,-0.64,1.09,1.74,0.13,-0.5,2.17,1.2,0.22,-4.7,0.25,3.92,0.92,-0.21,-2.58,-1.25,3,0,0
4.46,1.02,-1.17,-0.7,2.06,1.76,1.57,-1.7,1.96,1.68,1.69,0.47,-0.08,0.35,-2.19,-3.27,3,0,0
3.76,-1.67,-0.15,3.02,2.64,1.12,0.61,-0.51,-0.62,0.72,2.85,6.7,-2.5,2.98,-5.02,-2.98,3,0,0
-0.37,-1.15,-2.3,2.56,-1.24,-0.32,-0.46,-0.25,-2.07,2.12,-0.84,0.68,-0.97,-0.11,-1.18,-1.68,3,0,0
1.54,-1.62,2.16,3.52,-4.59,1.38,-0.35,0.95,-0.51,-2.32,-0.94,1.3,0.62,-4.94,-0.73,3.78,3,0,0
5.61,-3.09,-2.37,1.92,-3.86,4.94,2.04,-1.75,-0.29,0.34,-2.32,-1.19,3.9,-3.39,1.37,0.32,3,1,1
-1.53,1.26,-3.19,-2.34,-2.31,-0.95,-1.89,-1.91,-1.35,-1.8,-2.42,-4.4,-2.03,1.96,-1.75,-0.4,3,0,0
-0.84,-2.55,1.35,1.93,2.13,1.61,0.04,-0.69,0.2,-1.79,1.65,4.28,-1.98,-2.66,-0.54,-0.38,3,0,0
2.2,0.24,-1.23,2.85,-3.14,0.3,-0.74,2.21,-1.97,3.73,-0.53,-1.75,3.9,0.24,3.41,-0.99,3,0,0
-0.84,-2.35,-1.64,2.28,0.35,2.32,2.27,-2.03,-1.49,1.06,2.28,2.21,-0.0,0.79,1.15,-3.12,3,0,0
4.03,-1.67,-0.46,1.33,-0.93,2.82,3.32,-1.85,0.3,-0.53,-1.67,1.61,-0.25,-2.16,-3.07,0.15,3,0,0
2.39,-2.99,-0.86,2.8,0.69,4.5,3.0,-0.78,1.42,4.17,1.43,0.1,2.27,-1.91,2.24,-4.56,3,0,0
2.61,-1.83,-0.56,-0.46,1.89,3.06,3.86,-1.75,2.26,-0.39,0.45,1.81,1.92,0.2,0.32,-1.83,3,0,0
1.17,0.48,-1.24,-1.22,0.1,-0.48,1.39,1.08,-0.81,2.93,0.41,2.33,-1.41,4.6,-1.46,-1.73,3,0,0
1.73,-1.91,5.14,-0.28,1.43,-2.17,1.56,-0.92,-0.14,-0.76,-0.0,-2.26,-3.41,2.07,0.67,-0.08,3,0,0
-3.11,-3.51,-2.32,2.92,1.56,1.18,1.25,-2.85,-2.77,-0.97,2.0,2.78,0.09,0.72,2.04,-4.62,3,0,0
-0.52,0.33,0.33,2.93,-1.93,-3.33,-0.33,3.07,-3.0,3.7,0.87,3.13,-2.06,2.11,-2.05,-1.43,3,0,0
1.11,-1.51,-0.96,-1.52,-2.65,0.52,-1.19,-1.64,0.32,-4.27,-2.19,-1.43,-0.7,-3.08,-1.53,2.44,3,0,0
-3.32,3.11,0.45,-0.86,1.24,-0.57,5.81,0.71,0.08,-1.17,-1.02,1.29,-1.12,3.71,-3.28,-3.13,3,0,0
1.76,1.0,-4.15,-2.47,-0.27,2.09,-3.48,-0.22,0.46,1.02,-0.13,0.62,-0.84,-1.67,-0.95,-2.29,3,0,0
0.44,1.6,4.07,1.84,0.65,2.65,2.82,0.71,-0.79,-2.33,2.16,5.83,-3.37,0.76,-3.42,-0.58,3,0,0
-2.5,-0.95,2.24,2.4,0.0,-1.68,0.5,-0.42,-2.42,-0.94,-1.0,1.2,-5.34,0.5,-3.12,0.15,3,0,0
2.64,-2.68,1.18,1.29,-1.17,0.44,2.34,-1.41,-0.68,2.79,-0.72,-2.49,-1.32,-0.05,0.83,-1.38,3,0,0
0.62,-0.58,-0.85,2.58,-2.75,-2.49,-1.36,2.2,-2.79,-0.04,-1.9,-0.45,2.49,1.34,0.6,1.73,3,0,0
3.6,-0.56,-0.26,0.06,-2.24,1.43,-1.82,0.32,0.41,-1.43,-1.04,2.1,-1.59,-2.36,-3.67,1.41,3,0,0
-1.27,0.29,0.37,3.12,-0.05,-1.99,-1.01,1.18,-0.81,0.17,2.23,1.9,1.23,0.14,0.41,-2.15,3,0,0
4.21,-2.9,-1.46,-1.75,-2.6,5.4,2.64,-2.17,2.68,0.7,-0.4,1.95,0.11,-5.58,-0.38,-0.27,3,0,0
1.42,-1.94,0.51,2.69,-0.88,0.58,3.79,-1.15,-0.84,-2.9,-0.79,0.94,3.97,0.1,1.26,0.82,3,0,0
-0.29,0.37,2.17,-0.24,-0.17,1.37,4.44,-0.76,-1.06,0.03,0.57,1.89,-4.75,0.8,-3.02,-2.22,3,0,0
-0.86,-0.88,-1.68,2.64,-1.06,-0.63,-2.13,0.04,-2.41,-0.27,-0.73,0.58,-1.05,0.69,-1.39,-0.79,3,0,0
4.06,1.92,0.49,2.15,-3.16,-4.4,1.33,4.86,-1.39,0.89,-1.77,-3.33,7.01,4.12,1.22,-1.88,3,0,0
2.83,1.32,1.62,0.31,0.8,1.43,-0.08,1.99,0.96,2.94,1.86,1.12,0.02,2.46,0.49,-1.31,3,0,0
-4.32,1.14,2.12,1.88,1.57,-3.54,1.89,0.76,-3.8,-3.12,2.2,3.82,-2.54,4.85,-1.51,-3.0,3,0,0
0.24,-0.1,-1.21,-0.19,2.46,1.49,2.77,-2.88,0.7,-0.74,0.75,1.19,-2.58,-1.52,-3.37,-1.11,3,0,0
2.66,0.09,-2.96,-0.56,-0.05,4.11,4.47,-3.12,-0.21,0.4,-1.12,-1.81,1.14,0.88,-0.6,-3.14,3,0,0
-3.69,1.15,2.75,1.55,1.84,-7.01,0.96,1.81,-3.32,-1.05,-0.0,-2.62,0.4,6.65,2.14,-1.01,3,0,0
0.39,-1.7,0.84,3.49,-0.26,0.05,0.5,0.01,-1.33,-1.18,1.77,2.86,-0.87,-0.55,-1.92,-1.8,3,0,0
-0.09,-0.15,1.59,1.71,-3.02,-0.41,-0.27,-1.64,-2.68,-3.71,1.52,1.98,-2.67,-0.02,-1.95,0.4,3,0,0
3.31,-3.04,2.14,-2.4,0.11,1.45,0.26,0.48,2.86,0.08,-2.29,-0.88,-2.83,-2.8,-1.23,0.57,3,0,0
3.95,1.15,4.33,6.22,-3.38,-0.42,1.86,2.8,-3.17,-1.96,0.78,5.1,1.6,-0.23,-2.38,2.83,3,0,0
2.0,-1.82,2.67,-0.54,-1.11,1.94,0.32,3.13,3.95,0.5,-0.05,2.78,0.61,-4.33,0.01,-0.08,3,0,0
1.24,-0.45,-2.43,-1.68,-2.2,0.24,-0.52,0.36,-0.07,-2.27,-3.17,0.33,-0.99,-0.09,-3.92,0.05,3,0,0
-4.81,-1.23,6.05,5.06,1.48,-5.51,2.65,1.14,-4.25,-4.22,0.82,2.59,-4.02,2.25,-2.13,-0.92,3,0,0
-0.26,-3.06,-1.84,1.95,-0.4,-4.01,-2.8,2.32,-2.33,1.77,-2.63,-1.83,1.11,0.89,1.41,-0.43,3,0,0
3.37,3.53,2.38,-1.78,-1.84,3.67,0.17,1.74,0.96,2.42,0.88,3.14,-5.04,1.04,-4.09,0.36,3,0,0
1.79,-0.4,1.95,1.63,1.2,3.03,0.6,-1.74,-0.48,-2.81,3.95,7.83,-5.62,-2.31,-5.59,-2.63,3,0,0
2.33,-0.2,-0.76,-0.7,1.94,1.99,-0.75,1.65,0.06,1.58,0.28,2.76,2.39,2.85,3.08,-0.98,3,0,0
1.67,-2.27,-0.67,0.58,1.24,0.72,-1.69,1.03,-0.38,1.04,0.61,3.39,-1.15,0.25,-0.42,-1.47,3,0,0
-1.07,2.93,1.48,-2.49,0.68,0.26,-1.67,2.67,0.97,-1.42,1.92,5.67,-3.45,1.2,-2.79,-1.14,3,0,0
2.3,0.05,-1.01,2.17,1.22,0.05,0.43,-0.74,-0.95,-2.55,3.93,1.13,4.43,2.91,1.22,-2.97,3,0,0
2.42,-0.12,3.7,-0.46,1.11,0.93,4.74,-0.7,-0.3,0.99,-1.5,-0.42,-4.28,3.15,-2.57,-0.3,3,0,0
0.68,-0.66,-0.81,-0.17,0.26,0.12,3.29,-0.52,-0.84,-0.96,-0.95,2.01,0.6,2.08,-1.1,-0.9,3,0,0
0.32,-2.54,-1.59,0.49,-4.44,1.26,-0.83,-0.55,-1.48,1.22,-0.94,0.76,-0.52,-0.51,1.16,-0.67,3,0,0
3.36,1.77,-5.6,-2.04,-2.78,4.9,-0.29,0.54,2.36,3.53,-2.16,0.14,1.92,-0.83,-2.07,0.74,3,0,0
-0.63,-0.81,4.78,1.1,2.78,-2.22,0.83,0.66,-0.06,-4.24,-0.0,1.71,-2.99,0.83,-2.42,1.38,3,0,0
-3.31,-0.56,2.84,-0.38,0.02,-2.53,-0.87,0.87,0.08,-1.82,0.64,2.04,-3.54,-1.09,-0.56,-0.21,3,0,0
2.35,-0.62,-3.98,-1.24,-0.05,4.05,2.11,-1.83,1.62,0.03,0.11,2.13,1.25,0.42,-2.0,-2.21,3,0,0
0.82,0.16,0.28,-1.33,2.42,-1.06,-1.98,-0.53,0.33,-3.26,1.18,2.75,-1.53,-0.2,-1.47,0.19,3,1,1
1.7,2.71,-2.04,-5.2,-1.29,0.67,0.26,-1.9,-0.15,-0.1,-2.56,-5.65,-2.91,5.43,-2.12,0.34,3,0,0
-0.13,-1.26,0.3,3.18,-1.79,-2.24,2.65,-1.14,-3.37,-0.6,-1.23,-1.4,1.94,-0.42,2.04,0.45,3,0,0
3.5,0.56,-0.58,-2.68,-2.64,3.5,0.56,-0.16,1.42,-1.97,-1.98,1.31,-0.18,-1.79,-1.86,1.94,3,0,0
0.64,-3.33,0.5,-1.59,3.06,-2.38,0.36,-0.31,1.84,-1.99,-1.05,-3.95,3.87,2.76,4.33,-0.02,3,0,0
2.13,0.68,-4.31,1.99,-5.54,-1.59,-5.15,-1.76,-5.05,-1.25,-1.92,-4.32,3.42,-0.51,3.07,2.81,3,0,0
-1.81,1.48,2.97,-0.78,2.64,-3.21,-0.0,1.35,-2.6,-4.61,0.98,1.66,-1.54,4.51,0.25,-1.61,3,0,0
0.14,-0.25,4.61,1.38,1.75,-3.88,3.1,3.27,-0.01,-1.38,0.56,4.02,0.34,2.38,-0.94,-1.31,3,0,0
0.15,-3.7,0.34,1.32,-0.85,-0.84,-1.0,1.75,-0.07,-0.33,-0.65,3.67,-1.66,-4.81,-1.4,-1.12,3,0,0
2.79,0.96,-0.23,-4.02,1.64,1.24,5.89,-3.3,2.7,-3.95,-0.54,-1.91,1.41,4.92,-2.23,-1.29,3,0,0
-0.21,1.13,-0.95,-4.07,-0.25,-0.71,1.01,-0.68,0.0,-2.11,-2.48,-1.58,-2.07,2.54,-1.93,0.2,3,1,1
6.54,2.67,-0.08,-1.15,-3.98,2.02,-3.16,2.72,0.88,3.16,-2.35,-0.92,2.4,-0.71,1.44,3.49,3,0,0
-0.09,-0.33,1.15,-0.26,-1.16,-3.27,-2.1,2.65,-2.19,-3.12,-2.26,-0.14,1.6,0.52,2.22,1.05,3,0,0
0.23,-3.06,1.27,4.31,0.25,-1.67,2.54,-1.8,-2.75,-4.21,1.37,1.11,3.59,-0.67,2.59,-0.89,3,0,0
-1.01,-2.47,0.31,3.22,-2.38,0.46,-1.09,1.89,-2.43,4.88,0.21,2.04,-4.9,-0.27,-1.73,-2.32,3,0,0
2.5,-2.11,0.5,-0.73,-1.49,-0.47,0.33,0.32,-0.13,1.83,-1.65,-0.9,-0.11,0.52,1.62,2.52,3,0,0
2.62,0.5,-0.43,1.9,-0.31,-0.81,3.77,-1.59,-2.49,0.96,-0.48,-1.06,0.89,0.17,-0.16,-1.72,3,0,0
1.59,2.46,-0.46,2.69,-6.26,-1.08,1.62,-0.02,-3.81,-2.84,-1.06,2.73,1.14,1.01,-3.36,3.44,3,0,0
2.43,0.91,-1.33,-4.73,1.03,4.36,-1.54,-0.56,4.13,1.95,0.06,-1.74,-2.73,0.45,-1.28,-2.94,3,0,0
-3.46,-1.6,6.35,3.49,1.29,-6.23,-1.27,2.24,-1.47,-5.34,-0.1,3.72,-4.23,0.13,-3.42,3.28,3,0,0
1.95,-1.26,2.98,2.82,-2.33,-0.34,-2.3,1.04,-0.94,-2.03,-1.05,-0.64,0.26,-1.06,0.53,2.81,3,0,0
0.18,-1.2,1.07,-0.22,1.13,-2.02,-0.45,1.44,2.21,-0.43,-0.98,-0.17,1.02,-2.33,0.46,1.55,3,0,0
2.75,-0.74,0.58,-2.86,3.16,2.54,1.83,-2.17,2.63,1.03,0.42,-0.49,-2.4,0.63,-0.54,-1.91,3,0,0
1.86,-6.65,-3.06,7.31,2.61,3.35,3.24,-4.57,-3.01,6.36,3.05,-1.69,2.77,1.49,5.32,-7.44,3,0,0
3.48,0.84,-1.14,-0.56,-1.12,1.38,0.62,1.9,0.81,3.51,-1.04,0.27,0.35,0.44,-1.23,-1.21,3,0,0
2.39,-2.69,-3.88,-0.23,1.81,3.01,3.22,-2.24,-0.41,4.59,0.78,1.16,-2.8,4.59,-2.78,-6.59,3,0,0
1.19,1.08,0.66,-1.54,2.0,0.99,-2.22,1.53,1.18,-0.67,0.66,1.98,-1.75,1.8,-1.47,-0.94,3,0,0
4.15,-0.85,-0.68,1.27,-1.47,0.34,-1.24,2.9,-1.43,1.91,-0.41,1.7,3.23,0.83,2.14,-1.96,3,0,0
3.67,2.4,0.53,1.68,-6.48,-1.66,-3.52,4.39,-2.89,4.31,-0.68,1.45,-1.42,1.07,-2.06,1.35,3,0,0
-3.04,0.84,3.52,2.5,0.71,-4.4,0.16,3.58,-3.03,-3.24,0.13,4.79,-2.32,3.2,-2.84,0.67,3,0,0
-1.58,-2.28,1.32,2.76,-2.79,-3.45,-0.75,0.47,-4.22,-1.48,-1.15,-2.06,-1.48,0.82,0.68,-0.21,3,0,0
2.82,-1.69,-0.43,-0.86,0.48,0.69,-0.52,-0.07,0.27,0.42,-1.65,-0.07,-2.37,-0.33,-2.24,-0.2,3,0,0
1.28,-0.17,-0.89,1.1,1.72,-2.21,0.07,3.23,0.61,1.96,-0.06,1.39,3.22,4.21,0.12,-0.69,3,0,0
-3.64,-3.39,-0.31,-0.55,-1.39,-3.0,2.06,-0.23,-0.88,-1.73,-3.16,-0.86,-3.46,-0.08,-2.69,-0.51,3,0,0
-1.07,-2.13,-4.9,-1.25,-1.18,1.34,-1.0,-1.87,-2.2,4.29,-0.07,-0.7,-3.31,3.14,0.17,-2.49,3,0,0
0.75,1.88,2.32,-1.24,1.43,-2.89,0.4,1.71,0.31,-3.5,-0.54,1.14,1.44,3.76,-0.21,1.66,3,0,0
0.52,0.69,-0.31,0.28,-0.27,0.15,0.79,-2.18,-0.74,-4.3,1.01,0.33,1.67,-0.38,0.4,1.11,3,0,0
3.49,-1.78,-3.68,-2.36,-0.73,3.52,-1.38,-0.98,1.82,1.7,-1.04,0.24,-1.24,-1.28,-1.99,0.15,3,0,0
-2.35,-0.18,-1.8,0.28,0.9,-3.65,2.07,-0.02,-1.29,-2.83,-0.28,-1.44,3.51,3.2,0.98,-2.38,3,1,1
4.08,-1.25,0.18,0.94,2.37,2.62,-2.85,1.05,2.65,3.62,1.14,-0.49,2.4,-3.73,3.74,-1.52,3,0,0
0.66,0.04,1.69,1.86,0.68,1.92,0.6,-0.11,0.29,-1.92,1.38,2.77,-0.38,-2.55,-0.71,-1.32,3,1,1
3.07,-2.71,-0.01,-2.37,2.82,3.27,3.62,-0.74,2.88,2.7,-1.45,-1.48,-0.43,3.78,0.29,-3.01,3,0,0
1.65,1.95,2.19,-3.99,0.96,-1.04,1.55,2.73,2.99,-1.11,-2.71,-0.6,-0.1,1.11,-1.43,2.06,3,0,0
0.26,-2.32,-0.65,-0.73,-4.28,-2.49,1.93,-0.85,-3.64,-1.91,-4.01,-1.48,-2.62,1.2,-2.02,1.17,3,0,0
3.44,0.59,-5.37,-2.11,-3.74,1.76,3.13,-0.84,0.82,-0.28,-2.71,-1.34,4.55,0.22,-1.52,0.04,3,0,0
0.44,-0.66,1.21,-0.92,1.1,0.39,1.19,0.47,0.56,2.58,-1.43,-2.99,-1.21,1.51,1.63,-0.31,3,0,0
1.14,0.28,0.79,-2.91,-0.87,0.85,0.83,3.34,2.52,2.09,-3.36,-1.29,-0.51,0.22,-0.31,0.23,3,0,0
1.08,0.12,-0.98,-1.72,-1.0,2.08,1.98,-2.9,0.47,-1.17,-0.34,-2.27,0.34,2.17,0.67,-1.62,3,0,0
5.21,-0.66,-0.97,3.44,-5.42,0.16,-1.97,-0.82,-3.77,0.46,0.12,-1.58,2.08,0.26,0.79,1.64,3,0,0
3.94,0.02,-0.39,-3.51,-1.19,1.98,1.09,0.32,2.03,0.14,-3.23,-2.57,0.71,1.36,-0.38,-0.02,3,0,0
-2.29,0.07,1.17,-0.4,-1.66,-2.01,1.93,0.25,-2.23,-1.92,-2.43,-0.37,-1.97,0.86,-0.4,0.83,3,0,0
-0.16,-0.1,-0.31,-2.0,0.57,1.58,-0.54,-2.96,0.07,-2.79,1.17,-0.14,-2.96,1.94,-1.15,-0.67,3,1,1
-2.64,1.29,-2.2,-1.75,-1.03,0.65,-0.55,0.29,0.48,0.3,0.69,2.94,-3.48,-0.85,-3.47,-1.61,3,0,0
-2.07,0.12,3.28,1.77,0.86,-3.55,4.39,-0.97,-1.46,-4.05,-0.65,-0.17,-2.42,1.78,-3.56,1.03,3,0,0
-0.01,1.21,-1.83,0.47,-1.23,-0.91,-2.1,0.76,-2.29,-1.35,0.42,2.79,0.56,2.91,-0.59,-0.76,3,0,0
1.54,-0.01,0.49,-1.23,0.24,-2.11,-1.53,1.91,0.89,0.58,-0.13,2.44,-2.35,-2.65,-2.52,-0.05,3,0,0
-2.66,4.3,4.45,0.0,0.11,-1.12,7.57,1.15,-1.18,-4.45,0.28,4.23,-2.41,1.81,-4.71,-0.62,3,0,0
1.42,1.66,-1.12,-1.45,-2.58,-0.74,-1.37,2.19,-2.11,-0.66,-2.11,-1.44,-0.02,3.19,-0.97,-0.66,3,0,0
0.1,-1.52,-0.14,-1.21,0.13,-2.97,-5.15,2.33,0.72,0.82,-0.88,-1.76,-0.34,0.9,1.81,-1.1,3,0,0
0.39,-0.05,3.23,0.28,2.83,-1.43,3.66,0.04,0.28,-0.76,-0.94,0.95,-2.27,2.54,-2.02,-0.07,3,0,0
0.85,-0.19,1.98,2.42,0.59,2.22,0.24,-0.45,-0.48,0.05,1.92,4.18,-3.03,-2.61,-1.54,-2.13,3,0,0
-0.08,1.53,-0.08,0.71,-1.36,-1.09,0.31,1.64,-1.74,-2.03,0.07,5.17,-2.19,0.47,-4.92,0.74,3,0,0
1.16,-1.02,-2.82,2.36,-2.07,1.95,0.14,-3.6,-3.87,-1.36,1.14,1.33,-1.31,-0.35,-1.2,-1.14,3,0,0
-0.72,-0.9,-2.43,-0.86,-3.91,1.22,-0.75,0.78,0.62,3.29,-0.84,-0.47,-1.05,-2.1,-0.07,-1.48,3,0,0
4.25,-0.46,-1.71,0.3,0.46,4.14,1.55,-0.95,1.61,0.02,0.16,1.33,2.14,0.7,-1.1,-2.17,3,0,0
2.08,1.49,-2.13,0.03,-3.35,-2.52,-0.73,2.52,-1.87,2.79,-2.2,-0.23,0.82,2.52,-1.63,0.79,3,0,0
1.02,-0.43,4.46,-0.53,-1.07,-2.21,4.8,0.57,0.4,-1.53,-2.46,-1.43,-2.75,2.79,-3.36,1.24,3,0,0
2.43,-1.43,3.41,-0.1,-3.54,-2.75,-1.28,0.92,0.23,-3.83,-3.21,-2.48,2.15,-3.02,2.23,6.07,3,0,0
-3.33,-0.34,-0.23,0.52,-1.63,-1.75,-1.12,2.37,-1.36,-0.74,-0.56,1.6,-1.45,0.71,-0.99,-1.41,3,0,0
2.52,0.88,0.72,2.09,-0.06,0.65,0.16,-0.95,-1.94,-0.95,2.08,0.4,-0.74,1.62,-1.34,-2.91,3,0,0
-0.6,-0.55,3.79,-0.81,3.7,-0.38,0.58,0.5,1.26,-2.89,1.34,2.95,-3.54,1.43,-1.83,-0.72,3,0,0
3.87,-3.03,-0.89,-0.34,0.32,2.26,-1.48,-0.63,0.5,-1.95,-0.27,4.95,-2.45,-3.9,-3.41,-0.28,3,0,0
4.1,2.52,4.06,-0.48,1.39,-1.82,-3.92,-0.85,-2.45,-6.34,0.06,1.54,-3.71,2.0,-2.88,3.94,3,0,0
2.89,-0.33,1.93,0.18,2.72,1.4,-0.7,0.03,1.27,-0.64,1.32,2.78,-0.35,-1.56,0.58,0.7,3,0,0
4.25,-5.04,4.72,1.71,2.67,2.28,1.39,-0.56,0.95,-1.64,2.98,5.68,-1.31,-2.29,1.11,0.01,3,1,1
1.08,-3.29,-5.12,-2.85,2.61,3.23,2.34,-4.61,0.43,0.37,-0.96,-3.59,-1.19,4.56,-0.95,-4.43,3,0,0
1.97,2.77,-0.29,0.4,-4.22,0.3,1.09,0.4,-2.28,-3.99,-0.35,4.47,-0.29,-0.45,-4.3,1.53,3,0,0
0.3,-1.7,2.33,2.11,0.7,-1.59,2.13,-1.07,-2.3,0.16,0.95,0.07,-1.62,1.92,0.86,-2.44,3,0,0
7.8,-1.22,-2.14,-0.4,-3.58,5.7,-0.36,2.89,3.86,4.65,0.52,2.94,1.96,-1.01,-2.75,-1.49,3,0,0
0.13,0.0,0.57,-3.63,0.49,0.51,0.51,2.88,5.53,1.02,-4.12,-0.37,-0.51,-0.47,-2.31,3.53,3,0,0
-3.34,0.18,6.97,6.79,1.25,-5.36,1.33,3.36,-2.99,-1.39,2.16,1.99,0.47,-1.46,2.15,1.09,3,0,0
0.08,-1.67,-2.29,-3.17,0.34,-1.71,-2.54,2.34,1.43,0.19,-1.98,-0.58,1.85,1.77,1.9,-0.73,3,0,0
3.09,-1.63,-1.29,-2.96,3.13,5.27,2.58,-2.75,2.17,2.27,0.86,1.6,-3.61,1.35,-1.62,-4.21,3,0,0
1.56,-2.38,-4.79,4.6,-2.49,1.5,0.86,-2.6,-2.73,3.07,0.57,-1.95,3.57,-0.6,1.89,-3.26,3,0,0
1.85,-1.66,-2.1,-2.04,0.54,4.3,6.29,-5.13,0.49,-2.6,-1.05,0.54,-3.28,1.02,-4.98,-3.14,3,1,1
-1.85,-3.09,1.67,-0.85,4.38,0.82,4.02,-2.23,2.49,-1.51,0.07,-0.87,-3.11,1.59,-1.79,-2.43,3,0,0
2.99,0.49,-6.62,0.51,-1.79,2.63,0.31,-4.61,-1.83,-1.98,1.47,-0.56,3.58,1.84,-0.98,-2.05,3,0,0
2.13,-0.74,-0.45,1.76,-1.49,-1.07,-0.07,3.19,0.96,2.44,-0.08,2.65,2.59,-0.45,-0.67,0.0,3,0,0
-0.31,0.66,4.96,5.71,-1.48,-4.51,1.1,2.29,-4.53,1.16,2.29,2.93,-3.35,1.5,-2.13,-0.37,3,1,1
1.67,-1.79,2.59,2.39,-0.82,-0.87,-3.58,1.44,-0.52,-2.92,0.5,3.58,-2.55,-0.31,-2.94,2.14,3,0,0
2.48,2.76,0.38,-1.89,-2.68,1.6,-1.96,2.19,1.18,0.64,-0.25,3.07,-2.36,-0.62,-3.35,2.05,3,0,0
0.38,1.08,-0.9,-1.76,-2.44,-2.18,-0.21,-0.73,-2.03,-2.41,-2.34,-1.9,0.31,1.13,0.45,2.24,3,0,0
3.65,-3.95,0.72,1.55,3.2,1.53,-2.96,1.17,1.53,2.45,2.12,0.25,1.15,-0.87,3.18,-2.99,3,0,0
-1.15,-4.3,2.1,2.33,1.5,-0.05,2.07,-0.48,-1.73,0.06,-0.2,-0.6,0.51,1.83,4.44,-0.32,3,0,0
-3.97,-0.06,-0.8,6.18,-2.13,-5.01,-1.49,0.95,-5.54,2.25,1.14,-1.39,0.51,2.02,1.56,-1.14,3,0,0
-0.17,-0.25,4.95,1.16,0.06,-2.18,0.45,3.24,0.76,0.73,-1.25,-2.15,0.94,0.81,3.0,-0.35,3,0,0
1.06,-0.26,2.1,0.21,-3.3,2.8,4.48,-1.24,0.2,-1.25,-2.66,0.75,-1.22,-4.28,-1.03,3.98,3,0,0
-0.85,-0.39,1.15,2.47,-1.9,-2.4,-2.85,5.18,-0.0,0.2,-2.55,2.57,-0.04,-1.06,-2.18,-0.14,3,0,0
1.28,-2.78,-0.2,4.43,-2.26,0.15,0.77,0.44,-2.1,0.25,-0.04,0.98,1.46,-0.85,0.1,-1.02,3,0,0
0.92,-1.32,1.73,-1.88,5.3,2.14,1.95,-1.33,2.45,-1.8,0.45,2.97,-2.17,0.72,-0.77,-1.43,3,0,0
3.87,-3.54,-1.38,0.96,-0.05,3.49,1.31,-0.28,1.26,3.67,-1.33,2.47,1.18,-1.78,1.29,-0.9,3,1,1
-1.81,2.64,1.42,-3.92,0.51,-0.45,-4.32,1.07,0.68,-1.04,-0.18,-1.36,-4.19,0.11,0.45,0.05,3,0,0
4.11,-1.58,0.54,-3.43,0.45,1.86,-0.89,1.88,4.7,2.46,-2.45,-0.26,0.26,0.67,-0.01,2.37,3,0,0
-3.14,0.47,5.49,1.15,2.84,-1.89,1.81,2.21,0.32,-1.78,2.05,4.24,-3.36,0.92,-1.23,-0.77,3,0,0
-1.18,0.27,1.6,-0.93,0.23,1.75,-1.12,-3.04,-0.42,2.11,-2.18,2.03,-2.14,-2.81,-1.7,3.82,4,0,0
-1.78,-1.41,1.99,-0.98,1.9,3.54,4.74,-1.12,0.95,-2.63,0.91,3.01,-2.86,0.18,1.37,2.2,4,0,0
-0.4,-0.44,-0.97,1.66,-2.59,1.21,0.95,1.39,3.55,-2.57,2.09,0.19,2.74,2.98,-0.53,1.34,4,0,0
-4.62,-3.33,-0.1,-0.22,-0.01,-1.03,1.93,-1.01,-1.87,2.78,-1.79,-1.11,-4.1,-1.4,3.83,0.79,4,0,0
-2.49,-1.98,0.88,-0.85,-2.75,1.99,0.48,1.36,-2.7,4.22,-0.52,-0.9,-1.25,-1.21,0.06,2.36,4,0,0
-3.93,-1.14,-1.06,3.96,-3.91,-1.32,-0.74,-2.98,1.09,-0.12,-3.92,2.25,1.87,-2.64,0.16,-2.24,4,0,0
-1.39,-0.81,-0.22,-0.5,2.41,-0.62,1.47,0.71,0.44,-3.97,-2.12,-1.1,-2.51,1.95,1.21,-0.8,4,0,0
-1.18,3.01,2.52,-1.46,2.57,-1.12,1.63,-3.58,1.75,-1.63,-3.34,-1.87,-0.34,-1.28,-4.93,-0.8,4,0,0
-0.84,-2.19,2.06,-0.29,-2.44,-2.18,1.93,-0.15,1.14,-1.96,1.66,-3.38,-3.86,0.53,0.27,2.23,4,1,1
5.32,0.66,0.82,-1.78,4.07,0.32,2.01,-2.6,0.17,-2.06,1.73,0.79,-0.97,2.89,-1.94,-2.84,4,0,0
-0.46,-1.32,-1.21,1.91,-3.97,1.83,-1.19,0.51,4.55,1.59,1.34,-3.34,1.62,2.91,-2.01,-1.35,4,0,0
-2.64,-0.78,2.11,-0.07,3.78,2.3,4.61,-1.58,-0.64,-0.38,-0.93,0.69,-2.23,1.09,1.41,0.53,4,0,0
-6.16,0.06,-0.71,2.2,-1.12,-2.92,1.41,2.25,0.47,-0.38,-1.26,-1.51,-4.35,-0.99,-0.01,1.99,4,0,0
-0.06,-1.27,0.72,2.03,-1.13,-0.96,0.04,2.42,0.21,2.22,1.78,-1.52,2.87,4.82,-0.73,-1.37,4,0,0
1.2,-1.02,-1.75,2.59,0.76,-2.83,-1.86,0.95,-1.6,1.62,-0.13,0.78,2.5,3.44,-0.13,-1.14,4,0,0
3.39,-1.58,-1.39,-0.86,0.14,-1.31,-1.62,2.88,-2.55,-0.35,5.21,-1.49,-1.37,0.91,1.56,1.21,4,0,0
5.38,0.75,-0.85,-0.78,2.91,-1.44,-1.72,0.55,1.07,-2.11,2.75,0.7,2.14,5.3,-0.27,-3.36,4,1,1
2.84,1.13,-3.43,-2.56,-2.8,-3.28,-3.33,2.99,3.0,-4.15,-1.12,-2.41,-0.41,3.36,-2.45,-2.64,4,0,0
-0.32,-2.05,-2.7,0.29,-1.77,3.07,-0.27,-0.31,2.84,0.09,-0.57,1.13,-1.34,1.68,1.38,-1.87,4,0,0
-2.4,0.72,0.87,-1.59,3.47,0.09,-0.42,-0.46,-0.37,0.74,-1.57,0.76,-0.8,0.34,0.82,-1.34,4,0,0
-0.87,-0.93,-2.83,3.07,3.72,1.46,-2.44,3.11,-3.23,-0.6,0.05,0.79,4.31,2.17,2.9,-0.11,4,1,1
2.33,-3.2,-4.26,1.98,-0.93,-1.64,-2.4,4.96,-1.36,-0.54,3.38,-4.32,1.99,5.03,3.6,-1.6,4,0,0
-4.33,-2.84,-0.02,-0.82,-1.64,-1.34,-1.24,-0.43,-0.59,3.05,-5.28,-0.25,-2.95,-0.06,0.31,-2.14,4,0,0
0.65,1.79,-2.84,-0.49,-0.01,1.7,-2.84,1.89,1.27,-4.53,0.6,-2.48,0.43,-0.38,0.72,-0.33,4,0,0
-3.14,-0.68,6.24,0.4,-2.35,0.71,5.85,2.01,-2.14,2.48,3.72,1.66,-0.95,2.32,0.45,3.52,4,0,0
1.3,-1.67,-5.48,3.11,-0.99,-4.6,-2.18,-0.07,5.43,-0.57,0.35,-0.07,2.34,5.63,0.68,-7.55,4,0,0
-3.13,3.21,5.12,-2.58,-0.65,0.32,3.02,-0.57,0.13,-3.84,-1.3,4.44,-2.79,-2.34,-2.39,3.53,4,0,0
0.16,-1.26,1.56,-0.51,1.58,1.65,2.06,-2.29,-0.43,1.39,-0.51,-2.33,0.24,0.53,-1.23,-0.68,4,0,0
0.91,-5.51,-0.71,2.54,-4.43,2.79,2.72,-1.36,1.27,1.74,2.54,0.79,0.34,2.68,2.06,1.93,4,0,0
-0.38,-0.05,1.43,0.52,4.04,-1.36,-0.11,-1.46,-0.56,-0.03,-0.29,-0.87,-0.87,0.8,-0.85,-1.29,4,0,0
3.11,0.13,-1.62,-2.42,-2.05,-2.84,-3.74,-1.16,0.85,-0.47,-1.05,1.91,0.07,-0.13,-2.28,-1.63,4,0,0
3.17,2.43,-2.88,-0.23,4.46,0.37,-2.62,0.86,-1.64,-3.2,-0.81,2.42,1.72,1.88,0.44,-2.73,4,0,0
-3.07,-1.91,-0.79,1.67,1.0,-0.74,0.27,-0.62,-0.91,-0.33,-3.81,0.95,1.07,1.47,2.21,-2.4,4,0,0
-5.29,-0.67,-0.9,2.41,-2.31,-1.42,0.69,-1.77,2.46,-1.91,-2.05,2.09,-3.04,-2.96,0.74,2.77,4,0,0
-2.78,2.97,4.25,-0.59,1.94,-0.78,1.09,-0.56,-4.35,2.14,-0.53,0.35,-0.02,-4.42,-4.38,5.13,4,0,0
0.26,0.0,-0.69,2.78,-0.16,-0.19,-1.37,3.72,-2.8,2.38,1.17,-0.94,2.34,3.13,-0.51,-0.97,4,0,0
-3.17,0.16,-2.99,4.08,2.88,-2.44,0.25,-1.09,-0.45,-0.3,-1.66,-0.84,-2.17,-1.92,0.3,0.4,4,0,0
-0.96,-4.49,-0.74,-2.48,-4.39,2.56,-4.29,2.04,-1.87,3.98,-1.84,-1.65,-2.82,-0.14,1.51,3.82,4,0,0
-0.86,-1.94,-0.24,1.11,-0.5,1.85,1.54,-0.76,-1.0,-0.72,0.19,0.98,-1.99,-1.21,1.16,0.29,4,0,0
-0.71,1.0,0.98,-0.22,3.47,-0.52,2.2,0.47,1.03,-3.21,1.01,1.49,-1.54,2.03,0.36,1.54,4,0,0
0.01,-0.39,0.29,0.6,-0.81,0.61,-1.71,0.59,-0.66,0.25,1.2,-2.67,-4.7,-2.36,-1.81,4.72,4,0,0
0.79,-0.8,-2.84,0.41,-0.79,0.98,-2.82,-0.47,0.29,1.11,-0.12,-0.98,3.99,0.22,0.55,-1.67,4,0,0
1.79,-0.05,0.96,-0.97,4.5,0.37,-2.74,1.28,-1.48,1.73,2.27,-4.96,-0.75,1.41,-0.96,0.2,4,0,0
0.73,-2.44,-1.69,2.97,2.27,-2.16,0.14,-2.77,2.5,-0.3,-0.83,-0.53,0.36,3.57,0.03,-1.52,4,0,0
0.45,0.35,2.37,0.22,3.11,2.85,4.68,-1.93,0.0,-1.48,1.9,0.13,0.08,-0.37,-2.74,2.86,4,0,0
-0.76,-2.76,-2.09,1.56,-4.37,-0.93,-2.59,2.44,-1.0,2.34,0.05,0.38,0.75,1.61,1.34,-1.37,4,0,0
-1.89,-0.27,-0.47,2.24,-0.06,2.5,-0.43,-2.82,2.42,0.08,-1.11,-0.84,-1.89,-2.7,-2.08,1.59,4,0,0
0.48,-5.75,-1.32,-0.54,-4.42,0.72,1.56,-2.87,1.0,0.97,0.26,-1.14,-4.17,-1.37,0.76,3.49,4,0,0
1.05,0.41,2.83,-2.38,4.49,0.32,-0.78,1.51,-3.48,0.86,0.95,-1.96,2.2,2.37,-0.29,-0.01,4,0,0
-2.18,-0.7,-2.39,2.05,-2.54,-2.4,-3.1,3.19,0.14,-0.42,1.98,-5.71,-0.6,-1.09,1.04,0.92,4,0,0
0.62,-1.58,-1.63,0.9,-2.8,-1.45,-2.36,0.23,1.07,-0.06,0.01,-0.24,0.21,0.83,-0.18,-1.21,4,0,0
-1.77,-0.63,1.33,-0.2,-0.65,-1.85,-2.91,-1.16,-1.77,3.22,-2.08,-3.46,-4.82,-3.27,-2.53,3.85,4,0,0
-2.22,-1.27,-0.29,1.0,-3.46,-0.66,1.0,-1.39,2.66,-1.3,-1.36,0.7,-1.08,-0.82,-1.47,1.17,4,0,0
-0.78,-1.17,-0.35,0.68,-2.08,-2.35,-3.81,1.83,-0.64,1.7,1.37,-3.74,-1.11,-0.58,-0.52,-1.29,4,0,0
5.18,0.75,1.03,-2.98,-2.38,0.65,-1.86,0.27,0.76,-1.47,1.48,-0.05,2.08,2.73,-3.25,-1.6,4,0,0
1.52,1.97,-3.64,-1.27,1.01,0.49,-4.24,2.12,3.33,-5.43,0.56,-1.87,-3.57,1.0,0.67,1.4,4,0,0
2.38,-1.81,-2.1,1.76,2.29,-3.79,-5.14,-0.69,-0.12,2.2,1.55,-4.9,0.64,0.78,-0.92,-0.41,4,0,0
-0.85,-0.83,2.75,-0.7,2.59,0.88,0.68,1.02,-5.29,1.19,2.89,-0.03,-1.44,-1.8,2.59,4.04,4,0,0
0.62,-6.47,-1.2,0.05,-4.61,3.22,-1.33,8.73,-8.13,7.49,4.88,-0.36,4.13,5.18,5.7,3.6,4,0,0
-3.44,1.11,1.26,2.06,0.14,1.2,1.38,-1.49,1.03,1.78,-0.64,2.86,2.6,0.55,-0.76,0.17,4,0,0
-1.77,-1.3,2.47,1.03,-4.47,-0.16,3.1,-1.09,2.85,-0.03,1.25,0.42,-3.42,-0.18,-2.55,3.05,4,0,0
-0.81,-1.79,0.2,1.75,0.81,2.91,2.72,-0.65,-3.9,-1.08,-0.2,1.98,0.03,-2.1,1.3,1.64,4,0,0
-1.18,2.21,1.85,0.74,2.66,-1.29,5.14,-2.1,1.9,-2.43,-0.68,-1.76,-2.47,0.25,-3.84,-0.7,4,0,0
-0.81,-1.93,-0.25,0.85,-2.08,-1.01,0.08,-2.1,3.1,1.18,-1.48,-1.96,-1.68,1.48,-1.75,-0.03,4,0,0
2.9,2.15,-0.85,-1.91,5.68,1.88,-0.64,2.05,-1.01,-1.64,3.4,-3.28,-0.42,2.27,0.92,-1.88,4,0,0
1.76,1.47,-0.28,2.48,3.39,-4.55,3.68,-1.77,2.51,-3.46,0.87,1.69,0.8,3.58,-3.05,-4.59,4,0,0
-4.24,1.41,3.13,0.2,1.34,-1.9,2.15,-0.58,1.86,-4.13,0.17,-1.01,-4.14,-2.3,-1.2,4.73,4,0,0
-0.17,-1.47,-3.33,0.37,-0.64,-0.97,-4.11,3.31,-1.79,0.67,-0.28,0.51,4.55,1.96,1.83,0.27,4,0,0
0.89,2.89,0.86,0.38,2.68,-0.51,-0.37,-4.1,2.85,-3.19,-2.83,1.95,-0.19,-0.43,-3.98,-1.24,4,0,0
-1.31,2.38,1.32,-2.66,1.19,2.9,-3.28,0.52,-2.3,0.71,-3.44,-1.21,-2.16,-3.91,-3.91,2.5,4,0,0
-1.76,1.23,-0.87,0.32,-2.28,-3.05,-2.09,3.06,-0.61,0.92,-0.39,-2.52,0.12,0.18,-1.91,0.52,4,0,0
-2.24,-3.63,-2.42,4.07,-2.42,-2.14,-2.08,-3.36,2.08,2.2,-2.34,1.13,-1.83,-0.13,2.15,0.7,4,0,0
0.58,1.21,-2.85,-1.5,-4.43,1.06,-0.24,0.02,4.08,-2.59,-3.26,0.49,0.87,2.48,-1.72,-4.13,4,0,0
0.14,2.8,-0.97,1.74,1.71,-0.28,-2.37,-2.21,1.4,-1.21,-1.28,3.16,2.47,-0.27,-1.57,-2.03,4,0,0
1.7,2.42,-2.21,-0.23,-2.17,2.42,-3.82,0.62,2.5,-3.9,1.74,-2.33,-0.22,-2.65,-2.75,1.24,4,0,0
1.24,-4.0,3.84,-0.29,2.7,-0.15,3.65,-2.27,-3.8,0.82,2.29,2.95,-2.49,0.19,1.0,2.5,4,0,0
2.56,-0.32,-1.89,2.41,1.18,4.36,0.25,-3.17,3.66,-2.01,2.06,1.79,0.08,0.49,-0.86,0.09,4,0,0
-0.18,-1.38,-2.54,5.1,-3.43,-3.57,0.16,-0.17,1.7,-0.35,1.15,4.28,-0.62,2.09,1.24,-2.27,4,0,0
-4.23,1.67,4.1,0.95,-1.02,0.08,2.63,1.64,-5.19,5.11,0.29,1.88,-0.2,-2.6,-2.27,3.89,4,0,0
-3.79,0.03,0.17,2.24,1.91,2.62,-2.79,-0.69,-2.55,0.89,-4.13,-0.96,1.62,-3.34,-1.31,2.05,4,0,0
-1.3,0.59,0.47,-0.45,-0.2,1.07,2.18,-0.24,-0.51,-0.99,0.17,2.63,0.7,0.12,1.7,-0.1,4,0,0
-0.29,-1.83,-0.48,1.85,0.62,-4.46,-1.31,3.37,-3.45,3.29,4.3,-5.24,-0.98,1.15,1.51,0.34,4,0,0
1.83,0.82,-0.85,0.67,-1.46,1.79,1.54,-2.74,5.25,-4.17,-0.38,0.1,-1.45,0.3,-3.62,-1.45,4,0,0
0.33,2.65,-4.34,1.51,-1.07,-3.16,-3.14,0.31,6.35,-4.01,-1.78,-0.27,2.05,2.64,-3.91,-1.94,4,0,0
-4.14,3.76,4.67,-1.18,-0.83,2.11,4.07,-0.22,-1.54,-0.6,-0.43,5.3,-3.12,-4.0,-3.11,5.88,4,0,0
1.83,-2.06,-2.2,0.3,-2.22,-1.17,-3.53,4.47,-2.77,3.38,3.65,-3.75,1.22,2.31,1.87,1.5,4,0,0
-2.24,3.28,2.74,-4.32,3.28,1.44,0.95,-0.51,-0.24,-1.83,-3.4,0.81,-1.93,-0.8,-1.89,0.24,4,0,0
1.77,0.67,-0.78,-0.32,1.98,-2.94,-1.9,0.77,-0.42,-2.2,0.02,-0.88,-1.02,1.07,-1.48,-0.36,4,0,0
-0.58,-3.9,-1.33,3.38,-3.75,0.09,1.18,3.89,-2.13,0.81,3.91,-0.26,3.2,3.07,3.35,0.28,4,0,0
-4.64,-2.2,-1.08,3.98,0.31,-3.43,-1.12,-1.56,-1.15,2.63,-3.71,-0.85,-3.22,-1.68,0.82,-1.49,4,0,0
2.1,-0.77,-4.02,2.24,1.48,0.4,-1.38,-0.46,-1.45,-1.37,-1.73,1.58,2.72,1.44,1.38,-3.38,4,0,0
-2.64,-1.69,0.81,1.61,-1.06,1.85,4.39,-0.18,0.51,-0.77,0.85,2.71,-1.51,1.23,2.28,0.68,4,0,0
-1.53,4.71,2.38,-1.35,1.03,-0.37,-0.02,-3.06,4.02,-5.72,-1.64,3.63,-0.61,-2.82,-3.69,-0.31,4,0,0
-3.05,-1.03,-2.99,0.49,1.13,-2.1,-3.3,-2.81,4.43,-2.02,-5.57,-1.04,-1.09,-0.47,-0.63,-5.0,4,0,0
-0.07,-0.51,2.08,-0.46,2.7,1.68,3.24,1.77,-1.45,1.77,2.53,1.76,-1.42,3.28,0.05,-0.58,4,0,0
-0.65,-0.48,-0.24,0.08,1.76,-1.92,-0.86,1.93,-3.12,1.31,-1.28,-1.49,1.18,1.63,-0.05,-1.64,4,0,0
-2.99,2.5,0.47,-1.03,0.69,-1.22,-0.97,1.56,-1.52,1.31,-1.79,-0.54,-2.09,-1.13,-1.14,1.74,4,0,0
-1.07,1.33,0.41,1.86,-1.07,0.49,-1.97,1.63,2.07,-0.42,2.16,-1.66,1.01,1.3,-0.75,1.98,4,0,0
-0.27,-2.37,3.25,-1.36,6.7,-2.87,3.95,-2.06,-4.25,2.39,-0.58,-0.04,-0.39,2.68,1.14,-1.53,4,0,0
-0.26,-2.39,-0.53,0.74,1.84,-3.98,1.02,-4.83,2.06,-0.03,-2.37,1.87,-6.04,0.2,0.09,-0.81,4,0,0
0.27,-0.29,-1.37,2.98,-0.47,2.94,-0.83,0.57,1.59,-0.61,-0.55,0.24,6.45,4.74,0.54,-2.24,4,0,0
-1.13,-0.94,-0.24,0.72,2.56,-0.69,-1.09,-0.74,0.69,0.35,-1.45,-0.41,-1.79,2.07,-0.03,-0.47,4,0,0
3.25,2.48,5.67,-1.48,3.15,0.6,3.37,0.44,0.04,-0.52,4.42,-0.37,5.08,4.85,-4.78,-0.16,4,0,0
2.06,-5.38,-2.19,0.1,0.24,1.56,-3.55,4.39,-4.06,3.45,1.76,-4.69,3.4,3.56,1.68,-0.33,4,0,0
2.53,0.43,1.85,-0.5,-0.36,3.37,0.32,1.0,-1.45,-0.42,2.83,0.52,2.06,0.61,-2.48,3.92,4,0,0
1.29,-1.44,1.02,-2.93,3.54,-1.85,-1.28,2.27,-5.13,3.36,5.08,-1.75,-1.97,0.21,3.64,2.26,4,0,0
3.54,0.07,-3.67,1.64,2.22,-1.84,-1.99,2.22,-2.24,-1.17,1.99,1.28,3.64,2.38,0.21,-2.31,4,0,0
-1.17,0.21,-2.69,-0.8,-0.55,-1.96,-4.5,1.97,-1.63,0.66,0.11,-5.4,-3.51,-2.95,0.9,4.12,4,0,0
5.35,-2.93,-3.98,1.98,0.31,0.48,-4.91,3.37,-2.82,1.1,4.04,-1.84,5.16,4.51,2.85,-1.92,4,0,0
-1.96,-1.79,-0.76,0.68,-1.47,0.81,-0.31,1.83,-0.02,1.83,0.89,-1.79,-2.65,0.08,0.3,2.47,4,0,0
-2.9,2.95,3.74,-3.46,1.44,0.18,-3.96,1.98,-1.34,0.03,0.38,-5.37,-4.62,-3.52,-1.27,3.88,4,0,0
-2.2,-0.91,0.13,0.98,0.47,2.85,-1.51,2.72,0.13,1.74,2.05,-2.68,1.83,2.82,2.43,1.84,4,0,0
-3.67,3.78,0.9,0.52,-0.08,0.29,1.33,0.52,0.79,-1.62,-2.52,3.86,0.85,-0.83,-2.3,1.47,4,0,0
-3.21,0.56,2.55,1.52,1.96,-1.09,2.62,-4.14,1.42,-0.43,-1.67,4.34,-1.0,-1.33,-1.02,0.15,4,0,0
-0.69,1.75,2.64,-1.99,1.33,-1.31,0.25,-3.02,-0.05,0.07,-1.13,1.4,-3.25,-3.06,-2.66,2.23,4,0,0
2.35,-2.66,-2.76,0.02,-2.31,2.35,-2.11,1.11,-1.34,3.08,2.24,-1.78,-0.03,0.88,1.18,1.42,4,0,0
0.44,-0.15,-1.07,2.5,3.55,-0.4,0.2,-2.23,0.96,-1.12,-0.92,2.85,1.67,2.24,0.03,-0.7,4,0,0
2.46,4.12,2.14,-2.91,-0.72,4.14,0.0,0.24,1.72,-3.87,2.74,0.09,0.83,-0.59,-2.94,0.12,4,0,0
0.02,0.08,1.32,-0.44,-0.16,-1.83,-0.76,2.64,-2.35,-0.1,0.81,0.82,0.72,2.0,-0.03,-0.44,4,0,0
-3.26,-4.51,2.12,1.16,-2.91,0.22,4.76,0.27,-1.76,3.42,-0.45,-0.79,-0.13,2.05,0.59,0.59,4,0,0
0.72,-1.63,-0.47,0.11,1.74,-2.23,-2.96,0.77,-2.14,0.92,3.77,0.91,-3.05,-1.77,1.86,4.76,4,0,0
-3.35,0.67,0.49,2.22,-8.72,2.05,4.1,-0.91,6.9,-6.11,-0.72,3.9,1.1,-0.34,-2.59,1.19,4,1,1
2.44,0.31,-0.38,0.2,3.14,-3.71,-2.82,0.08,-2.95,2.59,-1.68,-2.66,2.9,2.61,-2.47,-3.41,4,0,0
1.02,1.44,2.96,-1.45,3.28,-0.79,-1.24,-1.28,-1.54,2.12,2.15,-1.13,-1.27,-1.71,-2.97,1.03,4,0,0
-1.71,1.66,-0.1,0.61,0.13,0.86,-1.16,2.66,-2.92,2.11,-0.66,2.39,7.03,0.85,-1.69,0.03,4,0,0
-0.11,2.63,2.65,-2.07,3.56,1.28,1.51,-1.95,-0.67,-0.01,-0.82,-2.22,-2.13,-1.67,-3.3,-0.47,4,0,0
-1.66,0.79,5.02,-0.44,3.32,0.95,0.46,-1.59,-1.78,0.77,2.46,0.99,-0.79,-2.45,-1.09,5.28,4,0,0
0.21,-1.49,-1.07,0.6,4.12,-0.88,-1.22,0.55,-2.83,2.4,0.9,-0.61,-0.54,1.7,2.6,-1.74,4,0,0
-4.1,-3.49,1.21,-0.31,-0.27,0.59,2.29,-3.15,0.97,0.6,-4.61,-0.9,-2.68,-0.69,0.43,-1.77,4,0,0
-4.64,-2.33,-0.83,4.77,-4.31,-3.42,3.84,1.13,0.26,2.32,-1.29,3.52,1.06,3.11,1.28,-2.69,4,0,0
-2.41,-0.37,-0.45,0.38,-0.22,-1.44,3.23,2.11,1.62,-2.29,1.38,1.36,-1.51,3.09,1.96,-0.81,4,0,0
-4.26,2.76,0.79,1.97,-1.04,0.61,3.3,-0.45,3.74,-5.66,-2.97,3.0,3.64,1.1,-1.26,-0.46,4,0,0
-1.08,-2.04,2.85,-0.27,-0.88,1.48,2.16,2.44,-3.49,2.89,3.04,1.63,-0.8,1.26,1.32,4.15,4,0,0
2.37,1.55,0.6,-1.3,3.73,0.91,-3.21,-2.0,3.32,-3.2,1.31,-3.64,-2.22,-0.42,-2.5,1.8,4,1,1
-5.68,-1.58,2.1,3.79,6.0,-8.51,1.32,-2.9,-2.5,2.73,-3.96,-2.58,-0.44,0.06,-0.55,0.07,4,0,0
-1.66,-2.24,-0.01,2.66,-0.68,0.02,-0.02,2.53,1.63,-1.23,2.85,-0.73,-1.57,2.22,1.47,-0.11,4,0,0
-2.11,-1.07,-0.87,3.05,-2.64,-2.9,-2.3,-0.14,1.77,2.07,-2.07,-4.12,2.76,1.04,-3.5,-0.81,4,0,0
0.46,-1.81,-3.24,0.72,-3.07,-0.85,-3.05,-2.25,3.49,-0.13,-2.07,0.97,-0.26,0.67,0.18,-3.57,4,0,0
0.2,1.39,0.28,-2.27,3.55,-1.82,-1.32,-0.63,0.22,-1.07,1.31,-0.77,-3.83,-1.58,-0.97,2.28,4,1,1
-2.45,-3.42,-0.56,0.14,1.81,-2.0,-2.2,2.27,-2.09,-0.18,-0.32,-2.19,-5.17,0.14,2.93,3.55,4,0,0
-3.83,-2.82,0.79,2.47,-4.99,-1.33,0.0,1.26,-1.12,4.24,-0.44,-2.06,0.36,-0.31,-1.12,3.75,4,0,0
-2.58,1.12,2.52,-2.06,4.18,2.68,1.33,-1.37,-2.62,1.1,-2.12,1.5,-2.57,-1.87,-0.45,3.26,4,1,1
1.9,-4.8,-5.06,1.75,0.45,-4.98,-5.85,2.01,0.23,1.48,0.46,-7.53,-2.85,3.66,2.97,-3.23,4,0,0
-2.74,-5.23,-1.43,4.27,-4.53,-0.76,0.29,0.88,-1.16,1.34,1.5,-1.84,-1.48,-1.16,2.67,1.66,4,0,0
0.29,-1.6,-0.24,1.91,-3.81,3.77,1.74,-1.66,4.16,-2.02,1.64,0.54,-1.28,-0.5,-2.34,2.72,4,0,0
4.21,-0.71,-2.54,-0.8,-1.08,-1.21,-4.04,5.65,-4.77,2.93,6.11,-5.58,2.44,1.35,0.49,0.78,4,0,0
-2.05,3.15,8.44,-1.9,4.58,1.17,2.35,1.43,-6.32,1.53,3.19,0.94,-0.67,-2.46,-2.09,5.64,4,0,0
-0.24,0.36,-0.66,-0.82,-3.6,0.88,0.61,-1.4,4.14,-3.24,-1.44,-0.24,-0.7,-0.66,-2.99,0.82,4,0,0
-0.79,-6.02,-7.19,5.54,-3.49,-6.97,-3.97,-2.45,3.69,0.43,-4.26,-1.53,-1.11,2.3,1.93,-7.02,4,0,0
0.52,0.56,-0.24,-1.42,3.48,-3.57,-4.51,-0.51,-1.96,-0.28,-2.27,2.55,-0.8,0.21,0.36,0.85,4,0,0
-1.51,0.15,-0.19,-1.22,-4.23,1.76,-1.78,0.27,0.97,-0.69,-0.46,2.63,-2.17,-2.39,-0.09,2.04,4,0,0
-3.95,-2.66,2.17,1.48,-3.66,2.97,4.98,-1.97,0.25,1.17,0.19,3.49,-0.54,-1.1,1.14,0.69,4,0,0
-0.19,-0.94,-1.44,-1.16,0.03,-1.39,-0.63,-0.87,-0.19,-0.45,-2.05,-3.08,-1.18,-1.21,-1.42,-2.34,4,0,0
-0.81,5.12,3.69,-1.78,-2.74,0.06,-1.51,0.21,2.65,-3.38,-0.08,1.85,2.12,-1.7,-6.06,1.69,4,0,0
2.21,-1.48,2.03,-1.12,0.91,1.18,-0.98,-1.79,3.77,-2.45,4.07,-2.31,-3.93,0.27,-0.59,2.67,4,0,0
-3.56,-5.03,-4.45,4.25,-5.0,-3.74,-1.39,-5.05,3.88,-0.46,-5.44,-0.05,-3.9,-2.8,2.09,-2.93,4,0,0
-3.65,-1.52,2.66,-0.43,3.13,-2.47,-2.19,-0.26,-1.61,1.92,-4.49,-0.75,-4.85,-0.01,-1.14,2.84,4,0,0
-2.06,2.65,5.41,-1.68,3.06,-1.03,0.95,-3.9,2.11,-0.63,-0.09,-0.65,-5.76,-2.84,-4.05,4.6,4,0,0
-1.3,-2.98,1.05,-0.89,-3.74,2.56,1.45,0.89,0.37,2.89,1.52,1.18,-3.53,1.17,1.52,0.7,4,0,0
-2.22,0.87,2.64,-0.29,0.09,0.71,-1.35,1.18,-2.29,0.71,0.1,-1.34,-2.74,-3.39,-3.0,4.34,4,0,0
-1.03,-2.97,0.06,-0.15,2.55,-1.72,-5.89,2.65,-4.2,5.13,-1.9,-7.59,-0.14,2.06,0.56,1.93,4,0,0
0.3,-0.49,0.49,0.99,-1.71,-1.17,2.02,0.57,-2.6,-2.03,1.76,1.41,2.36,-1.54,-0.77,1.48,4,0,0
3.65,-2.2,-4.11,3.75,-2.94,0.18,-1.86,-1.32,1.5,1.42,3.25,0.83,1.75,1.58,0.8,-3.66,4,0,0
2.07,4.71,2.81,-3.22,2.5,-1.71,-0.35,-2.95,1.06,-1.65,-0.99,-1.9,-3.07,-2.44,-7.22,1.26,4,0,0
0.89,-3.89,-0.08,0.7,0.62,0.9,1.17,-2.55,-0.02,3.51,1.32,-2.94,-4.81,0.11,-0.07,-1.24,4,0,0
3.71,1.86,-2.39,-1.72,0.94,-0.12,-5.08,0.78,-1.47,-0.29,-0.06,-1.56,2.63,0.27,-1.27,-2.56,4,0,0
