@relation SyntheticData-N_600-D_16-Nmin_60-Zmin_16-CL_2_2-R_0
@attribute X0 real [-8.49, 9.30]
@attribute X1 real [-7.95, 6.47]
@attribute X2 real [-6.15, 6.67]
@attribute X3 real [-7.52, 6.23]
@attribute X4 real [-7.64, 7.91]
@attribute X5 real [-9.43, 7.04]
@attribute X6 real [-6.72, 8.16]
@attribute X7 real [-7.95, 6.39]
@attribute X8 real [-9.47, 7.77]
@attribute X9 real [-5.70, 6.33]
@attribute X10 real [-9.33, 7.21]
@attribute X11 real [-6.98, 6.42]
@attribute X12 real [-9.03, 6.30]
@attribute X13 real [-7.62, 7.37]
@attribute X14 real [-8.33, 7.31]
@attribute X15 real [-5.84, 6.45]
@attribute cluster_idx {0,1,2,3}
@attribute is_noise {0,1}
@attribute Class {0,1}
@inputs X0,X1,X2,X3,X4,X5,X6,X7,X8,X9,X10,X11,X12,X13,X14,X15,cluster_idx,is_noise
@output Class
@data
-0.36,-6.38,2.39,-1.5,2.01,0.82,-0.75,-0.51,4.12,4.44,2.04,-0.65,-2.59,1.15,4.22,3.35,0,0,1
-1.92,-2.22,4.65,-1.17,0.12,-0.12,2.32,-1.22,0.0,-0.45,4.02,0.41,0.41,0.22,4.36,0.1,0,0,1
2.59,0.6,-0.44,-3.45,3.0,-0.1,0.16,2.1,0.83,3.32,5.14,2.43,0.94,1.5,-0.91,-0.69,0,0,1
-0.4,4.3,1.98,0.56,-0.02,-2.92,-0.5,-0.07,-0.82,-1.47,-1.09,1.55,1.85,-1.76,-3.4,0.31,0,0,1
2.29,0.91,2.15,-1.27,-1.2,-0.42,-0.41,-1.92,-0.8,0.81,1.99,-0.89,2.82,-0.23,1.8,2.46,0,0,1
1.49,2.27,3.09,1.84,0.23,-2.23,-0.69,1.87,1.65,1.84,2.3,-0.67,-5.04,-1.16,2.08,3.56,0,0,1
-0.44,3.52,1.91,1.39,-1.25,-0.79,0.17,2.99,-2.38,1.73,0.8,-0.12,1.64,-2.61,-1.45,-0.09,0,0,1
2.93,-2.91,5.32,-0.48,1.66,2.87,-0.28,-3.27,1.73,0.91,3.64,-1.27,-4.47,0.6,3.3,6.45,0,0,1
-0.88,1.14,1.83,0.1,-4.09,-2.24,0.21,-1.17,2.8,1.03,2.71,0.17,-4.45,-0.48,-1.49,4.17,0,0,1
0.01,4.76,0.49,-0.28,0.12,-2.87,-1.25,-1.68,0.91,-1.84,0.81,0.94,-1.52,-1.01,-5.52,3.51,0,0,1
-1.52,3.5,-1.94,-2.71,0.43,-0.56,-1.15,-0.16,-2.04,1.74,0.95,3.5,4.32,-0.07,-5.45,0.21,0,0,1
2.81,2.57,-1.23,3.19,3.48,1.49,1.13,-1.37,0.71,-2.9,-2.36,0.35,2.95,-6.08,-0.12,1.08,0,0,1
-0.87,-0.7,-0.08,-0.92,-1.41,-1.5,4.07,0.4,2.36,-2.25,3.39,-1.23,-1.83,1.06,-1.18,-1.33,0,0,1
0.33,-2.52,-3.29,-0.83,1.7,-3.01,0.19,1.37,2.86,2.66,-2.24,3.79,-0.95,1.15,-0.75,-3.3,0,0,1
-0.82,-3.08,2.86,0.3,4.18,3.01,-0.52,1.37,-2.46,3.92,-0.21,2.58,-0.56,-0.21,5.01,-0.46,0,0,1
1.71,-0.79,0.28,2.72,2.31,2.37,-1.3,-0.42,-0.53,-2.4,-2.87,-2.37,1.54,-3.36,1.11,1.74,0,0,1
1.24,0.89,2.71,2.97,0.32,-3.16,2.12,1.13,-1.44,-3.94,0.16,-3.84,-2.71,-0.51,-0.05,0.93,0,0,1
-0.22,2.07,-4.92,-0.08,3.34,0.35,-0.22,1.72,-0.69,0.33,-0.99,3.67,2.92,-1.94,-6.48,-2.04,0,0,1
0.69,-5.84,2.65,-1.87,-0.04,3.89,-0.2,-3.36,2.67,2.43,1.54,-2.4,1.7,-0.44,7.31,2.31,0,0,1
-0.52,1.54,2.65,0.43,-2.33,-1.81,1.53,-2.78,0.0,-4.02,2.2,-1.32,0.73,0.4,0.24,1.99,0,0,1
3.37,0.62,2.5,2.37,-1.2,1.02,0.62,1.98,0.94,-1.19,3.31,-1.15,1.64,-1.88,1.03,0.67,0,0,1
0.79,1.2,-0.11,-1.16,-4.01,-3.25,3.51,-0.37,2.97,-0.89,3.22,1.23,0.73,3.35,-3.61,0.68,0,0,1
1.15,-2.57,1.96,1.9,1.37,4.82,-2.91,-1.31,1.49,1.71,1.34,0.27,1.37,-3.46,2.01,4.0,0,0,1
3.27,-1.93,-3.56,-1.5,1.1,0.69,1.87,1.64,1.64,1.05,3.05,-0.26,-1.94,1.5,-1.05,-1.55,0,0,1
0.28,-1.69,5.59,1.93,-1.29,0.71,2.79,3.42,3.3,0.53,4.88,-1.14,0.71,1.66,1.31,2.26,0,0,1
-0.09,-1.23,1.35,2.59,3.32,-0.46,1.23,-0.66,0.36,-1.34,-1.67,0.95,-2.08,-0.68,1.45,1.92,0,0,1
0.06,-2.83,3.62,0.87,-0.21,1.79,0.25,1.84,2.01,0.57,4.06,1.25,-3.72,2.17,-0.48,2.43,0,0,1
-3.11,-6.56,-1.68,-1.71,3.79,0.07,5.9,-2.43,0.29,-1.52,0.26,3.9,-2.84,2.99,1.11,-4.49,0,0,1
2.34,1.55,-0.78,3.59,0.83,1.4,2.59,0.16,0.98,-4.71,-1.37,-1.76,2.15,-2.47,-2.45,0.79,0,0,1
1.81,-1.9,1.25,-0.41,-0.02,-1.09,2.36,2.58,1.96,1.85,3.08,1.61,-5.11,3.21,-0.81,-0.68,0,0,1
-2.74,1.18,-0.8,-2.79,1.88,-1.49,-0.14,-0.22,1.09,-0.06,-3.02,4.57,0.92,-1.1,0.71,-2.69,1,0,1
0.56,-2.61,0.25,0.92,-1.11,-3.06,0.5,-1.8,3.76,-2.27,2.77,-1.65,-2.44,4.35,0.12,-0.08,1,0,1
0.97,2.21,1.55,1.49,-0.05,0.53,-1.52,2.14,0.25,-0.94,0.88,1.3,1.25,-2.16,3.02,0.4,1,0,1
-0.42,4.03,5.88,-0.43,1.07,-1.59,1.03,-0.46,2.95,1.03,6.61,3.82,-0.35,-1.9,2.31,-1.89,1,0,1
3.66,1.57,-2.77,-0.05,-2.22,-2.6,1.04,-1.4,0.34,-0.83,4.45,-0.76,0.12,2.01,-0.74,-2.82,1,0,1
1.37,0.89,-1.52,1.72,-0.1,0.6,-2.88,1.34,-1.83,-2.01,-0.11,1.17,3.18,1.17,1.56,3.95,1,0,1
-0.34,0.88,5.71,2.52,2.47,1.05,4.27,0.52,1.47,-0.09,3.27,0.71,0.68,1.57,1.37,0.36,1,0,1
2.74,1.39,-2.09,-1.59,-5.41,-0.12,3.58,2.75,-0.13,-1.06,0.1,2.75,-4.76,3.55,0.29,-0.6,1,1,0
-3.94,0.54,0.83,-3.21,2.43,1.27,5.84,-1.16,-0.85,-0.81,-0.36,1.05,0.27,0.93,1.37,-2.61,1,0,1
-0.71,-1.06,1.61,-1.07,-2.72,1.71,1.43,3.33,4.29,0.53,2.37,1.87,-3.96,-0.16,4.42,-1.65,1,0,1
0.39,-0.33,1.37,1.33,-2.7,-1.03,4.53,-1.02,0.56,-1.68,4.35,1.0,-3.44,4.32,4.98,2.5,1,0,1
-0.27,2.18,1.08,2.26,1.61,-1.37,5.61,-5.1,-2.02,-3.69,2.77,-3.05,2.72,0.06,0.21,1.46,1,0,1
-1.48,-0.61,6.28,1.0,1.89,0.75,1.22,-3.01,0.85,-0.71,2.54,-0.65,-0.51,-2.37,0.11,-1.34,1,0,1
-0.96,0.38,-3.12,-2.95,-0.58,1.9,0.27,3.93,4.21,0.41,-3.22,1.17,-0.31,-1.5,4.66,-2.18,1,0,1
-1.45,0.89,-4.2,-3.37,-0.13,1.46,0.85,1.02,1.4,-1.0,-1.2,1.66,1.01,1.12,5.46,1.87,1,0,1
4.39,-1.32,-2.85,1.59,-3.53,-1.27,-0.17,-2.63,-1.08,-1.05,-0.45,-3.28,-2.55,-0.14,-2.45,-2.26,1,0,1
0.24,-0.06,-1.94,-1.08,-1.45,-0.67,-0.59,-1.1,0.28,-0.52,0.69,-2.73,-0.82,-0.47,0.03,-1.22,1,0,1
1.39,-1.32,1.3,2.19,-0.64,-0.49,0.31,-0.51,0.46,1.46,0.55,0.51,-0.51,2.34,-1.32,-1.0,1,0,1
-0.4,0.95,3.3,-0.37,-0.35,-1.15,1.56,-0.08,0.9,0.13,4.18,4.46,-2.16,3.83,3.35,2.49,1,0,1
4.57,0.34,1.2,6.23,-2.35,-1.47,2.47,-1.91,-1.84,0.16,2.74,-0.25,0.72,0.56,0.19,-0.63,1,0,1
2.95,0.86,3.72,1.47,-3.58,-0.99,1.05,-0.14,0.02,1.82,5.66,-1.0,-5.01,-0.83,-0.99,-3.57,1,0,1
-1.85,3.13,-1.37,-0.18,2.12,0.58,2.02,4.34,-1.83,-1.37,-1.59,-1.31,3.52,-0.06,2.44,-1.7,1,0,1
1.46,2.28,-1.05,-3.68,0.4,2.17,1.74,-3.54,0.11,-0.38,0.77,-1.63,1.03,0.07,-0.93,2.36,1,0,1
-0.65,-3.79,0.59,0.87,-0.46,-1.38,-3.82,-3.04,-2.94,-1.36,-1.89,2.34,-0.17,0.91,-4.93,-1.18,1,0,1
-0.42,-0.49,-0.44,-1.81,0.93,0.11,-2.61,0.13,-1.56,0.6,-1.73,2.89,1.94,0.94,-4.86,-2.14,1,0,1
0.46,-1.32,2.65,1.17,1.81,0.73,-1.23,-1.91,-1.55,0.12,-1.22,2.17,1.38,1.72,-4.65,1.54,1,0,1
4.02,-0.3,-2.22,4.45,0.1,-2.35,0.17,3.35,-0.22,-0.61,2.1,0.52,3.5,4.03,-2.84,-5.03,1,0,1
-3.22,5.12,2.94,-2.86,2.28,-1.31,0.61,-0.43,-1.75,0.4,2.01,1.31,-2.31,-2.67,4.92,0.48,1,0,1
-2.47,1.24,-2.92,-4.46,-2.06,-0.06,-4.05,5.39,0.94,-2.68,-1.22,2.38,-2.42,0.47,3.28,1.66,1,0,1
-2.33,-1.28,-2.03,0.96,1.22,1.76,2.48,3.31,-2.66,-2.74,-3.91,-2.84,2.25,2.66,1.2,1.36,1,0,1
0.04,0.27,3.67,-3.13,-5.17,-0.49,-0.93,-3.26,-2.64,-0.04,-3.91,0.42,1.37,-0.61,1.96,3.55,2,0,0
0.65,-0.03,2.17,2.72,0.52,0.99,1.72,1.36,2.06,2.34,2.06,-1.27,-2.42,1.64,0.7,3.2,2,0,0
3.49,-1.18,0.89,-2.45,-2.82,0.54,5.43,-3.06,5.0,0.49,-4.46,-0.12,-3.82,1.85,-2.94,-0.85,2,0,0
1.07,1.98,-0.25,1.07,1.3,1.1,-1.08,-3.04,-2.42,-1.12,-0.03,-1.24,-0.0,0.43,0.89,3.32,2,0,0
0.78,-1.31,0.17,1.44,1.57,-2.33,1.24,-1.06,-0.66,3.72,0.41,1.32,-2.36,-3.3,-0.28,0.63,2,0,0
4.11,-4.91,0.89,-4.17,-1.64,-4.74,-0.78,-1.49,0.56,-1.16,-1.59,-1.02,5.51,-0.34,-0.06,0.14,2,0,0
0.41,1.11,-1.06,2.37,3.76,1.74,1.0,-2.74,-1.61,-4.28,2.44,-1.88,-3.0,-1.67,-2.7,-0.12,2,0,0
-0.66,-0.18,-0.57,-0.19,-1.28,-0.41,-4.56,2.57,0.55,-0.81,-1.21,-1.11,3.18,0.02,2.27,-0.25,2,0,0
-0.3,-1.59,1.51,-3.45,1.66,-0.85,1.04,3.81,5.38,3.44,-4.17,-0.91,3.04,1.64,1.86,-0.72,2,0,0
0.35,-2.28,1.57,-3.4,4.97,-0.48,3.82,1.99,6.11,1.92,-2.36,1.27,-2.82,-2.03,-2.61,-2.95,2,0,0
1.87,-3.66,0.19,-1.52,-0.93,-1.79,-0.62,0.83,-1.21,3.09,-2.78,3.3,-0.94,-0.91,-1.95,2.17,2,0,0
1.92,0.08,-0.52,-1.06,1.81,-3.92,2.94,-0.9,2.35,-0.07,1.24,-1.75,-1.85,-1.82,0.3,-0.94,2,0,0
0.25,-0.53,-2.03,-0.53,-0.72,-0.42,0.79,3.56,4.15,1.76,-0.05,0.84,0.4,2.87,3.15,1.42,2,0,0
-2.13,-1.95,1.81,-0.62,1.39,-2.41,-1.12,-3.31,-9.47,-3.63,2.23,-5.51,-2.12,-3.98,-3.63,2.96,2,0,0
-2.82,-0.02,0.97,-2.59,-0.47,1.77,-0.3,-0.58,-3.11,3.34,-3.95,-2.32,1.72,2.0,2.66,3.42,2,0,0
-2.78,-1.87,0.35,0.56,2.57,-0.92,1.53,1.18,-1.85,1.48,0.34,-2.7,-1.05,-1.35,-1.09,-0.52,2,0,0
1.98,0.23,0.84,-2.04,-0.07,0.55,2.81,-1.76,3.16,0.57,-2.91,1.76,-0.82,-0.49,-0.73,-0.52,2,0,0
1.68,-6.46,1.32,-3.2,-2.67,-1.99,-3.86,1.06,-1.93,2.36,-1.85,-2.45,3.75,-0.08,-1.18,2.9,2,0,0
0.08,1.57,0.81,0.16,4.33,0.97,3.4,0.9,5.28,3.87,-2.54,4.02,-3.93,-1.2,0.74,-0.08,2,0,0
1.98,-2.48,-2.33,-1.25,1.55,0.21,-3.43,1.55,-2.44,-0.89,-1.87,-3.09,1.08,2.55,-3.24,2.15,2,0,0
-0.54,-1.86,1.97,-3.47,-5.64,-2.06,0.2,1.43,4.17,-0.53,-3.51,-0.32,0.96,2.44,2.98,-0.09,2,0,0
3.96,-0.88,1.01,-0.64,-1.15,-1.42,-1.03,-1.17,-1.61,-1.04,0.98,0.17,-0.56,-1.3,-2.16,3.64,2,0,0
-4.25,1.72,3.53,3.4,4.0,4.96,6.7,-0.99,4.42,0.73,1.42,3.25,-2.82,-3.68,0.65,-4.48,2,0,0
1.45,-1.4,-1.6,0.12,-0.1,-2.38,-0.25,5.21,3.99,4.39,-2.07,-2.18,-0.11,5.04,1.16,2.53,2,0,0
2.32,0.0,-0.13,2.82,5.38,0.27,0.94,-3.25,-2.43,-2.14,3.78,-2.33,-4.76,-2.69,-4.05,2.0,2,0,0
1.77,1.61,0.92,5.1,4.61,4.1,-0.06,-2.95,-0.35,-2.49,4.41,0.55,-9.03,-0.91,-2.94,4.21,2,0,0
1.94,0.47,0.11,-0.04,3.11,1.11,2.01,-2.11,2.59,1.15,-1.63,2.01,-3.76,-1.86,-2.1,-0.11,2,0,0
-1.46,1.83,0.56,1.1,1.14,0.24,-1.13,3.24,2.4,1.01,1.58,1.93,-4.12,0.02,3.19,2.89,2,0,0
-1.81,2.19,1.03,4.8,5.54,5.48,-3.59,-2.35,-5.34,-1.48,1.11,-5.87,3.63,-0.67,-1.39,0.38,2,0,0
3.04,-1.74,-1.74,2.3,1.72,0.77,2.66,-4.97,-6.38,-1.06,-1.08,-3.43,0.63,1.93,-5.89,2.47,2,0,0
-2.0,-0.62,2.88,-1.52,-0.15,3.31,0.28,-2.93,-0.49,-1.9,-1.53,-0.29,-1.92,-2.17,-0.9,0.22,2,0,0
1.24,0.7,2.93,-0.24,-0.88,0.67,-1.0,0.0,1.4,-1.09,-1.0,-2.49,3.25,1.31,1.12,1.0,2,0,0
1.72,0.07,0.48,-1.47,-2.4,-0.31,0.17,-1.75,1.24,-0.38,-1.19,1.04,-2.2,0.96,1.24,3.06,2,0,0
2.55,-0.71,2.86,0.89,1.07,-1.32,-0.05,-1.94,0.29,0.4,0.32,-2.58,0.27,0.15,-0.39,1.91,2,0,0
4.25,-4.62,1.12,-2.44,-1.35,-0.23,-3.96,2.74,4.5,2.27,-0.36,5.29,4.16,0.99,2.82,3.6,2,0,0
4.13,-0.57,-2.72,0.38,-1.83,-6.09,0.12,0.49,-1.3,0.6,0.03,-3.83,-3.57,3.3,-1.28,4.62,2,0,0
-1.31,-3.84,2.32,-1.76,-4.67,-3.22,5.15,-1.0,-0.84,4.13,-1.18,3.95,-2.08,-2.02,1.01,1.2,2,0,0
1.49,-0.88,-2.74,1.91,-2.76,2.38,-2.51,3.85,3.42,0.88,-0.89,4.26,0.15,5.71,3.06,3.3,2,0,0
-3.77,0.07,1.42,0.24,2.67,2.64,0.26,-2.32,-3.77,-2.08,0.46,-3.43,-0.06,-5.34,-2.13,-2.73,2,0,0
-3.59,1.33,1.47,0.33,3.16,-1.57,4.86,1.64,1.24,1.9,0.32,1.68,-3.63,-4.07,0.21,-2.45,2,0,0
6.32,-3.11,2.05,-1.54,0.91,-0.42,0.98,-2.18,4.04,-0.27,0.73,2.59,-1.83,-1.61,-3.25,1.99,2,0,0
3.31,-4.22,-0.09,1.63,-1.51,-0.55,1.96,-0.26,-0.16,-0.78,1.69,2.29,2.34,-0.31,-3.18,-0.82,2,0,0
-3.11,0.22,-1.5,-5.11,-2.37,-3.12,0.46,0.57,0.75,2.67,-9.33,-3.48,2.16,1.27,1.55,-3.11,2,0,0
-1.31,2.48,-2.14,2.85,5.41,-0.34,0.83,2.39,3.58,1.72,1.26,-2.43,-4.14,-0.64,0.83,-1.63,2,0,0
1.73,-1.2,2.06,-2.06,-5.72,1.83,2.01,1.04,5.54,0.85,-2.04,2.77,3.86,2.65,2.85,0.88,2,0,0
-4.32,1.62,2.58,2.59,0.39,3.7,-1.86,1.82,-0.9,3.49,0.49,-0.48,4.11,-1.48,5.03,0.51,2,0,0
-2.15,-1.84,-1.2,-0.85,2.16,1.4,1.17,3.59,2.54,-0.38,-2.13,0.16,1.94,1.41,-0.3,-3.18,2,0,0
-1.51,-0.27,1.36,-0.86,-1.53,-2.66,2.82,3.06,4.51,2.22,-1.15,2.69,-0.92,-1.5,2.65,-2.06,2,0,0
1.02,-2.65,-0.39,1.3,2.8,-1.28,1.71,0.61,-2.04,1.81,0.02,-0.9,-0.45,0.54,-3.12,1.61,2,0,0
-1.38,3.2,-0.8,-0.11,0.77,3.48,1.7,-3.84,-0.42,-2.33,-2.99,1.53,-1.71,-2.45,-0.71,-2.48,2,1,1
-1.8,0.66,-2.25,0.23,4.04,-1.08,-1.15,1.25,-2.36,3.37,-3.96,-3.11,0.65,-0.04,-0.16,-0.22,2,0,0
0.81,1.22,-0.54,2.21,1.87,1.29,1.01,-2.26,-0.78,-1.0,-0.18,3.07,0.89,-1.96,-0.15,-0.96,2,0,0
-0.26,-0.73,2.89,0.53,-1.75,-0.02,6.27,-2.55,3.33,2.14,0.06,1.42,-1.3,-2.22,0.43,-1.73,2,0,0
-3.66,0.21,5.63,-2.83,1.88,-0.2,4.87,1.13,3.91,1.0,0.89,-0.5,-4.41,-4.26,1.11,-0.87,2,0,0
-0.28,0.51,0.56,-0.6,-0.33,3.28,2.23,-0.03,1.76,-1.52,-1.21,2.71,2.73,2.24,1.74,1.12,2,0,0
0.05,-0.3,1.51,1.65,3.77,0.07,1.09,-0.12,-0.45,3.31,0.32,-0.01,-5.14,-1.69,-1.75,2.64,2,0,0
-0.95,3.09,0.05,-2.46,0.36,1.31,4.4,-2.73,1.22,-5.33,-2.17,-3.34,-2.59,-2.25,-3.64,-4.05,2,0,0
1.48,-1.66,-0.37,-0.28,3.06,-1.35,1.38,0.1,2.51,0.17,-0.52,-0.72,0.58,-1.55,-1.78,-3.22,2,0,0
2.7,-1.51,-1.71,-0.78,-3.36,1.46,1.17,-2.84,-0.24,-5.7,-0.61,2.95,0.25,1.64,-1.72,0.54,2,0,0
4.37,-0.49,4.12,1.91,1.39,0.31,0.77,-5.7,-0.51,1.28,4.01,-1.96,-1.12,-3.14,-0.06,3.87,2,0,0
-1.08,1.42,-0.28,0.91,4.72,-0.32,2.87,2.18,1.99,1.96,-0.41,-3.36,-0.27,1.13,0.64,-0.97,2,0,0
1.52,-2.93,-1.42,-4.17,-3.2,-3.54,-1.17,-3.55,-5.37,-0.23,-6.3,-3.46,4.47,0.57,-2.61,0.34,2,0,0
1.19,2.53,-0.17,3.34,5.82,-0.78,3.44,0.86,4.53,4.6,2.84,-3.98,0.82,-2.75,1.25,-2.87,2,0,0
3.87,-0.36,-0.66,-1.16,0.02,-2.38,-0.52,-1.94,0.4,-1.88,1.01,-3.15,-0.55,0.43,-0.46,2.3,2,0,0
1.46,-3.02,2.67,-2.89,-2.03,-0.08,1.57,0.26,3.4,-1.91,0.8,-0.63,2.59,-1.47,-0.65,-1.15,2,0,0
-0.37,-1.87,1.53,-0.95,-2.02,-3.35,-0.7,0.4,-2.35,0.63,1.16,-1.02,-0.03,-2.09,0.96,2.1,2,0,0
-0.48,1.75,1.7,-0.47,0.59,-0.19,6.99,-5.97,-1.58,-0.6,-2.43,-3.04,-0.51,-1.79,-1.84,-1.61,2,0,0
1.03,1.39,-0.12,1.89,2.39,1.31,1.07,-2.39,-2.46,-0.62,-0.12,-2.2,-2.68,1.96,-1.76,3.56,2,0,0
2.92,-4.39,0.18,-2.68,1.15,-1.12,1.59,-3.77,-3.48,-2.52,1.18,0.02,-0.69,-2.7,-4.8,1.71,2,0,0
-0.79,-2.78,4.73,-2.47,-1.07,-0.54,3.93,2.13,4.14,2.62,0.66,-1.04,-1.1,-1.29,0.35,0.03,2,0,0
1.48,0.14,0.2,-2.02,2.4,-0.13,1.47,-2.97,-0.44,-3.23,-0.11,1.99,-0.05,-4.47,-2.16,-1.42,2,0,0
-2.15,2.56,0.14,1.29,1.0,1.83,0.72,-1.11,-2.38,-2.16,-0.15,-1.2,-2.92,-0.48,-0.45,0.88,2,0,0
3.86,-2.49,-0.0,1.8,2.06,2.13,-2.04,0.04,2.2,2.21,3.06,0.37,0.08,0.61,0.43,4.05,2,0,0
0.9,3.12,-0.74,2.02,2.33,3.26,-0.44,0.1,2.31,0.84,-1.14,-1.17,1.17,0.19,0.22,-0.99,2,0,0
-0.98,1.69,-0.35,-1.1,4.91,0.28,-1.47,2.95,0.56,1.27,-3.38,-5.81,-0.31,1.82,-1.17,0.79,2,0,0
3.37,-3.03,3.0,0.88,-2.09,-2.39,-0.76,2.23,2.77,3.07,2.23,-1.11,0.16,-0.49,0.14,2.35,2,0,0
-1.84,2.87,-1.59,-1.77,-2.42,0.73,2.13,0.84,2.23,-0.79,-3.99,-0.3,-1.79,2.46,1.44,-0.34,2,0,0
0.16,-0.8,3.12,-3.8,-1.45,-5.25,4.39,-2.86,-0.03,2.48,-4.03,-1.26,-0.84,-3.08,-0.27,-0.79,2,0,0
-0.36,-1.16,-1.01,0.49,1.34,-0.81,-0.41,3.05,4.39,0.34,0.74,3.57,-3.76,-3.37,-0.68,-3.47,2,0,0
-0.26,3.3,0.6,-2.48,-1.05,-0.17,-0.2,1.04,2.06,0.85,-1.67,0.83,-3.33,0.14,2.83,3.39,2,0,0
-3.16,-1.69,3.56,-1.67,1.91,3.98,-3.5,1.43,0.48,0.16,-2.37,-1.16,1.99,-2.35,-0.19,-1.29,2,0,0
-0.0,-1.79,-1.0,-1.42,0.44,-0.01,-0.92,-1.95,-5.44,-3.1,-4.51,-3.8,2.55,1.81,-4.18,0.45,2,0,0
-1.67,-1.46,2.12,-1.18,-1.34,1.1,1.64,-0.72,-0.23,2.76,-1.2,-1.5,5.65,-3.14,1.29,-2.02,2,0,0
4.75,-1.96,3.21,2.68,0.49,-0.15,-0.62,-2.67,0.58,1.08,3.49,-3.85,-1.28,-1.99,-2.57,2.24,2,0,0
1.68,-1.1,3.47,1.84,-1.09,1.05,-0.75,1.97,2.08,-0.25,3.63,-0.89,2.01,1.15,1.48,2.98,2,0,0
2.01,1.79,-0.2,-0.18,3.71,1.25,-0.53,-2.92,-1.1,-1.07,-0.28,-3.05,0.02,-0.78,-1.16,1.46,2,0,0
2.97,-2.53,3.39,-3.82,-4.44,-4.45,0.17,-2.67,0.44,2.26,0.61,-2.56,-0.77,-4.16,0.96,2.72,2,0,0
2.91,0.3,4.06,0.69,-2.88,-1.09,-2.01,-2.44,-0.56,-0.69,3.19,-1.74,1.07,-0.02,3.33,6.14,2,0,0
-3.34,-3.18,1.25,-2.64,0.58,0.43,-1.2,2.71,-0.98,4.48,-3.57,-2.04,-1.1,-0.44,-0.28,1.04,2,0,0
-3.62,3.53,-1.72,-1.05,6.95,4.0,3.05,3.64,4.82,-0.94,-3.09,3.84,-4.1,-0.76,-0.45,-3.17,2,0,0
4.39,-3.07,0.46,4.19,3.8,-1.94,-0.97,-0.53,0.51,-0.61,7.21,3.86,-5.89,-5.72,-3.66,1.56,2,0,0
2.85,-0.34,2.4,-1.2,-3.47,0.42,2.64,-4.15,2.38,-1.35,-0.2,-0.96,0.1,-1.88,-0.51,-0.9,2,0,0
-0.44,-2.35,1.72,-0.09,3.76,-0.02,-0.96,-1.74,-2.03,0.43,1.6,2.26,-2.81,-6.97,-2.07,-0.23,2,0,0
-0.69,0.59,-1.88,2.41,4.05,2.08,-3.31,5.1,3.22,-0.24,2.34,3.52,-3.64,0.42,1.58,2.03,2,0,0
-0.53,-5.56,-1.12,-4.03,-0.46,-1.81,-4.44,4.7,-1.5,1.42,-2.19,-1.26,0.46,1.62,-1.24,2.5,2,0,0
-2.04,0.63,-1.64,1.06,2.7,-0.67,0.62,3.28,2.76,0.28,1.09,2.97,-3.51,-3.76,0.02,-3.17,2,0,0
0.3,-1.02,2.27,-2.67,-0.78,2.45,1.92,0.15,2.17,2.09,-4.4,1.91,-2.08,2.7,-0.35,3.32,2,0,0
-3.49,0.82,0.91,-0.25,4.45,1.51,1.92,0.45,0.43,3.33,-0.07,-3.51,-2.14,-2.03,0.74,0.08,2,0,0
0.04,-0.43,1.64,-2.34,-1.69,-1.55,-0.56,-1.47,-2.96,1.16,-2.53,-2.27,0.12,-0.03,0.23,3.22,2,0,0
-1.7,1.6,0.29,1.18,-2.11,1.23,1.56,-2.15,-2.79,-4.1,-0.17,1.11,0.77,-1.05,0.05,-0.36,2,1,1
2.79,-2.81,-0.1,0.89,-0.06,-2.6,0.45,0.18,-1.9,0.57,1.19,-1.83,-0.56,1.6,-2.08,3.64,2,0,0
4.81,-1.32,3.07,0.1,-1.14,0.81,0.68,-1.69,3.14,-0.39,1.34,0.17,-2.07,-0.66,-2.31,1.98,2,0,0
3.42,1.08,0.85,4.87,4.57,-0.4,-2.15,-4.13,-3.06,-0.45,5.01,-2.06,-5.78,-3.1,-1.77,4.69,2,0,0
0.5,-0.45,5.04,0.81,2.99,0.66,-0.4,0.04,0.29,-0.23,6.45,-1.93,-3.56,-4.1,0.34,4.47,2,0,0
-0.6,-2.12,-1.22,-4.19,0.24,-2.45,3.17,1.49,3.01,-1.74,-1.44,1.37,-1.15,-1.19,-0.47,-2.19,2,0,0
2.66,0.09,3.0,1.98,2.07,-1.78,1.93,0.52,5.92,2.69,3.04,-3.6,-0.19,-2.71,0.88,-1.71,2,0,0
-1.15,0.43,-0.17,1.54,6.02,0.78,0.89,3.47,5.49,4.28,0.94,-1.03,-1.1,-1.56,2.03,-2.24,2,0,0
2.82,-2.92,-0.49,-1.28,-0.35,-2.79,-0.54,0.54,1.52,-1.26,-1.01,0.62,-0.44,1.4,-1.1,0.69,2,0,0
-2.01,1.43,-4.2,2.46,4.18,2.45,2.02,0.69,-2.47,-1.2,-0.95,-1.48,0.21,1.86,-2.04,-1.06,2,0,0
-1.35,6.32,-1.59,2.37,5.71,1.53,1.32,-1.31,1.5,-1.91,-0.4,-0.96,-4.41,-3.01,-0.14,-2.48,2,0,0
-3.31,-0.16,0.05,-1.3,0.47,-3.79,-1.65,0.41,-2.21,1.67,-1.33,2.08,-3.28,-4.72,2.54,-0.07,2,0,0
-2.94,1.8,-3.8,1.12,5.26,0.64,0.69,3.64,0.57,0.96,-2.12,1.29,-1.25,2.47,1.77,-0.26,2,0,0
1.01,1.21,0.73,2.39,5.11,-4.76,-0.08,-0.22,-0.08,2.43,3.07,-3.61,0.4,-2.73,2.95,0.68,2,0,0
0.15,-1.42,-2.19,-0.45,3.34,2.24,-3.18,1.76,-3.8,-0.4,-3.67,0.14,4.73,2.95,-1.83,1.91,2,0,0
0.53,-1.01,-0.81,0.59,3.7,-2.26,2.62,0.36,-0.11,0.75,1.68,-4.53,-3.37,-2.88,-4.13,-2.2,2,0,0
1.25,3.64,-1.23,3.86,4.39,4.38,0.56,-3.3,0.33,-3.68,1.32,3.48,-5.54,0.28,-0.33,2.16,2,0,0
2.13,-3.93,3.7,-2.91,-4.82,-1.93,0.08,0.73,3.97,0.13,-0.16,1.46,1.98,-0.5,1.73,0.7,2,0,0
4.29,-1.97,-0.89,-1.69,-1.25,-2.82,1.64,-1.43,1.09,1.4,-0.02,2.83,1.32,-0.48,0.82,2.46,2,0,0
-0.92,-1.77,2.42,0.43,-5.84,2.09,-2.64,3.84,2.58,-0.1,-0.44,1.85,3.7,3.27,3.48,1.55,2,0,0
0.46,0.18,1.85,1.95,3.7,2.55,0.34,1.22,0.7,0.75,2.74,-0.61,-0.91,-1.01,-0.99,2.18,2,0,0
-1.63,-2.66,3.78,-0.91,-0.16,-5.62,7.13,1.06,3.26,4.94,1.52,-3.21,-1.5,-1.78,2.13,-0.8,2,0,0
2.34,-4.7,0.46,-3.42,-3.76,-1.31,0.6,1.78,2.95,-0.47,-3.93,-2.38,2.33,2.82,-3.46,-2.08,2,0,0
4.25,-3.39,0.31,1.21,-1.38,-2.7,1.27,0.31,3.89,-0.08,3.07,4.84,-4.94,-1.11,-1.13,1.23,2,0,0
-1.55,1.49,-0.99,0.42,0.29,0.22,3.64,0.35,-0.36,2.32,-1.87,0.87,-1.81,0.34,0.67,1.09,2,0,0
-2.12,2.12,0.71,3.84,5.58,3.56,1.88,1.21,2.29,1.05,3.18,2.88,-4.65,-3.77,0.52,-0.04,2,0,0
-2.34,2.24,0.7,1.48,0.72,1.65,-1.3,-0.95,-3.45,-1.09,-1.91,1.27,0.6,-1.31,1.09,0.22,2,0,0
-0.35,-3.75,0.66,-0.09,-0.6,-1.23,-0.25,2.58,1.19,1.12,-0.08,-0.72,4.31,0.02,0.91,-1.23,2,0,0
-0.16,3.71,3.13,3.94,6.85,2.48,4.86,-4.5,-0.45,-1.87,4.22,-4.48,-5.8,-3.87,-3.14,-0.16,2,0,0
0.51,-3.34,0.71,-5.45,0.15,-1.61,2.05,0.34,2.57,1.74,-4.15,2.46,-1.47,-2.29,-1.87,-1.54,2,0,0
0.13,0.57,1.28,-0.61,-1.97,2.41,-0.23,-2.44,-0.24,-1.99,-0.25,0.52,-2.79,-0.96,-0.41,1.75,2,0,0
-1.99,-0.75,2.54,-3.01,-0.2,-2.77,6.89,-1.64,3.52,-1.98,0.11,-0.05,-1.65,-5.5,-0.07,-5.77,2,0,0
2.77,-0.6,3.0,1.91,0.99,-0.96,1.25,0.64,1.63,3.78,2.45,-0.49,-0.25,-0.91,0.36,2.75,2,0,0
0.95,-1.04,-3.95,-0.1,4.11,-0.25,0.97,5.33,6.49,0.39,-1.71,0.64,-1.6,4.39,0.18,-2.14,2,0,0
-2.63,0.46,0.47,-2.38,1.57,1.89,0.75,-2.77,-2.68,-1.37,-3.91,-4.37,2.18,-2.52,-2.08,-3.33,2,0,0
-1.15,-1.65,0.44,0.22,-2.51,-2.28,0.26,4.39,4.38,5.24,-1.47,-0.53,-1.82,1.32,2.78,0.53,2,0,0
2.77,0.1,-1.02,1.94,1.34,-2.07,1.75,0.28,3.62,2.38,-0.54,0.13,-1.29,-1.11,-1.94,-2.46,2,0,0
-1.53,-0.74,0.67,-2.66,-2.04,-2.76,0.56,-0.13,-0.85,-1.18,0.01,-3.82,2.76,-2.54,0.94,-1.47,2,0,0
3.74,-1.6,0.68,-3.64,1.0,-0.53,4.81,-3.75,4.41,0.23,-0.8,-4.34,0.24,-0.22,-1.98,-0.86,2,0,0
1.18,-0.54,1.07,-0.72,0.78,-0.58,-0.12,-2.16,-1.56,3.93,-0.99,0.79,-0.6,-3.26,0.54,2.52,2,0,0
2.78,-2.56,2.27,-2.36,-5.48,-1.07,-0.85,1.04,3.66,3.16,-3.18,0.6,0.75,2.87,1.72,3.4,2,0,0
0.6,-1.41,2.25,1.16,-1.86,-0.56,-1.1,-0.67,-3.61,-1.58,0.74,-0.14,-0.83,0.76,-0.8,4.31,2,0,0
0.43,-0.02,0.73,1.32,1.01,0.38,-1.95,0.68,-2.88,-2.93,-0.02,-3.08,3.52,0.71,-1.6,0.46,2,0,0
3.82,-3.4,1.68,-3.28,-5.88,-3.16,1.61,0.07,3.14,0.22,-0.82,-2.78,0.45,2.43,-0.7,1.87,2,0,0
3.55,-2.8,0.73,-0.73,0.65,0.56,0.1,-1.77,0.25,2.15,1.56,-1.28,2.69,-0.54,0.11,3.05,2,0,0
1.22,-1.51,-1.37,3.12,3.63,1.93,0.35,0.77,0.5,1.25,2.33,1.29,-1.18,-0.29,-1.47,0.55,2,0,0
1.18,2.45,1.93,3.73,0.88,2.17,-3.23,-2.76,-4.46,-3.18,3.33,-0.59,-3.31,-0.98,-0.61,5.66,2,0,0
-0.11,2.06,2.28,0.58,0.21,4.57,1.88,-3.01,0.44,-1.32,0.25,0.18,-4.02,-0.4,-0.26,2.28,2,0,0
1.63,-3.52,0.59,-3.52,1.22,-4.47,1.84,-3.05,-2.24,1.65,-3.39,0.04,0.6,-3.37,-3.02,0.11,2,0,0
2.62,-3.74,0.47,-1.68,3.73,-2.37,4.77,1.6,5.48,3.67,0.17,0.45,-2.37,-1.77,-2.63,-1.31,2,0,0
2.94,2.19,-0.63,5.17,1.99,-0.94,4.53,-0.13,4.88,2.48,3.95,-1.53,0.15,1.07,2.17,-0.45,2,0,0
-2.05,2.95,0.87,-0.08,3.18,0.87,1.84,0.81,3.95,4.83,-4.69,0.13,-4.07,-2.49,0.31,-2.34,2,0,0
0.16,1.55,2.42,-0.66,1.3,0.54,-6.13,0.01,-2.68,-2.56,-0.43,-1.52,1.06,-1.58,0.85,2.89,2,0,0
3.14,1.35,1.19,1.8,-2.64,-0.57,-1.79,-1.35,1.77,0.81,-0.35,-1.62,-1.69,2.01,1.64,3.56,2,0,0
2.62,2.37,-0.17,-0.79,-0.41,2.63,1.09,-4.9,1.46,-5.03,-0.63,2.82,-0.41,-1.13,-0.56,0.72,2,0,0
2.96,-3.0,3.14,-1.85,-4.75,0.57,0.08,0.8,5.78,0.33,0.24,3.45,-1.05,0.51,1.86,2.2,2,0,0
1.18,-0.35,3.52,0.77,6.36,1.7,1.14,-1.41,0.18,3.33,1.93,1.38,-1.71,-3.58,-0.47,3.62,2,0,0
0.55,1.68,-0.09,-0.57,-3.59,-1.53,-0.21,-1.02,-0.55,1.93,-3.78,3.3,-1.85,2.04,3.28,4.51,2,0,0
-0.95,6.47,2.08,1.68,-0.56,2.43,7.01,-5.92,2.47,0.66,-0.24,1.79,-5.32,-2.96,2.33,0.05,2,0,0
-7.23,1.74,1.37,-1.15,3.21,0.6,3.28,4.49,4.24,5.5,-2.96,0.61,-1.05,-0.85,5.79,-1.58,2,0,0
1.56,0.28,-1.26,2.0,0.33,0.58,-0.56,-3.73,-2.64,-1.01,-0.79,-3.25,0.98,0.1,-2.45,-0.69,2,0,0
0.21,-0.15,1.97,1.68,3.68,-2.78,-2.18,3.3,2.17,1.39,1.54,-1.06,-2.17,-2.07,0.95,0.28,2,0,0
-2.81,2.69,-0.36,0.38,4.85,5.64,0.39,-0.42,1.03,-2.56,-2.14,2.78,-4.21,-1.7,-1.54,-0.93,2,0,0
-0.07,-0.86,-0.96,-0.17,0.57,3.46,-0.09,-1.23,-0.61,0.53,-3.85,-0.35,5.8,1.82,-0.73,-0.79,2,0,0
-2.88,4.9,0.45,1.95,4.1,4.4,3.96,-3.54,-1.68,0.65,-3.39,-3.92,0.86,0.86,0.0,-0.64,2,0,0
0.04,0.23,-1.04,-0.31,-3.2,-1.99,0.35,3.72,4.04,3.25,-5.27,1.1,2.24,3.24,2.19,-1.28,2,0,0
0.44,1.84,-1.95,-0.13,-3.35,-0.5,2.64,5.65,7.66,0.13,-2.06,3.74,-1.1,4.87,3.03,-1.0,2,0,0
2.13,-1.17,0.32,-0.27,-0.75,-0.73,-1.58,-0.12,-2.17,-2.38,0.83,-6.07,3.61,1.2,-1.66,1.2,2,0,0
-2.84,0.27,3.35,-0.91,-0.37,1.01,-1.32,2.0,0.57,2.17,-2.74,-2.58,1.81,1.29,2.85,1.24,2,0,0
-2.73,-0.12,2.41,-2.57,4.38,0.77,-1.1,1.68,-1.99,0.04,-3.69,-2.71,2.21,-2.05,-1.84,-0.72,2,0,0
-1.58,0.7,0.52,-1.9,-1.47,0.88,2.3,-2.18,2.77,-2.19,-0.84,1.86,-2.7,-2.85,1.46,-2.13,2,0,0
-3.71,0.89,4.42,-1.4,-2.24,-1.41,4.87,-0.88,2.3,1.37,-0.85,-2.7,1.77,-1.11,4.74,-1.91,2,0,0
-2.38,2.3,1.75,-0.97,-0.57,-0.06,7.06,-6.02,0.55,-2.26,-0.38,-1.65,-3.15,-3.18,0.51,-2.64,2,0,0
0.74,-1.87,-0.01,-1.33,0.23,0.43,3.14,-2.64,-1.16,-0.96,0.56,-3.79,1.43,-1.88,-3.12,-1.69,2,0,0
-3.33,-1.22,1.58,-1.54,-1.6,-3.66,4.48,2.21,2.42,3.36,-1.58,-0.69,2.37,-2.39,2.4,-3.93,2,0,0
-0.11,2.14,-0.34,2.12,3.46,5.01,-1.12,-0.2,-0.7,-2.83,-0.82,1.51,-2.86,2.3,-1.52,3.05,2,0,0
-0.96,-0.76,1.85,-0.75,2.14,3.73,4.08,-1.9,-1.05,0.27,-1.0,0.87,-2.15,-1.35,-3.21,0.51,2,0,0
0.94,-1.12,0.63,1.39,1.32,-1.04,6.01,0.14,3.82,5.04,-0.45,2.86,-3.51,-1.8,-0.81,-1.42,2,0,0
5.72,-3.77,-0.2,-3.08,-1.46,0.95,-1.06,-3.38,-0.27,-3.94,-2.64,-0.59,1.62,0.69,-5.76,0.45,2,0,0
-0.33,-3.56,1.84,-5.07,-0.81,-1.82,-0.71,2.01,-3.42,-0.19,-1.3,-1.13,2.88,1.03,-0.41,4.54,2,0,0
-0.68,-1.59,-0.73,0.38,1.19,-0.68,0.22,0.74,-2.02,-2.6,2.65,-0.73,-0.96,-1.3,-1.16,0.3,2,0,0
-0.69,0.2,1.64,0.39,2.86,4.4,0.14,-0.82,1.26,0.61,-0.23,-0.68,0.35,-1.55,-0.82,-0.67,2,0,0
3.73,2.71,-1.99,0.95,4.64,-1.9,1.22,-3.26,-0.55,-5.32,2.66,-1.59,-5.92,-1.54,-3.61,1.2,2,0,0
1.27,-0.9,-0.22,-2.38,1.35,-2.51,-0.56,1.89,0.47,2.65,-3.1,1.23,-2.85,0.42,-0.19,3.14,2,1,1
-5.14,3.48,2.83,1.23,2.15,3.54,5.25,-0.0,1.6,-0.09,1.15,1.28,-1.48,-4.89,1.9,-3.56,2,0,0
0.69,-1.9,3.38,-1.14,0.82,0.43,-1.43,-5.4,-4.64,-0.16,-0.94,-0.14,-1.52,-4.55,-2.59,2.47,2,0,0
4.54,-1.03,-1.79,2.58,0.96,-3.27,-1.42,-1.71,-3.01,-3.08,3.03,-4.43,0.26,2.08,-2.23,2.97,2,0,0
3.69,-5.71,-2.69,-1.6,-2.51,-1.72,-3.75,3.32,-1.07,-1.79,-1.94,-0.06,6.3,6.85,-0.39,3.83,2,0,0
-1.48,1.7,-0.38,0.29,-0.34,3.15,1.9,3.57,6.81,-0.96,-1.29,6.42,-1.91,0.89,2.55,-1.55,2,0,0
0.5,-1.99,1.94,-0.07,2.27,0.62,0.9,1.14,1.82,2.86,-0.06,0.49,0.39,-0.85,0.0,1.65,2,0,0
-1.89,0.56,1.8,0.17,1.35,0.77,-1.33,2.05,1.54,2.99,0.2,2.01,-2.99,-3.1,2.13,1.42,2,0,0
-1.74,0.8,4.93,-0.09,0.22,-0.12,5.51,-0.32,4.14,0.74,3.32,0.34,-3.82,-4.42,1.91,-0.4,2,0,0
-2.63,-1.14,-2.04,0.84,-1.28,0.77,-4.21,3.93,-2.63,1.33,-1.17,-1.73,0.25,4.53,2.2,4.48,2,0,0
0.39,-3.42,0.05,-4.58,-1.07,-3.81,3.63,-3.79,-2.39,-1.68,-2.02,-0.67,-1.99,-4.37,-4.08,-2.33,2,0,0
1.55,0.68,0.05,1.16,0.89,-0.11,-1.01,1.17,5.07,3.54,-1.56,4.15,-2.05,0.31,3.21,0.92,2,0,0
1.53,0.9,-0.67,-0.7,0.7,-0.8,3.51,-0.93,3.3,2.15,-2.06,-2.42,3.56,-1.63,-0.22,-3.86,2,0,0
0.19,-2.24,-1.66,-0.61,-1.1,-4.88,-0.76,-0.5,-4.76,1.98,-2.7,-4.32,2.82,0.17,-0.78,-0.19,2,0,0
-2.68,-1.54,-0.63,-0.04,0.62,0.29,0.3,3.18,-2.14,2.87,-1.74,0.24,2.28,-0.28,-0.31,-0.52,2,0,0
3.26,-6.65,3.51,-1.62,-1.15,-8.19,0.39,-0.96,-1.85,2.94,3.64,-3.89,3.06,-5.23,-0.87,0.81,2,0,0
0.06,0.87,3.39,2.88,-0.4,0.35,4.02,-1.52,-1.9,-0.04,3.97,-2.32,-3.58,0.51,-0.09,4.21,2,0,0
-0.37,0.43,-0.74,-3.67,1.83,0.24,0.9,-1.08,0.91,0.42,-3.53,0.33,-3.13,-0.95,0.03,1.21,2,0,0
-0.76,-1.4,2.02,-3.08,-2.44,-1.58,-1.79,1.75,0.22,1.25,-1.55,1.35,0.56,-1.54,2.3,1.17,2,0,0
0.51,-3.13,-0.71,-0.75,-0.91,-2.68,1.14,0.63,-2.67,-0.32,-0.01,-2.03,5.83,0.13,-0.61,-1.01,2,0,0
-1.83,-0.2,-2.18,-2.21,0.81,2.67,2.58,0.62,2.95,0.25,-4.66,0.93,0.54,0.38,-1.02,-4.14,2,1,1
1.79,0.16,0.33,1.18,4.54,-2.18,4.8,-0.26,2.07,4.15,-0.59,0.84,-1.12,-2.15,-1.59,-1.07,2,0,0
2.21,-0.48,-1.52,-0.72,0.07,-2.02,0.42,1.22,4.36,3.4,-3.41,1.38,-0.39,-0.78,-0.39,-2.41,2,0,0
1.41,-0.68,-2.98,-1.77,0.07,-4.01,-3.27,1.54,-0.1,-0.68,-4.87,-0.52,0.8,0.46,-1.61,-1.62,2,0,0
0.87,-2.04,-1.2,-2.5,-1.43,-1.43,-0.04,2.24,1.77,2.44,-3.33,0.69,2.28,1.99,1.0,0.94,2,0,0
3.17,-2.02,3.4,1.39,-1.12,1.24,1.87,0.94,0.62,1.95,2.81,-0.94,1.22,-0.35,-2.44,2.55,2,0,0
1.84,-2.8,3.94,-1.84,1.24,-0.76,-1.3,-0.59,2.74,2.0,0.55,-0.39,-1.66,-3.75,0.04,1.42,2,0,0
3.09,1.94,-0.1,-1.82,-4.61,-4.23,-0.28,-3.96,2.16,-2.56,-0.07,2.05,-7.21,-2.72,2.19,1.76,2,0,0
2.07,-0.56,-1.9,-2.36,-2.46,-0.74,1.27,-0.99,3.73,-1.6,-2.76,-0.22,-1.34,-0.36,-1.48,-2.49,2,0,0
2.33,0.6,-0.6,3.38,2.76,2.72,-0.08,-2.03,-2.36,-0.39,1.28,-3.14,-6.66,-0.27,-6.21,2.83,2,0,0
-1.86,1.63,2.87,-2.71,-0.57,-2.25,4.38,-1.01,3.89,6.33,-4.41,0.47,-3.21,-2.26,3.7,0.4,2,0,0
-1.8,1.98,-2.29,-2.03,5.01,0.86,1.41,2.52,2.47,1.08,-3.92,-0.89,-0.47,1.68,0.36,-0.31,2,0,0
0.99,-1.59,-2.26,3.33,-1.33,2.17,3.49,0.79,0.51,1.96,3.3,3.15,-1.81,2.11,0.76,2.21,2,0,0
-2.33,2.01,2.71,1.11,1.1,2.44,3.23,1.89,3.89,2.02,-0.44,-2.25,0.04,0.79,1.97,-1.17,2,0,0
2.52,-1.01,2.62,-1.21,-7.64,-0.88,2.95,-0.97,4.03,1.57,-0.14,2.03,-1.42,1.06,2.8,2.76,2,0,0
1.84,-0.42,-0.38,-1.12,1.87,0.29,1.18,-0.68,1.35,0.7,-1.68,1.97,0.2,0.06,-0.09,1.55,2,0,0
-6.25,3.53,3.64,1.91,4.37,1.41,4.45,-1.68,-3.59,1.61,0.63,-3.12,0.33,-5.22,1.24,-1.67,2,1,1
-1.64,-0.0,-0.66,-3.26,-3.55,-4.47,0.47,1.33,0.66,0.06,-4.57,0.69,-0.88,0.21,2.4,-0.79,2,0,0
-1.17,1.15,1.11,1.28,2.91,3.09,0.17,0.24,1.06,-1.79,0.92,2.75,-1.26,-2.88,0.14,-1.5,2,0,0
-1.93,1.33,0.09,4.01,5.2,1.74,3.21,-1.61,-1.33,-0.99,2.85,1.21,-4.04,-3.56,-1.45,-1.45,2,0,0
-0.52,-1.76,-1.96,2.33,6.27,-1.77,1.01,1.38,-1.61,5.36,1.19,-2.1,-2.0,-2.0,-1.79,0.58,2,0,0
-0.28,-1.3,1.12,-1.7,-1.71,2.68,-0.44,-2.12,0.28,-2.77,-1.68,0.18,1.51,-0.71,-0.44,-1.06,2,0,0
-2.27,-0.27,2.79,0.81,2.03,-4.52,0.97,0.03,-3.23,1.31,3.77,-4.29,-1.41,-4.12,1.7,1.51,2,0,0
-0.68,-2.78,0.16,-2.66,-7.35,-2.28,-1.47,-0.66,-5.46,0.14,-4.59,-2.37,3.05,4.88,1.12,4.51,2,0,0
0.52,-2.3,-0.17,-3.11,0.7,-2.12,-0.04,0.62,-1.19,-1.36,-2.71,-0.92,0.87,-1.25,-3.07,-1.4,2,0,0
0.33,0.15,2.86,-0.01,-3.77,0.57,7.92,-2.35,3.92,2.12,-1.39,-0.95,1.31,2.05,1.96,-0.7,2,0,0
0.02,-2.1,2.33,-0.68,-1.34,-6.05,0.03,1.19,-0.94,3.33,2.8,-3.13,-2.03,-1.68,3.15,4.24,2,0,0
1.71,0.55,2.97,-1.64,-4.23,-0.94,3.19,-0.42,4.79,0.62,-0.94,-1.46,1.11,0.24,1.57,-0.21,2,0,0
-3.92,1.38,-0.88,0.26,7.91,1.02,-1.4,2.18,-1.31,4.07,-3.88,-3.08,-1.8,-2.37,-1.21,-1.73,2,0,0
3.4,-3.3,4.6,0.06,-4.34,-1.36,0.9,-0.08,3.78,1.03,-0.25,1.19,2.32,2.31,1.37,2.53,2,0,0
-0.73,0.86,1.12,1.68,3.97,4.16,4.77,-0.52,2.53,1.09,0.45,0.3,-1.51,-1.94,-2.26,-2.47,2,0,0
-1.13,-0.38,1.78,-0.64,0.04,1.59,0.09,-1.7,-1.56,-1.26,-0.54,-4.1,0.74,-1.38,-1.22,-0.74,2,0,0
-2.35,0.05,-0.52,-1.76,-0.27,0.59,2.58,3.77,2.62,2.67,-4.47,1.26,6.16,0.18,1.27,-4.22,2,0,0
-3.19,3.89,3.89,0.56,3.88,-0.33,7.24,-1.27,4.7,0.95,0.55,-3.84,-1.96,-3.56,1.65,-4.25,2,0,0
1.2,-3.24,-1.17,-2.64,-3.59,-2.72,2.45,1.74,3.4,1.25,-3.91,1.93,4.53,1.9,0.98,-2.66,2,0,0
-0.11,-2.63,1.31,-3.02,-1.21,-2.35,-1.97,0.7,-3.0,2.71,-0.86,-0.0,-2.61,-3.84,-1.35,3.0,2,0,0
0.75,-2.38,2.23,0.01,-1.04,1.51,-0.57,2.68,3.59,6.09,-0.5,1.15,1.8,2.11,3.41,3.85,2,0,0
-4.67,1.85,1.08,-0.26,4.82,-0.23,5.53,-1.32,-2.56,4.18,-2.62,-3.65,-1.12,-3.58,-0.79,-2.07,2,0,0
-2.58,-2.4,0.86,-3.52,0.45,-2.83,-0.34,-0.38,-2.49,-1.79,-2.45,-3.62,4.89,-2.9,-0.27,-3.63,2,0,0
0.75,0.38,0.45,2.26,2.48,-0.84,0.21,-1.06,-2.06,-0.84,2.58,-4.76,-0.58,-2.2,-2.25,-0.06,2,0,0
-0.37,1.7,-0.41,-1.34,-3.6,0.3,4.03,0.99,7.77,-3.75,-1.98,3.92,0.06,3.68,4.53,-2.53,2,0,0
-2.58,-2.03,1.78,2.99,3.89,0.46,3.63,0.42,-0.85,1.37,1.48,-5.65,0.21,1.21,-1.16,-1.2,2,0,0
2.07,2.94,2.56,0.33,-0.09,-1.92,4.53,-3.28,3.04,-0.37,-1.34,-1.91,-5.01,0.75,0.01,1.75,2,0,0
-0.91,0.69,-0.53,1.34,0.61,4.15,-0.08,2.19,4.47,-1.82,-0.63,4.41,1.1,0.92,1.29,-2.19,2,0,0
-0.96,-0.06,1.42,-0.88,2.14,-0.27,7.34,-3.2,1.96,4.1,-2.04,1.92,-3.55,-3.06,-0.24,-1.82,2,0,0
1.44,-1.65,2.14,-1.24,-2.74,-1.91,-0.93,0.09,2.34,1.14,3.83,1.63,-1.72,-3.28,3.4,3.37,2,0,0
-1.43,-2.82,-2.63,-1.88,3.52,-1.35,0.06,3.03,1.77,2.91,-1.67,-1.59,-1.25,-1.5,-1.22,-1.98,2,0,0
1.03,3.83,-1.41,2.0,4.03,1.43,2.71,-2.62,6.03,-1.03,0.22,1.58,-5.75,-1.31,1.32,-2.08,2,0,0
-1.5,1.85,1.07,-1.07,-1.58,1.66,8.16,-1.19,0.11,1.76,-2.25,-1.77,0.08,1.86,-0.31,0.39,2,0,0
2.57,-3.15,3.6,-4.01,-2.4,-1.93,3.61,-4.99,-0.18,-2.19,-1.04,-0.75,-3.03,-4.85,-4.94,-1.24,2,0,0
1.56,-5.55,1.71,-1.98,1.13,3.09,-1.31,-2.68,-4.27,0.71,-1.91,-0.63,1.41,-0.94,-5.19,2.64,2,0,0
2.27,-2.49,1.13,1.61,-4.25,-1.73,-3.11,1.01,1.95,1.48,1.44,1.83,1.74,0.08,3.02,1.84,2,0,0
-2.95,2.29,0.9,0.76,1.81,0.84,2.64,2.76,1.48,2.19,1.15,3.57,-4.42,-2.82,1.99,1.09,2,0,0
0.37,-4.14,0.11,-0.64,-2.36,-2.06,0.16,2.87,-1.93,1.7,-1.61,-3.89,3.75,4.06,-0.91,1.82,2,0,0
-1.39,-2.59,2.64,-3.49,-1.19,-2.33,1.63,1.05,2.33,1.83,-0.95,1.84,0.04,-3.99,1.52,-1.26,2,0,0
2.03,-1.29,1.12,0.9,0.22,1.46,0.84,-3.31,-1.86,-0.12,1.25,-1.48,-0.39,-0.96,-2.26,1.9,2,0,0
1.75,-0.12,2.28,1.41,-0.13,-1.08,-0.88,4.98,6.39,-1.06,2.52,0.41,1.67,2.34,2.89,0.93,2,0,0
0.32,-1.62,2.61,-2.61,-2.27,-0.87,-1.33,-3.53,-6.2,-4.36,0.42,1.82,1.11,-2.98,-0.75,3.86,2,0,0
-3.49,1.41,1.1,-0.72,2.21,3.82,2.99,2.6,7.0,0.92,-1.99,5.48,1.07,-2.93,2.96,-5.31,2,0,0
-3.18,-2.99,0.49,-5.5,-2.06,-4.38,1.2,2.04,-0.05,0.48,-6.69,1.2,4.27,-1.16,0.81,-3.69,2,0,0
-1.18,1.68,0.0,0.34,5.04,5.14,4.77,-3.84,-2.54,0.7,-4.09,-1.09,2.57,0.34,-3.13,-1.24,2,0,0
-1.54,-0.63,0.18,-3.87,-2.23,-4.27,2.2,0.63,-0.38,3.35,-4.83,-1.32,0.55,-0.27,1.51,-0.06,2,0,0
-1.29,3.13,-0.75,-1.27,1.24,-1.38,2.43,-2.7,-2.33,0.62,-2.76,0.55,-6.51,-1.67,-0.27,2.53,2,0,0
-0.01,-2.68,1.98,-0.45,-1.08,-3.09,0.49,0.42,-1.37,4.9,0.75,-2.07,2.37,-1.42,2.52,2.47,2,0,0
-0.89,-1.46,1.78,0.68,-0.48,0.35,2.84,-0.14,-0.86,4.21,-1.29,-4.48,1.54,0.92,-0.79,0.62,2,0,0
1.4,-5.93,1.7,-3.65,-1.57,-1.45,2.84,2.12,1.0,-0.25,0.18,1.98,1.32,0.19,-2.23,0.85,2,0,0
-3.45,-0.41,-1.3,0.88,4.08,-0.32,-3.06,3.66,-1.95,1.23,-0.84,-0.34,-0.31,-1.69,0.11,-1.18,2,0,0
-2.76,0.14,1.81,-3.06,-1.69,-0.1,-0.64,-3.2,-5.48,-0.16,-3.86,-5.66,-3.52,1.74,-0.4,4.86,2,0,0
1.07,-2.73,4.76,0.85,-0.44,0.07,0.35,0.82,-1.66,1.51,2.43,0.22,-2.79,2.33,0.3,0.18,3,0,0
2.1,0.67,0.48,-0.29,-0.74,4.73,2.62,-2.96,0.64,0.54,-2.16,0.02,1.75,-0.06,-3.51,2.02,3,0,0
1.34,2.45,1.18,3.03,2.27,-0.62,1.18,1.5,-4.71,-2.03,0.78,2.95,-3.67,0.23,-2.99,-1.72,3,0,0
3.21,-0.59,-1.86,-0.45,0.96,-0.39,-3.12,-1.06,-0.09,-1.27,1.53,-2.54,0.96,0.89,-1.1,1.29,3,0,0
-1.23,3.45,1.19,3.54,2.43,1.88,-3.46,-1.52,-3.82,-2.32,1.09,-0.61,-0.48,-0.92,-3.21,-2.12,3,0,0
3.67,-2.39,-2.49,-1.81,1.03,-0.64,-1.99,-1.34,2.4,1.42,0.21,-3.01,0.89,-0.04,-1.16,1.27,3,0,0
-3.06,0.8,3.58,1.81,1.25,-1.28,-0.67,-0.62,2.04,-1.06,-2.89,-0.66,-2.52,1.62,-2.39,-1.97,3,0,0
2.33,-0.64,2.75,-2.88,-3.21,0.16,1.29,3.16,-1.13,0.35,4.78,1.78,-1.17,3.08,-0.96,0.96,3,0,0
-1.12,-0.99,3.39,0.99,0.36,0.52,0.1,0.58,1.04,-1.07,-1.29,-0.54,-0.14,4.17,2.01,2.03,3,0,0
-2.17,1.34,1.86,0.85,-0.33,-0.13,0.95,3.84,0.26,-0.26,1.6,-0.46,-2.33,3.21,-0.34,0.05,3,0,0
1.87,1.52,0.7,1.07,2.28,2.46,-0.96,-4.17,-0.16,1.76,-0.08,0.22,-1.2,0.1,-6.0,-2.42,3,0,0
-0.51,0.39,0.64,-0.51,0.45,2.1,3.12,2.72,0.2,3.48,2.82,0.72,-0.35,1.9,2.13,2.38,3,0,0
-0.15,-1.77,-0.41,-0.19,-1.98,-1.46,1.5,0.73,0.54,-0.5,0.55,-2.4,0.76,1.52,1.75,2.38,3,0,0
0.65,1.43,3.09,1.72,0.43,-3.2,-5.36,0.97,0.04,-2.29,0.59,-1.86,-3.02,2.76,-3.31,-3.51,3,0,0
-3.24,3.23,0.55,3.83,1.01,0.73,-3.28,-1.03,1.82,-1.31,-0.26,-4.79,-0.39,-1.44,-3.1,0.82,3,0,0
0.95,-3.05,0.28,-1.69,2.98,-1.28,-1.41,0.19,-1.61,2.55,2.47,1.6,1.21,-2.37,0.35,-2.92,3,0,0
-2.93,1.4,-3.67,0.4,2.18,-2.2,1.91,-0.29,0.28,-2.72,-1.73,0.89,4.95,-5.1,1.65,1.14,3,0,0
4.27,-0.73,-1.84,-0.51,5.75,0.3,-2.38,-1.64,1.29,4.18,0.07,-0.96,-2.78,4.64,0.73,-0.03,3,0,0
0.42,1.74,1.56,4.34,3.32,-2.49,-4.37,-1.92,0.93,-2.45,-2.69,-3.16,-2.66,1.13,-1.02,0.84,3,0,0
4.65,-2.27,2.6,-1.89,1.31,-2.17,-2.93,-0.57,-2.47,-0.23,0.34,3.27,-1.75,1.18,-2.42,-4.27,3,0,0
0.2,-1.15,3.51,-0.95,-2.81,-2.06,0.97,-0.11,2.36,-0.81,0.51,0.15,-1.1,-0.61,-3.89,0.55,3,1,1
-1.96,-1.16,1.66,-0.81,0.5,-1.43,0.43,-0.64,2.18,-2.49,-4.13,0.73,1.51,3.73,1.67,-0.84,3,0,0
-1.47,-0.07,-1.04,-0.35,3.73,-1.8,5.13,4.48,-0.82,1.32,4.44,4.44,-0.37,-2.37,-0.17,0.86,3,0,0
-3.19,1.1,4.45,1.83,0.88,2.41,-2.14,-0.97,-1.39,0.4,-1.26,-0.67,-1.22,2.16,1.85,-1.18,3,0,0
9.3,-6.85,1.08,-0.88,-1.28,-3.53,-1.64,-2.97,-0.92,5.3,2.39,-1.23,-2.57,-2.08,-0.84,-1.45,3,0,0
-4.4,1.79,1.46,-0.48,0.17,4.78,3.0,-0.85,-0.52,0.35,-1.53,1.63,3.27,1.65,3.23,1.51,3,0,0
-0.58,0.24,-0.16,1.8,3.39,-1.51,-2.25,-3.83,-1.82,0.95,-2.68,0.54,-0.94,0.52,-1.17,-5.82,3,0,0
-0.11,0.59,2.12,2.32,-0.33,-2.68,-0.19,1.96,-1.66,-1.7,0.68,-1.01,-2.56,3.25,0.14,0.68,3,0,0
0.8,-4.35,1.37,-0.93,2.69,-1.03,0.06,-1.27,1.08,2.24,-0.12,0.11,-1.21,1.28,0.02,-1.86,3,0,0
3.61,-0.57,-1.71,-2.88,0.09,-0.41,0.66,1.68,-2.07,1.29,1.91,2.06,0.23,-2.73,0.05,-0.99,3,0,0
3.3,-4.83,-0.35,-2.22,2.65,-0.48,-2.73,-1.72,1.25,3.67,5.41,-0.82,1.21,-1.67,-1.89,0.11,3,0,0
-2.75,0.94,2.85,2.33,1.62,-3.11,1.13,2.36,1.07,-1.18,-3.97,0.4,-1.86,1.22,1.69,-0.32,3,0,0
0.02,-1.02,2.74,-0.35,1.3,-0.13,0.2,2.47,0.24,1.04,3.45,0.94,-2.91,2.96,-3.48,-1.32,3,0,0
-1.78,2.8,-1.26,2.19,2.46,-0.02,-0.9,1.07,-2.66,-2.92,0.8,0.35,0.89,-0.89,-0.8,-1.08,3,0,0
2.66,1.1,0.34,-1.75,-2.58,7.04,0.47,-1.94,0.44,0.77,1.83,-2.42,3.05,-0.22,-1.23,5.62,3,0,0
-4.62,-1.91,0.07,-1.49,1.78,1.02,0.97,2.1,-0.02,0.68,1.24,0.89,2.93,-1.45,0.14,-3.3,3,0,0
-0.65,0.91,0.63,3.56,3.82,-1.12,3.31,-0.49,-1.69,0.43,-1.37,1.71,-2.91,0.6,1.11,0.51,3,0,0
0.47,-1.23,3.65,-0.98,2.84,-1.29,-3.27,2.2,2.03,0.27,2.64,0.03,-2.61,-2.18,-5.06,-1.71,3,0,0
4.04,1.0,1.44,1.51,0.65,5.72,-3.12,-3.29,1.16,2.56,2.81,-4.57,-2.49,5.56,-3.39,4.36,3,0,0
-2.63,2.92,4.27,1.89,0.4,-3.1,-2.15,1.31,0.26,-2.34,-1.87,0.95,-2.29,-0.56,-2.24,-3.52,3,0,0
4.86,-3.91,-1.2,-3.52,-1.97,-2.09,-3.56,-3.24,1.28,-0.41,-0.23,-2.06,3.1,-3.24,-3.23,-1.73,3,0,0
-3.32,-0.11,-2.81,-2.19,4.48,-2.01,-1.81,3.62,-2.54,-2.18,4.67,4.33,4.4,0.47,-0.08,-5.84,3,0,0
2.02,2.01,1.14,1.66,2.41,-0.88,-4.68,1.03,-3.09,-0.29,4.0,-0.38,-3.75,3.29,-1.66,-1.39,3,0,0
-1.83,2.37,2.26,2.17,3.13,4.75,1.47,-0.29,-1.56,2.54,1.34,0.66,-1.77,0.25,0.57,1.75,3,0,0
0.69,-0.64,0.12,-1.37,-3.29,0.61,2.27,-1.49,4.4,-0.45,-3.33,-3.09,2.44,0.66,1.69,5.62,3,0,0
-3.79,5.66,-2.45,3.17,0.98,-1.09,-4.02,0.42,-2.22,-3.58,-3.04,-2.46,2.37,-1.29,1.98,-2.23,3,0,0
3.58,-6.07,-2.17,-2.78,1.39,-3.12,1.21,-1.23,2.38,4.42,3.53,-0.2,1.56,-1.81,0.97,0.88,3,0,0
-0.06,2.63,0.27,0.91,-2.04,-0.34,0.07,2.17,-0.4,0.15,-0.8,-2.72,-2.1,1.68,2.0,2.1,3,0,0
-1.39,2.24,-6.03,0.47,6.01,-1.97,2.39,4.65,-3.29,-4.28,1.05,2.79,2.28,0.67,2.56,2.32,3,0,0
-5.93,4.38,0.96,2.41,-0.34,-0.38,0.07,1.96,-1.24,-4.68,0.61,-0.99,0.05,-0.49,-1.1,1.55,3,0,0
1.93,0.14,-2.72,1.84,5.91,2.07,5.83,-0.11,-2.64,2.24,2.08,3.59,-1.38,0.89,0.64,3.26,3,0,0
0.31,-3.17,1.22,1.32,3.68,-2.37,-2.95,0.08,-0.74,0.72,5.08,-0.23,-1.41,0.66,-2.42,-1.85,3,0,0
2.15,-2.09,1.19,-0.74,-1.89,-2.91,-0.47,-3.13,0.72,0.51,0.77,0.18,-1.07,0.29,-3.87,-3.41,3,0,0
1.88,0.26,4.02,0.28,0.92,1.73,-1.26,0.58,1.21,3.18,0.98,-1.27,-5.04,4.7,-0.73,0.8,3,0,0
-2.14,0.44,-1.92,0.03,1.74,-0.82,-1.37,0.78,3.34,-1.7,-2.01,-2.74,1.23,4.42,0.31,0.57,3,0,0
-1.44,-2.62,1.33,2.55,-0.81,-1.88,-1.84,-1.1,-0.12,0.78,-0.09,-3.91,-0.38,1.67,-0.43,-1.7,3,0,0
-2.78,-1.09,0.48,0.69,-1.43,1.31,4.1,-1.28,-0.07,1.4,-3.73,-0.9,0.99,0.19,1.88,0.97,3,0,0
-2.79,3.83,-0.9,-0.19,-1.39,0.95,-4.45,-0.96,-1.66,-0.24,1.99,-2.3,1.5,-3.28,-1.9,-3.36,3,0,0
0.79,-2.91,-2.67,-1.87,4.04,-3.08,-1.19,1.15,0.6,-0.02,2.66,0.65,2.02,-2.24,-1.01,-1.99,3,0,0
-3.59,1.64,1.31,-1.01,-5.2,0.0,1.45,1.96,-0.97,-1.44,0.98,-0.88,3.3,-3.0,1.72,2.52,3,0,0
-5.45,1.85,1.29,-1.1,-3.04,-3.46,-0.57,1.56,-2.19,-4.84,0.37,2.69,5.51,-3.35,2.16,-2.49,3,0,0
3.13,-3.63,-2.8,-2.98,2.86,-3.06,-4.2,2.29,-1.76,1.64,3.76,-0.31,1.08,-1.69,-1.92,-5.07,3,0,0
-1.89,2.41,1.05,1.79,0.54,2.08,2.79,2.25,-0.95,5.26,0.93,-0.83,-3.22,3.77,2.68,0.06,3,0,0
1.64,-1.43,3.73,1.43,-1.87,0.72,-1.81,-1.07,0.48,0.69,2.55,-2.34,-0.46,0.12,-3.0,1.75,3,0,0
-3.09,-1.36,1.93,1.4,-0.45,-1.29,4.12,-1.11,4.32,2.18,-5.6,-1.94,-1.75,1.86,2.31,2.16,3,0,0
1.98,-0.68,3.74,1.23,0.69,0.04,-2.37,-2.74,3.57,1.29,-2.87,-3.33,-1.92,-0.07,-1.74,1.81,3,0,0
2.73,-1.2,0.44,0.28,-0.67,1.27,-0.11,-2.0,0.79,0.48,2.62,-2.02,0.11,1.78,-2.47,3.5,3,0,0
1.3,-1.16,1.18,1.4,4.76,-3.63,-2.96,-0.83,-1.94,-1.7,0.92,1.79,-1.59,1.42,0.59,-1.85,3,0,0
3.82,2.44,4.26,2.43,-3.17,4.13,-1.41,-3.85,-2.91,1.9,2.11,-2.0,-3.19,1.56,-1.51,2.67,3,0,0
2.53,-2.5,-3.3,-2.97,0.42,-0.36,-2.16,3.39,-2.66,1.14,7.16,-0.66,1.68,0.64,-0.3,-0.4,3,0,0
0.63,1.57,3.12,0.55,-0.3,3.0,-1.97,1.51,-2.07,0.15,3.65,-0.92,-1.62,2.28,-1.51,1.56,3,0,0
-0.87,1.32,-0.15,0.91,-0.13,-3.87,-4.78,0.37,-0.45,-3.46,1.17,-2.39,0.44,0.74,-0.72,-2.95,3,0,0
7.59,-3.06,0.52,-2.99,-1.44,-1.29,0.92,-1.4,-1.66,1.32,1.08,2.19,-0.59,-1.5,-2.12,0.31,3,0,0
4.53,0.56,4.88,1.97,-0.31,0.34,-0.46,-1.69,1.13,-1.07,0.86,0.13,-3.99,0.75,-6.7,1.42,3,0,0
-7.23,2.6,3.31,2.59,-3.59,3.19,1.7,2.76,3.26,-0.57,-0.39,-5.97,-0.08,2.48,0.69,5.8,3,0,0
0.83,0.11,-0.15,-0.12,-2.97,-0.75,3.28,-2.87,2.74,0.88,-5.33,-1.06,1.05,0.49,2.26,1.79,3,0,0
1.14,-2.68,-2.21,-0.74,3.77,1.15,1.58,2.0,1.57,1.4,2.95,-0.75,1.26,-2.33,-1.99,3.03,3,0,0
1.41,3.12,-1.66,0.68,1.84,3.72,0.61,-0.87,-3.23,0.45,-0.77,0.92,0.35,1.84,0.68,0.8,3,0,0
-0.42,-0.04,-1.01,-0.54,-1.08,-0.02,-0.84,-0.7,-3.6,-1.09,-1.8,-0.14,1.99,-0.01,1.36,-2.03,3,0,0
1.36,-3.63,-1.0,0.38,2.98,-6.45,0.72,3.35,1.21,-0.22,1.72,-0.2,-1.68,-3.81,-3.49,0.27,3,0,0
4.52,-3.72,3.94,1.57,3.55,-2.9,-3.3,-1.77,0.27,-0.32,1.42,0.91,-2.19,4.43,-1.88,-0.37,3,0,0
6.5,-4.56,1.74,-4.52,-2.76,2.15,-0.58,0.75,0.23,0.98,5.58,-0.27,0.99,3.37,-2.61,2.78,3,0,0
-4.52,-0.58,2.33,-0.82,-3.64,-1.45,2.74,2.8,-1.86,0.01,-0.67,1.65,1.7,1.93,4.7,-1.69,3,0,0
-4.07,2.41,-2.4,0.18,-1.89,2.52,-0.19,0.27,1.12,-0.24,-1.59,-3.92,5.08,-0.99,4.08,2.58,3,0,0
-1.16,-0.21,-2.09,-0.9,1.54,-2.56,6.46,4.81,-3.03,2.81,0.94,4.0,-0.37,-2.38,5.06,0.18,3,0,0
-4.03,4.92,2.54,2.76,3.23,0.86,1.6,1.78,-1.4,-2.27,-1.84,2.53,-1.98,2.34,-0.04,-0.01,3,0,0
0.3,0.92,2.22,0.22,-4.24,0.84,0.19,-1.3,0.02,-1.49,-2.61,-1.7,1.13,4.28,2.44,2.9,3,0,0
-1.19,4.79,2.52,1.45,-4.12,2.51,-2.87,-1.69,-2.65,-1.68,-0.26,-2.41,0.42,1.5,0.93,0.65,3,0,0
0.39,-1.29,0.51,-0.14,-0.81,-1.37,5.54,1.82,2.88,-0.87,-1.15,-0.03,-0.04,0.24,0.05,5.09,3,0,0
-4.14,1.79,2.7,1.28,-2.6,-0.13,0.41,1.08,0.35,-0.08,-1.84,-1.88,-0.67,-0.22,0.38,-1.03,3,0,0
4.18,1.96,2.11,0.5,-3.05,3.55,-2.19,-5.64,-1.89,0.64,-0.57,-1.71,-0.96,0.6,-0.4,1.0,3,0,0
-2.02,0.06,0.95,0.47,4.14,-4.22,0.39,2.88,-1.8,-3.75,-0.04,4.8,0.35,0.3,-1.52,-3.73,3,0,0
2.11,-0.38,-1.39,-0.73,0.86,-0.19,-0.19,0.63,-2.51,-0.96,0.14,0.88,3.07,-3.36,1.53,1.82,3,0,0
-3.41,3.43,-1.35,-0.47,-2.93,1.15,2.72,-0.48,2.62,-2.16,-5.83,-1.46,3.5,-0.28,1.82,2.25,3,0,0
-3.84,3.09,-0.19,1.9,-0.86,2.76,1.36,-2.09,5.0,-2.39,-1.86,-3.7,3.72,-1.36,-1.59,5.78,3,0,0
0.17,0.08,4.03,2.53,1.4,4.77,4.49,-0.78,-0.09,4.14,0.2,-0.25,-4.78,3.4,-1.86,4.26,3,0,0
-4.36,3.48,-1.44,0.37,0.14,4.48,1.24,0.07,-1.38,0.37,-1.34,-1.48,3.31,-1.22,5.23,2.46,3,0,0
-6.24,3.12,2.84,4.32,0.13,-0.05,-1.49,-2.32,-0.12,-1.95,-3.86,-1.41,0.52,2.54,-1.07,-3.37,3,0,0
4.35,-6.19,2.75,-1.75,-3.72,-3.44,-0.65,-3.24,2.32,1.65,-0.26,-2.57,-1.61,-1.94,-2.92,0.07,3,0,0
3.93,-4.13,3.41,0.65,-0.3,-4.42,-3.16,-0.48,1.99,0.44,-1.19,-2.5,-3.1,1.94,-1.37,-0.37,3,0,0
4.13,-2.79,1.6,-2.34,-2.89,0.97,-2.09,-2.81,1.8,4.63,2.37,-3.36,-2.24,0.4,-2.73,0.02,3,0,0
1.38,2.8,1.33,-0.16,-5.34,1.73,2.97,2.19,-0.19,3.04,0.73,-2.43,-3.72,4.36,0.05,3.28,3,0,0
2.74,-0.27,-1.92,-3.13,-4.93,1.74,-2.23,-2.08,3.85,0.29,-1.31,-6.1,3.48,1.04,-0.28,3.85,3,0,0
2.96,-1.32,2.12,-2.37,-0.45,-2.25,-0.83,4.47,-2.37,0.99,5.25,2.61,-2.06,1.63,-0.97,-1.33,3,0,0
-5.78,-1.62,0.85,-0.7,-3.96,-2.19,2.91,1.33,6.54,0.86,-4.45,-5.13,2.42,-3.26,2.07,2.46,3,0,0
-0.94,3.27,0.0,0.15,0.15,-0.12,1.03,3.6,-4.73,-0.09,4.56,2.5,-1.09,-0.5,1.09,-0.16,3,0,0
3.24,-3.51,-6.15,-4.29,2.16,-3.11,3.0,1.45,-0.23,1.03,3.98,2.38,3.49,-3.1,-0.71,0.32,3,0,0
0.52,-2.61,2.23,-0.07,2.49,-3.09,0.56,2.29,2.75,1.74,-0.55,0.37,-1.97,1.97,1.64,0.89,3,0,0
5.28,-4.39,-2.84,-4.33,-1.54,-1.31,3.79,0.3,-1.42,4.49,1.63,1.96,1.61,0.77,5.15,1.35,3,0,0
-3.32,2.31,4.31,3.73,-1.7,0.34,-2.22,-1.21,-3.24,-1.29,-2.11,-1.46,-1.1,0.45,0.1,-1.98,3,0,0
-2.08,-0.74,2.24,-1.36,-3.07,-1.23,-3.24,-1.56,1.29,-0.11,-0.75,-2.63,1.95,-2.3,-0.86,-2.74,3,0,0
6.49,-4.85,3.37,-2.62,-1.45,-1.61,-2.04,-0.93,-2.19,2.3,3.81,1.66,-1.5,2.24,0.72,-1.76,3,0,0
-1.9,-0.37,4.72,0.86,-1.52,-1.16,-0.8,-0.04,0.53,-0.34,-2.22,-0.18,1.38,-3.65,-0.61,-1.06,3,0,0
5.93,-7.95,2.7,-3.78,-0.79,-3.79,-2.09,-0.64,6.06,2.54,-1.75,-3.4,-3.1,5.55,-0.93,0.24,3,0,0
1.34,-3.18,3.14,-0.79,1.38,-0.59,1.18,1.62,1.04,2.72,0.67,0.44,-2.91,0.29,-0.28,0.74,3,0,0
-1.96,-1.38,2.68,-1.37,-0.79,-0.18,-0.31,-2.87,1.21,0.51,-2.84,1.34,2.63,2.0,2.51,-2.59,3,0,0
-0.92,-3.38,-4.77,-4.53,5.21,-0.86,3.52,4.76,1.54,-0.34,3.91,3.67,5.35,-3.62,-1.39,-0.28,3,0,0
-0.57,4.1,0.21,2.7,-0.48,3.25,-2.02,-3.0,-1.12,-0.71,-2.29,-2.67,-0.49,1.52,-2.09,-1.07,3,0,0
2.97,0.85,0.63,-1.08,-2.43,0.82,2.2,-1.62,-1.03,0.71,2.43,1.47,-1.53,2.4,-4.23,-0.49,3,0,0
2.43,2.47,-1.24,-0.32,-2.2,3.61,-2.13,0.25,-1.08,0.63,2.74,-4.09,0.12,2.36,-0.34,3.36,3,0,0
-0.86,1.91,-0.11,0.54,-0.82,-0.1,2.06,-0.28,-1.51,-0.31,-1.53,0.04,-0.08,-1.45,1.62,1.65,3,0,0
-0.53,-1.12,-0.76,-1.62,1.59,-1.43,0.24,1.84,-1.79,2.04,1.56,1.11,0.35,-0.7,0.91,-3.28,3,0,0
-2.57,0.2,2.98,-1.03,-2.99,-5.68,-5.63,0.42,1.26,-2.29,0.47,-1.46,1.28,-2.15,-0.1,-3.82,3,0,0
1.54,0.72,1.0,1.53,0.41,-0.7,1.39,2.44,-2.46,-0.32,5.41,1.64,-2.33,2.53,-3.64,0.78,3,0,0
1.43,-1.11,1.89,-0.94,-3.75,-1.03,-4.36,-0.53,-2.87,-2.1,2.86,-1.32,1.18,-1.01,-6.18,-4.89,3,0,0
-1.54,3.64,4.4,2.02,-0.12,3.93,-2.03,-2.88,-1.91,-1.26,-2.4,0.03,-0.08,1.17,1.12,0.51,3,0,0
-4.82,2.63,2.6,0.49,-4.73,4.04,3.18,1.34,0.15,-0.48,-0.47,-2.4,1.93,-1.05,1.49,4.8,3,0,0
2.19,3.46,0.74,0.7,-3.04,3.11,-2.83,-7.95,2.71,-0.78,-5.29,-3.84,0.62,1.97,-2.33,0.99,3,0,0
4.59,-2.0,-3.97,-2.16,3.07,-1.29,1.82,2.51,-1.78,1.41,3.56,1.35,-0.66,2.63,3.24,2.13,3,0,0
-3.82,-0.95,-1.54,0.15,1.38,-1.93,-0.32,-1.09,4.76,0.07,-3.83,-3.14,4.25,-2.83,1.09,0.23,3,0,0
-4.74,1.74,-0.3,-0.41,-1.64,-2.91,3.31,-0.2,-2.94,-2.94,-3.61,4.31,4.39,-5.06,2.91,-3.21,3,0,0
1.75,-0.5,-1.04,0.87,3.28,-1.88,1.47,1.3,-1.44,-2.54,-0.41,1.88,-1.92,5.15,-0.68,0.46,3,0,0
1.09,-0.01,-1.01,1.13,0.86,-2.2,-1.82,-2.26,-0.2,-4.7,-1.71,-0.75,0.77,2.49,-2.51,-0.66,3,0,0
-3.53,-1.07,0.35,1.38,2.27,1.45,1.16,1.15,-2.33,1.15,0.82,-0.25,1.87,-1.55,2.17,-0.17,3,0,0
-0.23,0.84,1.55,1.97,-2.25,4.19,-2.71,-6.12,2.37,1.58,-1.35,-6.98,-0.45,1.52,-2.54,2.77,3,0,0
3.42,-0.82,1.58,-0.21,-1.46,0.8,0.77,-0.15,-2.06,3.13,3.21,0.28,-1.91,-2.16,-1.31,1.02,3,0,0
1.22,2.3,0.69,0.14,-4.67,-1.54,-1.2,0.52,-2.77,-2.22,0.06,-1.76,-0.65,0.89,-0.35,1.03,3,0,0
-1.74,0.49,2.84,-0.99,-0.18,2.27,2.4,2.97,-0.92,0.65,3.5,1.75,-1.85,3.59,-0.68,1.02,3,0,0
-2.42,-0.75,2.98,0.38,-0.26,0.73,2.04,1.74,2.25,-0.59,0.23,-1.17,-0.2,1.46,-0.02,3.63,3,0,0
2.55,-4.03,1.7,-1.72,-1.79,-2.61,1.07,0.3,2.85,3.04,-1.37,-1.69,-0.86,-2.54,0.07,0.87,3,0,0
-0.87,-0.76,5.38,-0.57,-1.9,-1.61,-2.59,2.55,0.07,-0.36,4.18,-0.4,-2.82,2.32,-2.54,-1.84,3,0,0
0.95,1.64,-2.59,-0.54,2.87,5.26,0.04,0.8,2.97,2.13,3.07,-3.35,0.83,3.91,1.78,5.91,3,1,1
6.87,-4.63,2.26,-1.34,0.47,-1.27,-3.11,-4.78,-2.19,2.62,1.45,1.8,-0.89,1.71,-0.36,-3.34,3,0,0
-7.26,1.77,0.31,0.3,-0.02,-0.43,3.94,2.0,-0.35,-2.1,-0.44,2.46,3.0,-0.37,1.21,-1.39,3,0,0
3.54,-1.59,2.39,-1.4,-0.53,1.97,0.07,-1.76,0.46,2.16,2.12,0.58,-1.64,2.08,-3.7,0.24,3,0,0
3.58,-0.13,2.92,2.12,6.71,-2.69,-4.29,0.48,-2.15,-1.21,4.7,2.82,-6.42,3.15,-8.33,-4.06,3,0,0
2.28,-2.32,1.52,-1.2,-3.63,0.64,2.3,-2.28,2.06,3.37,-2.91,-1.76,-0.48,-0.13,1.34,0.58,3,0,0
0.57,5.05,3.43,2.93,-0.39,4.01,-2.6,-1.79,-2.58,-0.67,1.6,-0.78,-4.48,3.88,-2.76,0.18,3,0,0
6.34,-1.47,4.65,-2.98,-4.12,-1.57,-1.85,0.74,-0.69,2.76,3.79,0.95,-3.27,1.54,-1.89,-0.67,3,0,0
-0.78,-1.66,-3.98,-1.33,3.45,-4.78,0.06,0.39,3.32,-1.25,-1.58,0.18,4.14,-1.39,0.81,-1.09,3,0,0
-2.26,2.58,4.22,1.83,-4.68,2.1,5.79,-0.97,1.89,1.02,-5.81,-0.97,-1.97,1.08,-1.56,1.91,3,0,0
4.76,-1.89,1.52,-0.22,2.34,0.07,-1.34,-1.41,-0.51,2.86,2.34,0.79,-4.02,2.87,-3.34,-1.84,3,0,0
2.57,-1.38,2.35,-0.68,0.62,0.21,-0.81,-0.04,2.44,1.5,-2.25,-1.34,-0.92,-0.14,-1.54,2.15,3,0,0
-1.8,-0.92,-0.44,-1.15,0.93,0.51,-1.19,0.9,1.92,-0.3,0.33,-2.43,1.46,-0.99,-1.49,0.26,3,0,0
-5.67,-0.47,-0.79,-0.64,0.8,-0.57,1.4,1.74,-0.5,1.4,1.28,0.51,3.47,-1.25,2.64,-1.94,3,0,0
4.28,-3.45,-1.47,-1.9,3.48,-4.93,1.25,1.98,-0.29,0.86,4.33,3.59,0.84,-2.39,0.58,0.66,3,0,0
0.64,-0.54,-0.2,-1.06,2.71,-2.02,-1.5,1.86,-4.05,0.14,3.59,3.2,0.45,-1.87,0.22,-3.65,3,0,0
0.55,3.21,-5.07,0.01,-0.31,1.85,-1.11,-2.75,-1.77,-3.12,-1.67,-1.48,5.53,-2.01,-0.74,0.35,3,0,0
-4.72,-1.78,-1.04,-1.36,-1.96,-1.01,0.66,-0.55,3.55,-1.61,-2.32,-2.48,5.93,-0.82,0.81,-0.23,3,0,0
0.43,2.83,-1.41,-1.69,-0.22,0.46,-4.38,3.89,-0.13,-1.97,2.76,-2.99,0.55,0.93,-0.18,1.5,3,0,0
-3.58,-0.49,2.66,0.89,-2.42,2.22,-3.23,-1.02,2.91,-0.54,-1.2,-6.5,0.47,-1.6,-4.49,-0.43,3,0,0
2.56,2.77,-1.49,0.11,-0.06,1.38,-2.95,-3.07,-5.12,-0.46,1.17,0.5,-0.25,-1.94,-3.31,-3.42,3,0,0
-3.57,1.75,2.5,-1.03,-1.04,4.66,3.94,2.14,3.34,-1.14,-0.13,-0.44,1.68,3.66,1.72,5.76,3,0,0
3.04,0.59,-1.73,-1.04,1.96,4.66,-2.39,-0.72,0.37,1.39,2.36,-3.2,-0.08,2.09,-1.5,3.09,3,0,0
1.29,3.02,3.47,1.05,-1.63,5.98,-3.8,-3.39,0.2,0.05,0.56,-2.75,-1.19,3.39,-6.05,-0.12,3,0,0
-0.75,-1.16,0.21,-1.17,0.78,-1.77,1.71,4.74,-2.01,-1.49,2.27,2.44,1.65,-0.03,2.06,1.04,3,0,0
7.7,-3.07,2.62,0.09,-2.2,0.39,-3.67,-2.32,-0.6,3.44,4.06,-3.44,-4.9,3.48,-5.81,-0.26,3,0,0
3.75,0.96,3.08,-0.86,-2.83,3.11,-3.79,-0.93,-2.86,0.86,1.7,-1.94,-3.33,4.07,-2.92,-1.09,3,0,0
-0.8,4.47,1.78,3.2,-0.38,6.49,-3.2,-2.82,-2.37,0.86,-0.6,-4.72,-1.95,4.15,-0.27,1.92,3,0,0
4.1,-1.57,-0.42,-3.21,-4.07,3.03,0.95,0.47,0.56,3.78,0.97,-2.92,1.21,-0.89,3.06,4.16,3,0,0
-0.98,-0.54,6.67,3.94,2.75,-0.03,0.84,-0.58,2.83,0.0,-0.82,-0.79,-5.71,4.36,-3.82,1.71,3,0,0
-2.51,1.88,0.78,5.06,4.74,1.15,1.52,-1.77,2.4,-0.71,-6.09,-3.03,-3.22,7.37,2.78,3.51,3,0,0
-0.71,0.57,-1.91,-0.31,1.43,2.03,-1.06,-1.46,-0.49,0.64,0.21,-1.66,2.52,-0.81,-0.67,-0.4,3,0,0
4.31,-2.83,-0.34,-1.04,2.04,-1.28,0.91,2.35,-1.62,1.49,3.63,0.71,-2.3,0.69,-1.15,0.96,3,0,0
-2.7,-0.05,-0.29,2.18,3.75,-0.83,0.93,0.05,-2.56,-2.19,-1.39,1.49,0.34,1.05,0.71,-1.77,3,0,0
-0.57,-2.65,-1.71,-2.21,2.11,-3.94,5.23,3.39,-1.7,0.52,-0.62,4.67,3.0,-1.88,7.21,0.62,3,0,0
-1.07,0.1,-2.72,-2.56,-4.69,-2.54,1.74,3.44,-0.59,-0.96,1.06,-1.48,3.78,-4.82,0.61,0.21,3,0,0
-2.04,-0.03,-2.31,-0.55,1.06,0.29,-2.85,0.06,-0.24,-0.79,0.82,-2.79,3.21,0.69,1.1,-0.93,3,1,1
5.22,-5.14,3.29,-2.96,-2.18,-0.42,1.55,-0.65,0.21,2.08,2.14,1.76,0.82,-1.28,-1.03,0.79,3,0,0
-3.99,2.41,-1.44,2.31,2.69,1.34,0.07,-0.68,1.09,-1.55,-0.17,-1.77,2.1,-0.18,-1.33,1.03,3,0,0
1.75,-2.35,-1.58,-2.3,-0.73,-0.94,2.18,5.16,-0.68,1.55,1.47,-0.84,1.3,-0.51,3.19,3.59,3,0,0
-3.2,0.47,2.13,2.91,-2.29,0.87,2.46,0.18,3.57,0.56,-1.97,-4.57,-1.47,0.02,-2.15,3.27,3,0,0
-3.12,3.83,1.21,2.14,-0.95,0.8,-1.79,-0.24,-2.47,-2.82,0.42,-0.47,1.36,-1.61,-1.5,-1.49,3,0,0
-4.11,-1.82,-2.37,0.3,5.27,-6.51,1.95,5.19,-2.2,-2.4,0.73,3.6,1.04,-1.35,1.64,-3.68,3,0,0
-0.32,-2.13,5.46,0.5,0.59,1.29,-2.79,1.08,2.01,1.91,3.47,-2.61,-3.1,4.58,-2.09,0.46,3,0,0
-2.45,-0.33,3.74,3.81,-0.1,1.44,1.73,1.3,-1.49,0.58,-2.69,-2.05,-2.17,1.28,1.78,1.73,3,0,0
2.51,-1.88,-3.12,-0.99,2.37,-0.21,-1.08,-0.86,1.43,2.53,-0.83,-2.86,0.96,-2.72,0.83,0.86,3,0,0
-2.06,-0.0,-3.45,-0.47,3.62,-3.68,2.0,3.26,-3.01,-1.48,1.86,3.6,2.77,-3.75,0.96,-1.77,3,0,0
-1.29,2.42,0.49,2.62,1.76,1.52,0.25,-0.12,-2.37,-2.88,-1.72,0.23,0.2,2.75,1.5,1.08,3,0,0
-3.62,-1.43,-0.73,-0.82,0.88,-0.35,0.56,2.47,-0.62,0.79,1.84,-0.54,2.57,-2.51,1.21,-0.75,3,0,0
-1.44,2.38,-2.23,1.0,-0.43,3.86,-1.45,-1.3,-2.79,1.51,0.91,-3.28,2.69,-3.49,1.91,1.09,3,0,0
0.07,-2.0,0.95,-0.71,0.55,-3.26,-0.78,2.28,-1.01,1.44,4.41,0.94,-0.95,-2.46,-2.24,-2.88,3,0,0
-2.14,-1.83,-2.07,-3.69,1.17,-2.84,2.56,5.13,-0.98,0.53,2.92,3.57,3.42,-0.87,3.45,-2.21,3,0,0
2.33,2.32,4.83,1.73,-3.32,2.3,-2.14,-1.26,1.99,0.87,-0.63,-4.62,-5.28,5.26,-3.34,3.32,3,0,0
0.18,-4.89,3.11,0.87,1.78,-4.07,-0.41,-2.43,6.99,-0.42,-2.32,-2.87,-1.48,1.28,-2.56,2.57,3,0,0
-2.75,4.34,0.73,1.63,-0.01,4.47,-0.66,-1.32,-1.55,1.17,-1.24,-1.78,-1.56,1.46,-0.63,-1.03,3,0,0
1.21,-4.5,-1.14,-2.46,3.26,-5.91,-2.82,-0.61,0.67,1.36,-0.04,1.5,2.12,-2.32,1.11,-5.58,3,0,0
-0.05,4.19,-3.32,0.39,3.54,2.95,-0.73,1.39,-2.97,-1.62,-0.17,0.33,1.45,0.88,2.12,1.89,3,0,0
-4.98,-2.14,-2.05,-2.25,3.29,-1.22,2.75,1.3,1.97,0.68,0.17,1.4,3.8,0.14,3.13,-1.11,3,0,0
1.12,0.5,0.07,0.38,0.06,-0.04,0.57,-1.4,2.54,-0.19,0.18,-1.29,0.55,-1.35,-4.03,2.36,3,0,0
-0.99,-3.54,-4.53,-1.77,4.54,-1.61,1.38,0.23,0.12,1.67,0.94,0.1,4.91,-7.62,2.78,1.09,3,0,0
4.26,1.17,-0.42,1.23,2.37,1.33,-3.86,-3.22,-0.93,-2.81,-1.29,-1.06,-0.16,3.87,-2.79,-0.4,3,0,0
2.37,1.88,0.35,0.91,0.31,4.86,-1.13,-5.57,-1.11,0.17,-1.51,-0.98,1.93,0.22,-0.76,1.66,3,0,0
2.84,2.21,2.96,0.93,-2.01,3.07,1.47,-2.6,-0.3,0.43,-2.54,-0.41,-2.02,4.49,1.63,4.14,3,0,0
-1.96,-1.53,-0.78,0.75,4.62,-4.13,-3.02,2.1,1.71,-2.23,2.14,-1.34,0.02,1.18,-1.99,-0.69,3,0,0
5.81,-2.6,1.23,-3.42,-1.79,2.17,-2.5,-2.08,0.74,2.26,3.38,-0.67,2.77,0.47,-0.04,1.76,3,0,0
-1.5,-0.3,2.3,-1.72,-4.84,1.88,1.37,-1.8,2.39,0.5,-1.63,-1.69,1.54,2.39,-1.35,-0.81,3,0,0
2.1,-1.35,0.04,0.54,-1.39,2.77,3.72,-3.31,1.59,0.37,-0.72,-1.31,2.32,-2.48,-2.11,6.02,3,0,0
-3.08,1.19,0.27,1.47,0.38,1.01,5.02,0.59,1.44,0.09,-0.84,0.49,-0.67,2.5,-0.67,1.68,3,0,0
1.55,4.58,3.73,4.49,2.07,3.92,-3.11,-3.71,-6.56,-1.91,1.95,1.51,-3.37,3.56,-2.52,-1.07,3,0,0
0.73,-4.09,-5.75,-3.4,4.1,-9.43,-1.05,1.82,2.11,-3.29,-2.2,1.85,4.81,-3.39,1.26,-4.06,3,0,0
1.52,-0.13,0.04,1.21,3.39,4.55,-4.31,-5.42,1.93,-0.2,-0.8,-3.58,0.55,6.44,-2.28,1.34,3,0,0
0.9,1.13,-3.02,-0.01,2.16,3.78,3.95,-3.67,-2.3,-1.05,-3.77,1.69,3.91,-1.31,2.89,2.48,3,0,0
0.35,0.61,5.06,0.35,1.74,-1.38,-1.84,1.67,-3.17,1.41,0.86,3.14,-3.2,2.68,1.63,-3.92,3,0,0
-1.82,-2.31,1.89,-0.45,-0.05,-0.95,2.44,3.68,0.06,0.05,0.24,-0.25,1.67,-1.21,1.25,1.42,3,0,0
-1.85,-4.27,4.9,-1.57,-2.3,2.78,-3.46,-1.39,4.53,0.36,2.58,-4.53,3.62,-2.34,-4.43,1.74,3,0,0
-3.92,2.05,0.25,1.52,-0.34,-0.59,1.39,0.03,3.23,-0.61,-2.98,-2.23,-0.03,0.37,-0.92,0.34,3,0,0
-0.26,1.32,0.88,0.6,1.21,3.71,-1.09,0.46,0.38,1.42,1.78,-2.96,-2.63,5.07,-1.34,1.93,3,0,0
0.85,0.66,1.71,-1.68,1.21,1.89,0.87,1.96,-1.69,1.39,1.8,2.57,-2.66,6.87,0.98,-1.07,3,0,0
0.44,0.16,0.68,0.61,2.98,-1.84,-0.63,2.76,2.67,-2.03,1.11,-0.52,-0.91,-1.81,-3.86,2.25,3,0,0
2.85,0.66,2.47,-1.4,-1.2,2.58,-3.07,0.35,-0.75,1.29,2.67,-1.15,-0.55,2.11,-0.88,0.31,3,0,0
-1.39,-0.2,1.01,1.08,2.89,0.49,5.6,3.6,-1.72,2.58,0.33,2.69,-2.96,4.94,4.05,2.06,3,0,0
-5.0,-0.57,3.15,0.24,0.6,-0.32,3.35,2.86,1.58,-1.55,0.22,1.37,1.46,0.7,1.07,1.5,3,0,0
-1.3,-2.58,0.91,0.44,3.54,-1.93,5.72,3.28,-1.1,0.69,3.44,4.74,-0.34,1.67,2.0,1.16,3,0,0
3.17,0.51,4.42,4.47,0.63,2.95,-1.77,-0.56,-1.22,-0.58,-0.03,-3.48,-6.08,2.76,-5.91,2.3,3,0,0
-2.71,-1.3,3.3,0.27,-0.27,2.74,5.09,1.15,3.03,1.5,-1.71,0.26,1.01,2.45,1.78,3.33,3,0,0
-2.53,-0.72,-2.13,-2.27,3.31,-1.15,1.87,2.07,1.08,0.28,-0.2,1.5,1.52,3.98,3.81,-0.4,3,0,0
0.62,-1.01,0.75,-1.23,0.51,-0.21,-1.7,0.63,1.95,-0.62,2.71,-0.81,1.88,0.74,-0.17,1.93,3,0,0
2.24,-0.7,2.3,0.81,1.2,-0.48,-4.95,1.8,-2.1,0.36,6.4,-1.18,-0.87,-3.83,-6.15,-1.49,3,0,0
4.49,-6.58,-5.56,-7.52,3.85,-2.69,-1.43,1.65,2.6,1.74,4.64,1.7,5.99,-0.54,2.05,-0.91,3,0,0
4.0,0.15,1.02,-0.02,-3.06,2.93,1.71,-3.23,2.1,1.43,-1.41,-2.83,-1.12,0.78,-2.59,3.99,3,0,0
2.16,-1.57,1.05,-0.09,2.71,-0.11,0.21,2.2,1.55,1.46,2.27,-0.56,-1.74,6.19,2.03,3.61,3,0,0
-4.03,-0.44,1.47,-0.22,-4.89,0.31,1.8,-1.53,5.03,-0.3,-2.92,-4.47,3.35,-3.21,-1.08,2.96,3,0,0
-3.94,-0.05,0.59,0.12,-1.65,-2.09,-0.74,1.51,1.32,0.09,-2.37,-3.01,0.51,-3.35,1.29,-2.12,3,0,0
-3.82,4.92,0.44,3.73,3.05,0.08,-0.2,1.47,1.34,-3.03,-1.21,-1.2,-0.58,1.95,-1.28,2.53,3,0,0
-0.51,-4.96,1.66,-0.85,1.13,-4.27,-0.16,0.55,3.47,-1.81,1.29,-0.16,2.03,-1.86,-5.11,-0.12,3,0,0
1.24,-2.55,-0.36,-3.6,1.93,-2.2,-4.21,1.4,-2.09,-0.31,5.63,2.39,2.03,0.06,-1.24,-4.99,3,0,0
3.21,-5.48,-0.89,-3.98,-1.43,-1.33,3.31,-0.6,3.52,4.23,-2.72,-1.52,0.94,-1.36,3.19,2.11,3,0,0
2.38,-1.26,3.05,-0.13,-3.2,-1.26,-3.13,-1.2,-0.68,-0.33,1.57,-2.38,-1.14,0.56,-1.34,-0.55,3,0,0
0.47,0.5,-0.29,-0.92,-1.65,3.37,2.52,-2.16,2.39,1.71,-1.09,-1.84,2.75,-1.43,0.39,4.59,3,0,0
0.39,-1.77,-0.38,-2.03,0.83,-0.38,-1.47,-2.06,-1.36,1.32,1.96,2.08,3.05,-1.08,0.39,-4.0,3,0,0
-1.19,0.7,-1.13,-0.63,-0.45,-0.52,-0.17,2.12,-0.1,-2.03,-0.29,-1.33,3.23,-3.37,1.09,1.2,3,0,0
1.27,3.3,0.68,1.46,0.35,1.69,-0.51,1.04,-5.79,-1.64,2.06,1.86,-2.66,4.35,-1.38,-2.56,3,0,0
4.34,-0.32,-0.8,-0.54,-1.81,0.45,-0.96,-2.86,-1.05,0.44,0.85,-1.72,1.03,-1.65,-0.21,2.12,3,0,0
-3.16,2.45,0.24,-0.54,0.53,-0.07,2.14,0.82,-2.02,-1.25,-1.53,3.59,4.04,-4.33,1.31,-0.56,3,0,0
2.34,-3.62,-3.67,-3.64,5.08,-1.83,1.51,1.7,-0.99,0.69,3.76,3.95,2.76,0.36,1.66,0.64,3,0,0
-0.44,0.16,-4.26,-2.2,-1.16,-1.31,0.5,-1.46,1.47,-0.69,-1.35,-1.29,4.01,-2.54,0.61,0.28,3,0,0
2.86,-2.96,-2.65,-0.99,2.37,-6.41,1.71,1.28,-0.36,-1.27,1.89,2.69,-0.52,-2.08,-4.59,-2.95,3,0,0
0.69,0.98,2.32,1.31,-3.12,-0.61,4.14,0.29,0.38,-0.26,-3.68,0.09,-2.59,1.54,0.62,1.34,3,0,0
2.27,-4.28,-0.08,-1.73,3.03,-2.21,1.96,-1.89,-1.01,1.56,-1.03,3.43,0.82,-1.88,3.15,-1.58,3,0,0
-2.65,4.71,-0.93,0.87,1.62,1.57,-0.4,0.58,-2.57,-1.35,-0.07,1.0,0.52,2.57,2.71,-0.82,3,0,0
-0.2,-2.66,-0.42,-2.98,-1.94,-2.56,2.29,0.57,0.91,1.81,-0.33,0.96,2.27,-2.34,1.87,-1.3,3,0,0
-1.58,0.96,-0.38,-1.68,-0.54,3.37,-0.7,0.23,-0.33,1.2,2.87,-0.51,3.21,-3.01,0.4,0.64,3,0,0
1.45,4.09,2.59,4.36,-1.27,0.37,-0.9,-2.01,0.31,-0.72,-4.07,-4.09,-5.08,5.61,-0.38,3.24,3,0,0
-3.18,0.44,0.16,-1.11,1.65,-4.3,1.27,2.12,0.01,-4.71,-1.61,3.88,3.05,2.69,3.89,-0.36,3,0,0
2.0,-4.68,2.23,-0.91,-2.13,-2.45,5.19,-1.34,-0.86,2.15,-2.31,3.94,1.08,-2.27,-0.91,-3.1,3,0,0
2.32,-1.37,0.37,-1.4,0.85,3.72,3.05,1.56,-0.23,3.4,3.04,0.53,-0.96,1.67,-0.24,2.78,3,0,0
-0.08,0.88,-0.3,2.37,0.57,-5.03,-1.31,0.15,-6.11,-2.68,2.06,2.44,-0.18,-4.96,-3.34,-5.39,3,0,0
2.07,-2.63,1.95,-0.65,-0.79,-1.87,3.29,1.81,3.26,1.44,1.44,-0.51,-2.01,0.84,0.25,4.82,3,0,0
-8.49,4.84,0.3,3.29,0.91,1.46,2.52,3.46,-2.79,-3.47,-1.09,-0.12,1.74,-1.61,0.52,0.56,3,0,0
-1.29,2.1,-3.4,3.04,1.14,-4.82,-0.69,0.4,-2.21,-4.99,0.12,0.24,2.01,-1.16,-2.02,-1.93,3,0,0
6.5,-3.1,2.53,-3.16,1.0,-0.61,-2.71,2.26,0.28,1.82,4.71,0.6,-4.28,3.63,-3.77,-0.6,3,0,0
1.93,0.71,1.06,-2.04,-1.48,3.04,8.0,2.99,1.02,1.46,0.05,3.76,-2.33,6.56,0.09,3.62,3,0,0
3.3,-2.91,-2.28,-2.49,0.13,-2.71,-1.92,-0.83,0.7,0.11,1.36,-0.68,3.78,-1.86,2.44,1.69,3,0,0
-5.15,5.27,0.03,4.06,-0.69,2.97,3.09,-0.09,-2.72,-2.71,-2.65,-1.06,1.42,-1.55,1.96,3.81,3,0,0
2.32,0.82,2.4,1.48,-0.46,0.18,-6.72,-5.53,-1.33,1.39,-0.21,-3.1,-2.46,-2.05,-4.45,-3.57,3,0,0
-4.07,1.37,-0.24,2.43,4.99,-2.07,0.72,3.4,-1.56,-1.95,2.36,1.47,-1.37,-0.46,-1.49,-0.8,3,0,0
-0.13,0.99,2.07,-1.54,-1.12,2.77,-1.1,0.3,-3.53,3.24,4.99,0.81,0.4,-1.03,1.07,-1.36,3,0,0
-5.9,4.08,-0.67,1.22,2.36,-1.21,4.61,6.39,-4.31,-0.75,5.12,4.81,-0.07,-3.77,0.13,-0.83,3,0,0
4.54,-0.33,-1.65,0.78,2.61,0.14,-3.94,0.24,-3.57,1.1,5.99,-1.16,-0.38,-1.09,-2.6,-0.57,3,0,0
