@relation SyntheticData-N_1200-D_8-Nmin_140-Zmin_16-CL_2_3-R_0
@attribute X0 real [-4.94, 4.57]
@attribute X1 real [-6.02, 7.25]
@attribute X2 real [-6.29, 5.35]
@attribute X3 real [-4.71, 5.52]
@attribute X4 real [-5.02, 5.35]
@attribute X5 real [-5.88, 6.11]
@attribute X6 real [-5.23, 5.25]
@attribute X7 real [-5.33, 5.31]
@attribute cluster_idx {0,1,2,3,4}
@attribute is_noise {0,1}
@attribute Class {0,1}
@inputs X0,X1,X2,X3,X4,X5,X6,X7,cluster_idx,is_noise
@output Class
@data
0.1,-0.27,-1.3,0.8,-2.09,-2.58,0.6,-2.72,0,0,1
1.95,-0.86,-0.52,3.14,-1.26,0.25,1.21,-0.08,0,0,1
-0.04,-0.09,-0.24,-1.15,-0.17,4.3,0.58,0.55,0,0,1
2.1,-0.54,0.94,3.21,-1.01,2.38,-2.52,0.17,0,0,1
1.08,-0.12,-0.24,3.18,-0.36,0.35,2.67,1.37,0,0,1
2.4,1.52,-0.38,0.48,0.39,-0.48,-0.1,-0.5,0,0,1
0.15,-0.86,1.04,0.3,-0.11,-0.28,-0.11,-1.25,0,0,1
-1.08,0.92,-0.97,1.35,-1.2,0.12,1.05,0.29,0,0,1
-0.05,2.17,-1.26,0.13,0.38,0.09,1.79,0.86,0,0,1
2.11,1.54,-0.22,-1.25,1.47,-1.34,-1.91,-2.61,0,0,1
1.92,-0.28,0.39,2.59,-0.85,-0.59,-0.56,-0.49,0,0,1
3.22,-1.46,-0.19,2.5,0.73,-1.96,1.83,-2.04,0,0,1
-1.21,2.31,-1.3,-0.81,-1.41,-1.45,-0.75,-1.05,0,0,1
2.55,0.34,0.53,0.34,0.11,0.04,-1.28,-0.96,0,0,1
2.17,1.53,-1.54,-0.56,-0.27,-0.08,1.21,-0.35,0,0,1
-0.31,1.62,-0.01,-0.52,0.98,-0.1,-0.25,-0.46,0,0,1
-2.3,1.21,0.43,-1.95,0.49,0.23,1.2,0.21,0,0,1
1.82,-2.66,0.53,2.78,-2.28,1.27,-0.95,-1.44,0,0,1
0.47,3.73,-0.57,-1.18,1.76,-1.16,1.46,1.1,0,0,1
0.18,0.72,0.8,2.39,1.62,-1.29,-1.22,-1.01,0,1,0
0.28,-3.05,2.52,-0.27,-0.29,2.56,-1.77,-1.59,0,0,1
0.53,1.02,-0.94,1.78,-0.26,-1.5,0.41,-0.96,0,0,1
-1.34,2.48,-0.15,-2.46,-0.6,-2.9,-1.07,-1.81,0,0,1
1.19,0.17,-0.96,1.02,-0.81,-2.63,-0.59,-2.83,0,0,1
0.15,-0.36,1.26,1.0,-0.26,-0.88,-0.17,-0.64,0,0,1
-3.32,1.06,1.34,0.04,1.02,-1.92,0.82,-0.11,0,0,1
2.28,2.2,0.23,1.24,-2.22,-1.22,-2.69,0.04,0,0,1
1.86,-1.02,0.81,0.69,0.23,0.31,-0.17,-1.23,0,0,1
-0.05,1.37,-1.69,-2.55,-0.64,0.89,-0.7,-2.0,0,0,1
-1.91,-1.43,2.17,1.55,1.44,0.52,-0.73,-1.0,0,0,1
0.09,-0.13,1.49,1.43,1.06,2.91,0.55,1.79,0,0,1
0.56,2.16,1.04,-0.04,-1.53,-1.31,-3.48,-0.47,0,0,1
-1.01,-0.0,0.85,-2.59,2.15,1.99,0.11,-0.86,0,0,1
0.38,-1.29,2.42,3.03,0.39,-1.74,-0.41,-0.77,0,0,1
0.91,2.86,-1.66,-1.48,-1.62,-3.68,0.32,-1.72,0,0,1
1.51,-1.0,0.28,0.84,-0.36,-0.31,0.09,-1.7,0,0,1
-0.84,-2.61,2.46,0.2,1.85,1.53,0.16,-1.33,0,1,0
-0.57,0.08,1.85,-0.71,2.21,-0.02,0.29,-0.53,0,1,0
-0.28,2.81,-1.19,-1.38,1.02,-2.46,1.95,-0.49,0,0,1
-0.64,-2.31,2.59,2.43,-0.35,0.22,-1.5,-1.15,0,0,1
1.08,2.78,0.28,-0.2,-0.0,0.22,0.26,1.74,0,0,1
1.2,0.99,0.92,2.85,-1.15,-3.33,-1.53,-0.71,0,0,1
0.47,-1.24,-0.42,0.36,-0.52,-1.28,1.85,-2.05,0,0,1
2.79,2.4,-0.93,1.07,-2.5,-3.94,-4.21,-2.91,0,0,1
2.23,-1.98,0.37,1.58,0.36,-2.18,0.55,-3.16,0,0,1
-0.26,3.29,-1.09,-0.4,-1.55,-3.06,0.21,-0.39,0,0,1
1.4,-2.64,1.77,3.39,0.36,0.27,1.0,-0.52,0,0,1
-2.32,1.51,1.41,1.87,0.41,-1.43,1.65,1.78,0,0,1
-1.54,0.89,0.48,1.84,-3.03,-1.04,-0.27,0.85,0,1,0
-0.85,0.35,1.37,0.32,1.22,0.22,1.92,0.95,0,0,1
-0.39,0.89,0.58,-0.93,1.48,-0.09,-0.4,-1.03,0,0,1
-1.36,-1.66,1.69,2.94,-1.65,-0.68,-0.93,-0.9,0,0,1
3.69,-3.63,1.36,2.7,-1.38,1.16,-1.34,-2.15,0,0,1
4.16,-2.15,0.63,4.0,0.59,0.59,2.04,-0.02,0,0,1
0.49,1.83,-0.9,-2.5,-0.13,-0.77,0.48,-1.07,0,0,1
0.17,1.36,-1.39,0.01,-0.36,-0.83,2.84,0.2,0,0,1
-0.79,0.17,1.71,1.09,-0.7,-0.91,-2.33,-1.0,0,0,1
-0.53,-0.45,0.85,1.71,-0.94,-3.85,-0.36,-2.45,0,0,1
0.91,-1.03,0.86,1.58,-0.26,0.27,-0.44,-1.0,0,0,1
-1.25,0.77,0.71,1.72,-0.43,-0.86,0.89,0.65,0,0,1
-0.14,-2.34,3.38,1.07,-1.57,3.27,-1.13,1.02,0,0,1
1.8,1.15,-2.19,-1.81,-1.14,-0.76,0.27,-2.29,0,0,1
-0.32,1.86,-1.61,-1.0,-1.1,-0.72,-0.24,-1.27,0,0,1
-0.11,2.08,0.79,0.23,1.07,-0.69,-2.13,-0.54,0,0,1
0.92,1.85,0.42,1.75,-1.08,0.5,1.53,2.75,0,0,1
-1.71,1.36,-0.28,1.42,-2.32,1.18,2.37,2.74,0,0,1
-0.04,0.8,1.65,1.61,1.83,1.98,-1.42,0.81,0,0,1
-0.66,1.62,0.83,0.87,-1.4,-0.24,-1.56,0.59,0,0,1
0.22,0.81,-0.05,-0.11,1.34,-0.04,0.95,-0.45,0,0,1
2.54,1.17,-1.11,-0.95,0.14,-3.48,0.33,-2.99,0,0,1
-1.96,-0.69,2.05,2.27,1.13,0.5,0.84,-0.7,1,0,1
-0.2,-0.71,0.58,-0.14,0.07,2.0,0.03,-2.01,1,0,1
1.26,-0.39,0.29,0.91,0.7,1.55,0.95,-1.49,1,0,1
-0.23,-0.28,0.26,0.12,-0.3,2.36,0.63,-0.46,1,0,1
-2.07,0.05,0.02,-1.9,-2.52,-1.16,-1.07,-0.25,1,0,1
0.15,0.02,-0.42,-0.35,0.66,-0.47,-0.19,0.29,1,0,1
0.36,2.34,1.15,3.35,1.05,-0.62,1.98,2.03,1,0,1
-0.42,1.17,0.38,0.71,-0.01,-0.5,0.42,-0.38,1,0,1
0.78,0.27,0.16,0.56,0.77,-0.57,0.93,-0.76,1,0,1
0.57,-1.31,1.52,1.09,1.84,-2.14,-0.32,-2.18,1,0,1
-1.75,-1.13,0.28,-0.8,-1.02,-0.82,-0.61,-0.29,1,0,1
0.32,-1.16,-0.64,0.43,-0.81,1.73,2.07,-2.3,1,0,1
-0.72,0.66,-0.06,-1.85,-0.34,-0.72,-1.9,0.78,1,0,1
-1.52,2.85,0.73,-0.9,-2.72,-0.68,-0.9,2.19,1,0,1
-2.29,-0.18,0.25,0.42,-1.81,1.63,0.94,0.79,1,0,1
-0.66,0.27,-0.36,-1.29,-0.63,0.31,-0.64,-0.51,1,0,1
0.34,-0.47,-0.24,-0.45,0.76,-0.61,0.59,-2.11,1,0,1
-0.36,1.44,0.0,0.01,-1.32,-0.93,-0.17,1.66,1,0,1
-0.54,0.74,1.48,0.63,-0.29,-1.49,-0.65,0.43,1,0,1
1.14,2.22,1.0,-1.36,2.32,-1.67,-1.19,-0.91,1,0,1
1.28,1.39,-0.05,-0.09,2.41,1.12,0.98,-1.31,1,0,1
-1.38,-0.59,1.32,0.98,0.54,0.49,0.54,-0.0,1,0,1
-1.42,-0.92,-0.66,-0.27,-0.04,0.84,0.16,-1.03,1,0,1
-1.02,-0.25,0.17,-1.25,1.71,-1.32,-0.09,-0.79,1,0,1
-1.38,-1.55,-0.11,-0.84,0.72,1.86,0.55,-1.25,1,0,1
-0.99,2.81,0.99,0.39,-0.41,-2.76,0.51,0.69,1,0,1
0.72,-0.4,0.69,0.32,2.95,-2.54,-0.19,-2.22,1,0,1
0.68,-1.18,0.91,0.18,2.52,-0.55,0.36,-2.35,1,0,1
-0.46,0.32,-0.68,-0.39,-2.0,2.51,1.27,0.5,1,0,1
-1.3,1.96,0.72,-0.33,-0.73,-0.51,-0.47,0.98,1,0,1
0.09,2.15,0.89,-0.56,0.55,-1.41,-0.67,-0.14,1,0,1
0.32,3.22,1.53,2.85,-0.2,0.98,1.25,3.76,1,0,1
0.79,-2.37,0.54,1.17,3.49,1.46,1.27,-3.31,1,0,1
0.75,-2.54,-2.84,-2.8,-1.58,2.35,-0.3,-1.92,1,0,1
-0.14,-2.09,-0.08,-0.72,1.74,1.18,-0.77,-1.9,1,0,1
-0.58,3.65,-0.5,-1.54,-1.55,-1.31,0.06,1.31,1,0,1
-0.35,1.3,1.02,0.26,0.94,-1.1,-0.77,0.34,1,0,1
-0.59,1.02,0.93,0.05,-0.91,-0.29,-0.93,1.72,1,0,1
0.82,2.18,0.9,-0.4,-0.23,-0.43,-0.98,0.89,1,0,1
-0.79,-0.71,-0.26,-0.83,-0.88,0.27,0.26,-1.02,1,0,1
-0.37,-1.73,-0.0,-0.43,2.21,-1.09,-0.79,-3.12,1,0,1
-0.99,-0.24,1.17,0.56,1.03,-0.22,0.52,0.05,1,0,1
0.5,0.87,0.94,0.59,1.77,1.25,1.05,-0.59,1,0,1
-0.42,-0.26,1.76,2.2,0.59,-0.3,-0.11,1.54,1,0,1
-1.58,1.3,-0.88,-2.92,-1.79,0.3,0.05,-0.54,1,0,1
0.65,-0.08,0.33,1.48,-0.59,0.21,0.84,-0.17,1,0,1
1.61,1.63,-1.2,-1.15,0.35,1.91,0.47,-0.07,1,0,1
-0.7,-1.34,-0.45,-2.1,2.29,1.0,-0.98,-1.7,1,0,1
0.69,-0.04,0.72,1.35,1.36,-0.63,1.95,-2.82,1,0,1
1.31,-1.46,-0.36,-0.55,2.68,-0.98,0.2,-4.06,1,0,1
0.56,0.18,0.39,1.18,1.43,-1.53,0.55,-1.5,1,0,1
-0.73,0.31,1.1,0.61,-0.65,1.97,1.37,-1.39,1,1,0
-0.9,3.38,0.34,-1.77,-1.52,-1.34,-0.55,1.56,1,0,1
-0.47,0.66,-0.48,-1.96,-0.39,0.96,-0.87,0.3,1,0,1
0.96,1.86,0.99,1.67,1.0,-0.01,0.94,0.91,1,0,1
-0.05,0.43,1.83,0.62,2.6,-0.36,0.16,-1.05,1,0,1
-0.6,0.78,1.12,-0.03,1.51,-1.26,0.16,-1.47,1,0,1
0.23,2.64,2.64,3.65,-0.35,-1.61,1.73,2.82,1,0,1
-0.3,-0.2,-0.03,-1.96,-0.18,-2.51,-0.94,-2.88,1,0,1
-0.82,0.17,2.28,2.39,1.49,-0.64,0.98,-0.49,1,0,1
-0.27,0.58,0.03,-0.78,0.96,0.87,-0.57,0.2,1,0,1
0.29,0.95,-0.58,-0.82,-0.54,1.39,-0.71,1.39,1,0,1
1.4,0.57,0.36,-1.18,2.53,-0.69,-2.15,0.09,1,0,1
0.91,0.54,0.92,0.67,2.76,-2.5,0.57,-2.23,1,0,1
-0.02,-0.43,0.5,-0.21,0.2,-0.98,-0.18,-2.43,1,0,1
1.07,1.18,0.28,0.39,-1.82,1.49,0.13,1.01,1,0,1
0.64,-2.57,-0.19,-0.93,1.83,0.61,-0.16,-3.77,1,0,1
0.99,-0.4,1.24,0.94,1.38,0.46,-0.51,0.27,1,1,0
-0.57,2.69,1.97,1.34,0.17,-3.67,0.58,-0.42,1,0,1
0.34,-0.12,0.25,0.48,0.3,1.72,0.97,0.25,1,0,1
0.53,-1.2,2.0,-1.36,0.76,-1.7,-0.22,-3.14,2,0,0
0.66,0.24,-1.78,0.64,-2.61,0.97,0.65,2.23,2,0,0
-1.06,3.05,0.93,-0.31,4.22,-3.0,-2.4,0.9,2,0,0
-0.18,1.42,1.39,-2.22,-1.89,-1.47,-1.86,-1.91,2,0,0
-2.55,1.68,-0.56,-0.63,-1.53,2.75,1.98,-2.82,2,0,0
-0.15,-1.98,-0.46,-0.54,-0.27,0.98,1.55,-4.21,2,0,0
-0.6,3.72,-1.12,-1.02,1.35,-1.14,-1.87,-0.19,2,0,0
0.38,-0.89,0.05,0.67,-0.2,0.05,0.72,0.34,2,0,0
-0.34,-1.56,-0.29,-0.14,0.79,1.21,1.59,-4.1,2,0,0
-1.83,1.6,0.63,-0.16,0.78,0.26,-0.55,-2.62,2,0,0
-0.8,1.2,-0.43,3.54,0.44,1.14,-0.48,2.6,2,0,0
0.12,-0.59,-0.42,0.98,-0.96,0.59,0.26,-0.24,2,0,0
-0.41,-0.84,2.8,-1.05,0.93,-1.65,-0.55,-2.54,2,0,0
-1.75,2.75,-0.74,1.7,-0.54,0.97,-0.78,2.15,2,0,0
0.38,-1.58,-0.9,-0.07,-1.33,1.24,1.91,-2.06,2,0,0
1.19,2.15,-3.45,-0.94,-2.37,1.31,0.78,0.58,2,0,0
2.25,-1.39,-3.37,1.8,-2.94,1.85,0.96,1.98,2,0,0
-2.44,2.39,-2.13,0.91,2.94,0.79,-0.84,-2.1,2,0,0
-1.91,3.47,-0.67,1.2,0.86,1.13,-0.16,0.33,2,0,0
-0.8,0.01,1.09,0.23,0.14,-0.31,-0.37,-1.06,2,0,0
1.72,-0.13,-3.25,-0.04,-3.73,1.85,1.35,0.91,2,0,0
-0.79,-2.5,2.09,2.99,-0.32,1.42,1.82,-0.1,2,0,0
1.06,2.9,-0.31,-4.71,-1.25,-2.23,-1.74,-1.91,2,0,0
-0.87,1.3,0.04,0.64,2.12,0.23,0.77,0.37,2,0,0
-1.82,-0.57,1.63,3.68,3.1,0.9,0.7,0.58,2,0,0
1.29,-4.39,1.24,1.49,-1.82,0.39,1.56,-0.32,2,0,0
-0.51,-0.63,-0.46,1.62,-0.07,1.52,1.92,0.49,2,0,0
-0.19,-0.66,-0.04,-0.73,-0.8,-0.65,-1.55,-2.75,2,0,0
2.38,-0.08,-1.26,1.01,-2.59,1.48,2.51,3.86,2,0,0
0.41,-1.05,-0.56,0.32,-2.17,1.59,1.62,-1.0,2,0,0
-0.77,2.65,-0.86,0.69,-0.85,1.8,1.89,2.29,2,0,0
0.56,-2.12,-0.51,3.78,-0.41,1.54,0.83,1.61,2,0,0
-1.08,0.08,3.3,1.24,4.23,-3.64,-3.35,-0.28,2,0,0
-0.56,0.5,-0.94,-0.77,-1.4,1.18,0.6,-2.24,2,0,0
-1.66,1.61,2.16,0.14,4.18,-1.57,-0.28,-0.85,2,0,0
2.24,-2.75,-0.37,-0.22,-1.63,-0.04,1.92,0.26,2,0,0
0.52,0.11,-0.59,-0.33,-0.29,-0.2,-0.39,-1.38,2,0,0
0.24,0.89,-0.42,-1.93,-2.36,-0.21,0.11,-0.61,2,0,0
-0.5,0.44,0.43,1.24,-0.66,0.25,-0.25,1.69,2,0,0
-4.31,5.41,0.19,-1.77,-0.1,0.33,-1.64,-2.08,2,0,0
0.75,0.19,2.23,0.19,0.55,-2.04,-0.8,1.89,2,0,0
-1.0,3.45,-0.88,-1.69,1.39,-1.09,-1.52,-0.36,2,0,0
-2.67,2.97,1.26,0.09,1.77,0.17,0.12,-0.44,2,0,0
-0.14,1.35,-1.26,0.1,-1.47,0.59,-0.03,0.72,2,1,1
0.3,-1.99,2.47,1.08,-0.63,0.76,1.96,-0.82,2,0,0
0.25,2.48,-3.09,-0.87,-2.4,1.57,0.54,0.3,2,0,0
3.72,1.72,-1.79,-1.39,-2.54,0.22,2.7,4.69,2,0,0
0.35,3.4,-1.52,-4.04,-2.15,-1.65,-2.76,-2.06,2,0,0
0.3,0.92,-0.47,0.37,0.61,0.38,1.7,0.87,2,0,0
-0.55,2.13,-0.75,1.26,0.18,0.31,-0.32,2.78,2,0,0
1.05,-1.63,0.02,-0.17,0.59,-0.53,0.68,-0.91,2,0,0
-0.97,3.56,1.41,-2.83,1.31,-2.76,-1.8,-0.57,2,0,0
-0.02,-1.29,1.09,-1.43,-0.06,-0.84,-0.44,-3.9,2,0,0
0.86,0.82,-0.65,-2.62,-1.73,-1.23,-1.11,-1.82,2,0,0
-1.09,0.98,-0.56,0.15,0.91,-0.23,-0.17,0.17,2,0,0
-0.69,0.88,-1.96,0.11,0.55,1.74,1.81,-2.08,2,0,0
0.25,-2.24,-0.74,2.37,0.2,1.25,1.62,0.31,2,0,0
-1.76,1.28,0.48,0.48,0.77,-0.46,-1.97,-1.27,2,0,0
0.88,3.56,-3.02,-0.1,-0.85,0.9,0.71,2.82,2,0,0
0.39,-1.72,-0.54,1.7,-1.95,2.04,2.17,0.03,2,0,0
-1.18,3.5,-2.03,-1.73,-0.53,0.49,-0.67,-1.92,2,0,0
0.88,-1.48,-2.08,1.96,-2.66,2.9,2.08,0.75,2,0,0
0.71,-1.77,-4.47,3.15,-1.31,4.23,3.58,1.04,2,0,0
1.53,-1.62,1.95,-1.08,-1.9,-0.52,1.39,-1.04,2,0,0
0.74,3.28,-1.97,-2.46,-1.91,-0.77,-1.0,0.55,2,0,0
0.35,4.26,-1.58,-1.76,-0.52,-0.57,0.18,2.6,2,0,0
-0.11,1.0,2.92,-1.67,1.94,-4.37,-4.09,-0.88,2,0,0
0.82,0.4,-2.36,1.31,-2.98,1.55,0.32,2.16,2,0,0
-1.22,0.82,0.08,-0.52,2.09,-2.31,-3.74,-2.75,2,0,0
-0.2,-1.15,-0.0,-1.75,-2.32,-0.89,-1.53,-3.31,2,0,0
1.09,-2.3,-0.63,0.58,-2.91,2.95,3.98,-0.76,2,0,0
-0.18,0.98,0.45,0.82,1.18,-0.41,-0.14,0.47,2,0,0
-1.22,0.61,-0.37,0.57,-0.57,1.42,0.29,-1.83,2,0,0
0.59,0.16,-0.84,1.61,-1.77,0.74,-0.46,1.51,2,0,0
-0.61,-1.01,3.97,-1.64,2.78,-4.08,-2.84,-3.85,2,0,0
0.91,-2.76,-1.32,1.38,-2.61,0.76,-0.19,-0.36,2,0,0
-0.24,2.72,-0.69,-1.88,-1.04,-0.05,-0.39,-0.32,2,0,0
0.19,0.9,-0.55,1.15,1.41,0.29,0.03,0.24,2,0,0
-0.08,0.45,-0.43,1.12,-0.39,1.11,0.86,0.44,2,0,0
-1.68,-0.94,0.89,0.22,0.27,0.41,0.68,-2.21,2,0,0
-0.5,2.29,0.08,-2.03,0.57,-0.78,-0.52,-1.49,2,0,0
-0.42,1.39,0.38,0.54,0.18,0.64,2.05,1.69,2,0,0
-0.64,1.29,1.16,-0.63,0.55,-1.52,-1.24,-0.21,2,0,0
-0.85,2.5,-1.11,0.51,-1.46,1.58,-0.36,0.25,2,0,0
0.06,-0.84,-0.23,2.09,0.94,0.38,0.92,1.61,2,0,0
0.12,0.08,1.25,0.12,0.22,-0.79,-0.12,0.0,2,0,0
-1.34,3.31,0.63,-2.84,0.58,-2.01,-2.63,-2.38,2,0,0
0.37,-0.84,-1.73,1.13,-1.89,1.98,2.68,1.74,2,0,0
1.03,-2.02,1.32,-0.73,-1.6,-0.1,1.15,-1.35,2,0,0
0.45,1.34,-3.42,1.77,-1.9,2.21,0.76,1.77,2,0,0
-1.28,-0.68,0.47,2.46,1.31,1.53,1.05,-1.25,2,0,0
-0.22,2.62,0.61,-2.14,0.8,-1.87,-1.25,-0.79,2,0,0
-0.32,1.53,-0.78,1.1,0.62,0.69,0.91,1.57,2,0,0
0.88,-1.08,0.09,2.75,1.72,-0.37,0.32,2.27,2,0,0
-0.28,2.4,0.86,-0.18,2.12,-1.22,-0.26,1.28,2,0,0
-0.65,2.21,-1.28,0.34,0.79,1.12,1.54,0.72,2,0,0
1.62,-1.21,0.11,0.09,-1.05,-0.75,0.51,1.54,2,0,0
-1.05,3.74,-2.92,1.62,-0.31,1.76,-0.58,2.39,2,0,0
-0.56,0.62,-0.15,-0.47,-0.48,-0.01,-0.07,-1.65,2,0,0
-0.39,0.1,-0.13,0.31,1.04,-0.04,0.64,-0.35,2,0,0
-0.08,-1.12,-0.86,1.19,-1.87,2.56,2.44,-0.51,2,0,0
-1.66,0.83,1.51,0.81,0.35,0.62,1.06,-0.33,2,0,0
-0.09,-0.43,0.9,-1.22,0.67,-0.88,0.37,-2.21,2,0,0
-2.02,1.48,1.64,0.01,0.3,-2.28,-4.45,-1.52,2,0,0
-0.31,1.32,-1.62,0.83,0.08,1.01,0.25,-0.04,2,0,0
-0.03,-1.35,0.38,1.3,0.38,1.29,2.55,-0.43,2,0,0
-1.36,2.43,-1.48,0.87,-2.67,2.31,1.16,1.84,2,0,0
-2.05,-1.3,0.36,1.49,-2.95,2.56,0.93,-2.76,2,0,0
-0.01,-2.61,4.91,-1.54,2.22,-3.97,-1.59,-3.05,2,0,0
0.68,-1.36,0.48,0.24,0.4,-0.5,0.11,-1.27,2,0,0
0.21,-0.89,0.24,-0.2,0.46,-0.18,0.93,-0.99,2,0,0
-0.99,0.07,-0.69,2.56,-1.39,3.5,3.58,1.99,2,0,0
-0.23,1.55,-1.65,-0.17,-1.33,0.51,-1.05,-1.19,2,0,0
0.13,-1.72,1.2,-0.21,1.5,-0.33,1.83,-2.66,2,0,0
0.21,3.16,-2.33,-2.47,-2.55,-0.05,-1.12,-0.64,2,0,0
-1.54,-0.16,0.87,-0.26,2.0,-1.56,-2.16,-3.46,2,0,0
0.07,1.99,-0.25,-0.46,-0.08,-0.37,-0.04,0.27,2,0,0
-0.76,-0.17,-1.28,1.41,-1.81,1.58,0.11,0.03,2,0,0
-1.62,4.45,-1.67,0.77,-0.87,2.31,1.94,3.1,2,0,0
0.94,0.63,-2.15,0.25,-3.17,2.58,2.46,0.66,2,0,0
-0.78,2.3,-2.46,2.42,0.17,2.3,1.42,3.02,2,0,0
0.13,-0.13,-0.39,0.54,0.41,0.66,1.14,-0.71,2,0,0
-0.33,1.95,-0.46,0.74,0.99,1.11,2.13,0.93,2,0,0
0.62,0.2,-0.83,-1.42,0.4,-0.62,0.57,-1.38,2,0,0
-0.38,3.39,-2.62,0.75,-1.07,1.64,0.4,2.18,2,0,0
2.36,-1.07,-1.93,-1.21,0.61,-0.82,1.09,-0.71,2,0,0
-0.76,0.89,0.5,1.22,3.26,-1.67,-1.48,0.61,2,0,0
0.57,0.78,2.02,-0.54,1.95,-2.5,-1.45,0.79,2,0,0
2.2,-1.53,1.07,-0.23,-0.6,-1.64,0.15,1.42,2,0,0
-0.74,-1.2,-0.22,1.43,-2.31,2.16,1.71,0.11,2,0,0
0.56,0.8,-1.55,-1.03,-0.83,-0.06,-0.92,-1.34,2,0,0
-0.68,0.5,0.96,-0.05,1.48,-1.11,-0.48,-0.52,2,0,0
-0.38,-0.87,2.25,-2.75,0.07,-2.26,-0.3,-3.17,2,0,0
1.34,-0.39,-1.59,-1.82,-1.09,-0.53,0.09,-2.17,2,0,0
0.73,0.72,1.24,-3.31,1.01,-3.5,-2.54,-3.09,2,0,0
0.16,2.67,0.19,-1.07,-1.54,-1.04,-1.28,1.79,2,0,0
2.16,-0.37,-2.23,1.75,-0.09,0.46,1.03,3.31,2,0,0
1.81,-2.85,-0.62,-0.32,-1.74,0.46,1.74,-1.21,2,0,0
0.79,0.58,0.66,-0.28,1.34,-3.14,-3.03,0.89,2,0,0
-0.03,-1.33,-1.01,0.16,-1.16,1.3,1.16,-2.15,2,0,0
0.58,-2.38,-2.1,4.25,-2.24,3.07,1.87,2.35,2,0,0
-1.58,4.04,0.37,-3.61,1.69,-2.15,-1.51,-2.81,2,0,0
0.51,1.25,-0.14,-0.26,-0.4,0.39,1.54,1.65,2,0,0
0.73,-2.03,1.48,0.81,0.51,-1.35,-0.89,-0.48,2,0,0
0.16,-0.08,-1.28,1.1,-0.37,0.67,-0.39,-0.61,2,0,0
-1.46,1.95,-0.23,0.37,-0.21,0.62,-0.29,-0.1,2,0,0
-0.22,0.72,-2.51,2.83,-1.46,3.05,1.49,1.87,2,0,0
-1.47,2.28,-0.29,-0.97,0.95,-1.24,-2.46,-1.82,2,0,0
-1.16,-2.99,1.64,-0.21,-0.75,0.47,0.45,-5.04,2,0,0
2.08,-0.82,-2.9,0.7,-0.34,0.16,0.29,1.06,2,0,0
2.43,-1.41,-0.66,0.57,2.42,-1.57,0.45,0.98,2,0,0
0.68,-0.32,-1.07,-1.19,-1.49,0.14,1.03,-1.03,2,0,0
-0.52,2.7,-0.88,-0.24,-0.31,-0.16,-0.46,1.15,2,0,0
0.66,0.55,-0.78,2.74,-0.55,2.15,2.41,3.66,2,0,0
-1.27,-0.91,0.3,2.32,-0.6,1.83,0.76,-0.98,2,0,0
-1.5,1.35,-0.42,-0.88,-0.91,0.55,-0.49,-2.11,2,0,0
-0.76,1.69,-1.21,-0.27,-1.52,0.71,-1.09,-1.13,2,0,0
0.77,-1.1,0.64,-0.39,-0.39,-0.8,-0.34,-1.08,2,0,0
1.18,-2.11,0.34,1.23,0.64,-0.24,0.59,-0.4,2,0,0
0.13,0.79,-0.95,1.07,0.39,0.01,-1.45,0.02,2,0,0
-0.4,-4.45,3.89,0.42,1.93,-1.92,-0.56,-5.33,2,0,0
-0.15,0.53,-1.57,4.7,0.72,2.93,1.86,3.72,2,0,0
1.05,-0.7,-1.01,-1.68,0.39,-0.44,0.92,-2.74,2,0,0
-2.49,0.53,0.81,-0.44,3.89,-1.46,-1.61,-3.94,2,0,0
-0.41,-1.6,2.62,1.08,2.41,-1.28,-0.14,-1.26,2,0,0
-2.23,0.6,0.72,2.42,1.47,-0.47,-2.38,0.38,2,0,0
0.98,-3.15,2.23,-0.13,-0.02,-2.22,-0.81,-1.4,2,0,0
0.97,-0.76,-1.08,0.29,0.28,0.57,1.81,0.52,2,0,0
-2.69,0.09,2.28,-0.76,1.83,-0.65,-0.36,-4.91,2,0,0
-0.01,1.64,-0.78,0.03,-0.1,-0.61,-1.84,0.35,2,0,0
1.96,1.33,-2.25,-0.09,-3.52,-0.42,-1.41,3.79,2,0,0
-1.78,1.26,1.62,-0.83,1.92,-1.25,-0.48,-1.88,2,0,0
-0.35,2.85,-1.55,-0.68,-0.18,-1.06,-2.56,0.6,2,0,0
-0.97,2.98,-2.32,1.05,1.27,0.39,-1.35,0.68,2,0,0
-0.71,0.18,-2.44,4.14,-1.88,3.99,1.72,2.62,2,0,0
0.21,-0.3,0.2,0.47,1.67,-1.52,-1.31,0.06,2,0,0
0.88,2.16,-2.87,-2.13,-3.55,0.94,0.25,-0.71,2,0,0
-2.53,-0.05,0.6,0.56,-0.31,0.61,-0.8,-2.93,2,0,0
-0.78,-2.85,0.95,2.51,0.41,0.45,0.42,-1.17,2,0,0
1.35,0.06,-2.25,2.47,-0.04,2.27,3.2,2.65,2,0,0
-1.52,3.69,0.18,0.08,-0.62,0.48,-0.94,0.98,2,0,0
1.39,-2.55,0.45,1.5,0.05,1.16,3.2,0.11,2,0,0
-2.15,3.55,-1.26,1.77,-0.12,2.49,0.89,0.97,2,0,0
1.35,-1.67,-1.14,1.13,0.23,-0.24,0.17,0.49,2,0,0
3.66,-4.13,-2.54,2.87,-0.27,2.23,4.18,2.14,2,0,0
-0.45,1.67,-0.44,0.14,0.22,-0.11,-0.01,1.44,2,0,0
0.38,3.02,0.18,-1.88,0.42,-2.81,-3.22,0.71,2,0,0
-0.23,2.24,-1.36,-0.94,-0.83,-0.94,-2.61,-0.15,2,0,0
-2.25,1.22,0.01,-0.19,0.07,0.86,-0.3,-3.76,2,0,0
-0.46,3.66,-1.75,-2.13,-0.65,-1.1,-2.27,0.1,2,0,0
-0.37,0.95,-0.35,1.99,1.36,-0.29,-0.56,1.98,2,0,0
-1.06,1.39,-3.18,4.51,-1.94,4.1,2.08,4.59,2,0,0
0.2,-0.22,-3.3,1.11,-1.26,1.88,0.84,-0.35,2,0,0
1.22,-4.52,-1.23,1.8,-2.68,2.64,3.2,-1.35,2,0,0
1.07,0.32,-1.82,1.87,-0.12,0.79,0.52,2.6,2,0,0
-0.96,4.27,0.32,-1.61,2.27,-1.77,-1.26,0.54,2,0,0
-0.09,-1.78,-0.13,1.55,-0.45,1.05,0.06,-1.97,2,0,0
0.82,-1.58,1.36,0.27,1.47,-1.24,0.47,-0.89,2,0,0
0.26,-1.32,-2.21,3.72,-1.39,3.86,3.44,1.75,2,0,0
0.79,-3.39,0.35,4.21,-0.22,1.39,1.01,1.41,2,0,0
0.37,-1.15,0.73,0.13,0.48,-1.91,-2.03,-0.93,2,0,0
1.27,-0.38,-0.66,0.72,-1.17,-0.02,-0.01,0.55,2,0,0
-0.77,-1.07,0.4,0.88,-0.04,1.82,3.17,-0.39,2,1,1
-0.97,2.04,-0.23,0.11,-0.63,0.93,0.33,0.59,2,0,0
0.31,0.38,-0.67,-1.15,-0.64,-0.03,0.67,-1.01,2,0,0
0.72,0.05,-0.33,-0.82,-3.17,0.34,0.58,0.15,2,0,0
-1.24,1.7,0.69,-4.68,-0.86,-1.69,-0.9,-4.72,2,0,0
0.9,-0.8,2.06,-2.15,1.66,-2.62,-0.06,-2.29,2,0,0
-0.1,-1.8,0.43,-0.98,-2.46,1.64,2.25,-3.75,2,0,0
1.15,1.19,-0.48,-2.69,-0.99,-0.53,1.08,-1.23,2,0,0
0.95,3.55,-5.66,0.19,-3.41,4.11,2.89,2.38,2,0,0
-0.52,0.44,0.69,0.56,1.62,0.41,1.32,-0.64,2,0,0
0.6,1.02,-1.03,-2.21,-2.39,-0.63,-1.24,-1.57,2,0,0
2.11,-3.18,-1.67,0.46,-0.27,1.1,2.81,-1.61,2,0,0
-2.5,0.84,0.56,-0.01,1.19,0.37,-0.06,-2.6,2,0,0
2.08,-2.64,-1.2,0.42,-2.66,-0.38,-1.18,0.09,2,0,0
-0.36,5.26,-2.69,-2.08,0.18,0.26,0.26,1.16,2,0,0
0.93,-0.72,-1.3,-0.32,-2.46,0.3,-0.06,-0.4,2,0,0
1.62,-1.13,1.85,-0.54,-2.41,-0.93,0.18,0.92,2,0,0
0.57,-2.85,-0.74,2.73,-0.78,2.49,2.62,-1.08,2,0,0
-1.12,0.3,1.32,-2.21,-1.05,-2.03,-2.5,-3.28,2,0,0
0.51,1.28,-2.98,-1.32,-3.6,1.98,0.91,-0.96,2,0,0
-1.01,0.96,0.91,-1.81,2.12,-2.38,-2.42,-3.37,2,0,0
0.11,1.32,-0.41,-0.72,0.15,-0.36,-0.09,-0.18,2,0,0
-0.36,1.08,-0.78,1.57,-0.82,1.43,0.61,2.0,2,0,0
-0.61,-2.89,2.27,3.65,-0.05,1.81,3.14,1.77,2,0,0
2.46,-1.38,-5.59,-0.15,-3.5,2.88,2.63,-0.44,2,0,0
0.44,0.82,-2.87,-0.39,-2.37,1.76,0.9,-0.65,2,0,0
0.76,0.6,-0.03,-1.45,-0.3,-0.79,-0.52,-0.92,2,0,0
0.84,-1.62,0.05,0.68,-0.58,-0.26,-0.4,-0.59,2,0,0
-1.99,3.1,-0.96,0.42,1.54,0.98,1.07,0.19,2,0,0
-0.75,2.74,-1.59,-0.26,0.6,0.05,-1.41,-0.29,2,0,0
2.67,-3.71,-1.28,1.89,-3.01,1.77,2.59,1.27,2,0,0
-1.34,-0.23,2.43,1.75,3.5,-1.26,-0.07,0.82,2,0,0
0.38,0.35,-1.74,0.67,-0.26,0.68,0.26,-0.04,2,0,0
1.18,-0.61,-0.98,2.63,0.49,1.02,1.97,3.26,2,0,0
-0.98,-0.4,1.24,1.37,-0.68,0.92,0.83,-0.1,2,0,0
0.55,-0.47,-2.21,1.63,1.92,0.25,-0.23,-0.21,2,0,0
-0.72,0.44,-0.46,2.48,1.03,-0.55,-2.26,1.57,2,0,0
-0.04,3.49,0.29,-1.54,1.63,-1.21,-0.72,0.07,2,0,0
0.13,-1.36,-0.19,1.87,0.96,0.12,-0.02,-0.12,2,0,0
-0.23,-1.12,-0.92,2.55,2.64,1.41,1.88,-0.76,2,0,0
0.41,-0.86,2.4,1.53,1.38,-1.77,-0.97,1.66,2,0,0
0.19,4.09,-0.33,0.41,-0.35,-1.95,-3.14,5.03,2,0,0
1.05,0.54,-0.69,-0.73,-0.59,-0.66,0.41,1.03,2,0,0
0.56,-2.99,-1.0,3.29,-0.62,1.01,-0.14,-0.3,2,0,0
0.09,0.13,1.47,-2.77,0.36,-2.79,-1.45,-3.16,2,0,0
0.8,3.39,-1.79,-2.75,-0.66,-1.23,-1.93,-0.56,2,0,0
-0.59,3.06,-0.94,-2.05,0.83,-1.31,-1.49,-1.43,2,0,0
-2.5,0.79,0.52,0.97,-0.87,0.03,-2.25,-1.23,2,0,0
-0.98,-0.17,3.21,2.92,4.42,-2.67,-2.49,1.83,2,0,0
0.42,0.42,-1.29,1.72,-1.05,1.34,0.96,2.27,2,0,0
1.54,-2.02,-0.63,0.46,-0.24,-1.19,-1.11,-0.74,2,0,0
0.12,-3.15,0.32,2.06,0.71,0.06,-0.39,-1.57,2,0,0
-0.56,1.11,-0.16,2.36,0.48,0.21,-0.75,2.53,2,0,0
-0.94,1.54,0.21,-0.84,2.3,-1.56,-1.82,-1.9,2,0,0
-1.31,-1.55,4.35,0.3,2.72,-2.81,-1.51,-2.39,2,0,0
1.16,1.39,-2.93,1.97,-0.26,2.0,2.0,3.23,2,0,0
0.5,0.71,-0.37,-1.27,-0.38,-1.27,-0.71,0.01,2,0,0
0.76,-0.95,-0.11,1.63,0.71,0.43,1.61,1.33,2,0,0
-0.6,-0.16,-1.22,4.19,0.53,3.47,3.92,4.01,2,0,0
-1.59,2.04,-1.56,0.69,-0.82,1.4,-0.28,-0.34,2,0,0
-1.83,3.56,-1.27,1.11,-0.97,1.35,-1.22,1.29,2,0,0
0.25,1.68,-2.14,1.0,-0.76,1.08,0.14,2.11,2,0,0
0.14,-0.87,-0.31,0.77,-0.88,1.36,1.99,-0.09,2,0,0
0.29,0.41,0.04,1.05,-1.0,0.53,0.2,1.59,2,0,0
-1.19,2.23,-1.11,-1.79,-4.73,2.26,1.23,-1.41,2,0,0
-0.82,2.59,1.04,-0.02,1.9,-1.02,-0.43,1.2,2,0,0
-0.85,1.67,2.74,-2.2,0.73,-2.92,-3.0,-2.45,2,0,0
-1.31,0.05,-2.8,2.05,-2.12,3.8,1.7,-0.64,2,0,0
-0.3,1.64,-0.11,-2.72,0.7,-2.43,-1.86,-1.19,2,0,0
0.43,0.64,-0.18,-0.51,-0.93,0.11,0.41,-0.22,2,0,0
-0.77,2.82,-1.74,-0.55,0.57,0.34,0.05,-0.13,2,0,0
-1.87,-0.84,1.8,-0.13,-0.26,-0.89,-2.26,-3.53,2,0,0
-1.16,-1.84,1.34,1.03,0.46,0.64,1.38,-1.67,2,0,0
-1.7,2.42,0.11,0.09,-0.47,1.6,1.37,-0.15,2,0,0
0.45,0.99,-0.06,-2.28,0.75,-1.47,-0.16,-1.17,2,0,0
0.0,0.35,-0.66,2.45,0.3,1.03,1.67,2.84,2,0,0
-2.39,0.37,0.59,2.2,-0.82,2.47,1.72,0.45,2,0,0
-1.58,-0.1,-0.51,1.3,0.89,0.63,-0.39,-1.92,2,0,0
0.9,2.15,0.97,-3.48,-0.95,-2.88,-2.6,-0.99,2,0,0
-0.16,-1.49,1.2,0.5,2.6,-1.48,-1.14,-3.06,2,0,0
2.88,-2.72,-0.28,0.66,-1.18,0.24,2.07,0.84,2,0,0
0.71,0.1,-1.58,1.04,-2.72,2.25,1.51,0.81,2,0,0
1.05,-4.85,1.42,0.45,-0.37,-0.18,1.55,-2.91,2,0,0
0.03,2.91,-2.99,0.47,-1.6,1.91,0.85,1.66,2,0,0
0.72,-1.18,-0.69,0.28,-1.46,0.42,0.87,-0.75,2,0,0
-0.15,-0.67,-1.22,2.39,-0.81,0.61,-1.34,0.64,2,0,0
0.04,0.26,0.41,-2.47,-0.29,-1.45,-1.08,-3.24,2,0,0
2.56,-1.19,-3.18,3.11,-3.11,3.01,2.95,4.08,2,0,0
0.87,0.75,-0.31,-0.45,-0.15,-1.51,-1.29,1.04,2,0,0
-2.84,1.45,-0.81,3.5,0.29,2.57,-0.12,0.76,2,0,0
-0.53,-1.78,-0.49,0.77,-1.52,2.2,2.1,-2.36,2,0,0
0.52,0.56,1.47,0.03,1.05,-1.42,-0.25,0.37,2,0,0
-1.02,1.0,-1.86,1.79,-1.2,1.64,-0.55,0.66,2,0,0
-2.76,0.59,0.11,2.84,1.77,1.56,0.7,-0.01,2,0,0
1.56,-1.01,-0.16,0.54,0.63,-1.12,-0.14,1.13,2,0,0
-1.88,2.62,-1.38,2.07,1.61,1.78,1.24,0.87,2,0,0
0.62,1.08,-1.56,-1.42,-1.17,0.73,1.42,-0.77,2,0,0
-1.67,3.07,-2.67,0.32,-1.12,2.84,1.2,-0.1,2,0,0
1.19,-0.48,-0.42,0.27,0.38,-0.75,0.29,0.46,2,0,0
0.63,1.12,-1.51,1.33,-0.45,1.12,0.82,1.82,2,0,0
0.04,-0.25,-0.48,-0.65,-0.68,-0.41,-0.62,-2.09,2,0,0
-1.48,1.53,-0.39,0.27,-1.08,0.42,-2.18,-1.56,2,0,0
0.01,0.9,0.15,0.87,-0.98,0.79,1.09,1.75,2,0,0
-1.36,1.4,2.59,0.79,3.35,-2.68,-3.47,0.34,2,0,0
-0.47,3.82,-0.41,-3.98,-2.4,-1.24,-2.39,-2.46,2,0,0
-0.0,2.27,0.49,-0.25,4.13,-3.09,-2.57,0.02,2,0,0
0.73,-0.25,1.35,-0.84,0.22,-0.88,1.15,0.29,2,0,0
1.23,1.08,-1.55,-1.39,-1.27,0.36,1.03,0.08,2,0,0
0.2,-0.55,2.34,-0.73,0.75,-1.91,-0.75,-1.38,2,0,0
-0.83,0.86,0.95,0.21,2.45,-1.56,-1.03,-0.51,2,0,0
0.71,1.78,-3.4,0.7,-0.33,1.12,0.54,1.92,2,0,0
-0.97,2.46,-1.18,1.85,0.23,2.38,2.73,2.88,2,0,0
-0.38,-0.51,1.14,-1.69,1.56,-2.95,-2.86,-3.61,2,0,0
0.98,0.57,-2.28,-0.89,-3.34,0.6,-0.54,0.34,2,0,0
0.85,1.59,-1.29,-2.12,-1.79,-0.73,-1.22,-0.69,2,0,0
-1.48,1.09,0.79,-0.03,0.58,-0.73,-2.22,-1.96,2,0,0
-0.75,1.68,-1.99,3.71,-1.8,2.03,-0.78,3.61,2,0,0
1.74,0.23,0.76,-0.89,1.52,-2.81,-1.96,0.33,2,0,0
-0.64,0.59,0.38,-2.39,-0.57,-0.7,-0.39,-3.41,2,0,0
0.07,3.65,-2.06,0.94,0.64,0.49,0.13,4.0,2,0,0
-0.06,0.67,-0.61,-0.63,-2.28,1.18,1.72,0.35,2,0,0
-0.75,0.39,1.59,0.39,1.35,-0.55,0.54,0.6,2,0,0
1.19,-6.02,2.73,1.55,0.69,0.16,3.07,-2.69,2,0,0
-2.23,2.22,-0.24,-0.72,2.79,-0.42,-1.04,-3.52,2,0,0
-0.3,-0.99,1.47,1.3,0.78,-0.59,-0.71,-0.53,2,0,0
-0.03,-1.74,-1.83,4.13,-1.57,3.53,1.85,0.26,2,0,0
-0.73,1.02,-0.73,0.84,-1.72,1.26,0.61,1.08,2,0,0
-0.51,-2.49,-0.28,1.36,-0.08,1.17,0.87,-3.5,2,0,0
0.27,0.62,1.39,-3.82,-0.77,-2.53,-1.93,-3.73,2,0,0
-1.95,3.49,-0.55,0.93,-0.1,-0.41,-3.11,1.18,2,0,0
-0.69,0.32,0.05,-1.61,-0.86,0.25,0.29,-2.87,2,0,0
-0.76,1.95,-1.75,1.88,-0.28,2.44,1.31,0.57,2,0,0
-1.1,-3.13,2.1,0.6,0.89,-0.16,0.38,-4.41,2,0,0
0.9,-4.94,1.89,2.12,-0.79,-0.23,-0.31,-1.48,2,0,0
-0.74,-1.21,-0.65,1.51,0.33,1.39,1.29,-1.8,2,0,0
0.71,1.55,-1.04,1.5,0.27,-0.48,-1.51,2.41,2,0,0
0.11,-0.71,-1.78,2.22,-0.57,3.08,3.74,1.5,2,0,0
1.57,-0.1,-2.91,-0.55,-4.39,1.78,1.04,0.35,2,0,0
0.57,-1.39,3.25,-1.99,-0.93,-1.39,0.57,-2.56,2,0,0
2.04,1.07,-5.04,-1.55,-3.0,2.59,3.08,0.02,2,0,0
-0.66,-0.47,-0.62,0.92,-1.07,1.14,0.2,-1.04,2,0,0
0.67,-1.36,-1.15,2.26,0.94,1.19,2.42,2.08,2,0,0
1.39,-3.11,2.03,1.32,1.18,-1.64,-0.46,-0.14,2,0,0
2.01,-4.29,-0.86,2.29,-2.02,1.37,2.09,0.22,2,0,0
-0.38,3.35,-1.29,-1.42,1.03,-0.26,0.41,0.33,2,0,0
-1.43,3.79,-2.52,2.01,0.95,1.01,-1.47,1.84,2,0,0
0.15,-1.25,4.0,-0.22,2.6,-3.91,-2.64,-0.84,2,0,0
0.94,0.87,-1.17,-1.53,-3.56,0.67,0.65,0.35,2,0,0
-0.96,1.5,0.03,-0.2,0.74,-0.66,-1.47,-1.12,2,0,0
-1.1,-0.88,-0.0,-0.48,-1.94,1.85,2.28,-2.26,2,0,0
-1.0,-0.03,2.02,1.03,1.95,-1.55,-1.73,-0.56,2,0,0
-0.53,-0.73,0.94,0.48,0.94,-0.88,-0.98,-1.63,2,0,0
-1.11,2.48,1.64,3.34,0.2,-0.72,0.28,1.89,3,0,0
2.4,0.58,-3.61,-1.6,1.21,2.66,2.31,1.19,3,1,1
2.94,0.87,0.81,-2.13,-2.07,0.73,-2.65,1.76,3,0,0
-1.13,-0.1,-0.11,2.87,-1.11,0.88,0.33,-0.23,3,0,0
-0.2,0.9,0.8,0.04,1.66,0.61,-0.51,-0.42,3,0,0
0.9,0.3,-0.35,0.19,0.65,1.14,-0.09,0.74,3,0,0
0.96,0.28,-0.19,-2.0,-0.21,0.06,-1.84,2.18,3,0,0
4.35,-2.79,-2.28,-3.07,2.4,-0.71,-1.39,1.26,3,0,0
-0.91,2.29,0.96,2.37,-0.41,-0.99,-1.17,0.87,3,0,0
-0.22,-1.2,0.68,0.17,2.73,-1.15,-0.23,-2.78,3,0,0
2.33,0.42,1.76,-2.31,3.19,-0.28,-1.38,-3.55,3,0,0
-1.41,-0.96,-0.57,-0.5,-1.16,-0.88,-1.04,-0.18,3,0,0
1.9,-0.74,-2.05,-2.51,0.94,1.24,-0.32,1.61,3,0,0
-0.61,-1.45,-0.6,0.43,0.61,1.47,-0.83,-2.08,3,0,0
-2.96,2.0,3.52,2.09,-1.5,-2.06,-1.27,-2.54,3,0,0
0.63,-0.62,-1.09,0.47,-2.98,-0.12,0.39,0.72,3,0,0
-1.68,0.25,-0.37,2.2,-1.84,-1.17,-0.81,1.33,3,0,0
0.02,4.53,2.41,2.17,-0.75,-1.12,0.12,-0.61,3,0,0
0.14,-2.55,1.3,0.28,-2.83,-2.16,-0.92,-3.5,3,0,0
-0.88,0.88,-0.73,-0.5,0.5,0.16,0.57,-0.58,3,0,0
3.91,2.24,2.39,-3.04,-0.94,-0.82,-4.74,3.6,3,0,0
0.4,-2.27,-0.86,-0.8,0.1,-0.39,-0.53,-1.48,3,0,0
2.45,1.59,-0.52,-1.38,-0.88,0.73,-0.27,1.8,3,0,0
-1.17,-1.03,0.83,2.66,-0.97,-1.88,-1.04,-0.45,3,0,0
-1.72,2.22,-1.2,-0.84,-1.24,-0.06,-0.88,3.65,3,0,0
-1.13,-3.09,-1.57,2.62,2.09,-0.27,2.46,-3.2,3,0,0
-2.34,-0.14,2.48,3.31,-2.33,-4.11,-1.06,-2.78,3,0,0
0.68,-0.88,0.1,0.41,-1.67,0.13,-1.26,-1.79,3,0,0
2.64,3.71,0.99,-0.18,-4.28,-1.86,-1.6,1.97,3,0,0
2.15,-1.35,-3.04,-2.64,2.06,2.73,0.8,0.88,3,0,0
2.55,-1.78,-1.87,-0.2,1.83,1.25,1.98,-1.1,3,0,0
2.82,5.68,0.41,-2.14,-1.47,0.46,-2.22,3.15,3,0,0
-1.04,-0.8,0.05,2.49,-1.78,-1.58,-0.13,-0.25,3,0,0
1.2,-0.41,0.88,-1.46,-1.78,-1.35,-2.4,-0.6,3,0,0
0.05,0.2,-1.23,-1.24,-0.02,0.39,-0.38,0.8,3,0,0
-1.96,1.78,-0.36,3.45,-0.28,-0.34,2.28,-0.73,3,1,1
-0.95,0.97,1.3,0.57,-1.03,-1.63,-1.37,-1.51,3,0,0
-0.1,0.83,-2.46,1.03,1.0,0.07,1.72,-0.06,3,0,0
1.71,1.66,3.48,0.04,-0.09,-2.88,-2.01,-2.12,3,0,0
-0.88,-0.27,-2.39,3.51,2.22,2.4,3.04,1.43,3,0,0
0.18,-0.98,-1.36,1.79,-0.3,-0.14,1.43,0.61,3,0,0
-0.49,1.45,0.01,-0.7,0.53,-0.22,0.43,-2.06,3,0,0
0.45,0.31,-0.92,-0.41,-0.26,-0.68,0.77,-0.49,3,0,0
-2.55,0.82,-0.21,4.22,-1.91,-1.03,1.88,0.05,3,0,0
0.92,0.91,-0.37,0.03,2.51,0.49,0.99,-1.0,3,0,0
-0.33,-0.35,-1.66,2.94,-1.34,0.36,2.57,1.02,3,0,0
0.24,0.02,-2.74,2.23,3.61,0.26,2.4,2.01,3,0,0
1.88,2.41,-0.72,-1.62,1.53,0.64,0.05,1.89,3,0,0
2.92,0.96,-1.03,-0.55,-1.17,0.46,0.89,1.15,3,0,0
1.67,0.38,3.24,1.2,-1.4,-0.78,0.49,-2.78,3,0,0
-2.73,0.42,2.12,2.32,-2.84,-2.73,-1.44,-1.8,3,0,0
0.71,2.21,0.13,1.61,0.23,-0.48,0.34,1.19,3,0,0
0.96,-0.64,-0.95,1.28,-1.65,-0.49,-0.09,0.36,3,0,0
0.78,1.02,-0.35,-0.87,0.55,1.42,1.24,-0.79,3,0,0
2.79,-1.91,-1.11,-1.35,0.66,-0.29,-1.33,0.14,3,0,0
0.78,1.19,1.53,1.68,-1.49,-0.81,0.24,-0.86,3,1,1
0.73,1.22,2.15,0.94,-4.75,-2.24,-2.33,-0.62,3,0,0
-0.18,-1.0,0.16,0.54,0.14,-1.88,-1.32,1.43,3,1,1
-0.01,1.67,1.43,1.3,-4.11,-1.37,-1.3,-0.57,3,0,0
1.26,-1.06,-0.06,-1.42,-1.56,-0.61,-0.73,-0.17,3,0,0
-1.51,2.39,3.02,3.49,-1.67,-3.26,-1.17,-3.32,3,0,0
-0.24,-2.74,-1.1,-0.02,-2.06,-1.11,-1.81,0.49,3,1,1
-1.13,-3.24,-5.07,2.62,2.38,1.84,4.74,-0.98,3,0,0
2.28,-0.15,-0.74,-0.07,-0.84,-0.5,-0.9,1.77,3,0,0
-2.23,0.84,-1.65,1.91,0.06,0.19,0.74,-0.26,3,0,0
-1.33,0.65,-2.53,0.61,-0.1,0.58,-0.27,2.6,3,0,0
0.21,3.18,0.62,2.3,-1.51,-0.9,-0.03,0.91,3,0,0
1.16,1.18,-1.35,-0.14,0.9,1.34,0.26,2.2,3,0,0
1.43,1.38,-0.46,-1.09,-0.88,0.24,-3.01,5.31,3,0,0
2.66,1.01,-2.72,-1.75,-0.04,2.55,0.04,3.0,3,0,0
-0.04,-0.98,-2.44,1.85,-0.12,0.27,1.92,-0.66,3,0,0
0.15,1.47,0.42,0.86,0.21,0.21,0.67,-0.56,3,0,0
-2.36,-2.71,0.86,3.06,-1.64,-1.36,-1.41,-1.09,3,0,0
1.83,0.01,1.07,-1.43,-2.73,-1.62,-3.53,0.49,3,0,0
0.06,1.07,0.69,1.78,-1.37,-0.86,0.59,-0.41,3,0,0
2.37,0.23,-4.06,-1.78,0.45,3.01,-0.17,3.96,3,0,0
0.52,2.23,-1.03,-0.44,-1.37,0.92,-0.96,3.25,3,0,0
1.84,1.37,0.45,-1.35,-0.73,-0.52,-0.18,1.49,3,0,0
0.69,0.86,-2.32,-3.06,1.13,1.14,0.52,0.9,3,0,0
0.94,-3.01,-2.63,-0.15,-0.29,-0.34,-1.06,1.46,3,0,0
0.86,1.79,-0.26,-0.76,1.71,0.84,-1.04,1.82,3,0,0
1.85,4.48,2.51,0.15,-2.72,-1.36,-0.09,-0.45,3,0,0
0.26,2.34,-1.03,-0.55,-1.5,0.39,0.29,-0.18,3,0,0
-0.74,2.99,2.28,1.38,-4.12,-2.22,-2.44,2.0,3,0,0
1.53,1.18,-1.4,-2.63,0.06,1.96,0.27,2.8,3,0,0
3.67,1.4,-1.17,-0.89,-0.17,0.59,0.47,1.46,3,0,0
-2.26,-0.95,-0.24,1.19,-1.01,-0.04,1.12,-0.78,3,0,0
3.72,0.72,-3.31,-4.55,4.44,3.18,-0.19,2.3,3,0,0
-0.77,1.66,-0.36,-0.3,0.26,0.21,0.33,1.59,3,0,0
1.2,0.48,-0.03,-0.06,-0.97,-1.49,-0.23,0.56,3,0,0
2.15,2.92,2.13,-0.33,-0.92,-0.46,-1.68,0.68,3,0,0
2.05,2.0,-0.71,-1.45,-1.12,0.15,-0.48,1.85,3,0,0
-1.0,-0.06,2.14,1.11,-1.6,-1.68,-1.31,-0.84,3,0,0
-2.13,3.88,0.28,2.11,-0.46,-0.22,1.03,1.55,3,0,0
1.11,-0.38,0.01,0.46,-1.4,-0.57,0.3,-0.35,3,0,0
-0.77,1.84,-0.5,0.51,0.44,0.18,-0.44,1.77,3,0,0
0.84,1.01,-2.03,0.25,0.19,0.5,-0.88,4.27,3,0,0
-1.2,2.07,0.22,1.98,0.32,-1.67,2.37,-1.66,3,0,0
0.21,-1.75,-4.12,-1.51,1.81,1.7,1.63,2.25,3,0,0
-0.02,2.77,0.09,-1.53,-0.83,0.57,-0.56,0.25,3,0,0
0.36,-2.28,-0.66,1.12,-0.07,-1.91,-0.38,-0.16,3,0,0
1.03,2.25,-0.67,0.35,0.75,-0.66,0.42,1.6,3,0,0
0.78,3.79,1.79,0.54,-1.78,-1.17,-0.85,1.26,3,0,0
0.21,-1.57,0.19,1.26,-1.98,-2.44,-1.39,-0.87,3,0,0
0.13,3.21,-0.78,-0.19,-1.44,0.57,0.86,1.82,3,0,0
-0.22,1.15,-1.05,0.79,0.41,1.32,-0.48,1.7,3,0,0
2.26,0.9,-3.28,-2.6,3.51,2.65,1.53,0.59,3,0,0
0.16,0.19,-1.79,0.18,-0.51,-0.49,-0.83,3.01,3,0,0
0.43,2.63,0.38,1.68,-0.57,-0.18,-0.63,2.27,3,0,0
1.26,-1.81,-1.77,-3.11,0.79,1.19,-1.75,0.43,3,0,0
-0.38,0.58,-0.39,0.7,-1.76,-0.19,0.1,2.15,3,0,0
0.29,0.27,-2.28,-0.63,0.17,1.26,0.94,1.29,3,0,0
2.22,2.92,0.3,-0.75,0.62,-0.68,1.11,0.33,3,0,0
1.49,0.32,-2.29,-1.51,1.86,0.46,-0.13,2.26,3,0,0
1.91,0.66,0.11,0.55,0.11,-1.12,-2.95,2.96,3,0,0
-1.15,0.42,-1.21,0.32,2.68,1.25,-0.64,0.73,3,0,0
0.25,1.63,-2.51,-2.84,3.7,1.57,0.18,1.19,3,0,0
-1.38,1.77,0.46,1.36,-0.11,0.0,0.19,0.2,3,0,0
-0.59,1.92,0.36,0.01,-2.59,0.39,0.11,0.8,3,0,0
-0.42,2.4,-0.26,0.42,-0.75,-0.21,-0.47,2.34,3,0,0
-2.75,0.97,1.08,0.09,-2.74,-1.86,-1.96,1.98,3,0,0
-2.28,-0.4,1.4,2.03,-2.72,-1.82,-0.53,-2.02,3,0,0
-0.08,1.31,1.3,0.51,-0.68,-0.45,-1.19,-0.64,3,0,0
1.41,1.56,-3.43,0.66,1.41,2.22,3.74,1.36,3,0,0
-1.27,-0.0,-0.99,2.04,2.44,-0.37,2.51,-1.25,3,0,0
-2.14,1.45,1.41,3.81,-0.47,-0.23,1.06,-0.23,3,0,0
-0.78,1.54,0.26,1.84,-0.94,-1.55,-0.19,1.16,3,0,0
-1.41,-0.47,-0.33,0.76,0.65,-1.04,1.11,-0.94,3,0,0
1.68,1.79,0.2,-0.22,0.16,-0.34,1.48,-1.9,3,0,0
1.13,-3.47,-2.41,0.57,1.48,0.57,1.15,-0.6,3,0,0
2.62,-1.17,-0.64,-0.37,3.76,-1.13,0.47,-1.96,3,0,0
0.78,1.3,1.92,0.63,-1.88,-1.28,-2.66,1.12,3,0,0
1.73,-1.21,-1.21,-0.66,0.74,-0.15,-0.49,1.06,3,0,0
-0.82,2.93,3.95,1.15,-2.09,-2.86,-1.56,-1.97,3,0,0
-0.07,2.49,0.32,0.58,-0.5,-0.77,-0.58,1.18,3,0,0
0.8,0.82,-0.16,0.33,-1.65,0.43,1.01,-0.46,3,0,0
-1.25,1.49,0.92,1.01,-2.68,-1.33,1.08,-0.16,3,0,0
-0.8,1.05,-0.75,0.17,1.18,0.87,0.36,-0.22,3,0,0
-2.33,-0.67,1.06,3.23,0.56,-1.51,1.08,-1.4,3,0,0
-0.79,1.94,1.19,1.24,-2.68,0.28,0.45,-0.68,3,0,0
1.49,-2.5,-1.94,-1.52,1.89,-0.07,-0.71,0.4,3,0,0
1.76,1.08,0.34,-1.78,0.55,0.06,-0.89,1.14,3,0,0
-0.86,0.68,-1.6,-0.54,-1.19,1.12,-0.3,1.28,3,0,0
0.89,0.44,-0.5,0.77,-0.9,-0.32,1.25,-0.21,3,0,0
1.98,-1.06,-2.27,-0.53,3.72,1.01,0.95,3.09,3,0,0
0.27,0.3,-2.51,1.5,-1.25,1.24,1.01,1.99,3,0,0
1.0,0.63,-3.6,-0.37,0.2,1.64,1.1,4.34,3,0,0
-0.38,0.33,-2.49,0.31,-0.09,1.15,0.02,2.23,3,0,0
0.01,-3.47,-2.0,1.62,1.83,-0.87,1.81,-1.95,3,0,0
-1.2,1.76,2.04,2.29,-5.02,-1.37,1.08,-1.52,3,0,0
0.58,2.02,-0.71,-1.28,-1.7,1.47,-1.17,2.37,3,1,1
-3.03,1.05,1.07,1.32,-2.77,-1.98,-0.92,-0.43,3,0,0
-2.16,-1.19,-2.05,2.27,0.16,-1.0,1.1,0.53,3,0,0
-1.53,2.04,0.41,3.65,-1.42,0.06,-0.04,1.99,3,0,0
0.32,0.49,0.41,1.54,0.43,0.51,1.69,-1.23,3,0,0
-2.22,3.46,-0.11,2.59,-2.42,0.77,3.19,-0.48,3,0,0
2.51,1.07,-2.18,-2.58,4.14,2.64,0.96,0.53,3,0,0
-0.75,3.43,1.68,1.72,-1.46,-1.7,0.96,0.6,3,0,0
-0.89,-2.61,-2.49,2.18,-0.85,0.2,-1.19,2.32,3,0,0
-1.15,2.89,0.97,1.05,-0.71,-0.15,0.7,0.72,3,0,0
3.74,0.23,-2.69,-2.72,1.97,1.32,1.31,1.76,3,0,0
2.2,-1.03,-6.29,-2.7,1.34,2.94,1.41,4.32,3,0,0
-0.36,-2.81,-0.37,-0.59,-2.37,-1.23,-1.19,0.37,3,0,0
-3.13,0.73,1.37,3.76,-4.49,-3.63,-0.96,1.64,3,0,0
3.69,-0.69,-0.81,-4.68,0.51,0.57,-2.07,0.62,3,0,0
0.12,-1.53,1.4,0.38,0.18,-1.87,-2.58,-1.82,3,0,0
0.25,0.12,-3.21,1.3,-0.94,-0.41,0.45,3.08,3,0,0
0.13,-1.05,-1.56,0.31,0.9,0.08,-1.31,-0.34,3,0,0
0.45,2.7,1.33,0.73,0.41,-0.71,-1.39,-0.18,3,0,0
0.74,2.32,1.49,0.37,-0.93,-2.38,0.13,-0.75,3,0,0
-1.18,2.62,1.05,2.29,-4.85,-0.34,0.46,0.95,3,0,0
0.73,0.18,-1.32,-1.97,-1.09,-0.18,-1.36,4.35,3,0,0
0.86,1.19,0.59,0.88,0.48,-0.5,-0.49,-0.25,3,0,0
0.19,1.08,1.5,1.81,-1.31,-0.24,0.15,-0.13,3,0,0
-0.96,0.22,0.58,-0.62,0.01,-0.51,-2.06,-1.23,3,0,0
3.59,0.47,-0.56,-1.35,0.71,0.57,-2.42,0.24,3,0,0
4.57,2.72,-0.01,-3.81,1.71,1.27,-0.5,-0.06,3,0,0
-2.14,1.7,-1.98,2.79,-1.34,0.15,1.87,1.27,3,0,0
-0.05,2.03,0.26,2.07,-0.85,0.08,1.28,0.75,3,1,1
0.39,2.56,0.37,0.49,0.73,0.1,0.31,-0.21,3,0,0
-1.58,-0.13,1.12,0.84,-3.3,-0.9,-0.98,-0.56,3,0,0
0.31,2.32,0.26,1.43,1.46,-0.32,2.55,-0.47,3,0,0
-1.29,1.58,0.32,2.57,-0.2,-1.25,0.83,-0.51,3,0,0
0.08,-1.15,-1.34,-0.04,0.03,-0.6,0.72,-0.27,3,0,0
-0.05,1.23,-1.55,2.24,0.75,0.45,0.54,2.79,3,0,0
0.9,1.61,-1.25,-0.24,0.05,1.22,0.9,1.52,3,0,0
0.18,2.39,2.1,0.69,-1.42,-2.02,-1.14,-0.98,3,0,0
-0.32,-1.79,-2.31,1.75,1.87,-0.26,0.96,0.69,3,0,0
-1.32,0.13,-0.47,0.95,-0.74,-0.22,0.56,-2.58,3,0,0
-0.48,-1.98,-0.31,2.1,-0.0,-0.88,0.88,-2.44,3,0,0
-0.43,-0.82,2.16,0.91,-1.86,-3.18,-2.77,-1.37,3,0,0
-0.78,-1.92,-2.19,1.14,-0.6,-0.26,0.11,0.03,3,0,0
-0.26,1.72,-1.22,1.69,-1.29,-0.0,1.14,3.06,3,0,0
-1.46,-0.44,1.08,3.18,-0.93,-1.51,-0.04,-0.7,3,0,0
-0.13,1.19,0.37,0.56,-2.84,-1.06,-0.9,0.74,3,0,0
1.69,0.18,-3.43,-0.94,1.1,1.51,0.72,3.74,3,0,0
-0.71,5.92,1.38,2.31,0.37,-0.01,2.26,1.66,3,0,0
0.35,3.05,0.04,0.46,-0.0,-0.72,-0.26,0.69,3,0,0
1.59,0.73,-1.5,-2.35,1.42,1.79,-0.82,1.63,3,0,0
0.77,3.02,-0.07,1.11,1.64,-0.5,2.21,-0.52,3,0,0
-1.55,-0.68,-1.5,1.88,0.51,-0.54,-0.13,0.13,3,0,0
-1.3,1.21,0.72,3.01,-1.37,-2.31,0.31,-1.36,3,0,0
-0.13,-2.87,-0.87,1.38,1.71,-0.45,1.47,-4.03,3,0,0
-1.57,1.36,0.16,1.43,-2.31,-0.57,0.78,-1.47,3,0,0
-0.39,3.3,2.29,0.51,-1.19,-1.68,-1.2,-1.04,3,0,0
0.08,-0.04,-2.03,-0.01,1.01,1.46,-0.4,1.14,3,0,0
1.06,0.51,-0.0,0.7,-0.48,-0.4,-0.72,0.91,3,0,0
1.02,0.68,0.45,-1.19,0.79,0.07,-1.2,-0.65,3,0,0
-0.07,-1.44,-2.38,0.78,1.94,0.28,1.93,1.56,3,0,0
-1.49,0.61,-1.14,2.15,-2.32,-0.6,0.63,0.22,3,0,0
1.72,-0.91,-1.86,0.01,0.51,0.07,1.71,0.98,3,0,0
-1.15,-3.24,-0.44,2.66,1.73,-0.86,0.33,-1.84,3,0,0
0.68,0.41,-1.58,-0.47,-0.48,0.76,1.27,-0.49,3,0,0
-0.75,5.37,1.52,0.47,-2.48,0.34,-1.46,4.16,3,0,0
-1.5,-0.46,-0.05,1.06,-1.67,-1.35,-0.35,1.14,3,0,0
-0.94,-1.15,0.01,2.61,-0.23,-0.39,2.39,-3.21,3,0,0
0.0,-0.91,-0.79,-0.58,0.02,0.16,0.0,-0.72,3,0,0
3.35,5.52,2.43,-1.55,0.07,0.45,-2.54,4.07,3,0,0
-1.24,1.87,5.26,1.05,-3.76,-4.45,-1.97,-4.19,3,0,0
-0.71,-0.68,1.42,1.07,-1.52,-2.14,0.37,-2.91,3,0,0
-1.18,0.32,0.18,1.28,-0.06,-0.48,-0.02,-0.61,3,0,0
-0.3,0.63,-2.6,0.22,0.68,1.21,1.48,1.7,3,0,0
-1.32,-0.24,-1.01,0.74,1.12,0.04,0.06,-0.42,3,0,0
-0.38,-0.41,-3.18,-2.61,0.86,2.53,0.47,-0.31,3,0,0
-1.88,1.33,-1.25,3.41,-1.31,-1.17,1.2,1.9,3,0,0
-1.78,-2.36,-1.16,2.36,-1.72,-0.69,0.71,-2.09,3,0,0
0.46,1.44,-0.72,0.41,-1.08,0.18,0.53,1.67,3,0,0
2.84,1.29,-1.07,-1.55,2.74,0.38,0.16,-0.05,3,0,0
-0.23,0.83,-0.69,1.64,0.69,-0.2,0.98,0.74,3,0,0
3.12,3.3,-0.21,-2.2,-0.13,1.27,-0.73,2.4,3,0,0
0.09,-0.38,-4.81,0.74,3.04,2.2,0.87,3.01,3,0,0
2.32,-0.96,-2.57,-1.06,2.76,0.03,0.96,0.13,3,0,0
0.97,-1.04,-0.62,-0.81,-1.61,-0.01,-1.33,1.88,3,0,0
0.68,0.81,-0.02,1.41,2.29,0.13,2.21,-1.79,3,0,0
1.51,-1.03,-5.03,-3.68,2.81,3.55,-0.41,2.9,3,0,0
-2.35,1.8,1.98,2.1,-0.67,-2.17,-0.31,-0.51,3,0,0
-2.43,4.22,3.77,2.73,-3.55,-3.05,-1.39,-1.89,3,0,0
0.67,3.47,3.13,0.91,-1.02,-2.75,-2.27,0.35,3,0,0
1.43,-1.99,-2.84,-1.96,-1.67,1.69,-1.74,2.09,3,0,0
-2.17,1.75,3.15,3.04,-1.59,-3.31,1.39,-3.33,3,0,0
0.33,-5.09,-3.25,-0.33,2.35,0.89,-0.34,-1.07,3,0,0
1.07,-3.39,-4.49,-1.55,-0.68,0.28,0.41,2.04,3,0,0
-0.26,-0.53,-1.01,1.63,2.42,0.77,1.43,0.38,3,0,0
2.71,-0.16,-2.45,-2.78,3.24,1.7,0.05,0.96,3,0,0
0.47,-1.31,-3.29,0.26,0.04,0.87,1.57,2.33,3,0,0
-0.94,-0.34,-0.38,1.76,-1.77,-0.13,0.87,-1.81,3,0,0
-0.18,1.05,0.64,1.01,-1.55,-1.96,0.02,0.17,3,0,0
-0.74,-0.46,-0.7,-0.22,-1.24,-0.07,-0.19,-1.03,3,0,0
1.55,3.7,0.12,-0.47,1.73,1.74,-0.15,0.85,3,0,0
0.26,2.18,-0.45,0.9,0.7,0.92,1.77,-0.36,3,0,0
1.67,0.94,0.46,-0.01,-1.6,-1.2,0.02,0.96,3,0,0
0.27,0.13,-1.46,1.05,-1.52,-0.09,-0.33,2.16,3,0,0
1.88,0.98,0.4,-0.88,0.74,0.63,-1.81,-1.14,3,0,0
0.3,0.97,-0.67,-0.39,1.13,-1.01,0.42,-0.19,3,0,0
0.34,-1.32,-3.22,-1.46,0.56,0.48,0.23,1.71,3,0,0
0.97,0.09,0.21,-0.57,1.1,0.81,-1.74,1.13,3,0,0
0.6,-1.14,-1.35,2.4,-1.21,0.17,2.2,-0.47,3,0,0
3.8,3.08,0.09,-0.75,-0.96,0.73,-0.39,2.06,3,0,0
0.04,0.72,-0.3,-1.66,-0.88,1.67,0.19,-0.4,3,0,0
-0.39,1.77,0.37,1.7,-0.93,-1.54,0.24,0.25,3,0,0
3.08,3.98,1.35,-2.38,-2.45,-0.93,-0.79,2.82,3,0,0
1.16,1.61,-0.31,0.97,-1.05,-0.16,-0.03,2.55,3,0,0
-1.02,3.28,-0.59,1.63,-0.47,1.27,1.4,0.49,3,0,0
1.85,0.12,1.86,-0.74,-1.09,-1.87,-2.21,-0.93,3,0,0
3.34,-0.7,-3.83,-3.65,2.85,1.19,-0.29,0.26,3,0,0
1.52,-1.0,-2.28,0.31,1.49,1.83,1.09,-0.33,3,0,0
3.27,3.4,1.73,-2.33,-0.94,-0.87,-2.57,3.35,3,0,0
0.27,-3.88,-2.34,-0.83,-0.64,-0.67,-0.87,-0.1,3,0,0
0.88,2.66,-0.41,0.3,-0.92,0.22,-0.25,3.89,3,0,0
-1.04,0.01,-1.09,0.88,-0.75,-1.12,0.7,-0.88,3,0,0
-1.32,7.25,1.16,1.89,-0.05,0.53,1.17,1.6,3,0,0
1.72,3.28,-2.65,0.21,1.33,1.27,2.84,3.03,3,0,0
0.73,3.43,-0.57,-0.47,1.16,1.31,0.79,1.41,3,0,0
-1.34,-0.83,-1.27,2.02,-0.81,0.09,2.12,-2.9,3,0,0
4.44,2.08,1.08,-0.8,1.56,0.04,-0.75,-0.54,3,0,0
1.24,-0.88,-2.52,-0.4,0.89,0.88,-0.16,3.21,3,0,0
-1.28,0.27,2.72,3.36,0.16,-3.0,-1.0,-2.31,3,0,0
-2.54,2.6,2.21,1.72,-3.14,-1.44,-1.01,-0.79,3,0,0
0.29,0.32,-2.34,1.17,0.07,0.81,1.87,1.68,3,0,0
2.32,-0.23,0.9,-3.84,0.53,0.08,-1.87,-0.97,3,0,0
1.92,0.55,1.22,0.26,1.92,-0.25,-1.8,-1.18,3,0,0
2.51,-0.18,-0.69,-0.73,1.44,-0.97,0.14,0.45,3,0,0
-1.46,0.22,0.23,2.91,1.47,-3.01,0.72,-0.66,3,0,0
-3.22,-2.3,-3.06,2.59,2.61,1.33,1.58,0.41,3,0,0
-0.45,1.14,3.56,0.09,-4.11,-2.4,-2.14,-0.33,3,0,0
-0.18,0.47,-0.6,-0.93,4.34,0.34,0.64,-0.18,3,0,0
2.2,-1.31,-1.73,-1.06,3.28,1.08,-1.43,0.48,3,0,0
-0.5,-0.8,-2.29,-0.97,-0.4,0.04,-0.0,0.06,3,0,0
-1.47,2.41,2.51,0.84,0.96,-0.95,-0.15,-1.69,3,0,0
-3.46,2.0,3.98,4.99,-2.91,-2.51,-0.64,-2.48,3,0,0
0.3,2.36,2.06,1.18,-3.89,-1.26,-1.77,-0.37,3,0,0
0.91,1.25,-0.54,1.19,-1.58,0.85,1.71,-0.5,3,0,0
0.28,-3.01,-2.35,0.78,0.15,0.48,0.89,-0.28,3,0,0
1.94,2.31,0.54,-1.88,1.26,0.42,-3.11,3.17,3,0,0
1.46,-0.04,0.35,0.27,-2.72,-0.87,-1.37,0.08,3,0,0
-0.46,-3.85,-1.74,1.02,0.51,-0.56,0.16,-1.91,3,0,0
1.87,0.59,-0.27,-0.84,0.21,-0.64,-1.38,-0.47,3,0,0
1.25,4.2,-0.05,0.0,1.82,1.55,-0.36,3.15,3,0,0
0.23,-2.51,-1.33,-1.02,2.52,-0.96,-0.63,0.84,3,0,0
2.37,-0.8,-1.8,-1.71,1.06,0.53,-0.53,1.35,3,0,0
1.91,2.63,-0.23,-2.5,-0.55,0.94,-1.76,2.86,3,0,0
2.54,0.62,0.19,-0.6,2.32,-0.06,-0.66,0.32,3,0,0
-1.53,1.61,2.29,0.8,-2.09,-1.21,-2.23,-0.11,3,0,0
-1.05,-1.53,1.11,3.58,0.02,-2.0,0.68,-1.14,3,0,0
-0.71,-3.42,-1.22,-1.01,0.58,0.01,-1.17,-1.76,3,0,0
0.78,2.91,-0.14,-1.22,-0.86,1.1,-0.87,1.97,3,0,0
-0.01,1.95,-4.54,0.76,1.8,3.09,2.87,2.87,3,0,0
-0.72,1.26,0.73,2.01,-0.13,-1.42,0.67,-0.23,3,0,0
2.77,-0.89,-1.21,-1.62,1.12,0.75,-0.73,-1.49,3,0,0
1.43,2.33,-0.54,0.82,0.65,0.91,2.42,0.47,3,0,0
2.42,2.78,-0.51,-1.48,0.28,-0.9,-1.26,3.5,3,0,0
0.49,4.09,0.59,1.44,-1.17,-0.77,-0.34,1.89,3,0,0
1.21,0.76,1.6,-0.3,-1.27,-0.84,-1.13,-2.29,3,0,0
3.97,0.1,-1.57,-2.57,2.76,2.11,-0.13,1.15,3,0,0
-0.93,0.37,1.72,0.45,-3.05,-1.73,-1.55,-1.46,3,0,0
-0.57,0.12,-2.61,2.59,0.15,1.2,1.06,3.98,3,0,0
1.03,1.72,-0.03,0.51,-0.0,-0.08,0.51,1.46,3,0,0
1.06,-0.51,-0.56,-0.57,-0.97,-0.28,0.12,-0.41,3,0,0
1.51,2.55,-0.09,-0.72,-1.43,-0.83,-0.32,1.78,3,0,0
1.91,4.5,1.75,-1.68,0.46,-0.68,-0.72,1.24,3,0,0
-0.89,0.8,0.38,1.79,-1.04,-1.43,1.59,-0.85,3,0,0
1.64,2.47,1.76,0.02,-2.75,-1.45,-0.63,2.29,3,0,0
-3.37,2.25,1.59,3.38,-2.46,-2.28,-0.28,0.36,3,0,0
-2.77,2.33,4.56,5.29,-3.11,-3.8,-1.26,-1.37,3,0,0
1.39,3.62,2.75,0.49,-0.48,-1.87,-1.01,0.1,3,0,0
3.56,-0.37,-0.42,-3.4,0.24,0.2,-2.22,0.43,3,0,0
0.66,0.43,-1.41,-0.06,2.67,0.8,-0.15,-0.53,3,0,0
-0.14,-1.24,-0.69,2.36,-1.1,-2.32,1.13,0.36,3,0,0
0.25,1.44,0.92,-1.03,-1.35,-0.58,-1.39,-0.33,3,0,0
-0.62,1.47,1.61,0.8,-2.61,-0.86,-2.38,1.26,3,0,0
0.09,3.29,1.75,2.35,-2.55,-3.46,0.75,-0.39,3,0,0
-1.45,-0.5,-2.0,0.19,0.01,1.54,0.02,0.64,3,0,0
-0.12,-1.21,-0.34,0.05,-0.24,0.79,1.31,-2.77,3,0,0
0.21,0.83,-4.15,-1.96,3.41,1.54,2.98,0.79,3,0,0
-0.42,0.14,-1.75,0.83,0.28,-0.18,-0.49,0.49,3,0,0
-0.44,-1.07,1.8,0.56,-1.31,-2.68,-2.24,0.02,3,0,0
-2.85,-0.3,1.01,3.0,-2.08,-1.68,0.48,-0.58,3,0,0
-0.05,1.2,0.2,-1.16,-0.83,0.08,0.91,-1.29,3,0,0
0.54,1.8,2.89,-0.8,-1.79,-1.05,-2.67,-1.75,3,0,0
-1.1,1.97,3.79,1.87,-2.33,-2.84,-0.54,-2.34,3,0,0
-0.09,2.34,0.82,0.81,-0.81,1.07,0.22,-0.37,3,0,0
-2.02,0.73,0.4,2.41,-1.61,-1.09,-0.32,-1.75,3,0,0
0.68,0.48,0.57,0.13,-1.43,-0.82,-1.6,0.29,3,0,0
0.49,3.15,-0.38,0.69,1.2,1.39,0.39,2.35,3,0,0
0.56,0.12,-1.23,-0.71,-1.55,-0.38,-1.16,1.06,3,0,0
0.6,2.27,0.09,-0.12,0.79,1.23,1.27,-0.52,3,0,0
-0.38,0.14,-0.73,0.4,-0.24,0.39,-0.2,-1.18,3,0,0
1.44,1.35,2.26,0.46,-2.4,-2.19,-0.79,-1.36,3,0,0
0.11,1.95,-1.06,-0.07,0.94,-0.15,-0.17,1.55,3,0,0
1.6,2.85,2.61,-0.31,0.2,-1.1,-0.34,-1.0,3,0,0
-0.87,0.48,1.48,1.5,-1.27,-0.43,1.25,-1.37,3,0,0
3.92,2.37,-0.46,-1.66,-0.96,1.57,-0.46,1.98,3,0,0
-0.93,1.17,3.04,1.77,-3.39,-2.04,-1.34,-0.84,3,0,0
-0.87,1.06,-5.19,-2.4,-4.05,1.11,1.6,-2.38,4,0,0
0.18,-0.49,-1.72,-1.77,2.48,-2.08,-0.09,1.53,4,0,0
-1.94,1.14,3.49,3.41,1.96,-2.2,1.9,-1.5,4,0,0
1.08,1.3,0.68,-0.26,1.97,-1.12,-0.8,1.45,4,0,0
0.16,0.04,0.29,0.81,0.55,3.08,-0.8,-0.38,4,0,0
-0.42,0.31,-0.91,0.35,0.55,0.78,1.34,-2.1,4,0,0
1.92,-0.71,2.6,1.93,2.21,0.22,-4.56,4.19,4,0,0
-2.92,-0.86,-0.83,0.99,-1.27,0.43,1.43,0.24,4,0,0
-2.02,-1.25,5.35,5.52,2.98,-0.08,1.13,-1.04,4,0,0
1.37,1.09,0.43,0.39,0.51,0.67,-1.6,-1.37,4,0,0
0.05,2.71,-0.67,-0.1,0.11,-2.72,1.76,-0.03,4,0,0
2.9,1.18,1.34,1.07,2.48,-1.95,-0.89,-1.43,4,0,0
1.98,1.23,-0.53,0.11,-0.88,2.32,-2.57,-0.57,4,0,0
-0.25,0.15,0.73,1.18,0.69,-1.7,0.42,0.85,4,0,0
-0.7,-1.0,-4.73,-3.19,-0.13,-0.08,1.24,1.57,4,0,0
-2.98,0.61,-3.1,-0.72,-1.5,-4.0,4.41,-0.86,4,0,0
-1.69,-0.84,0.95,2.87,-0.13,0.82,1.17,-0.88,4,0,0
-2.69,0.88,-0.27,0.47,0.63,-4.7,2.68,-0.24,4,0,0
1.19,-0.18,2.35,0.57,4.57,0.31,-1.85,1.47,4,0,0
-3.12,0.77,-2.98,-2.16,-0.85,0.16,3.05,-0.27,4,0,0
0.78,2.65,2.31,3.42,-0.9,-0.74,0.01,-2.67,4,0,0
1.68,1.52,-0.57,0.42,-1.83,3.2,-1.75,-1.65,4,0,0
0.21,2.33,-2.73,-2.94,0.66,-2.3,1.12,0.3,4,0,0
-3.25,-0.72,-1.45,0.62,-0.05,-0.93,5.02,-1.25,4,0,0
-0.86,0.58,-2.9,-1.61,-0.37,-3.1,1.48,-1.24,4,0,0
-3.03,-1.01,-0.85,1.47,-1.68,1.31,1.46,-2.16,4,0,0
-1.05,0.14,0.08,-0.28,1.14,-1.78,-0.27,3.91,4,0,0
2.11,2.42,2.04,0.46,2.89,-1.18,-1.9,0.57,4,0,0
-1.39,1.38,2.02,3.16,-1.62,-0.82,0.76,0.22,4,0,0
-0.38,-0.92,-3.16,-1.85,0.03,2.91,1.28,-1.32,4,0,0
1.97,2.32,3.38,2.21,2.43,1.3,-1.58,-1.23,4,0,0
0.35,2.92,-0.34,0.47,-2.4,-0.59,-0.86,-1.53,4,0,0
2.37,4.0,0.8,-0.24,1.13,-3.39,-1.26,-0.5,4,0,0
0.95,1.19,0.96,0.16,2.68,-1.07,-0.58,0.06,4,0,0
2.22,1.67,1.28,1.99,-0.82,3.4,-2.54,-2.75,4,0,0
0.91,2.72,0.22,-0.74,1.72,-3.88,-0.1,0.82,4,0,0
0.36,1.31,-1.9,-1.44,0.09,-0.42,0.9,1.01,4,0,0
3.47,4.01,3.69,3.13,0.35,-4.06,-3.95,-0.23,4,0,0
-2.09,-2.56,-1.62,1.11,-0.42,2.11,2.65,-2.23,4,0,0
-1.17,2.24,1.09,1.46,0.48,-3.56,1.73,-0.14,4,0,0
0.41,2.25,-0.92,0.94,-3.43,-0.02,-0.99,-1.62,4,0,0
-0.05,3.55,-0.92,-0.77,-1.85,-3.72,0.45,1.26,4,0,0
1.49,-1.71,-5.33,-3.57,-1.0,3.86,-1.46,-0.68,4,0,0
-2.11,-2.14,1.08,0.78,4.43,-0.93,2.14,0.54,4,0,0
2.15,1.13,2.16,1.43,2.34,-0.93,-3.57,1.1,4,0,0
-0.17,0.26,-4.74,-3.71,-0.63,-2.78,0.15,2.34,4,0,0
-1.82,-0.34,-1.31,0.02,0.22,-0.94,2.44,-0.95,4,1,1
1.61,0.32,-2.31,-1.42,-1.59,2.58,-2.76,-0.27,4,0,0
-0.46,-0.03,2.91,3.59,0.65,2.17,-0.36,-1.95,4,0,0
-2.55,2.67,0.76,2.82,-1.94,2.55,4.67,-5.25,4,0,0
-2.82,-0.51,-1.95,-1.04,0.81,0.7,3.31,-1.79,4,0,0
1.49,2.13,3.65,3.44,0.38,-0.17,-3.19,-1.75,4,0,0
-0.14,0.38,-0.92,-0.16,0.33,-0.78,-0.02,0.75,4,0,0
-0.28,-0.89,-0.52,-0.79,2.84,-0.99,1.07,1.96,4,0,0
-0.67,-1.98,-2.81,-1.95,0.65,2.83,-0.38,-0.09,4,0,0
0.36,0.82,5.27,4.48,3.27,2.59,-1.03,-3.06,4,0,0
0.25,0.19,-0.91,-0.19,-0.72,-0.51,-1.69,1.21,4,0,0
-3.45,-0.8,-1.42,0.06,-0.3,-1.28,2.6,0.42,4,0,0
2.45,0.14,0.02,-0.2,1.57,2.82,-2.4,0.47,4,0,0
-0.67,0.84,-1.78,-0.26,-1.02,-0.12,1.69,-1.53,4,0,0
2.7,0.98,0.29,1.28,-0.16,0.28,-2.21,-2.25,4,0,0
0.25,1.38,-3.19,-2.8,-0.82,-0.72,0.09,1.91,4,0,0
2.0,0.6,-0.11,0.23,1.63,-0.88,-0.98,-0.29,4,0,0
-1.59,0.45,-0.8,0.3,-1.15,-1.8,0.76,-0.94,4,0,0
0.55,3.25,2.22,2.85,-1.58,-2.9,-1.28,1.41,4,0,0
2.57,0.66,3.65,3.49,2.8,1.16,-2.77,-3.43,4,0,0
-1.62,2.35,-0.27,0.83,-0.96,-2.97,1.89,-1.71,4,0,0
0.57,2.34,1.52,1.5,0.49,0.91,-0.09,-0.72,4,0,0
-2.17,2.05,-1.39,-0.18,-1.8,-2.57,2.96,-0.15,4,0,0
-2.88,0.93,5.3,5.28,2.26,-1.32,1.24,-2.62,4,0,0
-1.35,0.87,-3.31,-1.66,-2.29,0.46,1.91,-0.84,4,0,0
-1.4,-1.07,-1.63,0.04,-1.31,2.38,0.28,0.61,4,0,0
-1.77,0.27,-1.7,-0.92,-0.8,1.5,0.97,0.51,4,0,0
-2.4,0.54,-1.46,-0.73,0.12,-2.49,2.32,0.1,4,0,0
-1.15,-1.62,-2.88,-1.3,-0.11,0.37,0.86,-0.2,4,0,0
-2.87,0.98,-0.38,1.27,-1.45,-4.28,2.36,0.53,4,0,0
1.05,-0.22,-0.39,1.4,-1.17,4.0,-1.15,-1.47,4,0,0
0.82,2.3,-1.21,-1.64,0.75,-2.07,-0.1,0.14,4,0,0
-2.38,-3.01,-2.88,-1.34,0.92,1.44,1.33,0.68,4,0,0
1.86,1.65,-0.32,-0.99,0.94,-1.12,-2.49,2.91,4,0,0
2.16,0.16,-1.04,-0.2,-0.52,5.16,-2.72,-0.96,4,0,0
1.09,0.75,-3.37,-2.03,-1.42,2.63,-0.23,-1.61,4,0,0
0.82,1.63,-0.9,-0.16,-1.03,-0.35,-1.66,-3.05,4,0,0
1.75,0.4,-0.76,-0.31,0.04,1.72,-2.34,0.65,4,0,0
-1.04,-1.71,-0.34,-0.63,2.71,-2.59,-0.99,4.06,4,0,0
-3.16,-0.52,-1.52,-0.32,-0.35,2.06,1.86,-1.07,4,0,0
0.83,-0.06,0.26,0.63,1.27,-1.69,-1.94,0.17,4,0,0
-3.36,0.29,-1.59,-1.15,-0.28,-0.31,2.91,2.2,4,0,0
-1.46,1.53,-3.52,-1.59,-2.61,1.11,2.73,-2.31,4,0,0
-2.31,-0.09,-2.98,-1.4,-0.85,-1.24,2.36,-1.24,4,0,0
1.46,0.23,2.5,2.45,1.53,4.17,-1.34,-1.14,4,0,0
-2.79,0.61,3.19,3.43,1.01,-2.13,0.5,-1.59,4,0,0
0.77,2.75,0.2,-0.08,0.52,-0.09,0.12,-2.73,4,0,0
-4.94,0.09,-1.33,-0.72,-0.39,-2.21,3.6,0.89,4,0,0
2.31,-1.36,0.97,0.47,4.18,1.08,-2.36,-1.27,4,0,0
-1.33,1.33,-0.57,0.2,-0.12,-2.75,1.7,-0.84,4,0,0
0.52,1.1,0.32,0.94,1.89,-0.34,1.52,-1.96,4,0,0
-0.36,0.21,1.18,1.75,0.0,1.9,-0.77,-0.47,4,0,0
-2.29,-3.3,-2.3,-1.64,3.63,-1.65,1.52,0.01,4,0,0
-1.19,-0.45,1.74,2.07,1.95,-1.53,0.5,-0.48,4,0,0
-0.4,1.4,0.36,0.51,0.75,1.33,1.0,-1.37,4,0,0
-1.17,-0.59,-4.8,-2.82,-2.62,2.28,-0.17,2.61,4,0,0
-2.02,-0.51,-3.09,-0.53,-4.04,0.11,-1.0,-1.23,4,0,0
1.43,0.22,2.69,2.21,3.79,-1.64,-1.17,0.7,4,0,0
-1.59,-1.31,0.47,1.44,1.1,2.73,0.97,0.03,4,0,0
-2.4,0.43,-0.32,1.59,-0.85,-3.36,2.32,-1.01,4,0,0
-1.08,-1.29,-0.2,0.99,0.55,2.6,0.6,-0.02,4,0,0
3.35,2.03,1.08,-0.01,2.26,-2.66,-3.32,0.53,4,0,0
-0.38,-0.72,-0.25,0.91,0.12,2.53,0.52,0.19,4,0,0
-0.65,0.22,-2.78,-1.6,-1.46,-1.59,-0.4,1.98,4,0,0
-0.9,1.22,0.08,0.61,-0.13,0.11,1.11,0.15,4,0,0
-2.71,-2.53,-3.24,-1.87,0.25,2.26,0.86,0.36,4,0,0
1.99,1.49,2.35,1.45,1.93,-0.94,-2.7,-0.7,4,0,0
0.12,0.17,-0.08,0.65,-0.57,-0.31,-1.75,1.07,4,0,0
-0.54,1.56,-0.45,-0.52,-0.65,0.36,-0.53,0.2,4,0,0
0.31,4.55,0.85,1.19,-1.67,-5.88,0.46,0.53,4,0,0
-1.59,1.11,-0.13,0.18,1.04,-2.44,1.48,1.16,4,0,0
2.05,1.63,-0.03,-0.99,1.55,-1.58,-1.8,-0.7,4,0,0
-2.02,-0.97,0.04,-0.14,2.45,-1.43,1.74,1.92,4,0,0
0.62,-0.59,3.34,4.53,0.22,0.89,-2.6,-0.61,4,0,0
-0.68,1.06,0.31,0.69,0.54,-1.24,-0.17,-0.37,4,0,0
-1.8,2.61,-1.59,0.86,-3.04,-1.28,3.48,-2.18,4,0,0
1.73,2.95,-2.63,-1.37,-3.34,0.67,-1.18,-0.35,4,0,0
-1.07,0.03,1.28,1.43,1.02,-0.18,-0.92,0.37,4,0,0
4.42,1.62,-1.73,-0.54,-1.64,3.48,-3.32,-2.21,4,1,1
-0.78,-2.1,-4.26,-2.67,-1.28,3.59,-0.54,-0.02,4,0,0
0.67,1.12,4.05,2.57,2.56,-1.82,-2.95,2.08,4,0,0
0.85,-0.18,-1.32,-0.92,1.94,-2.73,-0.44,-0.53,4,0,0
3.29,1.57,-0.49,-1.05,-0.45,2.8,-4.48,2.02,4,0,0
-1.65,0.1,1.35,1.38,2.01,-2.24,1.81,-1.2,4,0,0
0.54,4.95,2.87,2.99,-1.85,-0.6,-0.21,-2.09,4,0,0
-1.49,-1.93,1.1,1.19,3.58,-1.73,1.42,0.67,4,0,0
-2.61,-1.63,-1.73,-0.43,0.79,1.97,2.06,-0.89,4,0,0
-2.38,-0.09,-0.16,0.27,1.5,-1.2,2.63,-0.67,4,0,0
3.98,2.09,4.51,2.91,3.65,-1.47,-3.66,1.48,4,0,0
1.56,2.02,2.5,2.48,-0.06,-0.32,-2.61,0.56,4,0,0
1.05,-0.04,1.17,0.61,3.39,-1.88,-0.48,-0.46,4,0,0
-1.71,3.31,2.47,3.04,-0.93,-3.54,1.94,-0.68,4,0,0
-4.65,0.8,1.83,4.07,-2.2,-1.43,4.3,-0.1,4,0,0
0.43,-0.37,-2.28,0.21,-2.21,-0.13,-0.12,-2.19,4,0,0
2.33,1.5,4.7,3.58,3.57,-1.36,-2.59,0.24,4,0,0
-3.06,-1.93,0.14,1.23,1.7,0.81,2.07,-0.43,4,0,0
0.63,2.23,-1.64,-1.2,-1.33,-2.06,-0.4,1.18,4,0,0
-0.93,1.75,0.15,0.66,-0.57,0.22,1.2,0.75,4,0,0
1.84,0.24,1.86,2.06,0.46,0.8,-3.91,0.96,4,0,0
0.9,-0.21,-2.56,-1.68,0.41,-0.51,-0.3,0.25,4,0,0
0.15,-1.48,2.49,2.31,3.33,1.55,-0.78,-0.1,4,0,0
-2.16,0.37,3.87,2.11,5.35,-5.57,0.78,3.4,4,0,0
-1.92,-0.05,0.94,2.56,-0.96,0.47,1.43,-1.7,4,0,0
-0.63,1.73,1.25,2.14,-0.31,-2.21,0.87,-0.85,4,0,0
-2.38,-1.84,0.14,1.18,2.04,-0.21,2.32,-0.51,4,0,0
1.67,3.27,-2.06,-0.64,-3.39,0.55,-0.21,-0.79,4,0,0
1.9,2.34,-1.63,-0.81,-0.76,-3.81,-0.59,0.22,4,0,0
-3.24,-1.68,-1.63,-0.22,0.73,-0.22,1.49,-0.4,4,0,0
0.91,0.03,0.1,0.75,0.36,1.31,-0.64,-0.31,4,0,0
1.69,3.03,2.79,1.73,1.74,-1.95,-2.07,1.21,4,0,0
-1.22,3.66,1.91,1.37,-0.91,-0.66,0.59,0.69,4,0,0
1.16,1.39,-1.64,-0.66,-1.4,-0.59,-1.24,-0.59,4,0,0
-0.24,-0.44,-0.67,0.45,0.94,-2.89,0.38,-0.84,4,0,0
-2.94,0.84,0.3,1.35,-0.77,0.69,2.8,-2.34,4,0,0
1.56,2.32,-0.91,-0.12,-1.6,-1.8,-0.71,0.44,4,0,0
0.26,-0.32,-1.71,-1.19,0.33,0.73,-0.65,-0.69,4,0,0
-0.67,-1.46,-2.03,-1.13,1.25,1.59,0.08,-0.16,4,0,0
-0.79,2.08,2.15,2.41,-0.38,0.86,-0.34,-1.95,4,0,0
-3.48,0.18,0.65,1.23,0.45,0.72,2.32,-1.43,4,0,0
1.34,1.34,0.76,0.65,0.3,-3.42,-2.46,4.18,4,0,0
-1.35,-0.2,-1.02,-1.04,2.06,-2.59,1.33,1.5,4,0,0
1.33,2.87,1.06,0.74,-0.24,0.91,-1.21,-0.95,4,0,0
0.33,2.62,1.98,3.05,-1.05,-0.83,0.09,-2.59,4,0,0
-2.54,1.57,-1.31,0.68,-3.59,2.27,1.93,-2.28,4,0,0
2.2,1.66,0.39,1.09,-0.86,1.85,-2.75,-2.24,4,0,0
-1.05,2.65,-3.97,-2.23,-3.56,-1.0,1.21,-1.48,4,0,0
-2.33,0.7,-0.57,0.64,-0.88,0.68,1.09,-1.58,4,0,0
-0.98,-2.02,-4.29,-1.75,-0.98,6.11,1.95,-3.53,4,0,0
-0.79,0.1,-4.25,-3.28,-1.39,0.89,0.33,1.29,4,0,0
-1.22,-1.01,-1.15,0.42,-0.4,-0.25,-0.09,0.61,4,0,0
-0.86,2.23,0.75,0.39,0.07,-3.71,-0.24,1.37,4,0,0
-1.96,0.88,3.22,2.97,2.93,-2.73,2.33,-1.58,4,0,0
0.4,0.17,-1.53,-1.91,1.7,0.66,0.4,2.12,4,0,0
0.64,4.21,1.04,1.05,-1.1,-1.99,-0.03,-1.08,4,0,0
0.47,2.2,3.94,4.43,-0.06,-1.24,-1.35,-2.8,4,0,0
4.31,4.82,1.38,0.25,0.15,-0.52,-3.15,0.4,4,0,0
-1.72,0.97,-2.65,-1.14,-1.29,-1.27,1.88,-1.39,4,0,0
-4.09,0.83,-1.44,0.9,-2.56,-0.24,4.14,-2.2,4,0,0
0.11,0.82,-2.31,-1.32,-0.68,0.62,0.17,-0.46,4,0,0
-4.36,-2.15,0.09,1.82,2.33,-0.8,4.92,-1.99,4,0,0
0.75,-0.16,0.21,0.27,1.8,2.9,-0.86,-1.72,4,0,0
0.47,-1.19,2.43,2.28,2.46,-0.61,-2.11,0.61,4,0,0
1.04,-0.68,-1.33,-0.54,0.01,0.57,-1.82,0.47,4,0,0
1.11,3.13,2.33,2.09,-0.6,-2.58,-2.23,0.6,4,0,0
0.42,0.51,-1.21,0.13,-1.34,1.57,0.34,-0.34,4,0,0
0.88,1.7,0.53,0.94,-0.07,-0.18,-0.01,-0.04,4,0,0
-2.36,2.03,-1.26,0.52,-3.07,-1.98,1.32,-1.6,4,0,0
2.24,0.0,-2.42,-0.58,-1.8,5.32,-2.55,-2.0,4,0,0
-0.06,0.65,-0.0,-0.04,2.37,-1.81,1.09,-0.08,4,1,1
-1.13,-0.92,1.57,0.72,4.08,-2.82,0.08,0.64,4,0,0
-2.02,-1.94,-1.96,-0.27,0.7,0.05,0.96,-0.61,4,0,0
-0.23,2.09,-1.93,-0.11,-3.05,0.52,-0.25,-2.73,4,0,0
0.16,2.83,-3.12,-1.85,-3.33,-0.37,-0.39,0.0,4,0,0
0.68,0.47,-0.29,0.89,-1.2,3.04,-1.51,-0.11,4,0,0
-1.54,-1.81,0.24,2.1,-0.37,2.22,0.41,-0.47,4,0,0
1.46,1.66,-1.52,-1.33,-0.68,-1.08,-1.58,2.07,4,0,0
-0.11,3.16,0.75,0.14,1.25,-5.45,1.46,0.27,4,0,0
-3.78,0.59,-0.53,1.55,-1.86,0.46,2.48,-1.48,4,0,0
-1.32,0.81,-2.62,-0.39,-3.44,1.05,1.0,-0.78,4,0,0
-1.49,0.57,-1.46,-1.16,0.67,-0.56,1.99,-0.81,4,0,0
1.95,1.29,0.37,0.3,0.88,-0.35,-1.53,0.32,4,0,0
-0.39,-0.57,-0.41,0.28,1.89,-0.97,1.41,-1.68,4,0,0
0.55,-0.99,-0.58,1.07,0.52,3.83,0.12,-2.94,4,0,0
-0.31,0.02,-1.7,-0.3,-2.18,2.61,-1.13,-1.1,4,0,0
-0.67,0.28,-2.78,-1.33,-1.7,2.0,-0.52,-0.17,4,0,0
-1.69,-1.1,-1.76,0.28,0.18,-0.91,2.1,-2.68,4,0,0
-1.14,-0.08,-4.22,-1.79,-2.35,2.23,1.18,-2.15,4,0,0
-2.09,-0.16,-2.32,-0.18,-2.01,-0.42,1.18,-1.86,4,0,0
2.37,4.95,-0.46,-0.96,-2.45,-1.07,-2.3,-1.12,4,0,0
-0.63,-1.96,-0.21,-0.48,3.21,1.6,-0.15,0.86,4,0,0
-0.02,3.0,-2.61,-3.1,-0.2,-1.87,1.7,0.85,4,0,0
-1.66,-1.89,0.05,1.34,1.65,0.39,1.31,-0.8,4,0,0
0.37,1.1,-3.57,-2.51,-2.82,2.26,-0.95,0.25,4,0,0
1.69,3.14,1.11,0.74,-0.15,-1.53,-1.19,-0.92,4,0,0
-1.92,-0.94,-0.3,0.29,1.06,-1.08,0.64,0.28,4,0,0
-1.55,-1.53,0.21,0.7,2.81,-1.09,1.65,0.55,4,0,0
-1.64,-1.34,-0.95,-0.89,3.38,-3.76,0.67,1.4,4,0,0
0.76,1.11,-2.5,-1.2,-2.8,4.29,-1.29,-0.99,4,0,0
-4.34,-0.12,-1.29,-0.52,1.38,-4.12,5.25,0.21,4,0,0
1.17,1.56,-1.33,-0.97,-0.64,-0.61,-0.79,-0.91,4,0,0
-0.25,-0.1,-1.92,-0.08,-1.51,3.83,0.02,-2.71,4,0,0
-0.86,1.03,-3.85,-1.94,-3.71,0.19,-0.01,-0.96,4,0,0
0.77,0.81,1.16,1.29,1.22,-2.97,-1.9,1.71,4,0,0
0.32,0.82,-1.12,0.38,-1.9,1.2,-1.0,-0.5,4,0,0
-0.38,0.1,-2.94,-1.75,-0.88,-0.47,1.24,0.02,4,0,0
-1.45,-0.82,-1.05,0.18,-0.71,1.42,0.54,0.54,4,0,0
-1.16,1.58,-0.23,1.91,-2.78,-1.85,1.28,-4.03,4,0,0
-0.36,-1.32,-0.95,0.02,1.08,-0.19,0.05,-0.5,4,0,0
-0.95,-0.24,0.58,0.49,2.29,-2.44,0.4,2.01,4,0,0
-1.25,0.98,-0.72,0.69,-0.09,-1.85,3.53,-2.21,4,0,0
0.27,3.82,4.88,4.12,1.63,-3.87,-0.54,-0.62,4,0,0
-0.9,-1.54,-3.31,-0.88,-1.79,3.92,0.14,-1.61,4,0,0
0.34,0.64,-2.23,-0.91,-1.51,0.32,-0.38,-0.7,4,0,0
-0.46,1.06,0.95,0.66,2.27,-3.42,1.14,0.97,4,0,0
0.12,2.02,-0.97,0.03,-0.76,0.25,0.5,-2.33,4,0,0
-1.68,-0.86,-2.33,-1.3,0.73,-0.52,1.64,-0.04,4,0,0
2.56,0.8,1.21,0.8,2.1,-0.63,-3.31,1.05,4,0,0
-0.67,0.73,0.42,0.94,-0.04,1.38,0.61,-1.19,4,0,0
0.23,1.78,-0.03,1.64,-2.31,-0.09,-0.44,0.18,4,0,0
-0.55,-1.69,-1.07,-0.08,2.12,-0.76,0.57,-0.34,4,0,0
0.94,1.86,1.58,1.63,1.37,-3.34,0.17,-1.11,4,1,1
-0.57,0.56,-2.37,-1.66,-0.94,0.95,-0.66,0.37,4,0,0
3.32,1.85,2.21,2.82,-0.32,1.32,-3.2,-2.29,4,0,0
0.31,2.11,0.52,-0.43,1.42,-4.71,-0.81,4.14,4,0,0
-1.37,-2.26,-5.97,-3.94,-0.86,1.13,1.32,0.49,4,0,0
-1.27,-1.84,-4.85,-3.81,0.53,0.23,0.62,1.54,4,0,0
-3.75,-0.47,-0.4,0.87,0.5,-1.47,3.69,-0.31,4,0,0
-2.15,-1.38,2.22,3.29,1.36,2.39,1.38,-2.71,4,0,0
2.48,0.88,2.58,2.77,1.12,1.89,-3.49,-0.6,4,0,0
-1.14,1.45,-0.16,0.81,-0.29,-0.44,2.75,-1.63,4,0,0
-1.3,2.8,0.56,1.1,-1.58,-2.68,0.27,-0.99,4,0,0
1.21,0.83,-1.4,-0.96,0.34,2.1,-0.5,0.22,4,0,0
-0.04,2.11,1.97,2.36,1.6,-3.02,1.56,-2.0,4,0,0
-2.3,2.47,0.85,2.2,-0.75,-4.59,3.36,-2.75,4,0,0
2.57,-0.32,-0.7,-1.27,2.83,1.63,-2.27,-0.53,4,0,0
0.04,2.72,-0.53,-0.38,-0.96,-1.58,-0.19,-0.51,4,0,0
-0.06,1.94,2.38,2.52,0.39,-0.1,-0.02,-0.7,4,0,0
2.8,2.78,0.73,0.1,0.12,1.77,-2.55,-1.85,4,0,0
0.04,1.71,0.33,0.72,-0.26,1.6,0.51,-1.73,4,0,0
0.2,2.62,-0.63,0.08,-1.49,1.56,0.11,-1.25,4,0,0
-2.42,-0.59,0.26,1.63,-1.16,3.02,0.59,-1.55,4,0,0
1.58,-0.83,0.66,1.06,2.21,-0.56,-1.6,-0.87,4,0,0
-3.73,-2.8,0.68,1.58,3.21,-0.61,2.22,-0.51,4,0,0
0.79,1.41,0.12,1.09,-1.29,1.58,-0.98,-0.01,4,0,0
3.83,1.77,2.03,1.54,2.99,-0.2,-2.21,-1.78,4,0,0
-2.08,-2.0,-4.65,-0.75,-3.65,6.07,1.97,-4.48,4,0,0
0.1,1.32,-0.5,-0.17,0.85,-3.04,0.61,1.39,4,0,0
-1.4,2.32,-2.46,-0.37,-3.63,0.25,2.92,-2.35,4,1,1
0.08,-0.51,-0.35,0.11,0.48,1.32,-1.26,1.64,4,0,0
0.92,-1.8,-1.32,-0.35,0.71,1.78,-2.25,0.84,4,0,0
0.92,-1.04,2.3,2.52,2.51,-1.93,-2.31,0.53,4,0,0
-4.02,-3.59,-3.29,-1.48,0.89,1.27,2.84,0.49,4,0,0
-2.34,1.06,-1.05,0.88,-2.76,-0.23,2.3,0.47,4,0,0
2.25,2.0,-1.27,-1.15,-1.79,4.03,-3.34,-2.07,4,0,0
-0.13,-0.68,0.81,1.15,1.76,2.01,0.12,-1.16,4,0,0
1.72,1.28,-2.34,-0.52,-3.2,4.77,-1.7,-0.85,4,0,0
-1.2,2.45,0.18,0.57,-0.93,-3.56,1.16,0.87,4,0,0
-3.65,-0.78,-1.56,-0.01,0.26,-3.5,3.31,0.69,4,0,0
-0.49,3.13,1.52,1.83,-2.05,-1.3,-0.01,0.42,4,0,0
-0.28,0.18,1.15,1.84,0.98,-1.02,-0.14,-2.38,4,0,0
-0.68,0.49,-1.11,0.44,-1.22,1.68,0.8,-2.19,4,0,0
0.2,3.01,-0.86,-1.22,0.48,-3.55,0.51,-0.81,4,0,0
-1.66,2.01,1.34,2.46,-0.95,-1.39,1.49,-1.86,4,0,0
1.26,1.04,-0.81,-0.56,0.71,-0.97,-0.69,0.16,4,0,0
-3.03,0.04,0.35,1.75,0.47,-4.05,2.65,0.21,4,0,0
-0.05,0.91,1.46,1.1,3.01,-2.66,0.63,-0.08,4,0,0
1.31,-0.53,-1.09,-0.94,1.67,2.93,-1.27,-0.84,4,0,0
-1.16,-0.28,-2.24,-0.68,-0.28,0.14,2.35,-3.29,4,0,0
0.15,-1.02,-5.45,-3.01,-3.32,3.24,-1.57,0.37,4,0,0
-0.36,-0.45,-3.27,-0.97,-3.18,2.97,-0.32,-0.17,4,0,0
1.03,-0.77,-1.24,-1.45,2.22,2.48,-0.59,-1.43,4,0,0
-3.19,-1.83,-2.02,-0.75,1.44,-0.24,2.81,-0.69,4,0,0
3.39,0.82,-1.23,-0.72,0.38,1.89,-2.25,-1.18,4,0,0
-1.15,-0.97,0.22,-0.31,2.84,0.17,-0.01,0.83,4,0,0
0.67,0.35,-0.09,0.42,1.11,-0.56,-0.92,-0.81,4,0,0
0.48,-2.21,-2.75,-2.14,1.13,0.19,-2.22,2.7,4,0,0
0.44,2.07,2.85,2.54,2.46,-2.71,-0.18,-1.55,4,0,0
2.08,1.77,-1.77,-2.28,-0.73,0.55,-2.74,1.79,4,0,0
-1.98,-0.32,0.01,1.32,0.93,-1.95,1.86,-2.3,4,0,0
4.19,0.3,1.71,2.2,0.63,1.89,-4.33,-2.1,4,0,0
-1.04,-0.64,4.27,4.21,2.79,0.46,-0.43,-1.25,4,0,0
-1.67,0.7,-2.88,-1.93,0.14,-0.92,2.75,-0.01,4,0,0
-4.06,-1.68,-2.69,-1.29,0.12,-1.15,3.43,-0.98,4,1,1
-3.85,-0.81,-1.81,0.19,-0.28,-1.9,4.22,-2.8,4,0,0
0.01,-1.57,-1.57,0.2,-0.5,1.76,-0.34,-1.24,4,0,0
-0.04,1.05,-1.69,-1.29,0.4,-1.49,0.93,0.05,4,0,0
0.5,0.63,0.16,-0.92,3.7,-5.09,0.19,1.74,4,0,0
0.02,2.39,3.14,3.2,1.3,-3.48,0.66,-2.25,4,0,0
2.75,0.62,-0.38,-0.54,0.97,-0.79,-3.53,1.06,4,1,1
-1.35,-1.0,-1.13,-0.07,0.55,0.49,0.73,-0.06,4,0,0
-0.87,1.67,-3.65,-3.3,-1.16,-2.38,0.33,-0.4,4,0,0
-0.38,0.06,-0.26,0.35,0.01,1.95,-0.78,-1.24,4,0,0
-0.71,-0.83,-4.25,-2.47,-1.25,0.99,0.32,-1.38,4,0,0
3.88,0.62,1.96,1.3,2.14,0.92,-5.23,0.84,4,0,0
1.19,1.93,-1.67,-0.86,-1.7,-0.17,-1.76,0.69,4,0,0
-0.05,1.19,-0.32,-0.64,1.04,0.45,-1.04,-0.72,4,0,0
-2.01,-0.13,-0.34,0.55,-0.33,1.19,1.11,-2.08,4,0,0
1.34,1.84,2.77,2.87,0.75,-1.16,-1.39,-0.11,4,0,0
-0.04,-1.28,-1.29,-0.85,2.27,-0.58,-0.21,-0.59,4,0,0
-1.99,0.41,-2.53,-2.29,0.58,-3.36,2.28,2.33,4,0,0
1.47,1.32,3.4,2.8,1.93,-1.65,-2.57,0.14,4,0,0
-1.48,-0.23,-4.43,-3.14,-0.42,-1.3,1.96,0.77,4,0,0
-1.51,-0.8,1.88,1.32,3.89,-3.92,1.05,1.85,4,0,0
-0.41,1.45,-0.91,0.2,-1.99,-1.38,-0.96,0.18,4,0,0
0.23,2.02,-1.18,-0.93,0.51,-2.82,1.17,-0.47,4,0,0
-2.14,-0.18,1.52,2.61,-0.07,0.38,0.3,-1.31,4,0,0
0.29,-0.07,-1.1,-0.52,-0.42,-1.16,-1.48,0.26,4,0,0
0.02,1.66,2.08,1.75,1.39,-4.24,-0.35,2.52,4,0,0
0.76,3.24,-0.66,-0.81,-1.83,-0.4,-1.46,0.75,4,0,0
1.31,2.31,-0.08,-0.69,0.89,-3.07,-0.95,1.68,4,0,0
-0.8,1.39,0.67,1.49,-1.64,-0.41,-1.34,-1.63,4,0,0
-1.78,0.77,-0.35,0.45,-1.64,0.16,0.28,0.07,4,0,0
1.26,-0.06,1.49,1.32,1.76,0.72,-2.23,0.32,4,0,0
1.63,0.61,-0.12,0.6,-1.25,4.66,-1.67,-0.69,4,0,0
-0.26,-0.95,0.28,-0.32,2.71,-0.74,-0.75,1.35,4,0,0
0.54,0.92,-1.68,-1.21,0.43,-1.94,0.01,0.87,4,0,0
-2.5,-0.18,-1.85,0.22,-2.0,-1.27,2.85,-0.58,4,0,0
0.79,-1.8,-1.98,-1.27,1.32,6.01,-0.42,0.36,4,0,0
0.36,-1.53,1.44,0.43,4.65,1.13,-0.33,-0.32,4,0,0
0.43,2.76,-2.71,-2.02,-1.34,-2.74,1.15,1.52,4,0,0
-0.56,-1.99,0.93,1.35,2.29,1.37,-0.86,-1.59,4,0,0
0.62,2.52,1.52,1.73,0.04,1.1,0.1,-2.15,4,0,0
-3.51,-0.9,0.45,1.06,0.89,-1.22,1.63,1.34,4,0,0
0.04,-0.12,1.9,2.65,1.39,0.17,0.42,-1.7,4,0,0
0.66,-1.81,1.31,1.82,2.49,1.33,-1.29,-1.06,4,0,0
-0.75,0.55,-0.55,-0.05,1.02,-0.67,0.87,-0.98,4,0,0
-1.34,-0.83,-2.49,-1.89,0.96,-1.39,0.96,0.08,4,0,0
