@relation SyntheticData-N_1200-D_8-Nmin_100-Zmin_4-CL_3_3-R_0
@attribute X0 real [-5.42, 5.20]
@attribute X1 real [-5.59, 5.36]
@attribute X2 real [-4.92, 5.26]
@attribute X3 real [-4.90, 6.96]
@attribute X4 real [-6.83, 5.98]
@attribute X5 real [-7.51, 5.17]
@attribute X6 real [-5.73, 5.01]
@attribute X7 real [-6.55, 6.56]
@attribute cluster_idx {0,1,2,3,4,5}
@attribute is_noise {0,1}
@attribute Class {0,1}
@inputs X0,X1,X2,X3,X4,X5,X6,X7,cluster_idx,is_noise
@output Class
@data
-2.3,0.91,-2.18,0.25,-0.59,-0.15,-0.58,0.71,0,0,1
1.7,0.03,-0.35,0.25,0.39,-1.77,-0.08,-2.39,0,0,1
0.92,1.98,-1.2,0.88,0.09,0.39,-2.32,0.9,0,0,1
0.09,1.84,-1.15,1.49,1.1,0.39,-0.11,1.86,0,0,1
0.86,0.39,-0.87,0.92,-0.13,-0.26,-1.71,-0.78,0,0,1
-1.37,-1.49,1.81,-1.62,-0.82,1.45,0.17,0.25,0,0,1
-0.53,-1.86,0.69,-1.2,-1.41,-0.92,0.65,-2.59,0,0,1
-2.22,-0.69,-0.47,1.98,-0.03,0.23,2.35,0.13,0,0,1
0.83,0.47,0.16,1.1,1.8,0.28,0.56,0.85,0,0,1
2.02,0.04,-0.67,-0.3,0.29,-2.11,0.07,-2.05,0,0,1
0.18,2.64,-0.83,2.15,0.51,1.45,-1.69,2.05,0,0,1
-1.42,-1.2,1.12,-1.02,-1.15,-0.05,1.92,-0.9,0,0,1
1.02,-1.06,2.03,-0.57,-0.48,0.63,0.66,-0.53,0,0,1
2.86,-2.24,1.5,-0.5,1.17,-2.83,3.08,-3.84,0,0,1
-0.47,2.32,-1.82,0.78,1.92,0.41,0.3,3.45,0,0,1
1.09,1.13,-1.65,1.39,0.97,-0.45,0.1,1.42,0,0,1
3.93,1.25,-1.03,1.63,1.82,-0.43,-1.63,0.93,0,0,1
-0.53,-1.65,-0.56,-2.48,-2.32,-0.51,-2.0,-1.47,0,0,1
-2.02,-0.26,1.29,-1.51,-1.12,1.59,-0.07,0.82,0,0,1
0.06,-1.3,0.91,-0.06,1.78,-1.56,4.55,-0.94,0,0,1
-1.42,1.01,0.23,0.05,-0.05,1.6,0.42,2.5,0,0,1
0.31,0.1,0.14,1.14,1.71,-0.51,1.72,-0.24,0,0,1
3.66,1.67,-1.12,1.69,3.01,-1.4,0.33,0.69,0,0,1
-1.96,-1.7,1.49,-1.12,-0.01,-0.66,3.81,-1.37,0,0,1
1.34,1.3,-0.09,0.75,1.13,-0.01,-0.64,0.26,0,0,1
-1.25,0.62,-1.72,-0.03,0.01,0.34,-0.39,1.99,0,0,1
0.3,-1.42,-0.21,-1.78,-1.05,-0.39,-0.78,-0.48,0,0,1
-2.75,-2.39,1.11,-1.7,-3.03,1.51,-0.29,-0.35,0,0,1
-0.14,-1.39,3.29,-2.93,0.13,0.68,2.15,-0.13,0,0,1
-0.48,0.39,1.26,0.59,-0.07,1.3,0.08,0.33,0,0,1
-1.73,1.09,-0.18,-0.86,-0.06,1.18,-0.12,2.16,0,0,1
0.11,1.44,0.22,0.45,0.43,1.92,-2.27,1.92,0,0,1
-1.19,-1.31,1.09,-1.14,-1.59,-0.0,1.04,-1.36,0,0,1
-2.29,1.87,-1.33,0.34,-0.15,1.43,-1.65,2.21,0,0,1
0.84,-2.52,3.38,0.34,0.54,-0.37,1.62,-1.84,1,0,1
-0.69,4.15,0.5,1.61,0.24,0.06,1.6,-2.18,1,0,1
-1.99,0.46,0.62,1.82,0.3,3.05,-0.34,2.21,1,0,1
0.15,-1.96,0.96,0.61,-1.9,1.18,2.36,-0.67,1,0,1
0.38,-0.77,-0.0,-0.99,-2.84,2.13,2.61,-0.09,1,0,1
-2.49,-1.19,-1.37,0.4,0.18,-1.07,-0.72,0.79,1,0,1
0.89,-1.14,1.25,0.63,-0.75,1.32,0.83,-2.13,1,0,1
-0.91,0.77,-0.95,-0.5,0.99,0.09,-1.47,0.13,1,0,1
0.81,-1.15,0.51,-0.35,0.81,-0.44,-0.54,-0.44,1,0,1
-0.2,-1.88,1.79,0.73,-1.44,3.4,1.97,2.31,1,0,1
-1.06,-1.3,0.9,2.21,0.79,4.43,-1.96,3.67,1,0,1
-1.14,-0.83,1.01,1.61,-0.18,1.59,1.14,3.24,1,0,1
2.26,-4.06,-0.02,-2.52,-1.61,1.31,-0.06,-0.81,1,0,1
-0.13,1.43,2.57,2.59,-1.37,1.1,4.37,-3.47,1,0,1
0.95,-0.12,2.23,0.12,-1.41,2.14,3.71,0.5,1,0,1
0.18,-1.49,1.64,0.93,1.45,-2.73,0.63,-1.04,1,0,1
0.4,-1.65,2.41,0.47,0.43,-1.66,2.11,-1.84,1,0,1
-0.33,-0.56,-0.6,1.06,2.04,-0.53,-2.74,1.47,1,0,1
-1.27,-2.13,-0.34,0.65,0.78,0.74,-1.54,3.83,1,0,1
-0.65,-2.89,-0.91,-1.21,-0.06,1.67,-1.93,3.78,1,0,1
-0.73,-1.06,1.0,-1.31,0.36,-1.05,0.4,-3.17,1,0,1
-0.87,0.05,-1.0,-1.95,2.6,-2.94,-2.37,0.57,1,0,1
-1.39,-1.62,-1.02,-1.42,0.22,-1.61,-0.89,-0.3,1,0,1
-0.05,-2.28,2.3,1.26,1.97,-2.48,0.2,-1.08,1,0,1
-0.95,0.89,0.13,-0.86,-1.25,1.81,1.65,0.46,1,0,1
-0.18,-3.98,-1.13,0.12,-2.88,1.71,1.23,3.05,1,0,1
1.96,0.39,2.34,2.0,0.95,-1.77,1.82,-3.75,1,0,1
-1.3,2.41,-0.03,2.02,2.45,-1.04,-1.57,-0.32,1,0,1
1.33,2.11,1.05,2.13,3.83,-3.15,-1.92,-2.9,1,0,1
0.5,-0.04,0.75,0.52,-0.08,1.86,0.02,-1.02,1,0,1
-0.74,0.41,1.4,1.11,-1.27,4.06,1.74,1.14,1,0,1
-0.27,0.11,-0.2,-0.14,-2.05,5.17,0.6,3.0,1,0,1
0.69,-1.67,-1.04,-1.69,-2.15,-0.36,1.64,-1.43,1,0,1
2.51,2.08,0.75,0.42,4.01,0.78,-0.78,-0.51,2,0,1
-1.97,-2.09,-0.46,-2.52,-1.56,1.21,-1.19,-1.39,2,0,1
0.94,-3.71,-0.91,-1.17,0.22,-2.55,-0.71,0.71,2,0,1
3.86,-0.48,-2.99,-1.85,5.98,-2.45,-1.23,-0.88,2,0,1
-2.36,-0.94,-0.52,-0.79,-2.74,0.14,0.99,-0.47,2,0,1
0.61,0.92,0.42,1.75,1.55,0.79,0.27,-0.19,2,0,1
1.75,-0.75,0.96,2.91,1.56,1.94,-1.3,3.64,2,0,1
0.79,-0.66,-1.59,-1.14,0.52,-4.08,0.6,-1.34,2,0,1
-0.68,-3.48,-1.72,-1.4,-2.98,-1.71,-4.19,-2.01,2,0,1
-0.64,0.08,-1.59,-1.45,-1.32,-0.04,-1.06,-0.8,2,0,1
-0.59,0.02,-1.79,-2.02,-1.06,0.41,-0.44,-0.77,2,0,1
0.3,0.4,0.27,1.18,0.91,-1.71,1.17,-0.16,2,0,1
2.18,2.35,-0.57,2.66,1.5,-0.69,-0.72,0.28,2,0,1
-0.94,1.82,-0.06,-0.11,-1.11,-0.8,1.02,-1.08,2,0,1
-0.05,0.94,-2.21,-0.91,0.13,-0.69,-1.35,-3.66,2,0,1
1.96,0.51,3.05,2.75,4.59,3.56,-2.09,1.48,2,0,1
2.71,1.81,-2.27,-0.07,3.05,-3.66,0.48,-0.82,2,0,1
-0.86,2.27,0.5,-0.09,-0.51,0.42,1.65,-0.8,2,0,1
-0.79,-1.63,0.04,0.48,0.3,-0.29,0.45,0.01,2,0,1
-2.03,-0.9,-1.26,-2.67,-0.63,1.54,-0.08,-2.15,2,0,1
1.92,-1.4,-2.31,-0.98,3.47,0.58,-1.84,-0.42,2,0,1
-0.07,2.72,0.51,1.55,0.55,-1.47,1.74,-0.8,2,0,1
-0.1,-0.26,-2.28,-2.13,0.66,1.53,-0.67,0.21,2,0,1
0.38,1.05,0.28,2.03,0.81,1.63,0.72,2.53,2,0,1
1.64,3.48,2.15,3.21,3.4,1.3,2.3,2.53,2,0,1
0.97,0.09,-1.62,-1.71,2.9,2.09,-0.98,-1.21,2,0,1
-0.56,0.8,1.84,0.41,-1.04,0.26,-0.33,-1.46,2,0,1
-2.04,-2.12,-0.07,0.77,-1.49,1.96,0.69,2.81,2,0,1
-0.92,1.1,-2.68,-3.82,-0.69,-0.65,-1.69,-5.87,2,0,1
-1.36,-1.7,0.1,-1.94,-0.46,3.63,-1.43,-0.48,2,0,1
-0.24,0.14,-3.69,-2.25,0.03,-3.71,2.34,-0.43,2,0,1
0.08,2.37,-0.53,-0.11,1.32,0.68,0.58,-1.57,2,0,1
2.01,-0.71,-1.8,-1.28,2.2,-1.5,-1.99,-1.05,2,0,1
-1.95,-0.77,-1.39,-1.69,-1.79,-0.57,0.11,2.25,3,0,0
-1.06,0.19,0.91,2.39,2.08,3.76,2.32,0.66,3,0,0
-0.02,1.16,0.62,0.02,0.21,0.96,-0.36,1.75,3,0,0
-0.99,-1.14,-1.05,0.58,-1.11,0.82,0.06,2.05,3,0,0
3.14,1.57,0.23,-0.73,0.99,-0.58,-1.67,-1.05,3,0,0
-1.85,-0.52,0.66,-0.79,-0.97,0.3,-2.83,2.78,3,0,0
1.34,2.31,1.08,-1.75,1.2,-1.6,-2.3,-1.31,3,0,0
-0.51,-0.0,-0.94,-2.54,-0.03,1.2,-2.64,3.89,3,0,0
0.78,-0.04,-2.11,-0.89,1.28,1.57,0.95,1.87,3,0,0
1.04,0.91,0.13,-0.36,1.4,-0.33,0.32,0.03,3,0,0
3.03,0.76,0.1,0.27,0.16,-1.77,-1.29,-2.05,3,0,0
-0.58,0.98,-1.94,-2.05,-2.0,-1.7,3.07,2.17,3,0,0
2.11,0.25,-1.51,0.33,2.15,2.67,-0.17,0.2,3,0,0
0.05,0.58,-1.59,-0.75,-0.4,-0.07,1.97,1.1,3,0,0
-1.27,-3.52,-2.74,0.26,-1.93,0.17,-0.62,2.18,3,0,0
-0.71,1.62,1.8,0.83,-1.12,-1.95,2.21,-0.71,3,0,0
4.07,4.46,4.33,-0.25,3.61,-0.33,-3.7,-0.39,3,0,0
-0.83,-1.03,-0.72,-0.98,-0.38,1.41,-2.3,4.21,3,0,0
-3.1,-2.52,-0.95,-0.25,-0.3,0.9,-0.03,2.57,3,0,0
0.65,0.12,-0.88,-0.35,-0.18,-1.83,1.28,-0.21,3,0,0
-1.2,-0.62,-2.84,-0.86,0.35,1.72,1.76,0.4,3,0,0
0.27,0.02,-2.02,-1.79,-1.58,0.2,-0.68,3.93,3,0,0
-0.07,0.21,0.71,0.59,-0.03,-0.63,-0.05,-1.06,3,0,0
1.83,-1.37,2.0,3.83,2.58,1.06,-1.11,-3.32,3,0,0
2.3,0.98,1.29,0.92,1.98,1.34,-1.41,0.67,3,0,0
0.19,-0.76,-0.23,0.17,-0.14,-0.46,-0.76,-1.17,3,0,0
3.98,-0.82,-0.42,1.59,1.34,0.2,-1.71,-0.8,3,0,0
-1.62,0.15,-0.23,-0.68,-1.32,-0.67,-0.62,-1.27,3,0,0
0.74,-0.2,-1.65,-0.84,-0.21,1.06,-1.37,2.1,3,0,0
-0.31,1.37,0.36,-0.84,-0.54,-2.37,0.82,-1.36,3,0,0
1.82,0.54,-0.18,1.09,1.06,0.9,0.62,1.07,3,0,0
1.01,0.25,2.61,1.48,-0.85,-2.48,-1.78,-0.54,3,0,0
1.66,-0.45,1.33,1.96,0.56,-1.26,-0.81,-2.92,3,0,0
0.47,1.68,2.2,0.82,0.51,-1.11,0.2,-0.94,3,0,0
0.22,0.09,-1.5,1.78,-0.33,-0.75,5.01,-2.43,3,0,0
1.3,-0.03,-0.43,-0.19,2.01,3.14,-2.39,3.81,3,0,0
-1.29,-0.86,-1.13,-0.29,-0.19,1.43,-0.16,2.76,3,0,0
-0.17,1.54,2.53,-0.01,1.63,0.17,-1.26,0.79,3,0,0
-0.92,0.23,0.61,0.72,-0.16,1.54,-0.45,1.11,3,0,0
-1.35,-0.59,-2.74,-1.34,0.09,1.83,1.99,3.01,3,0,0
-0.94,-0.66,-1.42,-1.95,-2.25,-0.21,-0.99,3.82,3,0,0
-2.15,0.38,-1.31,-0.92,-2.09,-0.66,1.48,2.38,3,0,0
1.98,0.4,1.41,1.01,0.62,-0.53,-1.63,-1.26,3,0,0
2.4,-0.22,-1.59,-0.05,-0.55,0.74,-1.48,1.51,3,0,0
-0.56,-1.38,-0.42,1.26,-0.49,-1.01,1.19,-1.38,3,0,0
2.72,0.2,0.11,1.74,1.24,0.14,-0.22,-3.11,3,0,0
1.34,-0.42,-1.95,0.97,0.08,-1.58,4.5,-2.65,3,0,0
-0.44,-0.11,0.31,-0.32,0.16,-0.01,-0.61,-0.86,3,0,0
3.72,2.71,1.41,0.3,1.63,-1.16,-1.53,-2.77,3,0,0
-0.66,-0.48,0.26,0.47,-0.33,-0.55,-0.99,1.63,3,0,0
1.25,-0.56,-1.92,-0.65,0.17,0.13,-0.19,-0.4,3,0,0
0.08,-1.32,-0.82,1.32,0.42,0.93,0.68,-1.22,3,0,0
-0.58,-1.62,1.31,3.12,2.01,2.15,-0.13,-2.82,3,0,0
-3.6,0.58,-1.32,-2.88,-1.33,-0.52,1.79,2.2,3,0,0
-1.91,-2.39,-2.72,-1.35,-2.24,0.6,-0.3,3.92,3,0,0
1.24,2.77,0.64,-1.78,-0.7,-1.78,-0.28,1.34,3,0,0
-2.75,-0.7,0.99,0.02,-0.03,0.99,-0.6,1.36,3,0,0
-2.25,0.27,-0.25,-1.0,-1.28,-1.02,0.91,2.0,3,0,0
0.91,-1.58,-2.62,0.9,0.15,1.27,1.68,-0.07,3,0,0
2.15,1.43,-0.81,0.22,2.12,1.64,0.29,-0.3,3,0,0
-1.7,-1.08,-1.7,1.46,0.23,3.14,2.24,2.06,3,0,0
2.34,1.46,1.77,1.12,1.18,-1.23,-0.56,-2.07,3,0,0
-2.06,-1.76,1.77,3.29,2.99,4.94,-0.93,1.97,3,0,0
-0.25,1.14,3.02,1.22,0.33,0.24,-1.61,0.52,3,0,0
1.12,-0.18,-0.19,1.36,2.18,1.6,0.18,-1.22,3,0,0
1.32,1.75,1.25,0.92,2.16,0.61,-0.12,-1.27,3,0,0
-0.28,-0.12,-2.1,-2.67,-2.16,-1.05,-2.11,3.2,3,0,0
0.56,0.91,2.87,2.58,0.17,-1.8,0.71,-2.93,3,0,0
-0.66,-1.7,-0.81,1.89,0.67,1.41,1.39,0.02,3,0,0
0.61,-0.86,-4.89,-2.78,-0.21,1.35,-0.21,1.83,3,0,0
1.48,2.2,-1.77,-2.34,0.31,-0.94,0.54,-0.69,3,0,0
1.53,0.13,0.37,0.24,1.65,2.34,-3.01,1.98,3,0,0
3.09,1.77,0.95,2.19,1.53,-1.25,2.46,-6.55,3,0,0
-1.67,0.72,-0.37,-1.27,-0.29,-0.5,0.57,2.13,3,0,0
1.41,1.87,1.18,-1.42,0.55,0.29,-3.23,2.1,3,0,0
2.17,0.12,-4.58,-1.48,-0.9,-0.69,3.28,-0.69,3,0,0
1.53,1.01,1.59,1.45,1.25,0.6,-0.8,1.33,3,0,0
1.06,2.05,2.27,-0.1,1.15,-0.8,-1.99,-0.47,3,0,0
-0.53,-1.48,-1.25,0.14,-1.4,-0.41,-0.35,0.43,3,0,0
1.05,0.47,0.55,1.19,0.09,-1.92,1.14,-1.89,3,0,0
0.55,2.12,0.6,-0.08,0.79,-0.24,1.18,-0.23,3,0,0
1.72,0.44,1.46,1.57,0.83,-1.55,0.4,-3.7,3,0,0
-0.73,-1.23,-2.23,-1.63,-1.22,-1.23,0.47,0.65,3,0,0
-1.81,0.34,3.06,1.46,0.68,0.99,-2.27,1.78,3,0,0
0.74,0.72,0.47,-0.26,2.39,2.29,-1.6,0.86,3,0,0
-2.59,0.12,-0.21,-0.38,-2.09,-1.58,1.77,-0.42,3,0,0
3.93,2.18,-0.71,-1.32,1.93,0.83,-2.02,-0.68,3,0,0
-0.2,1.35,0.07,-1.11,0.6,0.06,0.25,0.15,3,0,0
-3.13,-0.97,0.74,-0.7,-3.26,-3.57,-0.27,-0.38,3,0,0
-1.44,0.45,0.58,-1.62,-3.11,-3.85,-0.31,1.77,3,0,0
-1.37,-0.22,0.66,-0.82,-1.91,-1.74,-2.33,1.48,3,0,0
-1.23,-1.91,-4.06,0.63,0.77,3.61,4.08,2.55,3,0,0
3.59,-0.13,-2.32,-1.67,0.11,-0.62,-2.44,0.01,3,0,0
2.04,-0.72,-1.33,-0.77,-2.37,-2.83,-1.82,-0.9,3,0,0
0.92,1.44,0.14,-2.45,0.96,-0.08,-2.75,2.08,3,0,0
-1.23,-0.23,-0.63,-1.81,-1.51,-0.88,-1.27,2.12,3,0,0
-2.25,-0.19,-2.23,-1.79,-1.37,0.69,1.34,3.2,3,0,0
-0.7,-1.68,-0.7,0.66,-0.15,0.67,-0.55,2.0,3,0,0
2.58,1.65,1.62,1.35,2.73,0.02,-0.52,-1.98,3,0,0
-3.03,-0.72,0.99,1.72,0.49,2.17,0.92,0.54,3,0,0
0.84,-1.14,0.79,0.91,-0.4,-2.03,-1.18,-2.24,3,0,0
0.61,1.57,-0.53,-0.92,0.1,0.68,0.9,2.7,3,0,0
-3.59,-0.06,0.58,-0.94,-1.67,-0.24,0.92,2.37,3,0,0
-3.6,-0.59,-0.05,-2.45,-3.73,-2.74,-1.13,4.5,3,0,0
-0.48,-0.56,-1.38,-0.96,-0.6,-0.77,0.49,0.61,3,0,0
0.86,2.82,-1.65,-1.79,1.47,1.63,1.71,1.61,3,0,0
-3.02,-0.4,-0.18,-0.77,-1.29,0.68,-0.07,2.39,3,0,0
0.8,1.23,0.27,0.87,2.38,2.12,0.85,0.11,3,0,0
0.64,1.03,0.52,-0.03,0.67,-0.63,0.83,0.74,3,0,0
2.85,-0.18,-1.81,-0.55,0.45,-0.36,-0.54,-0.73,3,0,0
0.83,0.69,-3.43,-2.6,-2.38,-0.19,-0.43,4.17,3,0,0
-1.64,-1.08,2.33,2.22,-0.39,0.73,-1.18,2.3,3,0,0
0.37,-0.29,-1.79,-0.48,-0.39,0.45,1.25,1.0,3,0,0
1.48,-0.21,-1.11,-0.01,-1.73,-3.49,1.12,-0.79,3,0,0
-1.94,-0.86,-2.0,0.89,-0.47,-0.09,4.91,-1.46,3,0,0
1.53,-2.2,-3.05,0.32,-0.68,-0.41,0.52,-1.08,3,0,0
-0.42,1.28,2.83,2.15,2.95,1.83,0.45,-1.57,3,0,0
-1.77,-1.78,-1.84,0.49,-0.53,1.06,2.03,1.17,3,0,0
0.31,0.37,0.43,-0.73,-0.42,-1.9,-1.45,0.46,3,0,0
-0.59,-0.51,0.82,1.0,0.15,-0.58,0.0,-0.46,3,0,0
1.12,1.44,-0.52,0.5,2.17,2.19,1.7,-0.46,3,0,0
3.02,3.33,2.24,-1.96,1.18,-0.07,-5.19,2.17,3,0,0
-0.98,0.54,1.7,0.7,0.01,-0.21,-0.28,-0.82,3,0,0
-1.21,0.47,1.25,-0.15,-0.38,-0.63,0.51,1.08,3,0,0
-0.49,0.66,1.39,-0.14,1.23,0.51,-2.06,0.57,3,0,0
1.29,-1.31,-0.42,1.76,-0.14,-0.79,0.36,-2.12,3,0,0
-2.12,0.05,2.31,1.74,-0.17,-0.1,0.47,0.12,3,0,0
-0.86,0.47,0.21,-1.06,-1.19,-1.27,-0.75,2.44,3,0,0
-0.45,-0.6,-0.87,-1.22,-1.22,-0.68,-1.74,2.63,3,0,0
-0.35,-0.21,1.98,1.91,0.7,0.07,-0.6,-0.18,3,0,0
1.6,1.97,1.72,-0.84,1.98,1.41,-3.07,0.81,3,0,0
2.92,0.87,-2.35,-1.53,0.77,-0.64,0.12,-1.02,3,0,0
1.42,0.51,2.26,2.79,0.6,-0.36,-0.28,-1.7,3,0,0
-0.4,1.41,-1.58,-3.33,-2.33,-2.12,-0.39,2.32,3,0,0
-1.28,-0.82,-2.24,-1.64,-2.49,-0.94,-0.02,1.8,3,0,0
0.39,1.28,0.92,0.32,-0.17,-0.57,-0.22,-0.58,3,0,0
2.39,1.69,1.44,-1.13,-0.45,-1.39,-3.66,1.73,3,0,0
0.98,1.14,1.75,2.03,0.08,-1.68,1.21,-5.14,3,0,0
-0.01,-1.41,-0.82,1.26,2.06,2.31,0.3,0.33,3,0,0
0.5,1.32,3.54,1.01,2.73,0.76,-2.6,-1.02,3,0,0
-1.02,-2.28,-4.21,-1.49,-2.06,-1.65,2.87,-2.06,3,0,0
-4.16,-1.98,1.12,1.75,-0.67,1.46,0.29,1.58,3,0,0
2.02,-0.26,-1.52,-0.42,-0.02,-1.03,-0.56,-1.17,3,0,0
1.39,0.72,-2.4,-2.68,-1.92,-3.18,0.06,1.56,3,0,0
-0.24,0.06,-0.26,-1.51,-1.61,-1.6,-1.79,2.07,3,0,0
2.03,0.2,-1.02,1.28,2.6,1.6,1.27,-0.91,3,0,0
0.73,0.58,0.28,0.47,0.87,-1.38,0.59,-3.13,3,0,0
-0.41,-0.94,-1.37,-1.46,-2.1,-1.78,-1.43,2.38,3,0,0
0.97,0.81,-2.22,-1.63,-1.02,-0.7,-0.12,2.57,3,0,0
-1.21,-0.61,-0.68,-1.09,0.18,0.63,-0.14,0.95,3,0,0
2.32,1.0,0.6,2.56,1.75,1.23,1.27,-2.77,3,0,0
-3.14,0.98,2.51,-1.36,-1.64,-0.74,-2.43,3.99,3,0,0
3.64,3.46,0.47,-2.73,1.73,-0.16,-3.17,0.95,3,0,0
0.21,1.53,0.03,0.38,1.48,0.37,2.99,-1.17,3,0,0
0.7,1.0,0.31,-0.14,-0.12,-1.19,-0.2,-0.74,3,0,0
-1.17,0.82,-0.15,-1.38,-1.65,-1.48,0.21,1.14,3,0,0
2.19,0.36,1.75,1.2,1.52,-1.2,-2.1,-1.94,3,0,0
1.84,1.7,2.14,-0.3,0.88,-1.65,-2.55,-0.58,3,0,0
-0.75,0.7,-0.08,-0.94,0.21,0.57,-0.42,2.36,3,0,0
3.15,1.04,-0.55,0.28,1.62,-0.14,0.46,-1.16,3,0,0
1.24,1.06,-0.3,0.52,0.91,-1.06,2.44,-0.6,3,0,0
-0.9,-1.04,-3.36,-0.72,-2.34,-0.49,3.17,1.04,3,0,0
-0.36,0.31,3.27,0.49,0.21,-0.07,-3.78,0.9,3,0,0
-1.52,0.61,0.47,-0.46,0.24,0.12,0.68,1.05,3,0,0
1.97,-0.31,-0.93,0.8,1.81,0.52,0.18,-1.6,3,0,0
-0.24,1.08,1.35,-0.76,1.24,-1.47,-0.6,-1.55,3,0,0
-2.47,-1.29,-2.69,-0.91,-2.69,0.98,1.42,3.45,3,0,0
1.68,-0.37,-1.28,0.64,1.13,1.05,0.24,-0.04,3,0,0
0.17,3.67,0.18,-3.02,-0.74,-3.24,1.09,-0.05,3,0,0
0.14,0.3,-1.32,-1.35,-0.65,-0.84,0.32,1.23,3,0,0
-0.72,0.29,0.4,-1.24,-1.17,-1.62,-1.05,0.57,3,0,0
-3.6,-1.7,-1.31,-0.19,-0.79,-0.06,2.37,-0.52,3,0,0
0.71,-0.91,-1.57,0.83,0.12,0.43,1.28,-0.59,3,0,0
1.73,0.91,-0.41,-2.0,-1.16,-2.79,-1.6,0.04,3,0,0
-0.44,1.11,1.68,0.85,0.27,-0.72,0.94,-2.12,3,0,0
3.2,2.5,1.33,-0.37,1.94,0.39,-2.15,-0.12,3,0,0
-0.53,0.13,-1.7,-0.55,-2.04,-0.91,1.69,1.3,3,0,0
1.33,0.63,-1.38,-1.49,-2.0,-2.93,-0.25,0.69,3,0,0
2.19,1.96,0.64,-1.49,-0.38,-3.18,-1.39,-0.4,3,0,0
0.18,0.46,-1.25,-1.26,0.64,-0.16,0.09,-1.67,3,0,0
0.87,0.71,0.08,0.76,0.22,-1.07,1.03,-0.63,3,0,0
1.09,0.92,1.14,0.13,0.75,-0.33,-1.01,0.1,3,0,0
0.69,1.14,-1.61,-1.88,-1.4,-2.79,2.18,0.63,3,0,0
-3.16,-1.41,-3.29,-1.76,-2.65,0.36,1.2,2.78,3,0,0
-0.4,1.17,2.48,-0.0,0.6,0.33,-3.11,2.51,3,0,0
-2.17,-1.03,-0.33,0.72,-0.69,0.57,0.35,0.13,3,0,0
-2.0,-1.91,0.38,-0.23,-0.61,-0.53,-2.27,1.71,3,0,0
0.62,0.53,-1.59,-1.86,-0.22,-0.63,-0.66,0.43,3,0,0
-0.83,-0.1,0.78,-0.18,-0.99,-1.95,-0.28,-0.57,3,0,0
3.63,1.81,0.94,0.43,1.44,-1.82,-1.26,-2.81,3,0,0
-0.07,0.41,-0.04,0.12,-1.23,-0.94,1.03,-0.9,3,0,0
-1.15,1.23,-0.66,-0.85,-0.3,0.92,1.83,1.35,3,0,0
-0.28,0.49,-1.83,-1.76,0.35,1.07,-0.04,3.03,3,0,0
-1.75,-0.36,0.0,1.41,0.35,1.3,2.44,0.21,3,0,0
-2.58,1.5,0.14,-1.52,-1.63,-1.04,1.3,2.58,3,0,0
0.71,-0.23,-0.69,-0.64,-0.17,0.77,-1.63,2.81,3,0,0
-2.14,-1.72,-1.66,0.26,-0.61,0.23,1.87,1.04,3,0,0
0.72,0.41,0.2,-1.06,-1.08,-1.08,-2.17,1.38,3,0,0
-2.65,1.17,1.53,-1.66,-1.87,-2.41,-0.46,1.74,3,0,0
0.62,0.12,0.04,-0.84,-0.8,-0.28,-2.25,1.21,3,0,0
-0.7,0.63,-1.4,-1.44,-1.8,-1.0,1.39,1.49,3,0,0
-1.03,0.47,-3.0,-0.73,-0.21,1.63,3.65,0.88,3,0,0
-1.21,-0.33,-1.4,-0.79,-1.11,-0.7,1.12,0.1,3,0,0
1.69,0.55,0.11,-1.18,0.12,-0.27,-2.9,0.88,3,0,0
-1.57,0.69,0.05,-0.37,-0.68,1.04,-0.1,2.75,3,0,0
-0.46,0.72,-0.81,-0.7,0.78,1.53,0.2,1.38,3,0,0
-0.02,0.32,-0.4,-1.45,-0.17,-0.91,-1.56,-0.15,3,0,0
-2.63,-1.32,-2.87,-1.63,-3.01,-1.65,1.82,1.45,3,0,0
-2.81,-1.57,-2.31,-0.26,-1.54,1.19,1.76,2.27,3,0,0
2.09,-0.39,-0.37,-0.01,1.42,2.13,-3.15,1.14,3,0,0
0.33,1.69,0.06,-1.83,0.63,-0.51,-1.05,-0.05,3,0,0
-1.9,-0.72,-0.27,0.55,0.16,1.64,1.16,1.96,3,1,1
1.2,-0.85,-1.73,0.76,0.7,2.31,-0.77,1.88,3,0,0
-0.49,0.67,0.93,-0.43,0.51,0.27,-1.27,0.72,3,0,0
-1.04,-1.09,-1.65,-0.72,1.13,1.16,0.81,0.12,3,0,0
2.63,1.85,-0.71,-0.55,0.12,-1.54,0.57,-0.78,3,0,0
1.74,0.59,0.13,-1.07,1.04,0.17,-3.09,0.7,3,0,0
0.5,2.11,0.16,-0.77,0.4,-0.23,1.03,0.05,3,0,0
-1.37,-0.21,0.67,0.77,1.47,1.17,0.45,0.47,3,0,0
2.31,1.33,-2.52,-1.47,-0.24,0.46,0.54,2.37,3,0,0
-0.45,1.41,1.81,-0.22,1.17,-0.52,-0.62,0.23,3,0,0
1.93,1.22,1.29,-0.64,-1.34,-1.92,-3.19,0.93,3,0,0
0.24,-1.25,-0.7,1.11,-1.21,-1.63,1.29,-2.36,3,0,0
2.74,-0.55,-1.96,0.54,1.59,0.38,-0.13,-2.86,3,0,0
-2.41,1.89,1.53,-1.62,-0.93,-0.91,-0.63,1.2,3,0,0
-0.39,0.3,0.87,1.37,-0.26,-0.4,1.19,-1.82,3,0,0
-1.0,-0.09,-1.28,-0.2,0.28,1.15,2.11,3.04,3,0,0
1.61,-0.3,-0.42,0.55,1.55,-0.06,0.11,-1.86,3,0,0
1.99,-2.21,1.68,4.22,0.41,-2.21,0.17,-5.17,3,0,0
1.17,0.67,-1.62,-2.14,-0.36,-1.29,-0.32,2.27,3,0,0
-0.63,0.22,-0.99,-0.21,0.26,-0.1,1.47,-1.37,3,0,0
2.66,1.8,-1.28,-1.82,-1.31,-1.88,-0.81,-0.25,3,0,0
-2.02,-1.55,1.23,1.32,-1.53,-0.41,-1.6,2.13,3,0,0
0.53,0.25,0.1,0.85,0.25,-1.48,1.31,-1.35,3,0,0
-1.69,-0.88,-1.11,1.29,-1.28,-0.17,2.63,-0.12,3,0,0
-1.67,-2.11,-2.43,0.21,-0.39,0.73,2.76,-0.29,3,0,0
2.26,2.02,-1.03,-0.67,3.08,3.93,-0.76,2.52,3,0,0
-0.41,0.85,0.41,-0.79,-0.44,-0.51,-0.46,0.55,3,0,0
0.1,0.74,-2.8,-3.0,-1.08,-1.47,0.59,1.76,3,0,0
0.8,0.54,-0.1,-0.14,0.22,-1.14,0.65,0.17,3,0,0
-2.72,1.02,-0.85,-2.49,-2.74,-2.82,1.73,0.16,3,0,0
0.48,1.71,1.89,-0.53,1.98,0.53,-2.19,0.99,3,0,0
4.45,1.45,-1.7,-1.54,1.68,-0.3,-0.87,0.5,3,0,0
3.54,4.21,0.27,-1.92,2.43,-0.89,-0.05,-0.77,3,0,0
1.63,1.7,1.97,-0.17,-1.18,-2.53,-2.31,-0.61,3,0,0
0.33,1.65,3.09,-0.04,-0.74,-3.03,-2.32,-1.72,3,0,0
0.68,-0.13,-2.01,-1.52,-0.21,0.3,-0.38,1.32,3,0,0
-0.99,-0.5,1.22,2.84,0.46,1.05,1.65,-1.61,3,0,0
3.35,3.4,-0.5,-3.31,0.1,-2.28,-1.78,0.13,3,0,0
0.23,1.18,0.52,0.36,1.94,1.23,0.46,0.47,3,0,0
-0.23,1.55,3.22,1.36,1.35,0.57,-0.84,-0.92,3,0,0
1.26,1.5,0.31,-1.25,0.71,-1.09,-0.64,0.51,3,0,0
1.38,1.24,0.54,-0.82,-0.33,-2.3,-1.21,-0.81,3,0,0
3.01,0.77,-2.11,1.14,2.69,0.95,3.42,-2.72,3,0,0
-0.0,2.15,0.06,-0.88,-0.4,-1.56,2.44,-0.65,3,0,0
-0.86,0.6,-0.5,-0.24,0.01,0.1,2.44,2.5,3,0,0
0.85,0.15,-0.42,-0.13,-0.11,-0.73,0.12,-0.69,3,0,0
-2.03,-2.53,-2.93,-1.09,-1.57,-1.45,0.91,-0.01,3,0,0
-0.72,-0.31,0.94,-0.65,-1.2,-2.06,-1.52,0.29,3,0,0
1.78,-0.47,0.74,1.4,0.77,-1.05,-0.43,-2.42,3,0,0
-1.74,0.15,-1.09,-0.08,-0.93,-0.39,2.58,-0.41,3,0,0
1.6,3.08,1.07,-2.86,-0.61,-1.79,-3.6,1.76,3,0,0
1.36,-0.23,-0.0,1.31,1.23,0.68,-0.54,-0.71,3,0,0
-0.53,0.55,-0.58,-1.07,0.56,-0.15,0.54,0.6,3,0,0
-2.01,-2.04,0.72,2.68,-0.27,-0.62,2.78,-1.23,3,0,0
-3.17,-1.01,1.8,1.17,0.12,0.77,-0.3,0.27,3,0,0
-1.47,0.52,1.88,0.22,0.52,-0.41,0.28,1.09,3,0,0
2.43,-0.44,1.08,0.64,1.53,0.09,-3.49,-0.78,3,0,0
1.33,-1.14,-0.14,2.33,-0.34,-1.41,0.97,-2.7,3,0,0
0.25,1.31,-0.73,-1.93,-0.77,-1.5,-0.18,0.8,3,0,0
1.52,-1.07,-1.97,1.58,0.39,1.58,1.35,-0.77,3,0,0
-2.56,-1.21,-0.45,0.69,-0.51,-0.9,2.33,0.81,3,0,0
1.75,-0.03,-2.11,-0.38,-0.71,-2.3,2.62,-1.0,3,0,0
2.96,-0.05,-2.99,-1.38,1.77,0.81,0.65,-1.59,3,0,0
-1.94,0.12,0.26,0.09,-0.76,-0.79,2.42,1.08,3,0,0
-0.21,-0.7,0.64,1.9,1.76,1.7,0.68,-1.39,3,0,0
1.54,0.27,-0.97,-1.46,-2.11,-3.81,-0.53,-0.81,3,0,0
-0.14,-1.34,-1.89,1.06,0.82,0.88,2.69,0.53,3,0,0
-3.74,-1.53,-2.06,-1.9,-2.43,-0.39,0.76,3.3,3,0,0
2.92,0.97,3.6,2.35,2.93,-0.05,-2.92,-2.5,3,0,0
1.06,-1.26,-3.42,-1.4,-1.59,-1.7,0.6,-0.68,3,0,0
1.35,-0.01,-0.34,-0.94,-0.49,-2.82,-2.42,-1.32,3,0,0
-1.62,-2.91,-1.66,1.64,-0.22,1.36,1.98,-0.68,3,0,0
0.07,0.15,1.62,2.06,-0.02,1.13,-1.21,1.56,3,0,0
-1.04,0.93,0.64,0.08,-0.18,0.35,0.82,2.04,3,0,0
-0.7,1.22,-0.52,-2.35,-0.33,-0.58,-1.23,2.5,3,0,0
2.66,0.13,-1.36,0.09,-0.56,-0.93,-0.27,0.71,3,0,0
0.49,0.91,-0.07,-1.24,-0.55,-1.97,-0.56,-0.4,3,0,0
-0.7,-0.07,-1.79,-1.93,-2.71,-1.72,-0.01,2.89,3,0,0
-5.42,-0.44,0.46,-1.57,-1.92,0.94,-0.23,4.7,3,0,0
1.05,-0.2,0.58,0.33,-1.38,-3.55,-0.26,-2.07,3,0,0
0.94,0.08,1.51,-0.63,-1.3,-1.8,-3.96,1.51,3,0,0
0.16,0.1,-0.07,1.17,1.68,1.16,1.6,-0.77,3,0,0
-2.19,-1.28,-0.51,-0.35,-1.04,-0.39,0.31,0.86,3,0,0
-1.22,-0.46,0.25,1.71,1.17,2.82,0.89,1.4,3,0,0
2.33,0.67,-1.41,-2.46,0.38,0.31,-3.49,2.26,3,0,0
-0.1,-1.7,0.45,0.61,-1.59,-1.0,-3.11,0.42,3,0,0
-0.81,0.07,0.78,0.82,-0.53,0.15,-0.27,0.34,3,0,0
0.23,0.88,0.71,0.06,0.56,-0.73,1.06,0.05,3,0,0
-2.87,-0.61,1.86,0.25,-0.65,-0.88,-0.86,0.56,3,0,0
-1.57,1.05,0.71,-0.11,-0.54,0.26,0.73,1.81,3,0,0
-0.97,1.13,2.26,0.17,-0.06,0.33,-1.47,0.9,3,0,0
0.59,1.77,0.34,-0.44,0.34,-0.24,0.89,1.11,3,0,0
1.9,1.06,-0.97,-1.53,-2.07,-2.46,-0.72,2.6,3,0,0
-3.49,-0.05,-0.65,-1.45,-3.85,-2.83,1.58,1.69,3,0,0
1.31,1.41,3.13,2.28,1.36,-1.91,0.09,-4.21,3,0,0
-0.01,-1.2,-2.77,-0.46,0.5,2.53,1.26,1.86,3,0,0
-0.61,-0.89,2.45,2.87,-0.77,-1.53,-0.41,-2.13,3,0,0
-3.83,0.12,-3.12,-3.47,-3.29,0.48,0.68,6.56,3,0,0
1.65,0.35,2.89,2.29,0.75,-0.73,-2.09,-2.16,3,0,0
-2.54,-0.99,1.09,0.84,-1.96,-1.8,0.51,-0.77,3,0,0
-1.22,-1.14,0.3,0.5,-1.6,-1.73,0.24,0.41,3,0,0
-0.44,1.74,0.72,-0.33,-2.0,-2.71,1.62,0.25,3,0,0
-1.46,-0.06,2.19,0.6,0.11,-0.39,-1.53,0.04,3,0,0
-2.0,-0.18,-2.1,-0.01,-0.21,2.06,3.15,1.43,3,0,0
3.33,0.2,-2.56,-0.68,1.24,-0.53,0.96,-1.84,3,0,0
-0.6,-0.77,0.22,1.58,-2.44,-2.36,1.24,-0.01,3,0,0
1.48,0.32,0.37,0.57,-0.19,-1.73,-0.82,-1.0,3,0,0
-0.11,0.71,-0.22,-0.28,0.51,1.65,-0.63,2.66,3,0,0
1.53,2.07,0.23,0.24,1.36,0.75,1.69,-0.62,3,0,0
0.15,-1.01,-2.68,-0.83,-0.09,0.3,0.9,0.43,3,0,0
0.11,1.68,-0.48,-1.98,-0.76,-0.34,-0.06,4.55,3,0,0
3.7,3.02,-0.18,-1.77,1.36,-0.64,-0.63,-0.16,3,0,0
0.04,0.01,0.46,0.28,0.23,1.51,-1.91,2.48,3,0,0
1.63,0.36,1.24,2.36,2.25,0.62,1.14,-2.59,3,0,0
2.02,2.02,-0.22,-1.01,1.5,-0.08,1.01,-0.94,3,0,0
4.83,2.63,1.47,-1.46,2.7,-1.54,-2.68,-1.08,3,0,0
1.14,-0.66,-2.06,-0.86,0.45,0.89,-0.58,-0.02,3,0,0
-2.14,-0.29,-0.79,-0.4,-0.6,0.11,1.7,1.19,3,0,0
0.02,-0.8,-0.38,0.02,-0.91,-1.15,-0.65,-1.56,3,0,0
-0.84,0.36,-0.02,0.13,-0.57,1.03,0.42,2.77,3,0,0
-1.88,1.06,-0.45,-2.0,-1.98,-1.78,1.09,1.76,3,0,0
0.52,0.5,1.16,1.68,1.22,-0.1,1.27,-1.05,3,0,0
1.01,1.38,-1.05,-2.82,-0.31,-1.86,-0.06,0.83,3,0,0
3.9,1.47,0.33,1.56,1.06,-0.22,-0.56,-1.48,3,0,0
-4.36,0.67,3.67,0.82,-0.96,0.35,-0.89,2.86,3,0,0
2.14,0.97,0.3,0.29,0.68,-2.92,0.14,-3.45,3,0,0
0.7,1.23,0.58,0.16,1.76,0.68,0.57,-0.76,3,0,0
-0.97,0.35,1.31,0.69,-0.21,0.04,-1.01,1.78,3,0,0
2.48,1.09,-0.75,-0.42,-0.56,-1.87,0.77,0.25,3,0,0
2.14,1.78,0.28,-1.0,2.39,1.26,-1.3,0.78,3,0,0
-3.35,0.97,-0.8,-2.12,-2.96,-1.39,2.06,3.79,3,0,0
0.06,0.66,-1.22,-0.81,-0.78,-0.58,1.23,-0.04,3,0,0
-0.31,0.71,1.06,-0.53,-0.64,-1.46,-1.47,-0.09,3,0,0
2.45,1.37,0.59,0.19,0.24,-1.03,-0.26,0.76,3,0,0
-1.73,-1.22,1.08,1.68,1.14,1.18,-0.6,-1.18,3,0,0
-2.57,-0.73,2.58,2.63,0.45,-0.17,0.37,-2.06,3,0,0
-0.74,0.63,0.61,-0.56,-0.06,0.01,-0.2,1.77,3,0,0
-2.04,-2.34,0.38,2.83,-0.42,1.3,0.55,0.86,3,0,0
-0.57,0.6,1.28,0.77,1.33,1.64,-1.13,0.9,3,0,0
2.7,0.26,-1.98,-0.4,0.17,-0.31,0.27,0.44,3,0,0
-2.7,-0.56,-2.96,-1.57,-1.94,-2.34,4.79,-1.49,3,0,0
-0.42,-0.38,-1.17,-2.13,-2.17,-2.54,-0.24,1.26,3,0,0
-1.56,1.14,1.37,-1.66,-2.09,-2.97,-1.47,1.3,3,0,0
2.19,0.55,0.47,1.12,2.31,1.08,-0.22,-2.28,3,0,0
0.18,-0.06,-1.53,-1.12,-0.91,-1.89,1.06,-0.76,3,0,0
3.09,1.68,-1.54,-1.02,1.1,-0.39,1.61,0.53,3,0,0
-0.73,1.29,0.21,-0.73,-1.37,-1.58,1.79,0.89,3,0,0
-1.06,-0.16,-0.86,0.77,0.71,2.38,0.96,2.38,3,0,0
-0.73,-2.34,-0.59,1.42,-1.05,0.47,-1.68,1.3,3,0,0
0.65,-0.92,-2.15,-0.78,-1.76,-1.41,0.25,1.22,3,0,0
-1.45,0.2,0.89,0.13,1.23,0.76,-0.01,-2.24,3,0,0
-2.97,-1.2,-0.9,-0.02,-2.8,-1.91,2.23,1.09,3,0,0
-0.61,0.36,0.2,0.3,1.36,3.5,-1.21,4.06,3,0,0
-1.65,-0.81,-0.67,0.83,-0.84,0.09,1.09,-0.11,3,0,0
-0.21,-0.12,-2.89,-3.36,-4.37,-3.76,0.21,3.33,3,0,0
-2.42,-0.06,-0.08,-2.25,-1.24,-1.81,-0.41,0.82,3,0,0
0.44,-0.17,0.34,1.14,0.23,-0.77,-1.15,-1.89,4,0,0
2.81,-1.63,0.14,0.6,-2.17,-0.22,-0.36,0.32,4,0,0
1.25,1.7,3.87,0.85,-0.14,-1.54,-2.76,1.66,4,0,0
1.0,-1.17,1.97,-0.68,1.35,-0.24,1.3,-0.53,4,0,0
-3.22,0.92,1.26,0.94,0.28,-1.18,-1.01,1.54,4,0,0
-2.31,1.06,1.79,-0.84,-0.88,0.21,3.14,0.24,4,0,0
-1.96,1.7,0.21,-0.36,-2.33,-2.76,0.71,0.57,4,0,0
-1.52,1.27,0.09,-1.72,0.53,-2.14,-0.32,-1.89,4,0,0
-2.44,0.59,2.65,0.93,3.87,0.86,0.88,-2.8,4,0,0
-1.7,0.17,1.7,0.26,2.1,1.46,-1.78,-0.31,4,0,0
-0.14,-1.09,1.68,-1.04,1.21,1.25,0.37,0.41,4,0,0
-2.43,0.06,-0.77,-2.25,0.2,-2.61,1.51,-0.53,4,0,0
-0.07,0.31,3.18,1.63,-1.24,-0.23,-0.47,3.06,4,0,0
-2.69,-0.01,-1.35,2.58,1.54,0.45,-1.44,-4.02,4,0,0
-1.27,-1.6,0.15,1.82,-0.31,0.25,0.94,0.49,4,0,0
0.57,-2.0,1.1,0.55,1.78,2.34,-2.92,0.58,4,0,0
1.06,-1.85,3.51,-0.55,1.37,1.63,-1.31,3.81,4,0,0
-2.59,-1.36,3.58,2.18,1.18,3.34,2.5,2.57,4,0,0
0.7,-3.82,0.37,-2.03,0.08,3.02,-0.4,3.59,4,0,0
-0.6,-0.93,1.97,3.14,1.36,2.57,-1.0,-0.62,4,0,0
3.52,-0.74,1.94,2.5,-1.17,-0.52,-2.82,0.64,4,0,0
-1.95,1.51,0.92,0.86,0.23,-3.04,-2.13,0.16,4,0,0
3.06,-2.25,1.66,0.22,0.24,0.66,-0.43,0.31,4,0,0
1.37,-0.89,-1.72,-2.0,-1.36,-2.34,0.6,-2.04,4,0,0
1.16,-0.53,0.29,-2.22,1.78,-0.09,-2.04,-1.99,4,0,0
-0.49,2.04,0.24,-0.67,-0.58,-2.06,-0.14,-3.07,4,0,0
-2.84,1.12,3.23,3.89,2.68,0.28,-1.41,-0.7,4,0,0
0.6,0.68,1.39,-0.49,-0.34,-1.86,-0.8,-0.26,4,0,0
1.34,-2.61,-1.64,-3.02,0.45,0.2,0.31,-1.34,4,0,0
-3.46,1.51,2.76,1.2,0.78,0.41,0.19,1.06,4,0,0
-1.81,1.75,0.34,2.05,-1.47,-1.44,-1.61,-0.47,4,0,0
0.34,-1.16,-1.7,-1.73,-0.43,-2.23,-1.26,-0.63,4,0,0
2.98,-4.12,-1.92,-2.09,0.75,-0.19,-0.3,-1.35,4,0,0
-1.97,3.17,-0.27,0.36,-3.03,-4.52,1.98,-2.28,4,0,0
0.35,-0.15,-1.91,-0.55,-6.83,-5.92,2.54,3.29,4,0,0
0.77,-0.36,1.05,2.93,-0.16,-0.44,-2.13,-0.51,4,0,0
-0.78,-1.04,2.94,1.49,1.37,2.88,-0.54,1.46,4,0,0
-0.13,2.53,1.11,0.28,1.22,-3.25,-3.14,-2.96,4,0,0
0.41,0.75,0.72,-1.45,-0.37,-2.21,-1.25,-0.16,4,0,0
-0.81,-1.06,-0.99,-0.11,0.39,-1.09,-0.38,-1.19,4,0,0
-0.42,0.05,0.46,-2.2,1.99,-1.1,-1.55,-1.42,4,0,0
1.45,-1.83,-0.62,-4.22,-1.58,-0.46,3.38,-0.06,4,0,0
-0.5,-0.77,3.09,-1.14,1.71,-0.02,-0.49,2.88,4,0,0
-0.77,-0.69,0.92,-0.71,-2.36,-1.04,3.04,2.32,4,0,0
1.23,0.07,1.25,0.91,-1.16,-0.77,-0.37,-0.36,4,0,0
-1.18,-0.44,3.17,-2.39,3.1,1.46,-0.53,1.46,4,0,0
-0.96,1.2,0.53,0.37,-2.07,-1.9,0.77,-0.18,4,0,0
0.81,-1.49,1.39,-1.2,0.22,0.51,-0.94,1.91,4,0,0
2.73,-0.72,2.33,2.75,-2.41,-1.4,0.31,1.45,4,0,0
4.68,-4.8,2.45,-0.51,-1.14,4.29,0.22,4.4,4,0,0
-2.1,0.09,-0.52,-0.26,-1.08,-1.66,1.07,0.01,4,0,0
0.75,1.86,-0.35,-0.92,0.66,-2.57,-2.39,-4.67,4,0,0
-2.13,-2.99,-1.69,0.35,1.65,0.41,-0.28,-0.32,4,0,0
0.49,1.5,0.47,-1.43,-0.44,-1.74,-2.69,-0.89,4,0,0
-0.94,-1.0,-1.73,3.32,-0.78,-0.51,-0.24,-2.85,4,0,0
-0.46,-1.43,-0.96,1.24,2.71,-0.9,-1.07,-3.9,4,0,0
-0.7,3.46,2.73,1.56,-1.3,-3.53,-0.5,-0.71,4,0,0
-2.48,-0.28,-0.15,-1.69,1.11,-1.46,0.25,-0.09,4,0,0
0.51,-2.57,1.07,-0.26,1.33,2.01,1.26,-0.07,4,0,0
0.16,-1.04,0.75,0.95,-0.09,0.03,0.17,-0.23,4,0,0
1.58,-0.7,-0.03,-2.17,-1.92,-1.57,2.24,-0.51,4,0,0
0.86,-0.88,-0.95,-1.33,-2.57,-2.92,-0.26,1.58,4,0,0
0.99,-1.77,1.69,-0.41,0.91,3.14,1.39,-0.95,4,0,0
-3.51,0.09,-3.6,-2.47,-1.43,-3.7,3.93,-3.04,4,0,0
0.03,-0.92,0.21,2.09,-0.12,1.58,-2.37,-0.54,4,0,0
-1.56,-0.95,2.22,-1.34,0.04,2.18,3.19,1.8,4,0,0
0.93,1.64,1.58,2.0,-1.5,-2.25,-0.61,-1.48,4,0,0
-2.47,0.65,0.23,0.04,0.89,-0.81,0.36,-1.71,4,0,0
-1.95,0.35,-0.74,-1.03,-1.15,-1.5,1.62,-0.84,4,0,0
-0.82,-1.03,0.51,0.57,-1.19,0.78,0.95,0.92,4,0,0
-0.78,-3.54,-0.28,-1.08,2.88,2.17,-1.31,0.72,4,0,0
-1.5,1.72,1.63,-2.14,1.07,-0.74,0.33,-1.49,4,0,0
0.93,-0.03,-2.58,-0.42,-2.51,-3.88,0.09,-2.84,4,0,0
0.6,0.34,-1.71,-1.17,-0.83,-2.09,-2.94,-2.09,4,0,0
1.06,-3.76,-1.15,-0.74,2.0,0.66,-2.47,0.13,4,0,0
2.63,-0.84,3.16,1.76,-1.17,-0.99,0.91,1.53,4,0,0
-2.71,-2.93,0.57,0.1,0.16,2.15,-0.17,4.88,4,0,0
0.75,-1.47,2.11,1.75,-0.02,2.61,0.81,0.22,4,0,0
-0.22,1.23,3.21,-0.96,0.29,0.45,0.77,0.25,4,0,0
0.14,1.67,0.79,-0.96,-1.06,-1.27,-1.63,-0.83,4,0,0
0.07,-1.06,0.48,-0.13,-1.24,-0.48,2.67,-0.06,4,0,0
-0.22,-0.26,-0.02,1.19,-0.56,0.06,-0.64,-1.29,4,0,0
1.2,0.76,1.48,0.27,-0.54,-0.97,-1.58,-0.71,4,0,0
0.77,1.64,2.15,-2.0,2.06,0.52,-2.39,-2.72,4,0,0
-1.1,-0.69,-2.29,-2.09,-1.41,-2.67,-1.82,0.98,4,0,0
0.19,-1.95,0.83,0.69,0.12,1.3,-0.44,1.26,4,0,0
1.72,0.46,-0.34,-2.29,-1.45,-2.67,0.07,-1.65,4,0,0
-0.81,0.31,0.54,1.84,0.5,0.4,-1.68,-1.65,4,0,0
2.56,-1.62,-0.15,0.29,1.44,1.03,-2.39,-3.11,4,0,0
-1.43,-0.13,2.19,-1.77,3.76,1.4,-1.65,-0.55,4,0,0
-2.64,-1.45,-0.84,0.47,-1.93,-0.63,4.6,0.47,4,0,0
0.82,-0.43,0.86,-1.05,-0.58,-0.64,1.08,-0.46,4,0,0
-0.93,0.04,-0.25,-4.73,0.08,-3.1,1.23,0.23,4,0,0
-0.72,1.01,1.43,2.32,0.86,1.75,-0.2,-3.61,4,0,0
0.26,-2.11,-0.13,-1.77,3.46,1.14,-2.47,-1.5,4,0,0
1.33,-2.81,-0.06,0.87,0.36,-0.2,-0.38,0.15,4,0,0
-1.37,-0.74,-1.91,0.57,-2.03,-1.6,1.52,-0.93,4,0,0
2.79,-0.36,-0.54,0.65,-3.04,-3.78,-0.36,-0.51,4,0,0
2.47,-1.72,0.5,-1.49,-0.19,-0.04,-0.56,-0.08,4,0,0
-1.83,1.48,0.99,0.32,-0.3,-1.07,-0.03,-0.76,4,0,0
4.01,-1.52,3.32,0.71,0.86,0.96,-3.02,1.54,4,0,0
1.72,-2.5,4.18,1.8,0.77,3.55,2.45,1.68,4,0,0
1.11,-0.74,2.65,2.38,0.38,0.72,1.29,-0.87,4,0,0
1.46,-0.44,-1.04,3.17,0.74,0.98,-5.39,-3.95,4,0,0
0.43,-0.52,3.65,1.57,0.65,2.02,1.29,0.52,4,0,0
1.95,-2.91,2.05,-0.72,-0.22,1.99,1.42,2.43,4,0,0
1.3,2.17,-2.16,-0.92,-2.02,-4.5,-3.84,-3.63,4,0,0
3.05,0.2,2.6,-1.74,-0.89,-0.33,-0.25,0.51,4,0,0
1.21,2.33,3.88,2.96,-0.5,-1.12,-2.75,0.0,4,0,0
-0.71,-1.71,0.71,-1.03,-0.53,0.7,3.65,0.73,4,0,0
3.03,-0.7,0.31,-0.61,-0.12,-1.35,-1.83,-1.72,4,0,0
1.23,-3.94,2.02,-1.88,0.95,0.97,3.03,3.16,4,0,0
-0.07,-1.4,0.29,2.5,-1.2,0.43,-0.16,0.56,4,0,0
-1.86,0.83,-2.25,-1.85,0.11,-4.7,-2.21,-1.69,4,0,0
-0.18,-0.79,-2.05,-2.31,0.86,-1.17,-2.51,-2.1,4,0,0
-0.17,0.21,1.47,0.72,0.73,0.88,-1.49,-0.89,4,0,0
-0.71,-0.01,1.57,-1.07,1.31,1.28,-2.39,0.67,4,0,0
1.28,-0.19,3.49,2.64,-0.38,-0.84,0.89,1.08,4,0,0
3.25,-0.84,-0.3,1.23,-1.87,-2.4,-2.41,-0.77,4,0,0
2.74,-0.2,0.01,-0.63,-1.09,-3.58,-0.52,-1.73,4,0,0
-0.51,-3.1,0.38,1.13,2.76,4.26,-0.66,-1.16,4,0,0
0.65,3.21,0.42,-0.14,-2.45,-3.11,0.01,-3.49,4,0,0
0.18,-1.16,0.35,-0.54,-0.94,1.25,0.65,0.18,4,0,0
2.58,0.6,2.95,1.02,-0.3,0.78,-1.3,-0.89,4,0,0
-2.38,2.55,-2.3,-4.9,0.23,-4.81,-3.56,-1.76,4,0,0
0.75,1.19,1.79,0.04,-2.14,-0.94,1.39,-0.52,4,0,0
-1.64,-0.07,1.15,0.06,0.89,-0.41,-0.52,0.45,4,0,0
1.14,0.19,-0.69,-1.04,-0.95,-1.53,-1.2,-2.0,4,0,0
0.97,-3.58,0.89,5.0,-1.14,2.61,-0.62,2.3,4,0,0
1.15,-1.26,-0.62,1.48,-0.41,-0.27,1.31,-3.3,4,0,0
0.01,-1.5,-0.12,-0.81,-0.68,0.15,1.92,-0.37,4,0,0
-1.54,0.54,0.79,0.75,-2.61,-1.65,2.08,1.49,4,0,0
1.42,-0.28,-1.61,-1.83,-0.32,-2.96,-1.98,-2.3,4,0,0
-0.58,-0.3,3.65,4.2,-0.8,1.31,1.51,1.74,4,0,0
0.07,0.61,1.3,0.49,-0.14,-1.11,-0.03,-1.08,4,0,0
1.91,-0.85,1.3,-0.38,-0.5,-1.61,0.46,0.03,4,0,0
1.41,1.14,0.21,-1.57,-0.07,-3.95,-2.22,-1.7,4,0,0
0.11,-1.09,-0.08,3.34,-0.5,0.03,-2.42,-0.28,4,0,0
-2.27,-2.7,-3.24,-0.89,2.16,2.03,0.29,-3.8,4,0,0
1.05,0.5,-0.33,-3.37,-0.46,-1.99,-0.35,-1.77,4,0,0
-1.43,-1.41,-0.32,-2.06,1.98,0.35,-1.35,0.06,4,0,0
-0.77,-2.7,-0.07,1.79,0.04,2.77,0.24,0.65,4,0,0
-2.72,0.6,-1.39,-1.29,1.31,-2.68,-2.07,-1.47,4,0,0
0.52,-1.31,5.26,0.93,1.17,2.13,0.56,4.28,4,0,0
1.27,-1.34,0.83,-2.93,1.44,-0.2,0.55,-0.95,4,0,0
-0.14,-2.81,-4.68,-3.4,-2.3,-3.18,2.07,-0.85,4,0,0
0.08,-0.09,2.09,-0.41,-0.24,0.37,1.96,-0.12,4,0,0
-1.28,1.4,0.07,-0.33,-1.14,-2.85,-0.22,-0.72,4,0,0
-1.0,-0.33,-1.44,-1.3,2.85,-0.16,-2.6,-4.26,4,0,0
1.58,-2.84,-0.81,0.63,-1.24,0.42,-0.86,0.85,4,0,0
0.83,0.55,-0.23,-0.96,0.76,-1.34,-0.3,-4.2,4,0,0
1.72,-0.65,-3.01,-1.49,-1.41,-3.31,-1.82,-2.93,4,0,0
-0.46,0.11,0.53,-1.25,-1.16,-1.71,0.96,0.61,4,0,0
-0.08,0.92,-1.37,-1.41,0.33,-2.49,-1.81,-3.73,4,0,0
0.56,-0.37,0.82,2.14,-0.85,0.89,0.12,-1.47,4,0,0
3.25,-1.54,1.49,2.1,-1.34,0.49,0.68,-0.85,4,0,0
0.57,-1.55,0.37,-3.38,2.27,-0.77,-0.95,-0.28,4,0,0
0.9,-1.5,0.51,0.91,1.57,1.18,-2.68,-1.1,4,0,0
-1.27,-2.11,0.63,0.47,0.01,1.54,1.59,1.28,4,0,0
0.23,-3.19,-0.61,-0.64,1.79,0.1,-3.16,1.58,4,0,0
3.15,-3.47,1.91,-0.14,-0.53,2.67,0.58,2.49,4,0,0
-1.01,-1.2,-1.22,-1.11,1.27,1.4,0.41,-3.06,4,0,0
0.42,-1.35,0.62,-4.15,-0.47,-1.48,2.49,1.63,4,0,0
-1.42,2.08,2.63,1.26,1.2,-2.16,-1.71,-0.48,4,0,0
5.05,-2.12,0.44,1.65,-0.38,1.2,-4.63,-0.98,4,0,0
-2.33,-0.75,-0.4,2.16,-2.57,-0.97,0.35,2.7,4,0,0
0.27,0.76,-0.29,1.57,-2.85,-3.18,1.6,-1.64,4,0,0
2.5,-0.67,1.47,1.91,-0.61,-1.88,-2.8,0.72,4,0,0
0.37,-1.58,-0.53,2.05,-2.79,0.08,1.27,0.62,4,0,0
-0.57,-1.68,0.19,2.16,0.18,0.9,-0.34,-0.24,4,0,0
2.33,0.5,-0.55,2.44,-2.54,-2.15,-2.74,-2.1,4,0,0
1.11,-1.69,-0.24,-0.07,-1.01,-0.43,-0.27,0.29,4,0,0
-2.13,-0.03,1.47,-0.91,2.0,0.4,-0.04,-0.14,4,0,0
2.41,-0.53,-2.93,-4.46,-0.98,-3.69,-1.64,-2.86,4,0,0
2.51,-5.59,1.43,-2.04,-0.9,2.74,3.04,5.26,4,0,0
0.49,-2.51,2.23,1.17,-0.39,0.92,3.13,2.01,4,0,0
2.95,-0.7,1.71,1.84,-2.46,-0.85,0.71,0.32,4,0,0
-0.57,3.12,1.95,1.63,-3.23,-2.7,0.25,0.07,4,1,1
2.43,-2.99,2.62,0.06,-1.23,3.45,1.55,3.34,4,0,0
1.08,-0.34,1.64,-1.85,0.7,-0.24,-2.32,1.15,4,0,0
-4.66,-0.5,-0.12,-0.88,2.79,-0.25,0.89,-0.66,4,0,0
-0.43,-0.7,-0.8,-4.22,1.46,-2.19,1.13,-1.81,4,0,0
-1.66,-0.31,-0.51,1.06,-2.15,-1.12,-1.18,2.3,4,0,0
2.34,-1.7,0.74,0.6,-0.59,-0.58,-0.66,0.19,4,0,0
0.38,0.69,-1.5,-2.5,0.52,-2.63,-3.85,-2.29,4,0,0
-0.34,-2.4,2.7,-0.47,3.17,3.15,-0.16,1.41,4,0,0
0.2,-1.49,-1.89,-3.4,0.09,-0.46,-2.15,-0.04,4,0,0
2.06,0.66,-1.04,-0.13,-1.09,-2.51,-2.51,-3.21,4,0,0
-0.3,1.86,2.23,4.24,-3.75,-2.17,-0.02,1.53,4,0,0
-0.57,-2.99,-2.0,-0.01,0.66,-0.77,-1.3,0.16,4,0,0
-3.17,-1.67,-0.76,-2.25,1.81,1.26,0.06,0.51,4,0,0
-1.28,-1.85,-0.47,-0.89,1.37,-0.15,-1.76,1.02,4,0,0
3.09,-0.76,-0.86,1.26,-1.91,-2.41,-2.08,-1.7,4,0,0
2.11,-4.31,-0.04,1.71,-1.37,3.8,1.35,1.15,4,0,0
-2.94,3.3,0.68,0.35,1.35,-1.82,0.07,-4.85,4,0,0
0.47,0.16,-0.4,0.32,-0.9,-2.05,-0.36,-1.88,4,0,0
1.52,-0.44,-0.88,1.27,-1.34,-2.3,-2.67,-1.01,4,0,0
2.53,-0.87,-1.48,0.88,-3.52,-2.58,-1.01,-0.42,4,0,0
3.47,-1.67,1.7,-0.32,-0.21,1.09,0.53,-1.03,4,0,0
-1.71,2.75,3.36,-0.43,2.3,-1.46,-1.48,-1.11,4,0,0
0.83,-0.19,1.08,0.02,-0.91,-0.26,-1.13,0.6,4,0,0
1.59,-3.1,1.28,0.65,3.02,2.56,-0.95,-1.19,4,0,0
-0.84,-0.05,2.62,0.2,1.12,0.61,-0.51,1.11,4,0,0
-2.4,0.57,2.98,-1.78,2.01,2.15,1.55,0.3,4,0,0
-1.13,-0.0,2.83,-0.79,0.87,1.94,1.69,0.68,4,0,0
-2.16,1.13,3.04,-3.22,1.22,0.9,1.68,1.27,4,0,0
-2.47,1.43,1.48,0.33,-0.98,-2.05,1.36,0.85,4,0,0
-0.23,-2.18,0.57,-2.65,3.49,1.28,-1.1,-0.49,4,0,0
-0.23,-1.28,0.75,1.07,1.43,0.86,-3.01,0.38,4,0,0
-3.9,0.68,-3.41,-2.45,-0.86,-3.98,1.56,-2.41,4,0,0
-0.82,-2.2,-2.74,-0.67,1.86,-1.04,-1.55,-2.86,4,0,0
1.8,-2.07,1.95,5.41,-1.52,0.81,-1.47,2.18,4,0,0
1.11,0.75,-1.53,-0.3,-2.22,-3.38,-0.65,-2.59,4,0,0
-2.61,1.25,0.43,-1.05,0.98,-1.58,-0.29,-1.09,4,0,0
3.18,-1.72,-1.02,-0.98,-0.58,-1.96,-1.43,-1.56,4,0,0
-1.8,-0.77,-1.46,0.02,-0.49,-0.5,-0.01,-0.89,4,0,0
-0.37,-0.29,-0.46,-1.79,0.08,-2.31,-0.39,-0.5,4,0,0
-1.09,-0.68,-0.93,-1.85,-0.69,-1.93,2.14,-0.72,4,0,0
-1.77,-1.12,1.88,-0.42,1.81,2.91,1.34,0.1,4,0,0
1.27,-4.37,-0.72,0.9,-0.38,2.72,1.1,0.57,4,0,0
2.75,-0.38,-0.25,-0.96,-1.64,-1.91,-2.31,-0.25,4,0,0
5.2,-2.24,1.14,1.14,-1.05,-0.26,-3.13,0.81,4,0,0
-1.93,0.2,1.03,1.65,1.58,-0.55,-2.64,0.1,4,0,0
-0.34,-1.04,-0.23,1.41,-2.84,-1.87,2.54,1.05,4,0,0
-0.49,1.71,4.24,1.81,-0.7,-0.73,-1.72,3.23,4,0,0
-0.21,0.12,0.79,-2.22,-0.67,-0.31,3.39,-1.48,4,0,0
2.19,-2.06,0.77,4.55,-2.51,1.76,-0.83,0.74,4,0,0
1.07,1.07,-0.57,0.86,-3.33,-4.96,1.19,-1.55,4,0,0
3.17,0.73,-0.12,-1.16,-0.0,-3.18,-2.16,-3.7,4,0,0
1.32,0.93,0.38,-0.04,-0.36,-0.7,-2.02,-2.53,4,0,0
-3.47,-2.9,-1.38,-1.15,1.15,1.55,3.01,0.16,4,0,0
-0.46,1.84,1.07,-1.4,-0.7,-3.05,-1.02,-0.27,4,0,0
2.77,-2.14,-0.81,-0.66,-3.07,-3.44,0.38,2.0,4,0,0
-0.2,-0.45,0.6,0.76,-2.78,-0.33,-0.27,2.8,4,0,0
-1.81,2.64,1.37,-0.5,0.35,-2.16,0.24,-2.24,4,0,0
3.4,-2.21,1.09,-0.89,-0.1,1.31,-2.46,1.13,4,0,0
0.94,-1.73,1.17,-0.68,-1.58,0.87,1.07,2.49,4,0,0
0.27,-0.42,1.18,0.5,-1.44,-1.26,-1.65,2.72,4,0,0
-0.69,1.89,1.12,-1.12,-1.24,-2.13,0.55,-0.67,4,0,0
3.35,-1.94,-2.31,-2.12,0.65,-1.55,-3.68,-3.05,4,0,0
-0.56,0.81,3.52,-1.34,2.43,0.59,-0.41,-0.07,4,0,0
-1.64,2.65,3.75,3.76,1.04,-0.58,-2.47,-0.51,4,0,0
1.2,-0.21,2.67,0.64,1.7,1.2,-2.61,-0.29,4,0,0
1.01,0.99,1.77,3.08,-1.57,-1.55,-2.54,0.32,4,0,0
-2.29,1.39,2.78,4.36,0.43,1.33,-0.08,-0.98,4,0,0
1.81,-0.47,1.25,0.76,-0.6,-0.22,-0.79,-0.45,4,0,0
3.59,0.79,-0.28,-0.65,-1.74,-3.14,-3.26,-2.21,4,0,0
-2.17,-1.54,-3.2,-0.63,-0.94,0.27,2.34,-2.88,4,0,0
-0.12,3.24,-1.66,-0.42,-2.02,-4.33,-2.24,-4.47,4,0,0
0.27,2.01,1.57,0.34,-1.32,-2.08,-1.14,-0.75,4,0,0
-0.99,-0.46,-1.65,-1.9,2.33,-1.75,-0.4,-4.31,4,0,0
1.43,-0.93,4.98,3.1,3.57,3.89,-4.38,1.16,4,0,0
2.23,-0.25,0.29,0.34,-2.7,-2.06,-0.59,0.39,4,0,0
-1.05,-0.5,-0.85,0.72,-1.36,-1.68,-0.12,0.17,4,0,0
0.1,1.99,3.17,1.59,-0.52,-0.42,1.86,-1.94,4,0,0
1.39,-4.3,-2.44,-2.23,-0.62,-0.9,0.42,1.22,4,0,0
1.28,-0.39,1.83,-2.01,1.33,-0.77,-1.68,0.35,4,0,0
0.81,-1.49,0.96,-1.91,1.23,0.86,-2.65,1.53,4,0,0
2.33,-1.45,0.35,-3.07,-0.17,-1.69,0.63,0.01,4,0,0
-1.1,-1.35,2.85,3.04,-0.64,2.22,-0.5,4.08,4,0,0
0.63,-1.84,1.6,1.44,1.14,2.62,-0.88,0.1,4,0,0
2.32,1.25,-0.2,2.4,-0.14,-2.25,-3.27,-4.96,4,0,0
0.71,-0.6,2.47,1.37,-0.8,-1.62,-0.36,2.72,4,0,0
-2.45,2.38,0.37,1.28,0.08,-3.2,0.25,-3.0,4,0,0
-2.96,0.43,-0.98,-2.13,1.09,-1.03,-0.59,-1.14,4,0,0
3.75,-2.76,0.55,0.87,-1.73,0.61,0.16,0.39,4,0,0
-0.27,-0.57,3.09,1.63,2.76,2.41,-1.65,-0.42,4,0,0
2.19,-4.0,0.64,1.26,0.62,2.08,-1.6,1.79,4,0,0
0.02,4.01,-1.04,-1.88,-0.7,-7.51,-3.47,-3.82,4,0,0
-0.2,-2.61,-3.03,-0.67,-1.56,-0.56,1.24,-1.22,4,0,0
0.23,0.34,1.95,0.78,-0.58,0.27,0.65,-0.37,4,0,0
-0.99,-0.82,-1.19,-1.6,-2.09,-1.29,0.95,1.21,4,0,0
0.12,-1.84,3.28,0.46,0.61,2.93,0.14,3.43,4,0,0
-0.41,2.19,-0.17,-0.07,0.49,-3.17,-2.24,-3.83,4,0,0
-1.51,-0.17,-1.73,0.32,0.38,-1.53,-0.27,-3.16,4,0,0
-2.84,0.78,-0.76,-2.95,-1.72,-2.15,3.24,-0.01,4,0,0
1.05,-0.09,1.48,-0.11,-0.92,-1.64,1.75,-0.4,4,0,0
1.92,0.5,-2.34,-3.91,0.44,-3.46,-4.04,-3.56,4,0,0
-2.56,2.05,2.08,-1.04,1.86,1.05,-0.02,-2.08,4,0,0
-0.76,0.35,1.63,-1.29,0.01,-0.59,-1.06,1.75,4,0,0
0.15,0.51,1.67,0.9,-2.28,-1.21,1.42,1.02,4,0,0
0.16,-1.52,-1.09,-2.97,-0.27,-2.01,-0.36,0.67,4,0,0
0.08,-1.68,0.2,-2.01,0.68,0.04,-0.34,0.82,4,0,0
0.34,-0.63,-0.55,0.3,-1.94,-1.45,0.75,-0.31,4,0,0
1.32,-2.35,-0.45,0.37,-1.95,0.18,-1.23,2.26,4,0,0
0.69,-0.05,-1.14,1.36,-2.07,-2.83,1.14,-2.68,4,0,0
3.2,0.36,0.18,-0.97,-0.56,-3.7,-3.38,-1.3,4,0,0
-0.13,2.59,4.58,1.39,1.87,0.66,-2.35,-1.03,4,0,0
2.81,-1.87,0.21,-2.19,-0.05,0.22,-0.91,-0.25,4,0,0
0.52,0.17,0.36,0.02,-1.03,-0.74,0.49,-1.35,4,0,0
0.67,0.87,3.98,0.94,-0.77,0.02,0.05,2.05,4,0,0
2.64,-0.84,-1.66,2.36,-2.84,-2.63,-1.75,-1.94,4,0,0
-1.58,1.49,3.27,1.76,0.37,0.81,0.32,0.04,4,0,0
0.29,-1.36,-0.86,1.29,-1.16,0.46,-2.39,0.26,4,0,0
-0.26,0.17,2.59,-0.03,0.23,1.1,1.31,0.16,4,0,0
-0.41,0.97,1.27,0.53,-0.8,-0.92,-2.15,0.85,4,0,0
2.01,-0.77,0.5,-1.71,-3.76,-2.87,2.49,2.28,4,0,0
2.33,1.53,4.24,1.63,-2.64,0.32,-1.45,2.65,4,0,0
-1.17,3.02,0.31,-1.21,-1.11,-3.72,0.89,-3.07,4,0,0
-0.71,-1.74,1.02,-0.14,-0.13,1.92,-0.53,2.58,4,0,0
0.0,-4.76,1.74,2.26,0.33,4.53,1.74,3.74,4,0,0
-1.82,0.34,-0.06,1.08,0.47,-0.51,-0.9,-1.65,4,0,0
-1.82,-0.42,-0.04,0.74,-0.07,0.03,1.42,-1.28,4,0,0
-0.07,-2.7,2.15,1.18,1.24,2.95,-1.08,2.9,4,0,0
3.63,1.25,1.54,-0.96,-1.95,-1.69,-2.55,-0.52,4,0,0
0.54,-2.02,-1.26,-1.24,0.66,-0.14,-3.77,0.57,4,0,0
2.06,-2.0,1.03,1.43,-0.23,0.44,-1.75,1.03,4,0,0
0.41,-2.2,2.39,3.42,-1.12,1.61,-0.15,3.54,4,0,0
-0.85,-3.55,0.69,0.04,1.16,2.87,0.84,2.17,4,0,0
0.24,-0.14,-0.98,-0.09,-1.16,-2.72,-0.18,-1.49,4,0,0
0.81,1.09,3.35,1.94,0.22,-0.02,-1.02,-0.24,4,0,0
-0.84,0.46,-0.77,2.13,0.71,-1.03,-5.69,-1.37,4,0,0
2.12,1.4,1.77,-0.52,-1.32,-2.6,-1.47,-0.38,4,0,0
-1.33,1.29,2.48,1.51,-4.78,-1.87,3.44,3.94,4,0,0
-0.21,-0.03,0.26,-3.54,0.96,0.0,-0.19,-1.18,4,0,0
-0.27,0.71,1.41,3.39,-1.56,-1.36,-0.91,0.21,4,0,0
0.88,-0.94,2.84,2.05,-2.17,1.53,-0.2,3.97,4,0,0
1.3,-1.3,-1.48,-1.4,0.93,-1.69,-2.08,-2.47,4,0,0
-0.77,-3.26,-0.54,2.07,-1.83,1.13,0.97,2.99,4,0,0
-2.32,-0.92,4.66,6.96,1.39,3.66,1.87,1.16,4,0,0
-2.8,2.63,0.67,0.63,2.12,-0.91,-1.4,-4.42,4,0,0
0.01,-1.49,-0.79,-1.94,-2.19,-2.22,0.28,2.73,4,0,0
-0.51,-1.42,0.49,-1.28,-0.36,0.81,2.82,0.07,4,0,0
1.63,-4.73,-1.81,-4.09,1.48,0.59,-0.52,1.12,4,0,0
-4.84,3.15,-0.97,-0.93,1.33,-3.95,-2.6,-2.34,4,0,0
-2.95,4.37,2.66,-3.65,0.81,-3.4,1.97,-1.88,4,0,0
-1.03,-0.31,0.58,-0.18,0.91,-0.94,0.4,-0.94,4,0,0
2.1,-0.88,1.02,0.8,0.24,-0.69,-1.91,-0.64,4,0,0
1.47,-1.17,-0.58,-0.46,-0.07,-0.24,-2.98,-0.58,4,0,0
-1.84,1.24,2.68,-2.3,1.79,-0.9,1.88,-0.46,4,0,0
-0.83,1.73,-1.38,2.78,-1.72,-3.58,-3.41,-2.3,4,0,0
0.61,2.41,0.13,1.18,0.4,-2.3,-5.34,-3.41,4,0,0
-1.99,0.66,1.48,1.39,-0.96,-2.08,2.09,0.59,4,0,0
-1.14,1.67,3.49,0.86,-1.38,-1.89,0.47,2.99,4,0,0
0.9,-2.77,-1.82,-0.18,-3.22,-1.56,0.52,2.4,4,0,0
-2.78,0.4,0.45,-0.78,0.02,-1.42,2.91,-0.87,4,0,0
-1.56,-0.15,1.41,-0.69,-0.59,-0.13,-0.09,2.61,4,0,0
-1.28,1.33,-1.56,-0.89,-1.43,-4.17,-1.14,-1.5,4,0,0
-2.55,0.41,2.14,-1.54,1.26,0.22,0.39,1.52,4,0,0
-1.06,-1.47,-1.78,-0.88,-1.53,-1.53,0.34,0.9,4,0,0
-0.12,2.44,2.04,2.85,1.64,-0.01,-2.27,-4.78,4,0,0
-1.63,-1.03,-0.87,-3.01,0.14,-1.6,0.54,0.93,4,0,0
-3.02,1.87,2.04,0.39,2.89,-1.24,-1.7,-1.36,4,0,0
-0.02,-0.6,-2.29,-1.82,0.53,-1.75,0.44,-4.45,4,0,0
3.19,1.19,4.09,1.57,-4.71,-2.21,1.86,3.22,4,0,0
1.09,-3.71,-0.31,0.85,-0.42,1.21,-0.57,2.07,4,0,0
-2.05,0.4,3.39,3.12,-1.5,0.48,1.45,3.45,4,0,0
-0.97,0.72,2.86,-1.92,1.6,1.84,0.15,-0.05,4,0,0
-0.06,-4.66,-0.37,0.52,-1.15,2.56,2.68,3.11,4,0,0
-0.78,-0.87,-1.42,-1.75,-0.28,-0.21,0.11,-1.42,4,0,0
0.74,-1.41,1.94,1.19,-0.57,0.45,2.48,0.47,4,0,0
-1.79,-2.57,2.61,2.13,0.46,2.68,3.42,2.8,4,0,0
-0.54,-5.21,-1.9,-0.3,0.1,4.09,1.38,1.28,4,0,0
0.85,-1.94,-0.12,-1.9,2.08,-0.51,-4.46,1.08,4,0,0
-0.04,-1.07,2.88,1.37,-1.55,1.53,1.32,3.63,4,0,0
-3.64,2.69,-0.09,-2.44,1.4,-1.8,-1.05,-2.62,4,0,0
2.21,0.16,1.06,-2.03,-0.17,-1.25,-1.59,-0.56,4,0,0
3.61,-1.48,-1.66,-0.1,-0.78,-0.18,-1.67,-3.85,4,0,0
-0.8,0.46,1.62,1.37,0.61,-0.05,-1.0,-0.61,4,0,0
-0.75,0.26,-1.74,-3.05,0.4,-2.07,-1.77,-2.02,4,0,0
1.47,-1.46,-0.32,-1.3,0.84,0.28,-1.39,-1.51,4,0,0
1.17,0.5,1.44,1.23,-0.32,0.2,-2.64,-0.55,4,0,0
-0.46,0.55,1.56,0.14,1.62,-0.08,-2.27,-0.92,4,0,0
3.7,-2.39,1.63,1.37,-1.95,0.78,-0.69,2.13,4,0,0
1.83,-0.89,3.04,-0.32,-1.52,0.21,1.26,2.94,4,0,0
-1.41,2.95,1.79,-0.94,0.77,-1.6,-0.43,-2.67,4,0,0
-0.02,-1.0,0.13,2.35,-2.89,0.5,2.69,-0.1,4,0,0
1.35,0.16,-0.51,1.21,-2.05,-0.87,0.38,1.34,5,0,0
0.86,0.75,-1.86,0.76,-1.81,-0.17,0.34,1.12,5,0,0
-1.65,-3.66,-2.59,0.66,0.97,-0.12,1.86,1.07,5,0,0
-3.73,1.54,-1.19,1.47,2.5,-0.04,-3.08,-0.3,5,0,0
2.49,-0.35,0.83,1.79,-1.67,0.87,3.35,3.15,5,0,0
0.51,-0.58,-1.25,-0.03,-0.3,-2.52,0.25,2.01,5,0,0
1.72,3.5,0.14,0.82,-1.94,-0.33,-1.12,1.47,5,0,0
0.54,0.23,-1.77,1.96,-1.59,-0.1,1.34,2.66,5,0,0
-1.44,-0.56,-1.11,0.42,1.47,-2.16,-0.66,2.34,5,0,0
2.42,2.18,1.04,-0.19,-1.18,-1.46,0.01,1.46,5,0,0
-0.83,0.12,-0.07,-0.06,0.87,-0.48,-1.1,0.1,5,0,0
-0.18,2.25,-1.0,-1.61,0.79,-3.6,-3.37,-0.31,5,0,0
0.84,-0.1,-0.97,-2.34,0.6,-1.5,-0.6,-0.49,5,0,0
1.88,1.73,2.93,2.29,-1.98,2.72,1.48,0.42,5,0,0
-1.27,-1.33,0.79,-1.28,1.76,0.65,-1.28,-2.88,5,0,0
-1.54,1.33,-2.89,0.44,-0.47,-1.91,-3.04,0.06,5,0,0
0.22,2.52,-0.7,0.66,-0.49,-0.93,-1.67,0.69,5,0,0
1.48,1.79,-1.28,-1.96,-1.34,-0.15,-2.0,-2.59,5,0,0
-1.04,-3.09,-1.83,-0.38,0.32,0.63,1.42,0.75,5,0,0
0.45,0.43,0.41,1.01,0.28,-0.02,0.67,1.12,5,0,0
0.08,1.35,1.38,-0.65,1.12,0.88,-0.4,-0.74,5,0,0
-1.92,-2.53,-2.98,-1.4,1.44,-1.55,-1.02,-0.4,5,0,0
1.02,-0.96,-0.55,0.94,-0.83,-0.78,2.15,3.97,5,0,0
-1.0,0.41,-0.32,-1.37,1.53,-0.3,-1.37,-1.48,5,0,0
-0.86,2.6,-0.92,0.77,-0.23,0.15,-2.24,-1.62,5,0,0
1.46,0.03,-0.84,0.89,-3.09,2.27,1.16,0.13,5,0,0
0.59,1.19,-3.65,0.34,-2.13,-1.91,-0.61,2.03,5,0,0
-0.63,0.95,-1.02,1.08,-0.27,0.54,-0.28,0.13,5,0,0
-0.71,0.22,1.11,0.49,1.72,-0.76,-0.04,1.74,5,0,0
-1.99,-0.37,-1.38,3.32,0.12,1.69,1.43,2.56,5,0,0
0.0,-0.42,0.88,1.61,0.34,-0.36,1.24,2.88,5,0,0
-1.8,-4.14,-0.19,0.72,2.19,-0.02,1.99,2.06,5,0,0
-0.95,1.12,-1.27,2.11,-0.32,-0.4,-0.55,1.32,5,0,0
1.04,1.97,0.44,0.76,-0.35,-2.57,-1.09,2.14,5,0,0
-2.86,-1.17,-2.48,-0.85,2.23,-1.12,-2.51,-1.07,5,0,0
3.54,3.72,2.81,2.78,-3.1,1.91,1.86,2.01,5,0,0
-1.08,0.3,-2.51,-0.31,0.25,-0.44,-1.17,-0.58,5,0,0
-1.16,-0.69,-3.31,-2.07,0.89,-4.18,-2.77,0.58,5,0,0
0.53,1.81,0.25,0.73,-1.11,1.27,-0.57,-0.72,5,0,0
-0.63,0.44,-0.45,1.66,-0.09,0.09,0.38,2.48,5,0,0
0.55,0.06,0.29,-0.26,0.06,-2.56,-0.95,1.61,5,0,0
-1.87,0.68,-2.52,-0.92,0.7,-0.55,-2.49,-0.5,5,0,0
0.33,0.91,0.47,0.86,0.47,-0.3,0.54,2.1,5,0,0
0.14,2.01,-0.9,0.65,-0.59,0.37,-0.75,0.46,5,0,0
0.71,0.97,-1.0,1.13,-0.93,-1.91,0.1,2.11,5,0,0
-0.39,0.64,-1.05,0.61,-0.67,-0.42,-0.88,-0.02,5,0,0
-1.49,-0.85,-3.91,-0.59,0.26,0.34,-0.24,0.04,5,0,0
-3.1,-0.83,-0.85,-3.13,4.57,-3.68,-4.12,-1.33,5,0,0
-0.42,0.42,1.75,1.4,0.69,0.28,-0.13,0.79,5,0,0
-2.36,0.38,-1.91,0.27,1.2,0.46,-1.57,-0.82,5,0,0
-1.51,-1.83,-3.09,-0.77,0.14,-2.22,-1.99,-0.61,5,0,0
-1.68,-1.37,-1.11,1.7,0.96,1.15,1.01,1.57,5,0,0
0.25,-0.63,-0.02,0.53,0.23,-0.44,1.43,2.25,5,0,0
1.52,-0.34,-1.82,-0.44,-1.78,0.62,1.72,1.01,5,0,0
-1.0,1.16,-1.0,0.65,-0.32,-0.3,-1.81,-0.36,5,0,0
-2.93,-2.32,-2.21,-0.7,2.3,1.87,-0.58,-2.35,5,0,0
-0.75,1.11,-2.99,0.2,-0.98,0.51,-1.22,0.14,5,0,0
0.69,0.96,0.63,1.55,-1.31,-0.07,0.28,0.84,5,0,0
0.56,-0.29,0.52,0.25,0.33,-0.94,0.81,1.86,5,0,0
0.79,0.9,0.43,0.47,-0.35,-0.35,0.27,1.09,5,0,0
-2.55,1.28,-1.61,0.01,1.64,-0.8,-3.15,-0.92,5,0,0
-1.21,2.0,-1.95,-2.71,1.2,-2.29,-4.92,-3.24,5,0,0
-0.41,-1.32,-1.07,0.14,0.3,-0.26,0.36,-0.59,5,0,0
-1.6,3.45,-2.35,-1.34,0.3,-3.14,-5.73,-1.34,5,0,0
1.94,2.54,0.32,1.52,-2.75,1.63,0.19,-0.13,5,0,0
0.64,3.21,3.71,2.91,0.02,1.1,0.24,1.12,5,0,0
-0.66,-1.8,-1.79,0.3,-0.39,0.35,0.74,0.68,5,0,0
-2.63,-0.3,-1.62,-1.25,1.78,-0.78,-2.66,-1.08,5,0,0
1.42,1.84,-1.91,-0.23,-2.49,0.47,-0.72,-0.71,5,0,0
0.46,-0.13,-1.33,0.58,-1.08,-0.86,0.1,0.83,5,0,0
0.82,-1.23,-1.18,-0.4,-0.26,-2.35,1.37,2.88,5,0,0
-2.66,1.21,-1.56,-1.36,2.3,-1.31,-4.63,-2.76,5,0,0
0.36,0.62,-1.83,-1.42,0.09,-0.79,-1.49,-0.73,5,0,0
1.67,-0.45,-0.88,0.01,-2.06,-0.13,0.75,0.91,5,0,0
-0.93,0.14,-0.44,1.05,0.55,-1.51,-0.2,1.95,5,0,0
-1.21,0.4,-3.12,-1.43,0.31,-0.19,-2.01,-1.48,5,0,0
0.57,2.64,1.47,1.21,-0.63,0.88,-0.83,-0.72,5,0,0
2.0,2.82,-1.78,-0.29,-2.27,-1.48,-1.24,0.73,5,0,0
-3.4,-1.49,-2.16,-1.9,3.39,-2.16,-2.19,-0.1,5,0,0
0.37,1.39,-2.25,-1.77,-0.1,-3.29,-2.94,-0.12,5,0,0
-0.01,1.21,-0.11,-1.39,0.6,-1.62,-1.59,-0.8,5,0,0
-1.77,2.54,-1.19,-0.21,1.32,-1.69,-3.69,-0.64,5,0,0
-1.65,-1.66,-1.49,0.31,1.13,1.26,0.63,0.22,5,0,0
-1.14,-0.12,-0.84,0.14,0.68,1.45,-0.14,-0.53,5,0,0
-0.89,0.95,-2.85,-0.25,0.29,-3.3,-2.65,0.62,5,0,0
-2.18,-1.65,-1.99,-0.54,1.37,0.08,-0.68,-0.02,5,0,0
-2.41,-0.02,0.02,0.28,2.38,-0.18,-1.07,-0.08,5,0,0
-1.14,0.68,1.3,0.88,1.76,0.53,-0.08,1.38,5,0,0
0.93,-0.18,0.32,0.49,-0.18,-1.31,0.34,2.39,5,0,0
-1.81,-0.51,-0.54,-0.29,1.76,-2.3,-1.49,1.48,5,0,0
0.71,1.1,-0.79,-1.22,-0.3,-1.39,-1.83,-1.33,5,0,0
-0.05,5.36,-1.02,0.62,-0.82,-4.5,-5.71,0.38,5,0,0
-1.12,-0.66,-0.51,0.72,0.95,-0.95,-1.15,0.11,5,0,0
-0.55,1.63,-2.14,-0.65,-0.35,-1.28,-2.18,-0.13,5,0,0
0.16,0.53,-3.36,-1.87,-0.6,-2.63,-2.38,-0.05,5,0,0
-2.42,0.36,-0.64,0.35,1.89,-0.86,-1.69,-0.13,5,0,0
-2.32,-3.96,0.52,0.27,3.49,-1.34,2.01,2.67,5,0,0
1.03,0.42,0.48,-1.42,0.17,-1.18,0.15,0.54,5,0,0
0.67,-0.46,1.6,0.76,0.51,-1.76,0.88,3.46,5,0,0
-0.32,0.22,1.66,1.05,0.72,3.33,1.06,-0.88,5,0,0
-2.39,0.11,1.05,-0.35,2.79,0.45,-2.41,-1.68,5,0,0
-0.49,-1.78,2.56,-0.31,2.4,0.32,1.3,1.24,5,0,0
3.37,3.2,-0.96,1.33,-3.38,-0.52,0.58,2.92,5,0,0
-0.76,-0.99,-0.03,-0.74,1.35,-2.39,-0.75,1.1,5,0,0
0.86,1.31,1.78,0.4,-0.24,0.52,-0.24,0.14,5,0,0
-3.12,-0.38,-1.68,-0.84,2.62,1.19,-1.83,-1.47,5,0,0
-0.7,2.38,0.71,0.62,1.15,1.37,-1.28,-1.22,5,0,0
-0.79,1.26,2.29,1.82,0.89,1.82,0.15,0.75,5,0,0
0.18,-2.64,-0.73,-1.78,1.66,-3.11,0.88,3.74,5,0,0
2.99,1.63,0.13,-0.24,-2.49,-1.55,0.41,2.31,5,0,0
-1.13,1.51,0.47,-1.7,1.6,-0.36,-2.96,-1.82,5,0,0
-0.77,0.36,-0.51,-0.89,0.63,0.76,-1.21,-1.26,5,0,0
0.12,0.62,0.58,-0.75,1.29,-1.75,-1.1,1.03,5,0,0
-0.7,0.75,1.04,1.6,0.12,4.09,0.81,-1.49,5,0,0
-2.13,1.8,-0.69,-0.65,1.76,-0.62,-3.64,-2.22,5,0,0
-0.71,2.37,-1.63,-0.87,0.22,1.17,-1.99,-2.1,5,0,0
1.4,0.93,-0.47,-0.95,-0.9,0.06,0.16,-0.13,5,0,0
-1.27,-4.18,-0.31,-1.46,2.19,1.53,1.78,-0.49,5,0,0
-2.0,-1.9,-1.98,-0.06,1.55,-4.49,-1.5,2.45,5,0,0
-2.52,-1.56,-3.02,-0.97,1.82,-4.78,-2.84,1.34,5,0,0
-0.15,0.64,1.18,-0.29,1.09,-0.23,-0.77,0.73,5,0,0
0.44,-1.24,2.26,0.28,1.53,-1.3,1.48,3.01,5,0,0
-1.23,1.8,-2.57,-2.18,0.34,-2.62,-4.35,-1.65,5,0,0
-1.29,-1.49,-2.33,-3.3,1.45,-2.72,-2.69,-1.72,5,0,0
-0.4,2.31,1.23,0.09,0.92,0.72,-1.92,-0.93,5,0,0
1.78,5.32,-0.89,0.19,-2.45,-1.47,-3.1,-0.46,5,0,0
-1.92,1.91,1.85,-0.62,3.1,-0.35,-2.58,-0.95,5,0,0
1.35,1.28,-1.95,0.39,-1.79,-1.31,-0.18,2.63,5,0,0
-0.13,1.02,-2.88,1.23,-1.39,-1.62,-1.1,1.45,5,0,0
-1.82,-4.28,-1.16,0.45,2.36,-0.58,2.55,2.91,5,0,0
1.91,2.73,0.74,0.89,-1.5,-0.88,-0.08,1.84,5,0,0
-3.14,-1.57,-0.23,-1.5,4.02,-0.18,-1.37,-0.95,5,0,0
-0.13,1.15,0.09,-0.55,0.88,-0.25,-1.0,-0.13,5,0,0
2.78,2.71,-0.26,0.27,-2.57,-0.97,0.0,1.23,5,0,0
0.94,1.31,0.81,-0.95,-0.01,-0.46,-0.87,0.75,5,0,0
1.34,-0.51,-1.36,-0.85,-1.64,0.61,0.52,-1.67,5,0,0
1.13,0.47,-4.92,-0.65,-2.98,-2.17,-1.25,1.0,5,0,0
0.94,0.01,-3.46,-2.11,-1.25,-1.07,-0.78,0.26,5,0,0
-0.23,0.72,-2.86,1.8,-1.96,-0.55,-0.51,0.82,5,0,0
0.06,-0.27,-3.59,-1.87,-0.63,-1.98,-1.35,0.16,5,0,0
-0.85,-0.69,-1.8,1.17,-0.74,0.8,0.5,1.46,5,0,0
0.21,0.79,1.14,-0.57,1.2,-2.22,-1.92,0.65,5,0,0
0.51,-1.86,-2.78,-2.01,-0.54,-0.53,0.97,-0.22,5,0,0
1.3,3.24,-2.17,-2.03,-1.78,-3.51,-3.62,0.45,5,0,0
0.45,1.1,0.44,2.37,-1.06,0.46,1.15,2.41,5,0,0
1.65,4.37,1.47,2.81,-2.16,0.94,-0.36,1.48,5,0,0
-1.0,-0.28,0.1,1.25,0.9,0.04,0.4,2.01,5,0,0
2.48,2.36,0.73,0.3,-1.87,0.93,0.53,0.16,5,0,0
-2.56,-0.03,-3.85,-3.85,1.98,-1.6,-4.67,-4.0,5,0,0
-0.91,-2.39,-2.8,-2.85,0.67,-1.01,-1.42,-2.43,5,0,0
1.18,-2.96,-3.52,-2.37,-0.67,-2.41,1.47,1.39,5,0,0
-1.09,-0.81,-1.03,1.85,0.55,0.05,1.03,1.96,5,0,0
-0.42,3.08,-2.9,-1.96,-0.13,-3.47,-4.43,-0.95,5,1,1
1.7,1.76,-0.8,0.35,-2.08,-2.32,-1.15,1.35,5,0,0
-3.67,0.66,-3.83,-0.1,1.78,-2.52,-3.79,-0.43,5,0,0
1.35,3.69,0.78,0.33,-1.17,0.24,-1.39,-0.2,5,0,0
0.57,2.35,-0.04,1.28,-1.33,1.63,-1.03,-1.19,5,0,0
2.5,-1.08,0.06,-0.08,-2.22,1.64,2.46,-0.58,5,0,0
0.8,1.04,-2.18,-1.55,-1.13,-2.63,-2.19,-0.82,5,0,0
-0.76,1.81,-1.34,0.52,0.03,0.84,-1.45,-1.19,5,0,0
0.91,2.49,-0.55,0.99,-1.88,1.04,-1.03,-0.87,5,0,0
0.74,1.42,0.28,-0.3,-1.27,1.78,-0.6,-1.69,5,0,0
2.29,1.64,2.14,0.76,-1.19,0.35,0.91,1.51,5,0,0
0.05,1.5,0.23,-0.61,1.0,-2.33,-1.46,0.87,5,0,0
-0.39,-1.78,1.9,1.24,1.06,1.09,2.17,1.12,5,0,0
0.57,-0.3,-2.19,-1.29,-0.42,-1.73,-0.46,0.29,5,0,0
-1.77,0.54,-0.8,-0.36,1.23,1.03,-2.01,-2.25,5,0,0
0.27,-0.4,-2.77,-1.33,-0.29,-1.49,-0.3,0.56,5,0,0
0.83,0.66,1.38,1.89,-0.78,-0.11,0.57,2.02,5,0,0
-1.68,0.09,-2.3,-0.26,0.51,0.12,-1.68,-1.41,5,0,0
-0.95,1.21,-0.06,1.12,1.38,-4.21,-2.35,2.76,5,0,0
3.13,3.03,0.22,0.49,-2.78,-0.84,-0.33,0.95,5,0,0
0.08,0.74,-0.25,-0.12,-0.14,-0.45,-0.24,0.66,5,0,0
0.61,2.24,0.29,1.0,-0.26,-2.26,-0.94,0.91,5,0,0
0.5,-0.15,1.36,-1.22,0.74,-0.47,-0.81,-1.46,5,0,0
-0.61,-0.25,-2.08,0.9,-0.55,-2.28,-0.63,2.11,5,0,0
0.55,1.14,-0.51,-1.7,0.24,-2.8,-2.03,0.16,5,0,0
3.6,4.33,3.99,2.65,-2.34,1.38,1.36,1.61,5,0,0
0.2,-0.91,-1.19,0.04,-0.67,0.61,0.75,-0.39,5,0,0
1.17,3.57,-1.03,0.94,-2.52,1.04,-0.92,-0.51,5,0,0
-2.03,-1.64,-0.37,-1.67,3.05,-1.72,-1.51,-0.28,5,0,0
2.97,5.2,2.1,3.92,-3.49,0.91,0.85,3.18,5,0,0
-1.82,-0.76,-1.66,-2.49,1.75,-2.54,-3.65,-2.07,5,0,0
0.58,2.77,0.37,1.53,-0.68,0.06,0.16,2.13,5,0,0
-1.0,-1.17,1.61,-0.43,2.87,-2.96,-0.82,2.06,5,0,0
0.13,1.2,0.11,0.8,-0.45,1.33,-0.56,-0.38,5,0,0
0.56,0.08,-3.51,-1.15,-1.36,-0.93,-0.9,-0.29,5,0,0
1.09,-0.05,-0.63,-0.58,-1.14,1.13,0.26,-1.59,5,0,0
-2.83,0.64,-1.44,1.38,0.92,-1.05,-3.03,-0.64,5,0,0
-2.48,-0.76,-4.78,-0.32,0.37,-0.97,-1.97,-0.3,5,0,0
0.59,-1.68,1.44,1.16,-0.02,-0.63,1.91,2.56,5,0,0
-0.62,-1.87,0.76,-0.74,1.49,-1.34,-0.38,0.15,5,0,0
0.56,2.31,0.43,0.45,-0.11,0.15,-0.68,1.5,5,0,0
-0.18,5.12,2.37,0.46,1.26,-0.67,-2.69,-0.56,5,0,0
1.98,1.26,-0.03,0.97,-1.05,0.02,1.7,2.65,5,0,0
-0.3,-0.87,-3.79,-1.59,-0.3,-1.68,-1.25,-0.24,5,0,0
0.87,-0.04,0.44,0.74,-0.69,2.73,1.89,0.37,5,0,0
1.48,-1.02,2.17,0.46,-0.31,3.15,3.46,0.68,5,0,0
3.15,1.33,-2.58,0.8,-4.89,1.16,0.87,-0.51,5,0,0
0.53,-0.35,-1.15,-0.18,-0.07,-1.1,1.06,2.27,5,0,0
0.69,-0.48,3.34,2.18,0.95,-1.36,2.07,4.42,5,0,0
-1.0,-1.1,-3.81,-1.25,0.54,-3.0,-1.72,0.22,5,0,0
1.09,0.04,-1.24,-0.4,-1.44,0.76,0.13,-1.18,5,0,0
0.37,0.25,-2.49,1.15,-1.33,-1.03,0.24,2.85,5,0,0
0.02,2.4,0.28,3.04,-0.52,-0.56,0.57,3.22,5,0,0
-0.8,-0.58,0.71,-0.31,1.83,-0.87,-0.46,-0.42,5,0,0
-0.81,-0.13,-2.0,-1.91,0.77,-0.36,-1.87,-2.06,5,0,0
-1.8,0.55,-3.43,-0.7,-0.05,0.12,-2.35,-1.76,5,0,0
-0.78,-0.87,-1.74,-1.29,-0.27,1.1,-1.57,-3.69,5,0,0
-1.09,2.8,0.52,1.05,1.31,-1.85,-2.33,1.47,5,0,0
0.55,1.24,-0.57,1.5,-0.96,-0.68,-0.36,1.07,5,0,0
-1.2,-0.26,-3.23,0.45,-1.2,2.81,0.12,-2.03,5,0,0
2.96,2.5,0.48,-0.43,-2.44,-1.51,-0.76,0.74,5,0,0
-1.38,-2.45,1.31,1.34,2.07,0.09,2.01,2.66,5,0,0
-1.55,2.3,-1.12,1.78,0.26,1.14,-1.2,0.63,5,0,0
3.36,2.98,-0.35,1.93,-3.84,1.94,1.72,1.4,5,0,0
-2.34,-4.24,-0.86,-1.81,2.66,-0.14,-0.08,-0.31,5,0,0
-1.43,-1.73,-0.79,-0.17,1.41,-0.53,-0.25,-0.01,5,0,0
1.81,-0.44,1.08,1.45,-1.43,1.43,2.42,1.95,5,0,0
0.03,1.81,-2.04,-1.26,-0.06,-4.51,-3.61,0.3,5,0,0
-1.7,-0.5,1.19,1.15,1.69,-0.43,-0.95,-0.27,5,0,0
-2.78,-3.1,-1.96,-1.84,3.14,-2.53,-1.13,1.48,5,0,0
-2.91,1.53,-1.61,-1.01,2.57,0.03,-3.27,-1.6,5,0,0
0.68,2.99,-1.59,0.86,-1.27,-1.44,-1.21,1.21,5,0,0
-1.42,-2.04,-1.29,-0.04,1.53,-0.66,0.29,1.04,5,0,0
2.86,2.78,0.7,-1.15,-2.43,-2.99,-1.79,0.16,5,0,0
-0.49,1.13,-3.03,1.45,-1.36,-2.17,-1.51,0.52,5,0,0
-0.19,-0.53,-1.86,-1.0,0.2,-2.7,-1.3,0.19,5,0,0
-3.86,-3.26,0.76,-0.7,4.92,-1.21,-0.58,0.48,5,0,0
1.87,-0.09,-0.16,-0.19,-1.9,-1.11,-0.04,0.12,5,0,0
1.03,-1.14,-1.13,0.26,-1.22,1.17,2.69,1.0,5,0,0
-1.78,-2.08,-3.35,-0.08,0.78,0.5,0.67,0.1,5,0,0
1.46,2.48,-0.55,2.75,-1.89,-0.42,1.12,3.13,5,0,0
-1.7,-1.37,0.87,-0.49,2.52,0.6,-0.22,-0.32,5,0,0
0.27,-0.31,-2.52,-0.31,-0.86,-0.89,-0.13,0.24,5,0,0
-0.34,-1.53,1.74,1.61,0.19,2.8,2.07,0.4,5,0,0
1.11,0.58,0.69,-0.03,-0.07,-3.16,-0.31,2.88,5,0,0
-3.81,-2.75,-0.86,0.85,3.05,-0.43,-0.34,1.4,5,0,0
-3.03,-1.08,-1.77,0.01,2.82,-0.67,-0.51,1.21,5,0,0
-0.76,0.19,0.71,0.26,1.26,0.01,-0.09,1.1,5,0,0
1.32,-1.89,-2.07,-2.57,0.11,-1.67,0.9,1.07,5,0,0
-0.83,1.54,-1.92,0.71,0.06,-1.71,-1.99,0.59,5,0,0
2.27,2.88,-0.23,0.85,-2.47,-1.39,-0.21,2.48,5,0,0
2.08,0.44,0.17,1.21,-2.47,-0.02,1.0,-0.16,5,0,0
0.83,-1.69,-0.11,0.28,0.04,-0.65,2.45,2.92,5,0,0
0.26,-0.33,1.19,0.75,0.95,-1.11,0.66,2.72,5,0,0
1.59,1.12,1.28,1.05,-0.29,-0.86,1.14,3.75,5,0,0
0.34,1.52,-2.1,1.12,-1.4,-0.77,-0.81,0.9,5,0,0
0.02,-2.63,-2.06,0.61,-0.51,-0.4,2.12,2.0,5,0,0
-0.66,-0.95,-0.32,-0.77,2.18,-2.75,-0.05,2.42,5,0,0
2.0,1.84,0.8,-1.03,-0.86,0.07,-0.29,-0.12,5,0,0
-0.89,-0.62,0.25,0.33,1.8,-1.3,0.22,2.54,5,0,0
-0.57,1.11,-1.93,0.28,-0.46,-1.13,-1.82,0.58,5,0,0
0.41,0.06,0.59,-1.11,0.34,-0.46,-1.08,-1.07,5,0,0
-1.16,-1.05,3.19,1.52,2.38,0.37,1.18,1.84,5,0,0
-2.49,-0.76,-2.46,0.46,1.29,-0.82,-0.91,0.43,5,0,0
-0.04,2.4,0.46,0.75,0.04,-1.17,-1.82,0.59,5,0,0
-0.13,4.54,0.55,-0.0,0.27,-0.81,-4.35,-1.54,5,0,0
-1.06,0.24,-2.82,-0.53,0.43,-1.96,-1.64,0.85,5,0,0
-1.76,0.63,-0.22,-1.95,2.71,0.07,-2.63,-1.85,5,0,0
2.4,4.86,-1.67,1.18,-3.84,1.28,-0.86,0.35,5,0,0
0.99,1.83,-0.98,1.26,-2.03,0.47,-0.49,0.46,5,0,0
-2.26,-1.82,-1.05,-0.76,2.22,-1.0,-0.99,0.29,5,0,0
0.09,0.29,1.44,-0.01,2.14,-1.21,1.01,3.23,5,0,0
-3.46,1.24,-1.14,-1.43,3.35,-0.38,-3.76,-1.74,5,0,0
-1.58,-0.87,-2.67,-0.34,0.85,-2.27,-1.11,2.16,5,0,0
0.4,-1.12,0.72,0.09,-0.01,-0.03,0.68,0.97,5,0,0
1.12,0.09,0.72,0.88,-0.26,-0.35,1.97,3.55,5,0,0
3.16,3.71,0.44,0.22,-2.12,-2.9,-1.38,1.93,5,0,0
-3.43,-2.52,-1.93,1.64,2.39,0.73,0.29,1.07,5,0,0
1.01,0.74,-0.65,0.57,-1.03,-0.24,0.54,1.18,5,0,0
0.7,-0.79,-0.03,1.3,-0.69,1.77,2.62,1.92,5,0,0
-0.04,1.7,2.18,1.67,0.37,0.67,-0.37,0.9,5,0,0
0.8,1.16,-0.92,0.43,-1.17,-0.77,-0.4,0.53,5,0,0
0.3,2.71,1.73,-0.78,0.52,-4.63,-3.77,1.15,5,0,0
-0.93,0.2,-1.99,0.1,-0.29,0.24,-0.74,-0.11,5,0,0
0.21,0.78,-0.53,-0.32,-0.26,-1.19,-0.62,0.63,5,0,0
0.6,4.05,-4.36,0.96,-3.85,-1.32,-3.59,-1.67,5,0,0
-2.57,-2.14,-0.37,1.01,2.73,0.87,0.85,-0.09,5,0,0
0.45,-0.49,2.47,-0.25,0.97,3.74,1.71,-0.62,5,0,0
-2.4,-2.39,-2.23,-0.2,1.19,-0.08,-1.22,-1.0,5,0,0
-0.59,-0.26,-2.67,0.74,-1.12,-0.76,-0.82,0.21,5,0,0
-2.3,-2.09,-0.38,-2.27,2.9,-1.81,-2.45,-1.25,5,0,0
0.06,1.48,-0.16,-1.31,0.62,-1.93,-2.37,-0.8,5,0,0
1.02,0.02,0.64,1.71,-0.92,1.23,2.25,1.64,5,0,0
-0.15,1.83,0.21,-0.22,0.57,-0.25,-1.16,-0.28,5,0,0
0.78,2.18,-0.57,0.68,-1.04,-0.57,-0.88,0.22,5,0,0
-0.82,-0.85,-0.57,-0.92,1.4,-2.09,-0.46,2.07,5,0,0
0.07,2.67,1.77,0.97,0.32,-1.1,-1.7,-0.25,5,0,0
0.57,1.53,-1.38,-1.54,-1.07,-0.59,-1.82,-1.37,5,0,0
2.47,2.97,-0.26,1.63,-2.54,-1.08,0.43,1.94,5,0,0
-0.75,1.27,1.36,2.16,0.51,1.16,0.41,1.38,5,0,0
1.01,0.03,-1.65,1.72,-2.35,2.42,2.11,1.0,5,0,0
-0.41,-0.4,1.42,-1.04,2.17,-2.69,-0.75,2.23,5,0,0
2.2,2.74,0.23,-1.68,-1.13,-1.59,-1.55,-0.68,5,0,0
0.43,2.43,1.32,-0.56,0.31,-1.15,-2.04,0.31,5,0,0
0.93,4.02,-1.34,0.94,-2.7,-0.35,-2.39,-0.86,5,0,0
0.84,-1.5,1.22,1.62,0.0,0.99,3.05,3.01,5,0,0
0.07,-0.57,0.05,-2.47,1.06,-1.2,-0.96,-0.25,5,0,0
-3.15,0.07,-2.05,0.04,2.41,-1.19,-2.69,-0.87,5,0,0
1.24,1.75,0.43,0.68,-1.32,0.12,-0.28,1.07,5,0,0
0.95,1.93,-1.72,-0.28,-1.03,-1.25,-1.46,0.57,5,0,0
-2.32,-2.86,-3.36,-1.0,1.78,-1.75,-0.86,-0.86,5,0,0
-0.99,-1.83,-2.52,-1.92,0.31,0.04,-0.47,-1.85,5,0,0
-1.81,0.18,-1.44,-0.08,1.02,-0.79,-1.72,-0.21,5,0,0
-3.92,1.4,-2.74,0.5,2.11,-0.47,-4.22,-2.3,5,0,0
-1.43,1.47,-1.2,0.57,0.41,-2.21,-3.09,-0.21,5,0,0
-1.13,0.15,-1.84,0.41,0.46,-1.88,-1.21,1.81,5,0,0
1.44,2.67,-1.17,0.59,-1.8,-1.48,-0.87,1.19,5,0,0
0.46,-0.97,1.54,0.21,0.61,-0.51,0.87,1.45,5,0,0
1.83,0.97,-0.83,3.75,-2.99,-0.16,2.63,4.78,5,0,0
4.44,4.59,1.72,-2.72,-2.1,-3.0,-2.06,-0.49,5,0,0
1.14,-0.02,-0.23,-1.68,-0.9,-0.96,-1.14,-0.78,5,0,0
-0.36,1.8,-1.02,0.02,-0.63,-0.15,-2.04,-0.74,5,0,0
1.21,0.65,0.3,1.63,-1.41,1.16,1.37,0.86,5,0,0
0.22,1.88,2.08,-0.21,0.99,0.23,-0.7,-0.16,5,0,0
0.95,0.96,-1.58,0.06,-2.26,-0.33,-0.71,0.19,5,0,0
-1.01,-2.8,-2.33,-1.03,0.98,-0.29,0.91,0.85,5,0,0
1.38,-1.65,-1.68,0.3,-1.77,-1.27,1.77,2.38,5,0,0
0.15,0.55,-1.37,-1.89,0.12,-0.58,-1.24,-1.01,5,0,0
-0.49,1.9,-1.43,-1.66,0.38,-2.73,-3.88,-0.73,5,0,0
0.54,1.07,-3.6,-1.49,-1.05,-2.67,-2.15,0.03,5,0,0
3.58,2.46,2.12,-0.22,-1.74,-1.96,0.81,2.78,5,0,0
-1.69,0.1,-2.78,-2.88,0.74,-1.65,-3.67,-2.7,5,0,0
-2.64,-3.3,0.54,-1.48,4.0,-2.41,-0.58,0.71,5,0,0
2.29,3.21,-0.24,1.6,-2.76,0.38,-0.03,1.2,5,0,0
-1.21,0.23,0.36,2.67,-0.26,1.81,0.78,-0.05,5,0,0
1.03,3.31,-1.92,-1.09,-1.53,-1.09,-2.9,-1.38,5,0,0
1.28,0.68,-1.02,0.22,-1.76,0.47,0.88,0.78,5,0,0
1.8,1.6,0.31,-0.26,-0.88,-2.02,-0.86,2.09,5,0,0
-0.06,-0.18,-0.89,1.01,-0.29,1.4,1.43,1.72,5,0,0
0.28,-1.17,0.06,1.41,0.13,-1.2,1.43,3.53,5,0,0
0.55,2.39,-0.65,-0.7,0.22,-1.64,-1.37,1.66,5,0,0
2.25,1.18,-0.5,0.47,-1.72,-1.18,1.19,2.7,5,0,0
-0.8,1.23,-0.19,-0.83,1.16,-1.49,-2.25,0.19,5,0,0
2.16,2.61,2.93,0.19,-0.02,-1.18,-0.49,1.04,5,0,0
-1.46,-0.26,-1.86,0.01,1.65,-2.88,-1.32,1.98,5,0,0
0.07,-0.38,-1.0,0.52,-0.45,-1.57,0.06,2.02,5,0,0
-1.1,0.92,0.47,1.37,1.22,-0.82,-1.13,0.94,5,0,0
-2.54,3.14,-1.18,-0.12,1.14,-0.03,-4.75,-2.22,5,0,0
0.91,2.25,-1.16,-1.02,-1.13,-0.03,-0.72,-0.86,5,0,0
0.77,-1.76,-0.97,-0.96,-0.3,-1.37,0.9,1.02,5,0,0
-1.51,0.64,-2.62,-0.49,-0.24,0.89,-2.41,-3.02,5,0,0
-1.51,4.03,-1.16,1.13,0.78,-1.53,-3.93,0.38,5,0,0
-0.01,0.6,-1.46,-0.17,-0.97,-0.55,-1.01,-0.6,5,0,0
-1.72,-1.17,-0.99,1.02,0.95,-0.36,-0.23,1.22,5,0,0
0.87,-2.12,0.6,-0.87,0.43,-1.59,0.88,1.13,5,0,0
1.84,3.36,-0.2,2.03,-1.91,-2.14,-0.44,3.56,5,0,0
-1.66,-1.44,1.87,0.05,3.33,-1.79,0.25,2.62,5,0,0
-1.64,1.71,-1.22,-1.99,1.71,-2.99,-4.53,-1.85,5,0,0
2.29,-0.73,-0.83,-1.28,-1.13,0.19,1.64,1.13,5,0,0
-3.4,2.69,-0.36,0.26,2.19,-0.52,-4.67,-2.64,5,0,0
0.03,1.43,-1.11,-0.71,-0.05,-0.48,-1.81,-0.88,5,0,0
1.43,0.65,-2.35,1.12,-2.62,0.02,0.93,1.61,5,0,0
0.21,-1.02,-1.33,-0.76,0.23,-1.22,0.56,1.73,5,0,0
2.3,3.26,-0.54,0.16,-2.0,-3.15,-1.27,1.59,5,0,0
-1.16,-0.5,0.49,-0.06,1.36,0.47,-0.13,-0.07,5,0,0
0.94,4.21,2.89,1.23,0.29,-0.02,-1.03,1.84,5,0,0
-1.88,1.7,-2.33,1.56,1.25,-2.22,-1.99,2.43,5,0,0
-1.25,0.15,-1.96,-0.93,0.77,0.45,-1.44,-0.88,5,1,1
1.29,1.22,-0.53,0.98,-1.4,-0.56,1.02,1.84,5,0,0
0.33,-0.22,0.61,0.32,0.29,0.11,-0.06,-0.22,5,0,0
-0.27,1.19,1.13,0.02,1.08,-1.83,-1.56,0.6,5,0,0
-1.23,-0.58,-0.76,1.77,0.55,-0.17,0.01,1.35,5,0,0
-1.48,0.25,0.77,0.52,1.84,-0.57,-0.6,1.28,5,0,0
1.91,2.67,-2.04,0.04,-2.55,-2.21,-1.4,1.06,5,0,0
