@relation SyntheticData-N_600-D_8-Nmin_140-Zmin_0-CL_2_3-R_0
@attribute X0 real [-5.41, 6.08]
@attribute X1 real [-5.66, 5.90]
@attribute X2 real [-5.21, 5.12]
@attribute X3 real [-5.93, 4.30]
@attribute X4 real [-5.03, 5.53]
@attribute X5 real [-4.47, 3.30]
@attribute X6 real [-4.63, 4.99]
@attribute X7 real [-6.50, 5.40]
@attribute cluster_idx {0,1,2,3,4}
@attribute is_noise {0}
@attribute Class {0,1}
@inputs X0,X1,X2,X3,X4,X5,X6,X7,cluster_idx,is_noise
@output Class
@data
3.05,-1.22,0.8,1.98,-1.39,1.19,1.18,-1.68,0,0,1
0.35,-0.23,-0.67,0.2,-1.34,-1.01,-0.14,1.06,0,0,1
-0.24,1.09,0.03,2.51,0.28,0.89,-2.13,1.49,0,0,1
-0.74,-2.47,0.39,3.33,1.99,-0.49,1.33,-0.88,0,0,1
0.9,-2.71,-0.14,-0.19,-0.83,-0.49,0.43,-1.91,0,0,1
-2.5,1.68,0.66,-1.38,-2.75,-0.44,-3.99,0.52,0,0,1
2.11,-0.38,0.32,-3.35,-2.29,1.21,-1.42,-1.41,0,0,1
-1.58,-1.2,-0.34,-2.94,-0.28,-0.35,-1.81,-0.67,0,0,1
-3.12,0.32,-0.3,2.33,-0.19,-3.6,-1.32,-0.13,0,0,1
-0.76,1.41,-0.87,2.39,1.63,-1.99,1.49,3.29,0,0,1
-1.91,0.64,0.41,1.41,0.85,0.7,-1.17,1.66,0,0,1
-3.0,-2.48,-1.38,1.98,1.05,-2.22,-1.45,0.93,0,0,1
0.39,-1.27,-0.22,2.03,-0.06,-1.2,0.71,0.16,0,0,1
0.53,-2.95,1.59,0.76,1.09,1.83,1.26,-2.45,0,0,1
-1.21,-3.67,-0.99,0.97,-0.17,-1.41,2.12,0.37,0,0,1
1.22,-0.41,2.55,0.67,-2.57,1.75,0.69,-2.28,0,0,1
0.57,-1.2,0.12,1.73,-2.59,0.62,1.27,2.01,0,0,1
-1.05,-0.39,0.51,-0.68,-1.05,-0.29,-0.93,-0.63,0,0,1
-1.46,0.02,2.64,-1.4,-2.43,1.05,-2.18,-3.06,0,0,1
-0.37,-0.9,0.83,0.71,-1.72,-0.52,-0.94,-1.08,0,0,1
-1.95,-0.71,1.77,-0.7,-2.52,1.42,-1.9,-0.86,0,0,1
0.22,1.21,-0.54,-0.28,1.02,-0.78,0.78,1.52,0,0,1
0.85,-3.5,-0.36,-0.54,1.51,0.01,0.59,-2.29,0,0,1
0.76,0.09,-0.12,-0.28,-0.24,1.78,-3.5,0.09,0,0,1
0.05,0.28,-1.55,3.17,1.7,-2.52,-0.13,1.35,0,0,1
-1.6,-2.64,-1.33,-0.79,-1.39,-3.06,0.68,0.28,0,0,1
-2.01,-2.71,1.23,0.58,-0.47,0.28,-0.08,-1.41,0,0,1
1.45,2.29,1.56,2.26,-1.12,1.98,-0.63,0.76,0,0,1
-1.73,0.91,1.76,0.79,-3.25,-2.08,0.26,-0.85,0,0,1
2.31,-1.24,0.3,-0.79,-1.69,2.11,-1.26,-0.9,0,0,1
1.61,-1.16,-0.95,3.38,0.92,0.62,0.88,1.29,0,0,1
0.57,-3.18,-0.92,-2.04,-1.09,-0.3,-1.65,-1.56,0,0,1
0.2,-0.77,2.95,2.92,-1.43,0.68,2.75,-2.06,0,0,1
0.87,4.51,1.03,-0.39,0.41,0.43,-2.6,0.05,0,0,1
-0.53,1.65,0.92,-1.4,-1.18,0.78,-3.73,-0.96,0,0,1
0.61,0.94,0.32,-1.05,0.06,-1.74,0.6,-0.73,0,0,1
0.95,0.38,1.25,-0.04,-0.88,0.29,-0.12,-1.61,0,0,1
-0.42,-1.16,-1.16,-1.03,-2.67,-1.16,-1.67,1.77,0,0,1
1.5,0.68,0.22,-0.67,-1.88,0.96,-0.85,0.73,0,0,1
-1.04,-2.77,-1.51,-2.02,1.86,-1.46,-1.17,-1.03,0,0,1
3.46,-2.74,-1.05,-0.58,-1.43,0.96,0.84,-0.19,0,0,1
1.79,0.36,0.25,1.66,-1.23,-1.65,1.63,-0.84,0,0,1
-4.72,-0.29,3.07,3.5,0.18,-0.21,-1.89,-2.38,0,0,1
-1.67,-3.23,-0.67,0.23,-1.65,-2.44,1.57,1.01,0,0,1
-0.94,-0.83,0.85,3.75,2.13,-0.55,-0.74,-1.96,0,0,1
2.96,0.24,1.27,2.52,-2.66,0.84,2.54,1.11,0,0,1
0.79,0.89,0.8,-1.56,0.5,0.79,0.99,-0.01,0,0,1
0.93,1.43,2.29,-1.36,-2.51,1.85,-1.57,-1.77,0,0,1
5.75,1.03,-2.97,-2.16,-3.46,-0.09,-0.66,3.47,0,0,1
0.53,2.02,0.07,-0.6,-1.99,-0.51,-0.44,2.14,0,0,1
-2.67,-2.1,-0.48,0.16,-2.09,-3.31,0.26,0.51,0,0,1
1.52,-0.54,-0.75,0.68,2.1,-1.34,3.65,0.22,0,0,1
-2.1,-0.32,-1.87,0.71,1.12,-3.26,0.12,2.21,0,0,1
2.98,-3.04,1.45,0.33,-1.5,2.69,2.2,-1.49,0,0,1
-3.0,-0.05,1.48,0.04,-0.66,0.77,-3.59,-1.39,0,0,1
-2.2,-0.7,0.29,0.53,-0.61,-2.08,1.13,-0.2,0,0,1
-0.52,0.56,2.56,0.67,-2.22,1.96,-2.86,-1.78,0,0,1
0.02,-0.93,1.5,2.47,-2.19,-0.03,0.81,-0.63,0,0,1
2.27,2.39,0.12,1.41,-1.69,0.33,-1.48,1.14,0,0,1
-1.3,-0.26,2.79,2.01,-2.04,1.97,-0.63,-0.94,0,0,1
-2.66,-2.06,3.18,-0.79,-1.77,2.98,-2.3,-3.12,0,0,1
1.65,-0.01,0.39,0.53,-1.87,1.0,0.26,0.83,0,0,1
-2.49,0.81,-2.19,1.12,3.58,-3.1,-0.6,3.11,0,0,1
-2.37,0.57,1.11,-1.72,-2.18,0.61,-4.63,-0.49,0,0,1
0.41,-1.65,-0.77,1.24,1.4,-1.19,1.58,0.13,0,0,1
2.99,1.04,1.28,0.31,-3.79,2.55,-1.41,0.39,0,0,1
-1.94,-1.27,1.73,1.84,1.13,1.46,-0.15,-1.01,0,0,1
3.87,5.9,-1.02,3.33,4.33,-0.85,1.27,2.89,0,0,1
0.59,0.74,-0.91,0.19,-1.69,-0.07,-1.06,2.67,0,0,1
1.07,-1.25,0.85,0.06,-1.03,-0.18,0.53,-2.14,0,0,1
-1.95,-3.16,-0.92,-0.83,1.2,0.66,-2.13,2.19,1,0,1
-1.19,0.34,0.64,3.81,1.19,1.6,-0.53,-0.14,1,0,1
-1.53,-0.16,1.57,-0.33,-1.42,0.14,-0.99,2.4,1,0,1
-2.11,0.22,-0.11,0.74,-0.23,0.72,-0.76,0.51,1,0,1
-0.62,0.03,-2.33,0.11,0.81,-2.27,-1.59,-1.48,1,0,1
-1.31,1.81,2.29,2.12,1.43,2.87,-1.87,-0.86,1,0,1
1.65,0.54,0.85,0.66,1.36,-0.8,1.42,-1.38,1,0,1
-0.27,-1.99,-0.91,1.51,1.52,0.26,0.78,0.53,1,0,1
0.44,-0.77,1.59,-0.53,-0.08,-4.04,2.19,3.0,1,0,1
0.4,-0.68,-0.23,0.45,2.06,-1.01,-1.07,0.04,1,0,1
0.62,1.06,1.05,0.35,0.62,-1.09,-1.97,-0.99,1,0,1
-1.56,1.04,0.28,1.09,1.98,-0.17,-2.29,0.18,1,0,1
-3.78,0.69,-3.53,4.3,-0.19,1.23,-0.3,1.14,1,0,1
1.54,0.02,-1.0,2.11,1.87,0.63,0.39,-3.33,1,0,1
-2.25,-2.1,0.82,-0.5,1.04,1.89,-1.8,2.94,1,0,1
0.07,0.01,-2.18,0.19,-0.06,-1.51,0.31,-1.98,1,0,1
-2.14,1.09,0.57,0.98,0.09,0.84,-2.1,0.63,1,0,1
2.1,2.62,2.62,-0.66,0.16,-1.04,0.5,-1.39,1,0,1
0.86,2.0,2.28,-1.02,2.33,-4.34,-1.22,1.67,1,0,1
-0.01,-2.38,0.41,0.35,0.82,2.58,0.02,0.7,1,0,1
-1.76,2.93,-0.57,2.96,-0.58,-0.2,-0.97,0.06,1,0,1
1.39,-0.87,5.12,-2.2,2.51,-0.8,-0.87,1.46,1,0,1
0.0,0.9,-0.54,1.81,1.59,-1.08,-0.01,-0.81,1,0,1
-1.53,1.4,2.02,0.33,0.46,0.35,-2.94,0.93,1,0,1
4.29,-0.21,-1.62,3.45,1.18,0.62,3.7,-5.8,1,0,1
0.6,2.81,4.17,-2.93,-0.33,-1.58,-1.36,-0.04,1,0,1
-0.9,1.25,-2.68,1.45,-0.43,1.11,0.36,-1.85,1,0,1
0.82,2.15,1.11,0.16,2.43,-0.3,-1.31,-1.51,1,0,1
-0.18,-0.49,1.95,-2.78,0.81,-0.92,-1.69,0.13,1,0,1
0.62,2.31,4.22,-1.96,1.29,0.6,-2.67,-0.08,1,0,1
0.49,1.29,0.32,2.15,1.31,-0.77,0.06,0.07,1,0,1
0.31,-1.62,0.38,0.32,1.06,1.75,-0.87,0.4,1,0,1
1.0,1.11,-1.31,2.68,-0.1,-1.54,1.21,-1.2,1,0,1
0.79,1.78,1.23,0.96,2.75,-1.01,-0.07,-0.86,1,0,1
-1.1,2.28,-2.3,1.81,-2.31,1.82,0.22,-2.7,1,0,1
1.39,-0.57,1.9,-2.33,1.2,0.31,-1.66,0.08,1,0,1
-1.98,-0.2,-2.53,0.32,0.24,1.54,-1.89,-0.97,1,0,1
1.1,0.2,1.05,-0.31,0.33,-1.38,0.87,-0.01,1,0,1
-1.15,1.7,-0.81,3.55,-0.0,0.83,1.02,-1.26,1,0,1
-1.74,0.42,0.69,0.24,-0.47,1.09,-1.84,0.96,1,0,1
-0.14,-0.58,-2.42,1.03,1.44,0.67,-1.65,-1.66,1,0,1
-0.71,0.98,0.33,0.44,0.23,-1.91,-2.05,-0.12,1,0,1
0.65,-0.1,-0.89,0.63,1.08,-1.47,-0.04,-0.66,1,0,1
-0.27,-0.05,0.02,0.75,0.93,-0.43,-0.45,-0.49,1,0,1
-2.75,0.61,-1.86,0.48,0.91,-1.96,-1.21,1.52,1,0,1
0.7,-1.32,-1.65,1.13,1.47,0.86,-0.23,-1.16,1,0,1
1.56,-0.01,-0.89,2.25,0.72,1.62,-0.21,-3.78,1,0,1
0.94,3.71,0.72,2.38,0.12,-0.12,-1.78,-3.61,1,0,1
0.39,2.11,2.59,0.81,0.29,0.28,-0.25,0.68,1,0,1
-0.2,2.0,2.97,-1.0,0.12,0.56,-2.14,-0.49,1,0,1
-3.91,1.79,-1.47,1.97,-1.1,2.81,-2.76,-0.54,1,0,1
4.02,-0.38,2.49,-0.29,1.89,-3.38,2.52,-0.01,1,0,1
0.89,0.57,-1.75,0.56,0.9,-0.14,-0.91,-2.61,1,0,1
-0.32,0.43,2.23,-0.85,0.03,0.36,-1.24,-0.14,1,0,1
-0.84,2.87,4.63,1.06,-1.3,-0.55,0.9,1.5,1,0,1
-1.26,-2.27,-1.47,-0.08,0.07,-1.48,0.2,2.45,1,0,1
1.14,0.51,1.64,0.12,-0.77,0.15,2.25,0.02,1,0,1
0.94,3.97,-1.77,1.54,-1.74,-1.5,0.35,-3.56,1,0,1
-2.19,0.53,-0.28,-0.36,-0.5,-1.08,-1.45,1.4,1,0,1
-0.05,0.09,-1.48,2.77,-0.71,2.16,0.97,-1.56,1,0,1
-0.89,0.77,1.2,1.63,2.14,0.45,-0.09,0.04,1,0,1
-1.07,-0.49,-0.84,4.0,0.54,1.23,2.51,0.67,1,0,1
2.1,1.35,2.45,-0.74,-0.53,-1.9,1.32,-0.25,1,0,1
-2.02,-0.26,-0.8,2.28,-1.53,1.31,-0.18,0.55,1,0,1
2.79,0.85,3.21,-0.8,0.44,-1.74,0.97,-1.42,1,0,1
0.37,-1.45,0.45,-1.94,0.91,-0.89,-2.76,1.49,1,0,1
-2.25,0.82,-5.21,2.69,-0.15,-2.24,-0.97,-1.03,1,0,1
0.04,-0.62,-1.08,-0.6,-0.45,0.17,-0.28,-1.14,1,0,1
-0.85,0.49,-0.7,0.0,0.58,0.72,-2.22,-0.97,1,0,1
-1.74,-1.11,4.33,-0.21,2.51,2.16,-2.12,3.51,1,0,1
1.51,-0.39,2.54,0.34,-0.97,-0.6,2.85,1.17,2,0,0
-0.09,-1.72,2.26,-1.44,-0.3,0.67,0.66,0.12,2,0,0
0.36,0.99,2.8,0.88,0.78,1.16,1.06,3.47,2,0,0
-0.21,-0.53,-1.24,-2.25,2.9,-0.33,1.9,-2.01,2,0,0
0.54,-0.35,2.1,1.08,-0.48,-0.82,1.32,0.89,2,0,0
-1.06,-0.96,-0.14,-1.96,0.64,-0.51,0.27,-1.8,2,0,0
0.94,-1.88,1.43,-0.58,-1.67,-1.12,1.11,2.59,2,0,0
1.44,1.01,1.81,1.74,1.04,1.48,3.61,-2.65,2,0,0
-0.8,-1.24,-0.66,-2.09,2.97,1.39,-1.22,-1.62,2,0,0
-0.53,-1.42,3.84,-0.2,-3.84,0.14,1.19,-0.08,2,0,0
2.0,-1.95,0.59,-2.51,0.3,-1.38,2.55,1.73,2,0,0
-1.22,-1.04,0.75,-1.43,0.43,1.35,-0.1,1.33,2,0,0
4.55,0.33,-0.91,0.16,0.81,1.52,3.38,-0.0,2,0,0
1.94,0.76,-0.09,0.57,-0.14,0.86,2.62,1.72,2,0,0
-0.02,-2.03,1.65,-0.64,1.2,0.25,1.18,0.67,2,0,0
2.76,-0.78,-2.6,-0.89,2.61,-0.78,2.75,-0.55,2,0,0
-2.08,1.19,-0.97,-2.25,4.17,-2.46,-0.24,2.53,2,0,0
-2.2,-1.91,2.03,0.41,-2.7,-1.16,-2.13,2.24,2,0,0
-0.15,-1.61,0.27,-5.93,2.77,3.29,0.06,2.41,2,0,0
-4.22,0.82,-0.3,-1.53,2.38,-0.24,-4.25,1.95,2,0,0
-3.99,-2.35,1.36,-1.35,1.14,-2.8,-2.09,1.93,2,0,0
2.35,-1.54,1.33,1.21,-2.5,-0.44,3.67,0.85,2,0,0
-0.48,-1.35,0.23,-0.24,0.94,1.22,-0.45,0.15,2,0,0
-2.27,-3.89,1.63,-1.56,-0.44,-0.26,-1.51,-0.67,2,0,0
0.28,0.54,1.09,0.34,-0.13,-0.36,0.37,2.19,2,0,0
-0.32,-0.39,0.32,-1.0,0.77,1.53,0.07,0.6,2,0,0
-2.39,-1.3,3.55,-1.13,1.46,2.77,-0.39,0.46,2,0,0
2.23,-0.07,1.18,0.71,2.41,1.1,3.62,0.05,2,0,0
1.48,-4.21,-0.47,-0.42,0.76,-2.18,2.68,-1.78,2,0,0
-0.75,1.17,2.83,-0.29,-3.6,2.01,0.06,1.82,2,0,0
0.3,-0.95,-0.26,0.94,0.61,-2.06,1.83,-0.01,2,0,0
1.22,-0.81,-0.32,0.53,0.77,-3.37,1.79,-0.05,2,0,0
3.13,-1.17,-2.55,0.14,2.42,-1.83,2.59,1.59,2,0,0
-1.65,-2.96,0.84,-0.38,-1.44,-3.11,-0.98,-0.42,2,0,0
-2.41,-1.89,2.74,-1.31,0.47,0.5,-1.16,0.9,2,0,0
0.01,-0.35,3.2,1.44,-0.77,-0.51,0.95,4.2,2,0,0
1.52,-1.88,1.86,0.89,-1.66,-1.24,2.61,-0.07,2,0,0
-0.23,0.6,1.7,-1.34,0.73,-1.0,2.06,-0.32,2,0,0
2.4,0.96,0.18,3.58,-0.71,-2.54,4.33,-1.66,2,0,0
-0.27,0.3,1.54,-2.13,1.75,0.61,1.65,2.32,2,0,0
2.05,3.82,2.35,-1.81,0.64,2.76,4.02,2.36,2,0,0
1.82,2.69,-1.15,-0.85,-0.81,0.85,0.75,3.9,2,0,0
-1.56,-0.69,-0.34,-1.64,2.99,1.0,-1.15,-0.64,2,0,0
1.86,-0.98,0.67,-0.12,-0.75,-1.37,1.94,-0.89,2,0,0
-0.17,-2.1,-0.55,2.37,-1.95,-1.26,-1.35,-1.93,2,0,0
0.38,-3.45,-0.53,3.25,-1.42,-3.92,-0.31,-0.35,2,0,0
-0.37,-1.32,-0.96,0.15,-0.88,-2.0,-0.4,-0.24,2,0,0
0.21,0.99,-0.44,-2.32,0.3,1.4,1.57,-0.16,2,0,0
-0.9,1.27,2.96,-0.52,-2.06,0.82,0.83,1.22,2,0,0
0.15,-0.47,-0.76,-2.08,2.04,0.4,2.07,-2.12,2,0,0
-0.56,0.19,0.12,-0.45,0.14,-0.64,1.51,0.09,2,0,0
-2.37,-1.64,-0.88,-0.54,0.86,-1.5,-1.66,-1.26,2,0,0
-0.6,-3.17,-0.32,-4.54,3.38,1.37,-0.62,-0.55,2,0,0
-0.1,-2.8,-1.18,-3.02,2.92,-0.76,0.86,0.24,2,0,0
-2.2,-2.68,2.63,-5.0,-1.96,0.43,-0.61,1.25,2,0,0
-1.89,0.09,-0.51,-1.36,0.01,0.22,-1.41,2.07,2,0,0
0.3,-2.93,0.2,-0.58,0.06,-0.55,0.24,-0.27,2,0,0
-0.32,-0.4,0.61,-0.93,0.65,-0.34,0.0,2.4,2,0,0
-0.79,1.19,0.27,-1.23,0.65,1.02,0.69,0.23,2,0,0
0.28,-2.2,0.61,0.97,-0.44,-2.4,1.25,0.77,2,0,0
-2.81,-3.83,-1.62,-2.31,1.81,-3.61,-1.75,-1.77,2,0,0
-1.17,-1.18,2.19,-1.84,0.21,1.4,-1.36,3.5,2,0,0
1.08,-1.28,0.35,-0.38,0.64,-1.01,2.43,-0.06,2,0,0
0.58,-0.02,0.95,-0.16,-0.64,0.12,1.38,-0.58,2,0,0
1.55,-1.93,1.29,-0.08,1.19,0.19,2.08,0.97,2,0,0
-2.69,0.62,0.9,0.81,0.56,-3.34,-1.16,1.96,2,0,0
-3.62,1.12,2.21,1.52,-1.25,-0.79,-4.16,3.63,2,0,0
-1.23,-0.02,0.92,-3.02,1.2,0.46,0.06,0.78,2,0,0
0.24,1.13,1.84,-3.86,2.69,2.13,1.84,0.98,2,0,0
1.34,0.8,3.56,1.14,-1.72,-1.07,4.99,0.87,2,0,0
0.66,0.87,0.07,-1.19,1.0,1.15,1.85,-0.79,2,0,0
-0.68,-2.15,0.39,1.57,-0.3,-3.33,-1.28,2.82,2,0,0
0.42,-3.94,0.38,-2.19,1.91,0.3,1.36,-3.13,2,0,0
0.87,-0.68,1.38,0.78,-0.95,0.73,2.78,-0.44,2,0,0
-0.73,-4.0,0.97,-1.28,-0.13,1.02,-1.52,-0.48,2,0,0
3.16,1.68,2.07,0.28,-1.8,-0.21,3.79,2.56,2,0,0
-0.44,-0.16,2.69,0.52,0.81,1.89,1.4,0.68,2,0,0
1.19,-0.97,-0.36,-1.97,-1.03,0.54,1.85,-0.24,2,0,0
1.98,2.47,0.28,0.56,-2.05,0.12,2.39,3.24,2,0,0
0.92,0.1,3.88,-1.67,-0.28,2.97,1.87,1.37,2,0,0
-1.02,1.72,-0.2,2.47,-0.98,-1.15,-0.95,3.42,2,0,0
-1.17,-1.94,1.68,0.9,-1.14,-1.07,-0.67,1.76,2,0,0
-1.65,-1.72,-0.58,-2.53,0.86,-0.32,-1.95,1.04,2,0,0
-0.72,-3.93,2.02,0.62,0.45,-1.61,-0.51,0.81,2,0,0
-1.33,0.06,-2.34,-1.2,3.9,1.17,-1.48,1.01,2,0,0
-0.88,2.46,1.87,-0.61,1.54,2.13,-0.03,1.35,2,0,0
-0.55,-1.66,0.49,-0.74,0.93,-1.2,1.03,-1.31,2,0,0
-0.97,-1.58,1.73,0.16,-1.06,1.43,-1.93,0.61,2,0,0
1.68,-0.87,-0.5,2.04,-0.53,-1.56,3.37,-1.46,2,0,0
-0.3,1.57,2.1,-0.25,2.36,-0.35,1.7,0.49,2,0,0
-0.02,-1.86,1.27,0.06,0.29,-1.3,0.9,0.65,2,0,0
-0.13,-0.43,-0.93,0.14,2.93,-0.36,2.27,-4.42,2,0,0
-0.4,-1.75,0.02,-3.02,3.83,-0.64,1.75,-2.08,2,0,0
-2.81,2.12,1.47,-2.05,1.53,1.54,-3.07,4.08,2,0,0
-3.3,-3.55,0.24,-0.97,1.12,-0.33,-2.91,-0.99,2,0,0
2.92,1.46,-0.77,0.57,0.83,0.7,4.87,-1.43,2,0,0
-2.95,-1.12,1.0,-1.63,-0.33,-1.96,-2.18,3.42,2,0,0
2.12,-1.84,1.35,1.37,-1.77,-2.25,2.55,0.54,2,0,0
-0.41,-1.32,1.31,-2.82,0.08,0.31,1.24,1.26,2,0,0
-0.15,-1.3,0.99,0.32,0.71,-0.03,-0.74,1.33,2,0,0
1.39,1.51,0.42,-1.41,0.99,1.68,1.78,3.05,2,0,0
-1.16,-0.72,0.27,0.93,1.26,-0.42,-1.74,2.61,2,0,0
-0.86,-0.65,2.13,-2.03,0.14,1.02,-0.69,0.76,2,0,0
-1.49,-0.03,1.66,-0.96,0.43,0.12,-1.78,4.18,2,0,0
-1.31,-4.25,0.85,-1.13,3.25,0.45,-0.93,-1.92,2,0,0
-2.53,-0.56,0.62,-0.37,1.06,-1.61,-1.46,0.0,2,0,0
-3.81,-2.76,1.24,-2.24,1.67,-1.38,-2.42,-0.43,2,0,0
1.33,1.4,-0.14,1.57,1.76,0.39,2.76,-2.5,2,0,0
-3.82,1.28,3.42,-1.77,0.73,1.69,-1.45,2.49,2,0,0
1.43,1.78,-2.21,1.49,-1.01,0.2,1.8,0.56,2,0,0
0.12,0.46,0.8,-0.19,-0.6,0.21,1.02,0.55,2,0,0
-0.26,-2.36,2.35,-1.8,-0.24,0.7,1.52,-0.98,2,0,0
0.99,-1.4,0.16,0.59,-0.68,-2.68,1.77,-1.16,2,0,0
-0.74,-1.17,1.71,1.17,-0.46,0.29,0.12,1.61,2,0,0
1.3,1.87,-1.04,0.18,2.63,0.86,3.54,-0.4,2,0,0
-2.17,-3.02,-0.57,-0.66,-0.03,-0.16,-1.11,-0.51,2,0,0
-2.65,-1.41,0.21,-0.61,2.77,0.77,-2.42,-1.7,2,0,0
2.02,-0.17,0.77,2.21,0.85,1.38,2.99,-1.75,2,0,0
-0.49,-2.92,1.62,-0.83,-0.74,-3.08,1.29,-1.95,2,0,0
1.72,-3.62,0.08,-2.06,3.81,0.5,2.66,-1.37,2,0,0
1.64,0.76,1.53,1.39,-1.98,-1.1,1.81,2.26,2,0,0
-0.99,-2.02,0.84,-3.52,4.36,0.57,0.21,0.61,2,0,0
0.24,-3.99,1.16,-1.16,1.1,1.08,0.31,0.92,2,0,0
0.51,-0.59,1.02,-1.74,-1.07,-1.48,0.96,4.23,2,0,0
-2.67,-2.76,-0.61,-4.84,0.92,-0.13,-1.89,-1.11,2,0,0
0.18,-0.31,1.19,-2.09,1.98,2.37,2.4,-0.28,2,0,0
-0.2,-2.38,0.37,-0.18,2.29,-0.41,-1.49,3.07,2,0,0
-2.13,-2.78,2.25,0.38,-3.51,-0.91,-2.48,3.47,2,0,0
-1.71,-1.15,0.08,-2.57,2.25,0.98,0.29,-1.29,2,0,0
0.98,-1.0,1.96,-0.43,1.94,-0.34,1.98,1.83,2,0,0
0.99,-0.71,-0.64,-1.44,0.63,0.64,1.32,-1.07,2,0,0
2.01,-2.58,0.7,1.37,-0.99,-0.39,3.22,0.34,2,0,0
1.8,-1.25,1.38,-0.7,0.22,-0.09,2.45,1.03,2,0,0
-0.59,0.92,-0.61,0.82,-0.85,0.27,-0.25,0.78,2,0,0
-0.52,-1.79,2.52,0.06,0.04,-0.03,-0.08,1.26,2,0,0
0.04,-0.84,0.83,2.29,-0.11,-1.56,-0.52,3.01,2,0,0
0.68,-0.26,2.98,-1.56,0.6,0.64,0.53,2.73,2,0,0
1.37,-2.42,0.81,0.17,2.33,0.41,1.01,-2.0,2,0,0
-3.33,-2.06,2.9,-2.34,0.23,2.1,-1.65,2.17,2,0,0
0.23,-2.63,-1.85,-2.88,3.11,-0.44,-0.75,1.93,2,0,0
0.71,-0.59,2.67,-1.51,2.44,0.97,2.8,0.76,2,0,0
0.38,-1.06,0.5,-0.51,2.91,0.27,0.72,0.83,2,0,0
-1.99,-0.24,1.15,-2.15,-0.35,0.27,-0.88,0.36,2,0,0
-2.9,0.06,2.16,0.8,-0.93,-2.42,-2.03,2.35,2,0,0
-3.58,0.36,4.62,-3.24,0.26,1.54,-2.04,4.01,2,0,0
0.32,0.17,2.71,0.24,-0.63,-0.89,1.64,0.89,2,0,0
1.87,-1.35,-1.22,-0.34,2.08,-1.1,2.13,-0.11,2,0,0
1.6,-1.81,0.66,-0.62,-1.25,1.42,0.4,3.45,2,0,0
2.56,-2.3,2.6,2.39,-2.95,-0.45,3.15,1.16,2,0,0
-1.58,-1.32,0.04,-4.16,2.68,0.25,-1.75,2.2,2,0,0
-0.05,-2.2,0.45,-0.93,-0.69,-3.53,-0.02,-0.77,2,0,0
2.56,0.12,0.6,2.82,-1.56,-0.31,0.97,5.24,2,0,0
-1.07,-4.15,2.22,0.44,1.19,-1.21,-0.27,1.84,2,0,0
-0.11,-1.46,1.84,-2.76,1.26,0.55,1.12,-0.15,2,0,0
0.22,0.51,-0.91,-2.79,1.67,-3.39,2.16,-1.46,3,0,0
-2.47,2.54,-0.33,-3.42,0.53,0.5,1.2,1.85,3,0,0
0.71,0.59,1.71,-0.96,-0.46,1.19,-1.09,0.41,3,0,0
-1.38,-1.5,0.45,-1.26,0.15,-0.52,1.18,1.64,3,0,0
0.9,1.0,0.89,0.95,-0.81,-0.07,-0.01,-1.16,3,0,0
1.6,1.2,-0.12,1.24,0.14,1.34,-0.16,1.71,3,0,0
-0.49,2.41,-0.65,-3.24,0.63,-0.65,0.62,-0.14,3,0,0
-0.47,0.28,-0.99,-1.11,0.81,-0.79,0.92,-0.42,3,0,0
2.16,-3.11,-1.57,-0.67,3.62,-3.67,-0.11,-1.83,3,0,0
1.85,2.61,2.34,-2.06,-2.1,-1.41,1.1,-2.21,3,0,0
0.49,-0.04,0.45,-1.79,0.85,-0.63,1.01,0.85,3,0,0
2.2,1.23,-0.13,-0.69,-0.0,-1.52,0.01,-1.41,3,0,0
-0.58,2.08,1.72,-2.13,-0.64,-1.57,2.6,-1.18,3,0,0
-1.24,3.27,-0.2,0.94,-0.53,0.41,2.9,-0.8,3,0,0
-1.26,-3.2,0.33,-0.92,1.3,1.31,-1.1,4.96,3,0,0
2.04,-0.74,-1.41,0.72,0.87,-2.02,1.01,-1.34,3,0,0
1.24,-3.02,0.03,-1.64,1.49,-2.7,-0.17,-0.14,3,0,0
0.04,1.22,1.25,2.94,0.35,2.94,-1.02,-0.25,3,0,0
-1.75,-4.22,-0.69,-2.1,3.36,-2.4,0.2,0.03,3,0,0
2.19,2.44,2.59,1.48,-1.81,1.01,0.28,-1.45,3,0,0
1.04,2.65,0.85,0.73,-0.54,-0.86,2.14,-2.69,3,0,0
-2.27,-0.01,-0.08,-1.37,-0.3,0.69,1.39,4.72,3,0,0
-2.27,2.02,1.15,0.22,-0.35,2.11,0.9,-0.29,3,0,0
-0.27,1.29,1.65,-0.13,-2.35,0.99,1.07,1.21,3,0,0
-3.42,-3.81,0.39,-3.83,1.11,-1.14,1.22,3.02,3,0,0
-1.19,-0.72,0.35,-0.14,1.91,-0.52,0.1,-1.57,3,0,0
-0.17,0.52,-0.55,-1.16,2.04,-1.37,0.74,-1.48,3,0,0
-0.86,1.83,0.68,-3.38,1.01,-0.79,1.72,1.12,3,0,0
-0.67,0.98,-1.11,0.6,-0.05,-0.55,1.59,0.06,3,0,0
3.24,1.89,-0.3,-1.19,0.42,-4.23,3.5,-3.98,3,0,0
0.03,-1.12,-0.07,-1.2,1.95,-0.18,-0.74,1.03,3,0,0
0.79,3.14,-1.17,-3.58,0.66,-2.34,2.34,-0.38,3,0,0
2.83,0.61,0.81,3.02,-0.55,0.24,-1.19,-2.58,3,0,0
1.93,-4.14,3.06,-1.35,1.58,-2.09,-1.18,-0.5,3,0,0
0.93,-2.67,1.12,-1.24,0.52,-2.34,1.34,-1.66,3,0,0
1.98,-0.04,3.13,1.63,-2.21,0.54,-0.71,-2.43,3,0,0
-1.4,2.86,-0.68,-1.28,0.1,1.0,1.04,1.17,3,0,0
0.17,2.6,-1.23,-2.99,0.74,-0.4,0.15,1.14,3,0,0
-1.52,-0.86,0.51,-2.62,2.46,-1.46,1.03,-0.85,3,0,0
-2.01,-1.15,0.01,0.45,0.93,0.98,0.89,1.87,3,0,0
1.5,-0.17,1.75,0.16,-0.41,-0.08,-0.89,-1.84,3,0,0
-0.37,-2.06,-0.39,-2.41,3.09,-1.62,0.51,1.29,3,0,0
-0.18,-3.37,0.22,-2.47,3.29,-0.46,-2.1,1.37,3,0,0
-0.79,1.86,0.46,1.56,0.72,2.81,0.34,0.96,3,0,0
1.21,-2.66,1.15,0.65,0.15,-1.28,-0.52,-1.45,3,0,0
0.74,0.22,0.26,-3.26,1.32,-3.02,2.23,-1.12,3,0,0
0.32,2.18,1.24,1.2,-0.24,1.43,0.41,-0.63,3,0,0
3.91,-0.69,0.37,2.3,1.55,-1.43,-0.88,-3.36,3,0,0
0.19,-4.6,1.28,2.06,2.69,0.39,-2.01,-0.38,3,0,0
-2.31,0.32,-2.03,-2.05,2.02,-1.75,3.27,1.0,3,0,0
-0.54,-0.97,0.33,1.68,1.5,1.02,-1.42,-2.97,3,0,0
-2.03,-0.55,1.28,-2.79,0.68,-2.45,2.31,-2.27,3,0,0
1.58,1.23,1.21,-0.47,0.48,-1.41,0.33,-3.71,3,0,0
-0.06,-0.23,1.72,-0.69,-0.69,0.51,-0.19,1.41,3,0,0
1.54,1.24,-1.03,-1.4,1.46,-2.45,1.33,-1.38,3,0,0
0.63,-1.23,-0.31,-5.85,2.14,-4.47,1.38,0.85,3,0,0
-0.5,-4.15,-0.63,1.57,2.79,0.47,-1.0,2.22,3,0,0
0.45,5.19,1.7,-1.92,-2.3,0.72,1.98,-0.18,3,0,0
-3.37,1.61,-1.1,1.6,0.8,1.65,1.17,0.01,3,0,0
-0.39,1.75,-0.69,-0.35,1.56,-0.18,1.95,-0.44,3,0,0
1.44,-1.0,1.2,-1.57,2.14,-0.66,-0.88,0.22,3,0,0
0.78,-1.65,-0.4,2.25,1.17,0.31,-0.83,-0.18,3,0,0
-1.64,2.6,1.54,-1.25,-0.66,0.57,2.56,0.44,3,0,0
0.62,-0.04,-0.44,0.52,1.89,-0.33,0.01,-1.51,3,0,0
-0.06,1.26,1.9,-1.0,-0.58,-0.45,1.86,-2.0,3,0,0
1.54,-0.02,3.0,-1.08,-0.72,2.16,-2.51,1.6,3,0,0
0.02,2.24,-0.72,1.0,0.72,0.76,0.28,-1.65,3,0,0
0.36,-0.01,-0.98,-0.42,0.15,-2.4,1.32,-1.65,3,0,0
-0.63,-2.46,0.57,-1.38,3.22,-0.41,-1.47,-0.93,3,0,0
0.51,-0.6,-1.7,-1.8,2.68,-3.43,0.95,-2.71,3,0,0
0.82,0.23,-0.38,-5.02,1.77,-3.55,1.9,-0.37,3,0,0
1.34,-4.99,-0.48,-0.69,1.1,-3.61,-0.35,-0.21,3,0,0
0.46,-1.75,-0.14,1.05,0.64,-0.02,-0.63,1.04,3,0,0
1.42,0.93,-0.49,-0.63,0.32,-0.89,0.72,-1.05,3,0,0
0.8,-1.56,1.91,0.83,0.76,-0.17,-0.52,-2.23,3,0,0
1.93,-2.26,1.97,0.0,0.83,-1.6,-0.34,-1.55,3,0,0
0.5,-1.14,1.58,1.26,0.19,0.4,-0.53,-1.52,3,0,0
1.18,0.47,2.39,-1.03,-0.38,1.32,-2.12,-1.3,3,0,0
-2.85,-2.54,-0.86,-2.04,2.13,-0.37,1.68,3.95,3,0,0
1.93,-3.17,-0.16,-2.7,1.9,-3.12,-0.08,1.31,3,0,0
1.9,1.39,-1.74,-3.6,1.18,-2.91,1.21,1.63,3,0,0
0.09,2.25,-1.71,-3.92,1.36,-2.35,2.53,2.26,3,0,0
-0.75,-1.49,-2.08,-1.6,2.27,-2.66,1.59,-0.1,3,0,0
2.22,-0.02,1.15,1.19,-0.8,-0.28,-0.82,-1.98,3,0,0
2.72,-1.58,4.04,0.56,-0.59,-0.85,-0.94,-2.94,3,0,0
1.51,-4.61,1.77,0.44,0.92,-3.11,0.46,-3.22,3,0,0
-0.47,1.06,-0.61,-0.88,-0.33,-0.93,1.8,-0.07,3,0,0
0.87,0.48,-0.32,-0.84,2.65,-0.71,-0.41,-1.62,3,0,0
-0.89,1.13,0.09,-1.42,0.33,-0.54,1.54,0.04,3,0,0
2.87,0.67,-1.76,-1.5,1.92,-3.24,0.93,-2.17,3,0,0
-1.61,-2.82,0.48,-0.24,0.91,0.48,-0.65,-0.28,3,0,0
-2.43,-0.77,0.27,-0.87,1.33,-0.19,1.37,0.9,3,0,0
-4.58,1.68,0.55,-2.72,-0.44,0.83,2.48,1.91,3,0,0
0.5,-3.42,1.0,-0.9,0.32,-0.61,-1.44,0.91,3,0,0
2.33,-3.72,0.29,2.81,0.2,-3.51,-0.14,-5.06,3,0,0
-2.33,1.28,-1.52,-4.55,1.88,-1.9,2.14,1.8,3,0,0
-0.26,2.86,1.8,2.71,-1.38,2.99,0.08,-1.85,3,0,0
-2.58,3.35,-0.73,0.5,-1.07,0.99,2.97,-0.24,3,0,0
-0.34,2.92,0.92,-3.21,-1.02,-1.42,2.17,-0.89,3,0,0
-1.25,0.01,-1.3,-2.33,1.53,-1.26,0.9,1.14,3,0,0
-1.55,-0.08,2.69,0.95,-2.96,3.09,-0.32,2.93,3,0,0
3.25,2.51,1.05,2.9,-0.32,1.42,-1.88,-3.46,3,0,0
-3.67,-0.6,-1.13,-0.97,0.52,1.17,0.31,2.31,3,0,0
0.3,4.38,0.12,-0.67,-0.53,0.02,1.53,-2.25,3,0,0
-0.12,-2.15,-0.81,1.31,1.97,1.2,-1.61,1.61,3,0,0
0.34,1.81,0.63,0.25,-0.64,0.34,1.14,0.55,3,0,0
-2.93,-0.81,0.02,-3.95,2.26,-0.64,1.44,1.69,3,0,0
1.67,-1.27,-1.74,-0.29,1.1,-1.68,-0.28,0.9,3,0,0
-1.68,-0.26,0.54,-1.8,-2.13,-0.58,1.26,1.86,3,0,0
2.18,1.02,0.82,0.39,0.64,-1.14,0.19,-3.15,3,0,0
-1.12,-5.61,2.12,2.02,1.43,1.7,-2.96,0.41,3,0,0
1.68,4.85,0.77,1.09,-2.45,1.08,1.12,-1.63,3,0,0
6.08,0.11,0.4,0.5,1.49,-1.78,-1.22,-0.96,3,0,0
-1.4,3.84,0.33,-1.76,-0.1,-0.4,3.15,-0.22,3,0,0
1.38,0.51,-0.29,-2.57,0.12,-3.44,1.75,-2.84,3,0,0
2.44,0.37,-0.85,-0.18,0.77,-1.79,1.55,-0.19,3,0,0
0.49,-1.29,2.06,0.33,0.87,0.98,-1.17,0.16,3,0,0
0.94,-2.16,-0.06,-0.84,1.85,-0.66,-1.2,0.88,3,0,0
1.26,-0.92,0.93,-1.41,1.21,-1.51,-0.52,-1.03,3,0,0
3.79,3.23,1.8,-0.32,-1.59,-0.97,0.69,-2.52,3,0,0
-2.39,-3.33,0.48,-1.49,2.17,-0.98,1.28,0.92,3,0,0
-1.56,-0.19,0.77,2.92,-0.87,2.61,-0.02,0.92,3,0,0
0.63,2.52,0.84,-0.5,-1.09,-0.59,1.65,-1.74,3,0,0
-1.69,0.64,1.89,1.73,0.98,3.06,-1.7,-1.21,3,0,0
-1.39,-1.38,-0.35,0.62,0.52,-0.02,0.2,0.0,3,0,0
-0.84,0.68,-2.01,-1.9,1.89,-0.13,-0.96,1.74,3,0,0
-1.9,1.67,-2.58,0.82,0.96,1.77,0.01,2.64,3,0,0
-1.54,4.95,0.02,0.65,-1.58,2.37,1.91,0.1,3,0,0
-0.16,-2.2,-0.24,-1.78,-0.54,-2.58,0.89,-0.71,3,0,0
1.2,0.19,2.0,1.47,-0.65,-0.49,0.58,-3.74,3,0,0
0.5,-0.05,1.44,2.85,-0.12,2.68,-1.14,-0.0,3,0,0
-1.25,-1.86,1.56,2.33,0.98,3.08,-1.48,1.28,3,0,0
-0.36,-3.49,2.05,0.67,1.16,1.49,-2.68,1.37,3,0,0
-0.22,-0.7,0.59,-3.48,0.23,-2.59,2.07,0.09,3,0,0
-5.41,-2.75,-1.32,-0.84,1.17,0.43,1.05,2.79,3,0,0
3.0,-0.6,0.72,-1.72,2.49,-2.53,-0.21,-2.4,3,0,0
-2.59,-2.77,0.76,-1.41,0.59,-0.91,0.74,1.42,3,0,0
-1.44,-0.69,-0.29,-0.99,-0.4,-0.46,0.99,1.55,3,0,0
0.2,-1.58,0.69,-0.92,0.09,-0.11,-0.45,1.94,3,0,0
0.75,-1.43,0.79,-1.15,-1.1,-1.47,0.65,-0.35,3,0,0
0.34,2.73,-1.51,-0.75,2.01,0.05,1.21,0.76,3,0,0
0.38,3.11,-1.21,-0.62,-0.13,-1.74,2.99,-2.44,3,0,0
-1.74,-1.06,-0.36,-2.22,2.49,0.04,-0.74,0.76,3,0,0
3.73,0.67,1.33,-0.42,-0.84,-2.66,0.73,-2.33,3,0,0
-2.61,-4.56,0.79,-1.69,2.18,-1.14,0.49,0.87,3,0,0
1.37,1.35,-1.28,-3.79,2.91,-3.0,0.82,0.42,3,0,0
0.2,-1.35,2.77,2.05,-0.25,1.86,-1.45,-0.83,3,0,0
3.43,2.09,-0.33,0.84,-1.76,-1.96,1.21,-3.14,3,0,0
3.34,-0.42,-0.72,-2.39,0.91,-4.45,1.81,-0.67,3,0,0
1.25,3.3,0.62,-0.87,-2.36,-0.68,2.37,-0.54,3,0,0
-1.48,-0.02,2.52,3.1,-1.47,3.3,-0.59,-1.01,3,0,0
-0.8,1.23,1.38,1.68,-0.67,1.99,0.4,-0.54,3,0,0
-0.39,-3.6,-1.02,0.22,3.21,-0.26,-1.8,0.85,3,0,0
-1.16,-0.29,-1.24,-3.13,2.32,1.8,3.19,-0.65,4,0,0
-1.38,-2.67,-0.35,-2.15,-0.04,0.77,2.01,1.26,4,0,0
-0.11,2.68,0.31,1.11,0.48,-1.57,1.24,-3.58,4,0,0
4.74,-4.97,0.2,-3.47,3.77,2.26,2.16,5.4,4,0,0
1.27,-0.35,-1.64,-2.29,-0.8,0.31,2.03,0.89,4,0,0
-1.13,-0.51,1.34,0.01,-1.34,-0.12,-0.14,1.19,4,0,0
-0.68,3.79,-0.71,2.63,-3.62,0.32,-2.11,-1.53,4,0,0
-0.03,-1.49,-0.77,2.26,-2.61,-0.61,-1.31,-1.06,4,0,0
-0.15,0.61,-0.79,1.35,0.29,-0.52,0.38,-2.24,4,0,0
-0.88,-1.37,-0.84,0.33,-3.46,-1.74,0.68,-0.06,4,0,0
-0.68,0.19,-0.1,-0.18,-2.39,-0.05,-0.8,-0.33,4,0,0
0.04,0.09,-0.08,0.35,0.18,-3.4,1.23,-5.03,4,0,0
-0.51,-0.78,0.01,-0.53,-3.02,-1.62,-0.03,0.99,4,0,0
-1.56,1.83,-0.4,2.05,-4.61,-2.21,-2.73,-4.57,4,0,0
-0.21,0.97,-0.37,0.17,-1.36,-0.7,-1.14,-2.33,4,0,0
0.19,1.94,-1.05,-0.41,-2.23,0.44,-0.74,-0.55,4,0,0
-1.87,-1.25,-1.31,-2.26,-2.54,1.15,-0.37,0.11,4,0,0
-1.53,1.17,-0.63,-0.51,-3.51,1.09,-0.03,1.86,4,0,0
1.7,-2.16,0.02,1.63,2.0,0.74,-1.21,-0.54,4,0,0
0.92,-0.59,0.28,0.03,2.54,0.54,0.57,-0.87,4,0,0
0.86,-0.67,-0.97,-1.1,-0.88,-0.75,2.28,-0.74,4,0,0
-0.09,3.51,0.17,2.3,-1.4,-0.83,-1.24,-2.42,4,0,0
4.39,-3.34,-2.1,-1.42,-1.36,-0.72,1.15,2.75,4,0,0
0.18,0.71,-1.0,0.63,-2.55,-0.3,-0.94,-1.17,4,0,0
-1.72,0.12,0.47,-2.03,1.2,0.53,1.94,-0.76,4,0,0
-1.25,-0.92,0.75,-2.14,-0.33,-1.16,0.82,0.0,4,0,0
1.51,-2.14,-0.41,0.79,0.89,-1.59,1.26,-2.85,4,0,0
3.72,-2.41,-0.17,-0.03,1.43,-1.69,0.74,-0.86,4,0,0
2.06,-2.94,-1.02,-0.2,1.63,3.26,-0.21,2.52,4,0,0
-2.77,-3.31,-1.29,-2.62,-1.27,1.8,0.17,0.72,4,0,0
-0.04,0.62,-1.21,-1.36,2.18,1.78,1.27,-2.14,4,0,0
3.36,-5.66,1.17,-0.46,0.43,0.62,-1.97,4.77,4,0,0
1.59,0.29,0.3,0.33,1.02,0.08,0.71,2.48,4,0,0
-3.07,2.28,-0.77,-3.11,-1.98,-0.64,2.94,0.94,4,0,0
-2.33,2.24,-1.98,0.97,-4.4,-0.55,1.11,-2.86,4,0,0
-0.79,1.99,-0.49,2.67,-3.2,-0.84,-1.33,-2.88,4,0,0
-1.85,-0.15,-0.19,-2.01,0.63,0.32,2.64,-1.55,4,0,0
-2.57,0.53,-0.98,-2.51,-1.43,-0.16,1.8,-0.33,4,0,0
-2.81,-1.83,-0.49,-1.04,-2.41,-0.72,0.18,-1.3,4,0,0
-1.29,1.61,0.68,0.83,1.53,1.35,-0.67,-0.52,4,0,0
-0.83,0.58,-0.47,1.44,-2.43,-1.68,-0.78,-2.7,4,0,0
-1.13,-2.13,-0.98,-1.75,-2.86,-1.39,0.96,-2.61,4,0,0
-0.74,-0.98,0.65,1.99,0.02,-0.04,-1.58,-2.56,4,0,0
1.25,-2.81,-1.25,-2.75,0.47,0.5,2.29,0.49,4,0,0
-0.57,0.58,-0.48,1.74,-1.56,-2.82,-0.39,-5.58,4,0,0
2.19,-0.4,-1.09,0.48,1.31,1.46,1.49,0.74,4,0,0
-2.58,0.66,-0.94,-0.53,1.09,-0.78,2.44,-3.85,4,0,0
1.18,-3.76,-0.01,-0.53,-0.56,0.14,0.09,1.26,4,0,0
-2.31,-0.88,0.59,-1.74,-2.55,-2.49,1.12,-1.11,4,0,0
-3.05,0.35,-1.18,-1.22,-1.78,0.77,1.27,-0.49,4,0,0
1.27,-2.93,-0.34,-0.55,-0.27,0.45,-0.3,1.75,4,0,0
0.82,-1.37,-2.12,-1.03,-3.01,0.08,-0.34,1.86,4,0,0
3.83,1.28,0.62,3.61,0.91,-0.02,-3.66,-0.84,4,0,0
-0.9,0.32,-0.53,-0.09,1.65,-0.13,0.93,-3.9,4,0,0
2.33,-1.16,0.07,-0.13,1.43,1.05,-0.63,1.3,4,0,0
1.18,1.49,1.37,1.93,0.5,-1.34,-0.72,-1.48,4,0,0
2.64,-0.81,-0.17,1.03,1.61,0.06,-0.96,-0.4,4,0,0
2.61,-1.29,-1.94,-0.31,1.09,2.28,1.17,1.2,4,0,0
-4.08,2.63,-1.43,-0.54,-2.91,-2.32,1.66,-4.35,4,0,0
-1.55,-2.79,-1.91,-2.44,-1.1,-0.28,3.46,-0.35,4,0,0
-1.84,0.32,-1.18,0.79,-3.72,-0.65,-0.09,-3.38,4,0,0
0.05,1.57,1.0,2.54,-1.18,-2.94,-0.54,-2.33,4,0,0
2.14,-0.82,-2.22,-0.31,0.22,0.68,1.69,-0.69,4,0,0
-2.0,-0.47,-2.05,-1.17,-3.22,1.91,1.08,1.71,4,0,0
-0.25,1.16,-1.31,-0.77,-0.02,-1.73,2.95,-3.27,4,0,0
2.25,-1.53,-0.34,0.02,-1.37,1.15,-0.37,3.67,4,0,0
2.34,-0.93,-1.0,-2.18,0.58,1.21,1.41,3.12,4,0,0
-2.25,2.1,-0.25,0.79,-3.71,-0.57,-0.34,0.19,4,0,0
1.05,-1.85,-1.94,-0.66,-0.73,-0.62,2.17,-0.85,4,0,0
-1.24,-1.91,0.37,-1.34,-1.31,-2.07,0.67,-0.57,4,0,0
-2.82,0.68,0.06,0.74,-2.02,0.74,-0.46,-0.9,4,0,0
-0.15,-1.72,-1.95,-1.26,0.12,-0.81,2.72,-1.68,4,0,0
-0.36,3.7,-2.24,2.9,-2.79,0.58,-1.62,-3.96,4,0,0
-1.33,1.73,-1.08,1.75,-1.78,0.4,-0.49,-2.03,4,0,0
2.66,-3.93,0.62,-0.16,2.83,2.76,-1.7,4.17,4,0,0
0.35,-1.61,0.73,0.33,1.95,0.35,0.28,-0.34,4,0,0
-1.69,-0.16,-0.15,-1.12,-2.12,-1.31,0.8,-1.88,4,0,0
-2.12,-1.44,-2.23,-0.62,-4.99,-1.36,1.04,-1.81,4,0,0
0.22,-1.2,0.2,0.26,-3.13,-0.56,-1.79,0.7,4,0,0
-0.49,0.32,1.05,0.17,-1.98,-0.53,-1.59,-0.63,4,0,0
-3.51,1.3,1.29,0.13,-1.48,-3.01,1.62,-2.51,4,0,0
-0.71,2.11,-1.37,1.0,-5.03,-1.14,-0.56,-1.6,4,0,0
0.17,2.57,3.44,2.26,4.91,-3.14,0.68,-6.5,4,0,0
1.46,-2.38,2.3,-0.65,1.64,-0.77,-0.33,0.11,4,0,0
0.89,-1.03,0.25,-1.86,1.48,0.61,1.26,1.87,4,0,0
-1.39,1.07,-2.01,-1.2,-3.7,0.96,0.81,-0.14,4,0,0
3.33,0.63,-0.14,4.02,-1.34,0.44,-3.61,-1.5,4,0,0
-0.08,0.29,-0.93,-1.39,-0.69,-0.19,0.38,-0.48,4,0,0
-1.05,-0.11,-0.78,-1.03,-0.37,-1.33,1.62,-3.04,4,0,0
2.07,-2.54,-0.54,1.0,-1.93,-1.47,-1.05,-0.02,4,0,0
1.59,-2.32,0.09,-0.26,3.74,0.17,-0.85,-0.83,4,0,0
1.32,-0.4,1.39,0.54,3.32,1.3,-0.47,1.15,4,0,0
0.92,1.44,1.02,0.36,1.99,0.37,-0.63,-0.09,4,0,0
0.01,2.05,0.43,-0.48,2.27,1.06,0.32,0.11,4,0,0
-1.82,4.74,0.35,0.7,1.22,0.29,0.19,-1.64,4,0,0
-1.75,3.52,-0.09,0.92,-0.82,-0.19,0.67,-0.59,4,0,0
-3.62,5.59,-0.76,2.57,-4.32,-2.71,1.38,-5.95,4,0,0
-0.84,-0.55,0.38,0.35,-0.54,-0.02,1.78,0.64,4,0,0
-1.09,-1.77,-1.52,-1.24,-0.1,0.93,1.81,-1.8,4,0,0
1.18,1.42,-0.52,-1.03,-0.67,-0.48,1.11,0.31,4,0,0
-1.46,-0.62,-0.32,-2.09,-1.22,-1.18,1.49,-0.17,4,0,0
-0.3,0.92,0.68,-0.49,-1.31,0.67,0.56,2.27,4,0,0
2.66,0.76,1.64,-2.03,5.53,-0.06,1.85,0.05,4,0,0
0.03,0.59,-0.49,1.94,-1.81,-1.29,-0.12,-3.24,4,0,0
1.06,-1.24,-1.98,1.19,-1.11,0.8,-0.18,-1.62,4,0,0
1.19,-0.5,-0.08,-1.96,1.25,0.55,1.95,1.1,4,0,0
-2.29,1.83,-0.94,0.87,-1.2,-0.2,-0.63,-3.1,4,0,0
-0.65,0.39,-0.54,1.12,-2.32,-1.75,-0.26,-2.7,4,0,0
0.05,-0.66,-0.73,-1.05,3.2,1.39,1.86,-1.61,4,0,0
2.37,-3.46,0.74,-0.64,2.95,1.51,0.49,2.81,4,0,0
-0.34,0.51,-0.62,0.9,1.04,-0.22,0.66,-2.38,4,0,0
-0.22,2.26,-0.81,-0.55,-1.35,-0.14,2.26,0.06,4,0,0
3.98,-1.54,-1.43,0.38,3.34,1.74,1.19,0.27,4,0,0
0.12,0.28,-0.45,-1.43,1.38,0.48,1.4,-0.04,4,0,0
1.46,-1.68,-1.45,0.28,0.62,2.56,-0.62,1.12,4,0,0
-1.63,-0.82,-1.84,0.69,1.36,0.43,1.39,-3.33,4,0,0
-1.0,0.14,-1.29,-0.8,0.23,-0.57,2.28,-1.92,4,0,0
-2.38,1.09,-1.23,1.4,-2.88,-0.18,0.48,-2.44,4,0,0
1.47,1.81,-0.36,1.76,2.41,2.02,0.13,-0.69,4,0,0
0.59,-2.69,0.06,-2.32,1.47,0.02,0.76,1.02,4,0,0
-3.11,0.39,-0.43,-1.2,-1.09,0.28,0.99,-1.04,4,0,0
0.34,-2.01,-0.48,-1.73,0.99,-0.65,2.28,0.22,4,0,0
1.35,1.64,0.4,-0.09,1.48,2.27,0.58,3.23,4,0,0
-2.29,-1.81,-1.92,-1.08,-3.7,0.31,1.09,-0.07,4,0,0
1.1,-1.66,-1.13,-0.99,0.6,2.26,-0.35,0.85,4,0,0
1.98,-3.56,0.83,-1.05,1.83,-1.18,0.17,1.24,4,0,0
1.9,-0.11,-0.07,1.74,0.67,0.66,-0.57,-0.36,4,0,0
-1.52,2.25,-0.59,-0.44,-1.04,1.03,1.59,-1.62,4,0,0
1.06,-0.6,-0.29,-1.09,1.98,1.79,0.74,1.12,4,0,0
-3.4,4.55,-1.7,1.43,-4.88,-0.02,0.24,-2.42,4,0,0
-1.03,-1.88,-1.61,-2.36,-3.78,1.36,0.34,2.17,4,0,0
-1.18,0.02,0.63,0.45,0.67,0.5,-0.14,-0.34,4,0,0
2.42,-0.12,0.7,1.08,2.13,0.77,-1.38,0.05,4,0,0
2.29,-2.85,-0.62,-1.61,2.69,0.97,1.24,1.5,4,0,0
-1.52,0.16,-1.13,-3.45,0.98,0.88,3.93,0.8,4,0,0
0.37,0.35,1.23,-0.0,-0.36,-0.22,0.12,-0.24,4,0,0
-3.5,-0.54,-0.61,-1.88,-2.15,-0.99,1.51,-2.27,4,0,0
0.6,-2.49,-0.87,-2.9,2.19,0.62,1.9,0.83,4,0,0
0.86,2.91,0.68,-0.22,-0.8,0.03,-1.03,0.27,4,0,0
3.6,-3.09,-0.39,-0.72,2.73,1.52,-0.52,0.63,4,0,0
0.32,1.27,0.33,-1.4,1.71,1.01,1.52,2.12,4,0,0
0.06,-2.36,-0.56,-1.55,-0.63,-0.14,-0.52,-0.47,4,0,0
0.22,0.89,-1.87,0.96,-0.79,0.28,1.26,-2.05,4,0,0
0.01,2.21,0.67,3.28,-2.01,-1.19,-1.55,-2.91,4,0,0
0.3,3.48,-0.46,1.12,-1.12,-0.25,-1.38,-2.81,4,0,0
-0.44,-1.02,-0.86,-0.37,-0.11,-0.81,1.25,-1.42,4,0,0
-1.49,0.2,-1.49,-0.68,-3.78,-0.57,0.84,-0.65,4,0,0
2.18,0.15,-0.5,0.96,-1.48,-1.17,0.23,-0.1,4,0,0
-4.02,0.91,0.02,-0.65,-2.9,-2.03,1.59,-3.15,4,0,0
0.64,-0.06,0.35,-0.9,0.21,-2.32,1.42,-2.2,4,0,0
-2.1,0.04,-0.89,-0.14,-3.86,-0.2,-0.66,-0.98,4,0,0
-0.97,0.71,0.89,-0.01,-0.19,-2.02,1.37,-1.69,4,0,0
1.32,-2.89,-1.73,-3.21,0.59,3.28,1.4,3.38,4,0,0
