@relation SyntheticData-N_1200-D_8-Nmin_60-Zmin_32-CL_1_2-R_0
@attribute X0 real [-5.17, 5.99]
@attribute X1 real [-5.13, 4.71]
@attribute X2 real [-7.59, 5.20]
@attribute X3 real [-4.00, 5.74]
@attribute X4 real [-5.80, 5.51]
@attribute X5 real [-5.21, 4.17]
@attribute X6 real [-5.17, 5.50]
@attribute X7 real [-6.08, 6.37]
@attribute cluster_idx {0,1,2}
@attribute is_noise {0,1}
@attribute Class {0,1}
@inputs X0,X1,X2,X3,X4,X5,X6,X7,cluster_idx,is_noise
@output Class
@data
-1.52,-0.87,2.94,1.24,-1.06,-0.23,-0.57,-0.63,0,0,1
-1.36,0.87,-0.26,2.53,-4.71,-4.33,-1.17,-0.36,0,0,1
-0.05,1.2,-1.98,1.57,-2.47,-0.47,0.9,-2.03,0,0,1
-0.32,0.48,-0.97,0.6,0.28,1.55,0.62,-1.91,0,1,0
-0.37,0.74,0.9,0.8,-0.33,0.08,0.44,-0.76,0,0,1
-1.2,2.89,-1.64,3.12,-1.39,-0.35,1.64,-2.74,0,0,1
-0.84,1.38,-1.87,0.17,-1.78,-1.01,0.61,-0.03,0,0,1
-0.12,-3.08,-1.75,-1.43,3.68,3.38,-1.43,-2.39,0,0,1
-0.32,3.23,-0.24,1.6,-1.86,-3.13,0.68,0.95,0,0,1
-2.96,1.03,2.16,1.03,2.14,0.18,-0.02,-0.15,0,0,1
-1.11,0.2,-2.03,0.4,-1.89,-0.95,-0.35,-0.91,0,0,1
1.05,-2.55,0.4,-2.17,-0.78,1.28,-0.38,0.16,0,0,1
-2.44,1.47,-1.27,0.98,-1.02,-0.88,0.39,-0.68,0,0,1
-3.76,0.63,-1.95,3.3,-1.95,-2.69,-2.63,-2.61,0,0,1
-1.25,-0.24,0.42,0.03,-4.09,-3.12,0.2,1.69,0,0,1
0.35,0.17,1.18,-0.96,-1.59,-1.35,0.48,1.76,0,0,1
-0.55,0.6,-2.61,1.25,1.01,0.39,-0.72,-2.71,0,0,1
-3.27,-1.94,-1.34,-0.93,-1.19,0.31,-0.45,-0.51,0,0,1
-1.77,-0.37,0.01,1.58,0.32,-2.44,-1.78,-0.83,0,0,1
-0.04,1.17,1.41,1.26,0.74,0.06,-0.18,-0.53,0,0,1
-0.36,-1.47,0.98,-2.18,-5.8,-1.1,3.04,2.67,0,0,1
-2.11,0.26,-1.96,0.86,-2.23,-2.51,-0.92,-0.42,0,0,1
-1.22,1.5,-0.43,1.4,-2.41,-0.38,1.52,-0.89,0,0,1
-0.19,-0.84,1.02,1.11,1.64,-0.88,-1.63,-0.6,0,0,1
1.67,0.82,1.61,1.39,0.92,-1.12,-2.1,-0.32,0,0,1
3.21,3.11,-1.8,-0.62,1.71,4.17,3.97,-1.48,0,0,1
-2.06,0.88,0.66,1.99,-3.2,-3.23,-1.04,0.04,0,0,1
-1.45,1.01,0.98,-0.27,-2.05,-1.67,0.14,1.97,0,0,1
0.45,-0.61,0.94,-0.03,-1.94,-0.14,0.33,-0.29,0,0,1
1.45,-3.47,-0.5,-0.04,-1.71,0.34,-1.58,-1.86,0,0,1
-0.71,0.3,-3.02,1.7,1.64,1.01,-1.64,-3.84,0,0,1
0.54,2.52,0.8,0.84,3.66,0.09,-2.11,-0.26,0,0,1
-0.62,1.11,1.76,1.57,-0.65,-1.09,-0.98,-0.38,0,0,1
-2.99,0.02,-2.37,2.19,1.95,0.09,-2.51,-3.58,0,0,1
-2.47,0.55,-1.08,1.44,-1.76,-2.22,0.05,-0.59,0,0,1
3.1,-0.8,-0.06,-2.34,2.07,2.47,0.74,0.24,0,0,1
-0.65,-1.64,0.58,1.24,0.06,-0.01,-2.45,-2.06,0,0,1
3.55,3.22,-2.11,0.56,1.03,0.52,0.97,-1.11,0,1,0
0.36,1.92,0.27,0.94,-0.68,-0.38,0.26,-0.4,0,0,1
-0.79,-0.28,0.13,-0.66,0.8,0.36,-0.16,0.08,0,0,1
-0.59,-0.41,1.92,-0.32,-0.12,-1.77,-0.62,1.76,0,0,1
2.53,-0.89,2.48,-1.81,-1.18,-0.51,0.04,2.14,0,0,1
0.29,-1.34,0.27,0.17,-2.23,-1.78,-0.38,0.05,0,0,1
1.68,-2.93,-1.63,-2.78,0.91,3.49,0.48,-1.21,0,0,1
1.32,-0.44,-1.06,-0.08,2.93,1.29,-0.49,-1.62,0,0,1
1.41,-0.59,-1.28,-0.47,-2.47,0.32,1.04,-0.77,0,0,1
-0.45,-0.04,0.7,0.66,0.25,-1.27,-1.68,0.18,0,0,1
1.35,0.9,-0.19,-0.0,-0.13,-1.19,-0.24,0.86,0,0,1
-0.72,0.01,-2.84,1.86,-0.48,1.23,-0.45,-3.77,0,0,1
-0.66,-0.03,-3.45,1.86,-0.33,-0.04,-0.63,-3.43,0,0,1
-1.31,1.36,0.55,2.98,-0.63,-2.37,-2.09,-1.51,0,0,1
2.16,0.21,1.58,-0.64,-1.0,-1.46,0.37,2.17,0,0,1
-1.38,1.47,-4.39,0.71,-0.45,1.07,1.79,-2.91,0,0,1
1.16,0.25,-0.72,0.29,0.21,1.58,0.65,-1.66,0,0,1
-0.06,0.7,3.63,-0.22,-2.97,-3.21,0.13,3.34,0,0,1
-3.68,1.33,-0.96,2.29,-2.14,-1.65,0.33,-1.53,0,0,1
-0.0,-1.86,0.48,-1.51,-2.47,-0.42,0.06,0.96,0,0,1
0.01,1.03,0.34,2.12,-1.45,-2.73,-1.53,-0.44,0,0,1
1.05,-0.9,0.36,-1.56,0.18,-0.54,-0.83,1.15,0,0,1
-0.8,-0.6,0.98,-0.82,-0.81,-1.05,-0.36,1.39,0,0,1
0.43,-1.3,1.24,-0.97,2.91,-0.2,-0.74,-1.92,1,0,0
1.4,-2.33,-0.03,-1.84,0.26,1.3,0.29,-0.2,1,0,0
-0.84,1.55,-2.13,-0.47,0.69,0.66,-1.13,0.49,1,0,0
0.42,0.7,-0.41,-0.13,2.48,-0.2,0.05,-2.64,1,0,0
-2.9,2.69,2.97,1.65,0.37,-0.7,1.32,-0.48,1,0,0
-1.65,2.01,-0.52,-0.39,3.77,-1.2,-1.17,-3.78,1,0,0
-0.48,-0.23,2.89,-0.23,-0.3,0.01,1.74,-0.26,1,0,0
-1.79,-1.07,0.91,0.29,-1.15,1.13,-0.62,2.02,1,0,0
0.9,-0.67,2.05,0.02,0.49,-0.18,-0.41,1.5,1,0,0
3.12,-1.55,1.85,0.01,0.05,-1.3,1.19,-0.76,1,0,0
0.4,0.35,1.78,0.0,-0.47,0.32,1.07,2.81,1,0,0
-2.71,2.43,2.81,2.95,-2.0,-1.29,1.65,-0.34,1,0,0
-0.71,2.53,1.1,0.96,-0.06,-0.76,1.77,-0.11,1,0,0
-0.92,2.09,-1.66,0.01,0.45,-1.12,0.36,-2.96,1,0,0
3.99,-2.78,0.95,-0.56,0.46,-0.57,0.08,-0.62,1,0,0
-0.23,0.28,-0.05,-0.32,1.55,1.2,-1.19,1.41,1,0,0
-0.1,1.05,2.18,1.27,0.49,-0.75,0.85,0.5,1,0,0
2.67,-1.83,-2.68,-1.96,0.37,2.37,-0.67,2.56,1,0,0
-0.03,1.2,3.26,1.51,-0.2,-2.27,3.82,-2.65,1,0,0
-0.59,0.21,-1.46,0.95,-1.75,-0.38,0.51,-1.83,1,0,0
-2.0,0.56,-0.1,0.4,0.4,-0.37,-0.17,-1.69,1,0,0
2.73,-0.13,-1.78,-1.18,1.93,0.36,-0.8,1.65,1,0,0
2.31,-0.58,-2.17,0.47,-0.53,-0.34,-0.84,1.66,1,0,0
-0.72,1.89,0.09,0.99,-1.14,0.03,1.44,-0.12,1,0,0
1.14,-2.0,-3.23,-1.58,0.5,1.16,-2.15,0.57,1,0,0
0.57,1.19,0.89,0.15,2.81,-1.23,-1.41,-0.78,1,0,0
0.83,0.9,0.47,0.39,0.32,-0.5,0.61,0.08,1,0,0
0.79,-0.79,-1.65,0.46,0.91,-1.9,-1.08,-3.5,1,0,0
1.87,0.2,-1.14,-0.36,-0.65,1.45,0.6,3.26,1,0,0
-2.14,1.39,-2.83,0.63,-0.46,-0.14,-1.89,-0.73,1,0,0
-0.51,-0.24,-0.08,-0.96,0.07,-0.21,0.82,-1.41,1,0,0
3.25,0.7,0.33,-0.88,1.9,-0.24,0.41,1.97,1,0,0
0.86,1.9,-1.99,-1.32,4.28,0.54,-0.43,-0.93,1,0,0
-2.51,1.08,2.84,3.33,-5.49,-1.0,3.01,0.73,1,0,0
0.36,-0.43,-0.77,-0.22,-1.46,0.97,0.64,1.75,1,0,0
2.37,-0.68,-0.98,-0.89,-1.03,0.87,0.97,2.12,1,0,0
0.02,1.69,-1.6,0.56,3.03,-1.02,-0.16,-3.71,1,0,0
3.63,-0.97,0.5,-0.6,3.47,-0.52,-2.1,1.49,1,0,0
1.22,1.79,0.71,0.07,2.14,-0.7,-0.32,1.01,1,0,0
2.07,0.65,1.24,0.8,3.22,-1.37,-0.87,-1.07,1,0,0
1.58,0.02,-0.89,0.37,1.93,-0.77,-0.05,-2.36,1,0,0
3.81,0.69,-2.88,-1.03,-0.17,0.37,0.22,3.17,1,0,0
1.14,0.95,-0.21,0.08,0.9,0.03,-0.43,1.83,1,0,0
-2.61,0.24,4.71,1.68,-1.17,-1.13,2.22,-1.02,1,0,0
-0.3,1.0,1.63,-0.26,1.65,0.01,0.08,-0.38,1,0,0
0.19,-1.93,-2.07,-1.92,-0.07,1.51,-0.62,0.33,1,0,0
-1.58,0.89,2.83,2.52,-3.27,-1.68,4.88,-3.68,1,0,0
0.2,-1.89,-0.37,-0.69,-1.95,-0.09,0.35,-1.39,1,0,0
-2.36,-0.54,2.52,0.6,-3.25,0.29,2.21,-0.28,1,0,0
1.02,-3.31,-2.1,-1.54,-3.27,3.11,-0.97,3.9,1,0,0
-1.35,1.81,0.54,0.25,0.76,-0.6,0.17,-0.34,1,0,0
-0.4,2.41,-0.91,0.25,1.65,-0.26,0.83,-1.95,1,0,0
-1.77,2.55,0.37,2.41,-1.77,-1.42,1.19,-1.12,1,0,0
2.57,-2.08,-4.55,-2.77,3.11,1.91,-3.08,0.52,1,0,0
-0.88,-0.02,0.83,-0.11,1.41,-0.25,-0.35,0.2,1,0,0
-1.64,1.84,0.38,1.5,-1.87,-0.85,3.47,-2.4,1,0,0
0.28,-0.38,0.46,-1.32,2.84,-0.05,-0.38,-2.03,1,0,0
-1.13,0.37,1.66,-0.22,1.59,-1.4,-0.46,-0.34,1,0,0
0.31,1.96,2.11,1.29,-0.28,-0.66,3.23,-1.83,1,0,0
3.62,1.72,0.04,0.96,2.43,-2.28,0.13,0.8,1,0,0
2.48,-0.03,1.28,-1.15,2.78,-0.24,0.55,-0.74,1,0,0
3.09,-0.23,0.58,-1.7,4.2,-0.37,-0.72,-0.15,1,0,0
-0.32,-1.7,-0.58,-1.93,2.6,0.89,-2.01,-1.27,1,0,0
2.67,0.15,0.52,-0.44,3.09,-1.38,-1.71,1.24,1,0,0
1.17,-1.08,-2.24,-1.27,0.79,1.3,-1.16,2.18,1,0,0
0.42,-2.39,-1.29,-0.9,-0.18,-0.49,-1.27,-1.08,1,0,0
0.13,-1.63,-0.39,-1.07,1.27,0.04,-1.51,-0.64,1,0,0
1.92,-2.17,-0.88,-1.66,1.44,-0.94,-1.08,-1.07,1,0,0
-0.73,-0.48,0.73,-0.72,1.24,-0.35,-0.58,-0.84,1,0,0
0.94,-0.22,1.05,0.04,-2.86,-0.19,2.83,1.09,1,0,0
0.58,-0.32,-0.17,-0.34,0.13,-0.13,-1.24,1.42,1,0,0
-2.54,0.08,1.44,-1.43,1.29,1.35,1.13,-1.19,1,0,0
0.26,-2.18,0.63,0.94,-0.17,-0.93,-2.35,-0.89,1,0,0
2.21,-0.1,-1.09,0.01,0.0,0.35,-0.33,1.97,1,0,0
-2.02,1.6,-0.76,-0.03,0.57,-0.52,-0.27,-1.24,1,0,0
-0.27,0.47,-0.6,-0.36,2.11,-0.03,-1.7,-0.37,1,0,0
-0.55,-2.05,-1.27,-2.33,1.01,0.55,-1.65,-0.76,1,0,0
-1.53,0.99,1.49,1.71,-0.83,-0.37,0.51,-0.03,1,0,0
1.34,-0.21,-0.89,-0.32,-1.04,0.3,-0.19,2.32,1,0,0
2.13,-1.87,0.08,0.69,-1.37,-0.51,-1.21,1.4,1,0,0
2.38,1.64,-2.38,-0.27,0.08,0.01,0.2,1.8,1,0,0
0.18,-2.04,-0.96,-1.43,1.08,1.1,-2.44,1.32,1,0,0
2.19,-1.57,-0.98,-0.18,2.28,-0.74,-0.91,-2.59,1,0,0
3.07,-1.07,-2.51,-1.21,-0.53,0.36,0.41,0.34,1,0,0
-0.51,1.97,-2.12,1.66,-0.15,-0.25,0.51,-2.8,1,0,0
0.81,-1.56,1.53,-0.04,-2.74,-0.97,0.73,1.85,1,0,0
2.44,-1.68,-3.73,-0.73,2.0,-0.26,-1.73,-2.1,1,0,0
-1.23,-0.0,-1.04,-1.45,2.58,0.94,-0.88,-0.82,1,0,0
1.14,0.48,-0.34,1.61,-0.94,-1.58,0.6,-1.52,1,0,0
0.27,-1.41,1.27,0.49,0.6,-0.84,-2.44,1.44,1,0,0
0.64,-1.72,0.58,-1.65,0.24,1.3,0.5,0.46,1,0,0
-1.57,2.08,-0.96,1.91,-2.53,-0.33,1.29,-0.76,1,0,0
-0.73,0.4,-0.39,-0.94,1.44,-0.02,-0.33,-0.82,1,0,0
-1.56,1.1,-0.22,0.3,-2.83,0.9,1.06,2.09,1,0,0
1.22,2.79,-1.12,-0.51,1.25,0.89,0.78,1.43,1,0,0
0.99,0.76,-0.99,-0.64,0.34,1.14,1.36,1.53,1,0,0
-2.37,3.33,4.28,1.71,-0.08,-1.01,2.94,-0.72,1,0,0
-1.45,0.61,1.83,2.7,-2.45,-1.76,1.94,-2.9,1,0,0
-0.58,-0.67,-1.82,-0.72,1.28,0.68,-1.34,-2.81,1,0,0
-0.57,-1.85,0.88,-0.91,0.59,-0.15,-2.01,0.07,1,0,0
-2.64,0.34,-0.0,0.41,-0.78,0.82,-0.79,-0.3,1,0,0
-0.48,-0.58,0.84,-0.45,-0.76,-0.09,1.08,-1.99,1,0,0
-1.79,-0.04,0.68,-0.01,-1.37,-0.1,1.87,-2.32,1,0,0
-1.74,-1.03,0.17,-0.69,-0.07,-0.29,0.55,-2.69,1,0,0
-1.58,-2.09,-1.17,-0.43,-1.43,0.52,-1.65,-0.34,1,0,0
2.01,1.01,-2.85,-1.4,0.68,0.74,-0.27,1.48,1,0,0
-0.31,0.08,-1.66,-0.53,-0.15,0.36,0.14,-0.51,1,0,0
-1.1,0.69,0.02,-1.04,0.73,1.21,1.17,-0.92,1,1,1
2.28,-0.41,-2.87,-1.95,-1.12,2.29,-0.1,3.55,1,0,0
-0.79,1.33,-4.1,0.19,-0.29,-0.4,-1.46,-1.12,1,0,0
-1.61,-1.77,0.29,-1.11,-0.23,0.73,-1.99,1.22,1,0,0
2.17,2.03,-1.01,0.07,0.9,0.59,1.04,1.54,1,0,0
0.22,-1.25,0.22,1.18,-3.02,-0.63,0.91,0.43,1,0,0
-0.04,1.45,-0.08,0.21,1.76,-0.72,-1.03,0.22,1,0,0
1.61,-0.49,0.95,-0.1,0.83,-0.93,-0.7,0.82,1,0,0
0.28,0.4,-2.67,-1.05,1.67,-0.02,-2.05,0.21,1,0,0
1.22,-1.63,1.08,-0.02,0.19,0.5,-0.32,0.91,1,0,0
-0.14,-0.05,2.05,0.24,-2.74,0.17,2.29,1.62,1,0,0
-1.7,-1.05,-0.14,-0.44,-0.95,0.47,-1.11,0.29,1,0,0
2.57,-1.41,0.92,0.29,-0.16,-1.75,-0.22,0.5,1,0,0
-2.37,-0.67,2.01,-0.11,0.02,-0.4,0.05,-1.33,1,0,0
-0.12,1.06,1.43,2.18,-0.48,-2.12,2.07,-2.78,1,0,0
-0.57,-0.34,0.2,-1.68,2.41,-0.21,-0.56,-1.36,1,0,0
-0.37,-0.28,0.38,0.34,-2.45,0.8,0.16,2.25,1,0,0
-2.62,3.06,-0.16,1.55,0.04,-1.13,1.16,-2.25,1,0,0
-0.62,-1.12,0.22,-1.1,0.76,0.92,-0.53,0.67,1,0,0
1.1,-0.1,0.71,1.22,-2.82,-0.95,0.62,1.24,1,0,0
0.58,-0.72,0.74,0.36,-2.08,-0.86,2.25,-1.1,1,0,0
-0.34,-2.52,0.03,-0.7,-0.66,-0.28,-0.41,-2.09,1,0,0
-0.83,-1.69,-1.13,0.37,-2.49,0.25,-1.64,0.86,1,0,0
0.06,-0.72,0.67,-1.93,0.56,0.81,0.98,0.43,1,0,0
1.44,-3.24,-1.39,-2.82,0.06,2.06,-1.52,2.38,1,0,0
1.16,-1.9,-0.24,-0.44,0.53,-1.3,-2.31,-0.22,1,0,0
-0.72,-0.97,0.69,1.01,-2.9,0.57,0.26,1.17,1,0,0
0.99,-0.83,3.21,-0.98,-0.72,1.19,1.77,2.62,1,0,0
-0.78,1.11,1.04,1.03,-1.3,-0.3,0.58,2.03,1,0,0
-0.88,1.5,-1.2,0.46,0.38,-0.24,-1.98,2.39,1,0,0
3.91,-2.66,-1.85,-2.93,1.92,1.19,-1.88,1.45,1,0,0
2.06,-1.07,-1.59,-2.48,1.66,1.12,-1.14,1.97,1,0,0
1.6,-0.84,0.49,-0.29,-0.33,0.48,0.04,3.06,1,0,0
-0.99,2.39,-0.08,1.28,0.57,-0.21,1.15,-1.95,1,0,0
-0.06,-1.49,-0.63,0.67,-0.67,-0.55,-2.51,-0.29,1,0,0
-0.56,-0.66,-0.27,0.76,-0.38,-0.63,0.15,-2.07,1,0,0
-1.61,0.42,0.12,-0.46,0.09,0.86,-0.16,0.42,1,0,0
-1.33,-0.64,0.27,0.3,1.59,-1.13,-2.14,-1.86,1,0,0
3.72,-1.09,-1.25,-2.05,2.57,-0.45,-1.0,0.92,1,0,0
-2.77,-0.43,3.15,0.85,-1.67,-1.28,1.29,-1.16,1,0,0
-0.82,-0.74,3.02,1.45,-1.0,-0.96,0.94,-1.2,1,0,0
-1.64,0.73,-2.77,0.14,0.04,0.49,-0.61,-2.02,1,0,0
-1.22,0.82,0.13,1.01,-1.48,-0.72,-0.07,-0.01,1,0,0
5.99,0.63,0.9,0.25,2.84,-1.33,0.21,1.63,1,0,0
0.93,0.28,-1.52,-0.35,0.68,-0.18,-1.03,-0.43,1,0,0
3.47,-1.71,-0.21,0.56,-0.37,-0.85,0.41,-1.59,1,0,0
-0.64,-0.61,0.3,-0.1,1.68,-1.43,-0.66,-3.24,1,0,0
1.07,-0.79,-1.11,0.25,-2.38,0.51,0.59,1.41,1,0,0
2.66,-0.72,-0.35,-0.43,2.01,-1.28,-0.73,-1.41,1,0,0
-0.0,0.72,-1.65,0.61,-0.2,-0.12,0.32,-0.83,1,0,0
2.43,-0.72,-1.4,-1.26,0.92,1.71,-1.15,3.09,1,0,0
0.31,-1.14,0.22,0.36,0.08,-0.75,-0.6,-1.93,1,0,0
2.75,0.73,0.15,1.41,1.65,-1.79,0.15,-1.22,1,0,0
-2.52,-1.65,1.28,-0.6,-1.09,0.46,0.36,-1.41,1,0,0
1.26,-0.29,0.45,0.12,-0.86,-0.66,2.83,-1.38,1,0,0
-0.26,-0.64,1.3,2.04,-4.16,-1.0,2.59,-1.36,1,0,0
0.06,-1.21,-0.45,-0.83,0.92,0.6,-0.64,-0.31,1,0,0
-1.06,0.55,1.85,0.16,-1.03,-0.61,1.54,-0.24,1,0,0
2.72,-0.4,-1.86,-1.38,2.84,-0.33,-2.05,-0.09,1,0,0
2.16,-1.15,-3.0,-1.31,2.4,0.83,-3.13,1.19,1,0,0
-0.71,0.22,-0.17,0.82,-1.54,-0.08,1.13,-2.27,1,0,0
-2.51,-0.44,2.49,2.11,-2.77,-1.93,1.75,-3.17,1,0,0
-1.57,-2.36,1.98,-0.14,-1.68,-0.57,1.04,-2.28,1,0,0
0.36,-0.69,-1.94,-0.52,-0.67,0.92,-1.02,0.97,1,0,0
-0.21,-2.23,1.48,-1.37,0.1,0.98,-1.0,1.04,1,0,0
-2.38,-0.18,2.71,0.95,-2.11,-0.32,2.01,-1.23,1,0,0
2.09,0.58,0.3,-0.03,0.91,-0.86,0.76,-0.17,1,0,0
3.47,1.91,-0.85,0.52,1.44,-0.22,2.22,-0.53,1,0,0
-1.81,1.77,-1.12,0.7,0.12,-0.23,-0.12,-1.05,1,0,0
0.37,-1.39,-2.17,-1.14,0.13,0.49,-0.63,-1.65,1,0,0
-0.73,0.63,-0.07,0.86,-0.49,-0.48,2.13,-3.68,1,0,0
-0.5,1.54,-1.44,-0.96,-0.33,0.42,-0.3,2.53,1,0,0
-0.07,-0.79,-0.75,-0.1,-0.83,0.58,0.51,-0.85,1,0,0
-0.43,2.75,3.3,1.52,-1.03,-0.73,2.63,1.73,1,0,0
-3.55,1.67,2.38,1.09,0.47,-1.95,1.31,-4.38,1,0,0
0.6,-0.96,-0.02,-0.7,-1.05,1.3,0.49,1.74,1,0,0
1.19,-2.24,-3.42,-0.82,-0.18,0.72,-1.72,-0.32,1,0,0
1.0,-0.24,0.04,0.39,0.78,-0.92,-1.1,0.55,1,0,0
1.84,1.34,-0.81,-0.64,2.21,-0.41,0.4,-1.45,1,0,0
0.49,-2.29,-0.8,-1.22,1.5,0.61,-2.56,1.06,1,0,0
0.12,0.1,1.79,0.99,0.81,-1.95,1.59,-3.84,1,0,0
0.55,-0.68,0.82,0.37,-0.36,-0.5,-0.02,-0.66,1,0,0
4.55,0.01,0.25,-0.08,1.28,-0.35,0.6,0.47,1,0,0
-3.45,1.66,1.35,0.3,-1.59,0.39,1.41,0.36,1,0,0
-2.7,0.76,0.07,0.94,0.06,-1.47,0.28,-4.2,1,0,0
0.72,0.84,0.57,0.2,-1.08,-0.58,0.89,0.88,1,0,0
-0.1,1.95,-0.62,0.6,3.47,-1.52,-0.45,-4.22,1,0,0
-0.54,2.06,-1.55,0.6,0.07,0.95,0.31,0.73,1,0,0
1.97,0.07,0.42,-0.61,2.79,-0.19,-0.41,-0.58,1,0,0
-0.22,0.21,-1.77,-0.16,0.06,-1.01,-1.3,-0.66,1,0,0
-0.41,-0.99,2.63,-0.46,-1.19,0.73,1.1,0.32,1,0,0
-2.13,1.48,0.15,0.4,-0.53,-0.89,0.77,-2.33,1,0,0
-1.15,-1.22,-1.87,-2.07,1.25,0.69,-3.16,0.29,1,0,0
1.8,-2.08,-2.67,-1.61,-0.43,1.22,-0.87,0.94,1,0,0
0.46,0.95,-0.71,1.42,-1.18,-1.27,0.63,-1.28,1,0,0
-0.25,-0.28,-0.28,0.12,-0.94,0.34,-1.74,1.93,1,0,0
-0.13,1.85,-2.14,0.87,1.09,-0.19,-1.61,0.61,1,0,0
-2.16,0.1,2.77,1.1,-1.33,-0.68,1.07,-0.76,1,0,0
1.39,-1.24,1.23,0.5,0.18,-1.8,-0.88,-0.65,1,0,0
1.73,-2.24,0.39,-1.46,1.09,0.31,-1.04,0.99,1,0,0
-1.11,-1.63,-0.05,-1.05,-1.78,1.36,0.67,0.22,1,0,0
-0.62,-0.54,-2.73,-2.1,2.37,0.36,-2.7,-0.2,1,0,0
0.49,0.21,-1.95,1.36,-2.13,-1.03,2.09,-3.14,1,0,0
2.13,-1.22,1.01,0.74,-1.48,-0.79,0.1,1.67,1,0,0
-1.26,2.41,-0.92,0.98,0.86,-0.76,-0.45,-0.82,1,0,0
1.1,-0.03,-0.67,-1.93,1.37,0.36,0.32,-0.76,1,0,0
0.64,0.49,0.45,-0.52,1.37,-0.09,0.98,-0.88,1,0,0
-2.12,-0.42,-2.56,-0.27,-0.43,0.71,-0.96,-1.69,1,0,0
3.95,0.62,0.88,0.25,-0.09,0.04,1.1,2.83,1,0,0
0.92,-0.09,-0.38,0.09,0.05,-0.09,0.34,0.06,1,0,0
1.36,2.46,-0.21,2.07,-1.56,-1.15,2.94,-0.65,1,0,0
0.34,-2.16,-0.09,-2.25,2.0,0.05,-0.86,-0.44,1,0,0
1.47,-0.91,-3.32,-1.09,1.4,0.95,-2.56,0.24,1,1,1
1.35,0.98,1.74,0.31,2.29,-1.28,1.42,-2.76,1,0,0
-0.14,1.45,1.29,0.49,-1.05,-0.0,1.69,1.77,1,0,0
1.19,2.27,-2.66,0.2,0.19,1.3,1.46,0.01,1,0,0
-0.69,3.71,-1.7,0.29,2.28,-1.49,3.68,-6.08,1,0,0
0.71,-2.24,-2.61,-2.21,0.42,1.72,-1.94,0.54,1,0,0
-0.34,0.05,0.42,-0.02,0.73,0.6,1.86,-1.81,1,0,0
-1.64,2.42,-0.18,0.64,0.35,-1.08,-1.27,0.65,1,0,0
-0.59,0.52,1.07,0.74,0.61,-1.2,0.44,-2.12,1,0,0
-0.68,0.39,-0.63,-1.35,-1.11,1.45,0.68,2.12,1,0,0
1.79,-0.51,0.0,0.6,-1.72,0.19,0.76,2.16,1,0,0
0.16,-0.49,0.28,0.87,-0.28,-0.28,-0.76,0.05,1,0,0
3.69,-1.65,-2.89,-2.05,0.32,0.66,0.61,-0.47,1,0,0
-2.75,1.14,3.57,1.88,-0.34,-1.43,1.21,-1.97,1,0,0
1.95,-2.11,-2.51,-2.66,3.31,-0.32,-1.89,-3.25,1,0,0
0.04,-1.74,-1.36,-0.47,1.56,-0.5,-2.35,-2.37,1,0,0
1.98,-2.7,1.36,-1.37,0.19,-0.61,-0.83,0.99,1,0,0
1.65,-2.86,-0.17,-1.17,-0.42,1.14,-1.03,1.77,1,0,0
2.02,0.11,0.8,0.17,-1.13,-0.33,2.24,0.3,1,0,0
-1.33,-1.82,-0.16,-1.08,-0.33,0.47,-0.68,-0.8,1,0,0
-0.35,3.26,0.25,-0.53,1.98,0.31,1.38,0.92,1,0,0
0.05,-0.36,2.61,-0.05,1.68,-0.99,-1.4,0.56,1,0,0
0.7,-2.15,0.86,-1.21,0.81,0.21,0.13,-0.53,1,0,0
2.56,-0.02,0.2,-1.19,1.23,0.58,-0.03,1.91,1,0,0
-1.58,1.03,-0.1,-0.71,0.42,0.32,-0.61,0.45,1,0,0
2.03,-0.07,-0.57,0.88,-1.73,-0.02,0.22,2.94,1,0,0
0.13,-1.38,-2.69,0.42,-0.77,-0.2,-3.35,0.98,1,0,0
-0.44,2.82,-0.14,1.1,-0.74,0.0,2.3,0.56,1,0,0
0.63,-0.99,2.25,0.58,-1.58,-0.88,0.91,0.98,1,1,1
1.7,0.24,-2.05,0.41,-1.15,0.36,-0.96,2.88,1,0,0
-0.67,1.96,1.79,2.4,-1.94,-0.8,2.28,0.63,1,0,0
-3.99,1.59,-0.18,0.69,-0.83,-0.3,-0.15,-1.98,1,0,0
-0.2,0.86,0.22,-0.04,-2.44,0.5,1.31,2.96,1,0,0
-0.61,1.24,0.25,1.4,-2.09,-0.17,-0.1,2.19,1,0,0
0.89,-0.11,-0.78,-0.42,-0.35,0.2,1.49,-0.74,1,0,0
-2.08,-0.21,-1.3,0.35,-0.49,-0.32,-0.53,-2.17,1,0,0
2.73,-0.74,-0.53,-0.41,0.48,-0.88,-1.38,2.46,1,0,0
-2.0,3.19,1.93,2.59,-0.52,-1.63,1.38,-0.59,1,0,0
-0.86,0.66,2.95,2.5,-3.52,-1.14,2.92,-0.79,1,0,0
-0.87,0.52,-0.6,0.81,-1.06,-0.99,-0.7,0.09,1,0,0
2.59,-0.24,-1.7,-0.45,2.78,-0.21,-2.08,-0.01,1,0,0
0.56,0.73,3.48,1.08,-0.27,-0.18,1.96,1.01,1,0,0
1.61,-1.02,-0.08,-1.17,0.29,1.28,0.99,1.6,1,0,0
1.62,-1.66,-0.43,-1.69,1.33,-0.02,-1.16,-0.04,1,0,0
-1.88,-0.67,1.05,0.13,-0.72,-0.4,1.96,-3.76,1,0,0
0.48,-1.25,0.99,-0.33,0.6,0.44,0.97,-1.43,1,0,0
-1.78,-2.25,-1.13,0.32,-2.59,0.88,-0.94,-0.04,1,0,0
-0.82,0.32,2.01,0.38,-0.34,-1.48,2.15,-2.07,1,0,0
-2.52,1.84,0.67,1.04,-0.31,-2.16,0.11,-1.16,1,0,0
-2.1,1.21,2.57,0.11,0.56,0.01,0.94,-0.29,1,0,0
0.3,-2.03,-1.47,-0.43,-2.04,0.69,-0.35,-0.28,1,0,0
0.66,-1.3,0.82,0.14,-0.24,-0.2,-0.83,0.29,1,0,0
2.9,-2.12,2.19,-2.5,1.45,0.55,0.65,1.57,1,0,0
-1.96,1.61,-0.31,2.14,-2.4,-0.98,1.05,-1.28,1,0,0
1.22,-0.42,0.72,-0.04,0.56,-0.62,0.74,-1.31,1,0,0
-0.92,-1.11,0.34,0.06,1.34,-0.06,-3.28,0.69,1,0,0
0.13,-0.19,0.63,-0.66,1.87,-0.19,0.42,-2.22,1,0,0
1.04,1.53,-2.26,0.67,0.37,-0.16,-1.09,0.5,1,0,0
0.41,1.86,-1.05,-0.02,-0.08,0.52,2.51,-1.96,1,0,0
-0.13,-1.49,-0.97,-0.97,-0.37,0.6,-0.71,0.62,1,0,0
-0.38,-0.12,-1.2,1.43,-2.52,0.12,1.36,-0.32,1,1,1
0.56,1.04,-2.44,1.02,-0.11,-1.03,-0.29,-2.25,1,0,0
-0.4,0.01,0.75,-0.24,-1.46,0.79,0.35,3.08,1,0,0
0.19,1.42,0.32,-0.91,1.19,0.16,-0.12,2.01,1,0,0
0.52,-1.37,1.05,-0.2,-1.27,0.03,-0.41,1.66,1,0,0
2.38,0.04,0.05,-0.89,3.24,-0.33,-2.65,2.23,1,0,0
1.81,-0.43,-0.15,-0.21,0.7,-0.18,0.14,0.14,1,0,0
0.09,2.2,-0.33,-0.05,0.5,0.72,1.82,0.79,1,0,0
0.19,0.32,-0.02,0.57,-0.74,-0.15,-0.07,2.07,1,0,0
-0.08,1.68,0.49,1.28,-1.51,-1.14,1.85,0.44,1,0,0
-1.14,-0.32,2.38,0.5,-1.51,-0.26,0.99,0.96,1,0,0
-2.72,0.5,1.63,1.81,-3.31,-0.03,3.04,-1.19,1,0,0
1.09,0.11,-1.7,0.24,2.48,-0.48,-1.99,-0.78,1,0,0
-2.09,1.45,2.39,0.36,-2.69,0.34,3.06,1.31,1,0,0
-0.35,-0.91,0.68,-0.2,0.11,-0.12,0.11,-1.6,1,0,0
-1.09,0.28,0.4,0.7,-0.15,-0.61,1.04,-3.48,1,0,0
-0.92,0.23,-0.47,0.85,-0.47,-0.84,-0.08,-1.36,1,0,0
1.6,3.49,-3.32,-0.67,2.64,1.31,-1.08,3.7,1,0,0
-1.29,-1.88,-0.36,0.62,-3.8,-0.0,-0.13,0.5,1,0,0
-2.4,-0.27,-2.27,-0.16,-1.33,0.51,-0.2,-1.94,1,0,0
2.45,-0.12,-0.88,-0.05,-1.1,0.28,0.22,2.86,1,0,0
-0.91,-1.65,-1.6,-0.55,-3.09,1.95,-0.2,2.42,1,0,0
4.54,-2.64,-0.13,-2.06,3.07,0.08,-0.98,-0.56,1,0,0
0.45,-0.98,1.05,0.72,-2.95,-0.07,1.4,1.77,1,0,0
-0.12,-1.51,0.15,-0.42,-1.23,0.23,-0.02,0.76,1,0,0
-0.12,0.83,1.22,-0.88,3.04,-0.41,-1.02,-1.43,1,0,0
2.32,-1.56,-1.92,-1.82,1.15,1.53,-2.79,4.37,1,0,0
-1.36,0.39,1.14,1.8,-4.01,-0.25,1.75,0.8,1,0,0
2.1,-0.54,-1.7,-0.7,1.09,0.28,-0.59,0.15,1,0,0
1.63,1.65,-4.1,-1.22,1.65,0.88,-0.17,-0.65,1,0,0
1.59,-1.43,0.22,0.91,-3.94,-0.36,2.07,0.44,1,0,0
2.28,-0.94,0.46,-0.97,-0.48,0.26,1.28,0.47,1,0,0
3.75,-2.07,-6.21,-1.97,0.3,1.31,-2.95,1.29,1,0,0
0.81,1.02,-0.21,0.76,0.27,-1.07,2.22,-3.02,1,0,0
4.32,0.63,0.56,0.52,1.25,-0.57,1.54,0.67,1,0,0
1.85,-3.06,-3.2,-2.71,2.2,0.56,-3.76,0.43,1,0,0
0.19,0.84,1.85,0.7,0.13,0.05,0.88,1.5,1,0,0
1.53,-0.46,-1.7,-1.26,1.03,0.5,-0.19,-0.55,1,0,0
-1.43,-0.92,5.2,3.49,-3.57,-1.76,1.56,0.71,1,0,0
-1.64,0.16,-1.41,0.63,-1.25,0.16,-0.63,-0.55,1,0,0
4.2,-2.07,-1.32,-2.75,2.64,0.82,-0.68,0.36,1,0,0
-2.07,0.46,-0.81,-0.03,-1.34,0.7,-1.0,1.47,1,0,0
-0.96,-1.57,-1.04,-1.4,-0.04,0.88,-0.22,-0.79,1,0,0
0.75,0.36,0.74,1.79,-1.65,-1.91,0.6,-0.58,1,0,0
0.21,0.13,-2.69,-1.92,3.28,0.41,-2.76,0.43,1,0,0
4.62,-2.01,-1.17,-0.05,-1.57,-0.25,1.77,0.51,1,0,0
0.98,0.22,2.21,-0.36,2.71,-0.78,1.54,-2.69,1,0,0
-1.52,1.82,2.37,2.08,-0.88,-1.54,3.4,-2.9,1,0,0
-0.07,-0.61,0.88,-0.73,0.33,-0.24,0.53,-0.85,1,0,0
-3.18,-0.85,2.3,1.84,-3.8,-1.65,0.53,-0.73,1,0,0
-0.21,0.19,-0.0,-1.27,1.99,-0.09,0.88,-3.05,1,0,0
-0.48,1.11,0.85,1.7,-0.33,-0.52,-0.48,0.47,1,0,0
-1.53,1.39,-0.32,1.69,-2.09,-0.71,-0.03,0.39,1,0,0
-0.04,-0.27,0.81,0.94,-1.04,-0.36,-1.35,1.86,1,0,0
0.8,-0.55,-0.36,-0.09,1.15,-0.74,-0.09,-1.96,1,0,0
-1.69,-2.05,-0.64,-1.81,1.14,0.32,-1.73,-1.18,1,0,0
0.56,0.48,0.14,1.31,-0.35,-0.97,1.34,-1.62,1,0,0
0.65,-0.87,-1.11,0.1,0.13,-0.81,-0.88,-1.12,1,1,1
-0.59,-1.09,-0.22,-0.79,-0.68,0.03,0.76,-1.04,1,0,0
0.55,2.79,-0.75,0.46,2.06,-0.71,-0.17,0.35,1,0,0
-0.57,2.04,1.05,1.79,-1.98,-0.25,1.48,1.01,1,0,0
1.13,-0.9,2.28,0.08,-0.63,-0.52,1.42,0.05,1,0,0
0.22,2.1,-3.04,0.93,0.09,0.99,0.46,-0.55,1,0,0
0.79,0.55,-2.64,0.56,2.16,-1.64,-2.73,-1.94,1,0,0
1.68,1.56,1.8,-1.14,5.51,-0.54,-0.88,0.4,1,0,0
-0.97,-0.19,0.68,0.16,-1.25,-0.47,1.52,-1.86,1,0,0
1.24,-1.55,2.29,0.29,-0.19,-0.27,-0.79,1.95,1,0,0
-1.73,-0.47,0.74,-0.41,0.34,-0.51,-0.2,-1.4,1,0,0
3.19,-0.57,-2.46,-1.05,-0.01,0.23,-0.24,1.66,1,0,0
2.16,0.12,-0.72,0.03,2.55,-0.01,-0.63,-1.09,1,0,0
-1.03,2.08,-1.19,1.45,0.92,-0.99,0.31,-3.38,1,0,0
0.69,-0.19,-0.56,-1.78,2.17,0.37,-1.98,1.23,1,0,0
-2.29,1.3,3.08,1.56,-0.95,-1.41,1.04,-0.96,1,0,0
1.77,-1.28,-0.77,0.05,-1.67,-0.05,1.26,-0.05,1,0,0
0.37,-1.94,3.45,0.18,-1.14,-0.39,0.31,1.99,1,0,0
1.69,-1.16,-1.16,-1.64,-0.35,0.48,-1.4,1.74,1,0,0
1.76,-2.04,-3.15,-2.25,0.06,1.22,-2.52,2.35,1,0,0
-1.64,-0.69,1.32,0.77,-3.31,0.11,0.76,1.87,1,0,0
-1.35,1.75,1.73,1.45,-1.56,-0.56,1.92,0.22,1,0,0
2.08,-2.75,-0.73,-1.09,0.6,-0.24,-1.53,0.15,1,0,0
0.28,-0.38,1.97,0.67,0.54,-0.04,-1.06,2.09,1,0,0
-1.18,0.41,1.06,-0.67,2.59,-1.09,-0.89,-2.43,1,0,0
-2.37,-0.36,0.69,1.33,-3.52,0.22,2.02,-0.9,1,0,0
-0.67,1.46,1.37,1.14,0.72,-0.88,2.07,-2.62,1,0,0
0.61,-0.05,0.38,1.75,-2.36,-0.48,0.17,1.65,1,0,0
-1.22,1.29,-0.16,1.08,-0.81,-1.04,1.02,-0.82,1,0,0
0.81,-1.09,-0.01,-0.7,-0.2,0.4,0.23,0.24,1,0,0
2.09,-2.56,-0.38,-0.38,-2.09,0.66,0.39,2.28,1,0,0
-1.85,-0.55,0.55,0.64,-0.68,-0.0,0.37,-1.64,1,0,0
0.1,1.57,-1.26,-0.9,3.09,0.93,-1.2,0.26,1,0,0
-1.91,-0.85,1.59,1.0,-3.33,-0.2,0.72,0.37,1,1,1
-0.79,1.35,-1.16,1.61,-2.93,-0.34,1.59,-0.25,1,0,0
-0.02,0.61,0.21,-1.28,3.44,-0.25,-1.0,-0.68,1,0,0
-1.89,-1.01,1.14,-1.11,-1.75,1.26,1.5,-0.23,1,0,0
-0.72,1.24,0.76,-0.58,-1.54,1.8,2.28,3.0,1,0,0
1.49,2.67,1.03,0.04,2.32,-0.73,1.93,-0.83,1,0,0
-0.25,-1.15,0.49,0.13,-1.6,-0.25,-0.3,1.07,1,0,0
2.24,-0.96,-2.2,-1.25,1.35,0.53,-2.01,0.39,1,0,0
-0.7,1.02,-1.42,-1.39,2.01,0.11,0.54,-2.92,1,0,0
0.33,-0.4,-0.44,-0.6,-0.24,0.32,0.35,-0.45,1,0,0
-0.83,3.47,0.9,0.6,1.54,-0.28,3.31,-3.22,1,0,0
-2.58,-0.89,0.24,0.36,-1.66,-0.32,-1.41,-0.11,1,0,0
2.1,-3.25,-0.71,-0.83,-0.84,-0.37,0.69,-1.86,1,1,1
-1.85,-0.38,0.79,0.11,-1.6,0.04,0.51,0.22,1,0,0
-1.47,3.02,-1.61,1.79,0.22,-1.35,-0.09,-2.18,1,0,0
-1.43,2.4,-0.02,0.71,1.42,-1.21,1.41,-3.08,1,0,0
-2.42,0.24,0.14,0.57,-1.89,-0.33,1.91,-2.68,1,0,0
0.78,-1.81,-3.15,-2.61,2.67,0.45,-2.46,-2.8,1,0,0
-0.8,1.68,3.42,1.87,1.25,-2.17,0.94,-2.01,1,0,0
0.28,-2.41,-2.6,-1.68,-0.11,1.64,-2.46,2.0,1,0,0
-2.19,2.38,-2.41,0.66,-0.69,0.3,0.6,-0.9,1,0,0
0.32,-1.22,0.07,-1.0,0.0,0.25,0.53,-0.34,1,0,0
0.8,0.31,-1.1,0.66,-1.91,-0.41,0.53,0.45,1,0,0
1.86,-1.1,0.59,0.68,-1.61,-1.18,1.73,-1.23,1,0,0
3.73,1.16,0.39,0.11,1.27,0.5,1.27,1.78,1,0,0
-1.79,-0.6,-0.38,-0.86,-0.68,0.24,-0.08,-0.45,1,0,0
1.36,1.61,-1.61,0.44,2.98,-1.8,-0.7,-2.79,1,0,0
-0.81,2.04,-0.82,0.55,1.8,-0.93,-0.0,-2.01,1,0,0
-0.55,-2.62,0.08,-1.12,0.07,0.08,-1.12,-2.26,1,0,0
0.45,0.02,0.77,-0.64,-0.55,-0.43,0.2,2.65,1,0,0
2.04,-1.94,-0.15,-1.25,2.43,0.07,-0.99,-0.82,1,0,0
0.27,1.81,-0.88,-0.13,1.22,0.24,1.23,-1.17,1,0,0
-0.39,2.21,1.46,1.57,-1.13,-1.23,2.18,0.54,1,0,0
0.35,-1.16,-2.2,-0.5,-0.11,2.34,0.17,-0.75,1,0,0
-1.2,2.3,1.66,1.11,-0.06,0.13,0.41,1.74,1,0,0
-1.86,1.12,3.23,0.59,-0.63,-0.05,1.8,0.93,1,0,0
0.57,0.61,1.85,1.82,-1.03,-1.1,2.24,-0.25,1,0,0
-0.17,1.73,0.39,-0.86,2.79,0.14,1.12,-2.18,1,0,0
-0.35,2.09,1.69,-0.22,2.3,0.15,2.44,-0.42,1,0,0
1.04,-1.4,1.8,-0.32,1.41,-1.57,-0.48,-1.34,1,0,0
-1.11,2.97,1.84,2.03,-0.36,-1.99,1.53,-0.88,1,0,0
0.37,-0.12,-0.54,-0.91,0.12,0.58,0.01,-0.32,1,0,0
-2.5,0.93,1.46,-0.0,-1.01,0.9,0.42,2.64,1,0,0
2.59,0.75,-3.76,-1.94,2.15,1.24,0.21,-1.87,1,0,0
2.4,-0.64,-5.75,-2.66,4.3,0.56,-3.13,-1.5,1,0,0
1.87,1.2,-1.77,-1.5,2.92,0.75,-0.95,1.71,1,0,0
1.4,1.96,-3.96,0.01,0.07,1.06,-0.76,2.0,1,0,0
-0.88,2.44,0.54,1.92,-3.86,0.35,2.86,2.96,1,0,0
2.24,-0.49,0.7,0.07,0.53,-0.57,1.03,-0.71,1,0,0
0.13,-0.11,-1.18,0.48,-1.55,0.55,0.26,0.41,1,0,0
1.04,0.53,1.09,-1.1,1.54,-0.03,0.5,1.23,1,0,0
0.93,-0.82,-1.3,-0.67,0.44,0.76,-0.97,0.26,1,0,0
1.07,-0.4,-0.53,-1.29,2.2,0.1,-1.7,0.86,1,0,0
-1.65,1.42,1.18,0.81,-0.65,-1.33,0.06,1.1,1,0,0
1.35,0.42,-0.28,-0.0,1.06,-1.05,1.18,-1.95,1,0,0
-2.17,1.47,-0.71,-0.98,0.86,0.72,0.6,-1.71,1,0,0
0.41,0.22,0.28,-1.43,2.31,0.47,-0.81,1.4,1,0,0
-0.98,0.15,2.28,0.98,-2.35,0.78,2.49,0.7,1,0,0
-0.14,-0.81,-0.65,-0.11,-2.35,0.21,0.05,1.37,1,0,0
3.22,-1.7,1.05,-1.29,2.44,0.21,-2.07,1.97,1,0,0
-0.31,-1.69,-1.87,-0.72,-0.26,0.29,-1.47,-0.96,1,0,0
-4.07,2.03,-1.98,2.41,-2.69,-0.39,-0.43,-1.99,1,0,0
1.18,-0.04,-0.31,-1.48,2.86,0.41,-0.28,-0.96,1,0,0
-0.43,0.87,0.43,0.57,-0.87,-0.42,-0.29,1.91,1,1,1
2.56,1.58,-0.85,-0.36,2.69,0.23,0.3,0.79,1,0,0
2.62,0.2,1.23,0.79,-1.94,0.15,2.19,2.47,1,0,0
0.56,1.37,0.84,0.97,1.23,-2.28,0.73,-2.15,1,0,0
0.86,2.49,-2.94,-0.93,1.79,0.7,-0.35,1.38,1,0,0
0.12,0.14,0.33,1.08,-0.87,-0.58,0.96,-0.38,1,0,0
-1.78,-0.69,2.01,0.98,-0.21,-0.98,-0.84,-0.89,1,0,0
0.76,1.57,4.08,0.95,1.89,-2.5,0.54,-0.37,1,0,0
2.44,1.61,-4.61,-0.96,0.96,0.94,-1.45,1.24,1,0,0
-0.71,-0.59,-0.35,-0.32,-1.0,0.01,1.03,-1.13,1,0,0
1.45,0.7,-1.71,0.64,0.87,0.01,-0.91,0.82,1,0,0
1.02,-1.38,-0.98,-1.32,0.45,-0.04,-0.88,-0.75,1,0,0
-1.61,0.46,0.22,0.95,-1.2,-0.33,1.9,-1.57,1,0,0
2.36,-0.37,0.75,-0.21,-0.51,0.83,2.56,-0.05,1,0,0
-1.9,1.13,0.4,-0.09,2.32,-0.23,-0.09,-2.3,1,0,0
1.39,-1.61,-0.92,-0.09,0.09,-0.23,-0.23,-0.92,1,0,0
0.69,-0.49,2.34,0.56,-1.62,-0.38,0.73,3.03,1,0,0
0.12,-1.16,0.1,-1.08,1.41,-0.26,-1.04,-1.04,1,1,1
0.68,-1.76,1.43,-1.17,2.26,0.39,-0.71,-1.07,1,0,0
2.56,-0.42,0.32,0.66,-1.48,-0.26,1.01,1.46,1,0,0
-0.26,0.63,1.37,0.29,1.84,-0.89,0.64,-2.34,1,0,0
-0.87,0.46,2.01,-0.59,-1.07,-0.51,1.69,0.56,1,0,0
1.14,-2.13,-3.18,-2.46,1.32,1.48,-1.34,-0.89,1,0,0
1.83,-0.32,-0.69,1.62,-1.45,-1.23,-0.3,-0.08,1,0,0
-0.15,-0.15,-0.65,-0.2,1.03,-0.59,-0.38,-1.79,1,0,0
2.98,0.67,-1.53,-0.68,2.71,-0.44,0.24,-1.05,1,0,0
1.31,0.42,-1.98,-1.71,2.53,0.68,-0.9,-0.89,1,0,0
-2.12,1.26,1.34,0.55,0.86,-0.96,0.91,-2.68,1,0,0
-2.77,3.76,-1.01,2.19,-1.98,-0.79,1.28,-0.5,1,0,0
-1.09,1.02,0.58,-0.74,0.71,-0.18,0.7,-0.04,1,0,0
1.23,-0.22,-1.83,0.52,-1.18,0.31,-0.19,1.44,1,0,0
0.59,0.98,-5.07,-0.18,-1.05,-0.07,0.15,-0.92,1,0,0
2.06,-0.28,-0.0,-1.46,2.07,0.45,-1.69,3.2,1,0,0
-0.18,1.26,-1.15,-1.14,3.69,0.12,-1.21,-1.3,1,0,0
1.63,0.79,-1.25,0.62,-2.1,1.13,0.34,4.99,1,0,0
-1.78,0.5,3.1,1.94,-3.72,-1.32,2.15,0.26,1,0,0
0.51,2.2,-1.36,-0.23,1.41,0.65,0.7,0.0,1,0,0
-1.83,-0.32,-2.51,-0.55,-0.12,0.52,-0.77,-2.18,1,0,0
1.5,1.21,-1.58,-1.23,2.25,0.45,-0.53,-0.09,1,0,0
1.69,-0.8,-3.03,-1.75,1.62,1.62,-1.33,0.69,1,0,0
0.63,0.55,-0.83,-0.33,0.83,-0.02,0.37,-1.3,1,0,0
0.59,-1.35,-0.08,-0.75,-1.73,0.52,0.49,1.26,1,0,0
-0.2,0.76,-1.2,0.32,-0.03,-0.09,-1.63,0.61,1,0,0
2.97,-1.07,-2.39,-0.91,0.49,1.49,-0.61,0.9,1,0,0
0.16,-0.56,-3.02,-0.38,-1.86,0.43,0.25,0.07,1,0,0
-1.36,0.06,0.15,1.93,-3.2,-0.78,0.87,-0.4,1,0,0
-2.01,0.44,-2.66,-0.44,0.44,-0.81,-2.77,-0.91,1,0,0
0.54,-1.11,1.3,-0.24,-2.55,-0.11,1.06,1.74,1,0,0
0.29,-0.6,-1.69,-1.25,2.21,1.31,-1.74,0.25,1,0,0
-0.52,-1.94,-0.62,-0.47,-2.21,0.61,-0.41,0.14,1,0,0
0.23,-1.27,-0.01,-1.04,0.18,1.61,0.89,-0.18,1,0,0
-1.2,1.44,-0.2,-0.38,-0.53,0.29,-0.03,1.78,1,0,0
-1.68,2.94,-0.15,0.99,0.01,-1.57,1.53,-1.6,1,0,0
-4.05,2.09,-0.6,-0.2,1.97,0.12,-0.43,-2.72,1,0,0
-0.33,-0.98,0.91,-0.9,0.41,1.1,0.0,1.23,1,0,0
-0.98,2.34,2.28,2.65,0.78,-2.8,1.5,-3.36,1,0,0
-0.33,-3.04,-0.82,-1.75,0.11,2.0,-2.89,2.43,1,0,0
-3.96,-1.5,4.58,0.78,-1.16,-1.16,1.02,-3.12,1,0,0
-1.29,2.63,-1.09,1.32,0.56,-0.28,0.23,-0.3,1,0,0
-0.85,-2.23,-3.0,-1.29,-2.36,0.24,-3.2,1.87,1,0,0
0.53,-0.79,0.04,0.12,0.45,0.71,-0.86,1.07,1,0,0
0.42,-1.24,-1.25,-1.18,0.61,0.77,-0.83,0.45,1,0,0
-0.7,-1.84,0.1,-1.28,0.45,0.3,1.2,-3.09,1,0,0
0.18,-0.76,-0.41,-0.05,1.43,-0.72,-0.34,-2.79,1,0,0
0.29,0.83,-4.64,-0.97,-1.3,1.41,-1.88,2.49,1,0,0
0.48,1.11,0.02,0.01,0.98,0.09,-0.49,0.82,1,0,0
-3.49,2.16,-0.21,1.05,0.47,-0.92,0.28,-3.17,1,0,0
1.44,-0.12,-2.09,-2.08,4.15,1.21,-1.25,-1.3,1,0,0
0.97,1.16,-0.17,0.23,0.42,-1.33,0.81,-0.68,1,0,0
0.69,-0.42,0.42,-0.73,0.38,-0.46,-0.93,1.98,1,0,0
2.53,-2.39,0.35,-0.52,0.74,0.43,-0.2,-1.12,1,0,0
1.15,1.83,-3.13,-0.16,0.17,1.09,-0.51,1.73,1,0,0
-1.52,1.65,2.78,2.06,-2.7,-1.66,3.7,-2.62,1,0,0
3.32,0.76,1.02,-0.37,3.26,-1.04,0.2,0.26,1,0,0
-0.56,1.13,-1.54,0.06,1.17,-0.31,0.52,-3.33,1,0,0
3.17,-3.72,-1.8,-0.85,-1.57,0.12,-1.91,1.67,1,0,0
2.09,-1.07,0.07,-1.04,1.45,1.53,-0.64,1.62,1,0,0
0.49,-1.82,-2.05,-0.86,0.09,1.57,-3.28,3.22,1,0,0
1.27,-0.87,0.1,0.9,-0.81,-1.66,0.05,-0.34,1,0,0
1.43,0.47,0.26,-1.07,2.26,0.05,-0.37,0.39,1,0,0
-0.97,2.61,-3.52,0.5,-0.86,0.98,0.46,0.3,1,0,0
-0.74,0.07,0.88,-0.39,1.38,-0.83,-0.37,-1.09,1,0,0
-0.46,0.95,-2.01,0.81,0.15,-0.35,-1.01,-0.67,1,0,0
-0.75,-0.86,2.05,-0.75,0.77,-0.42,0.9,-2.29,1,0,0
-1.96,-0.27,-1.77,-0.11,-0.14,-0.28,-1.66,-2.01,1,0,0
1.82,-0.86,-0.57,0.12,1.56,-0.59,-1.14,-0.39,1,0,0
1.95,-1.29,2.82,-0.13,1.41,-0.44,0.31,-0.48,1,0,0
-0.76,-0.47,-0.89,0.67,-0.65,-0.35,0.51,-2.78,1,0,0
1.78,0.31,-1.15,-0.13,1.48,0.78,0.38,0.08,1,0,0
-0.23,0.08,-3.36,-0.74,-1.7,0.77,-0.37,0.99,1,0,0
-0.48,0.77,-0.21,1.57,-1.44,-0.46,-0.41,1.02,1,0,0
1.6,-2.54,-2.58,-2.65,2.56,0.68,-3.37,0.55,1,0,0
1.44,0.55,0.09,1.21,-1.36,-0.89,-0.38,3.15,1,0,0
-1.35,1.16,3.29,0.81,-0.07,-0.34,3.07,-1.75,1,0,0
-0.62,0.32,0.72,-0.53,0.24,-0.17,-0.67,2.37,1,0,0
-1.69,0.08,0.79,0.25,-1.01,0.49,1.45,-0.19,1,0,0
0.94,1.26,-2.28,-0.87,3.76,0.17,-0.87,-2.84,1,0,0
-0.53,-0.89,-1.11,0.19,-1.86,0.28,0.22,0.24,1,0,0
1.56,-1.99,0.62,-2.21,1.19,0.7,0.93,-0.62,1,0,0
1.65,-3.73,-3.2,-2.19,1.03,0.92,-3.58,-0.51,1,0,0
0.32,-2.79,-5.23,-2.78,0.19,1.88,-4.05,1.09,1,0,0
2.2,0.99,0.5,1.3,-1.11,-0.46,2.23,0.43,1,0,0
-1.54,3.66,-1.98,3.08,-2.07,-2.09,1.98,-2.57,1,0,0
-1.28,-1.32,1.7,0.62,-5.69,0.02,3.13,0.85,1,0,0
-0.29,0.82,-0.58,-0.24,0.41,-0.26,0.31,-1.02,1,0,0
-2.51,2.03,2.5,0.75,-1.15,-0.14,1.69,0.32,1,0,0
-0.21,0.45,-0.98,-0.17,0.01,0.59,-0.96,1.64,1,0,0
1.81,-1.41,-3.44,-1.47,2.54,0.09,-2.45,-1.07,1,0,0
0.48,0.27,0.3,-0.11,-0.92,-0.06,1.61,0.34,1,0,0
-0.97,0.53,0.02,-0.4,-0.52,0.47,0.44,0.43,1,0,0
0.12,-0.42,-0.25,-1.31,0.59,0.43,-1.27,2.13,1,0,0
1.14,0.31,1.64,1.08,1.49,-0.87,0.57,-0.84,1,0,0
-3.48,0.3,1.91,0.23,-1.53,0.23,-0.41,1.59,1,0,0
0.69,0.47,0.09,0.51,0.45,-0.3,0.78,-1.01,1,0,0
-0.27,-0.6,-1.98,-0.5,0.27,-0.53,-1.36,-1.63,1,0,0
0.1,1.67,-0.87,-1.48,3.61,0.26,-1.15,-0.02,1,0,0
0.73,-1.76,-0.79,1.0,-1.58,-0.34,-0.52,-0.09,1,0,0
0.6,-1.21,1.9,0.42,-0.17,0.23,0.67,0.21,1,0,0
2.17,-2.42,-0.93,-0.91,-2.21,1.27,-1.22,3.82,1,0,0
-0.95,1.77,2.24,2.91,-2.02,-1.63,1.59,0.23,1,0,0
2.52,-2.6,-4.79,-1.15,-3.35,2.76,-1.18,2.92,1,0,0
-0.67,0.09,-0.65,0.01,-0.21,0.6,0.22,0.46,1,0,0
0.07,1.21,-0.63,0.03,1.38,-0.1,0.29,-0.1,1,0,0
1.57,-1.29,-0.91,0.18,-1.11,-0.25,-1.08,1.34,1,0,0
1.21,0.01,-2.17,-2.2,0.8,0.16,-0.86,0.69,1,0,0
-0.37,0.54,3.11,-0.17,0.97,-1.34,1.62,-1.68,1,0,0
-2.25,-0.4,2.58,1.01,-3.92,0.37,3.22,0.28,1,0,0
1.73,-1.77,-0.14,-1.13,-0.3,1.55,-1.27,4.28,1,0,0
-0.68,-0.54,-1.35,-0.95,0.54,0.17,-0.48,-1.71,1,0,0
-1.57,2.52,0.09,0.97,-0.91,0.62,0.66,2.2,1,0,0
-2.89,1.59,1.87,0.49,1.86,-1.73,0.14,-3.87,1,0,0
1.79,0.07,1.15,-1.23,3.49,0.23,-2.81,2.2,1,0,0
-4.07,1.86,2.83,1.26,-1.22,-0.96,1.39,-0.94,1,0,0
-2.54,2.03,0.59,-0.8,4.0,-0.23,-0.04,-3.54,1,0,0
-2.61,-1.78,0.52,0.35,-0.7,0.16,-0.72,-1.6,1,0,0
-0.75,1.08,1.82,1.95,-2.0,-1.05,1.6,-0.35,1,0,0
-1.86,-1.17,1.64,0.65,-2.44,-0.43,0.88,-0.37,1,0,0
1.25,-0.32,1.19,-1.79,2.22,0.32,-0.97,1.83,1,0,0
-0.53,0.34,-4.68,0.87,-0.53,-1.05,-1.67,3.83,2,0,0
0.16,-1.02,1.31,-0.86,2.66,1.04,0.41,-0.88,2,0,0
-3.98,-0.64,-0.71,-1.42,2.63,1.42,1.39,1.52,2,0,0
-0.6,-1.7,-1.16,2.98,0.69,-2.47,1.12,0.78,2,0,0
2.56,-2.59,-0.34,0.55,3.56,-1.41,1.54,-2.3,2,0,0
-1.13,1.26,-0.57,-0.87,0.56,1.11,-1.03,1.81,2,0,0
-2.62,-0.19,-1.97,0.67,0.83,-0.26,-1.99,2.99,2,0,0
-2.07,0.5,-0.05,-1.47,-0.11,-1.94,1.17,-1.15,2,0,0
-2.39,1.09,-1.01,-1.8,-2.1,0.33,-0.06,1.51,2,0,0
2.83,-0.54,-1.2,1.84,-0.14,-0.2,-0.41,-1.7,2,0,0
-0.51,-1.15,-0.34,-0.29,2.7,1.0,0.76,-0.25,2,0,0
0.08,0.23,-2.24,0.8,0.62,-3.42,-0.74,0.57,2,0,0
-0.67,-0.1,2.28,2.44,-1.86,0.47,-1.24,-0.7,2,0,0
0.24,-1.46,1.68,0.48,0.92,-0.62,-0.18,0.14,2,0,0
3.1,-0.27,0.81,-0.56,-2.15,1.1,-0.94,-3.55,2,0,0
2.98,0.73,1.4,-0.31,-0.2,0.99,0.5,-1.63,2,0,0
-1.62,4.11,1.6,-1.8,-1.92,2.68,1.73,1.6,2,0,0
-4.08,0.52,-0.92,1.97,0.32,0.28,-1.26,1.13,2,0,0
0.66,2.92,-2.27,-0.72,-4.09,-1.78,-2.53,1.06,2,0,0
-1.85,-1.01,0.17,0.7,2.49,-1.54,1.31,0.31,2,0,0
1.29,-3.24,-0.43,1.0,4.38,-0.24,-1.1,-0.3,2,0,0
-0.07,-0.4,0.44,1.13,0.01,0.84,-0.52,-0.44,2,0,0
1.48,1.3,1.63,-0.15,-0.48,1.77,0.11,-1.92,2,0,0
-0.59,-2.6,-3.85,2.43,0.4,-3.01,-2.33,-1.38,2,0,0
-2.68,-0.11,-1.72,1.27,0.46,-1.34,1.15,0.56,2,0,0
0.33,-0.56,2.02,-1.04,0.15,-1.61,-0.76,-1.01,2,0,0
-2.97,-0.34,-0.01,2.75,2.75,1.87,0.86,3.17,2,0,0
0.45,1.69,-1.04,-0.24,-1.31,-1.07,-0.44,-0.07,2,0,0
2.74,-0.56,3.56,-2.92,1.92,0.53,2.32,-3.26,2,0,0
-0.03,-0.19,-2.59,0.55,0.02,-2.17,-1.76,1.54,2,0,0
-3.07,-0.43,-0.61,-1.67,3.47,-0.05,2.73,0.36,2,0,0
1.15,-2.65,-2.92,-0.13,2.42,-2.14,-0.2,-1.27,2,0,0
-0.85,-0.64,2.34,0.82,2.17,0.63,0.27,-0.63,2,0,0
-0.15,1.0,-0.86,0.75,-3.4,0.13,0.73,1.13,2,0,0
1.3,1.57,2.43,-0.52,-1.82,1.53,0.02,-0.37,2,0,0
1.48,-0.87,-0.86,0.98,-1.16,0.24,-2.33,-0.19,2,0,0
-0.16,2.53,0.78,-2.81,-2.58,0.08,0.22,-1.39,2,0,0
-1.27,0.99,1.61,-0.97,-2.2,2.19,0.77,-0.94,2,0,0
-3.0,-0.09,1.57,1.18,0.42,1.8,0.45,-1.77,2,0,0
-1.56,-1.9,-2.54,1.47,-1.32,-1.92,-2.34,0.83,2,0,0
-4.94,1.05,-4.18,2.98,-0.11,1.08,-0.56,5.01,2,0,0
2.76,-2.27,-0.64,1.11,1.61,0.04,-2.23,-1.64,2,0,0
2.14,0.25,0.02,-0.32,-0.6,0.64,-1.99,-0.24,2,0,0
-2.88,0.7,0.8,-1.0,0.27,2.84,-3.05,3.23,2,1,1
1.07,0.99,0.4,-0.59,-0.36,1.44,0.41,0.57,2,0,0
0.27,0.72,0.12,-0.8,0.86,-1.58,2.35,-1.23,2,0,0
1.79,-0.64,0.73,0.48,1.06,-2.0,1.35,-1.78,2,0,0
3.47,1.73,3.66,-2.93,-1.44,1.93,3.05,-3.05,2,0,0
2.02,-1.88,0.52,1.23,2.48,-1.19,-0.35,-2.98,2,0,0
0.0,3.0,2.21,0.16,-4.17,2.08,-1.21,0.24,2,0,0
-2.15,-0.8,-1.61,-0.03,1.42,0.3,-0.13,1.86,2,0,0
-1.54,-1.98,-2.18,1.18,2.91,-0.3,-1.21,1.17,2,0,0
-1.22,-2.18,-0.77,0.01,3.19,-1.65,-0.57,1.44,2,0,0
-1.89,1.44,-0.13,0.36,0.04,1.49,0.39,3.09,2,0,0
-0.41,-1.24,-1.28,-0.22,0.1,-2.8,-0.04,-1.67,2,0,0
2.36,-0.38,-0.1,-1.28,-0.09,-0.29,0.98,-1.28,2,0,0
1.4,-1.22,2.87,1.09,3.96,0.37,1.02,-1.94,2,0,0
0.13,-0.81,0.16,1.14,-0.52,1.66,-0.83,0.57,2,0,0
1.83,-1.14,2.83,1.36,1.41,2.89,-0.95,-1.82,2,0,0
0.07,-0.11,-1.57,0.15,-2.03,-1.48,-0.03,-0.21,2,0,0
1.74,-1.87,0.07,0.78,0.64,0.93,0.68,-3.25,2,0,0
-2.27,-1.03,-1.26,2.32,0.28,-2.89,-0.5,0.82,2,0,0
0.05,0.33,3.33,-1.82,-1.23,0.53,1.45,-3.35,2,0,0
0.72,0.05,-1.65,-1.03,1.17,-1.1,0.22,1.13,2,0,0
-0.28,0.43,1.24,0.16,-0.89,1.96,1.81,-1.09,2,0,0
3.41,0.89,0.99,-0.93,-1.21,1.06,0.26,-2.13,2,0,0
0.41,-3.28,-2.46,0.8,3.27,-1.89,0.9,-1.46,2,0,0
0.12,1.17,3.18,-1.54,0.78,3.12,0.32,-0.09,2,0,0
0.29,0.52,0.32,-0.95,1.96,-0.73,1.6,1.7,2,0,0
4.33,1.66,-1.29,-1.34,-3.32,0.09,-2.06,-1.01,2,1,1
0.41,0.59,-0.61,-0.25,-0.03,-0.6,0.16,1.07,2,0,0
-1.43,0.34,0.22,0.73,0.62,1.82,0.2,2.6,2,0,0
4.65,-1.14,2.81,0.31,0.24,1.77,0.71,-4.88,2,0,0
4.9,-1.67,-2.67,0.19,-0.46,-2.76,-0.94,-1.97,2,0,0
0.66,0.64,-3.42,-0.25,-1.33,-1.53,-1.62,3.81,2,0,0
-1.94,1.18,1.65,0.89,-0.57,2.56,-0.18,1.22,2,0,0
-0.38,1.22,0.57,-0.78,0.78,1.53,0.11,2.8,2,0,0
-0.96,-1.76,-0.04,2.18,-0.39,1.36,-2.78,-0.01,2,0,0
-1.95,-1.5,-1.72,1.64,-0.44,-0.62,-2.97,0.84,2,0,0
-1.82,-1.16,-0.11,2.51,0.55,0.69,-1.85,0.45,2,0,0
-1.13,-0.57,0.38,-1.13,1.01,-1.57,0.12,0.38,2,0,0
-0.38,-0.3,2.27,-0.24,1.13,2.14,0.94,1.89,2,0,0
-0.3,-1.78,-0.48,1.0,0.02,-0.98,-1.57,0.63,2,0,0
1.17,0.47,1.72,-0.34,0.13,2.02,0.9,-0.19,2,0,0
-0.64,-0.96,0.86,0.54,0.76,1.12,0.62,-1.68,2,0,0
-0.39,-0.02,-0.71,-0.07,0.99,0.49,0.59,2.02,2,0,0
3.44,-2.44,-0.28,1.15,1.17,-0.91,-1.49,-3.83,2,0,0
0.25,-0.8,-0.29,2.4,0.31,-0.07,-1.63,-0.61,2,0,0
1.21,-1.08,0.38,0.68,2.1,-0.49,2.14,-1.81,2,0,0
-1.09,-1.5,-1.52,0.81,1.8,0.29,0.66,0.77,2,0,0
1.59,1.44,0.12,0.04,-2.75,0.9,-0.16,-1.41,2,0,0
0.11,-0.48,0.53,-1.02,1.86,-1.25,-0.18,-1.46,2,0,0
1.31,1.43,1.49,0.42,-1.7,0.66,1.54,-0.89,2,0,0
-1.91,0.98,0.74,-0.18,-0.82,0.6,0.45,0.78,2,0,0
2.25,0.43,0.78,-0.09,0.52,0.73,0.97,-2.34,2,0,0
0.5,0.55,0.84,0.33,0.22,-0.45,0.85,-0.04,2,0,0
-0.19,0.67,-0.66,0.12,1.2,1.13,0.39,0.26,2,0,0
-2.23,0.78,-3.58,-0.04,1.16,-2.62,-1.03,2.53,2,0,0
2.64,-2.82,0.98,1.77,-0.24,-0.97,-0.23,-4.61,2,0,0
-3.34,-0.01,-1.99,-1.31,1.99,-1.07,-0.57,1.76,2,0,0
0.39,-0.49,-3.57,0.67,0.05,-0.81,-0.39,1.67,2,0,0
1.11,1.04,-1.85,0.89,0.28,-1.68,-0.66,0.76,2,0,0
2.56,-1.39,-0.88,-0.07,1.47,-2.12,1.71,-3.69,2,0,0
-2.77,-2.11,-0.85,1.52,1.86,-2.59,-0.07,-1.64,2,0,0
-2.4,-1.97,0.64,2.71,-0.76,2.41,-3.29,-0.58,2,0,0
-0.4,-0.31,2.49,-1.09,2.0,1.91,3.16,-0.89,2,0,0
1.16,1.42,-0.55,-0.52,0.44,0.98,-1.09,2.65,2,0,0
-2.79,1.33,0.2,0.66,0.93,0.47,1.51,2.43,2,0,0
1.45,0.17,4.57,-0.89,0.35,3.27,2.36,-4.58,2,0,0
-1.02,-2.87,-1.02,1.41,1.12,-0.5,0.54,-1.72,2,0,0
-1.31,-1.69,-2.72,-1.47,4.32,-3.34,0.31,0.13,2,0,0
2.29,-0.38,-2.5,1.07,-2.85,-0.31,-1.46,-0.08,2,0,0
0.64,1.34,1.25,-0.19,-2.95,-1.0,0.67,-0.97,2,0,0
-1.14,-0.49,-1.36,0.25,0.78,-1.31,-0.12,-0.56,2,0,0
-1.11,-0.54,-1.63,1.74,0.77,1.31,-1.39,3.38,2,0,0
2.48,-0.3,1.17,-0.34,0.35,1.05,-0.76,-0.91,2,0,0
0.32,0.5,2.15,-0.32,1.95,0.58,2.14,-1.27,2,0,0
0.68,0.77,3.05,-1.16,1.51,-1.19,3.22,-1.48,2,0,0
-2.23,2.3,1.41,0.1,-4.04,2.92,-1.69,0.8,2,0,0
-1.74,2.84,0.61,-1.66,-1.7,1.52,-0.01,1.09,2,0,0
2.76,0.59,0.38,0.51,-1.58,-0.92,0.66,-1.6,2,0,0
-3.54,-1.54,-0.85,1.48,2.61,0.65,0.15,1.39,2,0,0
0.06,2.41,0.12,0.48,-2.22,1.64,-3.28,0.8,2,0,0
1.05,0.65,3.7,0.56,0.19,2.51,-0.29,-1.64,2,0,0
-0.54,-1.45,-0.23,1.04,1.29,-0.91,-0.68,0.16,2,0,0
-1.12,2.21,3.05,0.51,0.77,1.48,0.78,1.21,2,0,0
0.02,1.85,0.87,-1.16,-1.19,0.1,0.42,-0.66,2,0,0
-2.08,2.27,3.61,-2.28,-1.31,1.99,2.6,-0.98,2,0,0
-0.75,-0.85,-1.41,1.02,0.41,0.09,-1.05,0.81,2,0,0
2.77,-1.1,0.49,-0.25,0.27,0.3,-1.03,-3.91,2,0,0
2.68,-2.87,-1.14,-0.51,0.37,-0.37,-2.16,-3.02,2,0,0
-3.34,0.34,-2.65,-0.15,0.37,-1.3,-0.91,1.95,2,0,0
-0.78,-1.67,-0.21,1.54,-0.68,1.41,-1.05,-0.67,2,0,0
-0.94,-2.98,-0.01,1.48,0.67,1.11,-1.64,-0.0,2,0,0
-0.8,-1.27,-3.0,-0.43,-0.1,-1.58,-1.68,-0.77,2,0,0
-1.7,-0.36,-0.29,1.36,-0.05,-0.74,-0.64,0.76,2,0,0
-0.23,-0.3,-1.94,-0.28,-0.28,-0.59,-2.63,1.67,2,0,0
-3.15,0.07,-1.8,0.23,-0.87,-2.42,-0.47,0.96,2,0,0
-2.57,-0.42,-2.48,1.86,-1.04,-0.53,-1.99,1.14,2,0,0
-0.12,0.2,1.91,-1.66,1.92,1.69,1.45,-2.21,2,0,0
2.21,-2.49,-3.21,1.3,0.89,-3.34,-0.68,-0.77,2,0,0
2.43,2.94,-2.46,-0.69,-1.61,-1.94,-0.75,1.08,2,0,0
-1.04,-1.05,0.55,1.65,1.69,1.26,-1.21,0.04,2,0,0
1.12,-0.44,0.16,-0.18,1.16,-0.98,0.69,-1.48,2,0,0
-0.63,-1.9,-0.46,0.06,1.11,-1.45,-2.69,-1.24,2,0,0
0.35,-1.93,-1.5,2.06,0.73,0.26,-2.8,-0.1,2,0,0
4.93,-2.98,-0.42,1.72,-0.87,-2.46,-4.41,-1.49,2,0,0
0.81,-2.73,-0.34,1.26,0.91,-1.5,0.27,-0.98,2,0,0
0.8,-0.54,1.29,-0.24,-1.16,1.3,-0.64,-1.15,2,0,0
2.65,3.61,0.01,-2.89,-1.82,1.23,2.0,-1.19,2,0,0
0.85,0.22,0.23,-0.9,-1.71,0.69,-2.93,-0.46,2,0,0
-2.93,0.9,-1.11,-0.71,-0.26,0.5,-2.08,1.47,2,0,0
-1.71,-1.2,-1.22,1.28,-0.26,0.03,-1.05,1.77,2,0,0
-2.28,-0.28,-0.7,-0.27,1.49,-0.7,0.44,0.99,2,0,0
-1.29,1.11,2.96,1.14,-0.14,2.65,1.27,-0.44,2,0,0
-1.36,2.02,2.67,0.57,-0.56,2.67,-0.21,0.41,2,0,0
2.04,-1.29,-0.8,1.28,0.06,-0.47,-1.21,-2.51,2,0,0
-1.37,-0.91,-1.8,0.9,0.51,1.98,-0.34,1.08,2,0,0
0.19,0.49,-0.57,-0.28,1.08,-1.36,0.64,-0.07,2,0,0
0.83,0.21,-1.23,0.46,-0.21,-2.5,-0.55,-0.57,2,0,0
0.54,-0.59,-1.17,-0.19,0.18,0.06,-0.53,0.26,2,0,0
-0.35,-0.64,0.46,-1.07,-0.15,0.24,-1.37,0.4,2,0,0
-0.68,-0.13,0.15,0.57,0.05,0.28,-0.76,-1.28,2,0,0
-1.25,0.76,2.38,-1.09,-0.6,1.37,-0.42,0.51,2,0,0
0.88,-0.87,-3.48,2.13,0.15,-0.66,-0.4,0.42,2,0,0
1.79,-0.9,1.49,0.27,0.91,0.03,2.48,-1.78,2,0,0
-0.84,-1.59,-2.36,0.74,1.34,-0.16,-1.61,1.47,2,0,0
-0.05,0.14,0.48,0.64,-0.31,-0.29,-0.08,0.19,2,0,0
0.09,-2.65,-2.86,1.14,2.49,-1.0,0.09,0.13,2,0,0
-0.83,-1.95,-0.82,1.63,2.03,-0.82,-3.99,1.95,2,0,0
1.15,-2.87,-1.44,1.27,1.13,-0.16,-1.17,-0.18,2,0,0
0.74,-0.05,0.61,-0.87,1.8,0.13,-0.2,-0.8,2,0,0
-1.22,-3.03,-0.08,2.04,0.58,-0.84,-1.09,-0.84,2,0,0
0.29,-0.89,-1.92,1.13,-1.27,-0.58,-0.42,-2.22,2,0,0
-1.94,0.47,-1.89,2.04,0.05,-0.6,-1.25,2.46,2,0,0
1.08,2.38,1.88,-1.74,-1.87,0.32,1.49,-1.39,2,0,0
2.88,-1.2,-2.0,1.03,2.0,-1.29,2.68,-1.55,2,0,0
-1.8,-0.86,-0.23,2.6,-0.12,-1.94,0.09,-0.34,2,0,0
-3.69,-1.48,-0.59,1.11,1.98,0.59,-0.82,1.27,2,0,0
-1.38,-0.35,-1.54,0.39,-0.04,0.59,-1.75,0.19,2,0,0
1.02,-0.16,0.28,-0.02,-0.18,-1.78,0.53,0.34,2,0,0
-3.0,0.18,-0.02,0.56,1.61,1.06,-1.58,4.74,2,0,0
3.34,-1.25,4.12,-1.89,2.12,0.89,1.0,-5.27,2,0,0
0.35,-0.47,-0.58,-1.88,0.63,-1.68,0.23,-0.59,2,0,0
-0.52,-0.81,-2.17,0.46,0.11,-0.69,-2.54,0.52,2,0,0
0.19,-0.28,1.7,-0.2,1.45,-0.3,1.79,-1.29,2,0,0
0.69,1.34,1.57,-0.24,-0.89,-0.18,-1.74,-2.26,2,0,0
0.37,0.54,0.34,-2.38,0.24,-0.39,1.73,-1.16,2,0,0
-0.88,-0.37,-0.5,0.44,0.87,1.17,-0.08,-0.59,2,0,0
-3.15,-0.5,-1.37,0.15,2.94,-2.06,0.19,1.89,2,0,0
1.83,1.83,0.95,-1.47,-1.13,-0.45,0.66,-2.09,2,0,0
-1.18,2.33,1.7,-4.0,0.87,0.76,4.13,-2.08,2,0,0
2.08,2.68,1.87,-1.24,0.0,0.74,2.76,0.38,2,0,0
-0.3,-2.47,-1.61,3.58,-1.34,0.99,-4.68,1.91,2,0,0
0.67,1.3,0.24,-2.66,-0.38,-0.3,0.65,-3.21,2,0,0
-0.45,-2.86,0.13,2.94,1.32,-0.27,-1.59,-1.19,2,0,0
-0.05,0.11,0.12,0.26,-1.16,0.03,-0.23,-1.19,2,0,0
-2.62,3.34,-1.51,-0.1,0.49,-0.36,2.07,2.34,2,0,0
1.28,0.17,-1.47,0.25,0.06,1.45,0.15,-0.81,2,0,0
2.08,-0.17,0.83,-0.71,-0.57,1.32,-0.91,-0.18,2,0,0
-1.16,1.34,-0.67,0.38,-1.05,-0.31,-1.83,2.5,2,0,0
-0.11,0.1,0.54,1.18,-0.31,1.73,-0.61,0.61,2,0,0
-0.17,0.8,0.54,-1.0,0.38,1.62,0.85,-0.06,2,0,0
2.17,-2.17,-0.23,0.89,1.89,-1.69,-0.62,-3.11,2,0,0
3.02,-0.49,0.15,0.7,0.95,-0.38,1.08,-2.34,2,0,0
-1.54,-2.36,0.58,0.48,2.59,1.61,-2.08,1.03,2,0,0
-0.2,-0.1,-0.66,0.66,0.9,1.11,-0.37,-2.68,2,0,0
3.7,1.16,1.98,0.39,-3.31,1.17,-0.05,-2.4,2,0,0
0.44,-1.51,0.66,-1.05,3.51,0.47,0.43,-2.16,2,0,0
-1.13,-1.81,-0.22,2.41,1.65,0.93,-2.27,2.1,2,0,0
1.53,-1.47,0.09,0.08,0.89,-0.55,1.59,-1.64,2,0,0
-0.91,-1.89,-0.64,-0.96,0.87,0.51,0.13,0.18,2,0,0
0.62,-0.55,-0.2,0.31,0.73,0.09,0.05,-1.39,2,0,0
1.89,0.35,-0.47,1.89,-2.01,0.03,-1.3,-0.28,2,0,0
0.96,0.37,2.39,-2.48,0.15,0.64,1.64,-1.18,2,0,0
-0.58,0.14,0.29,0.63,2.07,-1.3,1.92,-1.01,2,0,0
-2.23,-0.75,-0.52,0.92,1.27,-0.31,1.13,0.77,2,0,0
-0.52,0.21,1.53,-1.07,0.1,1.96,-0.48,0.83,2,0,0
-1.2,-0.02,0.1,-0.07,-1.01,0.1,-1.28,-0.58,2,0,0
-4.54,-0.02,0.34,1.25,0.07,0.02,1.73,1.5,2,0,0
3.02,0.43,1.52,-0.92,-0.26,0.68,-0.85,-2.86,2,1,1
0.49,0.84,1.04,-1.0,0.16,0.4,1.37,-2.16,2,0,0
-0.82,-1.53,-3.46,0.59,0.72,-1.63,-3.28,0.67,2,0,0
2.89,-2.92,-1.95,0.8,1.96,-1.83,-0.47,-3.05,2,0,0
0.66,0.19,1.05,0.07,-3.22,0.01,-1.73,-2.91,2,0,0
-2.55,0.35,0.64,1.23,-0.26,1.68,-2.07,1.56,2,0,0
1.16,-2.76,-0.99,0.8,2.27,-1.87,-1.85,-1.25,2,1,1
1.14,1.01,1.81,-2.17,3.71,0.19,3.56,-0.99,2,0,0
-0.14,-1.26,0.22,0.53,1.8,-2.43,0.61,0.6,2,0,0
0.2,0.23,-0.95,0.27,-0.51,-1.65,0.32,-1.26,2,0,0
-1.98,0.19,1.05,-0.29,0.77,2.26,1.05,-0.27,2,0,0
1.75,-1.18,-0.47,-1.86,1.11,-1.36,-0.01,-0.84,2,0,0
0.02,0.1,0.94,-0.32,-1.41,-0.72,-0.84,-1.63,2,0,0
0.37,-0.96,1.34,0.32,-0.14,0.42,-0.22,-1.52,2,0,0
0.55,-1.06,1.75,-0.68,2.66,1.38,1.79,-0.37,2,0,0
-0.91,0.53,-0.21,1.65,-2.18,0.52,-0.35,0.64,2,0,0
-1.77,-0.45,0.37,0.64,1.07,-0.3,0.72,0.86,2,0,0
1.61,-2.2,-1.27,2.29,0.52,-0.59,-1.56,-0.9,2,0,0
3.24,-1.76,0.39,0.48,4.19,-0.08,-0.92,-2.6,2,0,0
-1.09,0.15,-0.62,1.31,-1.82,0.44,-3.28,1.31,2,0,0
-1.45,-1.36,-0.77,1.31,-0.5,1.45,-1.4,-0.02,2,0,0
1.05,3.55,2.44,-3.45,-1.73,0.54,1.11,1.4,2,0,0
1.28,-1.61,-1.86,-0.22,0.88,-0.43,-0.32,-0.81,2,0,0
0.47,1.13,-3.57,0.43,-0.41,-1.87,-1.8,2.16,2,0,0
2.07,2.06,2.59,-1.87,-2.62,-0.53,-0.82,-2.65,2,0,0
-1.5,1.69,1.55,0.48,0.13,2.39,0.18,1.93,2,0,0
0.61,0.88,-2.35,0.41,-2.85,-0.7,-3.45,0.51,2,0,0
-1.92,-3.21,-3.57,5.74,0.13,-0.22,-2.51,2.29,2,0,0
-0.04,1.43,-2.27,-1.42,-0.89,0.2,-0.43,-0.62,2,0,0
1.15,-1.23,-1.2,-0.84,-0.32,0.04,0.19,-1.02,2,0,0
-1.88,-0.66,0.17,-1.26,2.87,0.01,1.4,-1.17,2,1,1
-2.17,-0.78,-0.33,1.23,0.04,0.66,-0.07,0.69,2,0,0
-0.95,-0.5,-0.17,0.55,-1.13,-0.86,-1.48,0.56,2,0,0
-1.88,1.02,-0.28,1.63,-0.62,0.71,-2.28,1.94,2,0,0
-2.15,-0.64,-0.24,0.88,1.53,2.18,-0.46,3.23,2,0,0
-4.64,0.83,-0.73,0.94,0.07,0.76,-0.57,1.05,2,0,0
-1.72,-2.05,-1.65,2.76,1.41,-0.79,-0.95,1.08,2,0,0
-1.02,-1.53,1.11,1.88,1.67,0.53,1.52,-1.55,2,0,0
-2.07,0.58,2.02,0.42,2.08,2.57,1.77,1.03,2,0,0
-3.17,1.46,-0.76,0.66,0.19,0.1,0.05,1.94,2,0,0
1.43,1.12,0.33,-3.54,1.68,-0.77,0.54,-1.87,2,0,0
-0.65,-0.25,-2.87,-0.74,-0.02,0.04,-1.02,0.21,2,0,0
1.23,-0.66,-1.7,-0.41,1.28,-0.04,0.68,-0.67,2,0,0
-1.38,1.58,-1.66,-0.34,1.09,0.59,-1.17,4.58,2,0,0
1.19,-1.77,-0.36,1.75,1.24,-1.7,-1.74,-1.25,2,0,0
1.06,-1.96,0.4,-0.35,0.89,-1.54,-0.78,-2.09,2,0,0
0.83,-0.61,1.21,-0.77,1.86,-0.0,-0.08,-3.17,2,0,0
0.7,-1.16,-2.25,1.29,2.54,0.76,-2.14,2.31,2,0,0
-0.53,1.56,-1.67,-1.48,-2.35,-0.5,-2.31,0.68,2,0,0
0.37,-0.82,0.3,1.28,0.73,0.15,-0.28,-0.16,2,0,0
0.53,-0.29,3.69,0.36,2.67,2.63,-0.27,0.07,2,0,0
1.8,-1.71,-0.17,2.01,-0.91,0.46,-1.63,-1.24,2,0,0
-0.27,0.88,1.37,1.3,-0.82,0.99,-1.91,1.37,2,0,0
-0.41,1.95,-0.29,-0.99,-3.96,1.64,-0.43,0.09,2,0,0
3.48,0.03,0.61,-0.82,2.25,-0.2,2.14,0.31,2,0,0
-1.14,-2.32,-0.28,1.13,2.78,-0.21,-4.42,-0.26,2,0,0
2.34,-1.04,0.65,-0.03,-0.02,-1.84,-1.29,-0.97,2,0,0
0.83,-2.64,-2.04,-0.77,3.22,-1.34,-0.39,-1.61,2,0,0
-0.26,2.24,0.65,-1.1,-1.37,0.35,-0.12,-0.3,2,0,0
-0.4,0.74,1.8,0.53,1.65,1.82,2.79,-0.24,2,0,0
0.81,-1.29,-2.6,1.52,0.97,-1.54,-1.1,-0.76,2,0,0
0.48,-1.96,1.4,2.82,-0.87,1.65,-1.82,0.26,2,0,0
0.16,1.56,-3.4,0.56,-1.6,-2.09,-0.63,1.32,2,0,0
-2.29,-0.02,2.4,1.15,-0.48,2.11,-0.89,-0.48,2,0,0
4.06,-1.13,-1.55,0.13,-0.35,-1.13,-0.79,-2.1,2,0,0
0.83,1.09,2.57,-0.14,-0.12,1.13,-0.66,-1.12,2,0,0
-1.3,-0.39,0.31,1.51,1.3,0.79,-0.53,1.06,2,0,0
-1.41,-2.25,-2.02,1.33,2.15,-0.81,0.16,0.91,2,0,0
0.21,2.36,1.81,-2.43,-0.53,1.67,1.03,-1.63,2,0,0
-0.64,-1.36,-2.06,1.67,0.13,-2.53,-1.1,1.19,2,0,0
1.0,-2.29,-2.45,-0.02,0.84,-1.51,-1.51,-1.3,2,0,0
0.28,-0.15,0.0,-2.87,1.6,-1.53,-0.51,-1.87,2,0,0
4.77,2.69,3.56,-3.61,0.77,0.16,2.93,-4.1,2,0,0
-0.79,0.07,0.79,0.53,0.66,0.76,0.97,0.59,2,0,0
2.78,-0.98,0.91,1.43,-2.8,1.45,-0.92,-1.71,2,0,0
-1.47,-3.12,0.4,2.58,0.76,2.49,-2.43,0.68,2,0,0
1.73,-1.07,2.33,1.12,1.6,1.15,1.11,-2.38,2,0,0
3.88,-0.87,-0.63,-1.32,2.33,-1.95,1.31,-3.58,2,0,0
-2.07,1.07,0.75,-1.5,-1.68,0.97,-2.28,1.58,2,0,0
-1.99,-2.48,-4.36,1.82,0.78,-2.19,-2.64,0.94,2,0,0
-1.61,2.35,1.56,-1.27,-0.15,2.87,2.22,1.28,2,0,0
-1.38,2.84,-0.08,0.88,-3.53,0.58,-0.46,-0.4,2,0,0
3.52,-1.04,2.31,-0.1,1.64,-0.95,1.9,-2.06,2,0,0
-1.69,2.54,0.33,-0.89,-1.11,0.63,1.15,-0.2,2,0,0
1.19,-1.59,0.37,-0.55,1.26,1.3,-0.54,-1.56,2,0,0
-4.65,2.12,-2.95,0.79,-2.8,-0.4,-1.21,1.5,2,0,0
2.24,-1.99,0.46,1.81,1.01,0.96,-1.26,0.27,2,0,0
-3.25,-0.27,-0.78,-0.77,1.57,-1.33,-0.68,1.77,2,0,0
-0.88,-2.61,-0.15,-0.74,1.78,-1.67,-0.12,-3.02,2,0,0
-0.48,-0.53,-5.92,0.47,-1.56,-2.14,-2.17,2.09,2,0,0
0.61,0.66,-0.72,0.38,-1.75,0.43,-0.2,-0.16,2,0,0
3.3,-1.15,-0.49,0.96,2.45,0.31,0.99,0.58,2,0,0
2.0,0.88,1.58,-1.71,-1.49,0.98,-1.08,-1.19,2,0,0
1.5,1.15,3.11,-1.34,-0.43,2.16,0.97,0.19,2,0,0
-2.02,-1.5,-1.42,-0.46,2.61,-0.22,-1.11,1.71,2,0,0
0.43,1.36,-0.97,-0.63,0.14,-0.04,-1.36,1.79,2,0,0
-0.11,0.42,-0.57,2.21,-1.41,0.69,-0.66,-1.4,2,0,0
-2.68,4.0,2.9,-0.78,-3.34,3.22,-1.25,0.73,2,0,0
1.22,-1.95,-3.18,1.46,2.36,-1.39,-1.74,3.13,2,0,0
2.34,0.78,1.5,-0.56,-0.38,1.84,0.52,-0.21,2,0,0
-2.96,-0.03,0.9,0.71,3.84,1.79,0.73,2.22,2,0,0
1.25,3.78,-0.27,-1.93,-2.35,-0.87,-0.26,0.76,2,0,0
2.81,-1.41,1.09,-0.2,0.2,1.06,0.01,-2.13,2,0,0
-2.17,1.77,0.6,-1.93,-0.31,1.02,-0.88,1.28,2,0,0
0.38,-0.3,-0.34,1.2,0.27,-0.92,1.18,-1.85,2,1,1
-1.54,2.37,2.17,0.01,-0.25,0.76,1.44,0.34,2,0,0
-2.27,1.13,1.07,0.25,-2.1,1.4,-2.02,1.78,2,0,0
0.43,0.24,1.26,0.33,0.4,0.69,-0.37,0.69,2,0,0
-2.83,-1.83,-2.21,0.84,0.76,0.93,-1.91,2.35,2,0,0
-1.38,-0.34,-1.55,0.85,1.04,0.53,-2.02,-0.29,2,0,0
-1.13,0.45,2.31,-0.33,-0.13,1.59,0.35,0.23,2,0,0
1.66,-0.16,0.97,0.87,1.46,1.74,2.61,-1.93,2,0,0
0.45,-1.9,-0.97,-0.15,0.15,-1.97,-1.39,-1.08,2,0,0
1.28,-0.94,1.11,0.77,-1.71,1.77,-1.51,0.02,2,0,0
1.43,0.31,2.58,1.08,-1.14,1.31,0.62,-2.14,2,0,0
2.66,-0.54,-0.06,-0.17,0.03,0.06,0.25,-3.09,2,0,0
0.95,-2.16,0.05,1.59,2.16,-0.38,0.15,0.75,2,0,0
0.46,-0.81,0.6,-0.91,3.25,1.1,-0.36,1.74,2,0,0
-2.09,0.56,0.38,-0.73,1.24,1.89,1.37,1.77,2,0,0
1.57,-0.84,-0.41,2.85,-0.7,0.89,-1.84,2.04,2,0,0
-2.0,-0.22,-0.47,1.74,-0.67,0.61,-0.24,0.24,2,0,0
0.48,0.02,3.28,-2.11,1.9,0.86,2.78,-3.86,2,0,0
1.36,-2.4,-2.49,0.74,1.77,-2.45,-1.79,-0.82,2,0,0
1.58,1.12,0.36,-1.44,1.78,0.37,0.57,1.75,2,0,0
1.62,1.06,0.23,0.5,-2.34,1.1,0.06,-0.45,2,0,0
0.61,-0.82,1.51,0.61,2.75,-0.4,2.79,-0.49,2,0,0
0.89,2.1,2.27,-1.94,-1.83,2.23,-0.01,0.4,2,0,0
0.63,0.37,-1.82,-1.87,-0.49,-0.7,-1.45,0.28,2,0,0
-0.83,2.85,2.42,-1.33,-0.14,1.19,0.47,2.32,2,0,0
0.51,-1.08,-0.69,1.13,1.55,0.97,-0.24,1.13,2,0,0
4.08,-1.45,-0.08,-0.39,-0.95,-0.56,0.64,-1.47,2,0,0
2.1,-3.39,-1.51,1.07,1.82,-1.55,-0.74,-3.94,2,0,0
1.54,1.24,2.92,-0.81,-1.0,0.39,2.05,0.93,2,0,0
-1.55,-2.13,-0.87,1.94,1.26,1.0,-1.08,2.45,2,0,0
0.96,0.73,3.4,0.37,-1.33,4.01,0.91,-0.48,2,0,0
-0.1,-1.47,0.4,-0.35,0.75,-0.23,-1.62,-1.52,2,0,0
-0.04,0.37,-0.91,1.65,-0.06,-0.55,0.52,1.16,2,0,0
1.29,-1.42,-0.8,-1.22,0.66,-1.9,-0.56,-1.15,2,0,0
3.34,0.66,-1.22,-2.04,-0.48,-0.53,0.42,-1.65,2,0,0
0.39,-0.97,1.41,0.17,0.59,1.47,1.33,-0.94,2,0,0
0.4,1.09,-0.85,0.92,-0.01,-1.62,-0.81,0.12,2,0,0
-0.95,-0.12,-1.16,0.51,0.04,-0.73,-0.99,1.56,2,0,0
0.36,1.09,0.91,-0.48,-0.95,-0.33,1.21,-0.69,2,0,0
-0.56,-0.71,3.1,-0.23,0.01,2.41,0.61,-1.69,2,0,0
4.0,-2.33,-0.93,1.38,0.44,-3.22,-3.74,-2.84,2,0,0
0.17,-1.69,-0.22,1.03,1.42,0.26,-0.68,-1.17,2,0,0
-1.04,-1.04,-0.87,-0.88,0.07,-0.43,-0.69,-0.28,2,0,0
-0.08,1.16,-0.21,-0.68,-0.01,0.76,0.76,-0.07,2,0,0
0.57,0.26,1.25,1.24,-1.4,2.29,-0.26,0.8,2,0,0
-2.92,-0.68,-0.81,0.64,2.89,-0.57,1.19,0.65,2,0,0
-0.26,0.35,-0.57,1.14,-0.02,0.99,0.74,1.43,2,0,0
-2.14,-0.43,1.69,0.33,1.81,2.52,2.25,0.44,2,0,0
-2.61,0.85,2.54,-1.58,1.17,2.89,1.54,0.37,2,0,0
-1.68,0.25,-1.3,0.66,0.03,0.34,-0.27,0.14,2,0,0
-0.82,-1.35,0.27,-1.02,2.36,-0.96,1.31,-0.56,2,0,0
3.49,3.09,-0.83,-1.08,-1.24,-1.01,1.11,-0.09,2,0,0
0.55,-0.15,-0.68,0.02,0.94,-0.49,-0.88,0.45,2,0,0
-2.99,0.69,-1.35,-0.52,1.76,-0.39,0.37,1.46,2,0,0
-0.59,1.19,-2.56,1.3,-0.52,-0.56,0.35,0.85,2,0,0
-2.98,-0.86,0.62,0.06,2.37,1.81,0.98,2.23,2,0,0
2.21,-1.14,-0.51,-2.2,1.02,-2.36,1.08,-2.75,2,0,0
0.01,-3.46,-3.94,1.95,1.82,-3.33,-4.15,0.06,2,0,0
-0.37,1.85,2.16,-1.51,1.8,2.44,2.62,0.85,2,0,0
0.74,0.05,1.94,-0.16,0.63,0.76,0.58,-0.94,2,0,0
1.51,0.22,1.51,0.91,1.03,0.47,1.75,-2.07,2,0,0
-4.28,0.81,-0.44,0.46,-0.05,1.53,0.07,0.95,2,0,0
-0.24,-0.05,1.01,0.66,-1.24,2.75,-1.36,0.05,2,0,0
-2.65,4.71,2.23,-1.86,-2.02,1.32,1.91,-0.88,2,0,0
-0.86,1.51,1.43,0.5,-0.11,3.97,0.4,2.07,2,0,0
-0.95,-0.79,-1.12,2.19,0.07,-1.26,-2.62,1.65,2,0,0
-1.29,-0.09,2.17,0.68,0.04,2.26,-1.34,0.08,2,0,0
-0.94,2.48,2.74,-1.9,-0.94,0.45,0.49,0.04,2,0,0
0.42,-2.28,-1.54,1.05,2.83,-0.72,-0.5,0.2,2,0,0
0.39,0.77,2.43,1.11,-1.26,1.37,1.15,-2.02,2,0,0
2.91,-1.63,-1.32,2.45,-0.93,-0.51,-1.46,-1.27,2,0,0
1.89,1.52,2.51,-0.79,-3.17,0.98,-0.15,-2.36,2,0,0
0.36,0.96,1.38,0.58,-0.45,2.53,-0.9,0.03,2,0,0
-3.08,-0.8,-1.41,-0.64,2.07,-0.37,-0.84,1.68,2,0,0
1.84,-2.39,-2.36,-1.15,2.19,-3.2,3.15,-2.68,2,0,0
1.95,0.23,-0.84,-0.6,-0.28,-1.09,-0.42,-2.6,2,0,0
-2.03,-1.77,-1.05,1.71,1.89,-2.51,1.03,-0.37,2,0,0
-0.67,1.75,0.32,-0.57,-0.13,0.28,-1.56,1.47,2,0,0
0.68,1.01,1.34,-0.26,0.87,1.39,-0.26,-1.0,2,0,0
-3.16,-0.81,1.22,-0.39,0.33,1.5,1.21,0.1,2,0,0
-0.07,3.96,1.1,0.37,-3.04,1.97,-0.82,1.38,2,0,0
-2.93,3.25,0.39,-1.08,0.33,2.09,1.61,2.41,2,0,0
2.77,-2.37,3.54,1.67,-0.12,-1.02,1.42,-3.97,2,0,0
0.22,-1.05,2.09,-0.53,1.44,2.83,1.01,-1.33,2,0,0
1.46,-0.75,-3.6,1.8,-2.14,-3.15,-1.62,-0.32,2,0,0
-3.1,2.0,4.09,-1.86,-0.06,3.63,1.2,-0.01,2,0,0
2.72,-0.02,-1.06,0.12,-1.17,0.61,-1.95,-0.29,2,0,0
3.52,-0.09,-1.25,-1.45,0.77,-0.04,-0.38,-1.74,2,0,0
0.85,0.51,2.9,-0.09,1.16,3.59,0.52,1.21,2,0,0
0.75,-0.29,3.34,-1.06,0.65,-0.04,1.97,-2.26,2,0,0
0.45,0.84,0.53,-0.74,0.93,1.05,0.77,-0.68,2,0,0
-0.76,2.06,-0.78,-3.33,-1.96,-0.26,-1.28,-0.76,2,0,0
-2.38,3.44,2.83,-2.48,-1.08,0.85,2.43,1.69,2,0,0
1.87,0.84,-0.89,-0.8,-0.24,-0.34,-1.65,-0.79,2,0,0
-3.04,2.27,4.08,-0.51,0.33,1.18,2.52,-1.45,2,0,0
2.02,0.53,1.97,-1.17,0.08,0.43,3.5,-2.1,2,0,0
0.17,0.87,1.35,-1.22,1.69,-0.06,2.33,-0.01,2,0,0
2.22,0.43,-0.95,2.09,-1.96,-0.05,-0.08,-0.34,2,0,0
4.68,-0.49,2.59,0.17,-1.29,-1.51,-0.15,-2.95,2,0,0
1.64,1.71,-0.49,-1.48,-1.45,2.05,0.26,-1.27,2,0,0
2.39,-1.57,-0.26,0.94,2.14,0.04,-0.89,-1.04,2,0,0
1.67,-0.57,-2.69,1.08,0.96,-2.37,-0.97,0.25,2,0,0
3.36,-0.05,1.46,-2.62,1.69,-2.63,1.43,-3.11,2,0,0
-3.6,0.08,0.18,-0.23,-0.32,2.33,-0.34,1.37,2,0,0
-0.72,2.05,1.97,-1.54,-1.35,1.81,1.34,-0.76,2,0,0
-2.13,-1.26,1.82,-1.06,0.1,-0.36,0.78,-0.27,2,0,0
-0.27,2.15,2.09,-1.01,-4.28,1.97,0.59,-2.01,2,0,0
-2.88,0.14,-1.12,0.18,1.72,0.25,-0.07,1.84,2,0,0
0.42,-0.69,-1.23,0.03,0.02,-1.02,0.1,-0.81,2,0,0
4.8,-0.92,2.97,-0.76,-1.02,1.47,-2.06,-3.01,2,0,0
1.64,-0.49,1.13,-0.47,1.8,0.54,0.63,-1.48,2,0,0
-1.15,-0.45,-2.3,0.8,-1.58,-1.9,-1.0,-0.08,2,0,0
0.59,2.11,-0.08,-0.05,-3.87,1.37,-0.07,0.42,2,0,0
-2.13,1.94,-1.02,0.5,-2.02,1.1,-1.63,1.3,2,0,0
3.01,-0.07,-1.72,-0.38,0.88,-0.22,-0.3,0.86,2,0,0
-3.75,0.27,-2.57,1.37,-0.42,-1.56,-2.07,3.25,2,0,0
-2.63,1.45,-0.02,0.42,0.37,1.2,1.03,2.55,2,0,0
1.27,-0.38,1.62,1.23,-0.23,2.66,-0.28,-0.0,2,0,0
-0.88,1.12,2.41,0.23,-1.22,-0.29,-0.08,0.27,2,0,0
4.74,0.62,-2.1,-0.82,0.74,0.15,-1.66,-0.0,2,0,0
1.34,2.61,2.56,-1.31,-1.1,3.35,0.91,1.97,2,0,0
2.92,-0.31,2.53,-1.67,0.97,0.22,1.87,-4.03,2,0,0
1.2,0.04,-2.23,1.02,-3.12,-1.74,-1.92,-1.17,2,0,0
-1.86,-1.6,-0.8,1.65,-0.61,1.28,-1.33,0.97,2,0,0
-0.43,0.52,2.12,-0.12,2.11,0.04,1.56,-1.52,2,0,0
-1.1,-0.63,0.25,-1.77,3.77,0.45,2.92,1.19,2,0,0
0.67,0.15,1.92,-0.28,0.15,0.45,0.28,-0.65,2,0,0
-3.06,-0.36,1.12,0.43,1.68,0.64,-0.56,2.75,2,0,0
0.82,-2.49,1.02,1.98,2.38,-0.64,0.12,-1.99,2,0,0
0.58,1.04,-1.75,0.13,0.22,0.22,-1.59,2.66,2,0,0
-1.44,0.96,3.77,-2.54,-1.19,3.78,1.48,-1.98,2,0,0
1.91,1.29,3.59,-2.16,1.64,3.47,1.01,-0.87,2,0,0
1.11,-0.46,3.45,-0.13,2.79,1.75,3.12,0.13,2,0,0
0.61,0.48,-0.29,0.86,-0.8,-0.36,-1.56,-0.83,2,0,0
-0.74,2.52,-1.45,-1.12,-2.74,-0.18,-0.9,2.18,2,0,0
1.04,-0.8,-7.59,0.24,-2.17,-5.21,-1.82,-0.35,2,0,0
1.75,2.21,1.38,-1.78,-1.12,-0.24,2.68,-0.76,2,0,0
-1.99,-2.46,-0.65,0.68,2.45,-1.11,-1.22,1.0,2,0,0
0.21,-0.36,-1.63,1.28,-0.46,0.94,-1.87,1.55,2,0,0
-1.19,0.82,1.21,-0.02,1.09,-0.54,1.06,-1.19,2,0,0
-3.59,-1.38,-1.2,2.37,-0.99,0.43,-0.93,1.26,2,0,0
1.52,0.26,-0.49,1.37,-1.09,-1.0,-1.13,-0.56,2,0,0
2.4,0.54,-0.5,-2.03,1.27,-0.84,1.64,-0.89,2,0,0
0.66,-3.09,0.4,2.42,0.4,0.82,-1.12,-1.66,2,0,0
0.48,1.1,-1.23,1.32,-0.58,0.83,0.53,0.36,2,0,0
2.55,-0.38,-1.67,2.26,-4.51,0.83,-5.17,0.55,2,0,0
-4.79,0.45,-4.05,0.46,-0.17,-0.77,-0.01,1.99,2,0,0
-3.24,2.07,3.77,-0.9,0.55,1.5,1.13,-0.91,2,0,0
2.07,-2.43,1.49,0.24,2.52,0.05,-0.15,-3.96,2,0,0
-1.34,2.2,1.65,0.09,-2.39,2.51,1.93,-1.11,2,0,0
-0.3,-1.2,-1.14,2.55,-0.32,0.75,-1.53,0.74,2,0,0
-2.17,-0.08,1.07,2.56,0.94,0.58,0.01,2.99,2,0,0
0.91,-0.88,1.47,0.83,-0.27,2.21,1.04,-0.99,2,0,0
-0.54,0.97,-0.82,-1.39,-0.16,2.09,-1.55,0.22,2,0,0
0.59,1.08,0.97,-0.82,-0.96,0.04,-1.6,-1.78,2,0,0
1.01,-0.95,-3.28,1.55,-1.05,-1.17,-1.97,0.19,2,0,0
-0.25,-5.13,-3.55,3.67,2.87,-3.22,-3.36,-0.92,2,0,0
-0.95,2.28,3.83,-1.21,-0.64,2.39,2.0,-2.18,2,0,0
-0.96,-2.4,-2.96,2.9,1.44,-2.15,-2.16,1.71,2,0,0
-1.39,0.47,-0.74,0.51,-0.08,0.06,1.87,0.33,2,0,0
-0.05,0.19,-0.06,-0.38,-0.71,-0.51,1.07,-1.25,2,0,0
-0.78,2.43,2.01,-0.8,-2.85,3.44,-1.0,1.16,2,0,0
1.43,1.83,1.68,-1.79,-2.35,-0.78,-0.26,-0.65,2,0,0
1.34,1.55,-1.07,-0.51,-2.08,-1.24,-0.42,0.48,2,0,0
-2.67,0.56,-0.5,0.7,1.19,0.93,-0.47,2.7,2,0,0
-2.09,-2.36,0.24,2.82,0.84,0.16,-0.61,-0.82,2,0,0
-1.54,0.66,1.41,-1.16,-1.49,1.62,-0.2,-0.69,2,0,0
-0.53,-0.68,-1.55,-0.56,1.62,1.09,-0.04,0.43,2,0,0
-1.5,1.59,3.07,-2.04,1.35,2.94,-1.09,1.11,2,0,0
2.14,-0.29,1.1,0.89,-1.39,1.32,-0.67,-2.32,2,0,0
-1.87,-0.07,0.2,-0.63,0.12,1.56,1.02,1.23,2,0,0
0.37,2.58,2.99,-0.03,-1.76,4.07,0.02,1.2,2,0,0
0.83,0.6,2.7,1.26,1.27,1.73,1.22,0.61,2,0,0
-0.91,0.93,-0.86,0.92,0.88,0.08,0.54,-0.78,2,0,0
0.54,-1.04,-0.96,0.66,1.17,-2.27,0.37,-1.08,2,0,0
1.77,1.54,-1.06,0.65,-1.08,-0.84,0.03,-1.37,2,0,0
-0.93,0.09,1.08,-0.4,2.35,0.94,2.06,-0.03,2,0,0
1.56,-3.72,-0.04,-0.04,3.45,0.19,-3.09,-0.74,2,0,0
3.29,-1.25,2.8,0.23,1.05,0.24,-1.62,-3.14,2,0,0
1.23,-1.15,-0.92,0.2,1.97,-0.36,2.16,-0.07,2,0,0
-3.0,0.79,-0.03,-0.15,-0.04,1.58,0.72,2.24,2,0,0
1.11,-2.05,1.61,0.75,2.59,1.29,1.42,-1.16,2,0,0
-0.71,1.07,0.21,-0.13,-1.08,1.83,-1.01,0.61,2,0,0
0.89,-0.46,1.46,-0.16,1.57,1.68,0.85,-2.51,2,0,0
4.63,2.21,0.4,-1.98,0.24,-2.96,-0.55,-0.38,2,0,0
0.48,-3.48,1.51,1.09,1.9,-1.07,1.73,-3.47,2,0,0
-1.21,-3.15,-2.2,1.52,2.77,-0.51,-2.06,0.84,2,0,0
0.77,1.25,0.22,0.32,-0.03,0.36,0.18,-1.73,2,0,0
-0.31,1.43,-1.5,1.91,-2.07,-0.4,0.24,2.61,2,0,0
1.69,0.58,0.31,0.29,-1.74,0.72,-0.01,-0.59,2,0,0
0.26,0.73,1.83,-0.06,-1.83,1.62,-2.96,-0.91,2,0,0
3.17,1.39,-0.26,-0.11,-3.62,0.26,-0.05,-2.2,2,0,0
2.16,1.49,-0.19,-1.4,-1.42,-1.09,-0.76,-0.01,2,0,0
0.02,0.56,0.93,0.86,-0.32,0.48,-0.54,1.97,2,0,0
-0.81,-0.64,-0.12,-0.31,-1.37,1.05,-0.36,0.11,2,0,0
-4.19,2.65,-0.45,-2.0,0.86,3.41,1.56,4.72,2,0,0
1.37,-3.87,-3.51,2.86,1.1,-1.47,-2.05,0.82,2,0,0
-1.68,2.47,2.1,-1.15,0.81,2.22,1.1,0.26,2,0,0
0.31,-1.13,0.57,1.2,-0.16,-0.62,1.43,-1.56,2,0,0
-2.19,-0.48,-4.55,1.1,-0.23,-2.28,0.39,0.46,2,0,0
3.96,-0.55,-2.13,1.56,-2.87,-1.93,-1.86,-2.29,2,0,0
1.8,0.22,2.2,0.18,0.6,0.27,1.66,-0.76,2,0,0
0.19,-0.73,1.1,1.23,-0.56,0.59,-0.27,-0.62,2,0,0
0.27,1.56,-2.0,-2.24,-1.1,-0.36,-1.1,2.06,2,0,0
-4.49,-0.7,0.15,2.09,2.31,-0.53,2.54,1.23,2,0,0
0.24,0.81,-1.85,-0.53,1.16,-1.64,-0.9,0.94,2,0,0
-1.32,-0.61,0.49,-0.36,3.72,0.86,2.2,1.21,2,0,0
-4.05,2.31,-2.76,-0.62,-0.79,1.17,-1.74,6.37,2,0,0
-1.06,0.3,-1.59,-0.12,-1.79,0.24,-0.09,-1.61,2,1,1
-0.76,3.32,1.82,-1.84,-2.61,2.3,1.54,-0.11,2,0,0
-2.17,-0.58,-1.58,-0.64,0.35,-0.61,-1.45,1.3,2,0,0
-1.49,-1.82,0.95,3.66,1.23,1.14,0.46,-1.31,2,0,0
0.27,-0.73,-3.12,1.0,-0.9,-3.27,-1.94,0.8,2,0,0
2.18,-3.14,0.1,0.88,0.82,-0.23,-2.45,-2.95,2,0,0
-1.43,1.56,2.86,-0.69,0.27,2.61,-0.55,2.0,2,0,0
0.45,-1.73,-2.86,0.11,-0.24,0.15,-1.08,-0.21,2,0,0
1.59,0.19,3.93,1.35,0.36,2.31,0.96,-3.73,2,0,0
-0.83,0.62,3.27,-0.87,2.81,1.69,2.61,-0.77,2,0,0
-0.6,-0.29,1.87,-0.78,4.45,0.38,5.5,-1.3,2,0,0
2.37,0.54,-1.44,0.8,-0.58,-0.46,0.08,0.46,2,0,0
5.81,0.15,-0.13,-0.37,-1.54,-0.46,2.04,-2.25,2,0,0
1.71,-0.02,1.8,-0.83,1.17,1.06,2.74,-3.94,2,0,0
-1.64,1.81,2.79,0.06,-0.06,1.13,2.49,-0.44,2,0,0
-0.82,-1.7,1.06,-0.1,1.71,1.29,-0.47,-0.12,2,0,0
0.72,0.19,1.52,-0.41,-1.32,2.17,-0.62,0.9,2,0,0
-1.42,0.68,-1.27,-0.48,-0.92,-0.74,-2.31,2.69,2,0,0
0.15,0.23,-0.98,-1.66,0.28,-2.65,-0.8,-1.81,2,0,0
1.47,0.6,1.15,-0.79,0.21,0.87,-0.79,-1.97,2,0,0
1.63,2.49,-0.51,-0.71,-3.28,1.5,-0.86,1.62,2,0,0
-0.65,-0.58,-1.8,0.71,0.17,-1.86,-1.13,-0.17,2,0,0
0.93,-0.73,-0.43,1.1,-1.44,0.57,-3.11,0.57,2,0,0
-3.27,0.3,0.2,0.27,-1.76,2.08,-0.09,0.78,2,0,0
-1.79,-0.8,1.25,0.97,0.51,1.13,-1.18,-1.4,2,0,0
-3.26,-0.86,-0.25,-0.15,2.28,0.1,1.35,0.02,2,0,0
0.15,1.2,-0.37,0.43,-1.89,1.55,-1.94,-0.71,2,0,0
2.95,-1.1,1.52,0.1,2.2,0.19,2.76,-0.99,2,0,0
3.09,0.83,-0.12,-0.72,-1.46,0.08,-0.45,-1.13,2,0,0
2.3,-0.36,3.35,-0.96,1.2,0.51,-0.68,-2.3,2,0,0
-5.17,2.26,-1.88,-0.4,-1.21,0.81,-1.52,4.2,2,0,0
-2.32,1.1,2.12,0.51,-0.86,1.46,1.16,-0.55,2,0,0
1.31,-3.07,-1.41,1.08,2.77,-0.58,-0.72,-0.45,2,0,0
-0.57,0.37,-2.48,2.27,-2.63,0.42,-4.28,4.58,2,0,0
0.59,-1.76,1.97,0.41,3.09,-0.96,1.87,-2.16,2,1,1
-0.44,-1.34,0.96,1.74,0.21,0.33,-0.26,0.18,2,0,0
-1.57,-0.35,3.0,1.14,0.1,2.4,-0.37,0.58,2,0,0
0.1,1.68,-1.32,-1.01,-0.95,-1.75,-0.42,1.4,2,0,0
