@relation SyntheticData-N_1200-D_8-Nmin_60-Zmin_8-CL_3_1-R_0
@attribute X0 real [-6.76, 6.97]
@attribute X1 real [-4.94, 5.18]
@attribute X2 real [-5.01, 5.36]
@attribute X3 real [-5.17, 5.42]
@attribute X4 real [-5.84, 4.47]
@attribute X5 real [-5.27, 6.35]
@attribute X6 real [-6.02, 5.82]
@attribute X7 real [-5.86, 5.75]
@attribute cluster_idx {0,1,2,3}
@attribute is_noise {0,1}
@attribute Class {0,1}
@inputs X0,X1,X2,X3,X4,X5,X6,X7,cluster_idx,is_noise
@output Class
@data
-0.92,0.21,0.2,-2.45,-0.05,0.48,-2.05,2.04,0,0,1
-1.38,2.35,-1.18,0.84,0.95,0.95,-0.59,0.13,0,0,1
-2.05,1.81,-1.11,-1.29,0.19,1.72,-2.28,0.3,0,0,1
1.45,-1.39,1.74,0.13,0.6,-2.66,0.88,0.12,0,0,1
-0.74,-1.33,-1.22,-1.31,2.03,1.48,-2.59,1.17,0,0,1
-0.13,1.69,-2.58,3.92,-1.72,-0.83,2.48,-5.66,0,0,1
2.23,0.27,-1.08,0.49,-0.63,-2.82,1.17,-3.71,0,0,1
0.15,-0.09,-0.28,-2.1,0.15,0.04,-1.64,0.94,0,0,1
1.03,-2.05,1.37,0.4,0.28,-0.79,0.74,0.45,0,0,1
-2.26,0.86,0.99,1.35,-1.48,0.86,0.68,1.45,0,0,1
3.54,-3.77,0.55,-1.94,-1.53,0.3,0.72,1.97,0,0,1
1.17,0.05,2.1,-0.41,0.23,-2.03,0.43,-0.56,0,0,1
-3.46,3.52,0.16,-0.22,2.49,1.14,-2.74,-0.36,0,0,1
0.41,-0.19,1.2,-1.28,1.58,0.02,-1.26,0.89,0,0,1
-1.29,-0.32,1.9,1.84,-1.7,-0.84,2.0,2.33,0,0,1
0.91,1.55,0.16,-0.27,0.25,0.55,0.13,-0.09,0,0,1
-0.98,2.8,-0.08,-1.58,0.65,0.77,-1.78,0.71,0,0,1
-1.5,-0.7,-0.79,-0.83,-1.98,0.85,-0.96,-0.43,0,0,1
-3.75,0.93,-1.27,0.73,-2.73,1.38,-0.43,0.63,0,0,1
-1.07,0.73,-1.8,5.13,0.14,-0.31,2.27,-4.66,0,0,1
-0.51,-1.52,-4.36,2.87,0.44,-2.02,1.3,-0.07,1,0,1
0.76,-1.19,0.86,0.49,-2.64,-1.53,0.43,-1.26,1,0,1
-0.2,0.45,-1.07,0.98,-1.45,1.81,-0.24,0.16,1,0,1
0.93,0.67,-0.78,1.38,-3.01,-0.66,-2.59,-1.2,1,0,1
0.11,0.93,0.46,0.35,-0.19,0.57,-0.27,1.29,1,0,1
3.42,5.18,-5.01,3.34,-5.6,-1.82,-6.02,-3.59,1,0,1
1.98,0.16,-4.58,2.56,-4.05,-1.68,-0.8,-0.35,1,0,1
-0.23,-0.15,-0.86,0.37,-1.7,-1.02,-0.65,-0.79,1,0,1
-0.59,-0.63,-1.73,1.31,1.42,-1.65,1.26,0.55,1,0,1
-0.08,-0.23,1.76,0.65,0.49,-0.24,0.59,-0.23,1,0,1
-1.11,-0.46,1.81,-0.16,0.9,1.98,0.63,2.12,1,0,1
-0.64,-1.39,-0.83,0.71,0.59,0.24,1.47,2.92,1,0,1
0.28,-1.5,-1.32,0.95,-1.86,-0.87,0.9,1.17,1,0,1
-1.07,-3.29,-0.98,0.57,-0.42,-1.77,2.12,0.68,1,0,1
-1.56,-1.12,-0.99,1.33,1.43,1.78,2.15,-0.4,1,0,1
1.12,1.84,-1.43,0.61,0.09,-2.26,-1.12,2.73,1,0,1
-1.73,-4.54,-0.14,0.39,-2.11,2.1,2.92,-0.06,1,0,1
1.11,0.51,0.77,-0.06,-1.06,-3.46,-1.43,0.33,1,0,1
-1.08,-2.83,1.36,0.1,-1.12,1.9,2.6,1.2,1,0,1
-0.09,1.38,-4.33,1.8,1.93,-1.44,0.58,1.61,1,0,1
-0.1,-0.37,0.65,-1.16,0.09,0.24,-0.74,1.47,2,0,1
3.63,0.93,-0.8,2.38,-0.05,-2.08,0.57,-3.55,2,0,1
2.3,-0.79,1.66,1.04,-1.34,-0.54,-0.12,0.05,2,0,1
1.06,-1.08,1.37,-0.64,-0.16,0.33,0.03,-0.72,2,0,1
-0.27,1.89,-0.53,3.16,0.26,0.89,0.59,-0.24,2,0,1
0.82,-2.58,1.93,-0.51,-0.43,0.6,-1.89,3.03,2,0,1
-0.33,0.15,2.1,1.63,1.07,2.69,0.5,2.79,2,0,1
1.28,-1.23,-0.3,-0.09,0.12,-0.09,-0.11,0.47,2,0,1
1.72,2.83,0.72,1.86,-0.11,-0.89,0.74,0.03,2,0,1
-0.33,0.66,0.7,1.16,2.21,1.37,-0.99,-0.66,2,0,1
0.4,2.36,0.66,1.24,2.5,0.8,0.43,-0.98,2,0,1
0.56,2.55,-1.27,3.16,0.29,-0.32,1.21,-3.01,2,0,1
1.67,1.47,1.1,0.33,2.43,-0.5,0.05,-2.53,2,0,1
-1.21,1.93,-0.99,1.86,-0.84,0.71,1.2,0.68,2,0,1
-0.39,0.93,0.77,-0.66,1.52,0.99,0.37,-0.01,2,0,1
-2.16,1.77,-2.65,-2.21,2.2,0.53,1.78,-0.49,2,0,1
0.32,1.61,2.87,0.75,0.51,1.19,0.47,-0.34,2,0,1
2.15,1.37,2.83,2.12,-1.02,-0.08,1.72,-2.34,2,0,1
-3.16,-0.23,-1.28,-2.05,1.73,2.14,0.94,-1.2,2,0,1
2.31,-1.54,-0.12,-0.6,1.82,-0.83,-1.55,-0.37,2,0,1
-2.56,-4.94,-2.43,1.38,-1.01,1.46,2.74,-0.51,3,0,0
0.83,-2.65,-1.4,0.94,0.8,4.97,-0.41,-0.04,3,0,0
5.38,-0.8,0.35,3.15,-1.92,0.29,2.74,4.11,3,0,0
-1.13,0.47,0.4,-0.87,-0.2,-0.95,-0.31,-0.58,3,0,0
2.35,0.8,4.91,1.23,2.03,-0.72,-1.43,1.64,3,0,0
-1.07,-2.29,1.91,3.45,-0.93,-0.11,1.13,-0.15,3,0,0
1.68,-0.67,-0.83,-0.6,-0.09,3.55,1.41,0.63,3,0,0
-0.52,0.64,0.64,0.13,1.23,0.47,-1.07,-0.75,3,0,0
-0.07,-1.28,-0.83,0.85,0.22,-0.26,0.49,-0.03,3,0,0
-1.17,0.53,1.28,-2.58,1.43,0.65,-2.04,-1.31,3,0,0
-2.75,-1.48,-2.45,-2.02,1.04,2.28,-1.3,-3.25,3,0,0
0.7,0.44,2.91,2.5,2.06,0.94,-1.57,-0.32,3,0,0
0.94,-2.38,-3.43,-0.53,0.78,3.48,1.36,0.09,3,0,0
-1.97,-1.44,0.08,-2.49,0.87,2.04,-0.84,-1.2,3,0,0
0.22,-1.35,-1.25,-0.83,-0.55,3.42,-0.54,-0.97,3,0,0
-1.55,-0.86,-1.28,-0.86,-1.2,1.81,-0.92,-2.42,3,0,0
0.48,-1.25,-2.14,0.38,-2.43,-1.35,2.22,0.5,3,0,0
1.07,0.17,3.34,5.19,-0.62,-0.66,0.33,0.44,3,0,0
2.17,-0.51,2.8,3.23,-0.8,-0.52,1.27,2.72,3,0,0
-2.96,-1.99,-0.19,-1.4,0.17,0.33,-1.52,-2.65,3,0,0
0.33,-2.05,-2.56,2.35,-1.22,1.8,1.19,-0.41,3,0,0
1.24,1.45,-1.1,-2.98,-0.53,-0.44,-0.72,0.87,3,0,0
-0.75,0.75,-0.09,-2.36,1.3,0.98,0.13,0.14,3,0,0
-0.79,0.08,-0.16,-0.6,0.75,0.47,-1.13,-1.32,3,0,0
0.14,-0.08,1.87,0.2,-1.09,0.95,-0.9,-0.77,3,0,0
0.82,1.71,1.2,-0.32,-1.15,-1.39,-2.14,-0.53,3,0,0
0.74,-1.79,0.34,3.58,-0.18,2.4,3.05,0.85,3,0,0
-0.13,-0.67,-1.28,-2.43,-0.57,-0.31,-0.02,-0.39,3,0,0
2.96,-0.33,-0.54,0.49,-0.44,0.58,-0.4,0.19,3,0,0
2.41,0.18,1.44,0.55,1.16,0.78,-0.48,1.48,3,0,0
-3.09,-1.07,-1.13,-1.95,1.13,0.87,-0.77,-2.61,3,0,0
-2.52,0.1,0.97,1.2,-0.4,-0.25,-1.02,-2.5,3,0,0
-1.27,0.68,1.88,1.14,1.47,-0.3,0.41,-0.22,3,0,0
-0.18,-0.44,-0.11,-1.48,2.45,1.22,-0.45,0.13,3,0,0
0.09,1.19,1.02,2.87,-1.48,-1.31,-0.88,-1.28,3,0,0
-0.68,-0.76,-1.15,-0.58,-0.09,0.58,0.68,-0.53,3,0,0
-2.95,-0.68,-0.81,-1.65,0.6,1.37,-1.92,-3.08,3,0,0
-0.22,-1.14,1.44,4.9,-2.33,-0.63,2.15,0.48,3,0,0
-0.88,1.23,-1.87,-2.4,-0.81,0.73,0.4,-0.71,3,0,0
-5.22,-0.01,-1.15,-1.52,-1.14,0.78,-0.62,-4.14,3,0,0
2.58,-0.84,0.11,0.32,0.77,2.96,2.09,2.7,3,0,0
-0.76,-0.55,0.42,3.26,-2.98,-3.63,1.41,-0.64,3,0,0
2.02,1.77,-1.4,-0.84,-0.8,-2.27,-0.11,0.81,3,0,0
-1.51,0.64,0.58,-0.11,-1.01,0.76,-1.51,-2.76,3,0,0
4.31,0.85,-1.15,0.2,-1.2,-2.63,0.98,3.0,3,0,0
-0.93,0.53,1.65,-0.64,-0.17,3.67,-1.31,-1.55,3,0,0
1.51,1.65,0.89,-0.06,0.07,1.91,-1.03,-0.22,3,0,0
0.0,0.24,1.07,-0.6,1.55,1.08,-3.13,-1.81,3,0,0
1.57,0.92,0.54,0.27,-1.31,-0.44,0.84,1.25,3,0,0
-2.7,-0.21,-1.78,0.57,-1.61,-2.35,-0.87,-2.83,3,0,0
1.28,0.61,-3.83,-0.17,-0.33,-2.25,-1.72,-1.46,3,0,0
-2.32,-0.74,-0.41,-0.29,0.43,0.65,0.53,-1.37,3,0,0
-0.41,-0.23,0.86,-2.09,3.15,0.89,-0.43,0.29,3,0,0
1.9,-0.39,0.56,-1.54,-0.88,-0.21,1.59,2.77,3,0,0
-0.11,-3.28,-4.49,-1.82,0.29,2.89,1.29,-0.6,3,0,0
-1.31,-3.41,0.11,2.63,-2.89,0.08,3.92,0.76,3,0,0
0.56,1.73,-0.72,0.35,-1.41,1.55,-0.71,-1.12,3,0,0
-1.86,-0.42,0.41,-1.72,2.0,0.57,-0.4,-0.83,3,0,0
0.35,1.37,1.25,0.77,-0.66,-0.18,-2.48,-1.17,3,0,0
3.8,1.42,-0.32,1.29,-1.32,0.89,0.13,1.35,3,0,0
0.44,0.23,0.62,1.18,-1.97,-0.41,-2.0,-1.93,3,0,0
1.08,-0.59,-2.55,-0.4,-2.07,-0.28,1.44,0.44,3,0,0
-0.08,0.22,-1.06,-2.43,0.69,1.74,-1.59,-1.06,3,0,0
-1.95,0.44,1.73,-1.83,1.13,1.6,-4.22,-2.97,3,0,0
0.41,-1.02,0.61,-0.25,0.32,0.57,1.53,1.13,3,0,0
-3.67,-0.98,-0.16,0.82,-2.02,-0.06,-0.01,-2.97,3,0,0
0.8,-1.9,0.91,1.32,0.86,1.85,2.03,1.72,3,0,0
-0.63,-0.81,1.28,-0.21,2.21,0.14,0.18,0.08,3,0,0
-1.22,-2.67,-0.92,1.32,-0.14,0.51,-0.07,-1.19,3,0,0
-0.26,-0.03,-2.35,-1.76,-0.28,-0.41,-0.03,-0.84,3,0,0
3.95,1.95,1.78,1.72,-1.03,-4.52,1.75,4.08,3,0,0
4.02,0.02,0.67,-2.54,2.37,3.51,-0.14,3.48,3,0,0
3.14,1.29,-0.7,-0.38,-1.65,-3.98,1.25,2.51,3,0,0
-0.94,-0.78,-0.81,-1.99,2.93,3.59,0.74,0.06,3,0,0
-2.62,0.35,0.13,-1.79,1.03,0.0,-1.59,-2.2,3,0,0
0.85,0.69,1.24,1.78,-1.67,-0.08,0.53,0.12,3,0,0
2.54,0.25,-1.21,1.09,-0.3,-0.0,2.0,2.02,3,0,0
2.08,1.25,1.95,3.74,-1.77,-2.9,1.14,1.7,3,0,0
-1.24,0.1,-2.55,-2.85,-0.79,0.32,-1.18,-2.41,3,0,0
2.62,-0.67,-3.51,0.77,-1.13,0.15,1.51,1.4,3,0,0
-1.46,-1.59,-1.03,0.27,-0.01,-1.13,-1.63,-2.23,3,0,0
-0.89,-1.18,0.9,1.46,0.7,1.09,0.68,-0.21,3,0,0
1.51,-0.75,-1.96,1.47,0.46,0.53,2.5,1.43,3,0,0
-2.82,-0.85,-1.36,0.71,-1.08,1.92,0.11,-3.17,3,0,0
2.87,1.51,0.06,0.06,-1.57,-2.61,-1.29,1.01,3,0,0
1.35,0.26,-1.99,-3.61,0.48,0.74,-1.74,-0.03,3,0,0
2.94,-1.15,4.22,3.65,1.68,2.61,2.01,2.98,3,0,0
-1.98,0.67,0.4,-0.93,0.8,2.48,-0.59,-1.71,3,0,0
1.01,0.91,0.12,0.25,-2.68,-3.35,0.08,0.55,3,0,0
1.7,1.58,0.64,-2.68,0.89,-0.34,-0.49,1.57,3,0,0
2.41,0.8,-0.14,0.05,-0.36,0.06,1.45,2.22,3,0,0
1.71,-0.36,-2.74,-0.73,-0.2,-0.98,2.6,2.1,3,0,0
-1.54,-0.63,1.08,0.65,1.32,0.92,1.83,0.37,3,0,0
3.34,-0.51,0.36,2.46,-1.78,-0.15,0.76,1.88,3,0,0
-0.75,-1.81,-0.9,4.05,-0.87,0.58,0.87,-1.6,3,0,0
-1.81,0.97,-2.12,-1.32,0.84,2.41,-1.56,-3.27,3,0,0
-1.73,-2.11,-0.88,0.47,0.07,1.72,0.2,-1.17,3,0,0
3.0,1.16,1.46,0.15,-0.87,1.44,-0.7,0.81,3,0,0
-0.57,-1.52,0.58,2.05,0.46,2.3,0.72,-0.0,3,0,0
0.41,0.92,0.3,0.29,-2.26,-2.86,-0.84,-0.47,3,0,0
-2.41,1.39,2.67,0.21,-1.22,-1.16,-0.97,-2.2,3,0,0
0.94,-1.43,-3.17,4.88,-3.09,0.5,5.82,1.83,3,0,0
3.3,-0.01,0.35,0.52,1.36,2.42,1.17,2.87,3,0,0
1.69,0.98,3.36,2.49,-1.04,-1.19,-1.09,0.42,3,0,0
-1.14,-1.04,-1.07,-0.68,-2.38,-0.49,1.92,-0.35,3,0,0
-2.14,0.62,1.32,-0.98,-2.51,-0.8,-0.98,-2.25,3,0,0
2.12,0.8,0.34,0.01,-0.97,1.23,-0.72,1.09,3,0,0
1.88,0.36,3.04,2.15,0.74,0.53,0.23,1.51,3,0,0
-1.01,-1.24,0.08,-0.22,1.48,0.33,-0.49,-0.62,3,0,0
2.55,-0.05,0.99,3.48,-2.41,0.37,3.17,2.61,3,0,0
4.91,0.1,1.08,1.55,2.7,1.13,-0.5,2.98,3,0,0
-1.78,-0.91,0.49,0.5,-1.42,-2.19,-2.08,-2.42,3,0,0
2.12,-1.52,-0.6,3.74,0.1,0.98,3.27,2.3,3,0,0
0.7,0.04,-0.55,0.94,-0.4,-1.96,0.83,0.83,3,0,0
1.36,-0.6,1.18,2.17,-1.63,-0.29,0.27,0.73,3,0,0
-1.11,-0.09,-1.39,-0.76,-1.39,0.88,-0.18,-1.75,3,0,0
0.54,0.98,-1.78,0.02,-1.68,-1.72,-1.2,-1.32,3,0,0
1.61,0.9,3.28,2.83,0.58,1.18,1.5,1.86,3,0,0
1.48,0.25,-0.04,-0.24,0.32,1.58,0.26,0.81,3,0,0
-0.74,-2.68,-1.65,-1.7,-0.88,0.66,1.15,-0.47,3,0,0
-1.13,1.6,0.85,-0.77,-1.88,-3.25,-1.56,-1.59,3,0,0
-3.14,-0.36,-0.18,-1.82,0.07,0.9,-0.39,-1.96,3,0,0
-1.74,-0.79,-0.97,0.85,-2.46,0.27,-1.59,-2.72,3,0,0
1.65,0.31,1.44,0.28,-0.1,-0.34,1.53,2.43,3,0,0
1.25,0.91,-0.68,0.38,0.93,0.07,0.26,0.09,3,0,0
0.72,0.61,-0.97,0.11,-1.99,0.5,3.0,1.3,3,0,0
-0.47,1.51,2.38,-0.12,0.99,0.8,-4.6,-2.51,3,0,0
0.46,0.57,2.37,1.2,0.78,2.07,-2.02,-1.11,3,0,0
-0.38,2.5,2.83,0.75,-1.75,-2.0,-2.56,-1.85,3,0,0
-1.82,1.18,1.4,-0.16,-0.27,0.06,-1.27,-2.18,3,0,0
0.68,-0.33,2.95,2.76,-0.83,0.96,2.02,0.93,3,0,0
0.94,-1.66,1.47,2.21,0.36,1.4,1.78,1.2,3,0,0
4.34,-0.44,0.85,1.85,-1.07,-0.88,1.23,3.19,3,0,0
-1.71,1.1,2.49,2.37,0.55,-0.92,-0.37,-0.97,3,0,0
-3.14,-1.89,-1.2,0.31,0.78,1.59,-2.21,-4.14,3,0,0
-0.59,0.13,0.9,0.4,0.64,0.2,-0.93,-0.66,3,0,0
1.27,1.45,0.79,-0.25,0.05,-1.07,-1.07,0.29,3,0,0
3.35,0.58,-0.19,0.33,0.29,0.74,-0.83,0.87,3,0,0
4.33,-1.0,1.4,1.44,-0.46,2.49,1.51,3.25,3,0,0
3.16,-0.0,-0.27,0.46,0.69,2.6,1.72,2.8,3,0,0
-2.12,0.53,0.42,0.06,1.67,-0.93,-1.66,-2.57,3,0,0
0.73,1.09,0.96,0.22,1.76,0.17,-0.37,0.13,3,0,0
-3.46,-1.97,-2.52,0.58,-2.56,-0.19,0.76,-2.97,3,0,0
1.1,-1.91,0.13,1.96,0.72,-0.07,1.63,1.12,3,0,0
0.47,0.32,-1.97,-2.62,1.47,0.18,0.65,0.9,3,0,0
-0.09,-1.44,-2.85,-0.51,-1.38,2.62,1.3,-0.8,3,0,0
1.62,-1.9,-0.14,0.09,1.23,-0.06,2.78,2.89,3,0,0
4.58,2.41,2.81,1.75,0.87,-0.14,-1.12,2.56,3,0,0
-0.92,-0.3,0.93,0.87,-0.74,0.77,0.29,-0.76,3,0,0
-0.58,0.43,-0.64,0.34,-3.39,-0.81,-0.45,-1.97,3,0,0
0.05,0.57,1.05,2.76,-0.15,-0.71,1.84,0.43,3,0,0
2.24,-1.55,-1.45,0.85,0.76,-0.09,1.39,1.61,3,0,0
0.3,-0.41,-1.04,0.71,-1.48,-1.95,2.67,1.8,3,0,0
-2.82,-1.9,-1.14,-2.86,3.19,2.24,-0.52,-1.39,3,0,0
-1.72,-0.12,-1.89,0.36,-0.05,-0.13,-1.04,-2.86,3,0,0
-3.87,-0.57,-0.12,-4.89,3.08,4.52,-4.15,-4.51,3,0,0
2.18,1.82,1.75,-0.01,-2.16,-2.62,-0.82,1.15,3,0,0
2.04,1.53,1.4,-0.98,2.12,1.55,-1.28,0.77,3,0,0
-0.62,-0.4,-0.23,-0.29,-1.15,-2.08,0.99,0.45,3,0,0
-4.15,-1.21,-0.35,-1.55,-1.04,3.16,-0.45,-3.28,3,0,0
-1.0,1.84,4.45,1.87,1.29,0.28,-1.81,-1.18,3,0,0
-0.88,0.43,1.39,-0.16,-0.8,-2.37,2.15,1.04,3,0,0
-0.3,0.05,0.52,1.66,-0.88,1.42,2.07,0.44,3,0,0
5.62,1.89,1.65,1.99,-0.28,-0.65,1.42,3.81,3,0,0
-0.85,-1.18,-0.54,-0.73,1.24,1.32,1.04,-0.03,3,0,0
4.05,0.91,0.34,-0.0,0.8,-2.12,1.3,3.84,3,0,0
0.74,-1.28,-0.09,1.36,-0.55,1.19,3.91,2.34,3,0,0
0.51,-0.32,-1.91,-1.38,-2.14,-0.11,0.17,-0.84,3,0,0
-2.37,-2.47,0.82,-0.55,0.98,0.23,0.86,-0.22,3,0,0
0.37,-0.59,-1.1,-0.48,-0.94,-1.23,-0.97,-1.24,3,0,0
1.65,1.73,0.59,0.8,-1.7,-1.67,0.84,1.1,3,0,0
2.14,-0.03,0.95,4.55,-0.19,-0.38,1.61,1.38,3,0,0
1.94,0.86,-1.32,-2.81,-0.33,-2.36,0.11,1.99,3,0,0
0.93,-0.02,-0.8,-1.32,0.6,0.93,-0.61,0.41,3,0,0
1.14,1.25,0.48,-2.26,-1.97,-2.64,-1.79,-0.25,3,0,0
0.25,-0.62,0.77,-1.04,2.45,4.45,-0.02,0.61,3,0,0
-1.85,0.99,0.12,-2.9,1.2,1.02,-0.91,-1.82,3,0,0
-0.02,-0.98,-2.48,-1.33,-0.09,1.51,1.49,-0.33,3,0,0
-0.46,-0.16,0.21,1.4,-0.9,0.64,0.24,-0.69,3,0,0
-2.04,-0.37,1.77,-1.28,1.59,2.06,-0.09,-0.07,3,0,0
-1.41,-0.25,-0.6,-0.9,-1.45,0.86,-1.01,-1.98,3,0,0
2.07,-1.43,1.33,2.76,-0.27,0.59,1.18,1.82,3,0,0
-1.19,0.69,0.77,0.8,0.2,0.7,-1.48,-2.11,3,0,0
-1.64,-2.9,-3.06,-0.86,-0.45,1.0,3.11,0.51,3,0,0
-3.17,0.7,0.25,-1.06,-0.18,2.41,-1.81,-3.72,3,0,0
0.45,-0.3,-0.44,2.02,0.91,2.85,-0.32,-1.3,3,0,0
3.91,-2.05,3.43,4.15,1.81,1.18,2.04,3.95,3,0,0
2.03,0.26,-0.4,0.96,-0.6,0.71,0.98,1.66,3,0,0
0.89,0.05,1.15,0.39,-1.03,0.02,0.54,0.89,3,0,0
-0.53,-1.17,0.98,1.32,0.36,2.42,0.32,-0.2,3,0,0
2.25,-0.62,-1.73,1.16,-1.68,1.93,1.24,0.43,3,0,0
-1.3,-2.45,-1.53,0.83,-1.67,1.4,1.32,-1.39,3,0,0
-0.73,1.72,3.87,1.13,0.57,-1.05,-0.49,-0.04,3,0,0
2.38,0.1,-0.97,0.0,1.21,1.56,-0.16,1.03,3,0,0
-1.54,-0.84,-1.65,-1.63,0.84,0.94,-2.1,-2.77,3,0,0
0.12,-0.15,0.19,-1.94,-1.33,0.03,2.45,1.68,3,0,0
-0.11,-0.05,1.05,-1.79,0.62,-1.5,-1.68,-0.3,3,0,0
-2.76,-1.29,-0.81,1.14,-1.7,0.35,2.21,-1.06,3,0,0
2.25,0.4,-0.03,1.28,-1.05,-1.81,-0.01,1.63,3,0,0
0.89,1.42,2.32,2.23,-0.4,-1.81,0.62,0.67,3,0,0
0.31,2.87,0.41,-3.42,1.66,-0.87,-3.87,-1.09,3,0,0
-1.86,-0.76,-1.24,-2.84,0.7,-0.53,-0.27,-0.6,3,0,0
-1.27,-0.93,-2.32,2.71,-2.16,-0.7,2.83,-0.63,3,0,0
3.25,-0.05,0.1,0.36,1.16,-0.13,1.79,3.3,3,0,0
-0.85,-0.04,-2.19,-3.02,-1.72,-0.21,-0.81,-1.38,3,0,0
3.53,1.38,2.36,4.01,-0.74,-0.21,2.55,3.42,3,0,0
4.04,-0.75,-1.11,1.67,-3.52,-3.31,2.52,3.45,3,0,0
1.49,0.01,-0.04,0.86,0.66,1.09,1.87,1.82,3,0,0
-0.87,-1.76,-0.48,4.87,0.63,1.57,2.33,0.0,3,0,0
1.07,-0.95,-1.38,0.31,0.7,0.65,1.18,0.65,3,0,0
-0.83,-1.53,-0.37,2.42,-0.3,1.9,0.01,-1.83,3,0,0
-3.58,0.33,0.88,-0.68,-0.51,0.18,-0.98,-2.63,3,0,0
3.83,-0.33,-0.27,2.87,-1.21,-0.75,3.41,3.89,3,0,0
1.13,0.85,1.83,2.77,1.12,2.08,1.17,0.75,3,0,0
-0.42,0.39,1.78,-0.2,0.39,-0.89,-0.65,-0.12,3,0,0
1.36,2.22,0.13,-0.9,-0.61,-1.08,-1.94,-0.26,3,0,0
-0.85,-1.99,-0.44,-0.66,1.07,2.2,-1.7,-1.82,3,0,0
-0.74,1.5,1.81,0.72,-1.45,0.12,-1.46,-1.42,3,0,0
-1.3,-0.82,1.45,0.98,0.68,1.83,0.25,-1.21,3,0,0
2.57,-0.16,-0.46,1.78,-0.94,-0.5,2.31,2.16,3,0,0
1.2,1.69,-0.57,-1.67,-0.54,-2.25,0.51,1.28,3,0,0
3.69,0.15,0.31,1.0,-1.02,1.27,1.66,3.01,3,0,0
2.35,-1.15,1.13,5.42,-1.94,0.92,2.43,0.98,3,0,0
0.7,0.57,-1.52,2.81,-1.21,-1.02,1.41,0.23,3,0,0
1.02,0.85,-0.79,-0.55,0.11,1.95,-0.23,-0.09,3,0,0
1.23,0.44,4.42,-0.74,4.47,5.11,-0.73,1.28,3,0,0
0.57,0.8,-0.39,-0.82,-0.01,-1.95,0.96,1.31,3,0,0
-0.12,0.57,2.77,-0.04,1.04,0.61,-0.97,-0.07,3,0,0
-0.72,-1.35,-0.08,-0.62,1.86,2.52,-0.32,-0.69,3,0,0
1.81,-0.92,0.72,2.51,0.83,5.13,-0.71,0.3,3,0,0
2.84,2.08,0.99,1.09,1.48,-0.88,0.28,1.81,3,0,0
-0.34,-1.02,-0.4,0.3,-0.98,0.26,-0.68,-1.08,3,0,0
1.42,0.34,0.65,0.14,-1.75,-0.14,-0.89,0.19,3,0,0
-5.12,-0.91,-1.96,-4.13,2.12,2.98,-1.07,-3.78,3,0,0
-3.85,-0.7,1.1,-0.36,-0.87,0.59,-0.78,-2.95,3,0,0
-1.65,-1.09,0.54,1.87,0.44,-1.0,1.72,-0.08,3,0,0
-1.09,-1.64,-0.22,0.52,-1.94,0.19,1.41,-0.45,3,0,0
0.49,0.53,2.11,2.27,-0.89,-3.13,-0.91,-0.21,3,0,0
1.84,-0.81,-0.64,1.34,-0.73,0.08,4.54,3.32,3,0,0
3.36,1.4,1.48,2.04,-1.03,0.54,0.08,1.31,3,0,0
-3.32,-0.62,1.51,0.72,0.8,1.38,0.51,-1.8,3,0,0
1.52,2.53,1.29,2.95,-0.67,1.11,0.73,0.0,3,0,0
-0.4,0.11,1.27,2.96,-1.79,0.13,1.42,-0.36,3,0,0
-2.29,1.95,4.06,0.63,0.13,0.74,-1.93,-2.13,3,0,0
2.19,0.73,-0.68,-0.71,1.43,-0.65,-0.15,1.72,3,0,0
3.22,0.16,2.69,3.86,-1.49,-0.42,-0.74,1.21,3,0,0
4.65,-1.81,-3.44,2.24,-2.35,2.88,2.42,1.96,3,0,0
0.14,1.3,-0.23,-1.29,-1.7,-0.3,-1.38,-1.55,3,0,0
1.61,-0.13,1.49,0.86,-1.37,2.5,-0.98,-0.32,3,0,0
-1.45,1.58,2.13,-1.21,2.67,0.87,-4.33,-2.78,3,0,0
-0.17,-3.02,-3.35,1.11,-0.89,-2.07,4.18,1.62,3,0,0
-0.8,-0.43,-2.17,-1.19,0.94,1.08,-1.02,-1.91,3,0,0
2.38,1.02,0.2,4.08,-4.09,-3.43,1.74,1.32,3,0,0
1.48,2.16,4.62,3.74,0.39,0.02,-2.61,-0.02,3,0,0
1.27,0.69,-0.01,-0.12,-1.76,-1.7,1.93,1.7,3,0,0
-0.93,0.77,-2.12,-2.07,-0.34,-1.26,0.99,-0.52,3,0,0
1.1,2.23,-1.51,-0.43,-2.54,0.54,-0.56,-0.87,3,0,0
0.37,-1.51,-0.07,1.19,0.11,1.89,-0.37,-0.79,3,0,0
-2.28,-1.34,-1.5,-0.85,-0.86,-0.99,-0.56,-1.94,3,0,0
-5.74,-0.51,-0.97,-1.54,-0.19,1.39,-0.56,-4.42,3,0,0
-5.34,-1.49,-1.52,-0.71,-2.1,2.92,-0.22,-5.86,3,0,0
-1.26,0.73,1.02,-2.22,-0.26,-0.35,-3.1,-2.32,3,0,0
-2.23,0.13,-0.22,-2.02,1.36,1.57,-0.25,-1.39,3,0,0
-1.48,1.84,1.54,-2.12,1.05,-1.19,-1.68,-1.07,3,0,0
1.79,-1.22,-0.25,2.09,-0.82,-0.43,1.08,0.69,3,0,0
-3.24,-0.13,0.9,2.13,-0.5,1.9,-1.79,-4.11,3,0,0
0.71,-1.75,-0.79,1.42,-2.16,0.67,2.26,0.86,3,0,0
-1.69,-0.86,-1.93,0.71,-2.0,0.54,0.55,-2.65,3,0,0
2.68,2.41,3.27,1.78,2.04,0.62,-2.18,0.63,3,0,0
-0.68,-0.68,1.52,1.48,-1.67,1.4,-0.29,-1.13,3,0,0
-0.79,-0.52,-1.21,-2.08,0.49,1.05,-0.33,-0.03,3,0,0
1.76,-0.29,0.16,3.29,-1.74,-0.65,3.37,2.34,3,0,0
3.61,0.05,-0.32,3.85,-2.14,0.44,2.32,2.01,3,0,0
-1.38,-0.42,0.0,-2.44,0.99,-0.51,-2.49,-1.97,3,0,0
1.2,-1.05,2.02,2.08,2.12,-0.84,0.11,1.76,3,0,0
-0.91,0.58,0.69,-0.73,2.07,2.17,-0.25,-0.91,3,0,0
1.3,-0.99,-2.09,1.12,-0.28,2.72,1.68,0.3,3,0,0
2.32,1.27,-0.42,0.52,0.08,-0.03,0.52,1.43,3,0,0
-0.43,-0.35,0.59,0.8,-0.32,0.5,-1.55,-1.35,3,0,0
-0.99,-3.41,-1.36,1.08,0.84,2.56,2.82,0.17,3,0,0
2.83,-0.45,0.42,3.67,-2.24,-0.66,4.38,3.28,3,0,0
-4.45,2.05,1.03,-3.28,-0.33,0.29,-3.35,-4.22,3,0,0
-1.52,-1.95,-0.97,-0.68,1.48,-0.62,0.8,-0.27,3,0,0
-1.81,0.97,1.55,-1.22,-0.43,2.56,-1.72,-2.02,3,0,0
-0.29,-1.77,1.06,3.96,0.21,-0.29,0.13,-0.77,3,0,0
-2.87,0.87,-0.36,-2.31,0.65,1.3,-2.51,-2.86,3,0,0
1.18,-1.34,0.65,3.26,-1.47,1.12,1.89,1.01,3,0,0
-2.2,-0.46,-1.51,-3.18,1.54,1.23,-1.37,-2.33,3,0,0
1.48,0.87,2.44,1.82,1.23,0.21,1.09,2.08,3,0,0
2.8,-2.87,-1.99,0.75,2.16,0.74,2.88,3.56,3,0,0
-0.08,1.23,1.28,0.49,-1.03,-0.79,-0.32,-0.08,3,1,1
-3.36,-0.67,-1.18,-3.52,1.32,1.81,-3.41,-4.36,3,0,0
0.89,0.27,2.01,-0.46,0.27,-1.18,-1.08,0.37,3,0,0
-4.17,-1.51,1.38,-2.68,0.9,2.91,-2.23,-3.94,3,0,0
-0.81,0.25,-0.33,-1.91,1.38,1.11,-2.58,-1.91,3,0,0
0.39,0.03,1.41,2.1,-1.0,-0.43,-0.89,-1.08,3,0,0
0.07,0.52,1.08,-0.69,1.53,3.04,-2.03,-1.39,3,0,0
-1.01,-0.08,0.07,-0.54,-0.95,-0.66,0.24,-0.78,3,0,0
0.72,0.42,1.05,2.12,-0.87,0.65,-0.77,-1.05,3,0,0
-1.42,-0.75,2.49,-0.55,1.68,1.29,-0.84,-0.94,3,0,0
0.74,-1.16,-2.79,-1.94,1.27,2.34,-0.89,-1.09,3,0,0
-1.54,0.57,-1.83,-1.43,-0.23,-2.49,-1.1,-1.99,3,0,0
0.88,-2.67,-0.9,0.32,2.57,2.11,0.92,1.3,3,0,0
2.62,-0.75,0.88,0.37,0.95,-0.05,1.2,3.07,3,0,0
-0.51,-0.31,0.86,-0.04,1.7,-0.87,-0.68,0.14,3,0,0
5.09,0.03,0.97,4.56,-1.47,-0.9,2.14,3.73,3,0,0
3.31,0.96,1.58,3.17,1.6,0.48,2.33,3.25,3,0,0
-1.45,0.89,3.8,3.05,0.08,3.22,-0.26,-1.35,3,0,0
1.38,-0.03,-1.3,0.98,-0.66,1.97,2.43,1.16,3,0,0
0.82,-0.61,1.08,3.0,0.19,0.02,2.29,1.31,3,0,0
1.47,-1.43,-2.74,-0.23,-1.3,-0.88,0.52,1.22,3,0,0
1.2,0.81,0.22,0.94,-1.5,0.65,1.43,0.25,3,0,0
-0.68,0.29,2.13,1.91,0.15,0.25,-1.19,-1.53,3,0,0
2.77,1.16,2.24,3.32,-0.86,0.98,-0.04,0.82,3,0,0
-2.87,-0.47,-1.07,-0.56,-1.6,0.13,-1.33,-3.47,3,0,0
-0.02,-0.95,-1.25,-0.78,-1.32,0.58,-0.45,-0.36,3,0,0
-0.9,-2.25,-3.69,-2.09,-0.22,1.93,1.46,-0.52,3,0,0
1.72,0.71,0.03,0.51,0.37,-0.73,-0.24,0.84,3,0,0
-3.23,2.51,-0.35,-0.48,0.78,-0.25,-1.45,-3.44,3,0,0
-2.09,0.71,0.8,-0.7,0.42,-1.88,0.24,-0.79,3,0,0
-0.33,0.13,2.18,0.12,2.41,1.13,-0.52,0.01,3,0,0
0.62,-2.01,-2.45,-1.69,0.69,1.01,-0.83,-0.12,3,0,0
1.81,0.82,-1.07,-0.09,0.92,-1.8,-0.88,0.73,3,0,0
1.07,0.57,0.63,1.55,-1.34,-0.48,0.21,-0.13,3,0,0
-0.98,-0.25,0.69,4.7,-3.13,-1.18,1.94,-0.83,3,0,0
-4.71,-1.83,0.55,-0.88,1.3,-0.41,0.21,-2.51,3,0,0
1.38,0.94,1.19,-0.56,0.77,1.42,-0.25,1.05,3,0,0
-0.34,-0.67,3.89,1.47,-0.19,1.29,-0.81,-0.23,3,0,0
-1.21,-1.52,0.8,1.91,0.0,-0.05,-0.17,-0.64,3,0,0
1.23,-0.69,0.9,2.5,-0.46,0.37,1.2,0.77,3,0,0
-2.54,-1.39,2.34,1.22,0.37,2.16,-1.48,-2.11,3,0,0
2.16,-0.09,2.42,3.41,-0.88,-1.46,1.35,1.97,3,0,0
0.32,-0.88,-1.0,-1.25,1.09,1.56,1.12,0.97,3,0,0
-2.11,-0.84,0.48,1.34,1.2,-0.37,1.15,-0.6,3,0,0
0.32,1.24,1.86,1.63,0.93,0.08,-0.91,-0.4,3,0,0
3.66,-0.84,-1.26,1.65,-1.51,-0.31,1.66,2.35,3,0,0
0.31,-0.23,1.8,1.43,0.78,1.86,-0.38,-0.3,3,0,0
0.89,0.27,-0.33,0.66,-0.1,0.49,0.67,0.84,3,0,0
-1.18,0.82,-0.59,-2.11,-1.7,-0.98,-1.25,-1.77,3,0,0
-0.41,-1.88,-0.76,1.59,-2.87,-4.11,3.55,1.08,3,0,0
-0.65,0.8,2.57,-0.35,0.52,0.44,-0.07,0.32,3,0,0
1.98,2.39,1.74,-0.28,1.64,0.85,-0.77,1.46,3,0,0
-1.47,-0.68,-0.16,-0.68,0.04,-0.47,-1.22,-1.44,3,0,0
-3.21,-0.57,-0.98,-2.4,2.9,4.62,-2.44,-3.78,3,0,0
-0.43,-1.35,-0.71,0.36,0.66,0.31,-0.08,-0.59,3,0,0
0.69,0.61,3.17,1.51,1.36,0.38,-2.01,-0.52,3,0,0
-0.02,1.62,1.72,1.7,-1.9,-2.53,0.31,-0.66,3,0,0
4.24,-0.28,-0.0,2.83,-2.06,-1.81,3.29,3.81,3,0,0
2.94,-3.14,1.05,0.97,1.68,2.88,0.53,2.05,3,0,0
-0.47,0.71,-2.2,-2.5,0.37,-1.15,-1.61,-1.82,3,0,0
2.47,-0.39,-1.8,1.1,-0.62,-1.95,0.88,1.68,3,0,0
1.47,0.2,-2.87,-3.2,1.52,4.15,-2.42,-1.33,3,0,0
4.95,-1.32,-0.82,2.31,0.26,-0.62,4.47,5.75,3,0,0
2.51,-0.71,1.37,1.84,0.48,1.48,0.43,1.72,3,0,0
1.19,-0.81,1.69,0.78,1.08,2.58,-0.94,-0.38,3,0,0
-1.43,-3.12,-2.85,-0.63,0.86,1.62,0.47,-1.2,3,0,0
2.75,0.63,1.25,2.78,-1.05,1.84,1.26,1.58,3,0,0
-1.38,-1.09,-1.65,-0.81,-0.95,0.25,1.71,-0.59,3,0,0
-0.13,1.73,0.44,-0.3,-2.71,-0.91,-0.95,-1.44,3,0,0
0.11,0.64,0.16,-0.35,2.38,1.82,-1.1,-0.63,3,0,0
1.65,3.09,2.96,0.47,-0.65,0.62,-3.34,-1.19,3,0,0
-0.67,3.23,-0.57,-2.09,-0.62,-0.26,-1.44,-1.28,3,0,0
0.62,0.5,3.87,3.53,0.5,0.39,-0.06,0.56,3,0,0
2.24,0.88,-2.27,-0.85,-0.14,-1.05,0.64,1.4,3,0,0
-0.39,0.66,1.51,0.44,0.64,-0.95,-1.88,-1.27,3,0,0
3.2,-1.48,0.17,0.03,1.07,1.9,0.67,2.09,3,0,0
1.63,0.27,1.8,2.27,0.62,1.04,0.3,0.75,3,0,0
-0.32,0.5,1.46,-0.82,0.26,0.44,-1.35,-0.43,3,0,0
-0.71,1.5,1.62,0.48,0.5,2.64,-1.36,-1.66,3,0,0
-3.63,1.17,-0.88,-1.46,-1.12,-3.12,-2.18,-3.33,3,0,0
-5.04,-0.12,-1.11,-4.39,1.5,1.92,-1.27,-3.24,3,0,0
-0.75,-0.55,0.23,-1.18,-0.55,-0.15,0.41,-0.25,3,0,0
-0.69,-2.46,0.33,3.11,-1.24,2.16,4.11,1.06,3,0,0
1.68,-0.24,-1.78,0.91,-0.72,-0.03,0.9,0.25,3,0,0
-0.31,-1.86,-1.42,0.44,0.46,2.0,3.0,1.07,3,0,0
1.26,1.79,1.34,0.19,0.4,-2.2,1.61,2.27,3,0,0
-0.51,0.67,0.3,2.21,-2.82,-1.37,0.12,-0.96,3,0,0
1.11,-0.19,1.71,1.38,0.01,2.12,0.94,1.41,3,0,0
-1.94,1.32,1.46,0.62,-1.81,-0.19,-1.05,-2.13,3,0,0
1.35,2.01,1.84,1.02,-0.6,1.07,-0.25,0.24,3,0,0
0.61,0.28,-0.86,-0.62,0.36,0.86,-0.29,-0.31,3,0,0
-0.06,0.78,-2.5,0.74,-0.96,-0.0,-0.29,-1.55,3,0,0
2.16,0.91,2.31,2.05,-0.99,-3.78,-1.11,1.2,3,0,0
1.03,0.69,-2.6,-2.37,-0.57,0.32,-0.67,-0.34,3,0,0
0.53,1.32,0.35,1.95,-2.3,-1.08,0.67,0.14,3,0,0
0.54,-0.83,-1.69,-0.52,0.1,-0.96,0.48,0.58,3,0,0
-2.34,-1.94,0.09,-3.03,3.65,6.35,-0.17,-1.55,3,0,0
3.15,-1.42,-2.3,-1.66,1.08,0.68,2.47,3.63,3,0,0
-1.44,-1.61,-2.03,0.34,-0.28,-1.3,3.0,0.98,3,0,0
0.67,0.87,0.56,0.12,1.49,1.64,-1.23,-0.52,3,0,0
-1.45,-0.28,2.02,2.14,-1.7,-3.34,-2.24,-2.12,3,0,0
-1.62,1.14,0.34,-1.9,0.16,-3.95,-2.26,-1.24,3,0,0
0.53,1.7,0.78,-0.76,-0.75,-0.88,0.09,0.1,3,0,0
1.54,-1.35,-0.19,3.21,-2.36,0.34,1.18,0.35,3,0,0
0.6,1.98,1.28,-2.15,0.4,-1.78,-1.62,0.33,3,0,0
0.66,0.58,1.0,1.33,0.57,1.1,0.37,0.8,3,0,0
0.56,0.88,0.73,0.79,-0.9,0.97,-1.19,-0.93,3,0,0
-1.83,-0.9,2.25,0.68,2.86,3.54,0.2,-0.42,3,0,0
0.11,-3.72,-1.1,-1.01,1.91,4.48,1.78,0.95,3,0,0
-0.5,-0.87,1.98,1.11,2.28,0.23,-1.05,-0.01,3,0,0
-3.51,-0.77,-0.2,-1.18,0.93,-0.23,-1.57,-3.11,3,0,0
-0.62,-0.15,-0.2,0.86,-0.82,-0.38,0.62,-0.37,3,0,0
2.96,0.82,-1.4,-0.47,-0.52,-3.12,2.3,3.83,3,0,0
-1.21,-2.12,1.08,3.09,-1.25,0.68,3.48,0.85,3,0,0
-1.17,1.13,0.61,-1.63,-0.22,2.46,-3.1,-2.78,3,0,0
-0.99,0.85,2.11,0.97,0.37,-1.15,-1.88,-1.29,3,0,0
-2.27,-2.05,-2.77,-2.74,-0.95,0.54,0.1,-1.45,3,0,0
3.14,-0.17,-0.78,-1.05,0.57,-0.42,-0.19,1.57,3,0,0
0.44,-1.12,-2.94,-0.6,-0.21,1.62,1.71,0.2,3,0,0
1.49,0.98,0.62,-0.2,0.92,-1.35,0.77,1.71,3,0,0
1.27,-1.03,-0.21,0.62,0.83,1.44,1.53,1.89,3,0,0
-1.15,0.29,-0.92,-0.2,-3.05,-1.32,1.15,-1.24,3,0,0
-2.28,1.17,1.04,-0.97,-2.09,-1.58,-2.76,-3.14,3,0,0
1.33,-0.25,-3.15,-3.22,-1.21,-1.26,1.57,0.77,3,0,0
1.51,0.37,1.6,2.0,-2.49,1.76,0.23,0.27,3,0,0
2.74,0.82,1.04,0.93,0.32,-1.76,0.49,2.63,3,0,0
-0.79,-0.5,-0.85,0.26,-0.69,-1.84,-0.91,-1.22,3,0,0
0.03,0.87,0.03,0.65,-0.37,0.68,0.44,-0.32,3,0,0
-2.27,0.32,1.07,-1.13,2.96,0.96,-1.0,-1.25,3,0,0
-1.0,-0.17,2.93,2.62,-1.36,1.51,-0.04,-1.28,3,0,0
-1.55,-0.46,-0.85,-1.81,-1.04,-0.02,-0.55,-1.83,3,0,0
1.4,0.02,-0.05,2.27,-1.38,1.48,3.08,1.9,3,0,0
2.17,1.21,0.5,1.39,0.53,2.64,-0.64,0.41,3,0,0
-0.63,-0.24,0.21,0.32,-1.87,-1.59,-0.97,-0.91,3,0,0
-2.28,0.5,3.57,-1.62,1.96,2.83,-2.02,-1.49,3,0,0
-1.69,0.49,0.12,-1.07,-0.8,-1.11,0.1,-1.16,3,0,0
-4.14,-1.6,-0.04,0.14,0.19,2.95,-0.37,-3.49,3,0,0
1.29,1.45,-0.82,-1.96,1.73,2.49,-1.31,0.36,3,0,0
2.28,-1.16,-1.31,-1.01,0.55,3.26,2.81,2.28,3,0,0
2.49,2.08,0.83,-2.37,0.08,0.5,-0.79,1.62,3,0,0
-3.31,-1.85,-0.52,2.3,-0.06,1.57,0.3,-2.66,3,0,0
-4.02,0.93,2.05,-3.42,1.82,0.02,-4.52,-3.82,3,0,0
4.08,1.8,1.08,1.65,-2.38,-1.88,-0.67,1.78,3,0,0
1.93,1.14,-1.45,-1.1,0.22,0.98,2.71,2.64,3,0,0
-0.59,1.63,2.55,-0.13,-0.91,-2.23,-2.84,-1.63,3,0,0
1.27,-0.68,-2.28,0.6,-0.56,-1.41,2.64,1.87,3,0,0
1.28,1.51,0.22,1.64,-1.72,-1.0,-0.25,0.08,3,0,0
-3.86,-1.91,-0.16,1.36,-0.73,1.14,-0.76,-3.38,3,0,0
2.52,0.18,3.75,1.79,-0.97,-1.94,0.49,2.45,3,0,0
-1.87,0.31,-0.14,-0.12,1.33,1.56,-0.82,-2.27,3,0,0
3.2,-0.27,-0.42,0.3,-1.04,0.36,1.8,2.81,3,0,0
-1.84,-3.87,-0.95,1.88,1.26,4.37,2.59,-0.32,3,0,0
-1.01,0.37,-0.17,0.32,-0.6,-0.89,0.63,-0.83,3,0,0
-0.28,-3.66,0.88,1.35,0.75,3.67,1.01,-0.29,3,0,0
1.69,0.08,-3.0,-0.19,-0.67,-0.2,0.52,0.08,3,0,0
0.19,-0.84,0.39,2.02,-0.46,-0.62,0.69,0.04,3,0,0
0.95,-0.96,0.48,2.67,-1.33,-2.61,-0.66,-0.26,3,0,0
2.34,-0.16,1.33,2.61,-0.51,0.66,1.97,1.82,3,0,0
-1.31,0.97,1.62,0.86,1.53,-0.11,-4.56,-3.62,3,0,0
0.32,-1.14,-1.54,-0.44,1.43,1.77,-0.15,-0.88,3,0,0
0.86,-1.39,-1.8,-0.91,-0.55,0.68,2.19,1.63,3,0,0
1.23,-1.27,-0.85,-0.16,1.77,1.27,2.24,1.96,3,0,0
-0.31,0.59,-1.52,-2.61,0.11,-1.09,-1.58,-0.89,3,0,0
2.55,2.04,2.02,-0.44,0.43,0.21,-1.92,1.04,3,0,0
-0.95,-0.48,-1.49,0.44,-0.53,0.57,0.48,-0.71,3,0,0
2.17,1.15,-0.17,-1.72,0.52,-0.61,1.14,3.11,3,0,0
-1.44,-1.49,-2.24,-0.09,-0.71,0.57,2.37,-0.21,3,0,0
0.93,1.58,0.06,0.29,-1.27,-2.06,-2.0,-1.09,3,0,0
1.63,0.65,0.7,1.86,1.85,2.2,0.21,0.34,3,0,0
-1.13,0.97,3.32,2.99,1.87,-0.91,-0.44,-0.3,3,0,0
1.32,0.25,1.67,1.65,1.25,3.87,0.39,0.51,3,0,0
3.8,-0.74,-1.11,0.23,1.06,1.6,0.03,2.4,3,0,0
-0.2,0.79,-0.89,0.54,-1.86,-0.69,0.88,-0.71,3,0,0
-1.04,-0.65,0.76,-0.46,3.1,0.2,-2.6,-1.04,3,0,0
-4.83,-0.45,2.41,-1.64,1.0,1.68,-3.0,-3.74,3,0,0
-2.2,-0.9,0.15,0.48,-0.43,1.34,-2.42,-3.16,3,0,0
-2.47,1.02,1.04,-0.45,-0.06,1.24,-0.81,-2.3,3,0,0
-0.11,0.6,1.13,2.13,-0.93,0.49,2.13,0.9,3,0,0
3.62,2.07,0.59,2.68,-1.87,-2.12,2.1,3.16,3,0,0
-3.94,-0.5,1.67,1.17,-0.09,0.14,0.22,-2.63,3,0,0
0.05,0.07,-1.37,-1.29,1.05,0.99,-0.16,-0.34,3,0,0
0.02,-2.43,-2.73,-0.63,0.13,1.32,-0.56,-0.97,3,0,0
-0.84,-0.92,-0.02,0.55,0.44,1.06,-0.19,-0.57,3,0,0
-1.22,0.61,0.97,1.28,-0.56,0.67,-0.83,-1.95,3,0,0
0.85,-1.33,1.16,-0.41,0.37,-0.08,-0.23,0.61,3,0,0
-2.04,-0.2,1.16,-0.95,1.52,0.58,-0.61,-1.49,3,0,0
-3.18,-0.81,-0.43,-0.64,0.56,-0.25,0.15,-1.68,3,0,0
-2.14,-1.38,-1.07,-1.61,0.22,1.09,0.8,-1.75,3,0,0
2.19,1.59,1.83,0.26,-1.24,-2.45,0.67,2.29,3,0,0
0.3,0.33,-2.07,-0.84,0.17,0.35,-0.45,-0.67,3,0,0
-1.39,-0.19,-0.05,1.57,0.4,-1.57,0.42,-0.69,3,0,0
0.95,0.74,-0.84,0.31,-0.82,-0.77,0.4,0.38,3,0,0
-1.61,1.42,3.39,-1.06,3.31,2.72,-2.17,-1.11,3,0,0
2.02,-0.75,-2.18,-0.33,-2.67,1.03,1.16,1.01,3,0,0
0.56,0.69,1.15,0.71,0.89,-0.79,-1.34,-0.03,3,0,0
2.41,1.9,2.37,-0.17,1.76,-0.67,-1.55,1.6,3,0,0
-0.28,-1.11,-2.47,-2.19,0.02,-1.04,1.93,1.05,3,0,0
-0.7,0.99,0.51,1.13,-1.8,-0.59,0.18,-0.75,3,0,0
-2.5,1.2,-1.37,-0.81,-0.44,0.68,-1.51,-3.19,3,0,0
0.22,0.26,0.53,0.29,1.13,3.68,1.73,1.14,3,0,0
3.44,0.7,1.93,2.94,-0.62,-1.48,0.2,1.91,3,0,0
-0.75,0.23,-1.84,-1.73,1.01,2.42,-0.24,-0.92,3,0,0
2.28,2.28,2.37,-0.45,-0.29,-2.65,-4.08,-0.47,3,0,0
-3.32,-0.32,-2.0,-1.16,-0.97,0.99,0.34,-1.84,3,0,0
0.65,-1.97,-0.83,2.31,-1.79,-0.77,-0.64,-0.75,3,0,0
-2.13,0.61,1.29,1.46,-0.26,0.63,-0.67,-1.84,3,0,0
0.04,-0.46,-2.29,-1.65,-1.36,0.61,0.07,-0.56,3,0,0
4.1,-2.55,-0.3,2.22,0.44,-0.27,0.62,2.61,3,0,0
1.48,1.22,-1.13,-0.04,0.25,-3.81,-0.63,0.33,3,0,0
-0.89,-1.45,-3.01,-0.57,-0.67,-1.0,0.86,-1.13,3,0,0
2.38,1.47,-0.13,1.93,-1.48,-2.19,1.56,1.93,3,0,0
0.07,-1.0,-1.31,0.1,-0.16,0.3,2.5,0.89,3,0,0
1.99,-2.28,-1.23,1.0,-0.37,3.76,2.78,1.22,3,0,0
-3.49,-0.56,-0.3,-1.56,2.17,1.01,-0.05,-1.83,3,0,0
3.85,0.69,2.54,0.36,0.83,-3.35,0.96,4.02,3,0,0
4.83,-0.17,1.32,0.48,0.35,-0.6,-0.01,3.05,3,0,0
-1.21,-0.01,0.28,-0.04,-0.32,-1.02,-1.05,-1.41,3,0,0
1.19,0.73,0.44,0.93,1.31,1.1,-1.44,-0.28,3,0,0
-2.33,0.95,-0.01,-2.42,-1.41,-0.49,-2.33,-2.58,3,0,0
1.32,-1.37,0.39,-0.99,0.09,0.58,-1.97,0.22,3,0,0
1.33,-1.25,1.36,2.45,0.6,1.81,1.91,1.8,3,0,0
-1.84,0.36,1.3,0.33,-0.12,1.17,-0.53,-2.41,3,1,1
-3.86,-2.11,-0.06,0.65,0.48,0.25,-0.47,-2.65,3,0,0
-0.24,0.06,-0.13,0.17,0.31,0.87,-0.54,-1.0,3,0,0
-0.91,-0.88,1.64,-0.93,0.05,-0.45,-1.13,-1.05,3,0,0
-2.82,-2.34,-2.82,-0.48,-0.51,5.11,2.51,-2.05,3,0,0
-3.49,-0.81,1.46,2.1,-3.09,1.77,0.66,-2.93,3,0,0
-1.3,-2.5,-0.33,-2.61,2.86,5.23,0.15,-0.4,3,0,0
-1.47,0.07,2.11,4.01,-2.8,-1.87,1.55,-0.74,3,0,0
0.24,0.75,-1.39,-0.25,0.51,-2.46,0.72,0.9,3,0,0
1.94,-0.05,-0.95,-0.63,2.34,-1.88,-1.95,0.54,3,0,0
-2.46,-1.6,-0.96,1.31,-1.57,0.51,1.67,-1.08,3,0,0
0.64,1.77,1.46,-1.04,0.58,0.93,-1.08,0.06,3,0,0
-2.52,0.24,1.64,-0.83,-0.13,-1.66,-2.09,-2.56,3,0,0
-1.23,2.02,-0.1,-1.31,-2.12,-1.29,-0.51,-1.43,3,0,0
1.75,3.16,2.52,-0.46,0.17,-1.91,-1.98,0.57,3,0,0
-0.3,0.6,2.43,0.08,0.38,-0.41,-1.13,-0.57,3,0,0
-0.14,-0.39,-1.77,0.81,-3.11,0.2,0.99,-0.98,3,0,0
5.39,1.35,0.67,1.57,1.27,-2.54,0.56,3.82,3,0,0
-2.74,1.49,2.88,1.0,-1.01,-1.0,-1.76,-2.98,3,0,0
-1.01,0.48,-0.79,0.59,-3.11,-1.64,-0.11,-1.53,3,0,0
2.27,0.43,2.25,2.83,0.33,0.01,0.27,1.74,3,0,0
-0.09,-0.11,0.01,-2.24,0.47,-0.11,-0.92,-0.78,3,0,0
4.31,-0.48,0.54,0.61,0.62,1.22,-0.5,2.17,3,0,0
-1.32,-1.15,-1.4,-2.83,1.85,-0.06,0.2,0.04,3,0,0
-0.18,-0.83,-1.75,-0.38,-0.23,1.53,-0.15,-0.99,3,0,0
-2.55,2.22,2.87,-2.43,-1.14,-0.27,-2.63,-2.23,3,0,0
2.84,1.05,2.21,-0.08,1.37,0.74,0.23,2.27,3,0,0
-0.35,-0.12,1.9,1.16,1.85,0.68,0.42,0.18,3,0,0
-1.02,2.17,1.25,-1.89,-0.64,-1.54,-2.96,-2.2,3,0,0
-0.15,-1.66,-0.72,-0.98,0.86,0.34,2.66,1.77,3,1,1
1.32,-1.82,0.23,0.4,-0.2,0.86,0.77,0.86,3,0,0
1.67,1.28,2.04,0.21,1.21,1.21,0.5,2.21,3,0,0
0.64,-1.07,-0.09,2.01,-0.17,1.88,0.88,0.39,3,0,0
0.99,-0.16,0.18,0.08,0.53,1.57,-0.05,0.4,3,0,0
-2.16,0.86,1.73,-0.19,-0.83,-1.95,-1.91,-2.05,3,0,0
3.24,0.8,-0.44,0.33,-1.69,0.61,-0.33,0.9,3,0,0
0.48,0.24,0.09,-1.31,-0.09,1.11,-0.02,0.22,3,0,0
-0.26,2.79,-0.94,-1.54,-0.86,-1.63,-3.33,-2.54,3,0,0
0.94,-0.83,-1.5,-1.32,-2.3,-2.15,1.06,0.53,3,0,0
0.55,0.31,-2.79,-3.11,-0.71,0.81,0.58,-0.06,3,0,0
-1.26,-0.9,-0.46,0.2,-1.84,1.11,0.0,-1.9,3,0,0
-1.77,1.24,0.78,0.48,-0.59,-0.63,-0.34,-0.88,3,0,0
-0.22,0.93,1.03,-0.66,1.46,3.32,-1.43,-0.99,3,0,0
-0.63,2.41,1.9,-2.88,-0.28,-1.93,-2.49,-0.94,3,0,0
0.1,-1.71,-0.17,0.88,-2.53,-1.23,-0.22,-0.64,3,0,0
0.63,1.73,-0.05,-2.01,-0.91,0.19,-0.82,0.26,3,0,0
-1.67,-0.4,1.26,-0.45,3.02,1.37,-1.07,-1.17,3,0,0
1.81,1.16,0.05,1.65,-1.35,-2.85,0.33,0.98,3,0,0
0.69,0.93,0.54,-2.5,-0.44,-0.07,0.37,0.93,3,0,0
-0.2,-0.37,-0.82,-0.68,-0.42,2.63,0.21,-0.98,3,0,0
4.15,1.4,1.03,1.69,-1.35,-1.2,2.14,2.91,3,0,0
-0.26,-2.12,0.84,1.47,-1.32,1.49,0.76,-0.11,3,0,0
-0.6,0.72,-0.18,-0.36,-0.66,-2.06,-1.85,-1.52,3,0,0
5.03,1.77,0.53,-0.15,1.5,0.18,0.59,3.09,3,0,0
-0.75,-1.19,-1.29,1.21,-1.63,-0.2,-0.56,-1.96,3,0,0
0.82,0.85,1.29,2.76,0.82,1.06,1.22,0.95,3,0,0
0.39,2.66,0.68,-1.75,0.82,0.85,-1.07,-0.67,3,0,0
-1.48,-3.01,-1.95,2.56,-3.88,-0.25,1.37,-2.04,3,0,0
0.75,1.7,4.14,1.52,-1.99,0.42,-0.29,0.52,3,0,0
0.43,-0.87,0.52,3.33,-0.96,0.6,1.62,0.28,3,0,0
-0.99,-1.55,-3.61,0.6,-0.45,0.67,0.61,-1.38,3,0,0
1.52,0.08,0.77,-0.0,0.57,-0.61,0.91,1.94,3,0,0
0.52,0.86,-1.27,-0.37,0.29,-0.64,-0.99,-0.71,3,0,0
-2.22,1.42,-0.54,-2.85,-0.95,0.52,0.01,-1.49,3,0,0
0.45,-0.19,-1.19,0.55,-3.04,-2.42,2.4,0.91,3,0,0
-4.34,-0.19,-0.64,-0.78,-0.31,1.76,-0.46,-3.62,3,0,0
1.57,0.88,-1.25,-0.07,-1.86,1.05,3.03,1.62,3,0,0
-0.87,-0.65,-0.55,2.89,-2.64,0.36,3.27,-0.16,3,0,0
0.28,-1.63,-2.53,-0.83,1.09,3.64,2.91,0.93,3,0,0
-1.78,-0.11,3.45,3.75,3.38,1.23,-0.52,-1.69,3,0,0
0.76,-0.27,-1.91,-0.34,-0.98,1.09,2.66,1.27,3,0,0
4.87,-0.87,2.99,3.45,1.23,1.71,4.07,4.93,3,0,0
0.13,0.05,-0.75,0.5,-0.15,-1.53,-0.18,-0.29,3,0,0
5.43,0.76,1.52,2.91,-0.7,-1.76,0.73,3.64,3,0,0
-2.33,-0.72,-0.5,-0.53,-1.96,0.89,-1.5,-2.8,3,0,0
0.53,1.94,3.97,2.39,1.06,-1.06,0.52,1.45,3,0,0
-0.78,-1.47,-3.09,-2.52,0.0,1.82,1.64,-0.28,3,0,0
-2.28,-3.5,-3.44,-4.19,2.06,3.93,0.35,-1.5,3,0,0
-1.52,2.44,1.16,-0.1,-0.49,-1.22,-1.98,-2.25,3,0,0
-2.61,-1.54,0.67,3.35,-2.76,1.63,1.19,-2.39,3,0,0
-3.55,-2.06,-0.36,0.25,-0.99,2.3,-0.11,-2.77,3,0,0
-2.62,-0.95,-0.85,-0.5,1.24,2.94,0.02,-1.71,3,0,0
-1.11,-0.03,0.57,0.58,0.4,0.8,-2.1,-2.58,3,0,0
-1.88,-2.29,-0.07,-0.14,1.51,3.53,0.01,-1.25,3,0,0
-0.49,1.11,0.34,-0.32,1.15,-3.39,-2.68,-1.52,3,0,0
0.13,-1.98,1.0,-0.68,0.14,1.55,-0.14,0.01,3,0,0
-1.77,1.25,0.15,0.96,-2.74,-2.14,0.25,-1.89,3,0,0
1.16,0.92,0.51,-0.35,-0.65,-3.15,-1.0,0.81,3,0,0
-2.31,-2.18,0.15,-1.75,3.18,3.08,1.73,0.54,3,0,0
1.36,-3.86,-2.75,1.45,-0.28,4.44,3.84,1.46,3,0,0
-3.06,-2.56,1.29,0.24,1.73,2.87,-2.57,-3.32,3,0,0
-1.66,0.03,0.57,-0.8,-1.56,-0.09,0.68,-0.73,3,0,0
-1.19,-1.45,-0.93,-3.31,2.25,4.05,-2.09,-1.94,3,0,0
-1.59,1.32,0.03,-2.34,-0.43,-0.95,-2.96,-3.1,3,0,0
1.16,-0.89,-3.41,-3.63,-1.02,0.98,1.79,1.98,3,0,0
-2.37,-0.11,-0.41,-2.82,0.79,1.12,-1.85,-2.39,3,0,0
-2.87,-2.6,0.59,1.27,-1.13,-0.5,1.97,-1.19,3,0,0
-0.78,0.45,-2.39,-3.18,0.07,-0.72,-4.77,-3.18,3,0,0
-0.46,1.19,1.42,-0.11,-0.6,0.96,-0.88,-1.03,3,0,0
-2.19,3.34,0.2,2.0,-0.75,0.64,-4.02,-4.95,3,0,0
-4.98,-0.6,-2.42,-2.19,-2.88,-0.11,1.73,-2.69,3,0,0
0.98,-0.68,-0.68,-1.5,-0.6,2.86,-0.31,-0.29,3,0,0
1.25,-1.15,-1.39,1.01,-2.85,-2.52,1.13,0.71,3,0,0
-0.79,0.47,1.47,-0.38,1.24,1.58,-1.03,-0.86,3,0,0
0.09,0.25,0.55,1.8,-1.47,-0.93,2.66,1.22,3,0,0
1.13,1.31,3.62,1.22,1.31,0.95,-1.54,0.26,3,0,0
-3.93,-2.72,-0.74,0.4,0.24,0.49,1.33,-1.99,3,0,0
3.99,1.03,4.01,1.77,1.01,-0.39,-1.81,1.9,3,0,0
0.04,-1.1,1.3,0.54,0.75,0.12,0.14,0.47,3,0,0
-3.36,1.08,0.36,-4.52,0.98,1.51,-2.68,-2.95,3,0,0
1.56,0.22,-1.16,-0.84,0.58,1.3,0.17,0.38,3,0,0
-1.82,-0.71,1.01,2.23,-0.12,2.81,-1.47,-2.45,3,0,0
-0.92,0.75,0.16,-1.7,1.55,-0.14,-3.79,-2.32,3,0,0
1.58,-1.22,-0.31,2.62,-3.28,-0.12,2.97,1.73,3,0,0
-1.65,-2.02,-1.36,-3.83,1.64,2.85,-1.14,-0.99,3,0,0
0.26,0.78,0.04,2.03,1.3,0.15,2.4,0.43,3,0,0
2.88,-2.87,-2.1,1.5,-0.0,1.5,2.89,2.28,3,0,0
0.94,-1.47,1.48,2.25,1.67,0.83,0.97,1.52,3,0,0
-1.32,0.32,1.17,-2.93,1.09,-0.05,-1.89,-1.06,3,0,0
-0.82,-0.98,1.47,1.0,1.8,1.12,-0.06,-0.37,3,0,0
-0.66,-0.36,1.59,-1.19,2.5,2.99,0.01,0.44,3,0,0
-0.04,1.77,-0.32,1.06,-1.36,-1.41,-1.38,-1.88,3,0,0
1.11,-0.02,1.46,1.84,-1.02,-2.21,0.5,1.0,3,0,0
-3.57,-1.46,1.97,-0.45,1.55,0.29,-0.08,-1.67,3,0,0
2.09,-0.43,2.69,2.92,-0.57,-0.72,2.15,2.53,3,0,0
0.92,3.78,2.56,-0.47,1.58,-3.23,-5.72,-1.91,3,0,0
0.91,0.38,3.2,2.51,0.81,-0.02,0.03,0.96,3,0,0
0.63,-0.66,-0.94,3.4,-3.94,-1.6,3.82,0.95,3,0,0
1.31,-0.32,-3.31,1.85,-2.77,-2.05,1.96,0.58,3,0,0
-0.35,1.41,0.68,1.15,-1.11,-0.25,1.32,0.23,3,0,0
-1.14,-1.88,-1.35,-1.27,-1.07,0.09,0.0,-0.93,3,0,0
3.07,2.97,1.56,0.01,-1.92,-5.27,-3.26,0.46,3,0,0
2.58,1.34,2.19,2.77,-0.92,-2.3,-0.49,1.39,3,0,0
-2.12,0.77,3.25,1.21,0.53,0.31,-0.94,-1.12,3,0,0
4.29,2.33,5.36,0.94,2.37,-0.07,-2.5,2.41,3,0,0
0.62,-0.91,-1.58,2.24,0.35,-1.47,3.29,1.35,3,0,0
-0.03,0.82,1.51,0.42,0.39,-1.03,-1.7,-0.52,3,0,0
0.6,-2.32,-1.22,-1.15,0.07,3.53,1.58,0.53,3,0,0
-3.24,0.43,-0.14,-1.08,-0.75,-0.74,-0.85,-2.39,3,0,0
-1.51,0.48,-0.38,0.39,-0.76,0.68,0.89,-1.27,3,0,0
0.47,0.62,1.44,0.27,-0.6,0.47,-1.55,-1.07,3,0,0
4.65,1.18,2.4,2.85,-0.74,-0.6,0.36,2.34,3,0,0
0.77,0.05,2.16,2.45,-0.25,0.91,-1.17,-0.51,3,0,0
-1.23,-0.77,-2.14,-1.91,0.05,2.0,0.86,-0.93,3,0,0
2.32,0.51,-0.75,0.56,-1.34,-2.46,-0.0,1.24,3,0,0
0.44,0.23,3.3,0.82,0.0,2.07,-0.86,0.12,3,0,0
0.9,-0.29,0.59,1.4,-0.44,2.97,-0.2,0.1,3,0,0
1.56,-0.92,1.55,2.4,0.19,1.04,0.96,1.43,3,0,0
-0.67,-0.3,-0.45,-0.26,0.99,0.47,-0.44,-0.93,3,0,0
0.9,0.7,-0.36,-1.06,0.59,-0.6,-1.03,0.34,3,0,0
-2.62,1.15,1.68,-1.92,0.08,0.45,-0.42,-1.22,3,0,0
-1.33,1.09,0.98,-0.27,-1.22,-3.7,-3.11,-1.98,3,0,0
-0.36,1.68,-0.28,0.05,-0.38,-0.93,-2.53,-2.14,3,0,0
0.08,2.39,-0.84,-1.48,0.28,-1.02,-2.35,-1.12,3,0,0
-4.3,0.22,-2.65,-3.97,-0.06,0.52,-2.15,-4.09,3,0,0
-1.29,-0.34,-0.37,-1.25,1.58,0.38,-0.24,-0.42,3,0,0
1.91,0.86,-0.43,0.44,-3.02,-2.15,0.97,1.01,3,0,0
0.64,-0.13,-2.04,-1.89,-1.75,-0.44,1.25,0.54,3,0,0
-2.95,0.48,-2.8,-2.18,1.11,-0.92,-2.9,-3.75,3,0,0
0.14,-0.86,-1.37,-0.93,1.54,1.42,-1.46,-0.74,3,0,0
1.13,-1.16,-2.0,-0.37,-0.93,0.98,0.38,0.04,3,0,0
-1.18,0.52,-0.76,0.84,-1.71,-0.0,1.18,-1.3,3,0,0
1.39,1.81,1.97,-0.98,1.92,0.75,-2.02,0.36,3,0,0
-2.57,-0.55,-1.57,-0.38,-2.03,-0.79,1.6,-0.7,3,0,0
-1.43,-1.37,-1.22,-2.32,-1.27,-1.25,1.19,-0.23,3,0,0
-0.85,1.68,-1.28,-0.28,-2.46,-1.43,0.09,-1.01,3,0,0
0.81,-0.74,0.99,2.39,-0.7,-1.76,0.68,0.79,3,0,0
2.59,-0.12,-0.07,2.4,-1.76,-0.51,1.24,1.81,3,0,0
5.03,0.04,-0.86,0.69,-0.5,-0.91,2.6,4.39,3,0,0
-0.32,1.91,0.54,-0.81,2.67,1.94,-0.5,-0.94,3,0,0
1.2,-0.76,-2.05,-0.54,0.64,-0.44,2.13,1.37,3,0,0
0.96,-0.65,-0.6,0.67,-0.61,-2.72,2.33,1.88,3,0,0
-1.32,-0.01,0.83,0.86,0.86,0.15,-0.43,-0.87,3,0,0
1.5,1.05,0.05,-0.24,0.49,-0.2,2.0,2.23,3,0,0
-3.32,-0.99,-0.39,-0.1,2.3,1.44,-0.91,-2.58,3,0,0
-4.87,-0.5,0.96,-2.17,1.91,-1.01,-3.19,-3.9,3,0,0
1.87,1.51,1.79,3.32,-1.53,-2.52,0.95,1.46,3,0,0
1.99,0.2,-2.17,1.34,-3.68,-1.18,2.11,0.94,3,0,0
2.74,1.23,-1.53,1.23,-1.55,-2.25,1.12,1.68,3,0,0
-1.18,-1.38,-2.4,-1.65,-0.17,1.41,1.28,-0.54,3,0,0
2.63,1.93,0.29,-2.18,0.08,-1.18,-0.31,1.93,3,0,0
-1.89,0.1,1.43,0.84,-1.94,-1.16,-1.23,-2.28,3,0,0
1.83,1.65,1.23,1.74,-0.93,-0.64,-0.77,0.3,3,0,0
1.29,2.22,0.66,0.24,-0.66,-3.2,-1.66,0.43,3,0,0
-1.41,-2.38,0.73,2.03,-0.28,1.35,0.81,-0.94,3,0,0
-0.4,1.65,1.73,-1.06,0.14,-2.75,-1.52,-0.98,3,0,0
1.07,0.46,3.53,2.73,0.48,2.25,-0.85,0.15,3,0,0
-2.28,-4.24,-3.49,-2.09,0.09,1.95,3.67,0.47,3,0,0
-0.96,-0.41,1.75,0.11,-0.42,-0.19,-1.09,-0.7,3,0,0
-2.76,-0.42,0.2,-0.81,0.61,4.94,-1.12,-3.07,3,0,0
-4.4,1.99,1.93,-2.75,1.16,-2.86,-4.58,-4.34,3,0,0
2.8,1.37,-0.48,-1.0,0.67,-1.25,-0.95,1.62,3,0,0
-0.06,-0.32,-0.69,1.46,-0.32,2.15,3.01,0.64,3,0,0
-5.99,-2.72,0.15,-0.38,0.67,3.02,-0.93,-4.55,3,0,0
-2.44,0.22,1.08,-0.8,0.45,2.35,-3.15,-3.54,3,0,0
-2.06,-1.88,-0.95,-0.79,0.1,2.03,1.44,-0.95,3,0,0
-1.83,-1.16,1.07,2.33,-3.58,-1.22,0.77,-1.71,3,0,0
3.55,1.7,1.98,0.71,2.06,0.21,-0.11,2.97,3,0,0
-2.14,-1.3,0.16,1.62,-0.73,2.5,1.7,-1.4,3,0,0
-2.66,0.54,-1.74,-0.56,-2.12,-0.18,1.26,-1.72,3,0,0
2.15,-0.09,-1.75,1.94,-1.1,2.24,1.01,0.87,3,0,0
-1.99,2.94,0.98,0.34,0.19,0.6,-1.8,-2.1,3,0,0
1.6,-0.11,-1.03,-0.45,0.77,-0.43,1.0,1.39,3,0,0
-1.81,-1.09,-1.23,0.28,-0.58,-0.14,0.26,-1.73,3,0,0
-1.39,0.31,0.16,-0.89,-0.33,-0.88,1.36,0.26,3,0,0
1.66,0.4,0.1,2.04,-0.5,0.28,1.41,0.81,3,0,0
1.65,-1.25,1.4,2.21,1.22,0.51,1.16,1.72,3,0,0
3.04,0.96,-0.52,0.08,-1.07,-0.59,1.2,2.07,3,0,0
-0.06,0.37,-2.66,-0.62,-2.1,0.03,1.12,-0.48,3,0,0
-3.61,-0.71,1.33,-0.96,0.84,1.65,-0.9,-2.07,3,0,0
-1.39,0.76,1.26,0.97,-0.84,0.11,-1.95,-2.25,3,0,0
-1.95,0.79,-1.68,0.04,-0.69,0.95,-0.65,-2.59,3,0,0
-1.81,-1.23,-1.35,-0.83,-0.01,-0.77,-0.8,-1.85,3,0,0
-0.43,0.47,1.46,1.31,-2.08,-2.15,0.27,0.19,3,0,0
4.24,-0.55,1.11,4.2,-2.96,-2.33,3.52,3.66,3,0,0
0.31,-1.21,2.55,2.6,-1.31,-1.47,0.26,0.2,3,0,0
-0.63,-2.35,-3.94,0.36,-2.64,-0.16,2.01,-0.6,3,0,0
0.29,0.66,-1.5,0.85,-1.09,-0.78,-1.7,-1.72,3,0,0
-0.09,0.94,0.84,0.27,0.69,-0.39,0.02,0.11,3,0,0
-1.87,0.27,0.19,1.58,-1.78,-0.14,0.02,-1.92,3,0,0
-1.9,-0.98,-1.4,-0.73,-0.16,0.02,0.52,-1.26,3,0,0
-3.54,-1.18,-0.72,-1.71,2.49,-0.1,-0.15,-1.81,3,0,0
4.27,1.98,2.64,2.76,-1.53,0.26,0.56,2.5,3,0,0
1.26,-0.58,0.49,1.57,0.86,0.97,3.07,2.6,3,0,0
2.17,1.28,2.45,3.07,0.83,1.93,0.39,1.28,3,0,0
-2.72,-0.51,-1.86,-1.19,-1.45,-2.58,1.87,-0.67,3,0,0
4.8,0.08,0.46,-0.26,1.69,1.74,-0.71,2.25,3,0,0
1.58,-0.92,0.32,0.68,0.37,3.81,2.28,1.98,3,0,0
2.51,-2.11,-0.53,0.74,1.3,0.83,0.83,1.98,3,0,0
1.27,-1.28,0.54,0.18,0.61,0.72,-1.48,0.35,3,0,0
1.32,-1.19,-0.75,0.67,-1.56,2.11,1.21,0.29,3,0,0
-2.11,0.28,0.74,0.48,-3.21,-3.08,0.45,-0.67,3,0,0
-1.02,0.22,-0.17,-0.84,-1.2,-1.74,-0.07,-1.21,3,0,0
4.38,2.83,3.66,4.09,-1.71,-4.51,-0.2,2.19,3,0,0
-1.11,3.07,1.32,-1.37,-0.71,-3.34,-2.81,-1.9,3,0,0
1.14,0.05,0.7,-1.06,0.27,0.91,0.0,0.83,3,0,0
1.65,0.29,1.43,1.69,-0.24,-1.38,2.51,2.99,3,0,0
1.23,3.1,1.37,-0.51,0.65,-0.57,-0.44,1.24,3,0,0
-2.08,2.03,2.64,2.42,-1.42,-0.78,0.65,-1.06,3,0,0
-0.56,-1.8,0.06,-2.27,-0.01,0.07,-0.79,-0.33,3,0,0
1.37,-0.67,-4.14,-1.23,-0.01,-1.67,1.24,1.84,3,0,0
2.72,1.95,-0.4,2.04,-2.53,-2.67,1.38,1.55,3,0,0
4.27,-1.43,0.54,1.29,0.92,-1.3,1.34,4.11,3,0,0
0.34,-0.61,-1.7,1.27,-2.36,1.02,2.34,0.6,3,0,0
6.97,3.01,2.59,0.85,2.06,-2.61,-1.71,4.48,3,0,0
-2.17,0.25,1.7,-2.55,0.36,1.54,-1.79,-2.03,3,0,0
1.83,0.21,0.71,2.68,-0.58,-1.63,2.57,2.6,3,0,0
0.32,-2.69,-0.9,1.98,-1.9,2.29,2.09,0.47,3,0,0
-1.6,-2.84,-2.75,-0.44,2.59,3.89,2.61,0.07,3,0,0
0.15,-2.15,-2.18,0.3,-1.7,0.47,2.5,0.72,3,0,0
4.08,1.53,3.05,1.06,1.47,-0.48,-1.69,2.38,3,0,0
0.02,1.94,2.08,-0.88,1.91,1.9,-1.91,-0.48,3,0,0
-0.64,0.22,1.66,-0.64,-0.58,2.23,-0.12,-0.6,3,0,0
-1.12,1.23,1.78,0.6,0.3,0.9,1.41,0.13,3,0,0
-2.51,-1.45,-0.13,-0.17,-1.35,0.2,1.39,-1.4,3,0,0
-2.38,-1.18,-0.27,0.11,-1.44,2.61,0.25,-2.72,3,0,0
1.59,-0.02,-0.42,-1.64,0.67,-1.74,-1.09,0.45,3,0,0
1.85,0.82,3.92,1.7,2.14,-1.03,-0.31,1.87,3,0,0
0.44,-0.42,0.47,-0.44,1.89,0.68,-3.49,-1.61,3,0,0
0.29,0.61,-0.39,-0.6,-1.6,-1.84,-1.53,-0.5,3,0,0
3.24,1.81,0.09,1.19,-1.16,-0.38,-1.08,0.33,3,0,0
-1.75,-2.11,-2.39,0.22,0.9,2.53,2.49,-0.42,3,0,0
-1.16,0.18,-0.27,-0.17,-0.77,0.98,-1.2,-2.0,3,0,0
2.81,0.21,1.64,3.43,-0.11,-0.42,2.32,2.43,3,0,0
0.61,0.03,2.45,-0.7,1.51,0.47,-0.43,1.32,3,0,0
-1.54,-0.5,-1.73,-0.68,-1.95,-0.88,1.2,-1.01,3,0,0
1.47,-1.54,0.29,4.97,-3.49,0.19,3.91,1.41,3,0,0
-1.46,-2.64,0.13,1.6,0.7,1.26,1.44,-0.48,3,0,0
-0.49,-0.7,-2.0,-1.84,2.05,-2.0,-0.22,0.1,3,0,0
-1.13,-1.59,-2.0,-2.39,0.32,2.7,0.67,-0.46,3,0,0
0.01,-1.84,0.04,-1.31,2.48,2.17,0.11,0.34,3,0,0
-0.36,-0.53,-1.05,-0.47,-0.04,-2.0,1.32,0.42,3,0,0
0.57,-0.88,-0.37,2.05,-2.17,0.53,1.83,0.15,3,0,0
-2.23,-1.44,-0.19,-0.66,-0.0,-1.57,-1.5,-2.07,3,0,0
0.07,-0.09,0.27,2.06,-1.03,0.27,-0.27,-0.41,3,0,0
0.13,0.85,-0.18,-2.15,1.32,-1.39,-1.6,-0.05,3,0,0
0.7,-0.55,-0.62,0.66,0.42,2.66,2.89,1.26,3,0,0
4.74,-0.41,-0.64,0.18,0.02,-0.25,2.76,4.3,3,0,0
-1.96,-0.09,0.0,0.84,-0.08,2.48,1.32,-1.21,3,0,0
1.12,-1.07,-1.06,-2.13,2.06,3.08,-0.71,0.77,3,0,0
-2.26,1.37,2.03,-0.57,-0.55,1.17,-1.31,-2.14,3,0,0
0.72,0.66,1.03,-2.03,-1.23,-1.93,-0.61,0.59,3,0,0
1.71,0.69,2.52,2.04,-0.57,1.79,1.51,1.7,3,0,0
-1.51,0.61,4.15,2.62,-0.24,-0.18,-1.68,-1.64,3,0,0
0.38,-1.6,-2.46,-1.28,-0.36,-1.91,2.87,2.22,3,0,0
0.51,1.48,-2.49,-1.01,0.15,-1.36,-1.85,-1.05,3,0,0
0.79,1.26,0.06,-2.61,2.44,0.66,-2.55,-0.37,3,0,0
0.16,-1.69,0.03,0.5,-2.12,1.05,2.88,0.64,3,0,0
2.94,0.76,3.38,0.81,0.15,2.21,0.19,2.19,3,0,0
-2.41,-2.41,2.35,0.69,2.41,4.07,-0.34,-1.78,3,0,0
0.15,1.79,0.44,-1.42,1.43,0.4,-1.76,-0.2,3,0,0
-1.02,-0.95,-0.22,0.91,-0.59,2.04,3.44,1.19,3,0,0
1.46,1.0,0.89,-0.7,-0.64,-2.33,-2.12,0.39,3,1,1
0.78,0.67,-1.45,-1.43,0.01,-0.47,-0.01,0.08,3,0,0
-0.56,0.85,3.24,2.02,1.14,0.24,-2.18,-1.3,3,0,0
-1.57,1.42,2.19,-0.11,0.75,1.24,-2.82,-2.88,3,0,0
2.96,-1.07,0.69,2.19,-0.34,1.63,0.62,1.55,3,0,0
-1.5,-1.43,-3.48,-3.19,-1.62,0.45,1.25,-0.84,3,0,0
-2.24,-0.62,0.7,2.67,-1.1,-0.49,0.52,-1.84,3,0,0
-1.68,0.38,-1.7,-1.41,0.3,2.54,-0.21,-2.19,3,0,0
3.87,1.85,1.64,2.73,-1.44,-0.67,0.38,1.99,3,0,0
-0.68,-1.12,2.51,1.3,0.39,-1.51,0.37,0.65,3,0,0
1.27,1.92,1.56,0.88,0.65,-1.08,-0.08,1.16,3,0,0
-1.46,-0.29,0.25,-1.86,1.53,1.55,-0.06,-0.45,3,0,0
1.31,1.65,-0.69,-1.04,-1.96,-3.71,-0.61,0.74,3,0,0
2.26,1.19,0.72,-0.26,-1.35,-0.83,0.33,1.43,3,0,0
0.53,-0.48,-0.06,1.28,-3.25,-0.43,2.96,1.35,3,0,0
2.89,0.19,1.13,-0.28,1.15,0.53,-0.01,2.55,3,0,0
-5.92,-1.55,-2.97,-3.92,-1.25,2.33,-2.12,-5.33,3,0,0
0.84,-0.44,-0.62,0.45,-0.56,0.33,0.86,0.79,3,0,0
-0.92,-0.71,-1.0,-0.22,0.33,2.98,-2.13,-2.33,3,0,0
0.6,-0.64,-1.63,-1.32,-2.15,-1.63,-0.26,-0.41,3,0,0
0.67,0.22,-2.83,-1.76,-0.57,1.82,-0.61,-1.0,3,0,0
1.18,0.65,-1.81,-1.14,0.21,1.84,-0.79,-0.55,3,0,0
-2.02,2.65,3.01,-1.41,-0.16,-0.79,-3.2,-3.29,3,0,0
-0.44,1.31,-0.65,-1.86,0.42,0.78,-3.36,-2.59,3,0,0
-4.93,-1.23,-1.97,-3.53,0.89,1.63,-1.45,-3.76,3,0,0
1.73,-0.48,0.83,0.71,-0.45,-1.13,0.94,1.17,3,0,0
2.72,-0.05,0.04,1.35,-0.7,1.65,1.19,1.62,3,0,0
-1.95,-1.08,0.77,-2.28,0.31,-1.75,-2.76,-2.11,3,0,0
3.51,-0.8,-0.69,4.68,-1.95,-1.34,2.86,2.57,3,0,0
4.37,0.39,1.44,0.42,1.94,1.31,0.28,3.5,3,0,0
2.82,2.73,-3.87,-1.38,-1.66,0.03,0.15,0.56,3,0,0
-3.43,-2.27,-0.21,-1.76,0.73,3.85,-1.84,-3.73,3,0,0
2.31,1.58,2.18,2.56,-1.28,-0.13,-1.82,-0.14,3,0,0
-2.24,-2.12,0.28,0.48,1.58,3.2,-1.65,-3.11,3,0,0
-0.22,-1.2,-1.29,0.6,-0.04,-0.75,0.83,0.07,3,0,0
1.56,-0.62,-1.11,-2.15,2.16,1.64,-0.18,0.89,3,0,0
2.45,0.57,-0.54,3.61,-1.83,-0.36,-1.1,-0.39,3,0,0
-1.9,0.28,2.15,2.53,0.2,1.84,-0.17,-1.49,3,0,0
4.34,-0.02,1.47,3.94,-1.15,0.72,2.32,3.47,3,0,0
1.38,-1.7,1.25,2.29,1.56,1.04,0.87,1.71,3,0,0
-0.78,-2.85,-2.83,-0.47,1.98,0.7,2.03,0.72,3,0,0
-3.26,-4.49,-4.65,-2.24,-0.19,0.89,2.13,-1.21,3,0,0
1.02,0.02,1.64,-0.42,1.22,1.19,-0.88,0.43,3,0,0
0.9,-1.28,-0.51,0.71,-1.78,-1.75,0.77,0.89,3,0,0
-4.1,0.71,1.29,-0.56,-0.63,0.39,-1.2,-3.38,3,0,0
-0.22,-0.44,-0.27,1.84,-0.13,-1.22,1.23,-0.17,3,0,0
-0.59,-2.22,-1.62,-0.2,-0.65,-0.86,0.46,-0.43,3,0,0
3.54,-0.25,-0.41,0.28,1.46,0.88,-0.35,1.87,3,0,0
2.08,-0.98,-0.12,2.09,0.39,0.61,1.17,0.96,3,0,0
1.18,1.34,0.68,0.59,-1.5,-1.0,0.12,0.6,3,0,0
-2.44,0.25,-0.12,0.5,-1.88,-1.3,-0.1,-2.1,3,0,0
-4.28,-0.55,-0.3,-1.19,0.79,0.53,-0.3,-2.9,3,0,0
-0.3,-0.26,-0.56,0.9,-1.94,-2.25,2.3,0.86,3,0,0
1.86,1.72,-2.79,-1.52,-4.22,-4.78,-0.17,0.78,3,0,0
1.26,-1.07,0.79,0.98,1.06,2.1,-0.66,0.55,3,0,0
-1.95,-2.3,-1.19,-0.61,0.4,2.94,0.51,-1.07,3,0,0
-2.51,-0.7,-1.08,0.99,0.98,0.77,1.34,-1.63,3,0,0
2.2,0.65,1.37,0.34,1.62,-1.74,-1.3,1.08,3,0,0
0.16,-0.17,-0.34,0.24,-0.6,0.89,1.24,0.49,3,0,0
-0.64,0.73,-3.27,-5.17,1.94,-0.15,-2.69,-1.84,3,0,0
2.46,1.01,1.86,1.68,2.85,3.4,-0.86,0.62,3,0,0
-5.45,1.67,2.44,-0.3,-0.72,-0.18,-3.38,-5.14,3,0,0
0.23,0.79,0.05,1.95,-1.89,0.07,0.41,-0.04,3,0,0
0.36,-2.4,-0.7,-1.57,1.63,4.65,0.9,-0.12,3,0,0
0.37,-1.42,-1.04,-0.54,0.48,2.26,-0.31,-0.55,3,0,0
-0.28,-0.88,-0.47,1.08,-2.04,-0.68,1.8,-0.14,3,0,0
3.2,0.56,-0.41,1.89,-0.58,0.49,0.77,1.89,3,0,0
-0.04,0.22,0.21,0.25,0.61,-1.18,-0.93,-0.88,3,0,0
1.96,0.62,0.26,1.48,-1.14,0.04,0.41,0.76,3,0,0
0.06,-2.21,0.45,-1.78,-0.33,1.73,-1.1,-0.24,3,0,0
-3.78,-0.38,0.28,-2.19,0.75,-0.07,-4.11,-4.35,3,0,0
0.12,-1.5,0.68,-0.46,0.5,4.06,1.04,0.71,3,0,0
0.47,-0.66,-1.76,-0.03,-0.33,-0.19,0.78,-0.03,3,0,0
-3.01,0.57,-1.3,-1.49,1.77,-0.3,-0.59,-2.01,3,0,0
0.19,2.19,-1.2,-0.39,-0.77,-4.34,-2.23,-1.29,3,0,0
0.71,0.47,2.62,2.24,1.41,2.7,-1.57,-0.97,3,0,0
1.04,-0.67,-2.16,1.11,-1.55,0.16,1.21,-0.13,3,0,0
0.42,-1.05,-1.47,0.12,-1.6,0.94,3.71,1.51,3,0,0
4.12,0.38,1.03,-0.29,1.0,-1.32,2.43,4.61,3,0,0
-0.42,2.6,2.26,1.9,-2.2,-1.57,-1.52,-1.81,3,0,0
2.21,-1.34,0.6,-0.56,0.96,-0.16,0.65,2.45,3,0,0
0.19,-0.1,0.37,1.21,1.06,-1.92,-0.11,0.06,3,0,0
-2.91,-0.98,-2.06,-1.51,0.21,-1.06,-0.43,-2.37,3,0,0
-0.17,0.65,2.43,0.94,1.74,1.72,0.08,-0.44,3,0,0
-0.75,1.06,0.76,1.23,-0.76,-1.05,0.44,-0.3,3,0,0
3.66,0.45,2.22,3.91,0.71,0.72,1.65,2.74,3,0,0
-0.91,-0.03,3.36,2.78,0.8,-0.25,0.26,0.12,3,0,0
0.18,-2.44,-0.7,1.22,1.83,0.92,0.46,0.53,3,0,0
-0.46,-1.55,-0.85,-2.16,0.49,3.3,-0.13,-0.69,3,0,0
-1.97,-2.85,-2.07,-1.98,0.08,3.1,-1.69,-2.96,3,0,0
3.11,1.79,0.39,0.1,-1.98,-0.97,-0.1,2.02,3,0,0
-1.57,-1.28,-2.09,-0.47,0.53,0.54,1.27,-0.92,3,0,0
-2.87,-0.1,-2.8,-3.82,-0.26,1.65,-2.25,-3.32,3,0,0
-0.94,-0.16,-0.56,-1.91,0.42,1.04,0.48,-0.17,3,0,0
-0.8,-0.13,2.34,3.48,0.59,-0.41,1.34,0.21,3,0,0
4.45,1.73,0.88,1.97,-1.13,-2.29,-1.54,1.33,3,0,0
4.7,-0.29,2.24,3.81,2.21,0.6,1.04,3.65,3,0,0
4.22,2.08,-0.31,2.27,-1.61,-2.34,1.57,2.63,3,0,0
2.65,-0.8,-1.87,1.15,-1.48,-1.08,1.76,2.01,3,0,0
3.89,0.85,3.2,3.06,1.7,2.24,0.57,2.94,3,0,0
-0.17,-0.86,-0.64,1.75,-1.46,-0.78,1.55,-0.14,3,0,0
-1.95,0.79,1.11,-1.56,0.08,-0.31,-0.1,-0.63,3,0,0
-1.62,-2.76,1.57,1.93,0.92,2.24,0.42,-0.72,3,0,0
1.52,1.22,2.05,0.61,0.32,4.27,-0.16,0.02,3,0,0
3.84,2.62,2.51,-1.3,2.51,1.85,-4.09,0.35,3,0,0
-2.48,1.45,-1.03,-2.57,-1.77,-1.88,-1.56,-2.99,3,0,0
-3.18,-0.86,2.57,0.58,1.78,2.1,-2.52,-2.66,3,0,0
-1.23,1.35,-0.44,-0.85,-1.95,-0.45,0.05,-1.37,3,0,0
0.71,2.31,1.23,-0.84,0.53,0.9,-1.2,0.02,3,0,0
0.8,0.28,-1.44,-0.11,-2.17,-1.05,1.06,0.56,3,0,0
-2.8,-0.91,-0.73,-1.49,-0.6,1.03,-0.2,-1.76,3,0,0
1.65,2.26,-0.26,-1.84,0.27,1.43,-0.15,0.81,3,0,0
-1.99,1.26,0.54,-0.09,0.99,-0.8,0.03,-0.94,3,0,0
-1.76,1.92,2.57,-0.54,-1.09,-1.68,-1.78,-1.88,3,0,0
0.94,2.61,2.19,1.32,-1.93,-2.6,-1.09,-0.51,3,0,0
0.79,1.02,-1.71,-1.75,0.07,0.27,-1.81,-1.44,3,0,0
1.92,-0.51,-2.5,1.06,-0.07,1.56,0.58,0.28,3,0,0
2.13,1.62,1.22,0.08,-0.63,-1.87,-1.35,1.26,3,0,0
5.74,0.22,-0.43,1.5,-0.71,0.01,0.66,3.38,3,0,0
2.28,0.26,2.82,2.38,-0.05,-1.52,-1.53,0.15,3,0,0
1.58,0.89,-3.62,-0.67,-5.84,-2.13,2.45,0.77,3,0,0
0.37,1.31,1.94,1.24,0.11,0.26,-1.6,-1.02,3,0,0
3.4,2.44,1.47,1.62,0.35,-1.24,1.13,2.43,3,0,0
5.09,1.92,2.84,2.45,0.81,-1.5,-0.44,3.12,3,0,0
2.28,0.62,2.78,2.46,1.21,2.6,0.1,0.75,3,0,0
1.5,-1.26,-0.86,2.66,-2.23,-2.69,3.02,1.86,3,0,0
0.04,0.33,1.04,-0.2,1.61,2.61,-1.27,-0.23,3,0,0
4.31,0.18,0.98,2.7,-0.35,0.13,0.66,2.56,3,0,0
-0.81,-0.06,-0.99,-1.41,-0.39,-0.85,0.4,-0.09,3,0,0
1.11,-0.21,-2.61,0.36,-0.7,-0.51,1.1,0.45,3,0,0
0.86,-1.57,0.24,0.62,1.0,-0.86,-1.29,0.11,3,0,0
0.62,2.07,-1.54,0.97,-1.83,-0.41,2.52,1.23,3,0,0
-1.35,0.22,0.54,-0.58,1.08,1.62,-1.29,-1.09,3,0,0
-1.37,0.16,1.73,-0.38,1.57,0.12,-1.1,-1.01,3,0,0
1.74,-0.31,-1.91,-3.04,0.21,0.46,-0.53,0.38,3,0,0
-0.75,-0.23,0.93,2.8,-2.52,0.47,1.23,-1.09,3,0,0
-0.06,-0.25,0.28,-1.48,0.49,-0.15,-1.65,-0.62,3,0,0
-0.06,0.45,-0.6,1.8,-2.31,-0.68,1.52,0.04,3,0,0
-2.58,-1.16,0.33,0.56,1.01,3.41,-0.55,-2.49,3,0,0
-0.97,0.07,-0.92,-0.62,0.17,-2.82,1.07,0.66,3,0,0
-2.58,0.07,0.31,2.1,-2.84,-2.57,-0.62,-2.78,3,0,0
-3.54,-1.44,-1.75,0.73,-0.61,2.38,2.86,-1.5,3,0,0
-1.45,-0.63,-1.6,0.33,-0.29,-0.6,-0.2,-1.57,3,0,0
0.16,1.1,1.98,0.92,-1.35,0.06,-1.19,-0.62,3,0,0
2.1,3.58,3.53,2.47,-1.54,-3.83,-3.64,-0.72,3,0,0
2.33,-2.32,-2.18,1.95,0.25,0.61,3.69,3.1,3,0,0
-0.72,-2.84,-2.65,0.78,0.49,3.0,0.58,-1.09,3,0,0
-0.82,1.41,1.17,-1.7,0.54,-0.98,-2.89,-1.74,3,0,0
-0.3,-2.4,-3.05,-0.06,0.78,2.28,2.11,0.42,3,0,0
-0.3,-4.28,-1.52,1.36,1.9,2.55,2.79,1.2,3,0,0
0.55,-2.57,0.49,0.18,2.13,1.86,-1.27,-0.23,3,0,0
-6.76,-2.15,-2.98,-2.31,0.12,2.09,0.74,-4.66,3,0,0
0.7,0.63,-0.27,-0.93,-1.9,-1.92,-0.3,0.33,3,0,0
2.31,-0.18,-0.68,-0.1,-0.26,0.47,4.07,3.69,3,0,0
2.32,0.31,-0.48,-1.33,-0.02,1.13,-0.17,1.42,3,0,0
-0.5,-0.67,-0.46,-2.25,0.64,2.19,0.45,-0.44,3,0,0
-1.89,-2.25,-1.46,-0.08,-1.17,0.22,-0.3,-1.64,3,0,0
2.03,2.59,1.53,0.58,0.14,-0.19,-1.31,1.33,3,0,0
1.53,-1.69,-2.61,1.3,-2.45,-2.07,2.35,1.4,3,0,0
1.54,-0.69,0.66,1.26,0.26,1.27,0.29,0.65,3,0,0
2.19,0.66,0.28,2.92,-0.6,0.83,0.42,0.52,3,0,0
0.28,-1.36,-3.23,0.04,-0.22,0.27,0.28,-0.5,3,0,0
0.68,-0.61,-0.63,-2.26,1.08,0.04,0.11,0.64,3,0,0
1.75,-2.51,-0.32,2.22,-0.3,1.88,4.77,3.65,3,0,0
-0.21,0.64,1.57,-0.25,-0.33,-1.07,2.05,1.75,3,0,0
4.24,3.32,1.4,-0.12,-0.17,-2.24,-0.58,2.36,3,0,0
-0.71,1.24,3.68,2.01,0.65,1.72,-0.23,-0.34,3,0,0
1.61,0.95,1.05,-0.14,-0.59,-2.37,0.63,2.4,3,0,0
1.14,-0.8,2.15,3.37,0.12,1.27,0.86,0.94,3,0,0
1.4,1.69,0.01,-2.18,1.17,-1.76,-2.3,-0.19,3,0,0
0.09,-0.65,3.33,2.73,-0.58,-1.74,2.3,2.26,3,0,0
1.63,-1.43,0.38,3.35,-2.45,1.63,2.53,1.16,3,0,0
3.52,1.03,0.33,-0.9,1.47,-2.98,-0.77,2.59,3,0,0
-1.69,0.3,-0.22,-0.57,1.2,-0.25,-0.19,-0.69,3,0,0
2.34,1.08,0.88,2.63,-1.43,-4.15,0.3,1.92,3,0,0
-2.27,-1.17,-1.79,-3.1,0.43,1.43,-0.8,-1.92,3,0,0
3.65,1.31,3.14,4.27,-1.04,-0.94,1.88,2.93,3,0,0
0.86,-2.14,1.14,3.26,0.31,0.62,1.29,1.17,3,0,0
2.51,-1.24,-0.18,0.71,0.79,0.05,1.51,2.27,3,0,0
-1.89,-0.35,-1.75,-1.9,1.37,1.08,-0.87,-1.56,3,0,0
2.49,0.47,0.75,-0.09,0.06,-1.57,1.2,2.52,3,0,0
0.27,-0.08,0.96,-0.24,3.24,0.97,-1.22,0.06,3,0,0
-0.97,0.1,2.15,2.62,-1.02,-3.12,-0.24,-0.62,3,0,0
-3.42,-0.03,-0.93,-0.79,-0.47,1.69,-1.09,-4.03,3,0,0
0.5,-0.67,-4.63,-2.87,-1.53,-0.44,1.54,0.24,3,0,0
-2.5,-1.19,-1.77,0.3,-3.16,0.01,0.46,-2.79,3,0,0
-0.06,-2.1,-1.02,3.14,-1.91,1.71,2.1,-0.59,3,0,0
1.3,1.29,0.62,-1.11,-1.6,1.26,-1.1,-0.11,3,0,0
-2.0,-0.18,-1.1,-1.17,0.07,1.4,-0.81,-2.01,3,0,0
-1.53,-1.93,0.6,-2.14,1.88,-0.98,-1.02,-0.19,3,0,0
0.92,-0.89,0.54,1.66,0.32,3.26,2.37,1.23,3,0,0
3.56,-0.91,0.75,0.3,2.31,0.32,-0.09,2.37,3,0,0
2.02,0.65,0.78,2.05,0.24,-1.52,-0.12,0.88,3,0,0
-2.99,-0.3,0.07,-1.67,-0.47,1.97,-1.55,-3.11,3,0,0
0.84,-1.85,-1.9,-0.87,-0.65,2.61,0.46,0.03,3,0,0
-2.19,0.95,3.03,3.71,0.35,-0.32,-1.56,-2.14,3,0,0
0.75,0.48,0.13,1.51,-2.02,-1.62,2.42,2.38,3,0,0
0.26,-1.11,0.65,0.55,-1.77,-0.61,0.86,0.71,3,0,0
-2.56,-1.09,1.5,-0.01,1.33,1.09,-2.19,-2.66,3,0,0
-0.07,1.82,-0.57,-0.44,-2.34,1.98,-1.12,-1.68,3,0,0
2.21,0.77,0.96,2.49,0.84,-1.39,-0.55,1.3,3,0,0
-1.16,-1.95,-2.11,-0.72,0.44,1.15,-0.4,-1.31,3,0,0
2.66,2.81,0.67,-0.36,-1.44,-0.56,-1.28,0.47,3,0,0
-0.42,-1.16,-3.02,-1.48,-2.4,-0.17,-0.8,-1.89,3,0,0
-3.5,-0.74,0.08,-0.81,3.79,3.85,0.96,-1.27,3,0,0
-0.12,-2.32,-0.54,-1.94,2.14,2.1,0.27,0.23,3,0,0
0.68,-1.35,-0.37,-1.59,-1.26,-0.46,-0.92,-0.2,3,0,0
0.92,-0.41,1.0,2.99,-1.47,1.19,1.86,0.66,3,0,0
-3.43,-1.15,1.1,0.67,-1.81,0.56,-1.0,-3.24,3,0,0
0.6,1.73,-1.09,-1.69,-1.1,0.9,-1.9,-1.5,3,0,0
4.76,-0.23,1.05,1.75,0.42,-0.78,-0.11,3.19,3,0,0
0.59,-0.96,-1.45,0.78,-0.15,0.15,1.82,0.85,3,0,0
-2.63,-1.52,0.32,0.83,-0.85,3.75,0.07,-2.62,3,0,0
-0.22,-1.03,0.7,0.48,0.59,0.85,-0.2,-0.22,3,0,0
1.02,-1.3,1.14,1.65,-0.34,-1.05,1.02,1.62,3,0,0
1.81,0.89,-2.58,-1.52,-0.65,-0.06,0.75,0.58,3,0,0
-1.57,0.16,4.03,2.6,-0.26,0.57,-0.51,-0.87,3,0,0
-0.31,-0.78,-0.92,-1.82,1.85,0.55,-1.16,-0.78,3,0,0
2.51,-0.1,3.03,2.12,2.26,1.19,0.46,1.96,3,0,0
-2.23,-1.5,-0.47,1.31,0.21,1.87,1.11,-1.67,3,0,0
1.59,3.13,4.04,2.28,0.37,1.0,-1.76,0.56,3,0,0
0.04,0.84,1.42,0.9,-0.83,-1.53,-2.48,-1.83,3,0,0
-4.01,-1.5,-0.33,-2.42,3.28,2.21,-2.35,-3.73,3,0,0
1.87,-1.51,0.51,0.98,-1.21,2.2,2.48,2.28,3,0,0
1.42,-0.26,0.02,0.64,0.91,1.16,3.06,1.73,3,0,0
3.55,1.69,-1.46,1.17,-1.65,-1.01,2.19,2.79,3,0,0
-0.71,-0.47,-0.67,-1.94,-0.63,0.68,0.33,-0.01,3,0,0
-3.3,-0.79,-2.4,0.75,-2.15,-0.2,0.75,-2.77,3,0,0
0.56,1.19,-1.35,-1.25,1.71,-1.11,-0.35,0.43,3,0,0
1.21,-0.59,0.68,1.37,0.89,1.07,1.67,1.97,3,0,0
-1.3,-0.02,-0.11,0.39,-2.07,-2.66,-0.99,-1.73,3,0,0
-0.66,-0.64,-2.15,-0.41,-3.14,0.27,1.95,-0.22,3,0,0
-1.07,-1.21,-0.79,1.29,-1.86,-3.67,1.58,0.25,3,0,0
1.42,0.37,0.29,-0.91,-1.88,-0.28,0.48,1.07,3,0,0
0.79,0.06,-0.83,-2.78,0.23,0.49,-1.76,-0.32,3,0,0
0.64,1.77,-0.78,-1.18,-0.26,-0.97,-0.91,-0.73,3,0,0
-1.88,0.01,3.2,0.01,1.61,2.62,-0.04,-0.54,3,0,0
-2.37,-4.43,-2.77,-1.82,-0.3,5.17,1.3,-1.97,3,0,0
4.94,0.0,1.14,3.75,0.09,-0.16,2.25,3.83,3,0,0
-3.43,2.05,1.96,0.64,-2.0,-0.39,-1.18,-3.25,3,0,0
-2.67,-1.88,-1.88,-1.05,-2.29,1.18,0.5,-2.11,3,0,0
0.74,0.15,0.16,1.0,-0.87,0.06,-0.44,-0.42,3,0,0
1.45,1.65,1.49,1.55,-1.57,-0.45,0.65,1.01,3,0,0
1.68,-1.19,-1.52,1.56,-0.43,-0.38,2.14,1.23,3,0,0
1.03,0.61,1.55,0.8,0.88,1.93,1.2,1.2,3,0,0
0.06,-3.45,-0.39,2.43,-0.33,0.08,2.51,0.75,3,0,0
1.27,-1.4,-0.43,1.33,-0.44,5.08,1.1,-0.1,3,0,0
2.1,-0.69,1.4,1.55,-0.07,0.78,1.67,2.26,3,0,0
0.4,2.52,2.58,-0.82,2.08,-0.82,-3.5,-0.95,3,0,0
3.82,1.49,1.41,2.94,-1.61,-4.79,0.48,2.24,3,0,0
-0.19,-3.76,-2.69,1.25,-0.27,4.04,3.11,0.39,3,0,0
0.12,-0.27,-3.09,0.31,-0.88,-1.14,1.99,-0.48,3,0,0
-2.53,0.94,3.52,1.49,1.65,0.27,-2.93,-2.24,3,0,0
3.0,-0.49,1.02,2.66,-0.9,0.25,2.98,3.48,3,0,0
0.54,-1.14,-1.61,0.12,-0.81,-1.07,1.01,0.77,3,0,0
0.21,1.57,-0.7,0.63,-3.05,0.05,1.09,-0.33,3,0,0
-0.12,-0.66,2.3,-0.38,2.81,3.67,1.3,1.72,3,0,0
2.03,-0.65,2.83,3.35,-0.53,-0.82,1.38,1.45,3,0,0
2.36,0.46,1.26,2.63,-0.38,-1.73,0.56,1.29,3,0,0
5.26,0.4,1.81,1.89,-1.63,-0.77,2.64,4.84,3,0,0
-5.13,0.51,0.33,0.66,-0.89,-0.65,-2.12,-4.98,3,0,0
-0.35,0.38,-0.86,0.01,-1.66,1.09,0.12,-1.32,3,0,0
0.95,0.03,-1.84,0.91,-2.36,0.46,2.38,0.67,3,0,0
4.0,2.13,2.65,2.89,0.12,-3.96,0.29,3.1,3,0,0
1.64,1.03,0.45,-1.62,-0.55,0.7,-1.62,-0.24,3,0,0
-1.28,-0.26,0.11,-0.82,0.48,0.66,-2.18,-1.53,3,0,0
-2.38,-2.72,2.0,3.08,1.74,1.85,-1.47,-2.56,3,0,0
2.06,0.25,0.91,-0.42,2.19,-1.42,-1.73,0.8,3,0,0
-1.94,-1.11,1.48,1.9,0.53,1.97,0.78,-0.29,3,0,0
0.27,1.1,2.24,-0.21,1.7,0.51,-0.87,0.38,3,0,0
-0.85,-0.61,-2.06,-1.12,-0.53,-1.16,0.42,-0.98,3,0,0
-1.31,-1.37,-1.83,-1.18,-0.61,1.9,1.43,-0.92,3,0,0
-1.05,-2.76,-0.07,3.09,1.4,1.34,3.34,1.03,3,0,0
3.42,1.77,1.48,-0.16,0.16,-0.85,-0.03,2.41,3,0,0
1.53,1.46,-1.85,-0.94,0.08,-0.81,-1.44,-0.24,3,0,0
-2.32,0.33,-1.43,-0.78,0.2,-1.6,-0.11,-1.75,3,0,0
3.7,3.55,3.29,0.31,-1.57,-3.14,-2.67,1.05,3,0,0
-2.18,-0.38,1.93,-0.16,-0.4,1.12,-2.41,-3.44,3,0,0
2.01,0.78,2.65,2.93,0.18,2.12,-0.62,0.56,3,0,0
-2.19,0.85,2.32,-0.62,-0.8,-1.3,-2.39,-2.04,3,0,0
0.54,1.17,3.04,1.7,0.23,-1.58,0.92,0.95,3,0,0
-0.92,-0.38,-2.13,-2.31,0.64,0.18,-1.01,-1.01,3,0,0
1.17,-0.76,-0.18,-0.17,-0.5,-0.57,0.5,0.62,3,0,0
2.64,-0.09,-1.75,0.12,0.27,0.75,0.67,1.31,3,0,0
4.0,0.17,-2.0,0.01,0.0,0.95,1.57,2.47,3,0,0
-1.76,-0.16,0.43,-1.45,3.42,2.82,-2.41,-1.94,3,0,0
-0.84,-0.47,-0.78,-0.47,-1.17,-0.67,1.03,-0.18,3,0,0
1.17,0.85,-0.2,-4.6,2.53,2.74,-2.95,-0.35,3,0,0
-1.11,-1.81,-0.09,2.8,-3.38,-2.1,2.06,-0.15,3,0,0
-0.18,1.43,2.38,-2.63,2.58,1.59,-2.25,-0.63,3,0,0
-0.59,1.21,3.0,-1.39,0.14,-0.02,-2.18,-1.15,3,0,0
0.52,1.45,2.54,-1.68,1.49,-0.24,-2.63,-0.35,3,0,0
2.39,0.85,-0.88,0.64,-1.35,-0.65,0.74,1.68,3,0,0
0.07,0.13,0.78,0.23,-0.34,-0.12,-1.51,-0.81,3,0,0
-0.3,-0.46,1.54,0.96,1.3,1.13,-0.8,-0.94,3,0,0
-1.0,-0.33,0.33,-0.39,-1.15,0.26,-1.73,-1.5,3,0,0
-0.34,2.99,2.91,-0.04,-1.89,-0.73,-2.5,-2.02,3,0,0
-2.51,-0.11,0.72,-0.13,0.38,-0.01,-1.07,-2.17,3,0,0
4.57,1.02,1.13,0.18,1.21,-0.22,-0.41,2.55,3,0,0
-3.25,-0.99,0.52,-2.92,4.1,2.4,-3.5,-3.05,3,0,0
2.39,-0.21,-2.48,0.94,-2.26,1.5,2.27,0.76,3,0,0
4.08,0.18,0.99,1.96,0.88,1.81,3.74,4.53,3,0,0
1.41,-1.41,-0.02,1.94,3.08,3.84,1.98,1.92,3,0,0
3.01,-0.03,0.44,0.66,-1.14,0.11,1.94,3.04,3,0,0
0.85,-0.87,1.43,-0.84,3.4,1.48,-0.51,1.23,3,0,0
-2.45,-2.13,-1.98,0.55,-1.35,-0.28,-1.48,-3.3,3,0,0
3.01,-0.68,-0.8,2.71,-1.83,-0.48,1.83,1.76,3,0,0
-2.13,0.56,0.09,-3.09,1.28,1.57,-0.85,-1.36,3,0,0
-0.18,0.31,-0.21,1.17,-1.38,-1.09,1.5,-0.12,3,0,0
0.79,0.03,0.27,-1.39,2.14,0.91,-0.85,0.73,3,0,0
0.33,1.26,0.28,-0.09,-2.58,-3.23,0.37,0.5,3,0,0
-5.21,-2.48,-4.73,-4.56,-0.07,2.65,0.57,-3.96,3,0,0
-0.42,1.76,3.04,0.6,-0.61,-0.96,0.0,0.43,3,0,0
1.32,-0.77,-2.56,-0.21,-1.62,0.14,1.36,0.53,3,0,0
-1.29,1.22,1.1,-1.96,1.75,-1.67,-0.91,-0.43,3,0,0
-1.16,0.16,0.6,-0.2,1.95,1.6,-1.0,-0.74,3,0,0
1.44,0.5,-0.99,0.8,-0.06,0.82,1.43,0.15,3,0,0
3.05,-0.43,-1.2,1.3,-0.27,0.68,0.83,2.33,3,0,0
0.05,-0.19,-2.26,-0.93,-0.0,-1.46,-0.65,-0.97,3,0,0
-1.7,0.19,-0.26,0.12,-0.22,3.31,0.9,-1.24,3,0,0
4.4,-0.69,-1.12,1.41,-1.45,1.16,2.1,2.98,3,0,0
3.36,0.18,1.51,2.32,-0.28,0.39,-0.22,1.66,3,0,0
-0.75,-0.73,-1.29,0.14,0.36,2.46,0.28,-0.81,3,0,0
0.92,-2.0,2.09,2.94,0.11,2.21,0.13,0.05,3,0,0
4.74,-0.33,0.98,0.24,-0.49,-1.11,1.47,4.25,3,0,0
-2.48,-2.26,0.14,-1.22,0.35,2.74,-2.47,-3.33,3,0,0
-3.54,0.66,0.76,-1.2,3.53,1.24,-2.0,-3.06,3,0,0
1.36,1.56,0.64,-1.38,0.53,-0.14,-1.79,0.07,3,0,0
-1.65,0.78,3.63,1.28,0.12,2.01,-3.1,-2.56,3,0,0
-0.48,2.59,-1.29,-2.5,-2.15,-4.2,-0.97,-1.12,3,0,0
0.7,1.04,0.96,0.34,-0.32,-0.57,-2.21,-1.34,3,0,0
3.76,1.04,1.1,1.4,-0.56,-2.66,1.31,3.82,3,0,0
-1.07,-1.69,-2.76,-1.76,0.65,1.16,-0.27,-1.58,3,0,0
2.35,-2.43,-2.11,-0.28,0.45,2.73,1.51,2.47,3,0,0
3.07,-0.19,0.59,2.57,-3.29,-2.37,4.13,3.81,3,0,0
0.21,-0.79,-0.13,-0.79,-0.41,1.63,0.94,0.73,3,0,0
0.18,-2.88,-0.91,0.79,-0.54,2.47,2.41,0.97,3,0,0
