@relation SyntheticData-N_1200-D_8-Nmin_100-Zmin_0-CL_3_1-R_0
@attribute X0 real [-3.46, 3.74]
@attribute X1 real [-5.45, 5.30]
@attribute X2 real [-4.48, 5.10]
@attribute X3 real [-3.69, 4.00]
@attribute X4 real [-4.61, 5.46]
@attribute X5 real [-5.89, 5.35]
@attribute X6 real [-5.52, 4.26]
@attribute X7 real [-6.43, 5.07]
@attribute cluster_idx {0,1,2,3}
@attribute is_noise {0}
@attribute Class {0,1}
@inputs X0,X1,X2,X3,X4,X5,X6,X7,cluster_idx,is_noise
@output Class
@data
1.5,1.54,-1.26,0.62,1.17,-2.43,0.12,0.32,0,0,1
0.2,-0.63,-3.25,-0.84,2.17,2.27,1.76,1.03,0,0,1
-1.54,1.83,1.26,1.73,0.09,2.93,-3.2,-1.9,0,0,1
0.32,-1.89,-0.21,-1.27,-0.76,1.91,-0.76,1.08,0,0,1
-1.56,2.23,2.51,-0.11,-0.31,2.36,-5.52,-0.93,0,0,1
0.4,2.61,0.68,1.32,1.16,-2.74,-3.09,-1.07,0,0,1
-0.02,-2.48,1.7,-0.85,-3.07,1.61,-4.66,0.39,0,0,1
-0.06,-2.0,0.58,0.78,-1.45,2.61,-1.09,-1.94,0,0,1
-0.03,0.56,-0.63,-0.79,2.65,-2.0,1.84,-0.71,0,0,1
0.14,-2.72,1.37,-2.22,-0.9,1.02,-0.91,-0.2,0,0,1
-0.36,-0.04,0.4,-2.57,0.68,-0.62,-0.94,1.96,0,0,1
-2.13,-2.18,2.04,-1.81,-1.25,2.98,-1.45,-0.53,0,0,1
2.38,0.38,-3.09,-0.16,1.6,-2.11,0.42,2.27,0,0,1
-0.08,-1.18,-0.52,0.43,-1.04,-0.53,4.16,-1.81,0,0,1
0.84,-0.36,-0.44,-0.39,0.98,-1.36,-0.37,0.26,0,0,1
0.95,-2.77,-2.65,-0.32,0.29,0.56,1.9,0.17,0,0,1
1.8,1.37,-1.1,1.41,-2.33,-2.51,-1.43,-0.13,0,0,1
0.76,1.16,1.55,-2.38,-0.28,-2.35,-3.96,2.93,0,0,1
-0.67,1.32,-0.97,1.84,0.61,-0.48,0.28,-2.08,0,0,1
0.39,-2.31,-0.16,-0.8,0.35,1.53,-0.75,0.39,0,0,1
0.59,1.55,-0.47,0.36,0.36,-3.13,0.36,1.02,0,0,1
0.25,2.62,0.22,0.39,1.99,-2.47,-1.24,0.54,0,0,1
-0.08,0.61,-1.58,0.41,0.92,2.45,-0.86,0.3,0,0,1
0.34,2.33,-0.96,2.32,1.65,0.42,-2.83,-1.99,0,0,1
-0.14,-0.61,-0.55,-0.12,-0.25,-1.4,2.53,-1.14,0,0,1
-2.0,0.06,1.34,0.19,-0.52,1.11,-1.32,-2.03,0,0,1
-0.11,1.98,-1.24,2.33,1.39,-0.17,-0.1,-2.07,0,0,1
0.27,0.55,-2.71,-2.07,3.03,-0.88,1.78,2.8,0,0,1
-1.39,-0.96,1.33,0.19,0.59,-0.55,0.6,-1.99,0,0,1
0.86,-0.1,1.21,-0.37,-0.84,-0.66,-2.62,-0.22,0,0,1
1.82,2.23,-2.21,0.02,0.94,-2.82,-0.22,1.97,0,0,1
0.29,-0.55,0.28,0.69,-2.08,1.68,-3.65,-0.25,0,0,1
-0.67,-0.29,1.68,0.28,-2.01,0.91,-1.96,-1.24,0,0,1
0.06,-0.81,0.62,0.44,-2.51,0.54,-1.54,-0.87,0,0,1
1.45,-0.59,-1.15,-1.88,0.81,0.46,-0.97,0.36,1,0,1
-0.81,0.42,-0.16,-1.37,1.48,3.0,0.82,-0.05,1,0,1
2.11,-0.25,-2.52,-0.86,2.87,-0.07,0.48,-1.09,1,0,1
1.08,-0.7,-1.23,-0.86,-1.78,3.32,0.74,1.59,1,0,1
-1.34,0.12,-0.19,-1.0,3.12,2.95,0.2,-3.93,1,0,1
-0.26,-0.46,-0.98,-1.8,2.35,2.6,0.13,-2.33,1,0,1
2.28,0.54,-2.01,-0.77,-2.03,1.78,-2.13,2.24,1,0,1
0.03,-0.56,-0.04,-1.1,0.02,-1.34,0.53,2.27,1,0,1
0.51,0.19,0.75,-0.23,-1.7,2.09,-0.57,1.67,1,0,1
2.18,0.29,-0.69,2.13,-2.57,-1.55,-5.18,-3.09,1,0,1
-0.81,-0.37,0.33,-1.36,2.14,0.47,1.61,-0.18,1,0,1
0.2,0.41,-0.22,0.33,-0.26,0.28,0.16,0.55,1,0,1
-1.95,0.58,1.54,-0.41,2.74,-0.48,-0.27,-2.23,1,0,1
0.18,0.16,0.63,0.23,-1.57,1.16,-1.6,0.0,1,0,1
0.28,-0.19,0.04,-0.83,-3.0,-0.25,0.8,5.07,1,0,1
0.55,-0.12,-2.77,0.41,2.77,-0.22,-0.63,-5.17,1,0,1
2.19,-0.17,0.53,0.72,-3.82,-0.78,-1.56,3.3,1,0,1
-1.33,-0.42,3.0,0.13,-1.43,1.35,2.12,1.57,1,0,1
1.11,0.75,-1.34,1.85,-1.85,-2.39,-2.68,-0.68,1,0,1
0.61,-0.55,-0.3,-0.68,0.29,-0.37,0.26,0.06,1,0,1
-1.93,0.3,2.37,0.55,-1.6,-1.3,1.1,2.21,1,0,1
-0.98,1.1,1.3,1.01,1.0,-0.0,0.75,-0.55,1,0,1
1.58,0.43,-0.28,0.17,-0.59,0.89,-2.54,-1.06,1,0,1
2.74,-0.96,-2.17,-0.78,-0.98,0.08,-1.18,0.49,1,0,1
1.82,0.98,-1.67,0.77,-1.66,-0.44,-0.88,2.11,1,0,1
-0.44,1.27,-0.36,2.03,-0.54,-1.57,-2.07,-2.42,1,0,1
-0.08,1.79,-0.33,0.55,0.07,1.95,-1.3,-0.36,1,0,1
-1.11,-0.9,1.34,1.47,1.21,-3.09,-0.13,-4.32,1,0,1
2.57,-0.06,-3.53,-0.83,1.0,-0.31,-3.03,-2.07,1,0,1
-2.1,0.79,1.8,-0.64,0.27,1.36,1.19,1.92,1,0,1
0.87,-0.46,-1.3,-0.71,-1.26,0.04,-0.17,2.05,1,0,1
-3.46,-0.55,2.78,-0.6,2.27,-0.66,2.4,-1.06,1,0,1
-0.54,-0.41,0.71,-1.02,0.89,1.9,1.33,0.02,1,0,1
-1.33,-0.76,1.16,0.97,-0.13,0.59,0.21,-0.25,2,0,1
0.3,1.4,-0.78,-3.15,-0.88,-4.12,1.48,3.33,2,0,1
0.8,0.32,1.15,-0.15,1.12,0.35,-0.43,-0.3,2,0,1
-0.02,-1.79,3.43,2.64,-0.7,-0.3,-1.31,0.71,2,0,1
1.37,-1.36,-0.87,1.24,1.07,4.07,-1.03,-2.75,2,0,1
-2.46,-1.56,-0.69,2.9,-1.82,0.18,0.74,0.19,2,0,1
0.23,-0.41,-0.24,-0.89,2.0,0.73,-1.96,0.27,2,0,1
-0.98,-0.36,-0.09,0.84,0.56,-0.39,-1.34,0.26,2,0,1
1.95,-0.63,1.9,-0.05,0.4,0.47,-0.15,0.77,2,0,1
0.53,0.88,0.7,1.03,-1.96,-3.18,2.57,-1.19,2,0,1
0.31,-0.92,2.26,0.54,0.37,-2.56,-0.1,-0.85,2,0,1
-1.41,-0.86,0.22,0.81,-0.97,-1.52,0.95,1.24,2,0,1
1.73,-0.17,1.41,-0.33,0.23,-4.1,-1.35,1.11,2,0,1
-2.19,-0.57,0.52,0.69,-0.96,-0.87,3.85,-1.76,2,0,1
2.43,0.33,-2.4,-2.92,4.05,2.4,-3.81,-1.0,2,0,1
-2.11,-1.2,-2.03,2.23,-2.7,-2.38,1.84,0.01,2,0,1
2.22,-0.84,2.49,-0.8,2.41,-0.28,-0.78,-1.79,2,0,1
-1.79,0.9,0.4,0.76,-1.32,-2.66,3.12,-2.24,2,0,1
-0.84,0.47,-0.26,-0.3,-0.26,2.65,1.63,0.33,2,0,1
-2.32,0.14,-0.44,0.21,0.35,2.11,1.29,-1.2,2,0,1
1.18,0.7,-1.47,-3.69,3.87,4.17,-3.69,2.23,2,0,1
2.91,-1.56,3.1,1.13,1.1,2.88,0.66,-3.1,2,0,1
0.42,-0.96,3.8,-0.01,1.69,-1.62,-0.05,-1.49,2,0,1
1.07,0.54,1.27,-0.39,0.41,-1.49,-0.94,0.52,2,0,1
0.59,0.25,0.48,1.08,-0.82,-2.23,0.23,0.97,2,0,1
-0.74,-0.65,-1.17,0.95,-0.8,0.2,-0.25,1.39,2,0,1
0.97,2.67,-0.14,-1.09,-0.52,-0.42,1.96,-1.59,2,0,1
-2.44,-0.6,-1.78,1.47,-1.41,1.87,2.33,-0.92,2,0,1
-1.69,-1.52,0.27,0.81,0.37,-0.9,0.08,-0.82,2,0,1
0.15,0.61,0.62,0.77,-1.53,-1.41,2.79,-1.46,2,0,1
0.27,1.23,-2.39,0.16,-0.88,-0.78,0.64,-1.99,2,0,1
0.42,0.53,1.19,-1.33,1.22,-1.68,-0.66,-0.65,2,0,1
-0.46,1.06,-0.14,-0.44,-0.55,1.01,0.66,2.49,2,0,1
0.22,-0.65,0.81,1.25,3.04,1.43,-0.74,-3.6,3,0,0
-1.04,-2.47,-0.82,0.69,2.38,0.89,-0.82,-1.72,3,0,0
-1.89,-0.72,-1.37,-1.47,-0.25,0.19,1.87,1.81,3,0,0
0.48,1.01,2.27,-0.72,-1.22,-2.33,2.46,3.14,3,0,0
-0.63,-0.06,-0.46,-0.27,0.13,2.32,0.99,2.06,3,0,0
-1.35,-1.22,-0.37,0.22,2.06,2.99,-0.23,-1.17,3,0,0
0.09,1.79,2.39,0.73,1.55,-1.9,1.23,-0.68,3,0,0
-0.88,0.79,-0.02,0.34,1.08,0.78,0.23,-0.19,3,0,0
-0.69,-0.33,0.36,-0.86,2.02,0.09,2.92,2.34,3,0,0
1.69,0.33,-0.21,-0.09,-1.18,-4.14,0.11,-1.66,3,0,0
1.65,1.8,-1.3,-0.61,-1.24,-2.89,0.94,-0.69,3,0,0
-0.22,0.5,-0.64,0.5,-0.81,-1.05,-0.23,0.82,3,0,0
3.44,3.95,-0.0,0.24,-1.41,1.08,0.7,-2.03,3,0,0
-1.25,2.29,-0.26,0.25,0.65,-1.6,0.97,0.4,3,0,0
1.71,0.35,0.61,0.04,1.21,-2.46,1.5,-0.87,3,0,0
3.09,1.83,-0.82,-0.88,-0.06,-0.91,2.26,-1.0,3,0,0
-2.42,-1.49,0.45,0.35,1.32,1.34,-0.01,0.5,3,0,0
-1.44,0.69,1.8,0.63,0.66,0.87,1.09,2.88,3,0,0
0.56,0.4,1.52,0.12,-0.58,-0.21,1.01,2.04,3,0,0
1.63,2.17,2.02,2.8,-0.27,0.38,-1.84,-0.94,3,0,0
-0.3,-1.25,-0.88,-0.3,-0.62,-2.31,0.09,0.2,3,0,0
-0.87,-1.07,0.63,-0.13,0.08,-0.47,1.16,1.82,3,0,0
-0.07,0.01,-0.34,-0.53,2.52,2.92,1.64,-0.97,3,0,0
1.52,1.55,0.32,-0.25,-3.02,-2.09,1.14,3.4,3,0,0
1.78,-0.56,-0.69,-1.56,3.05,-1.57,3.57,-1.52,3,0,0
1.29,0.01,0.62,2.71,2.55,1.02,-2.62,-5.0,3,0,0
1.72,1.81,-0.86,-1.1,-0.18,-1.08,2.21,-0.91,3,0,0
0.0,0.52,0.08,-0.27,-2.2,-0.86,0.15,1.69,3,0,0
-1.18,-0.87,1.62,0.06,0.65,0.16,0.87,1.21,3,0,0
-0.32,0.27,1.82,0.76,1.93,-1.98,1.4,1.02,3,0,0
-0.16,0.92,0.25,-0.68,-1.72,-0.0,1.11,1.73,3,0,0
0.03,-0.54,0.4,0.11,1.44,-0.84,0.99,0.28,3,0,0
-2.68,-1.62,3.62,2.18,1.14,-1.46,-1.72,0.13,3,0,0
3.47,1.36,-0.46,-1.65,-0.82,-0.98,3.33,-0.07,3,0,0
2.0,1.61,0.38,0.9,0.96,0.68,0.23,-2.12,3,0,0
2.04,0.92,2.27,1.16,0.45,-0.51,0.0,-1.4,3,0,0
0.33,0.26,-2.32,-0.45,-0.03,1.98,-0.02,-1.26,3,0,0
1.17,1.39,2.19,1.45,1.04,-1.37,-0.05,-0.84,3,0,0
-2.2,-2.6,-0.22,0.17,2.38,0.72,0.27,0.22,3,0,0
-2.43,-1.21,-0.53,0.66,0.2,3.31,-1.42,0.09,3,0,0
-0.06,-0.92,-0.8,0.25,0.24,0.77,-0.75,-1.81,3,0,0
0.77,-0.48,-0.4,0.77,-1.34,0.19,-1.41,-0.85,3,0,0
0.22,1.33,-1.62,-0.47,-1.43,2.22,0.05,-0.66,3,0,0
-1.53,0.67,0.89,1.53,0.13,1.46,-1.53,0.21,3,0,0
0.66,-0.4,0.63,1.64,0.25,0.59,-1.75,-1.37,3,0,0
-0.19,-0.11,-1.69,-0.14,-0.06,-0.55,0.49,1.39,3,0,0
-0.68,-0.13,0.36,2.77,0.87,-1.01,-4.37,-5.93,3,0,0
0.65,0.1,0.17,-0.06,0.36,1.98,0.49,-0.25,3,0,0
0.4,0.62,-4.26,-2.37,-0.98,-1.59,2.2,0.33,3,0,0
0.49,-1.22,0.57,0.39,-0.42,-0.81,-0.08,0.23,3,0,0
0.67,2.95,-0.01,1.12,0.25,-0.76,-0.61,-2.0,3,0,0
1.15,-0.19,-0.05,0.21,0.51,-0.23,-0.19,-3.02,3,0,0
-1.35,-0.55,-0.78,-1.68,1.56,0.31,3.08,1.69,3,0,0
0.12,1.51,-0.97,-0.37,-0.45,0.08,1.55,2.3,3,0,0
-0.78,-1.15,-2.75,-0.84,-0.17,-0.44,-0.04,-1.45,3,0,0
-1.36,0.54,-1.06,0.86,-0.6,-0.11,-1.48,-0.36,3,0,0
-1.05,0.06,-1.75,-1.05,2.24,1.64,2.02,-0.3,3,0,0
1.47,0.42,2.95,1.06,-0.54,-0.69,-0.31,-0.63,3,0,0
-1.29,-0.14,-0.38,0.8,2.94,2.09,-0.04,-1.74,3,0,0
0.67,2.77,1.73,1.73,-0.8,0.78,-1.09,-0.49,3,0,0
-0.62,0.0,1.52,-0.09,0.61,0.06,1.81,2.03,3,0,0
0.49,-0.51,-2.35,-0.77,0.94,0.74,0.97,-1.6,3,0,0
-0.99,-1.64,-0.35,0.74,1.56,1.56,-0.9,-1.16,3,0,0
-1.41,-1.61,0.58,-0.07,1.57,-1.26,0.43,-1.1,3,0,0
-0.02,-1.85,-0.33,0.25,1.4,-0.73,0.66,1.32,3,0,0
-0.74,-1.35,2.09,0.73,-0.65,1.76,-0.83,0.9,3,0,0
0.11,-0.03,-0.88,-0.19,-0.25,0.33,0.1,-0.32,3,0,0
0.76,2.56,1.02,0.52,-0.76,-0.72,0.99,2.19,3,0,0
-1.07,-2.04,-1.35,-1.02,0.75,-0.33,1.26,-0.03,3,0,0
0.26,1.26,0.2,0.99,1.24,0.98,0.16,-0.84,3,0,0
-1.16,-1.29,-0.39,0.73,2.27,0.34,-0.45,-1.12,3,0,0
0.49,1.31,1.07,-0.27,-1.06,-0.87,1.06,0.17,3,0,0
-1.91,-1.47,-1.26,-1.17,2.01,-0.6,2.55,1.89,3,0,0
0.13,0.86,-2.16,-1.31,-2.09,0.84,0.72,0.06,3,0,0
0.78,1.29,-1.99,0.72,-0.83,-1.07,-1.6,-2.48,3,0,0
0.65,0.55,3.34,2.13,0.33,-1.95,-1.12,-0.99,3,0,0
1.61,3.43,1.84,1.42,-2.55,0.35,-0.43,2.23,3,0,0
0.5,0.97,0.24,0.27,1.82,-1.05,0.58,-2.2,3,0,0
-0.43,-0.07,0.63,2.17,0.4,2.3,-2.72,-1.79,3,0,0
-1.49,-0.8,-0.58,0.7,1.2,-1.24,-1.08,-1.77,3,0,0
1.27,0.5,-0.5,1.04,-1.39,1.36,-1.67,-1.07,3,0,0
0.47,1.49,-0.7,-0.01,-0.2,0.16,0.73,1.0,3,0,0
-0.24,0.65,1.06,0.55,1.2,-2.62,0.81,-0.78,3,0,0
0.48,0.32,2.36,0.08,-0.2,-3.48,1.68,1.37,3,0,0
-0.9,-0.46,1.24,0.82,-1.31,0.39,-0.85,1.17,3,0,0
3.11,4.82,0.71,0.57,-2.79,-0.47,-0.08,-1.84,3,0,0
-0.52,0.71,2.42,1.2,1.94,-0.85,0.8,-0.57,3,0,0
-0.05,-1.95,-0.28,0.88,1.54,-0.18,-0.59,-0.86,3,0,0
-0.63,-1.39,-1.71,-0.19,0.43,4.04,-0.6,-0.75,3,0,0
-2.15,-2.3,0.06,0.36,0.37,2.97,-0.24,2.89,3,0,0
0.17,-0.76,-0.97,0.84,-0.05,0.42,-1.8,-1.55,3,0,0
0.25,-1.68,1.13,0.26,5.46,-3.11,2.22,-1.92,3,0,0
1.63,-0.89,-0.22,2.35,1.56,-0.31,-2.78,-4.67,3,0,0
-0.72,0.01,1.22,1.62,1.65,-3.56,-0.69,-1.48,3,0,0
-0.2,-2.69,-0.88,0.0,4.03,-1.62,0.5,-3.13,3,0,0
1.28,-1.3,-2.36,-0.35,2.27,1.9,0.28,-3.41,3,0,0
-0.59,-0.97,1.0,-0.04,1.39,-3.79,1.44,0.58,3,0,0
-1.67,-0.37,0.92,-0.21,-1.99,-2.04,0.14,2.37,3,0,0
-0.23,2.61,2.49,1.52,-1.04,0.31,-0.73,1.02,3,0,0
-0.23,1.55,0.7,0.85,2.59,-0.4,0.63,-1.95,3,0,0
0.73,1.23,0.8,-0.66,0.61,-2.62,2.19,-0.25,3,0,0
1.77,3.06,0.16,-0.23,-1.92,0.26,0.72,-0.38,3,0,0
1.89,2.65,-2.11,-0.5,-1.87,0.93,0.79,-0.06,3,0,0
-0.56,0.24,1.69,1.52,-0.29,2.0,-1.71,-0.87,3,0,0
3.24,1.26,-1.35,0.51,-2.66,4.11,-0.92,-0.23,3,0,0
-1.55,-2.62,-2.77,-0.99,0.71,2.56,0.12,0.13,3,0,0
1.74,2.05,-0.4,-0.65,-2.52,-1.09,0.7,-0.08,3,0,0
0.29,-2.79,-0.61,0.56,0.63,-1.72,-1.53,-2.58,3,0,0
1.11,0.62,-0.43,-1.16,-0.96,-0.17,1.6,0.58,3,0,0
1.17,2.09,0.26,0.16,1.52,-1.85,0.88,-2.93,3,0,0
0.21,0.78,3.33,1.87,3.39,-0.82,0.55,-1.65,3,0,0
0.25,-0.64,0.99,0.82,-1.29,1.21,-1.14,0.78,3,0,0
-1.13,-0.15,-3.5,-0.97,0.14,1.97,0.55,0.11,3,0,0
2.22,1.83,1.13,-0.69,-1.99,-2.63,1.84,0.49,3,0,0
-1.29,-0.9,0.28,0.82,-0.12,3.39,-1.74,-1.14,3,0,0
0.13,-1.01,-1.63,-0.96,0.92,-1.7,1.21,-1.2,3,0,0
-0.34,2.07,0.31,0.11,0.9,-0.13,1.37,0.58,3,0,0
0.06,-0.72,-0.34,0.39,-1.42,-0.17,-0.31,2.5,3,0,0
2.05,2.04,0.55,-0.44,-0.48,-1.61,1.5,-1.14,3,0,0
0.14,-0.91,1.32,-0.3,1.92,0.01,2.26,1.37,3,0,0
-1.27,1.06,1.65,0.7,0.53,-0.87,0.61,1.09,3,0,0
0.45,-0.65,1.57,0.44,-0.29,-0.16,0.31,0.95,3,0,0
1.81,1.89,0.82,0.9,-2.85,-1.61,-0.51,1.69,3,0,0
2.41,1.49,-2.62,-0.33,-2.78,1.26,-0.68,-1.49,3,0,0
1.91,3.94,0.18,0.66,-2.21,0.68,-0.8,-1.86,3,0,0
-1.85,0.13,0.99,1.11,3.76,-1.38,0.03,-3.18,3,0,0
-1.6,-1.77,-2.53,1.45,1.77,1.89,-2.56,-1.97,3,0,0
-0.01,-1.71,-1.06,0.3,0.24,-1.26,-0.37,-0.13,3,0,0
1.4,1.96,1.2,2.13,0.53,-1.87,-1.37,-2.65,3,0,0
1.26,2.12,-1.02,-1.09,1.36,-0.32,3.31,0.02,3,0,0
0.45,1.66,-1.96,-1.39,-2.41,1.92,1.67,2.42,3,0,0
-0.26,1.68,-0.9,0.12,-0.56,2.33,0.09,-0.66,3,0,0
-0.31,1.14,-0.54,0.75,1.93,1.51,-0.4,-2.46,3,0,0
1.37,0.34,-2.22,-0.1,1.11,0.32,0.04,-3.21,3,0,0
-1.0,1.57,0.82,0.01,0.76,-1.16,1.86,2.03,3,0,0
-0.65,0.63,1.32,0.8,0.9,-0.2,0.89,2.13,3,0,0
1.08,0.93,0.07,1.31,-1.45,0.14,-1.68,-1.55,3,0,0
-0.34,1.47,-0.06,0.64,-0.34,1.07,-0.13,0.43,3,0,0
-0.76,-2.5,-0.16,-0.73,1.79,-0.78,0.88,-1.11,3,0,0
-1.54,-0.34,0.87,-0.23,-0.51,-0.06,1.35,4.07,3,0,0
1.48,-0.47,1.02,0.29,2.88,3.13,1.3,-1.55,3,0,0
-0.86,-1.83,-0.01,-0.7,0.77,-0.96,0.94,-0.08,3,0,0
1.57,2.3,3.7,0.87,1.14,0.19,1.78,0.01,3,0,0
-0.18,1.17,-1.1,0.07,-1.24,0.42,-0.38,-0.09,3,0,0
-3.31,-5.45,-1.04,0.11,4.3,1.42,0.65,1.9,3,0,0
1.62,0.54,1.53,0.8,1.07,-1.97,0.32,-1.95,3,0,0
1.09,-0.38,-1.84,-1.45,0.96,-1.45,2.62,-0.23,3,0,0
-0.14,2.29,0.6,2.05,-3.17,2.61,-3.42,-0.68,3,0,0
0.58,0.41,0.04,-0.13,1.01,-0.21,1.16,-0.19,3,0,0
1.57,-0.79,-1.2,0.58,0.78,-1.64,-0.55,-2.39,3,0,0
-0.07,1.17,0.11,0.94,1.43,2.67,-0.71,-3.08,3,0,0
2.02,0.83,1.25,0.5,-0.28,-1.78,0.41,-1.22,3,0,0
-1.11,-2.67,-0.22,-1.4,1.65,-2.19,1.95,-0.39,3,0,0
1.96,2.86,0.74,1.05,-2.62,0.27,-0.96,0.07,3,0,0
-1.15,-3.51,1.69,1.49,3.43,3.48,-0.78,-0.65,3,0,0
1.99,0.46,-2.04,-0.44,0.4,-0.14,0.7,-2.31,3,0,0
0.24,0.43,2.23,1.61,0.28,-2.28,-1.04,-1.04,3,0,0
0.33,0.53,1.03,-1.08,-0.93,-2.48,2.57,2.42,3,0,0
1.37,1.3,0.65,1.77,2.97,0.17,-0.95,-4.4,3,0,0
0.4,-0.8,-0.89,-1.38,0.13,-0.24,1.81,0.19,3,0,0
-0.49,-0.02,1.75,1.24,-0.15,0.36,-0.78,1.05,3,0,0
-0.61,-0.08,0.14,-0.23,1.58,0.65,1.34,0.24,3,0,0
1.3,0.03,0.11,-0.45,1.38,0.88,1.45,-1.83,3,0,0
-0.36,0.18,0.35,-0.48,0.89,-3.81,2.6,2.0,3,0,0
-0.12,0.81,-0.47,0.58,0.81,2.03,0.34,1.53,3,0,0
1.37,2.33,1.8,0.74,-0.96,1.74,0.21,-0.63,3,0,0
-1.11,0.29,-1.65,-0.58,0.3,-0.26,0.3,-1.09,3,0,0
0.52,-0.48,0.84,0.38,0.15,0.75,0.35,-0.06,3,0,0
2.19,3.74,0.2,0.99,-0.2,-0.1,0.09,-1.53,3,0,0
1.61,0.81,2.17,1.41,0.4,-1.11,-0.55,-2.22,3,0,0
1.22,2.89,1.59,1.73,-3.28,0.91,-1.88,0.49,3,0,0
1.62,0.91,-1.23,0.41,-0.63,-0.42,-0.65,-1.27,3,0,0
0.83,-0.34,0.61,-0.7,1.05,1.61,2.03,0.26,3,0,0
0.42,1.34,-2.2,-0.68,0.14,0.04,0.24,-2.47,3,0,0
2.09,2.88,-0.85,-0.17,-1.55,0.68,0.78,-0.16,3,0,0
-0.35,-0.77,-1.04,-1.33,3.19,1.29,2.88,-0.53,3,0,0
-0.56,-0.05,-1.32,-0.04,-1.04,-0.47,-0.64,0.01,3,0,0
1.48,0.51,0.82,0.1,-0.13,0.09,1.08,0.75,3,0,0
1.5,-0.19,-0.89,-0.22,0.43,-1.44,0.55,-1.69,3,0,0
1.11,2.11,2.0,1.26,0.41,-3.14,-0.03,-2.02,3,0,0
-0.78,-1.65,0.68,1.06,2.25,1.31,-0.83,-1.39,3,0,0
0.04,0.99,-0.95,0.58,0.78,0.9,-0.16,-1.34,3,0,0
0.45,1.43,2.64,0.95,-0.62,1.11,-0.0,0.17,3,0,0
0.02,-1.08,2.35,1.23,3.94,0.26,0.28,-2.9,3,0,0
-0.07,-0.19,-3.06,-2.84,1.0,-1.64,4.26,1.26,3,0,0
-0.0,-1.09,-0.08,0.04,0.22,-1.03,0.5,1.01,3,0,0
0.03,0.97,1.24,-0.97,-4.49,0.23,0.58,2.77,3,0,0
0.5,1.27,2.94,2.57,0.63,-0.74,-1.67,-1.39,3,0,0
1.58,1.14,-0.49,1.54,-0.24,2.02,-1.4,-1.02,3,0,0
3.09,1.51,1.17,1.67,-3.69,1.48,-1.81,0.7,3,0,0
2.28,1.86,2.8,0.9,-2.28,-4.28,0.62,1.69,3,0,0
1.64,2.59,3.01,0.74,-0.43,0.17,1.52,1.65,3,0,0
-0.18,0.83,2.29,1.64,1.66,3.3,-0.6,-1.02,3,0,0
-0.18,-1.0,0.11,1.65,1.37,0.18,-1.62,-1.23,3,0,0
2.1,1.23,-0.13,0.32,-3.1,-1.93,-0.82,-0.66,3,0,0
1.41,0.73,1.22,1.17,-0.09,-0.14,-0.6,-1.31,3,0,0
0.74,0.62,-0.04,1.59,-0.08,-0.43,-1.31,-1.16,3,0,0
-0.31,1.5,1.79,1.69,-0.01,0.75,-1.25,-0.53,3,0,0
2.45,2.19,-3.09,0.06,0.74,3.19,-0.24,-3.55,3,0,0
-0.26,-0.17,-0.12,-0.24,1.11,0.17,0.76,-1.2,3,0,0
1.46,1.8,-0.62,-0.76,0.66,-2.39,2.39,0.04,3,0,0
-0.22,3.27,2.34,-0.1,-0.07,-0.25,2.25,2.1,3,0,0
0.77,-0.3,1.67,2.53,4.16,1.92,-1.37,-3.9,3,0,0
-1.03,-1.75,-1.25,-0.2,1.27,-1.74,0.18,-0.79,3,0,0
-0.5,0.07,-2.38,-1.22,-2.37,0.85,0.83,2.09,3,0,0
-0.46,-0.36,0.4,1.18,-0.47,-3.32,-0.92,0.87,3,0,0
0.47,2.81,0.62,-0.14,-0.76,1.92,0.94,0.78,3,0,0
1.48,0.21,-0.41,-0.37,-1.55,-0.08,0.37,-0.36,3,0,0
-0.39,0.4,-0.04,-0.44,-1.03,-1.73,1.3,2.84,3,0,0
1.9,0.12,-2.48,-1.3,-0.81,-0.58,1.6,-0.02,3,0,0
0.8,0.63,-0.34,1.05,-0.01,2.64,-0.62,0.12,3,0,0
1.01,0.31,-1.27,0.21,0.66,0.9,-0.47,-2.98,3,0,0
-1.06,0.23,-3.93,-3.01,-2.98,0.71,2.78,3.79,3,0,0
0.04,1.23,0.31,0.72,-0.69,0.14,-0.69,-0.63,3,0,0
-2.32,-1.46,2.62,2.43,0.75,-0.82,-2.19,0.86,3,0,0
1.46,1.44,0.2,0.12,-3.04,4.86,-0.06,1.9,3,0,0
-0.34,0.38,1.19,1.01,-0.45,1.74,-0.42,1.55,3,0,0
-0.81,1.16,-0.55,-0.5,-1.83,0.94,0.67,2.38,3,0,0
0.38,-0.72,0.79,1.13,1.61,-0.98,-0.86,-2.2,3,0,0
1.24,-0.2,-1.46,-0.61,0.01,-1.8,1.02,-0.84,3,0,0
0.08,1.75,-1.46,-1.0,-0.47,1.52,1.33,-0.38,3,0,0
1.49,1.49,-1.62,-0.63,-1.74,3.04,0.54,0.23,3,0,0
0.44,-0.47,-1.72,-0.1,-1.23,-0.58,-0.72,-1.19,3,0,0
0.57,0.14,1.81,1.51,-1.59,-0.04,-2.16,-1.18,3,0,0
0.4,1.58,0.09,-0.08,-1.9,0.67,0.12,0.02,3,0,0
-0.43,-0.03,-1.78,-1.44,-0.81,-0.69,1.76,0.93,3,0,0
1.79,0.1,-1.58,0.25,0.74,1.77,-0.24,-3.02,3,0,0
1.22,-0.74,0.12,-0.79,-0.11,-1.58,1.35,-1.11,3,0,0
0.47,1.23,2.34,2.04,-2.41,1.27,-2.05,1.61,3,0,0
-0.35,-0.14,-1.36,1.47,-0.13,4.11,-1.95,0.12,3,0,0
-2.84,-2.62,-1.54,0.39,2.49,-0.62,-0.56,-0.22,3,0,0
-1.5,1.07,1.6,1.74,-1.76,4.82,-2.3,1.93,3,0,0
0.43,1.55,0.64,0.01,-0.22,0.28,0.94,-0.0,3,0,0
0.87,3.38,-0.29,0.09,-2.11,-0.35,0.32,-0.12,3,0,0
1.66,1.08,2.76,1.91,-0.87,-0.19,-1.56,-1.09,3,0,0
0.38,1.27,1.25,1.64,-1.34,0.39,-1.62,0.4,3,0,0
-0.58,0.75,0.93,0.25,0.63,0.99,0.72,-0.07,3,0,0
0.03,-0.5,0.71,-0.91,-0.94,-2.09,1.8,1.55,3,0,0
0.32,-1.44,0.48,-0.96,0.02,0.74,1.89,1.84,3,0,0
0.03,1.3,0.52,1.3,-0.16,0.98,-0.53,0.35,3,0,0
-0.15,0.08,0.92,0.74,-0.1,0.54,-0.43,-0.5,3,0,0
-0.73,-1.73,1.13,0.19,2.04,0.0,0.72,-0.12,3,0,0
0.34,-0.99,-1.16,0.43,-0.41,-2.0,-0.52,-0.45,3,0,0
0.37,0.11,3.74,3.82,1.37,-0.25,-2.89,-1.49,3,0,0
2.43,1.92,1.82,1.64,-1.92,0.11,-1.59,-1.41,3,0,0
0.63,2.82,0.95,0.1,-2.74,1.39,0.32,1.88,3,0,0
-1.46,-2.33,1.41,0.84,1.43,-1.25,-0.33,0.84,3,0,0
0.31,-0.71,-1.23,-0.49,1.16,-1.31,1.43,-0.02,3,0,0
-0.55,0.54,-0.65,0.1,1.07,2.15,0.12,-1.15,3,0,0
-1.42,-3.11,-0.96,0.52,3.8,2.52,-0.3,-1.54,3,0,0
-0.42,2.57,3.8,2.02,-0.51,-0.2,-0.76,0.81,3,0,0
-0.32,-0.74,-0.82,-0.46,-1.51,1.57,-0.23,0.58,3,0,0
-0.02,-0.48,-0.3,1.0,0.07,0.3,-1.05,-0.73,3,0,0
-1.33,-1.77,-0.96,-0.47,0.26,-1.37,0.39,0.14,3,0,0
1.2,-1.27,0.1,0.31,1.14,0.15,0.36,-0.7,3,0,0
1.55,0.16,-0.9,0.14,-0.26,-0.25,-0.37,-1.94,3,0,0
-1.56,-3.7,-0.41,-0.65,1.21,0.03,0.14,-0.87,3,0,0
-1.05,-0.56,-0.36,-0.14,0.12,1.96,-0.07,-0.26,3,0,0
-0.53,-2.36,-0.81,0.12,4.1,0.38,0.94,-1.45,3,0,0
1.72,1.28,-0.86,1.05,1.52,1.69,-1.0,-4.88,3,0,0
0.26,-1.97,-1.18,0.54,2.49,-1.53,0.25,-1.53,3,0,0
0.93,0.91,-1.68,-0.33,-0.48,-2.45,0.08,-1.86,3,0,0
-1.42,-0.69,-1.28,0.77,-0.23,2.61,-1.56,0.84,3,0,0
-0.26,-0.67,-0.06,0.62,0.2,2.84,-1.04,-1.17,3,0,0
-0.18,0.71,3.14,1.13,-2.08,-0.27,-1.21,0.13,3,0,0
-1.97,-1.28,-0.54,0.67,0.64,0.93,-0.57,1.2,3,0,0
-1.01,-0.96,-1.9,0.59,-0.4,0.57,-1.7,-0.71,3,0,0
-0.61,0.14,1.64,0.43,3.3,-4.5,1.95,-1.48,3,0,0
-0.15,0.16,-3.3,-3.0,1.16,-1.54,3.83,-0.53,3,0,0
-0.75,-0.58,0.54,0.05,0.49,-2.44,1.02,1.96,3,0,0
-0.15,-0.41,-0.19,0.65,0.62,0.08,-0.37,-0.01,3,0,0
-0.12,2.01,-0.88,-0.03,-0.78,-0.1,0.13,-0.58,3,0,0
0.09,-0.72,-0.67,-0.49,1.12,-0.25,1.2,-0.09,3,0,0
0.82,1.54,0.18,1.53,-2.05,1.25,-2.25,-0.77,3,0,0
-1.82,-0.8,-0.14,-1.05,-2.12,-1.77,1.33,3.14,3,0,0
-0.6,1.44,-0.78,0.76,0.21,-0.03,-0.59,-0.64,3,0,0
-0.99,-1.62,-3.36,-1.27,2.51,-2.61,1.98,-0.66,3,0,0
-1.47,-2.01,-1.53,-1.08,0.11,-1.69,1.52,2.31,3,0,0
1.79,1.06,-0.4,-0.53,-1.33,-1.87,0.73,-0.94,3,0,0
0.13,-0.6,-1.07,0.21,1.85,1.0,0.55,-0.42,3,0,0
-1.42,-2.61,-1.77,-0.71,2.73,2.02,0.69,-1.82,3,0,0
0.59,1.66,-0.75,-0.42,-0.51,1.46,1.07,0.06,3,0,0
0.28,-0.84,-1.27,-0.41,2.75,-1.97,1.54,-1.48,3,0,0
0.23,-0.57,0.44,-0.16,-0.67,2.54,0.47,0.93,3,0,0
-2.26,-1.04,-3.37,-2.97,0.54,0.23,3.26,2.06,3,0,0
1.33,-1.09,-1.17,-0.68,-1.38,1.44,1.06,1.93,3,0,0
0.42,-0.44,-1.05,-0.79,-1.35,-1.29,1.24,1.77,3,0,0
0.71,0.48,-0.48,-0.17,0.19,1.54,0.94,0.18,3,0,0
-0.95,-0.6,-1.19,-1.39,1.49,3.38,2.39,1.26,3,0,0
0.61,-0.49,-0.33,-1.59,1.54,0.82,2.89,0.36,3,0,0
1.28,2.1,1.36,2.02,-0.08,0.01,-1.8,-2.11,3,0,0
1.24,1.85,0.16,1.21,1.06,-0.18,-0.96,-3.55,3,0,0
-0.68,-2.1,0.3,0.03,1.64,-3.17,0.98,0.31,3,0,0
1.24,1.51,1.15,0.01,0.61,-2.17,1.47,0.08,3,0,0
-1.82,1.32,1.34,0.27,1.36,0.82,1.67,3.08,3,0,0
0.37,-0.92,0.44,0.64,1.72,0.76,0.04,-1.16,3,0,0
1.75,1.75,2.36,1.98,1.11,0.89,-0.21,-0.14,3,0,0
-1.08,-1.74,-0.32,0.08,2.26,3.5,0.39,-0.26,3,0,0
0.15,-0.45,2.73,1.73,0.5,0.34,-1.31,-1.59,3,0,0
0.49,0.39,-1.3,1.31,0.55,4.29,-2.46,-3.61,3,0,0
1.61,2.2,2.3,1.72,1.18,1.83,-0.52,-1.99,3,0,0
-0.57,-0.85,-3.36,-1.67,2.32,0.52,2.09,-1.05,3,0,0
1.32,1.36,-1.19,-0.41,0.52,0.92,1.18,-1.05,3,0,0
0.44,-0.11,-0.64,-0.45,-1.87,-1.46,-0.17,-0.37,3,0,0
-0.28,-1.89,0.29,-0.03,3.5,1.04,1.18,-2.04,3,0,0
0.21,0.78,0.93,0.17,-0.79,-1.0,0.7,1.12,3,0,0
0.62,-0.2,3.49,2.44,2.06,2.21,-1.48,-1.76,3,0,0
1.03,0.02,3.33,2.2,2.96,1.96,-0.75,-2.38,3,0,0
1.39,3.04,0.34,0.23,-0.81,-3.56,1.11,-0.26,3,0,0
0.84,2.08,1.96,0.36,-1.54,-2.51,0.69,1.08,3,0,0
0.4,3.54,1.17,-0.04,-3.91,0.53,0.4,2.69,3,0,0
-0.79,-0.77,-1.37,-1.37,0.38,-1.76,2.14,1.29,3,0,0
-0.48,-0.08,-0.89,0.76,-1.29,2.73,-1.8,-0.28,3,0,0
1.62,-0.54,-2.69,-0.61,0.62,1.22,0.24,-3.18,3,0,0
-0.99,-1.11,-1.59,-1.77,0.42,-0.62,2.56,1.5,3,0,0
0.01,0.51,-2.25,-1.64,-1.18,1.53,2.09,1.82,3,0,0
-1.44,-1.9,-2.0,-1.75,-0.19,0.13,1.92,1.9,3,0,0
-0.01,0.31,2.75,2.1,0.55,0.81,-1.22,0.44,3,0,0
-0.24,0.8,2.47,1.9,0.93,0.7,-0.5,0.45,3,0,0
0.22,0.5,2.3,1.96,3.31,1.36,-0.81,-2.97,3,0,0
-0.7,0.23,-1.81,-0.18,0.79,2.98,0.61,0.84,3,0,0
0.31,1.43,-0.56,0.06,-0.98,3.55,0.35,1.2,3,0,0
0.7,0.95,-0.71,0.19,-1.63,0.85,-0.45,-0.02,3,0,0
0.81,3.49,2.51,0.65,-0.92,-1.17,1.6,2.67,3,0,0
2.2,2.5,-1.47,-0.73,1.13,0.47,2.12,-1.84,3,0,0
-0.45,-0.74,-1.47,-0.91,0.59,0.12,1.05,-0.38,3,0,0
0.1,1.36,1.83,1.79,-0.12,-0.49,-0.64,0.91,3,0,0
-0.85,-0.35,-0.39,0.41,1.84,1.01,0.3,-0.3,3,0,0
-1.31,-2.2,-0.26,1.07,2.8,2.07,-0.87,-1.2,3,0,0
1.54,0.08,-1.67,-0.56,0.52,0.22,1.16,-1.37,3,0,0
-1.57,-3.42,-1.78,-1.66,2.17,-2.91,2.14,0.18,3,0,0
0.44,-0.79,0.38,1.44,0.87,0.09,-1.37,-1.49,3,0,0
0.48,1.05,-1.35,-0.12,-3.17,0.9,-1.02,-0.69,3,0,0
-0.53,-1.09,2.97,1.17,2.8,0.63,0.44,-0.62,3,0,0
-1.59,-1.44,-2.9,-0.68,1.34,-1.03,0.43,-1.13,3,0,0
2.32,-0.58,-0.11,0.84,1.17,-1.77,-0.75,-3.67,3,0,0
-0.36,-1.41,-0.45,-0.63,1.06,0.67,1.07,0.4,3,0,0
0.61,2.0,-0.46,0.38,-1.95,0.5,-0.8,-0.86,3,0,0
0.55,-1.44,0.76,0.35,1.03,-0.2,0.12,-1.64,3,0,0
0.86,2.09,-0.16,0.15,0.43,1.24,1.08,0.32,3,0,0
1.47,0.25,0.63,-0.49,0.11,3.51,1.79,0.81,3,0,0
0.3,-0.32,-2.79,-1.5,-0.88,0.02,1.8,1.45,3,0,0
0.76,0.37,-0.51,1.86,-0.07,0.54,-2.25,-2.19,3,0,0
-0.21,0.84,-0.13,0.03,-1.57,-0.43,0.2,0.73,3,0,0
-1.13,-1.63,0.29,1.31,2.53,-0.3,-0.3,0.04,3,0,0
0.44,1.24,-0.91,-0.2,-0.26,2.19,0.19,-1.62,3,0,0
-0.25,-1.89,-1.3,-0.02,2.65,0.37,0.16,-2.62,3,0,0
1.02,1.98,-1.62,-0.14,-1.82,1.22,-0.67,-1.46,3,0,0
-0.08,-0.32,-1.53,-1.77,-1.87,0.59,1.46,1.59,3,0,0
-0.22,1.46,2.1,2.44,1.61,2.39,-1.98,-1.67,3,0,0
0.82,1.48,-0.29,-0.89,-2.57,-0.83,1.46,2.27,3,0,0
-0.35,0.07,-0.55,1.45,0.98,5.0,-1.46,-0.16,3,0,0
-0.84,0.9,1.45,1.27,-0.37,-0.45,-0.55,0.14,3,0,0
-0.43,0.27,-0.83,-0.09,0.06,2.58,-0.28,-0.75,3,0,0
1.48,-0.18,0.85,0.14,0.86,-5.56,0.32,-3.65,3,0,0
-1.48,-2.05,-3.47,-1.11,1.02,0.6,0.38,-1.03,3,0,0
-0.08,-1.06,-1.2,0.05,0.03,2.54,-0.97,-1.6,3,0,0
2.29,0.53,-0.82,-0.02,1.44,1.75,0.15,-4.66,3,0,0
0.73,1.44,2.26,0.75,-1.08,-0.96,0.59,2.37,3,0,0
0.17,-0.8,-1.33,0.42,0.18,1.86,-1.0,-2.24,3,0,0
0.31,-1.37,-2.51,-1.1,3.87,0.15,2.34,-1.45,3,0,0
-1.18,-1.4,-1.65,-0.3,-0.03,2.44,0.33,1.46,3,0,0
-0.92,-0.28,-2.86,-0.63,0.63,-2.42,0.6,-0.22,3,0,0
-0.74,2.57,-0.5,-0.69,-1.16,0.25,1.4,2.01,3,0,0
0.82,4.4,0.51,0.61,-0.41,-0.48,0.89,-0.29,3,0,0
1.24,1.43,0.51,1.23,-1.42,1.73,-1.7,-1.84,3,0,0
-0.0,2.95,0.21,-0.56,0.18,1.65,1.88,0.36,3,0,0
0.17,1.2,0.19,-0.34,-0.43,-0.45,1.0,-0.2,3,0,0
-1.66,0.08,-2.9,-1.61,-0.26,0.02,1.88,2.32,3,0,0
2.14,1.68,-1.96,0.86,-0.65,3.97,-1.46,-2.53,3,0,0
-1.2,1.23,-1.29,-1.58,0.45,-0.31,2.1,-0.99,3,0,0
0.23,-1.02,-1.55,0.34,-0.08,2.32,-1.05,-1.17,3,0,0
-0.04,2.16,-1.77,-1.95,-2.37,-1.33,2.87,3.32,3,0,0
1.82,2.23,1.55,0.66,-4.34,3.22,-0.36,2.99,3,0,0
2.06,0.13,1.53,1.61,0.16,-1.94,-1.08,-2.27,3,0,0
0.88,-1.22,2.53,1.72,-0.01,1.55,-1.43,-0.27,3,0,0
-0.83,-1.04,0.96,1.12,2.13,0.35,-0.65,-1.32,3,0,0
-0.78,1.3,-0.39,-0.69,-1.71,-0.64,0.99,1.53,3,0,0
-0.5,-0.19,-2.05,-2.3,1.78,-2.13,2.92,-1.49,3,0,0
0.09,-1.15,0.16,0.03,0.84,-0.61,0.23,-0.4,3,0,0
0.32,1.12,0.6,0.17,-0.26,0.22,0.47,0.34,3,0,0
1.56,2.21,2.55,0.82,-1.5,-4.91,1.22,2.35,3,0,0
1.28,1.13,-0.74,1.05,-0.77,-3.29,-0.55,-0.08,3,0,0
-0.25,-2.07,-0.47,-0.87,3.94,-1.62,2.63,-0.59,3,0,0
-0.39,1.07,0.28,1.28,0.35,-1.89,-0.57,-0.25,3,0,0
-1.04,-0.97,0.64,0.55,2.38,3.25,-0.0,-1.43,3,0,0
-0.46,0.2,-1.47,-1.76,-0.23,-1.79,2.63,1.81,3,0,0
0.41,1.2,0.37,0.07,-0.04,-0.75,0.66,-0.36,3,0,0
0.37,0.55,-1.48,-1.29,-2.97,1.61,1.09,2.22,3,0,0
0.8,2.01,-3.04,-0.47,-0.67,0.37,0.21,-0.85,3,0,0
-0.15,0.67,-2.46,-2.3,-1.41,-2.96,2.84,1.65,3,0,0
0.95,1.28,-0.02,0.85,1.53,3.39,-0.19,-2.59,3,0,0
-0.11,0.22,1.57,0.52,0.12,-3.34,0.3,-0.24,3,0,0
1.05,1.85,1.0,0.25,-1.34,0.74,1.16,1.27,3,0,0
1.53,2.2,0.1,0.75,-1.08,-0.52,-0.48,-2.15,3,0,0
-0.26,1.12,-0.91,0.23,-2.48,0.24,-0.89,0.64,3,0,0
-0.84,-1.54,2.11,1.66,3.32,0.21,-0.82,-2.47,3,0,0
-1.04,-2.15,-1.95,-1.33,0.72,-2.84,2.12,1.9,3,0,0
-0.01,-1.12,-1.72,-0.89,1.52,1.28,1.47,-0.05,3,0,0
3.27,3.73,1.34,1.49,-2.73,-1.1,-1.36,-1.55,3,0,0
1.13,0.91,0.83,1.06,2.97,0.86,0.12,-3.7,3,0,0
-0.92,-0.62,-1.63,-1.96,0.52,0.65,2.83,1.47,3,0,0
-0.71,-2.01,-2.2,-1.16,1.28,-1.44,1.12,-1.33,3,0,0
0.72,0.74,0.53,0.07,-3.62,1.45,-0.15,2.66,3,0,0
-0.37,0.83,2.14,2.04,0.46,-0.86,-0.8,0.92,3,0,0
0.52,1.6,1.16,-0.29,2.66,-0.69,3.01,-0.28,3,0,0
0.45,0.88,-0.72,-0.99,2.7,-0.36,2.45,-1.45,3,0,0
-0.83,-2.49,-0.89,-0.3,3.81,3.39,1.59,0.63,3,0,0
-0.97,-0.29,-3.52,-0.27,-1.56,-0.49,-0.85,0.69,3,0,0
-3.23,-3.3,1.14,1.36,3.93,1.66,-0.93,-0.84,3,0,0
-0.22,-1.62,-1.36,-0.02,0.62,0.14,-0.33,-0.37,3,0,0
0.58,-0.45,-2.2,-0.51,1.21,1.13,0.16,-2.32,3,0,0
1.13,4.7,4.35,3.27,-1.8,1.15,-3.1,-2.18,3,0,0
0.07,1.06,-0.94,-1.77,0.27,0.04,3.28,1.8,3,0,0
0.21,-0.74,0.05,0.06,1.1,0.1,0.88,0.53,3,0,0
0.87,0.86,-2.76,-0.76,0.42,3.44,0.57,-1.8,3,0,0
-0.68,0.51,1.18,0.49,0.41,2.07,0.41,0.94,3,0,0
-1.65,-1.63,0.54,-0.39,0.17,2.54,1.08,2.61,3,0,0
1.6,0.82,1.17,0.81,0.64,0.67,-0.02,-1.29,3,0,0
1.33,3.89,2.51,1.31,-1.9,1.14,-0.68,-0.8,3,0,0
1.06,-0.89,0.27,0.86,1.98,1.96,-0.46,-1.98,3,0,0
-1.2,-0.96,-0.35,1.05,1.01,2.48,-1.36,-0.41,3,0,0
0.92,-0.68,-0.81,0.4,1.47,-0.41,-0.62,-3.82,3,0,0
0.82,-0.54,-0.21,1.38,-0.34,-2.36,-1.5,-1.4,3,0,0
-1.92,-0.49,-1.65,-2.09,-0.88,-2.64,2.45,2.19,3,0,0
1.69,1.23,0.5,1.31,0.51,-0.19,-1.44,-3.9,3,0,0
0.53,0.6,3.77,0.88,0.31,-0.48,0.62,0.83,3,0,0
0.11,-1.74,-0.48,-0.36,1.2,-2.06,0.74,-1.11,3,0,0
-0.09,-1.65,-1.13,-0.87,1.07,0.31,1.46,0.77,3,0,0
1.48,1.88,-0.14,0.46,-2.33,0.9,-0.05,1.22,3,0,0
1.39,1.27,-0.81,-0.4,-2.49,1.21,0.28,1.09,3,0,0
1.35,1.49,-2.22,-1.92,-1.71,0.63,2.12,-0.12,3,0,0
0.18,0.49,1.09,0.47,0.87,-1.61,0.86,-0.03,3,0,0
-0.41,0.41,-0.35,0.24,-0.76,-0.11,-0.19,0.72,3,0,0
0.63,-1.16,0.52,0.81,0.21,1.57,-0.95,-0.65,3,0,0
-1.62,-1.29,1.76,1.21,4.58,1.77,0.98,0.57,3,0,0
0.85,-0.64,0.21,0.69,-2.01,3.34,-1.33,0.8,3,0,0
0.37,1.83,2.23,2.61,2.01,2.45,-1.69,-2.15,3,0,0
1.41,2.34,-0.25,-0.02,-1.48,-2.69,0.92,1.07,3,0,0
-0.08,3.68,2.52,1.6,-0.99,0.36,-0.55,0.5,3,0,0
0.63,1.05,0.01,1.06,2.0,0.93,0.07,-1.88,3,0,0
-0.17,1.4,-0.29,0.29,-0.09,3.49,0.34,0.38,3,0,0
-0.74,-2.11,-0.95,0.98,1.49,-1.09,-1.38,-1.41,3,0,0
-1.93,-4.62,-0.08,0.72,2.94,1.83,-0.66,0.65,3,0,0
1.25,-1.32,-0.86,-0.76,-0.45,1.09,1.01,0.4,3,0,0
0.94,-0.64,0.13,1.03,0.55,-0.39,-1.48,-3.36,3,0,0
-1.86,-4.06,-0.11,-0.2,3.21,-0.15,0.85,0.31,3,0,0
1.71,2.52,-1.19,-0.42,0.02,-0.58,0.95,-1.79,3,0,0
0.54,-1.79,-1.53,-1.61,0.42,-1.32,1.35,-1.45,3,0,0
-1.37,-3.3,-0.75,-0.19,2.68,1.19,0.69,0.27,3,0,0
-0.03,-0.53,-1.63,0.12,0.51,2.78,-0.74,-1.58,3,0,0
0.9,-0.36,-0.69,-0.93,0.32,-0.82,1.79,0.1,3,0,0
-0.17,-1.59,-0.58,-0.75,-0.08,0.32,0.96,0.77,3,0,0
0.43,1.33,-1.7,-0.62,0.86,1.56,1.05,-1.34,3,0,0
-0.01,-1.31,-1.67,-1.67,-0.17,-1.9,1.9,0.04,3,0,0
2.24,1.28,1.23,0.31,-0.52,-0.46,0.74,-0.92,3,0,0
-1.18,-2.32,-3.12,-2.01,2.58,1.04,2.65,0.16,3,0,0
0.9,-0.51,-0.03,-0.45,2.03,0.74,1.89,-0.56,3,0,0
0.2,0.24,0.41,0.6,2.59,3.18,0.87,-0.3,3,0,0
0.54,2.27,-0.76,-0.71,1.58,1.81,2.53,0.28,3,0,0
-0.47,-1.45,-2.99,-2.04,1.6,-2.3,2.71,-0.59,3,0,0
-0.48,-0.2,1.09,0.49,0.14,-1.1,-0.35,-1.0,3,0,0
-0.95,-0.08,0.02,0.5,-2.68,2.58,-1.47,1.87,3,0,0
0.37,2.17,1.37,1.43,-1.76,0.06,-1.29,0.26,3,0,0
-1.52,0.09,-0.94,-0.69,-0.28,1.0,1.14,2.55,3,0,0
-0.62,1.44,-0.79,-1.14,1.44,2.4,2.34,0.49,3,0,0
-1.88,-2.31,1.42,1.84,4.01,-0.49,-1.54,-2.93,3,0,0
0.66,0.19,2.3,0.98,-0.18,-1.58,-0.11,-0.8,3,0,0
0.29,1.76,0.24,-0.68,-0.33,-0.39,2.6,2.75,3,0,0
-0.45,0.92,-0.39,1.88,0.64,-0.05,-2.43,-2.76,3,0,0
0.54,0.87,-0.29,-1.0,1.43,-3.3,2.85,-0.54,3,0,0
-0.95,-1.27,0.66,0.35,1.45,1.19,0.71,1.56,3,0,0
-2.76,-1.57,-0.03,-1.33,0.45,1.57,2.12,3.29,3,0,0
-0.88,-0.42,-2.89,-1.5,-0.42,-0.23,1.52,1.31,3,0,0
0.06,-1.62,0.81,0.53,-0.59,0.74,-0.68,-0.2,3,0,0
-0.56,-0.14,-0.96,-0.02,-0.34,-0.72,0.12,0.31,3,0,0
-1.21,-1.05,1.5,1.18,1.11,0.07,-0.38,0.57,3,0,0
-0.06,-2.92,-2.6,-1.31,1.42,0.21,1.09,-1.0,3,0,0
1.62,-0.35,0.58,-0.57,1.34,-2.02,2.07,-0.83,3,0,0
-0.68,-2.31,-1.87,-0.22,2.03,2.77,-0.15,-1.28,3,0,0
-1.34,2.11,-2.79,-2.5,0.09,-0.27,3.53,1.36,3,0,0
2.98,1.49,-1.01,-1.84,-1.73,-0.15,2.7,-0.15,3,0,0
-1.85,-3.71,-0.23,-0.11,0.38,1.12,-0.6,0.87,3,0,0
1.2,1.01,0.89,1.64,-0.69,2.77,-1.74,-1.2,3,0,0
-1.29,-2.39,-2.8,-1.22,1.95,2.38,1.24,0.16,3,0,0
-0.13,0.44,0.44,1.36,-1.65,0.17,-1.59,0.46,3,0,0
0.47,0.9,0.58,-0.73,0.0,0.63,1.84,0.58,3,0,0
0.25,0.64,-2.08,-0.49,0.49,1.81,0.7,-0.61,3,0,0
-1.92,-1.17,-1.64,-2.39,1.18,-2.52,3.67,2.16,3,0,0
-0.14,-1.81,-0.46,0.52,0.92,2.33,-0.2,0.69,3,0,0
-0.74,0.66,2.3,2.38,0.47,0.45,-2.35,-0.85,3,0,0
-1.91,-0.34,-2.37,-0.27,1.85,1.2,0.14,-1.56,3,0,0
-0.9,1.49,0.23,0.72,3.46,-1.85,1.11,-1.7,3,0,0
-0.52,-1.58,-2.81,-0.51,1.48,-0.39,0.87,0.19,3,0,0
0.2,1.11,-0.22,0.46,1.94,1.17,0.34,-2.41,3,0,0
1.07,-0.02,-1.62,-1.05,0.2,-0.28,1.67,0.45,3,0,0
-0.44,-1.71,-1.78,-1.0,1.34,2.95,1.39,1.21,3,0,0
0.18,-2.89,-1.05,-0.91,1.68,-1.25,1.92,1.37,3,0,0
-0.42,-1.38,1.44,0.96,2.06,-1.05,-0.25,-1.19,3,0,0
1.19,1.74,0.63,-0.38,-1.97,0.61,1.26,2.22,3,0,0
1.11,2.3,0.46,1.43,-0.26,1.15,-1.04,-2.1,3,0,0
-0.03,2.02,0.6,1.27,-1.64,-1.97,-1.08,0.48,3,0,0
-3.42,-1.83,-2.43,-1.2,0.8,3.73,1.37,3.42,3,0,0
1.36,1.27,-0.02,0.17,2.13,-5.8,1.42,-2.99,3,0,0
1.41,-1.0,-1.99,-0.64,-0.37,0.43,0.8,0.25,3,0,0
-0.47,-1.53,-1.41,-0.24,3.46,-1.36,1.37,-1.15,3,0,0
1.14,1.17,-0.79,-1.35,0.98,-1.61,2.49,-1.29,3,0,0
-0.98,-0.65,0.65,1.24,1.59,0.9,-1.36,-1.61,3,0,0
0.43,3.02,0.51,-1.3,-1.56,-0.75,2.65,2.3,3,0,0
0.47,0.08,1.89,1.08,2.53,-0.81,-0.12,-3.86,3,0,0
0.67,2.88,-0.62,0.53,-3.11,-0.07,-0.97,-0.08,3,0,0
-0.22,0.73,-1.69,-0.49,-0.01,-0.16,0.74,-0.01,3,0,0
-0.0,1.09,2.48,0.31,-0.02,-0.21,1.02,0.62,3,0,0
1.3,1.21,1.37,-0.19,-0.96,-1.37,1.16,-0.27,3,0,0
-0.02,0.01,-0.24,-0.75,-0.49,-1.02,1.1,0.51,3,0,0
-0.82,-1.9,-1.83,-0.22,0.38,2.13,-0.23,0.63,3,0,0
0.97,-1.65,-2.66,0.55,-1.55,-1.37,-2.21,-2.4,3,0,0
1.37,-0.38,-0.41,0.58,1.12,-0.66,-0.06,-1.34,3,0,0
-2.15,-2.74,-3.14,-2.72,1.67,0.06,2.9,1.26,3,0,0
-0.83,-1.68,-0.22,-0.33,1.25,-2.8,1.6,1.87,3,0,0
0.88,0.27,-0.49,-0.39,-0.77,-0.65,0.72,0.4,3,0,0
1.09,0.68,0.06,0.43,-2.85,1.83,-1.64,-0.87,3,0,0
2.39,2.34,2.69,1.95,1.32,-1.04,-0.28,-2.71,3,0,0
0.33,-0.07,-3.69,-2.39,-0.07,-2.78,3.07,0.29,3,0,0
0.58,1.9,2.61,1.59,-1.6,0.74,-1.37,0.32,3,0,0
1.82,-0.68,-2.99,-2.88,-0.39,-0.75,3.79,0.77,3,0,0
0.61,0.17,2.82,3.08,0.73,-0.89,-2.69,-2.28,3,0,0
-1.05,-0.15,-0.71,-0.53,2.45,2.55,1.5,-0.26,3,0,0
-0.25,1.65,0.93,0.51,0.49,0.33,0.89,0.76,3,0,0
-0.22,1.02,-0.76,0.52,-0.53,-0.59,-0.5,-0.22,3,0,0
-1.13,0.76,2.03,1.39,-0.42,1.37,-0.97,0.83,3,0,0
0.73,-0.12,-0.64,0.42,0.24,0.31,-0.29,-1.2,3,0,0
0.09,-1.53,-1.15,-1.39,-0.16,-4.16,2.04,1.24,3,0,0
2.29,0.93,-0.99,-0.11,1.79,-1.3,1.76,-0.92,3,0,0
-0.19,3.24,3.0,1.31,-1.4,-0.24,0.59,3.16,3,0,0
0.3,0.24,1.33,1.89,1.25,1.28,-1.1,-1.56,3,0,0
2.0,2.18,1.77,-0.13,-2.93,-2.54,1.41,1.84,3,0,0
-1.25,-0.09,0.32,1.42,0.7,-0.75,-1.01,0.31,3,0,0
-1.79,-1.88,-0.96,-1.06,-0.43,2.42,0.91,2.06,3,0,0
1.49,-0.53,-0.76,0.16,-1.23,-0.46,-0.43,-0.28,3,0,0
1.02,-0.2,2.43,1.67,1.37,2.94,-0.78,-1.59,3,0,0
0.06,0.91,0.83,-0.29,-0.03,-0.16,1.2,1.05,3,0,0
-0.11,0.18,-0.91,-0.24,-1.87,-0.7,0.25,1.19,3,0,0
1.53,3.68,2.39,2.67,1.33,-0.67,-1.52,-4.02,3,0,0
-2.84,-1.12,-2.27,1.0,-0.97,3.72,-2.98,0.03,3,0,0
0.87,1.17,-1.59,-0.43,2.96,0.26,1.65,-3.24,3,0,0
0.3,-0.75,-1.36,1.48,-0.35,1.54,-2.57,-2.18,3,0,0
-0.41,-3.84,-2.62,-0.7,1.08,-1.64,0.59,-0.31,3,0,0
-0.03,0.99,0.87,0.08,-0.83,1.14,0.43,1.52,3,0,0
1.05,-0.75,-0.98,0.13,1.26,-1.35,0.29,-2.14,3,0,0
1.24,1.79,0.35,0.5,1.24,0.49,0.95,-1.03,3,0,0
-0.72,-2.15,0.29,-1.74,2.07,-2.04,3.34,0.64,3,0,0
1.42,2.4,-1.13,-0.11,0.73,-1.41,1.19,-1.68,3,0,0
-0.87,0.11,0.36,-0.04,3.08,2.06,1.26,-1.05,3,0,0
0.75,-0.11,-0.9,-0.46,0.55,-2.18,1.44,0.15,3,0,0
0.4,3.2,1.86,1.08,-0.91,0.73,0.01,0.72,3,0,0
1.5,2.59,-0.6,0.74,-2.64,1.22,-1.07,0.5,3,0,0
0.87,1.22,-0.4,-0.03,-0.18,1.21,0.45,-0.59,3,0,0
-0.18,0.52,0.58,-1.44,0.71,-0.44,2.86,0.55,3,0,0
0.89,0.49,-2.66,-1.1,-0.17,0.04,1.03,-0.73,3,0,0
1.76,1.67,-4.48,-2.35,-3.41,5.13,1.98,2.72,3,0,0
0.25,-0.14,-1.49,-0.08,-0.36,1.07,0.04,-0.33,3,0,0
-1.45,-0.74,-1.4,-0.75,2.58,2.9,1.45,-0.47,3,0,0
1.09,1.18,2.06,1.1,0.48,-0.87,0.45,0.42,3,0,0
-0.76,-1.26,0.59,0.95,1.57,0.2,-0.68,-1.62,3,0,0
-0.29,-1.02,1.85,1.52,-0.8,2.35,-1.59,1.15,3,0,0
-0.76,-0.92,-0.8,-0.75,1.38,-2.29,1.74,0.19,3,0,0
2.99,2.63,1.29,1.03,0.04,-0.09,-0.21,-3.56,3,0,0
0.62,0.38,1.73,-0.07,1.09,-0.19,1.62,0.5,3,0,0
-0.51,-0.23,-0.43,-1.65,-0.69,-1.14,3.02,3.7,3,0,0
0.39,-0.18,-1.86,-0.05,0.59,0.27,0.01,-1.49,3,0,0
-0.7,-2.07,0.65,-1.22,4.16,-1.51,3.58,-0.09,3,0,0
1.67,-0.22,-1.12,-0.55,-0.37,0.22,0.86,-1.34,3,0,0
0.68,-3.33,-1.72,-0.48,0.87,1.42,-0.14,-1.38,3,0,0
-2.38,-0.27,-0.94,0.2,1.53,1.35,-0.48,-0.78,3,0,0
2.09,5.3,-0.01,1.32,-4.55,4.24,-1.93,0.28,3,0,0
-0.55,-0.36,-1.61,0.15,0.69,0.04,-0.09,-0.83,3,0,0
-1.5,-3.76,-2.88,-2.43,4.22,-2.6,3.49,-1.13,3,0,0
1.16,1.1,-1.54,-0.74,-0.02,0.65,1.36,-0.88,3,0,0
-2.25,-2.97,0.29,-0.58,1.98,-2.1,1.1,0.68,3,0,0
0.93,2.06,-0.51,0.38,-2.34,1.39,-0.66,-0.63,3,0,0
-0.35,-0.86,0.3,-0.98,-1.12,-0.72,1.34,1.44,3,0,0
1.27,1.31,-0.22,-0.93,-0.54,-1.26,1.81,-0.38,3,0,0
-1.48,-4.48,-1.72,-0.21,2.75,-0.79,-0.58,-3.63,3,0,0
-1.77,0.22,1.04,-0.64,1.34,0.71,2.72,3.86,3,0,0
0.28,1.19,-0.25,0.77,-1.04,0.17,-1.15,-0.88,3,0,0
0.61,0.51,0.26,-0.12,-0.4,0.96,1.04,1.03,3,0,0
-0.14,-1.54,-0.71,-0.26,3.52,0.4,1.11,-2.33,3,0,0
0.41,-1.42,-1.31,-0.11,0.43,2.04,-0.2,-1.0,3,0,0
-0.66,-0.98,-0.3,-1.83,1.01,-0.03,3.44,2.55,3,0,0
-1.04,0.66,-0.36,0.78,1.85,2.86,-0.89,-2.36,3,0,0
0.37,-0.4,0.08,0.29,3.08,-3.21,0.9,-2.3,3,0,0
-1.57,-3.15,1.62,0.73,0.77,-1.94,-0.48,0.62,3,0,0
-1.07,0.11,1.48,-0.61,-1.12,-0.95,1.21,1.66,3,0,0
0.52,2.01,0.4,1.53,-0.55,1.22,-1.15,0.43,3,0,0
0.31,1.09,-0.62,0.44,0.78,1.86,-0.25,-2.47,3,0,0
1.57,1.41,0.49,-0.23,0.06,-1.64,2.05,0.5,3,0,0
-0.19,-1.26,1.4,0.35,2.46,2.06,1.25,0.72,3,0,0
0.73,0.59,1.34,1.56,-0.78,2.22,-2.03,-2.35,3,0,0
0.47,-1.72,1.23,0.64,0.84,-1.3,-0.5,-1.83,3,0,0
1.64,2.38,-0.75,-2.35,-1.31,-0.17,4.21,2.33,3,0,0
-1.44,-2.01,0.35,-0.89,2.85,-0.95,2.45,0.52,3,0,0
0.31,0.38,1.78,0.47,-1.99,0.66,-0.78,-0.33,3,0,0
2.03,3.65,2.05,0.15,-4.54,-1.42,0.79,3.32,3,0,0
-0.1,1.41,1.33,1.94,0.42,0.57,-1.4,-0.24,3,0,0
0.27,-0.62,-3.8,-1.29,-1.04,2.17,1.08,1.53,3,0,0
-0.11,0.92,0.58,0.32,-0.67,-1.41,-0.04,-0.77,3,0,0
-0.19,-1.7,1.0,0.63,0.48,0.05,-0.19,-0.01,3,0,0
-1.43,-3.19,-0.24,-0.74,1.3,-1.33,1.32,0.81,3,0,0
0.63,0.76,-0.03,-0.26,0.94,-0.15,1.51,-0.61,3,0,0
0.67,3.47,0.77,0.76,-2.13,-2.04,-0.28,-0.13,3,0,0
-0.1,-1.25,-0.85,-1.19,-0.63,-0.04,0.65,-0.68,3,0,0
0.15,0.04,-2.9,-2.21,-0.14,2.54,2.63,1.88,3,0,0
0.55,-0.07,-0.62,-0.03,0.77,-0.42,0.54,-1.43,3,0,0
-1.51,-0.79,2.07,0.46,0.68,1.23,0.17,1.03,3,0,0
-1.7,-2.05,-2.24,-0.06,-0.44,2.78,-1.1,0.36,3,0,0
-0.28,-1.2,0.48,2.2,3.81,-1.97,-1.64,-4.1,3,0,0
0.19,0.34,-2.55,-0.51,-0.39,3.47,0.3,0.25,3,0,0
-1.97,-0.86,-1.7,1.14,2.0,3.51,-1.36,-0.57,3,0,0
2.16,2.1,2.83,1.71,-0.95,-0.84,-0.47,-0.2,3,0,0
3.03,5.1,2.46,1.56,-4.61,-3.27,-0.98,0.58,3,0,0
-0.62,-0.35,2.19,1.88,-0.19,1.5,-1.29,1.21,3,0,0
1.28,2.08,-0.53,0.8,-0.74,-0.12,-0.93,-2.43,3,0,0
1.13,0.23,-0.79,0.19,-0.37,-1.45,0.3,-0.08,3,0,0
-0.13,-1.05,-2.31,-1.87,2.77,0.03,3.12,-0.61,3,0,0
-0.34,-0.94,0.41,0.38,1.38,-1.26,0.58,-0.37,3,0,0
1.97,1.39,-2.57,-0.01,0.28,0.59,-0.08,-3.02,3,0,0
0.99,-0.11,0.36,0.67,1.58,4.31,0.04,-0.93,3,0,0
-1.5,-0.96,-0.18,1.35,3.15,1.5,-0.9,-1.6,3,0,0
-0.27,-0.07,-0.53,-0.85,-0.2,-0.03,1.43,0.79,3,0,0
-1.47,1.3,0.15,-1.18,1.21,1.44,2.99,1.81,3,0,0
3.09,1.94,0.94,0.53,0.29,-2.8,1.0,-1.6,3,0,0
-1.62,-1.76,-1.44,-0.26,1.26,0.94,0.06,-0.23,3,0,0
1.98,1.02,1.36,1.74,0.31,0.02,-1.31,-2.84,3,0,0
0.14,-1.5,-1.61,-0.72,2.06,-0.63,1.25,-1.75,3,0,0
0.39,2.96,2.01,2.23,-2.58,-0.22,-2.24,1.14,3,0,0
-0.56,0.86,1.24,1.58,2.84,-0.61,0.13,-1.36,3,0,0
-0.27,-1.14,-1.88,0.79,2.99,-0.99,-1.76,-6.43,3,0,0
-1.25,-0.55,1.36,1.23,3.62,-2.19,0.07,-1.94,3,0,0
2.52,-0.14,-1.74,0.64,0.64,-0.35,-0.55,-2.65,3,0,0
0.29,1.13,-0.99,-0.18,-0.4,-0.24,0.68,0.33,3,0,0
1.49,1.76,-0.25,-0.15,0.11,-3.35,0.82,-2.13,3,0,0
0.88,2.09,0.18,1.28,-0.02,2.56,-1.38,-3.31,3,0,0
1.2,-1.73,-1.47,-1.05,3.8,0.4,2.37,-1.66,3,0,0
-1.21,-2.21,-0.84,0.68,1.94,0.76,-0.83,-1.34,3,0,0
-1.35,-0.5,-0.47,-0.64,-0.2,-0.56,1.36,2.82,3,0,0
-0.37,-0.36,-3.0,-1.55,-2.37,2.32,1.03,2.81,3,0,0
-0.92,-0.81,0.31,-0.2,2.41,1.23,1.63,0.43,3,0,0
-0.66,0.06,0.32,0.51,-1.06,-2.03,-0.6,1.05,3,0,0
0.35,0.99,-0.25,-0.32,-1.5,-2.87,1.04,1.24,3,0,0
0.08,-1.05,0.05,-0.3,0.94,0.81,0.8,-0.27,3,0,0
0.14,-0.72,-0.47,0.4,0.83,0.45,-0.5,-1.76,3,0,0
-0.47,-1.83,-2.24,-0.84,1.38,-0.67,0.76,-1.21,3,0,0
0.12,-1.01,0.68,1.6,2.56,-0.88,-0.78,-1.55,3,0,0
-0.59,-0.12,-1.67,-0.69,0.59,2.01,0.75,-0.03,3,0,0
0.35,0.51,-0.27,1.39,0.71,-0.91,-1.25,-1.57,3,0,0
1.3,-2.11,-2.09,0.24,3.54,-2.44,0.39,-2.5,3,0,0
0.66,-0.26,-1.44,-0.27,-0.35,0.59,0.1,-0.87,3,0,0
1.65,3.59,0.52,0.91,-2.62,1.82,-0.5,0.62,3,0,0
1.71,1.53,2.51,2.44,-3.04,-1.39,-2.29,0.68,3,0,0
-0.81,-0.84,-1.51,-0.02,0.54,1.09,-0.45,-1.2,3,0,0
0.87,1.29,1.3,2.17,-2.13,1.61,-2.86,-0.25,3,0,0
0.75,3.28,1.22,-0.72,-0.58,-2.78,3.58,3.21,3,0,0
1.35,0.53,-1.59,0.0,2.34,-1.08,0.55,-3.96,3,0,0
-2.33,-3.25,0.52,0.2,1.22,0.38,0.22,2.05,3,0,0
0.95,1.63,0.15,-0.05,-0.76,-0.84,0.49,-1.22,3,0,0
0.03,0.95,-0.48,1.04,1.47,-1.53,-0.61,-2.76,3,0,0
0.47,1.4,-0.54,0.48,-0.17,-0.17,-0.2,-1.07,3,0,0
-0.92,-0.62,0.1,0.85,1.49,-0.22,-0.29,-0.34,3,0,0
0.8,-0.86,0.09,-0.24,0.8,-1.45,1.32,-0.28,3,0,0
-1.84,-4.29,-0.26,-0.18,3.73,0.96,1.29,0.35,3,0,0
0.92,-0.04,-2.27,-1.85,0.01,-2.26,2.4,0.17,3,0,0
0.82,0.42,-0.57,1.12,0.12,0.61,-1.57,-2.95,3,0,0
-0.7,-1.88,-1.52,-1.76,1.49,-0.48,2.76,0.99,3,0,0
0.86,2.68,-0.71,-0.66,-1.0,0.54,0.54,-1.93,3,0,0
0.92,1.14,2.28,1.27,1.33,-0.8,-0.15,-2.15,3,0,0
0.49,-0.83,-0.03,0.72,0.78,2.62,-0.52,0.1,3,0,0
1.14,2.14,1.32,0.77,-0.49,-3.44,0.28,-0.85,3,0,0
-2.1,-3.36,-1.43,0.74,2.7,1.82,-1.52,-2.47,3,0,0
2.29,3.56,-0.92,-0.57,-2.6,-1.17,1.52,0.67,3,0,0
1.64,3.08,4.72,1.98,-0.65,-1.89,-0.23,-0.53,3,0,0
1.21,0.81,-2.16,1.2,-0.52,1.23,-1.9,-1.68,3,0,0
1.6,-1.64,-1.11,0.07,-0.87,-0.88,-0.22,0.34,3,0,0
1.0,-0.47,-3.74,-1.23,-0.08,2.48,0.85,-0.96,3,0,0
2.16,2.52,0.99,0.49,0.67,-2.39,0.76,-2.96,3,0,0
-0.21,-1.58,-1.21,-0.35,-0.64,-1.09,-0.61,-1.2,3,0,0
1.12,-0.59,-2.77,-0.55,2.11,1.0,0.96,-2.46,3,0,0
0.08,-0.07,0.05,0.09,-0.03,0.23,0.21,-0.05,3,0,0
0.38,2.52,1.12,0.88,-0.24,2.06,-0.13,0.07,3,0,0
1.43,1.69,0.26,1.11,1.58,0.81,0.05,-2.2,3,0,0
-0.33,-2.12,-1.77,-2.42,2.01,-1.5,3.87,1.12,3,0,0
-0.87,1.16,0.03,0.52,0.44,1.12,-0.06,-0.27,3,0,0
-0.9,0.15,-2.09,-2.03,-2.48,-0.53,2.05,3.16,3,0,0
0.61,0.66,-1.17,-0.69,0.31,1.17,1.09,-1.4,3,0,0
1.41,1.85,-2.41,-0.48,-0.81,2.6,0.7,-0.11,3,0,0
-0.4,1.69,0.73,-0.08,1.47,3.16,1.44,-0.52,3,0,0
0.81,2.11,0.1,1.32,-1.74,1.88,-2.05,-2.48,3,0,0
-0.29,1.79,0.27,1.1,-1.06,1.1,-1.02,0.12,3,0,0
0.01,4.06,0.82,0.61,-0.45,0.61,0.74,0.85,3,0,0
0.32,-0.7,2.85,4.0,1.51,0.46,-3.94,-2.44,3,0,0
-0.95,-1.61,-2.83,0.5,0.61,-0.36,-1.42,-1.47,3,0,0
1.01,2.15,-0.61,0.47,-2.54,-2.4,-0.98,-1.55,3,0,0
-0.88,-2.18,-1.21,-0.12,0.6,0.6,-0.24,0.54,3,0,0
1.02,0.66,-0.08,1.68,0.58,-0.58,-1.49,-1.71,3,0,0
0.95,1.48,0.07,0.92,-0.27,0.77,-0.44,-0.97,3,0,0
0.6,2.36,-1.12,0.75,-2.18,2.12,-1.17,-0.47,3,0,0
3.05,2.65,-0.3,-0.48,-1.82,-0.14,1.17,-0.84,3,0,0
-0.85,0.48,-0.93,0.65,1.95,0.55,-0.63,-2.3,3,0,0
-0.2,-0.02,0.24,1.08,1.18,-1.84,-0.74,-1.27,3,0,0
0.85,0.43,-0.33,2.03,1.12,-1.06,-2.3,-3.15,3,0,0
1.01,-0.04,-1.21,-0.4,1.88,1.02,1.86,0.26,3,0,0
1.26,0.81,-0.06,-0.29,0.95,1.9,1.57,-0.69,3,0,0
-1.49,-0.86,-1.16,-0.37,1.0,-0.97,1.35,1.39,3,0,0
1.15,0.41,0.75,0.79,-0.34,-0.85,-0.49,-0.83,3,0,0
-0.83,-0.74,-0.27,0.33,0.7,-0.49,-0.01,-0.05,3,0,0
-0.1,-0.79,0.87,-1.27,-0.48,0.79,2.28,2.02,3,0,0
1.7,2.1,-0.56,-0.08,-0.43,-0.72,0.49,-1.83,3,0,0
0.19,3.27,-1.32,0.76,-1.96,-0.27,-1.1,-1.08,3,0,0
-0.42,-1.43,-0.39,0.11,2.18,-0.32,0.2,-2.58,3,0,0
0.21,-1.01,-0.62,0.02,1.9,0.81,0.86,-0.82,3,0,0
1.15,0.29,1.47,-0.02,1.47,-0.64,1.65,-1.12,3,0,0
0.71,0.52,2.18,1.64,1.74,-0.83,-0.34,-1.08,3,0,0
-0.26,-1.28,-1.3,-0.22,-0.81,4.04,-0.38,0.66,3,0,0
-1.73,-0.37,-2.83,-1.56,-1.51,1.03,0.99,2.66,3,0,0
1.14,1.72,-0.33,1.54,-1.07,3.12,-2.31,-2.1,3,0,0
0.84,1.72,0.72,1.09,1.52,-0.14,0.34,-1.21,3,0,0
1.64,1.04,0.61,1.07,1.14,-2.44,-0.08,-2.53,3,0,0
-0.63,-0.99,-0.22,0.49,-0.2,-0.66,-0.73,0.26,3,0,0
-1.06,-1.84,0.43,1.61,3.79,0.08,-1.4,-4.23,3,0,0
0.02,0.31,2.25,0.64,-0.49,1.31,-0.23,-0.79,3,0,0
-0.73,-0.43,-0.68,0.0,0.57,1.73,0.03,-0.46,3,0,0
0.9,0.57,1.69,0.88,2.3,0.71,0.68,-1.06,3,0,0
0.81,1.51,1.38,0.31,-0.62,-3.26,1.37,1.32,3,0,0
-0.2,1.41,0.76,-0.08,-1.1,2.03,0.86,1.91,3,0,0
0.96,2.43,1.03,0.73,0.87,0.05,0.26,-1.84,3,0,0
1.89,2.84,1.9,0.82,-1.55,-1.02,-0.07,-0.93,3,0,0
0.49,3.74,-0.29,-0.6,-0.09,-1.08,2.01,-0.23,3,0,0
2.22,2.07,0.19,0.58,-1.85,1.02,0.09,0.36,3,0,0
-0.11,-0.21,-1.4,-0.15,-0.52,-0.49,-0.15,-0.49,3,0,0
-0.16,0.61,1.96,2.36,2.35,-0.87,-1.0,-1.74,3,0,0
0.74,0.78,-0.52,0.27,-0.86,1.87,-0.16,0.71,3,0,0
0.99,-0.25,0.54,1.04,0.21,1.49,-0.66,-0.35,3,0,0
0.04,-0.69,1.16,-0.45,0.21,1.35,0.94,0.36,3,0,0
-0.9,0.35,-0.42,0.07,0.72,0.77,0.48,-0.49,3,0,0
1.57,1.69,-1.13,-0.72,-0.41,-2.66,2.3,0.99,3,0,0
-0.33,-0.01,-3.12,-2.05,-3.05,0.26,1.15,1.79,3,0,0
0.2,1.32,-1.99,-0.93,-2.03,0.2,0.89,1.46,3,0,0
0.35,2.18,-0.81,1.37,-0.89,2.29,-1.53,-0.01,3,0,0
-1.64,-0.41,0.3,-0.19,-1.44,0.48,0.32,2.99,3,0,0
-1.03,-3.19,1.92,0.61,5.13,0.48,1.22,-1.38,3,0,0
0.43,0.87,2.3,2.2,1.06,1.72,-1.6,-1.7,3,0,0
-0.32,-0.7,0.43,1.16,1.15,-1.15,-0.96,-0.82,3,0,0
-1.21,0.45,-1.53,-0.87,-1.78,5.35,0.24,1.92,3,0,0
-1.48,-2.46,-1.51,0.56,2.36,3.66,-0.7,-0.41,3,0,0
1.63,2.06,1.29,0.28,2.05,-0.78,1.94,-1.2,3,0,0
0.4,-0.48,0.47,1.27,3.4,2.28,-0.02,-1.29,3,0,0
1.71,2.11,1.73,1.21,-1.04,-2.11,-0.53,-1.06,3,0,0
-1.99,-0.38,0.06,0.75,1.59,2.56,-0.25,0.59,3,0,0
1.11,1.01,-1.01,-0.2,-0.38,0.69,0.77,0.88,3,0,0
0.62,2.03,1.89,0.32,0.27,-3.17,1.0,-1.02,3,0,0
-0.37,-1.42,0.27,0.28,-0.27,1.38,-0.98,-0.34,3,0,0
0.94,-0.07,-1.0,0.35,0.8,-2.22,-0.14,-1.78,3,0,0
0.47,0.65,-2.13,-1.68,-0.23,2.01,1.57,-1.49,3,0,0
-1.97,-4.26,-0.8,0.29,1.73,3.75,-1.24,-1.14,3,0,0
-0.36,0.16,-2.33,-2.04,-1.61,1.31,1.37,0.07,3,0,0
1.11,1.41,2.56,0.78,2.76,1.31,1.28,-2.27,3,0,0
-0.49,0.96,-0.24,0.32,-2.18,3.96,-0.27,2.59,3,0,0
-0.68,0.47,1.34,1.2,0.19,1.86,-1.24,-1.13,3,0,0
-0.41,-0.54,0.7,0.53,1.06,-0.3,0.15,-0.87,3,0,0
0.72,2.08,-1.63,-0.1,1.4,0.3,1.38,-0.4,3,0,0
0.51,-0.34,-1.33,-0.73,1.51,2.76,1.31,-0.77,3,0,0
-0.62,-1.03,-0.91,-0.63,1.16,0.8,1.03,-0.62,3,0,0
0.18,-2.04,0.51,0.33,2.21,0.75,0.49,-0.13,3,0,0
-1.55,-1.16,-2.66,-1.76,-0.72,0.67,1.24,0.87,3,0,0
-0.67,1.19,-3.87,-2.2,0.01,-1.06,2.69,0.51,3,0,0
-0.31,-2.29,-0.6,-0.7,2.45,-3.48,1.19,-2.46,3,0,0
-0.85,1.22,-0.29,0.38,-0.33,0.66,0.26,1.47,3,0,0
0.88,1.73,-0.7,1.69,0.81,1.3,-2.25,-4.39,3,0,0
2.05,0.57,-0.14,0.76,4.31,1.18,1.43,-2.77,3,0,0
0.54,0.09,0.37,0.51,-0.42,-0.61,0.42,2.06,3,0,0
-0.75,-0.74,-0.75,-0.83,1.04,1.06,1.11,-0.13,3,0,0
0.2,-0.26,0.01,0.38,1.26,0.65,0.48,-0.09,3,0,0
1.41,1.22,-0.9,0.16,-1.68,0.97,-0.12,-0.02,3,0,0
0.49,0.18,0.97,1.19,1.39,-4.06,0.21,-1.34,3,0,0
0.46,-0.35,-0.37,-0.92,2.08,1.56,2.68,-0.08,3,0,0
-0.02,-1.04,-0.78,0.46,-0.13,0.3,-0.11,1.63,3,0,0
-2.02,-0.23,0.54,1.25,1.05,1.68,-1.25,-0.45,3,0,0
-0.14,-3.58,-3.78,-1.2,2.67,0.66,0.55,-1.71,3,0,0
-0.86,2.31,2.3,2.36,0.05,0.18,-1.71,-0.01,3,0,0
0.13,-0.72,-1.6,-1.14,0.48,0.36,1.42,-0.86,3,0,0
-0.93,1.14,-0.62,0.23,-0.54,3.58,-1.29,-1.9,3,0,0
0.34,-0.77,-0.21,-0.52,-1.66,-2.62,0.3,-0.19,3,0,0
0.79,-1.47,0.22,0.84,2.7,-0.24,-0.35,-3.34,3,0,0
0.33,1.43,1.07,-0.02,-1.03,0.16,0.92,1.45,3,0,0
1.91,3.33,1.95,2.98,-1.22,2.21,-2.8,-2.03,3,0,0
0.31,2.08,0.98,-0.11,-0.2,-0.2,0.77,-0.96,3,0,0
-2.35,0.45,3.19,2.08,0.03,0.42,-2.22,-0.66,3,0,0
0.02,0.98,0.63,1.18,-0.12,2.94,-1.14,-0.76,3,0,0
-1.72,-0.79,0.11,-0.71,-0.51,0.11,0.26,-0.56,3,0,0
-1.36,-0.4,-0.36,0.86,-0.02,1.56,-1.17,0.76,3,0,0
1.11,3.08,0.84,0.92,-1.7,1.1,-0.21,0.77,3,0,0
-0.47,-0.52,0.23,-0.0,0.06,0.52,0.42,0.82,3,0,0
0.4,-1.59,-1.33,0.21,2.76,1.7,-0.22,-3.35,3,0,0
0.56,0.07,2.19,0.65,-1.33,-1.1,-0.31,0.28,3,0,0
-0.54,-1.49,-0.52,-0.86,1.47,-1.03,2.16,1.14,3,0,0
0.13,-0.56,1.13,0.39,-0.61,-2.26,0.12,0.77,3,0,0
1.58,1.52,-0.11,0.14,-2.09,0.35,-0.0,-0.15,3,0,0
0.99,1.15,-1.51,-0.31,-1.25,0.57,0.09,0.13,3,0,0
-0.59,0.94,2.06,1.97,0.79,1.11,-1.22,-0.05,3,0,0
1.88,2.35,-0.65,0.12,-0.22,-0.99,0.57,-1.91,3,0,0
-0.57,-0.19,0.89,-0.1,1.87,1.28,1.64,0.69,3,0,0
-0.64,0.62,1.07,0.53,0.32,-2.12,0.81,1.12,3,0,0
0.49,0.84,0.32,0.79,0.42,-1.56,-0.27,-1.28,3,0,0
1.91,1.15,1.66,1.18,-0.91,-0.62,-0.88,-1.7,3,0,0
1.03,-0.07,3.5,3.5,2.33,-0.5,-3.24,-5.1,3,0,0
2.42,2.08,1.2,-0.15,-2.59,0.93,0.91,0.95,3,0,0
-0.35,3.25,-1.45,0.17,0.13,1.2,0.77,-0.24,3,0,0
-0.1,-0.84,-0.85,-0.34,-0.93,2.35,0.0,0.4,3,0,0
-0.09,0.57,0.16,0.5,0.26,2.29,-0.33,-0.45,3,0,0
-1.05,-1.99,0.2,0.74,2.19,2.06,-0.93,-1.03,3,0,0
1.84,-0.25,3.73,1.6,0.77,-2.68,-0.2,-0.82,3,0,0
1.82,2.76,-0.01,-0.33,-0.14,-1.21,1.05,-2.12,3,0,0
-0.01,-0.98,1.15,0.86,-0.05,-1.38,-0.87,-0.24,3,0,0
-0.5,-0.22,-0.07,0.69,2.25,1.5,0.25,-1.33,3,0,0
-1.79,-3.49,0.66,0.59,3.04,-0.25,0.24,0.35,3,0,0
-0.3,0.35,-0.66,-0.82,-0.53,0.87,1.51,2.27,3,0,0
-0.31,1.44,0.4,-0.05,-3.19,0.84,-0.11,2.7,3,0,0
-0.01,0.82,-0.03,1.25,-1.31,3.08,-2.15,-0.84,3,0,0
-1.41,0.08,1.15,0.88,1.7,-0.9,-0.17,-0.62,3,0,0
0.21,0.62,-0.23,-0.82,0.68,1.04,2.61,1.73,3,0,0
-3.1,-2.82,1.2,-1.22,1.34,-2.82,2.78,3.12,3,0,0
1.08,1.6,1.94,0.92,-0.8,2.12,-0.01,0.97,3,0,0
1.68,1.21,2.82,0.18,1.47,-5.89,1.85,-2.35,3,0,0
0.31,-2.24,2.34,0.87,3.04,-1.73,1.22,0.12,3,0,0
-1.12,0.71,1.0,1.87,-0.84,4.84,-2.2,0.54,3,0,0
-0.9,0.19,2.43,1.94,-2.14,-1.07,-2.44,0.95,3,0,0
-1.01,-1.25,-0.92,-0.72,1.06,-0.62,0.71,-0.96,3,0,0
-2.27,-2.49,1.72,1.82,2.68,3.77,-1.6,-0.39,3,0,0
1.39,3.42,1.52,1.22,-2.02,1.97,-0.88,-0.31,3,0,0
0.5,-0.59,-0.92,0.22,0.62,1.33,-0.56,-2.62,3,0,0
-1.19,0.35,5.1,1.94,0.56,1.34,-0.6,1.23,3,0,0
0.59,0.33,1.33,0.57,0.95,0.46,1.21,1.13,3,0,0
-0.81,-2.75,-0.13,0.53,4.84,0.4,0.19,-3.51,3,0,0
-0.23,-0.33,-1.62,0.18,0.24,4.28,-0.2,0.86,3,0,0
2.21,4.35,1.01,1.58,1.22,-0.64,0.07,-2.89,3,0,0
0.06,1.18,0.78,1.52,0.12,3.16,-0.91,-0.0,3,0,0
-2.18,-3.59,0.18,-0.4,3.53,-1.53,1.8,1.2,3,0,0
2.36,2.82,3.8,1.65,-2.19,1.69,-0.76,0.41,3,0,0
1.96,2.09,-0.99,-0.83,-2.96,-0.28,1.3,1.82,3,0,0
-2.85,-3.15,-1.36,-0.18,1.0,0.02,-0.25,0.42,3,0,0
0.26,-1.2,0.11,0.39,1.28,1.86,0.23,0.12,3,0,0
1.94,1.12,0.73,0.67,0.41,3.03,0.25,0.06,3,0,0
0.45,0.04,-1.72,0.38,-0.2,1.44,-1.11,-1.56,3,0,0
1.89,2.03,3.41,2.0,0.18,-1.81,-0.83,-1.66,3,0,0
1.8,0.72,-0.06,-0.41,0.66,0.41,1.54,-1.59,3,0,0
1.78,0.62,-1.85,-1.6,-0.48,-0.57,2.08,-0.99,3,0,0
-0.38,-2.33,-0.79,-0.51,2.36,0.4,0.81,-1.27,3,0,0
0.18,0.4,0.16,0.62,0.27,1.95,-0.04,0.14,3,0,0
2.46,2.27,0.29,0.42,0.75,0.46,0.83,-0.99,3,0,0
-0.42,0.7,-0.18,0.24,-4.02,0.69,-1.16,2.64,3,0,0
0.06,1.81,-0.81,-0.73,-0.68,-0.34,1.67,1.26,3,0,0
0.89,0.22,0.05,1.15,-0.19,1.41,-1.27,-1.45,3,0,0
1.59,0.42,-0.42,0.48,0.26,-0.75,0.02,-1.03,3,0,0
0.74,0.27,-0.84,-0.09,-0.58,1.5,0.16,0.12,3,0,0
0.89,-0.94,1.95,0.89,-0.92,0.83,-0.96,0.01,3,0,0
1.3,2.58,-0.44,0.36,0.03,-1.66,0.81,-0.78,3,0,0
1.77,1.93,0.6,1.04,-0.38,0.17,0.3,0.71,3,0,0
0.62,2.17,1.41,2.06,-0.15,2.0,-1.36,-0.64,3,0,0
1.34,0.86,1.01,0.51,-0.16,-0.87,0.58,-0.07,3,0,0
3.11,1.13,0.58,1.36,-2.36,-1.99,-1.59,-1.18,3,0,0
-2.08,-1.1,-1.38,-0.46,0.81,-1.22,0.23,-0.44,3,0,0
0.45,-1.3,-3.6,-2.48,0.46,1.54,2.57,0.22,3,0,0
-0.15,-0.6,2.01,0.76,1.3,0.94,0.43,0.77,3,0,0
1.34,1.3,1.39,1.13,1.72,1.44,0.21,-1.23,3,0,0
-2.8,-3.42,-3.52,-1.45,0.86,0.23,0.55,1.26,3,0,0
-0.01,-0.08,-1.48,-0.55,0.63,1.24,0.65,-1.26,3,0,0
0.39,0.58,1.26,-0.91,0.28,-1.96,2.41,0.31,3,0,0
-0.02,-1.76,-1.78,-0.01,1.43,1.54,-0.42,-2.07,3,0,0
0.51,-0.21,0.83,0.08,0.58,0.83,1.3,1.96,3,0,0
1.55,1.52,0.59,0.99,-0.71,0.13,-0.39,-0.6,3,0,0
0.08,-0.95,0.23,2.16,4.14,-0.83,-1.92,-5.64,3,0,0
0.78,1.33,1.28,1.62,-0.3,1.93,-1.24,-0.49,3,0,0
0.78,1.44,-1.02,-1.09,-1.99,-0.24,1.53,1.35,3,0,0
0.62,-0.7,-2.25,-0.86,-0.01,-0.38,0.93,-0.59,3,0,0
1.03,-1.81,1.53,1.13,1.33,-2.88,-0.86,-2.25,3,0,0
-0.25,-2.03,-0.78,0.84,1.85,-0.97,-0.96,-2.15,3,0,0
0.27,1.22,-1.49,-1.04,2.45,-0.41,2.59,-1.66,3,0,0
1.08,-0.35,1.08,0.64,-0.34,-2.24,0.04,0.25,3,0,0
-1.76,-0.62,0.66,-1.16,-0.6,-0.09,2.25,3.5,3,0,0
0.09,0.42,1.49,0.14,0.82,-0.24,0.83,-0.67,3,0,0
1.19,0.98,-0.44,-0.83,-2.08,-1.45,1.06,0.43,3,0,0
0.96,1.43,-1.03,-0.18,0.2,2.56,0.44,-1.2,3,0,0
-1.15,-0.54,0.2,0.23,1.87,-2.72,0.89,0.03,3,0,0
0.1,1.24,2.17,0.09,-1.48,-0.47,0.76,1.25,3,0,0
0.62,0.08,-0.55,-0.77,-0.5,0.69,0.87,-0.67,3,0,0
-1.21,-1.53,-0.12,-0.76,2.34,-1.62,1.53,-1.29,3,0,0
0.08,-0.57,-3.28,-2.19,-0.8,0.24,2.33,1.28,3,0,0
0.44,1.16,-3.07,-1.7,1.63,-0.39,2.44,-1.81,3,0,0
0.72,0.62,-0.54,-0.84,0.46,-1.38,2.13,0.62,3,0,0
3.41,2.9,3.73,0.53,-0.92,1.49,2.23,1.45,3,0,0
0.59,1.01,0.63,0.13,1.29,0.77,0.99,-0.72,3,0,0
-0.68,-1.41,-1.97,1.41,-0.64,0.7,-3.02,-0.93,3,0,0
-1.06,-1.59,0.49,0.68,2.81,-0.4,0.4,-0.12,3,0,0
0.33,-1.41,-1.18,-1.23,1.36,1.2,1.23,-2.2,3,0,0
3.74,3.57,4.61,3.21,0.68,-2.95,-1.13,-4.1,3,0,0
-0.11,-1.19,-1.8,-1.4,0.32,-2.03,2.68,1.99,3,0,0
-0.05,0.02,-1.96,0.08,-1.58,2.36,-1.15,-0.43,3,0,0
1.31,2.88,2.44,1.61,-1.92,-0.34,-1.05,0.35,3,0,0
1.75,-0.32,-0.85,-1.19,-0.54,-3.8,2.54,1.49,3,0,0
-1.29,-1.34,-2.37,-1.78,-0.17,-0.26,1.88,1.96,3,0,0
1.44,3.8,1.91,1.97,-0.86,-0.06,-1.05,-0.82,3,0,0
-0.64,-3.3,-0.72,-0.86,1.64,-3.46,2.0,1.13,3,0,0
1.63,1.82,0.01,0.14,0.25,0.39,1.2,-0.54,3,0,0
0.18,0.12,1.67,-0.11,0.97,-0.25,1.65,0.3,3,0,0
-1.17,-1.39,-3.09,-1.76,1.74,0.46,2.61,1.26,3,0,0
1.85,2.58,-0.38,0.61,-1.99,1.55,-0.91,-1.8,3,0,0
1.51,1.02,0.5,1.52,0.39,2.19,-1.06,-1.52,3,0,0
1.29,1.08,-1.38,-0.39,1.63,-1.15,1.66,-1.83,3,0,0
-1.41,-2.06,-0.38,1.41,1.68,4.08,-2.13,-1.06,3,0,0
-0.31,-1.38,-0.24,-1.07,1.19,-2.93,1.84,-0.61,3,0,0
-0.79,0.91,0.63,0.68,-0.82,0.88,-0.91,-0.05,3,0,0
0.08,0.72,1.27,0.74,1.64,1.91,1.08,0.83,3,0,0
-0.08,0.72,0.06,-0.67,0.39,0.13,1.34,-0.82,3,0,0
-1.97,-3.79,0.21,-0.59,4.6,-1.44,2.08,-0.94,3,0,0
-1.0,-1.85,1.1,1.61,3.43,-0.4,-0.59,-0.94,3,0,0
1.32,1.13,1.07,0.55,0.79,3.36,0.02,-2.1,3,0,0
1.36,0.89,1.63,1.8,1.24,-1.38,-0.83,-2.78,3,0,0
0.5,0.82,-0.39,-0.15,-1.75,-0.1,0.09,0.07,3,0,0
-0.2,-0.64,0.13,0.4,1.16,-1.32,-0.04,-1.34,3,0,0
-0.4,0.5,2.89,2.47,-0.68,1.37,-1.77,1.05,3,0,0
0.34,-1.07,-0.37,0.47,1.99,0.59,-0.18,-1.83,3,0,0
2.2,0.38,-0.31,-0.06,1.07,0.05,0.86,-2.61,3,0,0
0.03,1.93,1.32,2.33,1.9,1.53,-1.0,-0.32,3,0,0
0.22,-1.0,1.15,1.29,-0.08,-0.08,-1.81,-2.3,3,0,0
-1.48,-4.14,-3.03,-1.49,4.93,1.04,2.7,-0.05,3,0,0
0.76,2.02,-0.9,-0.4,-2.87,1.73,-0.28,0.01,3,0,0
-2.7,-2.49,1.49,1.07,2.72,-2.17,-0.14,0.05,3,0,0
-2.02,-0.78,0.02,0.68,2.44,0.86,-0.66,-1.33,3,0,0
1.07,1.19,0.81,-0.45,1.42,-3.68,2.09,-1.56,3,0,0
2.53,0.9,-2.36,-0.52,-1.61,-0.99,0.33,-1.39,3,0,0
1.99,2.24,0.24,0.16,-1.56,-0.88,0.13,-1.33,3,0,0
0.85,0.75,0.7,0.01,1.41,0.77,1.66,0.58,3,0,0
-1.23,-3.56,-2.35,-0.33,4.27,1.16,0.76,-2.13,3,0,0
-1.98,0.18,0.6,0.7,0.1,3.67,-0.85,0.31,3,0,0
0.73,3.22,1.85,0.19,-1.22,-0.69,1.63,2.49,3,0,0
0.84,2.1,-2.36,-1.34,-0.64,0.28,1.9,0.33,3,0,0
-0.09,-0.69,-0.79,-1.43,0.35,1.87,1.82,-0.02,3,0,0
-0.28,0.59,-0.52,1.29,-0.05,1.96,-1.26,0.41,3,0,0
2.28,3.39,0.94,-0.32,-2.94,0.4,1.56,2.61,3,0,0
0.21,-0.15,-0.54,-0.79,0.35,2.33,1.54,1.44,3,0,0
-0.03,0.64,-2.47,-0.71,0.25,1.67,0.95,-0.6,3,0,0
0.05,-1.02,-1.9,-1.21,2.43,-1.4,2.37,-0.79,3,0,0
-0.52,-0.43,-0.81,-0.79,-0.89,-2.31,1.76,3.57,3,0,0
1.59,1.5,0.27,0.59,0.01,-0.54,-0.21,-1.93,3,0,0
-0.47,1.27,-2.54,-0.49,0.36,2.63,0.23,-0.87,3,0,0
-0.14,-0.88,-0.41,0.92,0.72,3.23,-1.27,-0.63,3,0,0
-1.73,-3.17,-2.92,-1.12,-0.78,1.39,-0.14,1.31,3,0,0
-1.0,-1.33,-3.42,-1.51,-0.15,0.43,1.22,1.04,3,0,0
0.05,1.19,-1.86,-0.09,0.07,2.73,-0.24,-1.42,3,0,0
1.63,1.05,1.25,-0.04,-0.8,-0.11,0.97,0.27,3,0,0
1.06,0.28,1.73,0.47,0.53,-5.24,1.54,0.7,3,0,0
1.27,0.92,-0.36,-0.36,-3.07,-0.49,-0.03,0.55,3,0,0
-0.76,-0.64,-1.79,-0.39,0.17,1.52,0.13,0.77,3,0,0
1.05,1.63,2.39,1.32,0.49,-2.23,0.13,-0.8,3,0,0
0.77,1.58,-0.7,0.96,2.13,1.69,0.42,-0.98,3,0,0
0.54,0.41,-2.32,-0.23,0.73,-1.35,0.58,-1.03,3,0,0
0.75,1.4,-0.9,-1.78,-0.98,-1.26,2.86,1.35,3,0,0
-0.4,-1.47,-0.56,-1.05,0.02,0.54,1.71,2.68,3,0,0
-0.41,-2.57,-2.65,-1.62,1.08,1.03,1.57,-0.09,3,0,0
0.2,-0.19,-3.56,-1.6,0.07,-0.25,1.52,-0.38,3,0,0
-0.14,-1.73,-0.87,0.34,0.91,-0.6,-0.85,-2.22,3,0,0
1.08,-0.68,1.77,1.91,-0.22,1.37,-1.99,-1.15,3,0,0
0.49,1.09,-0.03,0.38,0.53,-2.27,0.12,-1.63,3,0,0
-1.23,-0.54,-1.16,-0.88,-0.08,-1.17,1.49,2.91,3,0,0
-1.23,-0.99,1.98,0.87,2.16,-1.29,0.48,0.4,3,0,0
1.04,1.57,-3.32,-2.02,-1.35,-3.04,2.38,0.08,3,0,0
0.38,-0.57,-1.9,-0.25,1.25,0.29,0.26,-1.56,3,0,0
1.01,2.04,-0.36,0.31,-2.95,-0.42,-0.5,0.31,3,0,0
0.88,-0.03,-0.47,-0.29,-0.85,-1.04,0.51,-0.74,3,0,0
0.6,-3.0,-2.1,-1.77,3.29,-1.27,3.37,-0.85,3,0,0
1.54,0.12,-1.01,0.0,-2.63,2.35,-0.54,1.32,3,0,0
-0.06,-0.6,0.24,1.48,1.9,2.25,-1.67,-3.29,3,0,0
1.83,1.73,0.32,-0.29,-1.01,1.02,0.48,-1.68,3,0,0
1.47,1.23,-0.37,1.03,-0.44,1.25,-1.18,-2.71,3,0,0
0.01,-0.66,-1.81,-1.2,1.52,0.8,1.98,-0.03,3,0,0
1.3,0.72,1.63,0.47,-1.79,0.94,0.1,1.71,3,0,0
0.09,1.98,2.19,1.73,-2.77,1.63,-1.38,2.67,3,0,0
-0.88,-2.04,0.87,0.06,0.34,-2.26,0.56,1.37,3,0,0
0.83,-1.61,-4.06,-1.17,0.26,1.94,-0.37,-2.93,3,0,0
0.05,-0.43,-2.33,0.38,-0.55,1.54,-0.92,0.16,3,0,0
2.94,4.3,-1.27,-0.35,-1.4,0.87,1.53,0.11,3,0,0
-0.57,0.73,-0.82,0.08,-1.85,1.5,-0.5,1.26,3,0,0
0.5,-0.02,-1.28,-1.62,-0.38,0.52,2.53,1.59,3,0,0
0.19,0.83,-1.39,-1.39,-2.54,0.08,0.97,1.27,3,0,0
0.16,0.08,1.78,1.45,1.97,0.53,-0.41,-1.07,3,0,0
-0.13,-0.42,-0.67,-1.12,0.79,-0.97,2.22,1.26,3,0,0
-0.93,0.8,-0.04,-0.65,-0.4,-0.37,1.09,0.74,3,0,0
0.55,-0.1,2.99,1.84,-1.47,-1.96,-1.47,1.18,3,0,0
-0.74,-1.26,-3.6,-1.31,0.5,0.89,1.36,0.65,3,0,0
-2.2,-4.39,3.45,1.95,5.0,0.26,-1.18,-2.19,3,0,0
-2.4,-2.13,-2.87,-1.75,1.7,-1.53,2.8,2.2,3,0,0
-0.61,-0.66,-0.02,1.36,0.56,0.07,-2.26,-1.9,3,0,0
-0.41,-0.74,-0.65,-0.12,1.03,-2.72,1.06,1.01,3,0,0
0.47,-0.17,-0.78,1.13,0.11,1.28,-1.97,-2.81,3,0,0
1.0,-0.19,-0.04,-0.25,0.97,1.57,1.33,0.39,3,0,0
1.84,2.33,2.37,1.64,0.68,-3.19,-0.45,-2.89,3,0,0
-0.6,-1.7,-1.17,0.15,-1.0,-1.11,-0.99,0.81,3,0,0
-1.29,-2.15,1.91,1.6,2.01,-0.38,-0.88,0.64,3,0,0
-1.61,-3.28,-2.23,-1.35,1.85,-2.64,1.94,1.07,3,0,0
0.43,0.27,0.64,-0.0,1.5,-0.35,1.64,0.26,3,0,0
1.46,2.65,2.5,1.28,-1.33,-0.99,-0.47,-1.02,3,0,0
-0.18,0.76,-0.78,-1.03,1.05,-2.38,1.94,-0.13,3,0,0
1.24,-0.17,0.91,0.06,0.02,-1.27,0.65,-0.63,3,0,0
-0.11,-0.53,-0.08,-1.43,1.18,-1.22,2.92,1.5,3,0,0
0.81,2.1,0.42,0.86,-1.13,0.62,-0.52,0.27,3,0,0
0.0,-1.03,0.33,-1.23,1.15,-2.35,2.52,0.16,3,0,0
0.71,1.88,1.27,0.65,-0.14,-0.57,0.96,0.89,3,0,0
0.31,1.02,-0.7,1.59,1.63,0.65,-1.9,-4.92,3,0,0
-0.28,1.86,-1.16,1.21,-0.28,3.75,-1.83,-1.4,3,0,0
0.7,0.28,1.49,-0.41,-1.67,-1.02,1.01,1.58,3,0,0
-0.08,0.42,0.32,1.97,0.25,-0.03,-2.12,-0.9,3,0,0
0.34,1.31,-0.44,1.48,-0.87,1.69,-1.89,-0.93,3,0,0
1.58,1.89,-0.66,-0.52,-2.71,1.65,0.94,2.49,3,0,0
-0.17,1.54,1.23,-0.23,1.79,-2.57,2.28,-0.31,3,0,0
-1.28,-1.4,-0.65,0.96,0.71,-0.54,-1.05,0.31,3,0,0
-1.18,-3.13,0.75,0.61,5.39,1.2,0.56,-2.51,3,0,0
1.01,2.54,-0.1,0.82,-0.13,0.43,-0.08,-1.14,3,0,0
1.92,0.85,-1.72,-1.74,-0.59,-0.14,3.02,1.36,3,0,0
-0.39,-0.79,0.44,0.9,1.54,3.3,-0.82,-1.77,3,0,0
0.21,-1.45,-2.62,-1.43,0.76,-1.73,1.58,-0.86,3,0,0
-0.62,-1.15,-1.15,-0.86,0.83,-1.56,1.1,-0.69,3,0,0
0.92,-0.38,0.8,1.61,-1.16,0.13,-2.2,-1.17,3,0,0
-2.29,-2.97,1.74,1.7,4.06,1.7,-0.8,-0.4,3,0,0
-0.75,-1.11,1.07,0.06,-0.15,4.31,0.04,1.21,3,0,0
-0.61,-2.16,0.25,-0.75,1.29,0.07,2.16,2.5,3,0,0
0.04,-1.25,1.43,1.05,1.32,2.58,-0.45,-0.3,3,0,0
-0.36,0.99,-2.36,-1.83,-0.96,-0.03,2.56,2.27,3,0,0
-1.67,-3.23,-0.83,-1.25,-0.93,-1.95,1.17,3.09,3,0,0
-2.22,-2.67,-1.06,-0.88,0.29,-2.52,0.17,-0.59,3,0,0
-0.29,-0.08,-1.61,-0.14,1.57,-0.04,0.62,-1.95,3,0,0
1.27,2.26,0.63,0.85,1.23,4.5,0.36,-0.73,3,0,0
-1.82,-2.13,0.34,0.7,0.64,0.96,-0.56,1.76,3,0,0
1.86,1.05,-2.09,0.35,-1.43,3.48,-0.99,-0.58,3,0,0
3.04,2.02,-0.37,0.91,-0.06,0.6,-0.09,-1.4,3,0,0
-1.17,-1.94,-2.48,-1.72,2.47,1.76,1.85,-1.25,3,0,0
-1.38,-2.37,0.4,2.2,3.79,0.09,-1.94,-3.02,3,0,0
1.26,3.88,0.69,0.11,-4.42,-0.51,0.03,1.42,3,0,0
1.54,1.47,-0.48,-0.12,1.87,-1.76,1.52,-2.36,3,0,0
1.66,0.6,-1.56,-1.52,-1.73,0.07,1.54,-0.48,3,0,0
0.58,0.48,0.2,0.64,-0.06,0.3,-0.28,-0.69,3,0,0
-0.39,-0.69,0.5,0.08,0.58,-3.57,0.82,-0.16,3,0,0
0.99,2.91,0.43,0.8,-0.78,2.03,-0.23,-0.47,3,0,0
-0.77,-0.47,-1.75,-1.45,2.65,-1.78,3.04,-0.25,3,0,0
0.48,0.45,0.4,-0.45,-0.88,-2.43,0.89,-0.22,3,0,0
0.82,-1.74,-3.15,-1.36,0.57,-1.02,0.96,-2.46,3,0,0
1.19,2.01,2.92,1.46,1.25,-3.39,0.52,-1.1,3,0,0
1.64,0.27,-0.16,0.9,0.53,-1.29,-0.43,-2.02,3,0,0
-0.78,-1.96,-1.9,-1.0,-0.38,-0.41,0.85,1.69,3,0,0
0.53,0.32,-1.18,-0.08,0.24,-0.15,0.14,-1.64,3,0,0
0.4,1.06,-2.59,-0.75,0.8,-2.89,1.95,0.64,3,0,0
0.98,1.13,0.69,0.22,0.47,-3.66,1.32,-0.6,3,0,0
-0.52,0.06,-0.44,-0.06,2.11,-1.14,0.77,-2.57,3,0,0
-1.9,-2.12,0.78,0.17,2.25,-0.33,0.48,0.1,3,0,0
2.39,1.71,1.15,1.28,-1.2,0.52,-0.85,-0.73,3,0,0
-1.16,-2.91,-1.35,-1.54,-0.27,-1.95,1.56,1.57,3,0,0
0.61,-1.28,1.09,0.46,2.76,-0.41,0.29,-2.66,3,0,0
1.11,-0.31,1.2,-1.07,-0.23,-2.5,2.98,1.99,3,0,0
0.11,0.06,0.73,0.21,1.15,-2.32,1.13,-0.09,3,0,0
-3.08,-1.4,0.21,0.44,2.35,-1.14,0.53,1.42,3,0,0
0.88,3.32,-0.87,0.76,-2.34,1.36,-1.49,-1.62,3,0,0
-2.01,-2.89,-0.2,-1.19,3.77,-1.61,2.8,0.76,3,0,0
1.47,0.49,-0.5,-0.64,-1.72,-2.77,1.48,1.68,3,0,0
-1.14,-1.92,-0.78,0.99,3.59,-1.87,-0.13,-1.64,3,0,0
2.11,2.04,1.76,1.52,-0.94,0.74,-0.97,-1.03,3,0,0
-1.18,1.2,-1.22,0.46,-0.43,2.25,-0.31,1.22,3,0,0
-1.43,1.23,-3.07,-2.22,2.3,-1.66,3.84,0.65,3,0,0
-1.52,-0.04,0.96,2.0,1.67,0.18,-1.78,-0.52,3,0,0
-1.15,0.05,1.28,0.66,0.12,0.45,-0.02,1.05,3,0,0
1.07,0.93,0.31,1.05,0.26,-1.58,-0.51,-1.61,3,0,0
-2.24,-1.8,-0.12,-0.57,1.77,1.1,1.15,1.46,3,0,0
-0.48,0.91,1.49,0.6,-0.12,0.4,-0.28,-0.83,3,0,0
-0.0,-0.12,-0.01,0.74,0.18,1.73,-0.82,-0.85,3,0,0
-0.91,-0.53,-0.43,0.07,0.18,1.8,0.42,1.28,3,0,0
-0.06,-0.79,-0.06,0.26,2.19,1.27,0.66,-0.74,3,0,0
0.51,-0.18,-1.02,-0.17,-0.48,0.96,0.48,0.53,3,0,0
0.07,-0.08,-2.46,-0.25,0.52,1.42,-0.28,-2.01,3,0,0
0.32,2.41,0.47,-0.22,2.06,-0.63,2.42,-0.72,3,0,0
0.45,0.84,0.11,0.17,-0.44,-1.62,0.16,-0.4,3,0,0
1.08,1.4,2.27,1.52,0.22,-2.34,-0.47,-1.7,3,0,0
-0.12,0.93,1.4,1.58,0.88,2.69,-0.44,0.44,3,0,0
-0.6,-0.99,-1.43,-1.68,-0.61,1.72,1.62,1.79,3,0,0
-1.71,-2.03,-1.36,-0.45,4.57,-1.65,1.69,-1.93,3,0,0
-0.13,0.43,-0.93,-0.62,-0.79,-0.31,0.39,-0.38,3,0,0
-0.03,-1.1,-3.07,-1.97,1.05,0.06,2.09,-0.67,3,0,0
0.42,0.03,0.02,-0.22,0.11,0.04,1.12,0.97,3,0,0
0.08,-0.31,-2.13,-0.84,0.01,0.07,1.23,0.94,3,0,0
0.49,0.25,0.79,-0.2,2.11,-0.38,1.7,-1.29,3,0,0
1.01,1.65,-0.43,0.22,-0.88,2.43,0.43,0.51,3,0,0
1.47,2.17,0.4,0.21,-0.75,1.42,0.82,0.31,3,0,0
1.92,2.13,2.96,1.73,-0.57,-2.75,-0.8,-1.87,3,0,0
