@relation SyntheticData-N_1200-D_8-Nmin_60-Zmin_4-CL_2_1-R_0
@attribute X0 real [-6.46, 5.10]
@attribute X1 real [-6.68, 6.75]
@attribute X2 real [-3.89, 4.24]
@attribute X3 real [-4.05, 3.94]
@attribute X4 real [-6.26, 5.40]
@attribute X5 real [-5.72, 7.44]
@attribute X6 real [-5.91, 4.94]
@attribute X7 real [-3.92, 3.73]
@attribute cluster_idx {0,1,2}
@attribute is_noise {0,1}
@attribute Class {0,1}
@inputs X0,X1,X2,X3,X4,X5,X6,X7,cluster_idx,is_noise
@output Class
@data
0.34,3.45,1.07,1.76,-1.39,0.03,0.74,-3.92,0,0,1
1.2,1.28,-1.2,1.71,-2.01,1.87,2.02,-0.17,0,0,1
-1.55,0.21,-0.64,1.98,-0.11,0.14,-0.43,-0.85,0,0,1
0.96,0.23,-3.56,3.39,-1.27,4.54,3.15,-0.51,0,0,1
0.67,-2.92,-1.99,0.33,1.3,1.68,1.28,2.07,0,0,1
-0.09,-0.41,0.62,0.17,0.96,-0.8,0.06,-2.19,0,0,1
-0.05,-2.39,0.79,-0.56,2.06,1.7,-1.34,-2.67,0,0,1
0.66,2.91,-2.46,2.69,-2.18,1.23,3.61,0.99,0,0,1
-0.81,-1.61,0.01,-0.9,0.92,1.03,-1.35,0.44,0,0,1
0.62,-1.58,3.51,-2.49,0.27,-2.42,-2.39,-1.32,0,0,1
-1.92,2.02,0.75,1.02,-0.44,-2.31,-1.22,-0.09,0,0,1
-0.94,-2.1,1.35,-0.46,2.11,-1.86,-1.85,-0.61,0,0,1
0.87,-0.06,-0.83,2.05,1.15,2.97,1.23,-2.43,0,0,1
-0.78,0.15,0.51,-1.71,-0.3,-2.11,0.08,0.79,0,0,1
0.55,1.09,1.53,0.6,-0.04,-0.43,-0.52,-3.42,0,0,1
0.43,2.98,0.01,1.78,-1.37,1.98,1.38,-2.18,0,0,1
1.13,-1.25,0.91,0.99,0.59,1.13,-0.34,-0.77,0,0,1
-0.29,-0.98,-0.51,-0.06,-0.19,-0.79,0.32,0.22,0,0,1
1.66,-0.03,2.13,-0.33,-1.01,-2.25,-0.17,2.45,0,0,1
2.34,0.57,1.66,2.6,-0.29,1.84,0.4,-3.14,0,0,1
2.43,-1.22,0.95,2.72,-1.19,0.93,0.84,-0.34,0,0,1
0.42,1.34,-0.24,1.39,-1.42,-0.24,1.31,0.55,0,0,1
-0.62,-2.01,2.97,-3.8,2.31,-2.2,-2.48,-0.44,0,0,1
2.32,-0.48,0.53,1.78,0.08,1.22,1.67,-2.04,0,0,1
1.08,0.22,-0.86,1.35,-1.25,2.74,1.3,1.23,0,0,1
0.49,-0.88,1.7,-0.18,0.54,2.37,-1.68,-3.33,0,0,1
1.99,-1.14,-1.54,3.04,-0.59,3.2,2.24,-0.47,0,0,1
-1.06,-2.73,0.46,-1.4,0.54,2.1,-2.44,1.46,0,0,1
-0.73,-0.11,-0.7,-0.02,0.0,0.97,0.19,-1.04,0,0,1
-0.35,-2.01,4.24,-0.27,0.59,-2.45,-4.11,0.17,0,0,1
-2.03,0.7,0.25,-1.82,0.41,-1.26,-0.84,-2.19,1,0,1
-0.22,2.5,1.62,-1.44,1.06,1.23,-2.22,-1.08,1,0,1
-1.92,-0.68,-0.09,-2.78,-0.31,-1.04,1.6,-1.58,1,0,1
-1.22,-0.64,-2.67,-1.98,0.01,-0.21,0.16,0.46,1,0,1
-3.54,0.16,-1.51,-2.01,-0.08,-1.73,-1.65,-2.17,1,0,1
-0.88,2.31,-0.6,-0.82,1.26,1.86,-3.84,0.02,1,0,1
-0.72,0.29,2.13,1.43,2.42,3.04,-0.62,0.76,1,0,1
-3.04,-0.77,-2.76,0.29,0.7,0.94,-2.93,1.45,1,0,1
0.08,0.22,-0.27,-1.34,-0.47,0.02,0.11,-0.14,1,0,1
-2.75,-0.58,0.49,-0.54,-1.06,-0.85,-0.79,-1.46,1,0,1
1.16,-0.27,-1.93,-0.05,0.09,1.33,0.04,1.6,1,0,1
-1.24,1.67,1.71,-0.79,1.23,-0.96,-0.28,-3.61,1,0,1
-0.35,-0.28,0.1,-0.51,0.55,1.0,0.73,0.13,1,0,1
0.29,1.81,0.97,0.14,2.17,1.4,-0.56,-1.29,1,0,1
0.97,1.7,1.39,-0.33,1.18,0.23,-0.5,-1.21,1,0,1
-0.62,1.46,0.49,-0.12,1.16,-0.78,-1.88,-0.82,1,0,1
-0.01,-0.89,1.78,1.56,0.51,-1.79,2.2,-1.62,1,0,1
-0.14,-0.4,-0.5,0.85,-0.25,2.13,-1.05,2.03,1,0,1
0.46,0.13,-0.82,-0.32,0.32,1.63,-0.27,1.28,1,0,1
-1.21,-0.11,-0.56,-1.52,0.26,1.73,-1.19,1.92,1,0,1
1.24,-0.91,-0.63,0.41,-1.39,-1.62,1.13,0.25,1,0,1
0.61,0.75,-0.85,0.29,-0.59,-0.05,-1.93,1.02,1,0,1
0.59,-0.11,-1.69,-2.13,-1.31,2.03,-1.76,3.73,1,0,1
-0.34,0.15,0.84,-0.72,-1.05,0.3,-0.2,-0.56,1,0,1
0.32,1.7,-1.55,-0.68,0.93,-1.21,-1.48,-0.99,1,0,1
-0.75,-0.51,-0.6,-0.54,-0.43,0.35,-0.22,0.29,1,0,1
-1.21,1.53,1.26,0.68,1.54,3.39,-3.12,0.3,1,0,1
0.85,-0.74,1.53,1.8,0.81,1.88,0.79,1.64,1,0,1
-1.42,3.13,-1.59,-0.89,0.66,-1.66,-4.98,-2.08,1,0,1
-0.87,-1.05,1.36,0.93,-0.11,-2.4,1.52,-1.81,1,0,1
-1.49,-0.92,0.24,0.06,1.82,-0.55,2.35,-0.03,2,0,0
-4.96,-0.91,2.06,-0.74,3.71,-1.28,1.05,2.78,2,0,0
-0.32,1.79,1.5,2.6,0.49,1.3,2.12,1.43,2,0,0
1.45,0.4,-0.09,0.11,-0.78,-0.88,-1.7,-0.49,2,0,0
-2.03,-1.08,-2.37,-2.94,0.46,-0.57,0.46,-1.98,2,0,0
1.33,2.04,-1.8,0.93,-2.56,-1.36,-5.08,0.26,2,0,0
-0.63,0.2,-2.01,-0.93,0.28,0.45,0.28,-0.3,2,0,0
-1.02,0.16,-1.19,0.14,-0.43,2.57,-2.23,0.45,2,0,0
-1.59,-0.55,0.31,-0.78,1.64,-0.67,1.36,-0.5,2,0,0
-0.54,-1.34,-2.14,-2.11,0.33,3.94,1.29,-1.99,2,0,0
0.99,1.83,-1.28,0.08,-1.21,0.93,-0.18,-0.87,2,0,0
0.6,-0.05,0.22,0.69,0.72,2.92,0.62,0.98,2,0,0
-1.59,0.55,-0.04,-0.57,0.63,-0.59,-0.88,0.36,2,0,0
-1.52,0.49,0.98,0.18,-0.16,1.6,0.52,3.51,2,0,0
-3.63,0.24,0.71,-0.37,1.59,0.19,0.08,1.44,2,0,0
-5.15,-3.35,-2.41,-2.95,3.38,0.52,2.33,-0.25,2,0,0
-0.46,-0.26,-0.29,-0.33,0.25,0.32,-0.27,0.21,2,0,0
0.7,2.39,-0.92,0.66,-0.99,-2.1,-2.36,-0.49,2,0,0
-3.25,-3.91,4.1,-0.47,4.94,1.12,3.13,2.37,2,0,0
-1.29,2.1,-0.03,0.41,-0.67,-1.07,-0.54,1.8,2,0,0
2.75,2.13,-0.12,0.34,-2.31,-1.08,-3.02,-0.67,2,0,0
-2.55,-2.78,0.24,-0.72,3.01,1.9,1.86,1.4,2,0,0
1.63,1.09,-2.2,-0.2,-1.48,0.93,-1.32,-1.59,2,0,0
0.84,0.35,-0.2,1.7,-0.46,1.95,0.2,1.29,2,0,0
0.24,0.87,-0.5,-0.92,-0.55,-0.65,-0.6,-0.26,2,0,0
2.19,1.77,-2.41,-0.05,-2.3,0.75,-1.78,-1.24,2,0,0
-0.16,-1.13,-0.87,-1.2,0.36,-2.13,-1.03,-0.8,2,0,0
3.77,1.94,-0.68,2.02,-1.56,3.06,-2.26,-0.73,2,0,0
-0.77,0.54,-0.95,-1.44,0.58,-1.91,0.32,-1.97,2,0,0
1.38,-0.54,0.69,0.55,0.86,4.04,-0.14,-0.77,2,0,0
2.88,3.22,1.98,3.07,-1.33,-0.95,-0.82,1.03,2,0,0
2.89,1.58,-2.36,0.9,-2.27,1.42,-1.82,-1.32,2,0,0
0.78,0.14,-1.58,-0.66,-0.56,0.62,-0.71,-1.35,2,0,0
-0.28,1.39,-1.56,0.39,-0.23,0.12,-0.36,-0.82,2,0,0
1.62,-0.16,-0.7,-0.69,-0.44,0.51,-0.69,-1.8,2,0,0
0.8,0.43,-0.67,0.26,-0.69,2.96,1.0,-0.52,2,0,0
-0.75,-0.78,-1.56,-0.71,0.72,0.48,0.57,-1.22,2,0,0
-0.93,1.46,-0.28,0.5,0.72,-3.29,2.64,-0.46,2,0,0
2.35,3.17,-0.72,0.88,-1.79,-3.33,-0.45,-1.77,2,0,0
0.27,1.8,-1.07,1.93,-1.27,3.74,-2.09,2.25,2,0,0
2.12,-0.53,0.37,0.44,0.75,5.53,2.4,-1.09,2,0,0
1.03,-1.08,1.52,0.66,2.5,2.98,4.79,-1.35,2,0,0
-3.88,-3.87,-1.02,-2.03,3.72,1.87,2.24,-0.19,2,0,0
-0.04,-0.61,-0.03,-0.34,0.56,0.74,0.49,-0.62,2,0,0
1.17,0.5,-0.3,-0.59,-0.0,-1.64,-0.54,-1.73,2,0,0
-2.14,-2.31,0.51,-1.85,2.14,-1.38,0.61,0.56,2,0,0
-1.97,-0.1,1.17,1.06,1.56,1.04,2.22,2.22,2,0,0
-2.7,-0.0,-0.88,-0.47,0.39,-1.47,0.41,1.46,2,0,0
0.82,3.5,0.79,2.29,-1.78,1.29,-2.57,2.19,2,0,0
2.07,0.31,1.18,0.08,-0.43,0.14,-1.21,-0.25,2,0,0
-1.08,1.35,-1.83,-1.44,-1.08,-3.93,-2.12,-0.88,2,0,0
-0.44,1.28,1.52,1.32,0.3,2.4,0.34,2.2,2,0,0
-0.78,1.01,-1.73,-0.61,-0.93,-0.88,-2.72,0.47,2,0,0
-1.47,1.41,0.16,-1.05,-1.42,-4.16,-4.07,1.49,2,0,0
-0.38,1.14,-1.06,-0.49,-0.94,-1.12,-1.47,0.75,2,0,0
-0.75,-1.29,-0.2,-0.74,1.2,0.51,0.8,0.01,2,0,0
-3.83,-1.52,-1.13,-1.85,3.01,-0.03,2.26,-0.2,2,0,0
0.36,0.06,-0.88,-0.88,-0.61,1.09,0.13,0.06,2,0,0
0.89,2.54,-0.3,0.58,-1.31,-1.81,-0.29,-0.69,2,0,0
0.71,2.47,0.41,0.5,-2.65,-2.91,-3.87,1.42,2,0,0
1.34,1.41,-2.01,0.58,-0.62,-0.9,0.21,-1.94,2,0,0
-2.2,-0.31,-1.25,-2.47,1.12,-3.26,0.16,-1.66,2,0,0
1.36,2.64,1.31,2.09,-1.32,0.17,-0.53,1.68,2,0,0
0.47,0.4,-0.01,1.52,1.6,3.28,2.82,-0.7,2,0,0
-1.56,-0.14,0.41,-0.66,2.29,0.9,1.38,-1.64,2,0,0
1.24,2.41,-2.17,0.83,-1.96,-0.21,-1.61,-0.09,2,0,0
-1.99,-0.74,0.61,-1.56,1.78,-2.76,-0.28,-0.23,2,0,0
0.53,-1.62,0.42,-0.84,1.36,1.59,1.15,-0.88,2,0,0
-1.8,-3.25,0.6,-1.07,2.76,1.43,1.44,0.53,2,0,0
1.33,-0.8,-1.28,-0.62,-0.9,0.87,-2.86,-0.48,2,0,0
0.58,0.21,-0.63,-0.41,0.08,1.62,1.17,-1.17,2,0,0
1.21,1.75,-0.02,0.5,-1.72,1.19,-2.01,-0.17,2,0,0
-0.43,1.51,-0.56,1.53,0.38,-1.5,-0.64,0.56,2,0,0
0.14,-1.31,-0.74,-0.88,1.1,1.13,0.65,-1.91,2,0,0
-1.29,-2.48,0.1,-1.52,2.07,3.2,1.02,-0.03,2,0,0
-2.73,0.19,0.87,-0.06,2.04,-1.21,0.44,1.07,2,0,0
-1.44,-1.22,0.23,-0.93,1.05,0.24,0.79,0.84,2,0,0
0.86,0.38,-0.54,0.01,-0.08,-0.14,0.28,-0.85,2,0,0
2.55,0.9,-1.99,1.34,-0.55,3.63,0.42,-1.96,2,0,0
-2.59,-0.53,-0.94,-1.22,1.35,-2.05,-1.2,0.18,2,0,0
-3.15,-0.75,0.37,-0.3,1.55,-1.64,0.18,1.46,2,0,0
-0.53,0.37,0.96,0.1,0.34,0.77,0.24,0.31,2,0,0
-3.85,-2.49,1.92,-1.02,4.12,-1.8,2.73,-0.11,2,0,0
-0.79,-1.87,-1.05,-1.11,1.28,4.02,2.53,-0.97,2,0,0
-0.7,0.16,1.19,0.15,-0.41,-1.07,-1.74,2.34,2,0,0
3.06,0.28,-1.08,0.93,-0.75,2.67,0.12,-1.31,2,0,0
0.06,1.31,-1.98,0.48,-0.64,1.46,1.1,0.17,2,0,0
-0.82,0.78,-1.93,-0.24,0.3,1.65,1.17,-0.86,2,0,0
0.19,-1.43,0.48,-0.58,-0.07,1.44,-2.19,0.67,2,0,0
-0.04,-0.55,1.1,-1.4,0.84,-0.12,1.41,-0.97,2,0,0
-2.73,-0.79,-0.13,-1.63,1.88,0.04,1.66,-0.53,2,0,0
0.1,-2.34,1.27,-0.82,1.49,3.78,-0.45,-0.49,2,0,0
-1.1,0.46,0.1,-1.9,0.82,-0.48,2.17,-0.91,2,0,0
-1.69,0.23,2.03,-1.11,1.19,-1.79,0.15,-0.11,2,0,0
0.46,1.44,-2.32,-1.81,-1.56,-3.07,-1.4,-1.33,2,0,0
-3.16,0.48,0.57,-0.44,1.47,-2.37,1.24,1.23,2,0,0
-1.51,0.41,-0.38,-0.16,-0.04,-0.51,-0.57,0.8,2,0,0
0.93,1.02,-1.3,1.14,-0.05,-0.47,0.69,-0.91,2,0,0
0.49,0.03,0.29,0.44,0.54,2.44,0.34,-0.6,2,0,0
0.57,1.26,0.09,1.12,0.17,-1.42,0.26,-0.14,2,0,0
0.37,0.57,0.27,0.91,-0.59,-0.46,-1.95,1.05,2,0,0
2.58,2.17,-0.76,0.59,-3.03,-2.74,-3.28,1.02,2,0,0
-0.21,1.24,-0.84,0.0,-0.36,-0.34,-0.35,0.82,2,0,0
-0.16,2.39,0.86,1.28,-0.85,-0.35,-1.23,1.85,2,0,0
0.43,0.35,0.14,-1.16,-0.18,-1.15,0.16,-1.4,2,0,0
3.36,3.45,-1.42,1.0,-2.78,0.22,-0.83,-0.95,2,0,0
-2.02,0.36,-0.27,-1.0,0.64,-3.36,0.95,-0.29,2,0,0
-0.74,1.14,-0.25,-1.95,-1.22,-2.79,-2.33,-0.63,2,0,0
-1.04,0.9,0.47,-0.63,0.66,-0.82,0.6,-0.67,2,0,0
-0.19,1.49,-0.35,0.32,-1.03,-0.62,-1.39,1.0,2,0,0
2.23,1.72,-1.99,-0.64,-1.5,-1.13,0.93,-2.54,2,0,0
2.28,1.19,-1.75,0.51,-1.11,1.02,-0.45,-2.71,2,0,0
2.78,1.2,-3.78,0.06,-2.07,3.98,-0.92,-2.47,2,0,0
-2.93,-3.06,0.85,-1.56,3.83,1.17,3.56,0.14,2,0,0
1.87,0.88,0.93,0.61,-0.39,-0.19,-1.07,0.44,2,0,0
2.73,4.36,-1.66,2.28,-3.19,0.19,-2.88,-0.36,2,0,0
-2.36,-2.76,0.72,-0.66,3.18,2.77,2.78,0.1,2,0,0
0.95,3.9,-1.29,1.91,-1.96,-2.04,-0.19,0.24,2,0,0
-0.38,0.24,-0.02,-0.34,-1.02,-2.54,-4.38,1.91,2,0,0
1.45,-1.22,1.35,1.18,1.79,0.17,1.23,0.38,2,0,0
0.89,2.36,0.75,2.12,-0.97,0.66,-0.76,1.47,2,0,0
-1.8,-1.35,-0.17,-2.38,0.89,-0.32,-0.76,-0.29,2,0,0
-0.24,1.87,-1.09,0.12,-0.7,-2.58,0.48,-0.51,2,0,0
-1.95,-1.79,-0.49,-2.33,1.3,1.6,-0.3,-1.17,2,0,0
-2.74,-0.29,-1.62,0.42,1.02,1.88,1.53,1.77,2,0,0
2.27,-1.97,-2.38,-2.25,0.16,5.24,2.7,-3.14,2,0,0
2.01,1.74,-1.48,0.91,-0.9,1.08,-0.1,-1.54,2,0,0
-4.97,-1.64,-0.81,-2.66,2.44,-1.01,1.15,1.45,2,0,0
2.35,1.09,0.44,2.35,-0.12,1.82,0.24,0.11,2,0,0
2.17,0.33,-1.16,0.1,-0.73,3.79,0.38,-0.91,2,0,0
-1.03,-1.96,0.77,-0.42,3.09,1.47,4.39,-0.5,2,0,0
2.16,0.97,-2.42,0.7,-1.21,1.35,-1.46,-1.47,2,0,0
-2.63,1.54,-1.55,0.02,0.1,-0.62,-1.06,0.61,2,0,0
-1.75,-0.5,1.45,0.13,1.28,-0.04,1.79,2.26,2,0,0
-2.46,-1.68,-1.86,-2.78,1.32,0.11,0.97,-1.13,2,0,0
-0.04,0.21,0.39,-0.84,0.99,-0.54,0.88,-1.36,2,0,0
1.83,1.9,2.03,2.23,-1.19,-1.84,-2.07,2.32,2,0,0
-3.26,-2.04,0.03,-1.29,2.97,1.15,2.25,0.03,2,0,0
-0.23,2.45,-0.7,-0.48,-1.11,-3.9,0.59,-0.2,2,0,0
-1.46,-0.38,-2.21,-1.95,0.43,-2.61,-3.46,-1.32,2,0,0
0.19,-1.19,-0.96,0.37,1.73,1.47,2.75,-1.42,2,0,0
-0.54,-2.38,0.79,-0.21,2.73,-1.28,2.27,-0.82,2,0,0
2.2,2.48,-2.17,0.2,-3.42,-0.32,-2.42,-0.27,2,0,0
0.64,-1.0,-2.29,-2.01,-0.34,1.51,-0.04,-1.78,2,0,0
-0.95,-0.53,-0.55,-0.15,1.65,1.05,1.53,-0.58,2,0,0
-1.17,2.58,-3.07,-2.08,-1.63,-4.35,-0.65,-1.85,2,0,0
1.88,-1.92,-1.02,-0.5,0.52,1.74,-0.11,-1.99,2,0,0
1.35,2.44,-1.67,0.74,-1.69,1.18,-0.51,-0.75,2,0,0
0.27,-0.85,-0.94,-1.33,-0.02,0.91,-0.69,-0.83,2,0,0
0.0,-0.81,-1.39,-0.86,0.56,-0.22,-1.92,-0.95,2,0,0
-0.26,1.32,1.85,1.42,0.55,-1.14,0.28,1.38,2,0,0
-0.0,-2.4,-1.97,-1.47,-0.12,2.72,-0.86,-0.63,2,0,0
-1.8,-0.22,0.95,-0.64,1.3,-0.02,0.43,1.23,2,0,0
-1.4,-0.9,0.53,-1.01,0.86,2.11,-0.11,0.38,2,0,0
1.32,-0.17,-2.33,-0.65,-0.43,3.34,-0.82,-2.18,2,0,0
-0.91,-1.26,-0.64,-1.94,1.04,0.64,0.54,-1.73,2,0,0
0.07,0.08,-2.54,-0.95,-0.63,2.52,-1.12,-1.1,2,0,0
-2.1,-0.67,-1.94,-2.47,0.16,-1.42,-0.87,-1.11,2,0,0
-1.75,-2.46,-1.91,-2.65,1.4,1.52,1.93,-0.85,2,0,0
1.32,1.38,-0.62,-0.58,-1.32,0.3,-1.15,-1.46,2,0,0
-1.56,0.79,-0.57,-1.43,-0.14,-0.14,0.02,-0.3,2,0,0
-4.39,-2.58,1.47,-1.0,4.11,1.39,3.92,0.87,2,0,0
-2.48,1.0,-0.89,-1.34,-0.01,-4.15,-1.61,0.52,2,0,0
2.68,-0.78,0.37,0.1,-0.35,0.29,-0.48,-0.67,2,0,0
-1.53,0.24,-2.23,-2.95,-0.28,-3.62,0.28,-2.08,2,0,0
0.19,2.9,-1.89,-0.12,-2.17,-3.34,-1.72,-0.13,2,0,0
0.47,-1.43,1.24,-0.31,1.37,1.76,0.09,0.61,2,0,0
-0.82,-1.37,0.72,0.11,2.35,-1.39,-0.72,0.27,2,0,0
0.36,0.62,0.03,-0.56,-1.12,-0.85,-1.72,0.69,2,0,0
-0.23,2.35,0.17,1.84,-1.24,-0.09,-1.63,2.08,2,0,0
-1.99,-0.35,-1.34,-1.57,1.3,-1.45,0.89,-0.71,2,0,0
-0.15,-1.93,0.15,-1.4,0.7,2.29,0.14,0.21,2,0,0
0.96,1.87,-0.86,-0.86,-2.46,-0.97,-2.7,-0.67,2,0,0
0.55,1.16,0.55,0.55,-0.78,0.46,0.07,1.16,2,0,0
-0.97,-2.01,-1.51,-1.25,2.08,0.99,0.82,-1.45,2,0,0
1.59,1.16,-1.88,0.1,-1.66,1.94,-0.44,-1.46,2,0,0
1.77,2.31,-0.63,1.94,-2.47,0.05,-2.62,1.92,2,0,0
-0.19,-0.96,0.59,0.09,1.14,1.79,1.58,0.35,2,0,0
0.43,1.58,-0.49,-0.36,-0.63,-1.98,-1.43,-1.01,2,0,0
3.93,0.75,-0.58,0.39,-0.87,-0.5,0.37,-2.78,2,0,0
-1.76,2.0,0.66,0.62,-0.15,-4.2,-1.37,1.34,2,0,0
-1.66,0.17,1.9,0.97,2.14,1.56,1.4,1.49,2,0,0
1.65,0.48,-1.72,0.26,-1.18,2.44,-1.6,-0.21,2,0,0
0.32,0.62,-0.38,-0.54,0.17,-0.22,1.48,-0.91,2,0,0
0.97,-1.63,-0.4,-0.24,1.54,3.38,3.57,-0.89,2,0,0
0.59,1.8,-0.8,-0.8,-1.84,-2.3,-3.07,-0.2,2,0,0
1.22,1.11,-1.02,1.05,-0.98,0.29,-1.29,0.33,2,0,0
-1.89,-1.64,-1.47,-1.73,1.93,-0.77,2.57,-2.05,2,0,0
-3.82,-3.73,0.5,-2.17,4.31,-0.53,2.74,0.32,2,0,0
-2.79,-0.5,-2.05,-1.62,1.17,-0.9,-1.45,-0.76,2,0,0
1.47,-2.69,-0.9,-0.36,1.64,2.72,1.99,-1.5,2,0,0
-1.85,3.04,0.21,1.2,-1.6,-3.51,-1.69,2.49,2,0,0
1.49,2.49,-0.77,-1.35,-2.48,0.69,-1.29,-2.15,2,0,0
0.24,-0.16,-0.08,0.03,0.19,1.09,-1.18,-0.22,2,0,0
0.05,3.1,-1.64,1.06,-1.49,-1.86,-2.65,0.58,2,0,0
-4.11,-0.91,-0.45,-0.73,3.43,-0.79,3.5,-0.47,2,0,0
-2.42,0.58,-2.12,-1.09,-0.4,-0.04,-0.79,0.2,2,0,0
2.47,0.24,-0.96,0.15,-0.72,0.08,-2.67,-1.55,2,0,0
-2.24,-1.15,0.29,-0.2,2.39,-0.06,2.48,0.08,2,0,0
-1.94,0.45,0.24,-0.03,1.54,-1.41,1.22,0.56,2,0,0
-3.12,-0.57,-0.98,-0.45,1.56,0.54,-0.23,0.97,2,0,0
-0.17,1.28,-0.33,0.14,-0.94,-2.75,-0.63,1.06,2,0,0
5.1,0.78,-2.36,0.21,-3.13,2.21,-1.7,-2.0,2,0,0
-3.3,-0.96,-2.66,-2.46,0.63,-0.27,-0.08,-0.24,2,0,0
2.58,2.55,-1.14,1.42,-2.43,1.41,-1.06,-1.82,2,0,0
1.73,3.18,-2.13,-0.33,-2.46,-1.74,-3.04,-1.78,2,0,0
0.64,1.46,0.44,0.66,-0.84,3.71,-1.0,1.22,2,0,0
0.17,2.4,0.78,1.17,-1.12,-1.83,-1.45,1.43,2,0,0
0.15,2.35,0.05,-0.39,-0.92,-4.26,0.51,-0.86,2,0,0
-0.36,-5.41,0.1,-2.61,3.29,1.84,1.74,-1.75,2,0,0
0.81,2.24,-0.83,0.05,-2.1,1.12,-2.01,0.77,2,0,0
-0.86,-0.12,3.18,0.98,1.46,-1.81,0.06,2.87,2,0,0
-1.63,1.65,-0.3,-0.16,-0.62,-2.16,-1.2,1.37,2,0,0
0.43,0.78,-0.56,0.95,-0.98,0.38,-1.74,0.48,2,0,0
-2.22,-0.52,-0.67,-0.46,1.07,1.33,0.83,1.0,2,0,0
-1.43,-1.84,0.16,-1.19,1.91,0.02,2.22,-0.62,2,0,0
0.27,1.78,-0.33,0.33,-0.17,-3.19,0.29,-0.09,2,0,0
0.21,-0.67,-2.88,-0.58,0.46,2.97,0.34,-2.2,2,0,0
0.18,4.23,-1.23,1.5,-3.09,-1.0,-2.14,1.29,2,0,0
0.34,-0.94,0.42,-0.29,0.63,0.47,-0.6,0.43,2,0,0
-0.08,-0.58,0.39,-0.23,0.64,-1.33,-0.0,-0.08,2,0,0
0.8,0.47,-0.11,0.26,-0.27,2.1,0.75,-0.47,2,0,0
-2.4,0.66,-0.22,-0.95,-0.26,-4.33,-1.3,1.64,2,0,0
1.06,0.95,-0.15,-0.44,-0.3,0.59,-0.0,-1.95,2,0,0
-0.2,1.13,-2.24,-0.53,-1.12,-2.02,-0.88,-0.37,2,0,0
0.31,3.08,-1.5,0.61,-2.31,-0.71,-3.31,0.43,2,0,0
-0.0,0.22,-0.55,-0.04,0.32,0.73,1.57,-0.04,2,0,0
-0.34,-0.65,-0.8,-0.04,1.31,-0.3,2.34,-0.49,2,0,0
-4.8,-0.8,-1.69,-2.59,2.27,-4.04,1.08,-0.22,2,0,0
1.48,3.14,-0.3,2.74,-3.24,0.01,-3.88,1.89,2,0,0
-2.0,-1.99,0.7,0.51,2.88,3.24,1.45,2.05,2,0,0
-1.94,-0.55,-1.19,-0.8,1.03,0.55,0.64,-0.26,2,0,0
-0.63,0.13,-1.46,-1.86,-0.74,-0.77,-1.82,-0.15,2,0,0
0.79,1.14,-0.1,-1.0,-0.43,-1.1,-0.01,-1.33,2,0,0
-3.27,-3.51,0.22,-2.02,3.58,1.98,2.63,0.21,2,0,0
1.25,-0.12,-0.78,-0.72,0.51,0.18,2.46,-2.28,2,0,0
-0.7,-1.3,-0.36,-0.2,1.82,4.53,3.18,0.05,2,0,0
0.38,-1.33,1.01,0.33,1.71,1.26,1.81,-0.37,2,0,0
-2.19,-1.85,0.2,-0.62,2.31,2.54,0.57,0.48,2,0,0
1.59,-0.15,-2.69,-0.74,-1.18,4.03,-1.77,-1.49,2,0,0
2.96,2.83,-0.12,1.09,-1.47,0.06,0.74,-1.27,2,0,0
-0.48,1.26,-0.16,0.57,0.14,2.0,0.58,0.36,2,0,0
1.36,0.32,-0.14,1.23,-1.29,0.9,-0.49,1.0,2,0,0
-2.1,3.22,0.47,-0.38,-1.0,-4.99,-0.94,1.28,2,0,0
0.2,1.15,0.56,0.41,-0.12,0.34,-0.89,-0.08,2,0,0
-0.43,1.2,0.05,0.27,0.32,2.79,1.55,-0.0,2,0,0
1.24,-0.43,-2.08,-1.16,-0.31,3.93,0.7,-1.67,2,0,0
-1.19,0.76,-1.41,-0.83,0.61,1.05,2.46,-1.71,2,0,0
-1.19,0.66,2.71,0.91,1.25,-0.46,1.24,2.18,2,0,0
2.32,1.69,-1.5,1.23,-2.32,-1.22,-1.46,-0.01,2,0,0
-0.02,-0.52,1.38,-0.96,0.54,0.71,1.26,0.24,2,0,0
-1.64,0.26,-2.2,-0.6,0.58,1.24,0.53,-0.58,2,0,0
0.3,-0.92,-0.75,-1.22,-0.13,3.92,-0.48,-0.34,2,0,0
-2.43,-1.29,0.6,-0.63,2.49,-0.17,2.99,0.96,2,0,0
-0.48,-1.5,0.02,-0.49,2.25,1.74,3.12,-1.75,2,0,0
-1.03,-1.95,0.27,-0.09,1.83,1.83,0.67,-0.06,2,0,0
-1.63,-0.43,-0.12,-0.81,0.92,-0.73,0.01,0.01,2,0,0
-0.7,1.55,-1.54,-1.08,-1.5,-0.96,-3.61,-0.92,2,0,0
-0.62,-0.33,0.38,0.88,1.2,1.08,1.19,1.36,2,0,0
0.55,2.08,-1.34,0.67,-1.47,0.41,-0.92,0.28,2,0,0
-1.55,0.53,-1.66,-0.71,-0.61,-1.08,-0.62,0.14,2,0,0
2.58,3.46,0.31,1.84,-2.89,-0.81,-2.76,1.7,2,0,0
-0.47,2.45,-0.69,0.61,-1.33,-2.94,-2.59,1.25,2,0,0
-2.39,-1.3,-1.1,-1.67,1.74,0.5,1.8,-1.1,2,0,0
-0.79,-0.46,-1.1,-0.38,0.6,1.45,-0.46,-0.56,2,0,0
-0.78,3.09,-0.01,0.53,-1.26,-2.75,-0.37,1.91,2,0,0
-1.49,0.72,-0.79,-1.51,-0.96,0.27,-1.39,0.71,2,1,1
0.99,1.33,-1.09,0.4,-0.79,1.68,-0.66,-0.86,2,0,0
1.56,1.85,2.42,2.16,-0.24,-2.38,0.13,1.78,2,0,0
-0.26,0.08,-0.62,-0.21,0.91,-0.39,-0.66,-0.64,2,0,0
-2.95,-0.37,1.8,-0.26,2.54,-0.82,1.4,1.75,2,0,0
0.69,0.47,-1.78,-0.96,0.22,0.44,0.53,-2.72,2,0,0
-0.95,-1.31,-0.39,0.67,1.77,2.08,0.12,0.2,2,0,0
0.8,2.54,0.79,1.46,-1.69,0.99,-1.03,1.76,2,0,0
0.5,0.34,0.36,-0.15,0.07,-1.61,-1.25,-0.09,2,0,0
-0.17,1.05,-2.38,-1.47,-1.9,-1.89,-3.46,-0.92,2,0,0
-1.56,2.04,0.63,-0.4,0.33,-2.23,1.96,0.52,2,0,0
0.49,0.79,-0.53,0.38,0.01,1.33,2.68,-0.52,2,0,0
-0.45,0.13,-0.38,-1.33,0.37,-0.62,-1.42,-1.16,2,0,0
-1.73,1.67,-0.3,0.28,0.0,-2.46,-0.55,0.71,2,0,0
-3.2,-2.24,0.88,-0.63,2.89,0.16,2.24,1.84,2,0,0
-2.87,-1.76,0.04,-1.05,2.61,0.06,1.68,-0.14,2,0,0
-2.43,2.19,-1.12,-0.42,0.6,-1.21,0.7,0.29,2,0,0
1.65,-1.14,-0.73,-1.13,0.32,3.25,1.26,-1.5,2,0,0
-1.38,-1.86,-0.15,-1.65,0.45,1.01,-1.31,0.45,2,0,0
-2.71,-0.97,0.09,-1.68,2.51,0.84,3.48,-0.65,2,0,0
1.27,3.3,-1.13,0.74,-1.94,0.89,-0.94,-0.4,2,0,0
-4.0,-1.72,-1.0,-1.7,1.51,0.24,0.25,0.95,2,0,0
0.83,0.04,-2.81,0.11,-0.27,-0.44,-0.19,-2.56,2,0,0
2.89,2.91,0.31,1.69,-2.29,0.08,-2.52,-0.43,2,0,0
-0.74,-0.13,0.0,-0.6,1.33,0.17,1.97,-0.89,2,0,0
-0.07,0.77,-1.01,-0.22,0.04,0.23,0.3,-0.58,2,0,0
0.78,3.58,-1.28,0.99,-2.18,-1.01,-0.65,-0.16,2,0,0
-1.04,-0.75,-1.41,-0.93,0.99,-0.03,-0.66,-1.24,2,0,0
-2.79,-1.47,-0.13,-1.39,2.36,-1.53,1.72,-0.29,2,0,0
-0.16,-0.17,0.59,0.79,0.66,1.52,0.88,1.58,2,0,0
-1.24,0.1,-0.22,-1.41,0.35,-0.69,0.16,0.14,2,0,0
-1.31,0.97,-0.01,0.2,-0.5,-2.13,-1.43,2.12,2,0,0
-0.15,2.76,-0.51,0.39,-1.76,-3.55,-2.91,0.51,2,0,0
-2.59,-1.51,-0.84,0.1,2.16,2.69,1.55,0.76,2,0,0
1.95,0.57,-1.57,-0.26,-1.93,1.84,-3.46,-0.3,2,0,0
2.65,2.09,-0.26,0.31,-2.27,0.96,-0.48,-0.6,2,0,0
1.32,1.69,0.96,-0.09,-1.63,-2.68,-2.47,0.66,2,0,0
-2.04,0.08,-2.02,-1.94,0.43,0.04,-1.13,-1.59,2,0,0
0.79,1.62,-1.24,0.15,-1.1,-2.42,-1.54,-1.1,2,0,0
0.72,0.19,-1.57,-1.2,-0.33,1.22,0.39,-1.88,2,0,0
-4.73,-2.02,0.52,-2.48,3.12,-1.87,1.88,0.75,2,0,0
-1.49,-0.43,0.63,-0.4,1.29,1.62,0.81,0.65,2,0,0
0.58,1.72,-0.09,1.11,-1.12,-1.37,-0.44,0.69,2,0,0
-2.06,3.19,0.17,0.42,-0.98,-4.8,-1.48,1.61,2,0,0
2.56,1.99,-1.31,1.46,-1.66,1.04,-0.72,-0.06,2,0,0
0.91,1.4,-2.48,-0.01,-0.99,2.27,-1.38,-1.24,2,0,0
0.05,-1.73,-1.86,-1.54,1.83,3.06,2.75,-2.86,2,0,0
0.42,1.81,-0.87,0.74,-0.57,0.41,-0.97,-0.66,2,0,0
-1.23,-0.31,-0.13,-0.49,0.92,-0.26,0.77,-0.48,2,0,0
-1.85,0.64,-0.23,-0.73,0.06,-3.93,-0.66,0.68,2,0,0
0.89,0.28,-0.26,-0.25,-0.4,-1.4,-1.53,-0.88,2,0,0
-1.65,-0.39,0.9,-0.06,1.75,-1.04,2.42,0.99,2,0,0
-4.12,-2.53,0.83,-0.84,3.74,-0.48,1.91,1.16,2,0,0
2.42,3.27,0.47,2.28,-2.45,-2.52,-2.71,1.5,2,0,0
0.16,3.11,-0.46,0.0,-2.07,-1.92,-2.15,0.95,2,0,0
-1.0,-1.04,0.26,-0.77,1.31,0.45,0.89,-0.33,2,0,0
-0.46,-1.75,0.75,-0.83,0.83,1.56,0.15,1.23,2,0,0
-1.74,-1.81,0.8,-0.9,2.27,-0.67,1.02,0.13,2,0,0
-3.88,-0.98,-0.2,-1.13,1.79,-2.49,-1.08,2.5,2,0,0
0.09,-0.32,-2.35,-1.39,0.13,1.97,1.35,-2.29,2,0,0
-1.01,-0.37,1.48,0.49,0.99,2.19,0.66,1.33,2,0,0
-1.28,0.86,0.72,0.92,0.83,2.99,1.94,1.85,2,0,0
-2.12,0.63,1.03,-1.26,0.6,-0.63,-0.95,1.3,2,0,0
-2.06,-0.39,1.02,-0.12,1.55,-1.41,1.23,1.04,2,0,0
-2.32,-2.98,-0.87,-2.16,2.24,0.36,0.11,0.83,2,0,0
1.03,1.05,-0.61,0.25,-0.7,-2.12,-1.35,-0.95,2,0,0
-4.28,0.25,-1.3,-1.72,1.6,-0.67,1.2,0.61,2,0,0
1.81,0.91,-1.97,-0.95,-1.17,-1.51,-1.32,-3.19,2,0,0
0.84,2.86,-1.59,0.45,-2.01,-0.92,-1.18,0.34,2,0,0
1.37,0.28,-1.19,-0.69,-0.93,1.75,-2.42,-0.23,2,0,0
-0.41,0.35,-0.15,-0.48,-0.57,-1.09,-1.81,0.17,2,0,0
-0.93,-2.64,-0.32,-2.25,1.48,4.17,1.35,-0.74,2,0,0
-4.02,-3.17,1.39,-1.75,5.2,-0.87,4.94,-0.6,2,0,0
-0.15,-1.06,-0.91,-1.79,0.92,1.81,2.69,-1.49,2,0,0
-4.09,-2.18,-0.61,-3.35,2.18,-2.04,0.44,-0.03,2,0,0
-3.04,-1.32,-0.64,-1.38,2.53,-2.28,1.89,-1.13,2,0,0
0.97,2.45,-3.85,-1.87,-3.73,-2.71,-5.24,-1.62,2,0,0
1.79,0.88,0.65,1.69,-0.48,2.1,-0.41,0.11,2,0,0
-1.59,2.2,1.54,-0.35,-0.54,-3.54,-0.33,1.28,2,0,0
-0.72,-0.48,-2.0,-2.32,0.36,-2.24,-0.19,-2.45,2,0,0
0.07,0.59,-1.25,-1.22,-0.78,2.66,-0.3,-1.08,2,0,0
0.4,-0.97,-0.63,1.3,1.16,2.43,1.51,-0.26,2,0,0
-2.43,0.44,-0.3,-0.79,0.7,-3.21,-0.35,0.66,2,0,0
0.25,0.39,2.22,1.93,0.92,-1.05,-0.09,1.17,2,0,0
0.42,1.62,-2.26,0.43,-1.32,-0.82,-0.83,-0.11,2,0,0
1.6,2.38,1.79,0.45,-0.86,-1.79,-0.38,0.62,2,0,0
-0.73,-1.68,-1.14,-1.65,0.53,-0.09,-0.86,-1.26,2,0,0
0.06,0.28,0.42,-0.29,-0.17,-0.08,-0.91,0.15,2,0,0
0.61,1.75,-0.67,-0.15,-0.64,-1.7,-0.85,-1.82,2,0,0
-4.0,-2.1,-0.84,-2.92,2.58,-2.87,1.08,-0.65,2,0,0
-0.64,-0.13,-1.35,-0.93,0.31,0.67,0.03,-0.61,2,0,0
0.03,3.82,-1.45,0.7,-1.8,-1.51,0.44,-1.12,2,0,0
0.03,0.11,-0.42,-0.19,-0.2,1.61,-0.18,-0.28,2,0,0
1.44,2.55,-0.42,0.6,-1.87,-2.14,-1.63,-0.51,2,0,0
-0.5,0.64,-0.65,-0.12,1.02,-3.84,1.42,-1.77,2,0,0
-0.69,-0.63,2.41,-0.36,2.03,-2.26,2.07,0.5,2,0,0
0.89,1.0,0.67,0.89,-0.63,3.03,0.18,1.3,2,0,0
0.06,1.54,-2.84,-0.85,-0.57,0.68,-0.08,-2.05,2,0,0
1.47,3.38,-3.03,0.07,-2.49,0.19,0.02,-1.48,2,0,0
3.27,1.21,-0.89,-0.29,-2.52,-0.52,-3.04,-1.94,2,0,0
-1.05,3.76,-1.74,-0.24,-2.52,-3.83,-4.12,-0.08,2,0,0
-0.53,-1.26,1.13,0.03,1.88,0.38,2.53,0.13,2,0,0
-2.38,-0.8,-0.09,-1.13,0.82,1.42,-0.35,1.34,2,0,0
-1.96,-0.71,0.81,0.26,1.99,4.14,1.58,1.5,2,0,0
-0.06,-1.51,-2.44,-2.5,-0.24,-0.3,-0.89,-2.29,2,0,0
-0.04,-0.32,-1.53,-1.27,0.56,-1.83,0.87,-2.04,2,0,0
0.99,-0.74,-0.64,-0.5,0.41,0.29,-0.12,-1.6,2,1,1
-2.99,-1.75,0.43,-1.11,2.31,0.9,0.79,0.89,2,0,0
-2.12,2.04,-0.7,-1.2,-1.18,-5.72,-1.96,0.36,2,0,0
-2.4,0.43,-0.17,-0.45,0.69,-3.6,-0.23,0.49,2,0,0
3.17,-0.61,-1.27,-0.58,-1.33,2.74,-0.86,-1.21,2,0,0
0.52,-2.16,0.5,0.19,2.16,1.56,0.92,-1.49,2,0,0
-2.91,-0.6,-1.13,-1.76,1.18,0.04,-0.16,0.47,2,0,0
-3.93,-2.83,2.56,-0.82,4.36,0.79,4.07,1.99,2,0,0
-1.73,-0.91,-1.07,-1.19,1.0,0.14,-0.11,-0.25,2,0,0
-3.05,-1.11,-0.66,-1.17,2.98,0.34,2.79,-1.32,2,0,0
-0.35,-0.46,-1.03,-0.4,1.22,1.61,1.8,-1.96,2,0,0
4.7,1.63,-0.76,2.02,-2.47,2.72,-1.52,-0.59,2,0,0
-1.29,-0.23,-1.98,-1.7,0.9,-1.59,-0.18,-2.07,2,0,0
-2.19,-0.11,-1.82,-1.04,1.49,-0.93,1.97,-0.92,2,0,0
1.63,-0.52,0.03,-0.08,0.54,2.1,0.36,-0.97,2,0,0
0.21,1.45,-0.92,-0.35,-0.74,0.3,0.46,-1.17,2,0,0
2.22,3.38,-1.14,1.37,-2.38,-1.62,-1.26,-0.09,2,0,0
1.15,1.25,-1.21,0.83,-1.41,-1.3,-0.99,0.59,2,0,0
1.56,1.93,0.73,0.89,-1.52,-2.34,-2.4,-0.23,2,0,0
-0.37,1.71,-2.26,-0.57,-1.39,-1.77,-1.08,-0.85,2,0,0
-3.98,-0.69,-0.95,-2.13,1.35,-0.48,0.39,0.24,2,0,0
-3.1,-1.76,0.29,-2.54,1.01,1.39,-0.62,1.04,2,0,0
2.73,3.87,-1.2,1.45,-3.45,-0.32,-2.13,-0.49,2,0,0
-0.02,-1.03,-1.32,-2.51,-0.05,-0.82,-2.02,-1.81,2,0,0
-0.97,3.26,-1.1,0.69,-1.87,-2.06,-1.57,1.17,2,0,0
0.75,1.93,-0.47,1.5,-1.02,1.55,-0.16,1.1,2,0,0
-0.83,3.71,0.49,1.4,-0.83,-4.3,-0.39,1.54,2,0,0
2.11,2.6,-1.18,1.66,-2.04,0.12,-0.81,0.24,2,0,0
-0.3,-0.01,1.69,0.94,1.79,0.88,2.96,0.94,2,0,0
1.35,1.96,-1.72,1.2,-1.47,0.6,-0.09,-0.02,2,0,0
0.33,0.82,0.08,0.18,-0.97,2.07,-2.85,1.27,2,0,0
-1.31,1.28,1.17,1.06,0.08,-1.74,-0.54,1.6,2,0,0
-3.28,-1.58,-1.55,-2.45,1.92,-0.73,1.72,-1.25,2,0,0
3.05,2.78,-2.32,0.01,-2.66,-1.33,-2.33,-3.3,2,0,0
0.65,0.87,-0.04,-0.13,-0.14,-0.56,-0.23,-0.92,2,0,0
2.58,1.33,-1.87,0.04,-1.87,-1.44,-1.93,-1.67,2,0,0
-0.26,0.64,0.58,-0.78,0.49,-0.99,0.41,-1.74,2,0,0
1.5,4.03,-1.14,1.48,-3.43,0.94,-4.07,0.99,2,0,0
-0.64,-1.71,-0.05,-1.28,1.25,2.55,0.56,-0.65,2,0,0
-0.89,-0.68,-1.94,-1.71,-0.4,-0.44,-0.86,-1.59,2,0,0
-4.26,-1.95,-0.9,-1.12,3.65,2.02,3.46,-0.23,2,0,0
-1.73,1.31,0.56,0.8,0.21,0.51,0.15,2.08,2,0,0
0.33,1.15,-0.14,1.06,-0.22,-0.56,-0.75,0.69,2,0,0
3.13,2.13,-1.59,1.95,-2.04,2.1,0.07,-1.08,2,0,0
-0.35,-0.18,-1.08,-2.35,-0.55,-0.27,0.05,-1.4,2,0,0
-0.63,0.66,-0.93,-0.45,0.02,-0.02,-0.21,0.04,2,0,0
-3.54,2.44,-0.73,-0.04,0.07,-3.87,-0.68,2.48,2,0,0
-1.1,0.27,-1.7,-0.95,0.54,-1.48,0.16,-0.96,2,0,0
-0.93,-1.54,0.47,-1.44,1.73,1.4,2.07,-1.24,2,0,0
-0.16,-0.89,-2.01,-1.43,0.51,-1.22,0.36,-1.86,2,0,0
-0.98,0.79,-0.28,-0.76,-0.13,-2.11,-0.04,0.37,2,0,0
-2.07,-2.33,-0.33,-0.69,2.55,3.18,1.83,0.29,2,0,0
0.53,3.46,-2.35,0.37,-2.35,-2.92,-2.39,-0.7,2,0,0
-0.73,1.5,-0.41,-0.35,-0.43,-1.44,-0.62,0.79,2,0,0
-0.96,0.09,-1.91,-0.88,-0.85,-0.74,-1.83,0.5,2,0,0
-1.23,-0.47,-0.4,-0.58,1.12,2.18,0.11,-0.34,2,0,0
-4.55,-1.75,1.01,-1.47,3.82,-0.14,3.76,0.59,2,0,0
0.51,-1.38,-0.36,-0.24,0.32,5.22,0.35,-0.39,2,0,0
1.62,1.51,-0.35,1.19,-0.93,-1.34,-1.3,0.59,2,0,0
-1.79,-1.1,-0.72,-2.4,1.0,-0.53,0.53,-1.6,2,0,0
-3.23,1.49,-0.45,-1.33,0.33,-3.61,-0.92,0.05,2,0,0
-1.47,-1.85,-1.23,-2.34,1.44,0.36,0.99,-2.36,2,0,0
1.23,3.82,-0.4,2.2,-2.07,-3.09,-1.76,0.72,2,0,0
0.52,1.81,-1.89,-0.2,-2.13,0.05,-3.01,0.02,2,0,0
-0.62,1.61,-1.84,0.39,-0.81,-0.1,-0.42,0.24,2,0,0
0.83,0.45,0.4,1.51,-0.36,2.66,-0.76,1.3,2,0,0
0.21,-0.66,-0.86,-0.13,0.74,4.72,-0.02,-1.41,2,0,0
0.71,-1.03,-0.51,0.16,0.29,3.52,-0.36,-0.18,2,0,0
1.59,0.41,-2.15,-0.65,-1.06,1.14,-1.9,-1.9,2,0,0
0.49,3.84,-0.12,1.8,-3.12,0.35,-4.94,2.65,2,0,0
-1.27,0.37,-3.05,-2.61,-0.92,-1.0,-2.04,-1.06,2,0,0
-1.6,-2.61,-1.54,-1.25,2.19,1.71,1.51,-0.66,2,0,0
-1.92,-2.49,-0.73,-1.91,2.34,1.29,0.89,-1.01,2,0,0
1.22,0.48,1.02,0.2,-0.19,0.29,0.75,-0.6,2,0,0
-1.41,1.6,2.51,1.6,0.53,-1.63,-1.51,3.52,2,0,0
-0.59,-2.46,-1.18,-0.97,1.57,0.45,-0.71,-0.82,2,0,0
-1.6,0.73,1.83,1.14,2.55,-1.75,1.03,0.91,2,0,0
-2.34,-3.55,0.07,-2.68,3.25,-0.45,1.35,-1.66,2,0,0
0.16,-0.16,0.86,1.0,0.34,0.16,0.31,1.63,2,0,0
0.76,1.27,-3.68,-0.61,-2.5,-0.2,-4.1,-1.48,2,0,0
1.33,2.16,-2.88,1.21,-1.63,2.26,-0.54,-1.08,2,0,0
0.28,-0.5,-0.37,-0.75,0.7,2.3,0.95,-1.25,2,0,0
2.42,0.58,-1.07,-1.39,-1.8,1.64,-1.3,-2.11,2,0,0
0.09,-0.09,0.39,0.3,1.4,2.06,3.13,-0.94,2,0,0
-5.51,-2.3,1.14,-2.18,4.15,-1.17,3.37,1.04,2,0,0
0.4,1.3,-2.04,-1.71,-1.13,-3.02,-1.35,-3.02,2,0,0
-2.32,-4.05,0.64,-1.03,4.01,7.44,4.14,-0.29,2,0,0
1.22,1.29,0.53,0.83,0.11,0.31,1.49,-0.49,2,0,0
-1.19,0.32,0.0,-0.2,0.15,-1.38,0.0,1.32,2,0,0
-0.59,0.7,-1.27,-0.17,-0.06,0.09,-0.95,0.12,2,0,0
0.53,2.69,-1.05,0.6,-2.36,0.49,-1.79,1.15,2,0,0
-0.23,2.48,-0.86,-0.28,-2.32,-3.36,-3.16,0.69,2,0,0
1.79,0.65,0.51,-0.53,-0.99,-0.5,-2.28,-0.55,2,0,0
4.26,2.78,-1.05,-0.16,-3.37,-0.68,-2.38,-2.64,2,0,0
-1.81,-2.22,0.22,-1.16,3.1,0.65,1.46,-0.79,2,0,0
-0.4,-1.74,-1.95,-0.33,1.32,2.68,-0.29,-1.46,2,0,0
2.96,2.03,-1.47,2.24,-2.04,2.44,-0.78,-0.83,2,0,0
-2.01,-1.13,-1.53,-1.71,0.96,0.29,1.24,0.3,2,0,0
-0.29,0.63,-1.09,-1.04,-0.99,-3.86,-2.43,-0.82,2,0,0
-0.19,1.43,1.0,1.11,-0.72,-1.2,-1.22,1.69,2,0,0
-0.87,1.73,1.51,0.79,0.78,-1.45,0.34,0.35,2,0,0
-1.73,-0.15,-0.1,-0.53,0.98,-2.0,0.59,-0.2,2,0,0
0.19,-1.42,-0.38,-0.48,1.57,3.27,2.43,-1.02,2,0,0
-0.83,1.29,-2.45,-0.47,-1.4,-0.63,-1.21,-0.44,2,0,0
1.54,1.8,1.34,0.43,-1.21,-0.77,-1.24,0.3,2,0,0
-0.05,-0.47,-1.3,-0.83,0.83,0.41,0.49,-1.03,2,0,0
0.61,1.26,0.48,0.55,-0.52,3.44,0.44,0.26,2,0,0
0.1,1.88,-1.44,-0.28,-1.7,-3.86,-1.98,-1.12,2,0,0
0.52,0.4,-2.74,-1.81,-1.59,0.41,-1.75,-1.84,2,0,0
-0.55,0.83,0.71,1.54,0.85,-3.23,-0.03,1.41,2,0,0
1.78,2.31,2.61,1.51,-0.9,-0.3,1.5,1.09,2,0,0
-1.72,-1.75,-1.25,-1.76,1.18,1.3,0.69,-0.91,2,0,0
-3.08,3.67,-0.33,-0.11,-1.95,-0.96,-1.78,2.71,2,0,0
0.25,1.11,0.4,0.38,-0.67,0.26,-0.81,1.23,2,0,0
1.39,0.77,-1.47,-0.73,-0.94,1.71,0.27,-1.66,2,0,0
-0.56,0.94,0.35,0.94,-0.08,-1.73,0.06,0.76,2,0,0
-4.25,-0.99,0.47,-0.92,1.73,-0.36,-0.05,1.4,2,0,0
-3.41,-0.82,-0.96,-1.39,1.6,-2.16,0.94,0.34,2,0,0
-3.61,-1.29,-0.52,-2.08,1.11,-2.46,-1.26,-0.03,2,0,0
-3.54,-6.68,0.13,-3.01,5.4,4.19,3.52,-1.05,2,0,0
-1.15,-0.54,-0.46,0.21,0.36,2.94,0.08,0.78,2,0,0
-1.7,-0.97,-0.79,-1.04,0.42,-1.15,-0.76,0.76,2,0,0
-2.58,-0.26,-1.47,-0.84,-0.04,1.1,-2.14,0.89,2,0,0
-2.0,-2.37,0.38,-1.28,2.46,2.27,2.06,-0.7,2,0,0
0.84,1.62,0.49,0.81,-1.14,-1.36,-2.43,1.34,2,0,0
-2.44,2.87,-2.01,-0.47,-0.75,-2.18,-0.36,-0.13,2,0,0
-2.52,-1.49,-0.31,-1.37,1.59,-0.91,-0.03,0.77,2,0,0
0.08,1.62,-2.2,0.03,-1.69,2.45,-1.73,0.01,2,0,0
-3.08,0.03,0.56,-1.37,1.51,1.65,1.08,0.0,2,0,0
2.53,2.87,-1.3,0.99,-2.77,0.64,-2.28,-0.92,2,0,0
-1.08,1.32,-1.61,-0.68,-0.55,-0.62,-0.49,-0.33,2,0,0
-0.27,1.92,-0.68,1.07,-0.48,-3.54,-0.47,0.78,2,0,0
1.28,0.07,-1.5,-1.09,-0.21,-0.98,1.31,-3.07,2,0,0
-0.12,2.4,1.29,1.03,-0.7,-2.01,-0.49,1.6,2,0,0
1.18,0.38,-1.31,-1.12,-1.64,-0.49,-3.29,-0.75,2,0,0
-0.24,0.67,-1.18,0.2,-1.03,1.77,-1.15,0.66,2,0,0
0.8,1.27,0.48,1.17,0.05,-3.09,0.11,-0.22,2,0,0
1.24,-1.3,0.07,0.06,0.44,2.6,-0.08,-0.58,2,0,0
-0.48,-2.91,-0.35,-0.8,2.76,2.03,1.62,-1.14,2,0,0
1.36,0.67,-2.07,-1.5,-1.08,-2.18,-0.23,-2.29,2,0,0
-1.62,-2.18,0.29,-1.97,2.14,1.3,2.24,-0.02,2,0,0
-2.19,-0.63,1.1,0.85,2.65,-0.67,3.2,0.78,2,0,0
0.51,0.49,1.08,0.35,0.48,1.52,1.68,0.57,2,0,0
0.16,2.92,-0.25,1.33,-1.47,0.93,-0.27,0.75,2,0,0
-1.48,1.28,-0.16,-0.68,-0.52,-2.78,-1.76,0.86,2,0,0
0.02,-0.42,-0.58,-0.43,0.66,-0.37,1.57,-1.46,2,0,0
3.65,3.74,-2.03,0.76,-4.06,-0.33,-3.8,-1.78,2,0,0
-2.96,0.16,0.02,-0.7,1.82,-3.06,1.79,0.25,2,0,0
1.27,2.11,1.04,1.52,-1.35,1.44,-0.94,1.86,2,0,0
0.97,-1.2,0.64,-0.93,0.01,2.15,0.12,-1.09,2,0,0
1.1,0.01,-0.75,0.15,0.4,2.33,2.05,-1.47,2,0,0
-0.21,-0.8,-1.14,-0.77,0.56,1.31,0.87,-0.83,2,0,0
0.19,0.86,-0.97,-1.36,-1.47,0.26,-2.37,-1.27,2,0,0
-1.97,0.5,0.04,-1.08,0.56,-2.79,-1.63,-0.19,2,0,0
-0.95,2.1,-0.5,0.47,-1.16,-0.67,-2.36,0.7,2,0,0
-0.06,0.88,-2.19,-0.62,-0.94,-1.36,-1.67,-0.63,2,0,0
-1.18,-1.08,0.37,-0.57,1.67,-2.19,0.3,-0.37,2,0,0
-0.06,-1.07,1.32,-1.38,1.08,-1.1,0.46,-0.98,2,0,0
0.73,-0.14,-1.0,-1.02,-1.02,2.87,0.29,-0.7,2,0,0
-0.95,2.49,-0.96,0.7,-1.1,-0.59,-0.95,-0.0,2,0,0
0.7,0.65,0.1,1.22,-0.27,2.77,0.5,1.22,2,0,0
-2.14,-0.17,1.84,-0.48,1.18,-4.61,-1.62,1.19,2,0,0
-1.09,0.5,-1.2,0.09,0.15,-0.92,-1.57,0.89,2,0,0
-1.31,-0.31,0.17,-1.15,1.07,-2.63,-0.08,-0.68,2,0,0
-0.92,-1.74,0.61,-0.17,2.19,0.64,1.27,-0.7,2,0,0
-1.24,-1.4,1.01,-0.38,1.37,-0.94,-0.88,0.93,2,0,0
-1.87,0.86,-0.38,-0.57,0.18,-4.7,-2.19,0.91,2,0,0
1.07,0.62,-0.5,0.19,-0.55,1.96,0.04,-0.56,2,0,0
-1.52,-2.89,-1.19,-2.62,2.67,-0.34,1.26,-2.65,2,0,0
0.04,1.67,0.88,1.15,-0.05,-1.36,-1.85,0.97,2,0,0
-0.02,1.68,0.66,-0.36,-0.41,-1.4,-0.46,0.25,2,0,0
0.34,2.28,3.58,2.28,-0.47,-0.27,-0.38,2.77,2,0,0
-2.17,-0.87,2.48,0.15,2.6,-0.93,2.23,1.83,2,0,0
-2.93,-0.44,0.34,-1.27,0.67,-2.57,-0.51,0.78,2,0,0
1.94,1.94,-0.1,1.63,-1.47,1.04,-2.63,1.11,2,0,0
0.87,2.87,0.64,2.03,-1.7,-0.68,-1.19,2.04,2,0,0
-1.82,1.5,0.05,0.29,1.86,-3.04,2.29,0.32,2,0,0
3.69,-0.82,0.52,1.01,-0.01,3.49,-2.07,-1.02,2,0,0
-2.05,-1.74,-1.36,-1.48,2.05,2.58,0.48,-1.11,2,0,0
-1.11,0.49,0.23,0.66,0.4,-0.84,0.08,1.1,2,0,0
0.38,0.69,-2.36,0.12,-0.54,0.19,1.22,-0.77,2,0,0
-0.42,3.24,-2.99,-0.78,-2.59,-2.22,-2.09,-1.42,2,0,0
-1.18,0.84,-2.14,-1.44,-0.59,-0.95,-2.37,-0.85,2,0,0
-1.99,1.08,-0.92,-2.01,-0.23,-1.24,0.26,-0.32,2,0,0
-1.35,0.91,0.59,-0.24,0.69,-2.49,-1.01,0.81,2,0,0
-1.58,0.67,-2.21,-3.88,-0.29,-4.53,-0.27,-3.08,2,0,0
0.11,1.65,-0.32,0.56,-0.98,-2.23,0.09,0.14,2,0,0
2.81,3.64,-0.04,1.36,-3.52,-2.53,-3.83,0.91,2,0,0
-0.77,-2.99,-2.16,-2.17,1.55,1.33,1.37,-1.97,2,0,0
-1.49,-0.82,0.05,-1.5,1.55,-2.38,0.25,-1.5,2,0,0
-3.25,-5.26,-2.08,-4.05,3.39,2.5,0.96,-2.5,2,0,0
2.44,2.19,0.13,2.3,-0.86,0.76,-0.45,0.54,2,0,0
-2.65,0.15,0.14,-0.79,1.45,-2.32,-0.3,-0.01,2,0,0
0.93,2.6,-1.14,1.67,-1.49,-0.57,-1.8,0.46,2,0,0
-2.38,-1.68,-0.69,-2.28,2.91,-0.53,4.16,-2.23,2,0,0
1.18,-0.99,-2.13,-1.36,-0.09,0.44,-0.47,-1.94,2,0,0
-4.36,-3.24,-1.51,-2.76,2.63,2.9,2.04,0.13,2,0,0
-0.99,-0.87,0.55,-1.02,0.86,-0.03,0.9,-0.01,2,0,0
0.66,0.22,-1.76,-0.68,-0.31,0.29,0.2,-1.38,2,0,0
-0.71,0.69,-1.88,-0.67,-0.55,0.16,-0.19,-0.36,2,0,0
-1.47,4.22,-0.4,-0.48,-1.81,-4.22,-1.99,0.17,2,0,0
-3.25,-3.01,2.06,-0.6,3.91,-0.17,1.19,1.48,2,0,0
1.95,0.62,2.66,1.32,-0.23,-2.25,-1.36,0.94,2,0,0
0.75,1.57,-2.3,-0.28,-2.22,-1.22,-2.19,-0.21,2,0,0
-3.68,1.26,-0.97,-0.87,0.65,-3.68,-0.64,1.06,2,0,0
0.04,1.22,-2.16,-0.3,-1.96,-0.61,-3.75,0.77,2,0,0
0.28,-0.63,-1.8,-1.01,-0.28,0.47,-0.19,-1.46,2,0,0
-0.02,0.75,-0.22,0.53,0.61,1.2,1.02,-0.29,2,0,0
-0.23,1.81,-1.2,-0.74,-2.03,-3.05,-2.6,0.35,2,0,0
0.03,-0.99,0.24,-0.66,0.99,0.56,2.21,-0.79,2,0,0
0.77,1.67,-2.26,0.44,-1.47,-0.29,-0.75,-0.65,2,0,0
-0.92,-0.23,-1.18,-1.05,0.32,1.02,-0.85,-0.47,2,0,0
-0.6,2.47,-1.38,-0.05,-1.0,-2.76,-1.0,-0.32,2,0,0
-0.24,0.73,0.74,0.96,1.26,-0.86,1.94,0.3,2,0,0
0.96,1.82,-0.15,0.73,-0.6,-0.28,-1.15,-0.49,2,0,0
-2.1,-0.18,0.17,0.21,1.01,2.42,2.21,2.42,2,0,0
-0.07,1.21,0.97,0.04,0.09,-0.92,-0.19,0.12,2,0,0
-0.93,0.89,-1.6,-0.95,0.11,-0.75,0.11,-1.51,2,0,0
-2.76,-1.25,-1.0,-2.11,1.91,0.02,0.97,-0.52,2,0,0
1.46,0.49,-0.62,1.36,-0.44,2.86,-1.45,0.22,2,0,0
1.62,-2.28,-1.35,-0.85,1.11,1.89,0.52,-2.41,2,0,0
-2.48,-3.14,-0.99,-2.21,2.64,1.6,0.82,-1.14,2,0,0
-0.55,1.32,1.63,1.29,0.38,-2.82,-0.6,2.07,2,0,0
0.62,2.26,1.17,0.85,-1.71,-0.92,-2.23,0.64,2,0,0
-0.48,-0.22,-2.49,-1.29,0.27,-0.85,-0.62,-1.71,2,0,0
0.03,0.25,-0.35,0.07,0.52,1.53,-0.04,-0.16,2,0,0
-0.58,-1.57,-0.42,-1.16,1.68,0.09,1.35,-1.13,2,0,0
0.72,2.02,-2.86,0.6,-1.4,1.7,-0.02,-1.07,2,0,0
-0.44,0.06,0.32,-0.78,0.8,-0.56,-0.25,-0.13,2,0,0
-3.36,-1.48,1.64,-0.32,2.48,1.42,1.01,2.39,2,0,0
-0.61,-0.83,-0.77,-0.36,0.16,3.92,-1.05,0.3,2,0,0
0.36,0.26,1.04,0.86,0.92,1.71,1.45,0.48,2,0,0
-0.99,1.24,-0.86,-0.38,-0.49,-3.57,-1.45,-0.52,2,0,0
-0.72,0.04,-2.0,-1.73,-0.16,-1.95,-0.01,-1.68,2,0,0
1.74,0.67,0.06,-0.07,-0.59,2.95,-0.72,-0.28,2,0,0
-6.46,-1.63,-0.82,-2.52,3.45,-1.93,2.78,0.35,2,0,0
-1.99,2.03,-0.44,0.35,0.15,-0.85,0.88,0.57,2,0,0
-1.38,1.65,-0.4,-0.49,-0.26,-1.73,-1.07,1.09,2,0,0
1.58,2.31,-0.51,0.58,-2.37,0.11,-1.13,0.32,2,0,0
-1.57,1.11,-0.01,-0.02,0.43,-0.38,-0.54,0.85,2,0,0
1.3,2.98,0.43,2.29,-2.17,-0.84,-2.0,2.67,2,0,0
-4.88,-2.81,-1.98,-3.37,3.34,-1.02,2.37,-0.94,2,0,0
-4.0,-2.74,-0.78,-2.37,2.97,0.51,2.08,-0.35,2,0,0
-0.6,0.75,-0.75,-0.77,0.08,0.19,1.24,-0.74,2,0,0
1.87,0.86,-1.53,1.19,-0.42,1.57,0.62,-2.15,2,0,0
-0.77,-1.41,-0.93,-2.19,0.82,3.08,0.3,-1.95,2,0,0
-0.38,-0.76,1.18,0.31,1.16,2.11,1.07,0.13,2,0,0
-2.31,-3.76,0.1,-2.34,3.66,3.27,4.56,-1.03,2,0,0
0.22,-1.24,-0.55,-1.43,1.6,2.4,2.51,-1.48,2,0,0
-4.36,-2.91,-0.73,-2.1,3.81,-1.19,1.44,-0.55,2,0,0
1.46,2.94,-1.58,0.68,-2.84,0.45,-2.25,0.32,2,0,0
-3.96,-3.87,0.62,-1.82,3.93,0.68,2.48,0.81,2,0,0
-2.26,-2.14,-0.29,-0.83,2.06,-1.67,-1.51,-0.03,2,0,0
0.95,0.82,-1.81,-0.59,-0.98,-0.45,-1.43,-1.24,2,0,0
-1.71,-1.54,0.45,-1.2,2.06,1.7,0.67,-0.23,2,0,0
-1.02,-1.82,0.84,-0.92,2.04,3.33,2.81,-0.47,2,0,0
-0.18,2.7,-3.1,-0.25,-2.15,2.2,-0.61,-0.58,2,0,0
-1.22,0.56,1.04,0.29,2.02,-1.22,2.86,-1.16,2,0,0
-1.15,-1.75,-2.26,-1.69,1.86,2.43,1.34,-1.85,2,0,0
-1.38,0.32,-0.23,-0.2,0.73,-1.73,0.85,0.07,2,0,0
-0.31,0.25,0.62,0.22,-0.19,-2.81,-1.34,0.42,2,0,0
0.39,-0.25,-0.36,0.13,-0.27,1.9,-0.3,0.66,2,0,0
-1.47,-2.15,0.84,-0.73,2.35,1.77,1.33,0.41,2,0,0
-0.16,-0.41,0.6,-0.92,0.31,2.51,1.32,0.24,2,0,0
-0.13,2.59,-2.27,-0.33,-2.37,-0.32,-2.69,0.14,2,0,0
-0.72,-1.56,-1.71,-1.53,2.12,0.52,3.81,-3.24,2,0,0
-1.13,-2.1,-0.43,-0.79,2.35,-0.74,0.09,-1.46,2,0,0
-2.44,-2.23,1.8,-1.6,3.27,0.54,3.94,-0.05,2,0,0
2.02,2.96,0.45,1.64,-1.1,-1.53,-0.78,0.54,2,0,0
-1.29,1.06,-1.9,-1.07,0.48,-4.01,-1.88,-1.11,2,0,0
-1.14,-0.04,-0.07,-1.61,-0.25,-2.12,-2.45,0.14,2,0,0
1.43,1.62,-3.14,0.64,-1.68,0.22,-2.14,-1.17,2,0,0
0.77,-0.1,-0.65,0.47,-1.15,0.87,-1.2,0.44,2,0,0
-5.2,-0.61,-0.28,-2.25,2.53,-3.38,0.94,0.45,2,0,0
3.16,5.47,-0.56,2.26,-3.85,-2.37,-2.08,0.08,2,0,0
-0.09,1.09,-1.21,0.18,-0.33,-1.37,-0.47,-0.26,2,0,0
-1.6,2.13,-1.0,0.76,-0.25,0.51,-0.4,1.25,2,0,0
1.24,0.54,-1.28,0.2,-0.1,1.37,1.08,-1.64,2,0,0
-0.93,-0.15,-0.94,1.07,0.89,2.88,-0.72,0.75,2,0,0
1.62,-0.5,-0.49,0.88,0.35,3.02,1.33,-0.74,2,0,0
2.61,1.84,0.84,0.5,-1.19,-0.37,-0.5,-0.78,2,0,0
-1.66,0.78,2.19,1.77,0.74,2.78,0.69,3.38,2,0,0
-0.48,-0.4,-2.43,-0.71,0.53,2.31,0.62,-1.76,2,0,0
-1.78,1.36,1.8,-0.78,0.21,-1.13,0.47,1.7,2,0,0
-2.47,1.4,0.97,-0.33,0.85,-1.99,0.94,1.23,2,0,0
-1.34,-0.04,-0.44,-0.5,-0.46,1.74,-0.89,1.81,2,0,0
-0.87,0.74,-1.4,-0.7,-0.36,2.07,-0.69,-0.15,2,0,0
-1.72,-0.98,-1.29,-1.57,0.12,2.22,-1.91,-0.61,2,0,0
2.69,1.39,0.4,2.53,-1.89,1.74,-1.23,1.2,2,0,0
1.6,1.24,0.54,0.67,-0.85,0.59,-0.25,-0.43,2,0,0
0.81,-0.25,-0.56,0.23,-0.32,2.37,-1.19,-0.75,2,0,0
-0.1,0.2,-0.81,-1.73,0.48,-1.01,0.75,-1.71,2,0,0
-2.24,2.14,-0.24,-0.02,-0.6,-3.44,-0.31,2.04,2,0,0
-0.3,1.34,-2.94,-1.74,-0.99,-4.08,-0.22,-2.34,2,0,0
1.7,2.76,-1.94,0.24,-3.31,-1.76,-3.95,-0.64,2,0,0
0.78,2.46,-1.24,1.23,-1.82,-0.86,-1.87,1.04,2,0,0
0.74,1.99,0.68,0.26,-0.61,-1.59,-0.77,0.59,2,0,0
-2.85,0.9,-2.59,-2.4,-0.79,-3.11,-1.72,-0.32,2,0,0
0.74,1.22,-0.54,2.03,-0.85,-0.65,-1.67,0.81,2,0,0
-1.08,1.38,-0.93,-0.18,-1.83,-1.88,-2.02,1.45,2,0,0
-0.16,0.72,0.16,0.16,-0.58,-0.38,-1.17,0.13,2,0,0
0.38,0.48,0.59,0.79,0.29,-0.6,-0.44,0.18,2,0,0
-0.89,-0.52,-1.03,0.1,0.7,-0.13,-1.18,0.23,2,0,0
0.44,-0.88,0.33,0.27,-0.07,0.74,-0.42,1.13,2,0,0
-4.56,-1.81,-1.8,-2.61,2.31,0.25,2.17,-0.4,2,0,0
-1.35,2.52,0.82,0.32,-0.81,-2.35,-1.58,2.09,2,0,0
-3.07,-1.03,-0.48,-1.09,2.23,0.21,1.48,0.81,2,0,0
0.44,2.57,0.03,1.0,-2.05,-0.94,-2.47,1.12,2,0,0
-0.7,4.32,-2.25,1.6,-3.21,-3.18,-5.25,1.2,2,0,0
-1.81,-1.5,-0.41,-1.32,1.77,1.26,1.1,-0.86,2,0,0
-0.21,2.31,-0.49,1.75,-1.48,1.64,0.15,2.02,2,0,0
0.96,3.51,0.2,0.99,-2.48,-3.81,-3.21,0.38,2,0,0
1.66,1.52,-2.54,-0.64,-1.96,-0.46,-2.63,-1.94,2,0,0
-0.21,4.33,-1.33,0.98,-2.72,-4.03,-2.53,0.55,2,0,0
-1.12,-0.36,0.88,0.15,0.92,0.31,0.29,0.78,2,0,0
1.42,0.02,-2.17,-1.01,-0.18,0.47,-0.18,-3.31,2,0,0
-3.52,-1.21,-0.13,-0.64,3.59,-0.58,3.39,0.31,2,0,0
-1.72,1.1,-1.68,0.29,0.03,1.68,0.02,1.13,2,0,0
-0.89,-1.0,-0.41,-0.53,1.61,2.65,1.66,-0.84,2,0,0
3.66,1.82,-1.62,0.52,-2.32,-2.85,-3.08,-2.12,2,0,0
-0.46,0.05,1.7,0.87,1.1,0.73,-0.12,0.82,2,0,0
0.29,0.41,-1.36,-1.58,-0.68,-0.33,0.69,-1.54,2,0,0
2.86,-1.03,-0.37,0.37,0.2,2.95,2.09,-1.61,2,0,0
2.69,1.74,-2.45,1.05,-2.55,0.66,-3.06,-0.39,2,0,0
-2.4,-0.83,-1.92,-2.41,1.3,-0.52,2.11,-1.76,2,0,0
0.71,1.19,-0.11,0.75,0.12,-0.62,1.09,-0.41,2,0,0
-0.39,2.07,0.78,0.47,-2.18,-1.81,-3.25,2.67,2,0,0
0.2,1.64,-2.29,-1.74,-2.2,-2.11,-2.53,-2.09,2,0,0
-0.08,-1.23,-0.67,-1.66,0.49,1.95,-0.15,-0.88,2,0,0
-1.36,-3.46,0.56,-2.17,2.71,-0.94,1.3,-1.22,2,0,0
0.37,-0.19,0.27,-0.05,0.85,2.17,1.85,-1.06,2,0,0
0.84,2.3,-1.36,0.88,-0.87,1.31,1.18,-0.54,2,0,0
-0.22,-0.32,-0.25,-0.11,-0.01,0.7,-0.86,1.05,2,0,0
3.36,0.76,1.37,1.38,-0.02,0.71,-0.45,-0.11,2,0,0
1.39,1.67,-1.42,0.77,-1.05,1.99,0.26,-0.22,2,0,0
0.14,0.25,1.96,0.32,0.42,0.32,1.09,0.89,2,0,0
1.23,2.72,0.62,1.69,-1.41,-0.39,-0.22,1.02,2,0,0
-1.75,-0.8,1.26,-0.92,1.95,0.99,2.03,0.51,2,0,0
-3.01,1.5,-1.31,-0.53,0.22,-2.61,-1.22,0.31,2,0,0
-1.62,-0.41,0.83,-0.27,0.79,2.28,1.0,1.88,2,0,0
1.63,1.68,0.95,0.88,-1.2,-2.85,-1.28,0.16,2,0,0
0.05,-0.58,-2.94,-1.61,-0.45,2.21,-1.23,-1.32,2,0,0
-3.09,-0.17,-1.13,-1.61,0.81,-0.67,1.07,0.51,2,0,0
-2.16,1.34,0.24,-0.55,0.8,-3.45,-0.28,0.1,2,0,0
-1.42,-1.13,0.7,0.35,2.2,2.72,2.6,1.28,2,0,0
-1.47,-1.37,-0.91,-0.95,1.23,0.73,-2.01,-1.34,2,0,0
2.67,0.01,-0.53,0.71,-0.1,4.91,1.64,-1.28,2,0,0
-2.18,-1.09,1.55,-1.39,1.94,0.49,1.1,0.37,2,0,0
1.48,-1.65,1.25,0.6,1.08,1.98,0.24,-0.57,2,0,0
-1.32,-0.42,-0.84,-0.65,0.96,0.22,0.95,-0.61,2,0,0
0.06,3.12,-0.14,0.86,-1.75,-0.85,-0.89,1.0,2,0,0
0.95,1.21,-1.06,0.17,-1.44,2.08,-0.76,0.05,2,0,0
-0.92,-0.48,1.08,1.17,0.6,0.62,-0.65,2.24,2,0,0
-1.31,-1.39,-1.26,-0.53,1.75,-1.25,1.18,-0.54,2,0,0
-0.32,0.43,-0.48,-1.1,-0.07,-0.64,1.15,-1.27,2,0,0
-2.43,-2.62,-3.05,-2.09,1.26,3.19,0.13,-0.23,2,0,0
1.31,2.05,0.1,1.05,-1.18,0.71,-0.56,0.71,2,0,0
-4.1,-3.76,0.33,-2.92,3.65,1.08,1.2,-0.34,2,0,0
-0.68,0.28,0.4,1.25,0.97,1.62,1.47,1.14,2,0,0
-1.74,-0.26,-1.85,-1.04,0.98,1.4,0.55,-0.85,2,0,0
0.75,0.84,1.08,0.57,-0.03,1.55,1.26,0.08,2,0,0
-1.38,-1.82,0.55,-1.01,1.63,1.0,0.66,0.13,2,0,0
-1.52,-0.54,-0.01,-1.12,1.17,-0.37,-0.08,-0.28,2,0,0
0.4,1.63,0.29,1.42,-0.09,2.43,0.59,0.82,2,0,0
-1.43,-0.14,0.62,-0.31,1.52,1.19,1.66,0.28,2,0,0
-0.49,1.28,0.01,1.49,-0.75,3.44,-1.63,2.82,2,0,0
-0.03,-0.81,-0.77,-0.39,0.31,0.49,-1.02,-0.83,2,0,0
-1.82,-0.43,-0.04,-0.19,0.59,-1.46,-0.83,1.18,2,0,0
2.61,1.44,-0.68,-0.43,-2.05,-0.33,-2.04,-2.33,2,0,0
-0.84,-2.54,0.7,-1.56,2.66,1.94,3.21,-0.99,2,0,0
-1.08,0.45,0.75,0.45,1.65,-0.25,1.32,0.35,2,0,0
-2.89,-4.34,-0.72,-2.96,3.61,1.3,2.44,-1.75,2,0,0
-3.95,-1.49,2.53,-1.74,3.54,-1.17,3.35,0.68,2,0,0
2.39,3.91,-1.1,1.71,-3.58,-1.37,-3.71,1.28,2,0,0
3.25,-0.21,-2.17,0.21,-1.08,-1.47,-2.75,-1.9,2,0,0
-1.05,-1.94,-1.22,-1.92,0.98,2.53,0.83,-0.47,2,0,0
-0.85,-0.38,-1.62,-1.96,-0.58,-0.69,-1.23,-0.59,2,0,0
0.14,2.68,-0.62,-0.3,-1.98,-0.53,-1.09,0.01,2,0,0
-1.0,-1.0,-0.21,-2.27,0.88,-3.31,1.9,-1.37,2,0,0
-0.03,-0.3,-0.26,-0.16,0.9,2.23,1.28,-0.47,2,0,0
-1.01,-2.12,-2.97,-1.78,1.14,2.03,-0.57,-1.38,2,0,0
-0.4,1.65,-0.4,0.6,-0.1,1.43,-0.67,0.47,2,0,0
1.59,-0.52,-0.05,1.88,1.59,4.77,2.73,-0.66,2,0,0
-1.26,0.36,-1.06,-1.72,0.48,-0.24,0.46,-1.65,2,0,0
-0.71,2.31,-2.29,1.19,-1.4,-1.0,-0.61,1.06,2,0,0
3.01,0.7,-1.69,1.28,-1.57,4.94,-1.72,0.22,2,0,0
-0.68,0.9,-1.59,-1.64,-0.21,-3.18,0.54,-1.6,2,0,0
-1.87,-1.25,1.14,0.18,2.37,1.57,1.62,1.63,2,0,0
0.1,0.06,-0.26,-0.52,0.28,-0.08,0.33,-0.52,2,0,0
3.01,2.0,-0.12,1.57,-1.44,1.48,-1.73,-0.89,2,0,0
-0.41,-0.71,-0.48,-1.14,0.67,-2.31,-0.27,0.06,2,0,0
-0.96,0.05,1.02,0.28,1.13,1.38,0.07,1.36,2,0,0
-2.75,0.23,-0.72,-0.64,1.51,-1.57,1.2,0.18,2,0,0
-3.07,0.81,1.54,-1.27,1.27,-1.51,1.76,2.08,2,0,0
-3.13,-2.93,-0.99,-3.56,2.39,1.9,2.46,-1.52,2,0,0
-1.55,-2.48,-2.49,-1.84,1.16,0.32,0.54,-1.29,2,0,0
0.91,-1.1,-0.81,-0.11,0.71,1.94,-0.44,-1.65,2,0,0
1.95,2.04,-0.46,-0.65,-2.44,-1.13,-2.46,-0.74,2,0,0
0.38,1.52,0.5,0.2,-1.46,-2.83,-2.7,0.85,2,0,0
-0.13,-0.73,-0.14,-1.4,0.84,1.84,1.98,-0.4,2,0,0
-3.57,-0.87,-0.68,-0.6,2.34,-2.86,0.29,0.71,2,0,0
2.16,0.31,-2.16,1.17,-1.49,3.32,-1.55,-1.95,2,0,0
0.01,0.8,1.94,1.75,1.04,2.3,1.85,1.1,2,0,0
1.14,-2.86,1.09,-0.96,2.07,4.98,1.39,0.47,2,0,0
4.47,2.28,-0.47,1.09,-2.97,-0.97,-2.62,-1.61,2,0,0
-1.33,0.09,-1.16,-0.9,0.18,0.18,-2.0,-0.47,2,0,0
3.17,6.75,-2.95,1.0,-6.26,-4.14,-3.9,0.37,2,0,0
-3.31,-1.52,-2.18,-3.04,1.58,-2.98,-0.54,-1.5,2,0,0
1.83,3.39,-1.21,0.55,-2.28,-1.39,-2.91,-1.34,2,0,0
0.39,0.93,-1.86,-0.38,-0.24,-0.44,0.64,-1.25,2,0,0
0.17,2.54,1.22,1.49,-1.49,-2.61,-0.55,1.77,2,0,0
-0.9,-0.93,-1.33,-2.14,1.14,-2.08,-0.54,-1.77,2,0,0
-1.11,-1.47,-0.83,-1.11,1.87,0.92,1.35,-1.69,2,0,0
3.0,1.6,0.21,0.99,-1.14,-0.11,-0.73,-0.69,2,0,0
0.65,2.82,0.16,1.65,-1.64,-1.28,-2.6,1.17,2,0,0
-2.55,-1.48,-0.71,-0.98,1.45,-0.17,1.46,0.58,2,0,0
1.55,-0.54,2.15,0.13,-0.42,0.92,-0.89,1.44,2,0,0
-4.92,-2.9,-0.87,-2.62,4.36,-0.98,1.33,-1.44,2,0,0
-1.24,-0.97,-0.34,-1.32,0.99,-1.87,-0.79,-1.66,2,0,0
-1.14,0.92,-0.41,0.13,1.3,0.54,2.79,-0.56,2,0,0
-0.64,0.18,-1.17,-0.08,0.11,1.38,-0.94,-0.02,2,0,0
-1.45,-0.81,0.66,-0.17,1.47,1.87,0.35,1.14,2,0,0
-1.77,-0.83,-0.96,-0.4,2.24,0.31,2.08,0.4,2,0,0
-0.93,0.23,-0.75,-0.6,0.96,1.91,0.94,-0.54,2,0,0
1.35,-0.49,-0.54,-0.07,-0.2,-0.03,0.95,-2.07,2,0,0
-2.55,-1.64,0.81,-0.66,2.17,0.83,0.14,0.91,2,0,0
1.1,-0.09,-0.31,-0.35,-0.6,2.61,-0.79,0.13,2,0,0
-0.4,1.68,0.3,-0.11,-0.79,-2.79,-2.02,0.49,2,0,0
1.01,1.35,-0.73,-1.38,-1.52,-3.01,-3.11,-1.43,2,0,0
-3.03,-3.05,0.84,-1.2,2.49,2.23,-0.04,2.03,2,0,0
-0.29,0.4,1.16,0.25,0.07,-3.51,-2.04,1.42,2,0,0
-0.31,1.46,-1.32,-1.91,-1.36,-3.33,-1.7,-1.29,2,0,0
0.96,1.81,-1.0,1.6,-1.62,0.33,-2.46,1.34,2,0,0
0.19,1.55,-0.81,-0.56,-1.5,-0.99,-1.47,-0.12,2,0,0
-1.68,-0.87,1.0,-0.78,1.86,-0.83,1.91,1.31,2,0,0
-0.83,0.26,0.88,0.76,0.72,-0.63,0.76,2.25,2,0,0
-0.52,-3.8,-0.84,-1.83,2.58,3.14,3.05,-2.49,2,0,0
0.57,-2.71,-0.18,-0.56,0.96,5.04,-1.64,0.2,2,0,0
1.05,0.66,0.86,1.21,0.23,1.82,1.96,0.39,2,0,0
-0.44,2.09,-2.16,1.16,-1.2,-1.94,-2.48,0.77,2,0,0
1.04,0.55,-2.74,0.22,-0.72,-0.25,0.04,-1.77,2,0,0
-0.12,-0.47,-0.6,-1.22,0.22,0.12,-1.72,-0.56,2,0,0
0.61,0.59,0.34,1.21,-0.12,-0.67,-0.27,0.39,2,0,0
-2.32,-1.45,-0.5,-1.04,2.1,1.71,1.72,-0.11,2,0,0
2.29,3.25,-0.15,1.35,-3.57,-0.87,-2.2,1.06,2,0,0
0.71,1.19,-1.63,-0.53,-0.62,0.96,1.62,-1.56,2,0,0
1.96,2.92,-1.22,1.23,-1.88,0.39,-0.84,-0.29,2,0,0
3.97,1.24,0.35,2.9,-0.76,2.76,0.49,0.24,2,0,0
-0.39,0.66,-1.32,-1.12,-0.51,0.21,0.18,-1.17,2,0,0
-2.09,-0.37,-1.08,-2.15,1.97,-0.6,2.0,-1.9,2,0,0
0.91,1.38,0.19,0.51,-0.72,-1.38,-0.96,0.12,2,0,0
0.58,0.86,-1.4,-1.05,-0.93,-0.81,-1.77,-1.77,2,0,0
0.15,0.71,-0.78,-1.04,0.36,-0.35,2.31,-2.34,2,0,0
-1.01,1.39,-0.89,0.46,-0.11,0.07,-0.24,1.06,2,0,0
0.03,1.15,1.49,0.34,0.78,-1.73,1.34,0.68,2,0,0
-0.94,-0.4,-2.11,-0.6,0.65,2.06,0.18,-1.22,2,0,0
-1.24,2.06,0.34,1.38,-0.21,-2.27,-0.4,1.37,2,0,0
-3.19,-1.64,1.51,-0.77,2.77,-1.45,1.3,1.62,2,0,0
4.03,2.64,0.95,3.94,-2.23,5.14,-1.86,2.27,2,0,0
1.17,0.57,-0.59,0.22,-0.19,2.91,-0.33,-0.71,2,0,0
-2.16,0.32,0.84,-0.13,1.3,-3.29,1.09,0.88,2,0,0
-0.5,-0.08,0.85,1.41,0.09,0.33,-1.16,2.93,2,0,0
-1.35,1.72,0.42,0.42,-0.11,-2.57,-0.45,2.11,2,0,0
-1.13,2.2,-1.73,-0.98,-0.93,-2.32,-0.98,-1.19,2,0,0
-0.95,0.61,-1.75,-1.15,-0.74,-0.81,-1.62,-0.92,2,0,0
2.01,4.88,0.29,2.33,-3.33,-1.16,-0.81,2.33,2,0,0
-1.57,0.44,-1.72,-1.13,0.13,0.67,-0.05,-0.58,2,0,0
-2.31,-0.17,0.4,-0.38,2.45,-2.24,2.76,-0.02,2,0,0
-0.16,0.76,1.23,-0.52,-0.46,-0.38,-1.25,0.75,2,0,0
1.23,1.94,-3.89,-1.78,-2.93,-0.73,-2.49,-2.28,2,0,0
3.32,0.5,-1.12,0.21,-1.55,-0.45,-3.33,-2.02,2,0,0
1.34,3.24,-0.41,1.48,-1.84,-2.2,-0.57,0.39,2,0,0
-0.23,1.86,-0.78,0.44,-0.38,-1.59,-0.59,-0.03,2,0,0
-0.64,-2.93,-1.19,-1.78,1.98,2.65,0.78,-1.71,2,0,0
-0.25,-0.31,-1.65,0.48,0.7,-0.22,0.77,-0.48,2,0,0
0.24,2.07,-1.38,0.4,-1.12,-2.0,-0.55,-0.15,2,0,0
-1.65,-0.26,-1.8,-1.26,1.03,3.84,2.96,-0.91,2,0,0
1.67,2.77,-2.74,0.03,-3.45,1.17,-3.76,-0.19,2,0,0
2.6,-0.06,-0.61,0.55,-1.1,-0.59,-1.29,-0.25,2,0,0
-0.81,-2.96,-1.68,-3.07,2.33,-0.19,1.95,-2.86,2,0,0
-1.79,-0.12,-0.67,-1.34,-0.08,-0.46,-0.46,1.71,2,0,0
1.39,-1.06,-0.73,0.28,1.18,3.64,1.46,-1.26,2,0,0
-4.0,-2.07,-2.23,-1.61,2.68,1.67,1.52,0.17,2,0,0
3.48,3.88,1.28,3.66,-2.84,0.1,-3.15,1.57,2,0,0
4.28,1.11,0.4,2.96,-1.38,6.23,-0.94,0.65,2,0,0
-2.95,-2.0,-1.02,-1.15,2.51,0.55,2.41,-0.01,2,0,0
1.79,4.47,-2.41,1.22,-3.86,0.09,-2.96,-0.29,2,0,0
-1.24,1.78,-0.59,-0.63,-0.61,-4.82,-2.24,-0.16,2,0,0
2.89,2.6,0.33,2.4,-1.13,0.97,0.65,-0.42,2,0,0
1.61,-0.81,-2.81,-2.48,-0.98,2.11,-0.97,-2.83,2,0,0
-0.74,-0.04,-1.35,0.61,0.42,2.56,1.36,0.68,2,0,0
-1.73,0.54,2.58,-0.44,0.36,-2.12,-1.42,2.44,2,0,0
0.5,0.24,0.22,-1.35,-0.53,-0.77,-1.05,-0.72,2,0,0
1.47,-0.8,-0.62,-0.45,0.26,3.18,-0.63,-1.68,2,0,0
-0.16,-0.79,0.27,0.27,1.03,1.95,-0.25,0.26,2,0,0
-0.91,0.44,-1.19,-0.61,0.41,-1.32,0.15,0.42,2,0,0
-1.91,1.27,-1.88,-2.15,-1.54,-3.4,-1.75,-0.63,2,0,0
-0.04,-0.41,-1.0,0.79,0.11,1.6,-1.63,0.69,2,0,0
-0.58,0.24,-0.54,-0.3,0.58,1.03,1.5,-0.53,2,0,0
-1.25,-0.54,-0.56,-0.36,1.03,0.9,-0.03,0.22,2,0,0
1.87,0.97,-1.08,-0.08,-0.44,1.32,1.75,-1.67,2,0,0
-0.91,-1.66,-2.38,-1.75,1.29,-0.83,0.96,-2.49,2,0,0
0.95,0.07,0.26,0.68,1.1,1.63,1.64,-1.19,2,0,0
-0.43,-1.52,0.49,-1.92,-0.06,1.68,-1.62,0.51,2,0,0
-3.64,-1.46,0.81,-0.71,2.66,0.93,2.25,1.35,2,0,0
-3.0,-3.91,-0.63,-1.93,4.19,-0.27,3.43,-0.95,2,0,0
0.14,0.19,0.08,-0.79,0.01,-0.43,-0.86,-0.9,2,0,0
-4.98,-0.79,-2.95,-3.15,1.53,-4.05,-0.04,-0.5,2,0,0
-0.82,-1.66,0.1,-1.13,2.43,0.18,2.82,-1.22,2,0,0
4.22,0.35,0.51,1.7,-0.48,1.36,0.75,-1.43,2,0,0
-1.12,0.41,-2.09,-0.71,0.27,0.46,-0.22,-1.12,2,0,0
-3.59,-3.11,0.04,-2.84,2.84,-0.21,1.78,-0.12,2,0,0
0.39,0.04,0.83,-0.63,0.65,-0.64,0.38,-0.69,2,0,0
-3.69,-1.37,-1.75,-2.24,2.66,2.39,2.83,-0.33,2,0,0
0.26,1.48,-0.45,0.7,-0.19,-0.91,-1.13,-0.91,2,0,0
-1.33,2.18,-2.21,-1.3,-1.08,-4.07,0.37,-1.81,2,0,0
-0.51,-0.99,0.29,0.47,1.35,2.75,2.3,0.04,2,0,0
2.41,0.59,1.37,0.93,-0.43,0.92,-1.07,-1.25,2,0,0
3.44,3.34,-0.22,1.73,-2.37,-0.04,-0.9,-1.03,2,0,0
-1.72,0.38,1.53,-0.48,1.5,-2.52,-0.18,-0.12,2,0,0
1.57,3.01,1.16,1.89,-1.39,0.8,-1.8,1.18,2,0,0
-3.84,-1.61,-2.44,-2.71,1.9,-1.7,0.68,-1.48,2,0,0
0.73,-0.48,-0.35,-0.62,1.12,1.22,2.11,-2.97,2,0,0
0.78,2.97,-3.32,-1.21,-3.15,-0.95,-2.39,-1.85,2,0,0
2.25,0.68,-1.05,-0.42,-1.5,-2.13,-1.84,-2.54,2,0,0
2.82,2.38,-0.08,0.59,-1.84,-4.02,-1.85,-1.55,2,0,0
1.15,2.14,-0.4,0.39,-2.14,0.81,-3.12,1.55,2,0,0
-0.86,1.45,0.66,1.53,0.17,0.38,0.85,1.53,2,0,0
2.18,4.86,-1.98,1.05,-3.62,-2.4,-2.61,-0.17,2,0,0
-0.08,1.76,0.97,0.3,-0.78,-1.82,-1.57,0.85,2,0,0
-1.21,-1.05,-1.21,-1.28,1.85,-0.16,1.71,-1.13,2,0,0
-0.82,1.23,1.14,0.71,-0.7,0.09,-2.44,3.45,2,0,0
-1.22,-0.13,-0.31,-0.87,0.53,2.51,0.22,-0.74,2,0,0
3.39,3.73,0.21,1.98,-3.07,-1.57,-2.53,0.48,2,0,0
2.19,3.56,0.58,2.44,-2.02,1.02,-0.25,1.45,2,0,0
-2.86,0.03,2.29,0.42,1.86,-0.5,1.12,2.47,2,0,0
-1.87,-2.01,1.42,-0.87,2.49,2.22,1.69,1.11,2,0,0
-0.88,-0.78,-0.88,-1.13,0.09,2.57,0.86,-0.16,2,0,0
1.1,1.35,0.86,2.32,-0.63,1.73,-0.46,1.66,2,0,0
1.1,0.79,-3.45,-0.91,-1.93,-0.77,-2.48,-2.17,2,0,0
-0.3,-1.16,-0.94,-1.62,0.03,0.28,-0.49,-0.24,2,0,0
2.34,3.4,-3.17,-0.71,-4.71,-2.56,-5.91,-1.92,2,0,0
-0.54,-2.87,0.27,-1.17,2.32,2.74,1.37,-0.19,2,0,0
-2.87,-3.1,-0.67,-3.36,2.18,0.59,0.97,-0.06,2,0,0
0.95,0.74,2.38,0.04,-0.59,-0.85,-1.26,0.59,2,0,0
-1.94,0.13,-2.54,-1.31,0.96,1.11,1.9,-1.39,2,0,0
-1.43,1.73,-0.8,0.25,0.02,-0.22,-0.8,0.61,2,0,0
-2.91,-0.65,-0.05,-1.36,1.28,-2.3,0.06,1.09,2,0,0
-1.98,1.35,0.3,-0.52,0.42,-2.68,0.14,0.06,2,0,0
-0.27,1.14,-2.58,-1.13,-0.62,-0.12,-0.48,-1.72,2,0,0
-1.58,-0.29,-0.6,-1.28,-0.33,-1.66,-1.5,1.18,2,0,0
-2.17,-0.71,-0.08,-1.16,0.98,-1.76,-0.27,0.42,2,0,0
1.46,0.01,0.85,0.12,0.38,-0.8,1.25,-0.84,2,0,0
1.24,1.2,-2.26,0.23,-2.1,0.57,-3.92,-0.02,2,0,0
0.02,2.8,-0.97,0.18,-1.84,-2.21,-2.08,0.13,2,0,0
-1.37,1.39,-0.64,-0.83,0.16,1.93,0.43,0.84,2,0,0
1.93,0.89,-2.42,1.16,-0.43,3.91,0.43,-2.35,2,0,0
1.09,-1.95,-1.47,-0.1,0.59,3.36,0.81,-1.01,2,0,0
-0.57,-0.08,-1.27,-1.29,-0.27,0.77,-0.98,-0.91,2,0,0
-2.39,1.45,0.2,-0.05,-0.13,-0.56,0.53,2.37,2,0,0
-0.71,1.41,1.2,1.72,0.89,-1.59,0.56,1.99,2,0,0
-0.93,-0.09,0.36,-0.89,-0.33,0.1,-0.04,1.23,2,0,0
1.34,-1.1,-0.5,0.05,0.84,5.4,1.17,-1.48,2,0,0
0.94,0.37,0.8,0.61,-0.13,-0.6,-0.54,0.96,2,0,0
2.61,0.8,0.73,0.26,-0.91,-1.59,-0.48,-0.1,2,0,0
0.07,1.42,0.18,0.61,-0.65,-0.12,-0.71,1.37,2,0,0
0.44,0.22,-0.98,-0.58,-0.47,-2.41,-2.1,-0.78,2,0,0
0.57,1.32,0.41,0.96,-0.56,0.63,-2.12,-0.12,2,0,0
0.84,2.34,0.78,2.98,-1.02,0.95,-3.74,3.68,2,0,0
1.67,2.77,0.28,1.14,-1.88,1.62,-1.71,1.46,2,0,0
-1.31,-1.86,1.26,-0.86,1.51,1.04,-0.2,1.42,2,0,0
-2.05,0.94,-0.45,-0.65,0.41,-0.64,-1.24,0.13,2,0,0
1.11,0.53,-0.72,-0.56,-1.09,0.9,-0.51,-0.93,2,0,0
2.28,1.67,-1.53,-0.59,-2.06,0.81,-0.66,-1.65,2,0,0
2.13,4.02,-0.57,1.35,-2.58,1.61,-2.0,-0.2,2,0,0
-0.23,0.91,-0.88,0.16,-0.53,-1.5,-0.46,0.37,2,0,0
1.72,1.59,-1.71,0.35,-1.18,0.32,-0.86,-0.41,2,0,0
-1.48,-0.6,0.8,0.66,1.94,2.21,0.99,0.73,2,0,0
-2.95,-2.05,0.39,-1.22,3.15,0.25,2.6,-0.56,2,0,0
-0.79,-0.15,-1.43,-1.34,0.38,0.39,1.1,-1.33,2,0,0
0.2,-0.45,-1.01,0.26,1.21,2.03,2.49,-1.01,2,0,0
-0.85,1.86,0.13,0.56,-0.59,-1.38,-1.18,1.57,2,0,0
-3.89,-0.56,-0.19,-0.37,2.04,-0.72,1.48,1.76,2,0,0
-2.04,0.03,0.05,0.4,2.0,0.53,0.14,1.1,2,0,0
-3.03,-3.17,-0.21,-2.46,3.71,-0.28,4.39,-2.08,2,0,0
-0.71,-1.39,-1.75,-2.83,-0.45,-0.02,-2.64,-1.48,2,0,0
-2.64,-2.95,-0.87,-2.48,2.73,1.91,0.8,-1.06,2,0,0
1.87,2.48,-0.41,2.06,-0.84,2.26,-0.79,-0.12,2,0,0
-0.96,-1.52,0.14,-0.66,1.06,0.27,-1.28,0.83,2,0,0
0.95,0.24,0.53,-0.74,-1.3,0.72,-0.77,0.95,2,0,0
3.32,3.56,-1.11,2.04,-2.62,-2.25,-1.71,-0.96,2,0,0
4.67,1.32,-1.03,1.81,-1.76,2.43,-1.71,-1.08,2,0,0
0.25,1.26,-1.9,0.15,-1.01,2.31,0.13,-0.21,2,0,0
-0.18,0.98,-1.29,-1.62,-0.93,-2.31,-1.83,-2.12,2,0,0
-0.42,0.33,-0.65,0.1,0.4,-2.06,-0.92,0.25,2,0,0
3.49,1.99,-1.44,0.76,-3.15,1.12,-2.78,-0.56,2,0,0
-0.07,2.13,1.82,1.65,-1.24,-1.69,-1.81,2.3,2,0,0
-1.97,0.31,-1.06,-0.63,0.89,0.79,0.73,-0.2,2,0,0
-0.79,0.7,0.07,0.04,0.28,1.7,0.52,1.0,2,0,0
-2.58,-0.98,-1.65,-1.56,2.6,0.19,2.21,-2.44,2,0,0
-0.85,-1.68,0.19,-1.37,2.47,0.02,2.22,-1.3,2,0,0
2.17,4.77,-0.79,2.54,-2.67,-4.57,-2.07,-0.09,2,0,0
-2.3,1.3,0.12,-0.48,0.47,-2.67,-0.25,0.88,2,0,0
-0.55,0.64,-0.34,-0.31,0.87,0.06,2.72,-1.74,2,0,0
-0.56,-0.01,-0.9,-0.49,-0.64,3.32,-0.54,0.53,2,0,0
-0.24,-0.3,-1.41,-0.25,1.19,2.16,0.46,-1.78,2,0,0
1.17,1.74,-0.21,0.24,-1.06,-1.95,0.34,-0.17,2,0,0
3.23,3.14,-0.51,1.26,-3.13,2.07,-0.98,-0.25,2,0,0
-1.39,0.64,0.82,0.09,1.51,-0.52,1.89,0.5,2,0,0
-0.86,1.25,-0.68,-1.44,-1.04,-1.32,-1.27,-0.21,2,0,0
0.28,1.29,-1.31,-0.57,-2.04,-0.29,-2.72,1.01,2,0,0
0.15,-2.79,-0.66,-2.03,1.68,2.63,2.02,-1.27,2,0,0
-4.42,-2.47,0.1,-2.11,3.24,0.1,2.89,-0.17,2,0,0
-0.94,-0.57,-1.08,-1.58,0.86,0.77,1.21,-0.57,2,0,0
-2.87,0.35,1.75,-0.76,2.14,-3.02,1.15,0.76,2,0,0
-0.39,-0.79,-1.03,-1.66,0.37,-1.16,1.19,-1.13,2,0,0
-1.82,-0.45,1.41,-0.69,1.73,-4.8,1.01,0.43,2,0,0
2.86,0.52,-0.35,-0.14,-0.36,-0.03,2.24,-3.29,2,0,0
-2.06,-0.65,2.41,0.03,2.32,-0.88,0.11,2.15,2,0,0
-1.03,-0.63,1.3,0.27,1.83,0.36,0.3,0.2,2,0,0
3.25,0.28,-0.58,0.63,-0.49,0.59,-0.2,-2.23,2,0,0
1.42,2.06,-2.84,-1.35,-3.3,-2.11,-4.35,-1.4,2,0,0
0.06,0.11,1.65,0.93,-0.32,1.65,-2.45,3.01,2,0,0
0.14,2.3,-2.56,-0.95,-2.01,0.52,-0.47,-1.22,2,0,0
-1.66,-1.17,-1.12,-1.06,0.95,2.1,0.11,1.02,2,0,0
2.29,0.13,-1.83,-0.24,-1.17,-0.46,-1.57,-2.4,2,0,0
-2.4,0.72,-1.22,-1.04,-0.61,-2.7,-1.79,0.74,2,0,0
-0.56,0.27,-1.12,0.19,0.03,-0.74,1.53,0.65,2,0,0
0.91,-1.24,-0.79,-1.16,0.03,2.03,-1.36,-1.48,2,0,0
0.84,2.67,-0.56,1.39,-1.61,-0.52,-1.3,0.89,2,0,0
-2.3,-0.63,-2.53,-2.01,0.98,-0.64,-0.55,-1.89,2,0,0
-1.3,-0.41,0.03,0.1,0.43,0.05,0.73,0.71,2,0,0
1.0,3.02,0.34,1.01,-1.8,-1.77,-2.13,0.37,2,0,0
-0.01,1.17,-0.46,-0.02,-0.01,0.09,0.91,0.11,2,0,0
1.26,3.83,-1.86,0.64,-2.21,0.08,-0.12,-0.49,2,0,0
3.11,2.44,-0.75,1.48,-2.84,1.51,-2.42,0.12,2,0,0
-0.08,-0.47,-0.26,0.37,0.44,1.14,0.73,0.66,2,0,0
1.34,2.78,-0.34,-0.25,-1.68,-1.84,-0.94,-0.93,2,0,0
0.37,0.22,-1.37,0.8,0.32,4.6,1.63,-0.29,2,0,0
1.59,0.03,1.85,1.81,0.84,2.04,-0.16,0.55,2,0,0
-4.44,-1.71,-1.85,-2.75,2.3,-0.48,0.36,-1.02,2,0,0
1.11,2.41,-2.43,-1.32,-1.9,-1.25,-0.02,-1.49,2,0,0
-1.45,-2.32,-1.34,-1.24,2.59,0.4,1.31,-1.73,2,0,0
1.25,1.33,-0.86,-0.15,-1.38,-1.76,0.56,-0.34,2,0,0
-0.2,-1.09,-1.5,-1.17,0.85,1.26,0.36,-1.88,2,0,0
-2.47,-1.44,-1.65,-2.2,1.55,-1.03,0.19,-0.94,2,0,0
1.46,2.13,-2.77,-0.81,-2.47,-1.02,-2.26,-1.22,2,0,0
1.79,0.11,-0.51,0.53,0.16,1.83,0.98,-1.15,2,0,0
1.29,3.7,-0.99,1.2,-2.01,-2.41,-0.1,-0.25,2,0,0
1.5,2.17,-2.33,0.07,-1.83,-0.83,-1.79,-1.84,2,0,0
-0.48,0.27,1.27,0.85,1.01,1.01,1.21,1.4,2,0,0
-0.35,0.46,-0.58,0.06,-0.52,-0.63,-2.68,0.5,2,0,0
-2.44,-2.65,-0.85,-1.3,2.27,3.25,2.07,0.11,2,0,0
-0.16,-1.58,-0.85,-2.06,1.48,0.54,1.84,-2.96,2,0,0
-1.42,-0.8,-0.45,-1.24,1.1,-2.67,0.78,-1.03,2,0,0
-2.19,1.24,-0.93,-0.35,0.72,-4.01,-1.29,-0.05,2,0,0
4.31,3.66,-0.36,1.1,-4.0,-3.06,-4.13,-0.79,2,0,0
0.62,2.04,1.15,0.69,-0.45,-3.12,0.24,0.24,2,0,0
2.62,1.48,-0.81,2.71,-1.04,3.45,0.63,0.86,2,0,0
-0.08,-0.58,-1.57,-0.58,0.05,2.24,-0.57,-0.01,2,0,0
-2.72,-0.93,0.51,-1.53,2.23,-1.06,2.5,-0.31,2,0,0
-1.1,1.62,0.27,0.75,-0.42,-1.68,-1.7,2.29,2,0,0
-0.17,2.42,-0.28,-0.26,-0.65,-3.24,-0.24,-0.45,2,0,0
0.5,1.27,0.28,0.43,-0.36,-0.12,-0.25,-0.17,2,0,0
-0.55,1.88,1.55,1.34,-0.84,-4.34,-1.67,2.66,2,0,0
0.04,-1.02,-0.17,-1.11,1.0,0.06,0.35,-1.43,2,0,0
0.59,-0.29,0.36,-0.43,0.11,-0.41,0.17,0.01,2,0,0
-0.76,-1.65,-0.56,-2.55,1.77,-0.35,2.2,-3.43,2,0,0
-0.32,-1.18,0.89,0.32,1.87,0.88,1.74,-1.23,2,0,0
-0.76,-3.53,-0.69,-0.93,2.69,5.44,3.04,-0.6,2,0,0
-3.86,-3.96,-1.09,-3.24,3.22,2.02,0.62,-1.85,2,0,0
-1.26,-0.91,0.18,0.52,2.15,1.63,2.94,0.38,2,0,0
-1.54,0.59,-0.36,-1.64,-0.4,-3.55,-1.34,0.88,2,0,0
0.89,0.79,0.69,1.18,-0.25,1.17,-0.81,0.26,2,0,0
-0.79,3.49,-2.26,0.01,-2.42,-2.58,-2.09,-0.05,2,0,0
0.2,-1.45,0.9,0.06,0.71,2.75,0.07,1.29,2,0,0
-0.65,-0.91,-0.02,0.06,1.47,0.98,1.78,-0.35,2,0,0
-0.23,-1.72,1.27,1.31,1.44,5.14,-0.15,2.25,2,0,0
-0.6,-1.81,0.61,-1.16,2.13,-0.67,1.98,-1.0,2,0,0
-0.15,-0.24,0.57,-0.45,-0.02,0.73,-0.18,-0.15,2,0,0
-1.32,-0.52,0.77,0.01,1.39,1.69,2.39,0.95,2,0,0
0.49,1.58,0.57,-0.59,-1.16,-1.06,-0.87,0.63,2,0,0
-1.27,-3.45,0.75,-1.12,2.44,1.59,1.37,-0.1,2,0,0
-1.82,-2.57,-0.59,-2.86,1.81,0.04,-0.02,-1.85,2,0,0
1.51,2.28,-0.35,1.92,-0.22,1.68,0.7,0.11,2,0,0
-1.07,-1.82,0.62,0.06,1.81,2.99,0.81,0.92,2,0,0
1.89,2.16,-0.75,0.79,-2.14,-0.73,-2.96,-0.02,2,0,0
0.99,0.99,-0.16,1.08,-0.94,-2.82,-2.07,1.18,2,0,0
4.51,0.92,-1.97,2.21,-0.54,4.76,1.58,-2.8,2,0,0
-1.13,-0.81,-0.08,0.7,1.34,1.78,1.13,0.98,2,0,0
0.85,1.69,-1.76,0.08,-1.34,-1.08,-1.47,-0.79,2,0,0
-2.65,-1.78,-1.19,-1.8,1.04,2.44,-0.91,-0.03,2,0,0
-2.88,-3.08,1.01,-2.43,3.37,0.19,1.61,-0.53,2,0,0
0.56,3.27,0.26,0.32,-2.12,-3.84,-1.71,0.19,2,0,0
1.17,-0.39,2.2,-0.33,-0.05,-1.1,-1.8,0.28,2,0,0
-0.96,-2.72,0.67,-1.9,2.1,0.81,0.52,-0.89,2,0,0
-1.99,0.62,1.3,-0.36,1.14,-5.1,0.36,0.57,2,0,0
0.43,2.39,-3.48,-0.13,-2.03,-2.36,-1.91,-0.9,2,0,0
-1.43,-1.13,-0.51,-2.16,1.46,-2.51,0.39,-1.17,2,0,0
1.94,4.14,-2.92,0.9,-3.01,-1.33,-1.85,-2.01,2,0,0
-0.95,2.08,-1.24,0.74,-0.44,-2.83,-2.77,0.88,2,0,0
-2.78,-0.23,-0.05,-0.63,1.5,-2.21,-1.85,0.09,2,0,0
0.67,0.97,1.35,1.75,-0.5,0.41,-1.14,2.44,2,0,0
1.08,-0.17,0.24,-0.3,0.5,1.06,0.59,-0.39,2,0,0
-0.79,0.49,-0.24,0.55,0.86,-0.61,1.22,-0.01,2,0,0
-0.17,0.13,-1.99,-2.16,-0.44,-2.32,-1.96,-2.86,2,0,0
0.29,-0.49,-0.46,-1.25,-0.65,1.25,-2.36,-0.39,2,0,0
-2.2,1.49,0.02,-0.1,0.45,-3.18,0.01,1.15,2,0,0
-1.22,-0.86,0.24,-0.55,1.3,-0.05,-1.28,0.54,2,0,0
1.42,3.65,-2.95,-0.34,-3.05,-2.78,-1.77,-1.11,2,0,0
2.92,2.07,0.71,0.66,-2.0,-2.08,-2.4,-0.14,2,0,0
-0.33,2.38,-1.09,0.1,-0.81,0.89,0.66,-0.37,2,0,0
0.9,-0.7,-2.47,0.04,-0.76,2.07,-1.53,-0.78,2,0,0
-2.31,-0.62,-1.3,-3.11,-0.25,-4.09,-2.48,-0.36,2,0,0
-0.41,3.62,-0.01,0.61,-2.13,-2.68,-2.88,1.77,2,0,0
0.21,2.38,-1.49,0.91,-0.48,-1.96,-0.53,-0.22,2,0,0
-1.52,0.06,0.01,-0.2,1.23,0.61,-0.04,-0.08,2,0,0
0.51,3.09,-0.56,1.3,-2.61,-1.79,-2.84,1.58,2,0,0
-2.63,-1.85,-0.04,-1.7,2.29,-2.23,0.16,-0.47,2,0,0
-0.12,2.29,-0.47,0.38,-2.38,0.19,-3.12,2.55,2,0,0
2.46,0.84,-1.96,-0.75,-1.42,-0.31,0.01,-2.45,2,0,0
1.03,-0.67,-1.37,-1.27,0.07,-0.34,0.03,-2.2,2,0,0
4.28,3.14,-1.3,1.94,-3.4,2.28,-2.36,-0.28,2,0,0
-0.38,1.64,-0.8,-0.17,0.1,-1.49,2.05,-0.88,2,0,0
4.74,0.88,-1.59,1.1,-1.48,2.71,-1.3,-2.38,2,0,0
0.79,0.38,-1.58,0.59,-0.58,2.48,0.49,-0.31,2,0,0
0.88,1.94,-1.17,1.52,-1.75,1.26,-2.17,1.01,2,0,0
-3.14,-1.13,1.09,-1.44,2.59,-0.6,2.54,0.23,2,0,0
-2.62,-0.93,0.81,-1.6,1.65,-3.77,0.63,1.76,2,0,0
0.02,3.11,-2.09,0.98,-1.8,-2.13,-3.63,-0.67,2,0,0
-0.65,0.56,-2.09,-0.8,-0.14,-0.28,-0.52,-1.29,2,0,0
0.82,2.53,-3.18,0.26,-1.87,-3.44,-1.58,-2.15,2,0,0
-0.03,-0.98,-2.16,-0.34,-0.66,4.62,-0.27,0.24,2,0,0
-2.7,-2.69,-1.79,-2.42,1.91,1.16,0.97,-1.45,2,0,0
1.6,0.03,-1.21,-0.93,-0.58,1.58,0.0,-3.23,2,0,0
-1.85,-1.19,-0.37,-1.5,1.04,-0.85,-0.05,0.3,2,0,0
-1.71,-1.26,-0.22,-0.07,2.0,0.48,0.97,-0.28,2,0,0
1.78,-0.7,2.07,0.32,0.34,1.35,-0.79,0.87,2,0,0
-2.23,2.33,-0.52,-0.83,-0.11,-3.51,0.03,0.55,2,0,0
-0.43,-0.48,-0.23,-0.99,1.08,-0.64,-0.44,-0.84,2,0,0
-1.93,-1.18,-2.24,-1.73,0.61,-0.84,-0.04,-0.45,2,0,0
-0.12,0.21,-1.95,-1.22,-0.05,0.67,0.52,-1.09,2,0,0
-0.32,-1.92,-0.32,-1.73,1.31,-0.58,0.79,-1.09,2,0,0
-4.51,1.36,-3.26,-1.56,0.76,0.04,-0.89,-0.4,2,0,0
-2.07,0.03,-0.25,-0.62,1.14,2.07,1.48,0.37,2,0,0
0.37,-0.66,-0.16,-0.17,0.58,-0.94,-0.42,-0.76,2,0,0
0.74,-4.34,0.93,-1.02,2.98,6.33,1.81,-0.57,2,0,0
-2.56,-0.47,0.41,-0.51,1.72,0.44,1.81,0.79,2,0,0
-0.64,0.93,0.18,0.22,0.59,0.52,1.01,-0.36,2,0,0
3.88,2.73,-0.64,1.76,-3.46,1.4,-3.45,-0.03,2,0,0
0.42,-0.52,-0.04,0.14,1.79,-0.33,2.82,-0.33,2,0,0
0.76,2.37,-0.52,0.06,-1.43,-3.06,-1.0,-0.3,2,0,0
-0.38,3.73,3.41,0.92,-1.68,-5.52,-3.0,2.41,2,0,0
-1.84,-1.9,-0.61,-1.81,1.49,1.55,1.96,-0.3,2,0,0
0.94,1.12,1.84,1.37,0.45,2.14,2.13,0.96,2,0,0
1.15,1.02,-1.15,1.69,-1.24,3.41,-0.1,0.5,2,0,0
1.6,1.63,-0.1,-0.11,-0.64,-1.09,-0.03,-1.22,2,0,0
-1.86,0.89,-0.51,-0.9,0.26,-1.34,0.58,-0.28,2,0,0
0.55,3.12,-0.89,2.49,-1.59,1.43,-2.6,1.61,2,0,0
0.04,-0.45,-2.71,-1.08,-0.51,0.02,-1.77,-2.38,2,0,0
-0.22,-0.69,-1.11,-1.55,0.16,-1.21,-2.22,-1.71,2,0,0
1.22,1.27,-0.99,0.72,-0.54,0.71,0.2,-0.51,2,0,0
-1.34,1.74,-0.34,0.06,-0.26,-3.82,-0.61,1.16,2,0,0
0.11,0.15,-0.12,0.72,0.71,-1.21,0.59,0.48,2,0,0
-3.51,-2.41,-2.35,-1.92,1.62,0.2,-0.89,-0.37,2,0,0
-2.88,-0.13,-0.1,0.15,1.8,-0.33,0.63,1.69,2,0,0
-2.28,0.52,0.79,0.19,0.68,-1.88,0.62,2.29,2,0,0
1.57,0.28,-1.34,-0.96,-0.49,-1.58,-1.72,-2.41,2,0,0
