@relation SyntheticData-N_600-D_16-Nmin_60-Zmin_8-CL_1_1-R_0
@attribute X0 real [-6.29, 6.99]
@attribute X1 real [-6.85, 9.39]
@attribute X2 real [-7.34, 9.46]
@attribute X3 real [-8.88, 8.65]
@attribute X4 real [-6.82, 6.87]
@attribute X5 real [-10.24, 6.28]
@attribute X6 real [-7.54, 6.20]
@attribute X7 real [-7.64, 7.46]
@attribute X8 real [-6.57, 5.97]
@attribute X9 real [-5.69, 8.63]
@attribute X10 real [-6.52, 6.91]
@attribute X11 real [-6.20, 5.84]
@attribute X12 real [-9.63, 11.21]
@attribute X13 real [-6.67, 8.78]
@attribute X14 real [-6.60, 8.60]
@attribute X15 real [-7.79, 10.18]
@attribute cluster_idx {0,1}
@attribute is_noise {0,1}
@attribute Class {0,1}
@inputs X0,X1,X2,X3,X4,X5,X6,X7,X8,X9,X10,X11,X12,X13,X14,X15,cluster_idx,is_noise
@output Class
@data
3.79,0.52,0.6,3.05,0.68,-0.23,0.7,0.64,-0.68,0.58,0.2,0.51,-1.23,-0.35,-1.45,1.13,0,0,1
3.23,-2.63,3.57,1.99,-1.62,-1.16,-2.37,1.12,-1.26,-0.97,-1.43,5.84,1.85,-2.03,-3.96,1.13,0,0,1
-0.07,3.58,-1.84,-0.52,1.1,-0.24,-2.16,-2.72,0.94,-2.71,-1.98,3.95,-0.03,-1.14,-1.44,-0.33,0,0,1
0.64,-0.75,-0.61,2.33,3.95,-2.59,2.17,1.98,-3.97,-1.92,3.81,-0.79,3.13,0.77,0.22,1.09,0,0,1
1.5,2.09,-0.09,2.41,0.26,0.85,2.37,3.56,-0.52,-3.33,0.75,-4.56,1.04,1.71,-5.27,3.04,0,0,1
-0.21,2.32,2.53,-1.79,-3.18,-1.72,-4.14,-0.63,1.18,0.88,1.47,1.04,1.23,-1.39,-1.46,-1.52,0,0,1
-0.77,1.65,0.51,-0.72,-1.04,1.29,-0.25,-0.4,3.78,2.33,0.5,-0.18,-0.34,-1.2,1.45,-0.63,0,1,0
1.01,-1.22,-7.34,3.47,-0.67,-1.19,2.13,-4.17,-2.49,0.79,-3.0,-0.41,-3.34,-3.27,-2.09,2.11,0,0,1
1.17,-1.46,-0.89,4.13,1.5,1.98,3.33,5.75,-1.75,-4.07,2.0,-6.02,0.1,1.97,-1.95,3.41,0,0,1
3.32,-3.03,-0.28,3.97,-1.25,0.22,0.7,0.36,-2.06,0.97,1.24,2.06,-2.18,-2.08,-1.4,3.49,0,0,1
-1.16,1.77,2.17,0.95,2.25,5.95,4.65,4.94,2.77,-0.49,0.32,-1.55,-4.1,3.68,3.43,4.16,0,0,1
2.1,-1.39,-0.02,-1.18,2.28,5.69,-1.7,2.51,3.03,-1.36,-1.95,-0.58,-1.16,1.88,3.52,-0.52,0,0,1
1.68,-1.08,-2.28,2.11,-1.75,-0.15,0.61,-2.18,-1.1,-1.41,1.24,0.92,-3.92,-0.2,0.7,2.97,0,0,1
0.78,1.15,1.48,-2.2,-3.8,-0.64,-7.54,-3.15,2.27,0.39,1.43,5.34,-0.13,-2.57,-0.32,-2.48,0,0,1
-1.49,1.66,-1.62,1.27,-2.6,-0.64,0.52,-1.43,-1.5,-3.98,1.33,-4.35,-2.25,0.99,0.49,-1.15,0,0,1
-0.49,-1.44,-3.44,-1.18,-4.58,-1.1,-3.97,-4.86,-0.48,-0.07,1.45,-0.97,-0.51,-1.48,-0.32,-3.32,0,0,1
-0.33,-2.37,3.39,-0.01,-1.57,1.81,0.59,3.22,0.49,-0.45,2.09,-0.55,-0.37,3.6,0.98,1.1,0,0,1
-4.35,2.11,1.67,0.88,-0.96,1.03,1.23,0.25,0.3,-4.81,-2.25,-1.42,2.43,1.49,-0.96,-4.99,0,0,1
-3.04,-0.61,-0.93,-0.05,1.82,-4.87,-3.0,-0.21,-2.82,2.09,-0.49,4.59,4.19,-3.21,-1.06,-2.16,0,0,1
-4.96,2.63,-0.24,-2.54,-2.79,0.21,2.57,-0.86,-0.12,-2.59,1.18,-2.54,-1.09,4.88,-2.82,-1.54,0,0,1
-1.73,0.6,2.52,-1.22,1.55,-1.1,2.25,1.71,-0.17,-1.02,2.06,-1.09,3.68,2.75,-0.18,-2.54,0,0,1
-5.08,-3.42,0.87,-2.38,0.74,-1.82,-2.78,1.57,-1.72,2.04,-1.21,0.42,4.59,-0.47,3.13,-6.18,0,0,1
1.67,-0.01,2.06,0.18,0.11,2.37,1.49,-1.93,1.84,-0.45,-1.55,2.92,-2.07,1.72,2.79,-2.14,0,0,1
2.92,-2.85,0.67,1.77,-3.85,-2.58,-0.76,-0.4,0.2,2.31,1.04,-1.2,3.0,-1.49,-4.25,0.9,0,0,1
-2.75,0.13,-1.41,-0.89,-0.17,-0.57,-1.06,0.4,-1.54,-2.06,3.35,0.99,0.11,1.21,-1.12,0.3,0,0,1
4.32,-3.27,-0.17,-1.45,-0.19,-1.52,-1.0,3.1,1.05,3.75,-3.93,-4.22,-0.49,-1.97,0.83,0.85,0,0,1
0.27,1.8,-1.55,1.76,0.97,2.11,-1.43,-0.51,2.1,0.81,1.74,-0.08,1.12,-3.18,1.62,0.22,0,0,1
-0.87,1.55,-0.47,-0.34,0.86,0.0,1.08,-0.07,1.03,1.98,-1.59,1.25,-1.25,-0.29,0.41,0.89,0,0,1
-0.49,1.14,-1.83,-0.67,-2.38,2.01,-0.14,-2.03,3.0,-0.43,-2.31,-0.85,-0.76,-0.46,-1.74,-0.58,0,0,1
0.51,3.19,-2.2,-1.68,-1.54,-2.41,-1.46,-2.86,1.44,-2.15,0.69,-1.63,-0.29,0.44,-1.39,-0.36,0,0,1
-3.78,-1.73,5.41,-5.18,-3.7,4.41,-5.35,2.99,5.65,0.59,0.92,-1.24,3.13,1.36,4.31,-5.7,0,0,1
-2.33,-1.46,-1.34,2.15,-1.08,-0.53,-0.29,-1.22,-3.78,-0.04,0.15,2.1,-0.5,-2.93,-1.1,-2.68,0,0,1
-0.2,-0.96,4.5,-1.15,-1.94,3.33,-1.45,2.13,3.42,-0.11,-0.69,1.07,0.1,1.1,1.65,-2.42,0,0,1
1.86,-2.88,3.9,-2.3,0.69,-0.3,-6.44,4.03,0.97,4.73,2.54,3.0,2.55,-0.49,2.25,-1.29,0,0,1
0.78,-3.17,4.38,-1.3,-0.27,-2.93,2.16,3.88,-0.83,1.62,1.49,-1.62,3.68,2.67,-1.31,0.01,0,0,1
1.52,-0.56,3.73,-2.75,1.37,-1.2,-3.0,2.12,2.19,2.14,1.34,3.06,2.9,2.57,1.24,-0.59,0,0,1
-1.61,0.46,2.77,-3.33,-0.76,-2.01,-1.32,2.85,0.56,1.37,0.21,-0.83,1.87,0.71,-0.38,-0.15,0,0,1
0.39,-2.97,2.43,2.45,0.87,1.13,1.4,2.46,0.69,3.95,2.47,1.24,2.36,0.3,1.39,0.56,0,0,1
3.38,-3.9,-0.12,4.79,0.41,-0.09,1.38,1.84,-0.86,0.28,1.14,-0.85,3.65,-1.53,-2.42,1.5,0,0,1
4.19,-4.16,0.71,1.74,-2.9,-0.48,-0.43,0.68,1.24,4.75,0.93,-0.1,0.07,-0.36,-2.52,1.9,0,0,1
0.71,2.3,-1.23,2.8,0.15,-1.8,0.09,-1.61,-2.05,-3.06,-1.2,0.83,-0.67,-2.77,-1.33,-0.88,0,0,1
1.19,1.9,-5.12,2.22,-0.35,4.09,-1.72,-0.79,0.27,-1.55,2.61,-2.68,-1.68,-1.82,-2.14,2.48,0,0,1
5.74,-2.09,2.31,8.65,1.61,1.14,0.76,2.29,-0.65,-2.69,3.22,0.85,3.97,-0.8,-1.85,1.03,0,0,1
2.83,-2.07,-0.31,4.25,2.81,2.58,0.23,4.07,-0.42,2.2,3.54,1.61,1.86,-1.52,-1.87,5.2,0,0,1
0.16,-0.66,1.79,-4.22,0.4,0.15,-3.05,-0.55,3.55,0.22,1.56,1.57,1.77,4.2,3.58,-2.47,0,0,1
-0.2,-1.2,-2.34,0.38,1.01,2.44,-0.41,-0.02,-0.76,-0.05,1.19,0.18,0.22,1.29,-0.58,-0.03,0,0,1
0.56,1.22,-3.93,-0.11,3.07,-0.77,-0.49,-1.32,-1.75,-0.36,-4.43,1.03,-2.61,-2.43,1.91,-0.18,0,0,1
0.9,-2.65,-0.59,1.68,-0.76,1.5,0.79,1.18,-1.31,1.36,-2.47,0.36,-1.05,-2.91,-1.1,0.85,0,0,1
1.54,-2.24,0.38,2.6,0.26,1.66,-0.32,2.39,-2.63,-1.49,-1.98,0.75,-1.69,-1.85,-0.99,-0.79,0,0,1
-2.84,2.36,-1.18,-0.66,-3.06,-3.28,-1.17,-3.56,-3.48,-2.29,2.07,-0.42,-0.44,1.08,-2.66,-3.09,0,0,1
-5.3,2.83,-0.44,-1.64,-0.22,0.18,0.9,-2.6,2.86,-1.81,-2.34,-0.49,2.15,-0.42,2.55,-5.73,0,0,1
-0.91,2.72,4.15,0.83,-0.16,1.98,-1.58,1.17,2.43,-2.92,0.37,0.36,2.35,-0.53,2.14,-3.6,0,0,1
0.43,-0.8,1.29,-0.17,0.61,-0.08,0.02,1.44,-0.28,-1.9,-1.0,-1.52,0.74,2.02,0.49,-3.74,0,0,1
-1.17,6.07,-5.37,-3.1,0.35,0.14,-4.29,-3.7,-0.4,-5.23,-4.45,1.07,-2.93,-2.6,-3.03,-2.39,0,0,1
-0.9,2.12,-4.43,-0.48,0.23,-2.71,2.77,-3.71,-0.01,2.62,-0.95,0.29,-1.32,-0.02,-2.09,1.65,0,0,1
-2.15,0.12,0.13,0.71,-4.16,-1.74,-1.27,-3.99,-0.57,0.63,2.84,-0.76,1.67,-1.61,0.09,-5.04,0,0,1
4.97,-3.81,-1.5,3.49,3.24,3.29,1.14,2.65,-2.26,2.38,1.28,1.34,-1.17,-1.4,-0.26,3.78,0,0,1
-2.43,1.57,0.91,-1.91,-2.47,-4.02,-1.89,-1.33,-1.19,-0.45,1.86,-1.33,3.61,0.67,-3.12,-4.5,0,0,1
0.29,0.25,-3.24,-2.82,0.26,-3.29,0.58,1.54,0.22,3.5,3.67,-4.39,1.85,2.51,-3.65,4.54,0,0,1
-1.01,-5.6,3.23,-3.55,-0.6,-4.11,-1.28,1.69,-0.04,5.93,-3.95,4.21,2.86,-0.76,1.53,-1.19,0,0,1
-1.25,-1.43,-1.5,-1.9,-4.29,3.1,-0.42,0.13,0.62,-1.8,2.39,0.5,-1.02,2.56,-2.13,-2.82,1,0,0
-3.59,4.28,2.8,1.35,-0.34,-5.17,-1.96,6.68,4.09,2.75,-1.16,-0.02,-2.05,0.3,2.76,-0.35,1,0,0
2.44,0.26,-4.15,-2.48,-2.18,1.15,-3.32,-0.64,1.87,1.7,-2.03,1.7,6.29,-3.62,-0.08,2.83,1,0,0
-0.09,-2.89,0.24,-0.7,-0.7,1.09,-1.38,0.59,-1.47,1.87,2.47,-0.98,-2.9,-1.95,-1.18,0.21,1,0,0
0.96,1.71,1.26,-0.69,-0.86,-1.06,1.08,2.67,-0.32,3.7,1.12,-0.89,1.25,-4.26,4.42,2.56,1,0,0
-6.29,1.41,6.94,3.03,3.03,-2.32,-2.47,-1.24,2.1,-4.15,-0.68,2.02,-3.76,3.65,3.76,-1.48,1,0,0
-1.05,-0.68,1.11,-2.18,-1.42,1.07,-1.01,-2.93,-2.12,-2.8,1.89,0.16,-1.33,2.32,-0.55,0.77,1,0,0
-1.14,-0.7,-2.43,1.86,0.72,-4.19,2.23,0.83,-1.54,2.8,0.37,0.69,0.31,-2.98,2.17,-1.07,1,0,0
-0.38,-4.91,-2.39,-0.51,-0.97,1.88,-1.58,-2.05,-2.55,3.69,1.38,-0.41,1.28,0.69,-3.39,-0.63,1,0,0
-0.45,-4.21,1.01,-0.74,2.7,4.2,-1.4,-5.41,-3.1,-4.43,0.91,2.65,-3.52,-0.52,2.09,-0.77,1,0,0
1.54,0.64,-4.03,-3.41,-6.28,-1.5,-0.53,2.9,-0.15,1.34,1.43,-1.58,0.89,1.68,1.22,0.8,1,0,0
2.23,-0.37,-1.32,0.66,0.17,4.39,-0.16,3.59,4.4,6.64,1.32,-4.57,-1.76,-1.88,-3.66,-2.98,1,0,0
-2.61,0.28,-1.39,-0.26,2.17,-0.91,-3.27,0.02,1.82,1.98,-3.63,4.21,6.14,-1.56,1.83,1.99,1,0,0
-1.88,-1.59,0.02,-2.16,-3.52,3.56,-3.11,1.4,1.01,-2.87,0.79,2.52,-1.93,0.28,1.49,-0.73,1,0,0
0.63,-0.37,-2.21,0.89,2.54,-2.12,-2.98,-1.12,0.64,0.98,-0.12,-0.94,2.61,-1.0,3.91,1.0,1,0,0
-2.76,-0.05,2.07,-1.15,-2.42,1.58,0.74,0.13,-2.69,-4.41,5.47,1.07,-2.98,0.59,4.54,-2.35,1,0,0
-2.84,4.02,-0.38,-0.92,3.38,-4.62,1.66,-0.41,1.76,3.17,-1.65,-1.55,-0.19,3.76,-5.38,-2.8,1,0,0
-1.32,-2.63,0.45,2.82,-1.4,1.61,4.94,0.48,2.59,-4.92,2.12,-2.55,-9.63,2.72,4.77,-5.72,1,0,0
1.53,1.19,-1.31,1.12,-1.68,-3.53,-0.09,0.6,1.89,1.88,-1.89,-2.06,-1.51,0.02,1.73,0.42,1,0,0
-1.55,4.44,5.87,1.73,3.59,-2.08,1.59,-3.44,0.88,0.73,-1.73,-0.83,-0.64,-0.35,1.44,1.99,1,0,0
-0.7,7.0,4.46,3.47,2.31,-4.91,-1.06,-1.86,5.17,-0.76,-1.14,-4.04,-0.12,2.52,2.84,0.4,1,0,0
0.5,-2.69,-2.6,1.56,-0.34,1.2,2.94,-1.2,1.25,1.23,3.3,-6.2,-1.4,3.88,-0.31,-3.16,1,0,0
0.92,0.14,-1.22,-1.76,1.28,-2.02,-3.77,-1.59,0.12,2.53,-3.08,1.63,2.31,-1.35,-1.9,1.78,1,0,0
0.64,-4.7,-4.41,3.4,-0.46,1.42,0.88,-2.6,1.93,4.18,-4.3,-0.02,2.58,2.35,0.44,-1.74,1,0,0
1.15,-0.12,-0.16,1.92,4.92,0.06,-2.49,-6.46,2.55,-2.22,-4.69,-0.46,-3.6,1.23,-1.69,-0.39,1,0,0
-1.87,-3.68,-2.96,-0.27,-0.62,1.69,-3.27,0.71,0.46,3.88,-3.97,3.75,0.17,0.82,-3.36,-1.91,1,0,0
-1.85,0.74,1.58,-2.13,-0.52,-1.18,2.18,-0.48,-3.15,0.18,5.21,-1.61,-2.37,0.19,-2.37,-1.9,1,0,0
-0.63,0.24,-0.88,1.81,0.48,-2.45,0.34,-3.92,0.66,-4.02,-0.91,-0.41,-3.24,4.55,1.53,-3.28,1,0,0
0.72,-2.63,0.2,-0.28,-0.72,2.83,0.6,-1.86,0.93,-0.62,0.55,-1.52,-1.0,0.39,2.66,0.16,1,0,0
-0.54,-3.62,-3.87,0.18,-3.49,-0.44,-0.58,-2.81,-0.11,-0.35,-3.59,2.37,0.04,4.23,-1.99,-1.43,1,0,0
-1.55,5.17,0.03,-2.66,-1.05,-5.31,0.35,0.33,1.03,0.67,-4.22,2.45,1.91,1.3,-0.42,1.57,1,0,0
0.47,-1.89,1.28,1.89,0.97,2.18,-0.08,-1.97,0.53,0.18,0.41,-1.3,-2.87,-0.79,1.73,-0.96,1,0,0
-2.63,-0.84,0.22,1.11,-5.31,0.12,-3.46,6.01,1.49,1.27,3.45,0.14,-2.32,-0.0,2.09,-3.07,1,0,0
-2.96,2.26,0.78,-0.77,-0.86,-3.1,1.61,-2.6,-0.23,-0.47,-3.99,2.56,2.62,3.97,1.54,1.4,1,0,0
0.35,2.81,0.01,1.95,0.03,-2.46,-2.05,0.8,1.87,2.46,-1.18,-0.24,0.68,-0.77,0.98,-0.6,1,0,0
-0.81,1.62,-5.73,-3.27,-1.22,-5.51,-3.87,2.52,1.04,4.69,-2.95,3.47,11.21,-1.44,-0.56,3.42,1,0,0
-1.62,-5.13,-3.51,0.53,1.93,2.75,1.7,2.73,0.46,6.2,-0.78,1.08,-0.77,-1.77,-2.34,-4.11,1,0,0
1.84,0.92,0.5,-0.27,3.91,0.78,3.27,-1.01,1.43,6.23,-0.68,-3.62,-1.95,-1.73,-5.2,-1.87,1,0,0
-2.0,-1.02,0.02,-0.86,-0.55,-0.09,1.86,0.03,-1.37,1.27,0.66,0.91,-2.08,0.49,-0.74,-1.95,1,0,0
-1.98,0.86,-0.43,0.08,3.26,-1.47,1.14,-3.0,-1.07,1.69,-2.19,2.3,3.24,0.58,-0.3,-0.35,1,0,0
0.49,-3.84,-2.31,4.1,-0.49,5.61,-0.58,-0.29,3.17,-1.97,2.29,-0.98,-4.28,-0.34,4.0,-6.5,1,0,0
-1.66,-2.98,1.12,0.52,2.02,0.23,-0.65,-3.12,-1.92,5.59,-2.0,1.12,3.01,-0.99,-4.01,1.71,1,0,0
-1.68,-1.47,1.2,2.13,-1.04,3.29,-0.25,2.06,2.05,0.48,4.85,-3.41,-2.15,1.18,2.4,-3.74,1,0,0
-0.06,0.05,0.01,-1.99,0.62,-1.46,-1.4,1.07,-0.99,2.32,2.77,-1.57,-0.79,-2.27,-2.18,0.17,1,0,0
-4.33,-2.73,-0.08,4.58,3.87,-1.77,1.08,-0.9,-0.51,4.97,-0.06,0.53,2.4,0.01,-0.61,-2.48,1,0,0
-0.5,-1.04,-1.79,3.62,-0.97,-1.72,-2.18,0.75,2.94,0.37,-0.69,-1.16,-0.95,1.49,3.12,-2.08,1,0,0
3.6,-1.09,1.44,1.53,0.07,6.28,3.8,-6.32,1.31,-0.47,-0.64,-3.0,-3.33,-0.62,1.54,-0.7,1,0,0
-0.71,-4.49,-4.65,1.51,3.43,2.15,-2.95,-1.3,2.13,-0.28,-3.36,3.43,0.18,-0.66,1.84,-2.86,1,0,0
-0.34,-0.37,0.36,0.95,2.66,-0.95,-5.54,0.58,3.67,1.58,-3.08,-0.86,-3.91,0.36,-2.11,-0.07,1,0,0
-2.05,4.57,1.2,-1.25,-2.44,-3.26,-3.09,0.21,1.62,-3.74,1.73,0.12,1.83,1.59,3.73,0.84,1,0,0
1.05,-3.55,-1.35,-2.27,-2.45,1.06,-0.28,-6.04,-0.98,-1.1,-1.99,-1.24,-0.74,4.23,-3.84,2.33,1,0,0
0.77,5.35,0.49,-2.05,-0.62,0.73,2.67,-1.8,1.28,2.15,-1.16,-0.34,3.37,-0.2,-0.47,0.67,1,0,0
-1.91,1.39,0.66,-1.99,2.9,-1.23,0.7,-2.4,-1.81,0.95,0.79,0.96,3.02,0.6,-1.92,-0.07,1,0,0
-2.96,-3.38,-4.64,-3.18,-3.81,-4.44,-1.92,-1.59,-5.7,0.02,2.42,2.17,4.73,2.95,-1.84,0.83,1,0,0
0.13,1.2,2.04,2.16,2.25,2.9,-1.75,2.3,5.57,1.44,-0.68,-1.75,-6.25,-1.25,-1.3,-4.16,1,0,0
0.28,-2.11,-4.14,-0.8,-0.76,2.12,-2.04,-3.65,-0.08,-0.22,-0.8,1.49,3.67,1.68,-2.08,-0.84,1,0,0
-3.12,-1.63,-2.1,-2.43,-6.13,-1.8,2.66,-1.25,-2.83,-1.8,2.13,0.87,2.51,5.83,0.8,-0.51,1,0,0
1.8,3.21,1.92,-1.13,0.92,-1.2,-5.02,-1.68,2.56,-2.75,-1.46,0.07,-2.26,-3.1,1.03,2.85,1,0,0
-2.79,-1.86,-0.51,-2.65,1.67,-0.07,0.27,-0.52,-5.04,3.71,-0.58,5.18,2.43,-3.44,-3.31,1.16,1,0,0
2.23,2.99,2.89,-1.32,0.55,5.19,0.39,-1.92,0.85,0.57,-1.97,1.85,-4.61,-4.19,-1.39,-1.46,1,0,0
-1.7,0.72,0.14,0.37,-0.45,0.44,1.64,4.67,-0.98,2.49,4.7,-0.37,-3.14,-3.22,1.98,-3.95,1,0,0
-0.68,3.42,1.66,-2.1,0.49,-1.7,-1.04,0.26,-0.01,-0.56,-0.94,1.58,-0.16,-1.18,1.2,1.34,1,0,0
-2.08,-2.62,4.32,1.64,5.81,5.66,-3.79,-3.88,-0.28,0.5,-0.39,2.41,-2.02,-1.52,-0.83,-1.29,1,0,0
-1.2,-3.12,-2.58,3.06,-3.34,-4.43,-2.96,-1.49,0.61,-1.72,0.02,-0.93,-0.78,3.13,1.13,-0.88,1,0,0
-3.31,1.63,-0.5,-0.56,1.38,-2.09,1.03,-0.6,0.48,0.46,1.24,-0.71,0.32,4.26,-2.54,-3.98,1,0,0
1.22,0.64,1.48,-1.07,-1.34,3.19,2.49,-0.76,0.97,-1.05,3.61,-4.46,-3.23,1.14,2.77,-0.82,1,0,0
1.2,0.35,-1.23,1.64,-1.57,-0.97,0.15,0.24,1.48,-0.22,-1.97,0.05,-1.97,-0.44,4.93,-0.07,1,0,0
1.72,-2.59,1.39,-0.58,0.42,4.18,0.96,0.69,0.54,2.35,-1.02,-0.18,-6.44,-3.08,0.81,-1.3,1,0,0
0.06,-0.51,-2.71,-0.96,0.61,0.33,0.1,1.7,-0.23,1.5,1.03,-0.02,-1.78,-0.8,0.2,-2.62,1,0,0
-1.63,-0.01,-2.01,-2.16,-4.39,0.03,2.84,-0.8,-2.08,-1.81,0.32,3.3,1.53,0.07,1.79,-0.45,1,0,0
0.19,5.25,2.01,-4.59,-0.78,-0.52,-0.36,2.75,-0.9,2.48,2.84,0.43,1.72,-4.92,0.18,1.86,1,0,0
-2.02,-0.41,-3.02,-0.47,-1.63,-0.87,-2.41,2.09,3.74,0.37,0.75,0.94,4.05,-0.76,-0.26,-1.28,1,0,0
-5.9,-1.99,1.92,-0.36,1.85,0.33,0.84,-2.45,-0.91,-0.7,-0.71,3.31,1.0,2.75,-1.55,-1.05,1,0,0
-0.55,-0.28,2.16,-1.0,-2.83,2.48,2.59,-0.35,-0.84,-5.06,3.08,0.68,-4.8,-1.05,6.21,-1.29,1,0,0
-0.48,-1.98,-2.23,1.93,-3.47,-3.2,-1.06,-0.96,0.72,-1.78,-1.63,-1.16,-3.5,3.78,2.07,-0.35,1,0,0
-1.53,6.01,4.93,-1.46,-2.41,-1.99,1.13,2.68,-0.04,-0.75,2.99,-0.8,0.04,-0.18,6.3,1.15,1,0,0
1.7,-0.23,-1.41,-4.99,-0.83,0.37,-0.06,1.06,-1.94,1.97,1.27,0.85,2.16,-5.91,0.38,4.21,1,0,0
-3.04,1.17,1.27,-2.48,-1.89,-2.61,0.49,0.27,-1.58,0.17,1.74,0.45,2.28,1.83,0.04,1.54,1,0,0
-0.86,-0.09,0.8,-2.34,1.37,-1.91,-3.76,-0.03,0.12,0.54,-0.58,-0.06,-0.12,-0.84,-0.11,3.26,1,0,0
-0.7,4.26,0.95,0.17,-0.23,-0.96,-1.62,1.9,2.68,-0.03,0.88,-0.58,-3.45,0.78,-1.03,-4.32,1,0,0
-0.23,3.23,-0.52,-1.23,2.45,-3.26,-2.82,1.43,0.62,3.95,0.29,0.04,2.34,-2.81,-2.78,0.12,1,0,0
-2.68,1.73,2.33,-2.31,2.16,1.57,-1.96,0.01,-1.22,2.22,2.76,1.24,1.18,-0.48,-3.94,-1.86,1,0,0
-1.21,6.94,4.0,2.77,4.09,-1.57,-3.25,1.76,5.67,0.96,-0.16,-1.52,-0.61,-1.79,1.84,-1.18,1,0,0
-3.26,0.75,1.96,-1.86,1.84,1.82,-0.97,0.65,0.84,-1.27,-1.19,3.35,-2.49,-0.65,0.76,-1.05,1,0,0
-1.46,0.61,-1.9,0.11,0.56,-2.11,-2.05,0.81,2.21,3.56,-2.81,2.07,4.99,-1.97,-0.66,1.63,1,0,0
-0.26,-0.36,-3.73,-2.2,-3.27,-0.89,-1.18,3.21,-0.43,-0.64,1.85,2.13,1.21,-3.22,4.07,0.52,1,0,0
1.57,3.2,0.51,0.14,-0.87,-1.72,-3.7,-0.95,3.64,-0.34,-2.72,-1.14,-2.07,1.08,-1.25,0.24,1,0,0
-0.33,3.38,1.41,-2.91,-1.5,-0.35,-0.37,-1.33,0.33,-0.11,-0.08,-0.59,1.2,2.28,0.2,2.3,1,0,0
-0.74,0.54,-3.0,0.23,-4.37,-0.35,-1.88,0.7,2.68,0.6,-1.22,-0.16,0.97,3.92,-0.42,-1.56,1,0,0
3.91,-2.79,-2.05,2.04,2.02,4.31,0.92,-5.05,1.94,8.5,-6.52,-0.29,3.38,-2.61,-4.42,1.23,1,0,0
-1.57,2.35,3.84,2.94,-0.02,-0.56,4.06,0.92,0.31,-1.55,4.09,-3.01,-7.64,1.15,2.84,-5.45,1,0,0
1.35,1.64,2.19,0.1,-0.79,-1.06,-0.23,-0.6,1.17,2.52,-2.64,-0.49,-1.83,-2.06,-0.16,2.53,1,0,0
0.51,1.41,0.86,-0.77,0.92,1.07,1.92,-0.09,0.72,-0.7,2.08,-1.64,-2.79,-0.86,1.78,-2.05,1,0,0
1.13,3.59,-0.05,-1.94,-0.6,-1.96,-1.72,-0.24,1.16,-0.52,2.35,-2.5,-0.62,-0.08,-1.99,-0.72,1,0,0
-1.64,-1.37,0.45,0.57,0.58,0.58,2.06,-2.34,-2.26,1.28,0.62,1.02,0.78,-1.24,0.53,0.65,1,0,0
-5.17,-5.14,2.35,0.68,0.22,6.03,2.69,-1.35,-4.7,-0.75,4.0,4.13,-3.92,-0.54,0.18,-5.21,1,0,0
2.38,-3.11,-4.56,-1.54,-3.95,-0.34,1.16,-1.46,-2.64,4.85,-0.0,-1.51,5.24,-0.86,0.78,3.75,1,0,0
0.61,-4.76,-3.14,0.75,-2.54,0.58,-1.39,-3.65,-0.96,-0.74,1.27,-1.77,0.35,2.72,-0.1,-0.22,1,0,0
-2.65,-3.95,-2.29,2.82,0.8,2.98,-0.38,2.01,2.25,-0.12,0.5,1.34,-2.89,-0.14,2.35,-5.16,1,0,0
-1.58,1.72,1.72,-1.15,-1.81,-2.95,-0.06,0.93,-0.86,0.7,1.2,-0.1,1.34,-0.28,2.64,2.93,1,0,0
-3.12,-2.3,-2.32,0.79,-1.71,-3.08,-0.11,-1.13,-0.89,-1.33,-1.21,2.5,3.36,1.68,4.37,1.63,1,0,0
-0.82,-0.05,-1.51,-2.64,-0.09,3.13,-2.13,0.91,1.31,2.62,-1.03,2.53,1.27,-0.94,-3.36,-1.17,1,0,0
1.53,1.25,-1.02,-0.28,-0.05,-2.39,-0.04,-5.4,-0.25,-5.07,0.09,-1.38,-1.9,2.75,1.11,-0.43,1,0,0
0.13,-2.04,-2.91,-2.45,-3.43,-1.58,-0.82,2.66,-1.63,1.0,1.71,-0.64,-3.46,0.72,0.17,-1.24,1,0,0
0.34,-1.61,1.53,-3.1,0.79,4.72,5.23,-7.02,-4.4,-0.74,1.37,0.93,-0.44,-0.79,-3.13,0.52,1,0,0
-0.89,-0.69,-0.46,1.33,0.75,0.55,-1.49,-0.35,3.76,-1.19,-1.7,-0.07,-1.24,0.96,2.13,-0.79,1,0,0
-4.85,0.87,-0.26,-0.2,4.5,-0.8,3.1,-4.2,-0.58,-1.19,-1.91,3.16,1.35,3.58,-1.78,-4.01,1,0,0
-0.27,1.4,0.0,-0.76,1.49,1.21,-0.19,1.09,0.49,4.23,1.42,0.06,3.9,-3.93,1.08,0.91,1,0,0
-2.56,-0.24,0.5,3.7,3.77,-3.6,0.03,-3.16,0.92,-1.07,-3.91,1.43,-0.64,1.53,3.69,0.63,1,0,0
1.99,1.85,0.94,0.2,-2.09,-3.12,-1.61,2.26,-0.31,3.35,1.67,-1.48,0.21,-4.52,1.7,2.05,1,0,0
-4.47,0.07,2.35,3.8,0.46,-1.33,2.13,0.22,0.87,2.2,0.88,-0.3,0.07,3.39,1.34,-3.83,1,0,0
3.02,-1.98,-4.23,-0.13,-2.56,5.08,3.81,-2.14,-0.12,2.11,0.36,-1.56,0.81,-0.0,1.22,-1.85,1,0,0
0.39,-2.02,-1.64,-2.32,-1.5,5.13,-0.43,-0.96,-2.88,-1.88,2.75,3.25,-0.77,-2.36,2.3,-2.08,1,0,0
-0.87,-1.1,2.44,1.06,2.81,2.75,-0.31,-3.76,-1.88,3.71,-2.3,2.6,0.59,-2.28,-2.33,0.74,1,0,0
3.52,2.79,-0.2,-1.37,-1.09,-0.9,-3.15,1.8,1.8,2.51,-2.93,0.73,0.82,-4.78,4.12,4.0,1,0,0
0.74,-0.34,-1.8,-1.63,1.98,-2.09,1.32,-2.81,-2.36,4.58,-2.71,-0.26,1.1,-0.87,-3.69,2.82,1,0,0
-0.38,3.03,3.12,0.28,3.66,-0.13,-0.09,2.37,1.12,2.95,3.33,-1.49,0.79,-5.9,3.14,0.52,1,0,0
0.96,-5.35,-5.68,2.55,-2.7,-5.49,-3.23,1.69,0.75,1.15,-1.74,-2.08,-2.8,1.75,2.93,0.53,1,0,0
1.91,5.28,-2.12,-2.29,0.97,-4.53,-3.59,0.81,3.03,1.65,-0.8,-1.63,4.46,-2.09,-0.3,2.7,1,0,0
-3.49,-3.53,-1.16,2.53,1.3,-1.27,2.01,-0.77,-1.21,-0.4,1.07,1.51,-0.8,0.32,3.01,-3.05,1,0,0
1.04,2.85,2.12,-0.2,-0.11,-2.06,-0.92,0.02,2.35,0.18,-1.86,-1.54,-0.87,-0.51,3.98,2.91,1,0,0
1.67,-2.36,-1.72,-0.36,-1.89,2.78,-3.54,2.24,1.37,-1.02,3.19,-1.37,-2.62,-2.83,1.83,-0.81,1,0,0
-2.1,-2.17,-1.76,2.47,1.62,-4.2,3.79,0.35,-0.57,5.33,-0.36,-1.44,2.89,-0.04,1.72,-0.86,1,0,0
0.41,-0.82,-1.42,1.82,-0.81,1.04,2.49,0.42,1.44,-0.15,2.36,-3.17,-3.04,0.85,3.97,-3.23,1,0,0
-2.58,1.24,-0.01,2.42,-4.99,0.26,0.39,-1.51,3.39,-5.31,2.02,-1.37,-1.15,5.66,2.82,-3.48,1,0,0
1.92,5.49,2.07,1.01,-0.3,-2.0,1.89,-3.13,2.49,0.35,-0.79,-3.32,4.0,0.07,4.86,3.27,1,0,0
2.73,1.14,2.21,-0.8,1.9,1.91,-3.91,0.31,1.32,2.87,-0.38,-0.67,-2.25,-5.6,0.44,2.18,1,0,0
4.52,1.68,-4.72,-2.51,-0.45,6.0,-4.73,0.59,5.74,-0.48,-0.08,-2.32,-1.03,-0.93,-2.08,-2.93,1,1,1
0.51,-2.02,-1.64,0.14,-2.81,1.18,0.91,-0.74,0.1,0.16,-0.25,-1.31,-1.94,2.96,1.03,-0.98,1,0,0
0.31,1.82,-2.13,1.57,-4.52,-5.42,0.15,1.25,0.9,3.65,2.42,-5.18,0.59,3.51,-1.91,-1.95,1,0,0
-2.15,0.25,0.22,-1.66,-0.8,-0.03,-1.07,-2.34,-1.23,-2.29,0.82,1.63,-1.49,0.88,-2.29,-1.15,1,0,0
-1.35,1.5,3.52,-1.57,1.7,0.45,-6.07,2.57,0.97,-1.2,1.45,1.79,-2.18,-3.6,2.4,1.65,1,0,0
0.61,0.28,-2.5,2.68,-1.93,-1.71,3.11,1.72,0.7,-0.25,4.56,-4.04,-1.51,-0.38,4.7,-3.56,1,0,0
-1.73,-0.82,-1.37,1.96,-2.33,-1.61,1.19,0.78,0.08,-0.79,4.05,-2.97,-3.44,4.17,1.5,-6.0,1,0,0
-0.21,0.19,0.23,1.37,-3.24,-4.29,1.05,-1.24,-0.09,-0.52,0.43,-3.52,-4.93,5.49,-0.64,-2.83,1,0,0
-0.27,-3.86,-5.01,0.93,0.1,-0.59,-0.23,-0.63,0.27,6.99,-2.63,-0.35,2.99,2.06,-4.07,-2.37,1,0,0
-1.87,1.15,-1.04,-2.7,-2.61,1.4,-1.08,4.01,0.16,1.21,2.97,1.81,1.44,-1.33,0.85,-2.21,1,0,0
-2.93,3.0,1.22,-2.56,0.34,-0.41,-2.22,7.16,2.92,4.71,1.99,0.41,0.96,-1.85,-1.49,-2.33,1,0,0
-2.25,1.38,0.28,-3.21,-3.42,-3.52,-2.93,-1.73,-2.04,0.52,-3.61,3.86,1.82,3.19,-3.11,1.86,1,0,0
5.26,0.72,-5.25,0.48,-4.02,-0.89,-2.97,-4.47,4.53,1.19,-4.7,-4.56,1.02,4.28,-3.42,1.04,1,0,0
-2.05,0.5,1.31,-0.56,0.69,-0.69,-0.51,-1.48,0.72,0.56,-0.37,0.41,0.47,1.3,-2.21,-0.43,1,0,0
-0.8,4.67,0.98,0.56,-0.61,-4.6,-1.24,-1.62,1.99,-5.09,1.35,-1.36,-1.0,2.28,2.99,-0.74,1,0,0
2.72,1.15,1.48,-2.03,4.88,2.23,-3.71,0.03,0.64,5.64,-0.89,-1.03,-0.75,-6.51,-3.63,2.45,1,0,0
-5.98,-0.02,1.17,-2.84,-1.17,-1.02,-1.44,0.25,-1.17,-2.3,-0.76,5.44,0.67,2.42,-0.96,-0.41,1,0,0
1.52,3.07,-0.04,-0.41,-2.9,-0.32,2.65,-1.83,2.36,-0.23,0.08,-2.62,2.79,0.86,2.87,1.55,1,0,0
3.16,5.96,1.16,-2.44,-2.04,-3.88,-1.41,-5.16,-0.8,-3.18,-1.98,-0.92,2.33,0.19,3.21,6.3,1,0,0
1.12,1.23,-0.7,1.56,-1.3,-3.56,-2.4,-0.51,2.66,-1.72,-0.39,-3.01,-2.75,2.12,1.92,-0.32,1,0,0
-1.63,0.93,-1.95,3.06,-1.74,-1.85,0.56,2.3,2.44,1.35,-1.09,0.04,-1.73,1.16,2.35,-4.27,1,0,0
-4.64,4.2,1.71,-0.21,2.96,1.61,-1.16,2.93,5.49,0.08,2.47,-1.36,-2.41,3.39,-2.91,-7.11,1,0,0
-1.1,2.08,2.13,6.4,2.0,-3.15,-2.3,0.77,3.92,-0.7,-0.13,-2.68,-1.36,0.41,8.6,0.35,1,0,0
-1.06,-0.12,-1.94,-2.2,1.03,-0.58,2.22,-1.35,-3.08,2.08,0.71,0.35,0.67,0.72,0.18,-0.72,1,0,0
0.19,3.41,-0.63,-0.79,-3.36,-3.3,-3.04,-0.15,1.17,-1.55,0.13,0.15,1.81,1.31,3.18,0.45,1,0,0
-0.34,1.28,0.05,-3.15,-1.01,1.63,1.88,-1.84,-0.58,0.83,1.95,-0.96,1.11,0.29,-3.2,0.4,1,0,0
0.72,-5.93,-3.49,0.82,-0.93,3.46,0.51,0.23,-1.56,3.86,2.71,-0.8,1.59,-2.55,1.24,-0.94,1,0,0
1.19,-3.46,-1.28,4.33,-0.03,-0.86,3.13,-5.23,0.11,-0.24,0.06,-4.44,-1.8,2.88,3.73,-0.3,1,0,0
2.02,3.52,0.1,-0.87,-1.4,-0.83,-2.59,-1.16,2.44,-0.71,-0.95,-1.05,-1.3,-0.41,-1.59,0.5,1,0,0
-1.24,-1.37,-0.16,3.26,-0.2,2.76,1.18,-0.43,1.0,0.43,1.38,-1.46,-4.27,3.05,0.89,-5.8,1,0,0
-0.63,3.55,2.63,-0.25,2.83,-1.45,3.76,-3.43,0.22,-2.2,1.61,-1.56,-1.96,-0.27,0.94,-1.47,1,0,0
1.97,2.85,2.04,0.88,4.5,-0.2,0.84,-0.55,-0.25,5.56,-3.21,1.01,-3.18,-6.12,-1.72,0.18,1,0,0
0.56,0.53,0.83,0.24,1.99,-0.28,0.17,-2.73,1.25,0.81,-2.14,-0.65,0.07,-1.13,1.48,1.92,1,0,0
1.51,0.02,0.71,-5.37,0.21,5.62,-3.18,-0.58,-1.81,3.98,1.29,1.2,1.82,-3.57,-4.41,1.69,1,0,0
1.04,4.79,3.87,2.39,0.57,-0.15,6.2,0.09,0.08,1.6,1.81,-3.07,-5.49,-3.04,3.87,-1.55,1,0,0
2.19,0.39,-3.33,-1.95,-3.88,-1.3,2.02,-0.07,-1.04,1.99,2.56,-2.68,2.71,-0.59,0.88,-0.11,1,0,0
-2.38,-0.55,-1.84,-4.45,-1.9,1.34,-1.05,-0.01,-2.02,3.31,-1.03,3.87,2.28,-1.31,-6.6,0.62,1,0,0
0.95,0.76,-0.38,0.28,-4.49,1.94,1.71,3.35,0.55,2.21,5.55,-3.46,-2.43,-0.58,0.38,-3.92,1,0,0
-1.93,-2.25,-0.78,1.53,-0.93,1.9,-1.42,0.99,1.01,-1.66,0.16,1.73,-3.67,0.97,2.43,-3.96,1,0,0
-1.9,-0.27,3.2,1.23,2.04,1.76,0.53,0.73,0.41,1.54,0.59,-0.04,-4.84,-1.62,0.17,-1.77,1,0,0
-1.5,-3.77,-0.62,0.12,-0.79,2.36,0.24,-3.13,-3.93,0.31,3.83,-0.86,-2.13,2.01,-1.62,-3.11,1,0,0
-1.35,1.56,-1.91,4.25,-3.95,-4.68,-3.09,4.72,5.7,2.26,-2.27,-2.57,-1.44,3.71,2.94,-1.13,1,0,0
0.02,0.45,-2.97,0.74,-2.92,-1.22,-1.06,2.31,2.89,2.32,-1.81,0.7,3.16,-1.33,2.99,0.41,1,0,0
-5.29,2.57,1.24,-0.59,-0.03,-3.95,-4.41,2.52,4.99,-3.55,-1.94,1.95,-0.69,4.33,1.77,-1.34,1,0,0
0.16,4.15,2.16,-0.04,0.67,-0.07,-0.68,3.11,4.07,-1.61,-0.72,-0.11,-4.6,-1.63,3.64,-1.63,1,0,0
-0.54,-2.86,0.54,-0.66,-1.4,-0.5,-0.25,-2.25,-2.4,-0.79,2.23,-0.96,0.03,0.57,1.78,2.25,1,0,0
-0.42,-0.05,-2.17,-0.47,-1.87,-0.4,3.82,1.37,-1.04,1.85,1.33,-0.03,-2.82,0.1,-0.31,-4.05,1,0,0
-4.2,-3.16,-1.27,-1.31,-1.28,0.42,-1.56,0.19,1.08,-2.71,-1.78,2.74,-0.93,5.46,0.92,-1.26,1,0,0
1.73,2.34,-1.28,-0.87,2.83,-1.33,0.45,-3.51,-0.15,-0.11,-2.36,0.34,0.75,-1.43,1.73,1.6,1,0,0
-0.66,3.49,3.24,0.44,4.76,2.33,-2.28,-0.52,3.47,0.95,-1.96,2.54,2.34,-3.81,1.87,0.19,1,0,0
-3.41,9.39,9.46,0.44,6.14,-1.26,-1.98,-1.13,5.05,-4.28,-0.78,-0.11,-3.27,0.07,3.39,0.33,1,0,0
-2.96,3.42,3.26,-0.04,5.89,-1.25,0.04,4.78,1.51,4.57,-0.48,2.35,-2.67,-6.02,-0.86,-1.36,1,0,0
-0.44,0.95,-0.19,-5.79,-2.7,1.31,0.8,-2.76,-4.08,-4.27,0.35,3.87,0.92,-0.55,3.11,3.48,1,0,0
-2.08,-3.88,-2.48,1.43,-5.87,-2.36,1.9,3.38,-0.23,-0.26,3.96,-2.86,-3.63,4.17,2.83,-3.37,1,0,0
0.74,1.02,1.74,2.44,0.76,1.92,2.88,-1.79,-1.12,1.66,3.27,-2.71,-4.41,-0.88,-0.29,-4.27,1,0,0
-0.27,-4.78,-3.4,1.23,-5.84,1.9,1.09,1.0,-1.78,3.8,2.4,-1.0,0.56,1.74,0.27,-2.68,1,0,0
1.28,-2.62,0.36,-0.68,0.98,4.21,1.87,-2.7,-0.11,3.55,-3.64,0.94,-3.4,-1.53,-3.99,0.15,1,0,0
0.6,1.61,-2.42,-1.13,-4.77,-1.59,-0.48,-1.73,-0.24,-3.6,1.14,0.25,3.64,1.83,6.6,1.83,1,0,0
-4.74,3.34,2.97,-0.95,2.21,-2.82,-1.18,1.28,1.74,1.09,-2.35,3.03,1.76,0.25,0.02,1.38,1,0,0
0.95,1.07,-2.89,0.4,-2.43,-2.48,0.67,0.57,-0.18,2.96,-0.08,-0.26,4.45,-0.67,2.65,1.06,1,0,0
-0.8,-0.6,-2.01,-2.28,0.1,0.91,-1.02,1.7,-0.7,1.55,-1.22,3.15,-1.45,-2.98,-1.54,-0.74,1,0,0
-2.14,0.49,-3.19,-1.19,-0.76,-1.64,3.02,-0.01,-0.33,0.69,2.27,0.26,4.72,-0.11,0.63,-1.11,1,0,0
-1.2,-3.28,0.56,-1.48,-1.19,0.92,2.94,-4.09,-5.13,-3.92,2.8,0.15,-4.27,2.8,2.13,-0.67,1,0,0
-1.75,-1.53,-0.87,-2.7,-0.64,-0.47,-2.25,1.4,-1.99,-0.17,-1.54,5.29,-1.04,-2.13,1.05,0.21,1,0,0
0.75,1.38,-1.02,0.39,2.62,0.98,2.94,-4.18,1.91,1.52,-4.36,0.87,1.05,0.16,-1.3,-1.3,1,0,0
1.99,0.04,-0.88,-4.85,-0.55,2.3,-2.07,-2.61,-1.33,1.42,-1.07,2.22,4.93,-3.02,-1.4,3.99,1,0,0
0.26,1.74,0.87,-2.21,-0.42,-1.94,-4.36,0.16,-0.02,3.81,-3.77,2.65,4.5,-1.6,-0.14,5.39,1,0,0
0.44,-3.1,-1.37,2.12,-0.86,2.26,-0.07,1.03,1.79,1.93,0.36,0.74,3.4,-4.1,5.7,0.47,1,0,0
0.45,0.24,-1.21,-1.58,1.47,1.15,2.14,-2.35,-2.27,2.15,1.54,-0.63,2.03,-2.27,-0.24,0.49,1,0,0
-1.69,1.23,-1.04,-1.85,-2.34,0.96,0.18,1.7,0.73,-3.49,3.85,0.84,-0.64,-0.54,2.57,-2.5,1,0,0
-0.66,0.74,0.23,2.41,-0.77,-3.51,4.9,-2.65,-1.27,1.71,-0.06,-2.82,-1.96,1.85,1.42,-1.26,1,0,0
0.43,0.25,-0.29,-1.49,0.02,2.18,1.43,-4.01,-1.25,1.88,-3.7,1.02,-0.82,2.29,-2.81,0.47,1,0,0
-1.93,-1.23,-1.8,3.58,0.87,-2.45,0.98,1.3,-0.02,4.68,1.02,-1.94,1.85,0.59,2.33,-1.53,1,0,0
-1.17,2.37,0.97,1.05,-1.81,1.47,0.25,0.92,3.84,-0.54,-1.06,-0.01,-1.94,2.61,2.55,-3.62,1,0,0
-0.54,1.26,0.53,-0.38,0.53,-4.7,3.17,-4.78,-2.11,0.57,0.32,-2.96,1.03,3.94,-2.01,0.71,1,0,0
-1.02,7.64,3.14,1.43,4.8,-4.73,-3.47,-0.76,4.82,-0.48,-2.26,-2.15,-0.31,1.95,2.05,0.73,1,0,0
-5.86,-1.7,1.73,4.09,-1.34,-2.39,-0.14,3.81,-0.61,-4.21,6.09,1.16,-4.84,0.44,7.0,-5.75,1,0,0
0.24,-0.75,-0.45,-0.15,-1.68,1.83,1.04,-2.19,-0.51,-1.73,0.26,0.31,-1.69,1.55,1.54,-1.99,1,0,0
1.72,2.62,0.28,0.52,3.78,0.11,-1.85,-0.35,0.7,6.23,-3.35,1.44,2.33,-6.67,-0.6,2.76,1,0,0
-1.5,-0.19,-2.3,1.75,-3.28,-0.38,2.57,1.35,1.48,3.43,0.54,-1.53,-0.76,2.71,-2.1,-4.58,1,0,0
-2.53,0.44,1.12,-0.38,-2.16,-5.18,0.21,-2.57,-1.72,-2.27,-0.5,-0.1,-1.56,5.36,-0.57,0.72,1,0,0
-0.93,-0.76,0.29,3.54,3.22,0.38,-0.26,-2.5,2.82,0.72,-1.82,-0.89,-2.12,1.68,-0.45,-3.09,1,0,0
-1.62,-0.34,1.42,-2.18,-1.34,3.04,-4.23,-2.36,0.62,-1.05,-2.97,3.07,1.02,3.37,-0.41,1.59,1,0,0
1.14,2.33,-1.63,1.41,-0.52,-4.26,-3.78,-0.62,3.49,0.56,-4.25,-0.47,1.71,0.18,1.75,2.69,1,0,0
-2.81,1.45,1.02,-0.56,-0.7,-2.96,-0.49,3.02,0.34,2.35,-0.22,2.09,2.11,-1.81,2.26,1.01,1,0,0
0.82,-2.95,-1.96,1.22,-3.36,5.06,-1.5,-1.27,0.51,-1.0,0.82,0.02,0.3,2.54,3.97,-1.81,1,0,0
2.8,1.02,-2.53,-4.45,-6.43,2.03,-2.92,1.99,0.6,0.5,3.91,-2.03,1.78,-1.23,-1.65,1.42,1,0,0
-2.3,-1.4,0.15,0.39,-0.84,-3.08,-0.61,-0.34,-1.8,2.62,-0.03,1.77,1.31,-1.23,-0.55,0.27,1,0,0
1.79,0.41,-4.37,-4.8,-2.71,-1.21,0.2,1.34,-1.15,3.39,-2.68,1.03,1.36,-0.39,-1.26,2.42,1,0,0
-3.02,1.6,1.43,0.1,-0.04,0.5,1.17,1.72,-0.14,-1.24,4.52,-0.33,-3.71,0.77,0.59,-4.81,1,0,0
-1.82,2.09,-0.43,-7.2,-5.68,-1.0,-2.04,-1.74,-4.5,-5.23,4.04,3.87,3.19,1.2,-0.98,2.2,1,0,0
-3.2,-2.33,1.44,3.73,6.87,1.36,0.52,-0.0,1.45,0.97,1.21,-1.03,-6.41,-0.45,-0.53,-5.74,1,0,0
-0.46,0.14,-1.62,1.58,-1.84,0.17,-3.78,3.1,5.67,-4.28,-0.22,1.11,-1.55,-1.46,6.88,-1.64,1,0,0
1.4,0.09,1.64,0.87,-0.66,1.24,-0.39,-1.33,-0.13,0.08,1.11,-1.92,-5.17,-1.09,0.08,-0.81,1,0,0
-0.62,-4.94,-4.6,0.36,0.86,-2.23,-2.7,-4.83,-3.41,3.67,-5.14,3.24,2.55,1.88,-4.56,1.61,1,0,0
-2.15,5.69,3.52,-1.33,-1.39,-2.97,0.37,0.72,1.09,-1.64,-2.98,3.27,0.03,-1.45,4.22,3.23,1,0,0
0.07,-2.24,-0.35,-2.25,-0.55,1.72,-0.79,2.26,-0.85,2.8,-1.12,2.53,-2.31,-3.04,-0.26,-0.13,1,0,0
0.29,2.56,1.14,3.17,-1.5,-5.12,-1.21,2.88,2.52,2.82,-0.26,-2.12,1.52,-1.32,5.92,1.82,1,0,0
-0.08,-1.84,-1.8,-0.07,-0.27,-1.11,-1.94,-1.2,-0.51,2.35,-1.64,1.53,3.89,-2.04,1.43,3.53,1,0,0
-1.97,-1.71,-2.93,0.25,-1.82,1.05,1.03,-0.12,0.16,-4.63,1.61,2.98,-1.14,0.29,5.51,-3.52,1,0,0
0.85,4.32,2.69,-1.36,0.63,2.02,0.87,-1.24,1.05,2.29,1.24,-2.69,-1.58,0.76,-3.45,-1.41,1,0,0
-1.63,-0.45,0.04,0.42,1.23,0.42,1.16,-1.62,-0.86,0.93,1.36,-0.75,-0.38,2.14,-0.3,-3.08,1,0,0
-2.47,-1.31,2.44,2.58,-0.67,-0.12,-1.33,-0.39,1.74,-3.25,0.39,-0.23,-5.2,2.19,3.52,-1.62,1,0,0
0.69,-5.41,-5.38,0.67,-1.83,-0.71,1.11,-4.2,0.4,2.54,-3.76,-1.67,2.02,3.77,-2.2,0.75,1,0,0
1.78,1.58,-1.01,-2.88,-0.96,-0.15,0.57,-2.09,-0.22,2.76,-3.38,-0.66,0.89,2.04,-1.55,2.45,1,0,0
-4.2,-3.39,-0.39,-1.42,-2.52,-0.14,-0.95,-0.89,0.61,-2.96,1.21,0.38,-0.52,5.91,-0.87,-0.66,1,0,0
-1.18,-1.65,0.21,-2.29,-4.7,1.5,-0.91,-2.3,-2.49,-5.23,-1.48,4.03,-3.13,3.35,3.33,0.94,1,0,0
-2.54,-3.61,-2.29,3.59,-2.58,-1.89,-3.7,3.07,2.08,-1.89,1.08,0.58,-1.04,1.56,7.02,-2.25,1,0,0
-2.25,0.2,-1.34,1.0,-0.11,-1.81,-0.64,2.83,-0.28,3.82,-1.61,3.05,2.66,-1.28,3.16,-0.67,1,0,0
2.07,2.1,-1.69,0.48,-1.41,-0.49,-1.18,-0.86,1.72,-2.96,-2.88,1.72,-1.9,-1.13,5.94,0.14,1,0,0
1.0,1.43,0.52,-2.53,-0.94,-1.73,1.06,-5.04,-2.75,-1.72,-1.22,0.62,-0.42,0.75,-0.88,2.19,1,0,0
-2.27,-3.33,-2.85,3.58,-1.95,-2.75,-0.25,0.7,2.03,0.22,-1.76,-1.31,-1.61,4.67,3.17,-1.64,1,0,0
0.58,-1.21,-0.67,0.16,-1.19,-1.11,-1.86,-2.64,1.62,-0.58,-3.83,0.62,-0.89,1.11,0.25,1.71,1,0,0
4.11,-1.22,-2.65,-3.5,-1.13,1.01,-3.71,-7.07,-1.74,-4.73,-0.16,0.96,3.31,-2.35,0.85,4.99,1,0,0
1.37,4.22,-0.18,-1.47,1.46,-4.34,0.86,-3.55,-0.43,0.46,0.01,-2.14,2.22,-0.48,-1.12,2.51,1,0,0
0.8,-6.55,-4.53,1.57,-2.48,2.86,0.47,-1.22,-1.79,-1.56,3.85,-0.98,-2.24,0.03,3.11,-3.61,1,0,0
1.4,0.99,-0.27,-2.82,-1.17,2.03,1.4,-3.1,-1.39,3.3,-4.8,3.53,3.9,-1.9,-0.9,4.44,1,0,0
2.11,5.65,3.83,0.17,-1.11,-1.1,-0.68,0.81,4.15,-2.38,0.44,-3.65,-4.72,-1.26,5.8,1.16,1,0,0
1.27,3.46,-0.82,-0.52,2.07,-1.32,-1.22,1.91,2.23,2.6,-0.55,0.88,1.2,-5.37,-0.28,-0.67,1,0,0
3.04,0.03,-1.01,-2.98,-4.19,6.04,0.37,0.13,-0.68,2.59,2.97,-1.15,-1.52,-0.65,-3.97,-3.47,1,0,0
0.03,0.23,-0.56,-1.17,-1.15,0.4,-1.63,-1.13,-0.31,-2.0,2.13,-0.16,-1.22,0.15,1.24,-1.47,1,0,0
-4.15,-1.3,-1.09,-1.47,0.8,-3.17,-4.58,1.56,0.79,-1.54,-2.08,3.73,1.73,0.83,2.51,1.94,1,0,0
1.25,1.49,1.52,0.67,-0.57,2.2,-0.97,-2.98,2.29,-1.07,1.63,-3.62,-2.78,1.7,-1.69,-1.35,1,0,0
0.78,0.91,-1.41,-0.38,0.71,1.51,0.32,-3.5,0.18,1.82,-0.72,0.2,3.85,-0.29,-0.01,-0.2,1,0,0
-1.4,3.38,0.35,-0.27,5.66,0.77,0.12,-2.75,1.82,2.71,-3.29,2.27,4.08,-2.15,-1.42,0.34,1,0,0
-1.87,5.46,3.1,1.32,3.23,-4.07,1.86,-4.09,2.26,-0.52,-4.87,-0.06,-1.32,3.38,-0.55,-0.21,1,0,0
0.4,-0.24,-1.4,-1.88,-1.87,-0.24,-2.83,-0.28,-1.83,0.75,3.47,-0.29,1.96,-1.5,-0.41,0.28,1,0,0
0.11,0.18,-0.01,2.61,1.58,0.86,2.6,-3.38,2.58,-1.16,-0.11,-2.74,-0.59,2.44,2.63,-2.53,1,0,0
0.9,0.44,2.63,3.45,1.35,3.58,3.17,-1.94,3.06,-1.36,-0.97,-1.63,-4.05,-0.62,6.57,-1.15,1,0,0
-0.22,-3.62,2.15,1.74,0.69,2.3,-0.81,0.14,0.49,1.07,1.9,-2.6,-4.03,-0.81,2.96,-0.38,1,0,0
-2.25,4.95,4.64,1.71,3.42,-1.6,0.75,1.61,2.14,1.94,-0.7,0.58,-3.79,-2.27,0.77,-2.29,1,0,0
2.78,2.83,-1.18,-4.28,-4.45,-2.41,-4.29,-1.73,-0.73,-1.35,-0.95,-0.72,1.72,1.89,0.18,4.86,1,0,0
1.15,-0.81,0.5,2.44,0.02,-1.52,0.86,-3.53,0.66,-0.74,-0.97,-3.22,-3.59,2.92,0.93,-0.87,1,0,0
0.98,-4.3,-5.51,1.32,-3.38,2.0,-2.68,-0.39,2.1,-1.47,0.23,-0.17,-0.28,2.19,0.81,-3.22,1,0,0
4.1,2.22,-3.37,-4.78,-4.22,3.59,-1.12,3.06,0.88,2.09,0.24,0.49,0.87,-5.3,-0.32,1.65,1,0,0
2.28,-2.76,-0.93,-0.94,-0.37,3.49,-3.23,-3.99,-2.39,1.19,2.39,-0.79,-0.17,-1.73,-3.28,0.21,1,0,0
-1.46,-3.19,0.43,1.85,1.97,0.88,-1.12,1.18,0.52,5.4,-0.97,0.44,0.26,-2.84,-0.93,-0.1,1,0,0
4.44,-0.88,-6.31,2.84,-2.63,-1.22,1.74,-1.4,1.36,2.92,-0.11,-4.55,1.65,0.31,1.3,-1.14,1,0,0
2.0,-2.26,-5.14,0.72,-1.87,0.05,1.75,-3.6,-1.59,2.5,-0.52,-1.44,2.64,1.53,0.07,-0.61,1,0,0
-3.86,-1.98,-0.21,4.29,4.6,-0.17,1.16,-1.1,3.43,-2.63,2.07,-1.7,-3.05,3.75,2.22,-7.79,1,0,0
0.75,-0.43,-1.55,-1.17,-1.54,-1.28,2.94,-1.2,-1.89,0.73,2.03,-1.7,-1.57,0.67,0.23,-1.83,1,0,0
-2.73,-4.13,-0.49,2.32,0.86,-0.7,-4.26,-1.83,-0.6,1.75,-5.88,5.56,1.75,-0.24,1.96,1.92,1,0,0
-2.25,-4.85,-4.41,1.19,-5.88,0.61,0.31,-3.97,-0.47,-2.14,0.03,-0.34,1.2,8.78,0.4,-3.33,1,0,0
-0.93,-1.76,-6.24,-2.27,-6.57,-5.75,-0.54,-0.09,-1.15,2.58,-0.94,-1.22,5.99,5.21,-1.26,2.44,1,0,0
0.11,-3.47,-2.52,1.2,0.18,-1.72,-3.74,-0.96,0.9,-1.71,0.14,-1.24,-1.22,1.31,1.63,0.11,1,0,0
2.96,-0.82,-3.74,-0.43,-3.34,1.47,2.13,-1.24,0.84,-0.87,1.16,-2.33,-0.31,0.18,2.7,-0.54,1,0,0
-0.47,1.64,-1.01,-1.87,-1.06,-0.01,4.41,-3.46,-1.94,1.71,0.18,-0.91,2.65,3.11,-2.29,-0.53,1,0,0
0.14,-1.8,-0.91,2.01,1.08,-1.65,-2.12,0.97,1.6,2.6,-4.06,2.17,0.46,-3.66,5.06,2.6,1,0,0
-2.19,0.31,2.33,3.33,3.62,-1.09,3.2,-0.12,2.57,-2.8,0.57,-1.65,-6.28,1.95,5.47,-5.02,1,0,0
0.56,1.81,-2.7,-0.68,-3.13,-4.34,-5.34,1.97,2.51,-2.16,2.24,-3.56,0.14,3.75,2.8,-0.08,1,0,0
1.85,-0.85,-1.77,0.31,0.43,0.94,-2.86,-1.52,1.07,0.1,-0.74,-0.27,0.63,-1.54,2.58,0.62,1,0,0
0.46,-5.13,-3.29,3.15,0.73,3.1,-1.73,-3.65,0.86,0.76,-4.46,2.23,-1.04,0.68,1.17,-1.63,1,0,0
1.04,5.39,3.01,0.98,-0.44,-1.8,3.31,-0.97,3.39,-0.0,-2.82,-0.67,-1.03,-1.61,3.63,1.15,1,0,0
2.91,-2.9,-3.02,-0.28,0.15,5.93,-0.04,-0.5,0.94,3.11,0.13,-0.58,0.06,-3.05,-0.17,-1.59,1,0,0
0.8,-2.24,-3.09,0.18,0.97,0.3,-3.47,1.64,2.62,1.46,-1.02,0.33,1.04,-2.91,1.69,0.59,1,0,0
-0.26,-0.47,-0.89,0.33,3.77,-2.04,-1.88,-3.82,-1.22,-1.67,-1.21,0.28,-2.04,0.36,0.41,0.35,1,0,0
-0.61,2.16,-1.17,0.64,-1.64,-1.23,-2.37,1.88,2.26,1.32,0.8,1.04,0.85,-1.58,-1.58,-2.75,1,0,0
-0.67,1.44,0.8,-0.92,-2.62,-1.45,2.9,-1.12,0.78,-1.25,-2.01,-0.33,-3.33,4.05,-1.08,-1.56,1,0,0
0.31,4.5,2.04,1.4,0.77,-3.35,1.47,-3.4,2.04,-0.14,-5.24,-0.7,-4.2,2.54,0.16,-0.26,1,0,0
-0.61,6.71,-0.07,-2.26,-0.22,-6.84,1.79,-0.13,2.51,0.7,-4.74,-0.36,0.8,1.19,0.02,3.24,1,0,0
1.38,6.83,3.62,0.18,3.17,-1.13,3.57,-3.55,0.63,-1.53,-2.43,-0.3,-2.95,-1.74,4.35,0.8,1,0,0
0.72,0.08,-0.45,-0.62,-1.13,-0.73,-1.68,-2.16,-0.03,-3.9,2.02,-1.92,1.52,1.17,6.74,2.93,1,0,0
-2.51,1.09,1.55,1.44,1.79,-1.43,2.79,-5.19,0.47,-1.7,-1.72,-0.85,-0.05,5.4,0.08,-1.04,1,0,0
-1.71,-0.75,-1.25,0.42,-4.03,-3.44,1.38,-0.2,-2.89,-0.93,3.44,-0.85,1.24,1.0,4.54,0.61,1,0,0
0.69,2.2,0.27,-0.73,-1.39,1.83,-2.56,-1.56,2.47,-5.25,-0.16,1.01,-3.93,0.9,1.46,-2.51,1,0,0
-2.71,-0.6,0.66,1.55,1.19,-5.81,-3.12,-3.19,1.6,-0.54,-6.14,1.48,0.81,3.66,1.15,4.01,1,0,0
-1.73,4.6,0.75,1.7,1.98,-1.68,-1.78,-0.24,4.28,-3.04,0.18,-1.12,-0.69,2.72,2.89,-2.96,1,0,0
0.13,1.34,0.02,0.09,-2.75,1.13,0.81,-1.05,2.52,-5.24,0.74,-0.31,-1.92,1.98,5.19,-1.33,1,0,0
4.78,-3.49,-5.51,1.76,-1.83,0.36,0.47,-1.9,-1.56,4.6,-1.59,-2.05,1.3,-1.37,1.96,1.41,1,0,0
0.29,-1.37,1.55,2.38,0.72,-0.46,-0.31,-3.36,-1.07,-2.2,1.84,-0.93,0.34,-2.2,6.13,1.9,1,0,0
0.27,1.66,-1.39,-4.15,0.33,-1.6,0.21,-0.68,-2.33,1.85,-1.98,2.26,0.11,-2.05,-2.59,2.42,1,0,0
-0.85,-1.23,0.55,2.7,0.43,-1.72,-4.07,1.1,2.93,0.96,-2.26,0.87,1.86,-1.01,6.85,2.01,1,0,0
-3.39,-0.65,1.63,-0.05,-0.31,-1.78,-0.99,1.39,-2.51,-0.75,2.64,2.93,0.58,-1.87,3.89,0.22,1,0,0
-2.81,-0.69,0.32,-2.54,-3.04,3.11,-0.35,5.22,1.17,-1.62,5.02,0.59,-2.72,-1.36,2.34,-3.36,1,0,0
1.16,-2.95,-3.31,-3.71,-2.51,1.58,2.64,0.18,-3.54,6.02,1.63,-0.69,1.4,-1.82,-5.57,0.03,1,0,0
0.86,-4.11,-5.24,2.72,-2.63,-2.5,3.54,1.08,0.89,3.73,-0.88,-1.48,0.99,-0.59,2.48,-1.24,1,0,0
1.17,5.39,6.28,0.17,2.04,1.44,1.19,-4.09,0.46,-1.06,-3.23,1.38,-1.98,-2.5,3.47,2.69,1,0,0
1.33,1.11,1.21,2.02,1.6,1.34,-1.16,2.11,5.97,2.75,-1.65,-2.96,-1.72,-1.82,2.79,-0.21,1,0,0
3.8,1.33,0.32,-1.94,-1.81,1.39,-2.95,1.24,2.6,0.2,0.4,-2.44,-0.12,-1.98,5.87,2.68,1,0,0
0.5,-3.92,-6.87,-0.68,-3.17,2.55,-1.64,1.18,0.88,-0.37,0.93,1.75,1.79,-0.9,1.27,-2.81,1,0,0
1.23,-0.52,-0.99,3.97,0.19,0.16,4.3,-1.06,1.1,0.68,2.75,-5.06,-5.94,1.21,1.23,-6.0,1,0,0
-0.02,1.87,0.23,2.93,0.51,-2.97,-3.94,-0.26,3.75,1.25,-3.69,-0.64,0.63,1.28,1.57,0.99,1,0,0
-0.62,-0.61,-2.82,-0.09,4.6,-0.5,-2.86,0.87,3.44,5.51,-2.28,0.47,3.54,-3.23,-4.43,-0.28,1,0,0
2.08,-0.43,-1.66,-0.98,-3.95,1.99,2.6,1.3,-0.95,0.35,1.7,-0.35,-2.65,-1.41,3.57,-1.56,1,0,0
-2.77,3.67,-1.56,-1.17,-1.13,-4.67,2.58,1.59,-0.96,2.63,0.97,0.45,3.47,1.84,-1.07,-0.98,1,0,0
2.15,1.47,3.75,2.91,4.87,3.62,0.42,-3.45,3.58,0.06,0.64,-2.99,-1.14,-3.57,3.18,-0.45,1,0,0
-2.96,-5.15,-3.2,0.87,-1.9,-0.63,-3.55,-0.5,0.88,-1.35,-0.07,0.01,-1.6,6.17,-0.88,-2.68,1,0,0
-2.3,-1.7,-1.47,0.44,0.36,-0.2,-0.05,0.41,-0.28,-1.12,3.59,0.37,-0.11,-0.77,1.17,-2.89,1,0,0
1.17,0.4,-3.57,-2.12,-4.06,-0.44,-3.27,2.41,1.45,2.56,-3.25,3.8,3.19,-3.34,0.61,1.21,1,0,0
-1.42,0.16,-1.6,-3.76,-0.04,-5.0,-0.41,-1.47,-2.44,3.36,-0.61,-0.61,3.05,1.58,-4.65,3.19,1,0,0
-2.43,4.33,0.97,0.13,-5.36,-10.24,1.27,-0.13,-0.11,-5.21,1.13,-1.76,-2.07,4.92,4.44,0.82,1,0,0
0.51,-4.32,-1.98,-1.97,-4.4,-1.12,-0.6,2.08,-4.44,1.42,2.95,0.93,-0.31,-4.63,3.28,2.45,1,0,0
0.85,-1.84,-4.13,3.67,0.81,-2.55,0.42,-3.33,2.74,1.87,-6.01,0.44,1.69,1.02,1.57,0.22,1,0,0
-1.16,0.74,-1.01,0.26,-1.28,-3.55,-1.48,-1.73,0.31,-3.08,-0.62,0.38,-0.95,1.8,0.83,0.48,1,0,0
1.14,1.06,-1.0,-1.01,-0.37,0.77,0.56,-0.79,0.57,0.85,-0.64,-0.68,-3.27,-0.4,-1.88,-1.69,1,0,0
1.02,1.08,1.59,2.03,3.09,-0.17,-0.15,-5.34,0.61,1.8,-3.3,-1.01,-2.01,0.03,-1.89,-0.28,1,1,1
-3.27,2.76,1.14,0.31,2.02,0.1,2.83,-0.92,0.21,0.96,-0.57,2.9,4.03,-0.95,2.51,-0.9,1,0,0
4.12,7.45,3.68,-7.02,-1.33,-0.79,-3.16,-0.66,-0.72,-0.82,-3.21,2.75,2.92,-6.4,3.36,10.18,1,0,0
1.01,-3.1,-2.3,-2.02,-0.46,2.13,-2.86,-1.58,-1.52,0.04,-0.33,0.97,-2.97,0.86,-2.65,-1.34,1,0,0
1.65,-0.46,2.21,0.69,2.55,2.02,0.33,-1.33,0.17,2.98,0.13,-0.64,-1.02,-5.11,1.67,0.39,1,0,0
-0.9,-1.02,0.91,-0.66,-3.49,2.34,-0.28,-3.18,-1.09,-2.25,-0.14,0.39,-2.36,3.76,-0.21,0.35,1,0,0
1.89,2.72,0.02,-2.08,-1.19,-1.37,-3.17,2.22,2.24,0.76,0.81,-1.74,0.04,-1.91,2.0,1.2,1,0,0
-0.05,-0.5,0.7,-1.41,-1.06,1.23,-0.12,-1.46,-2.35,-1.21,3.84,-1.08,-2.98,0.51,-1.27,-1.19,1,0,0
-3.36,-3.04,-1.12,-1.37,-0.14,-1.48,-2.86,2.82,-1.98,4.26,1.23,2.21,2.66,-0.93,-0.93,0.09,1,0,0
0.83,2.0,0.09,-0.34,-3.24,0.75,-0.83,-0.47,2.46,-1.17,-0.57,-1.09,-1.63,1.27,1.15,-0.28,1,0,0
0.01,-5.82,-5.19,2.59,-6.39,-0.02,-0.14,-1.07,0.77,0.3,-1.2,-1.68,-2.29,6.19,0.55,-2.76,1,0,0
-1.08,-2.06,-4.68,2.58,0.2,-3.82,1.91,0.48,-0.08,5.06,-2.44,-0.2,-0.95,0.08,-2.34,-2.42,1,0,0
0.32,2.15,-0.55,1.86,1.16,-4.25,-6.07,2.61,5.35,1.27,1.04,-5.34,-2.83,2.06,-1.83,-1.67,1,0,0
-0.81,1.1,1.1,-2.58,-0.37,0.04,-1.93,-2.11,-0.45,1.2,0.66,0.25,2.8,0.81,-3.37,1.04,1,0,0
-2.08,-0.1,-1.47,-3.87,-0.65,0.1,-3.86,0.75,-0.56,0.24,1.15,2.14,1.41,1.12,-3.15,-0.56,1,1,1
0.4,-1.34,-1.58,1.42,-2.53,1.72,-0.17,-1.92,0.43,1.26,-0.64,0.49,0.53,0.58,0.73,-2.06,1,0,0
-0.92,-1.65,-4.01,-0.63,-2.65,-1.89,-0.56,0.03,-3.43,3.75,-1.69,4.58,4.28,-1.99,0.38,-0.44,1,0,0
-4.12,4.46,3.94,-2.07,0.25,-0.58,0.62,-3.28,-3.09,-3.45,0.49,4.14,0.37,1.31,1.83,-0.15,1,0,0
-0.0,-1.67,-0.13,0.48,-0.93,0.13,0.58,-0.39,-2.81,2.15,0.93,1.01,-0.1,-2.36,1.33,0.58,1,0,0
-0.92,-0.04,-0.34,2.07,0.25,-1.05,1.92,2.91,3.05,3.41,1.71,-3.55,-1.6,-0.05,0.62,-2.23,1,0,0
-1.38,-4.01,-1.54,0.6,-2.42,3.12,-1.56,2.26,0.62,1.54,-0.13,2.25,-5.02,-0.7,-1.69,-4.74,1,0,0
-1.61,3.46,-0.84,-2.33,-2.97,-2.27,2.39,1.45,1.16,3.68,-2.14,0.74,2.51,1.84,-2.42,-0.93,1,0,0
0.77,1.49,-2.88,0.47,-4.44,1.44,-1.41,5.23,3.17,0.84,3.78,-0.51,1.06,-3.53,3.71,-2.92,1,0,0
1.0,-4.41,-3.92,2.78,-0.65,-5.47,-4.29,1.25,1.32,4.56,-2.93,-0.47,4.57,-2.34,3.83,4.35,1,0,0
-4.19,-0.51,0.95,-1.59,-2.46,-3.6,2.1,0.94,-2.97,-3.75,1.3,2.99,-3.29,1.85,4.28,-1.21,1,0,0
2.63,1.27,-0.74,-1.08,-2.58,0.64,-3.74,1.32,2.54,0.72,0.22,-0.51,-0.51,-3.23,0.93,0.54,1,0,0
-2.93,0.47,-0.07,4.04,-4.32,-1.26,1.85,1.79,5.09,-3.03,1.1,-2.63,-2.08,5.36,7.06,-3.39,1,0,0
-1.56,-3.01,-2.09,0.48,-1.23,-1.01,-0.33,1.87,-0.11,4.99,0.73,-0.63,3.19,0.32,-0.05,0.01,1,0,0
-1.46,0.88,-3.06,-2.14,-4.43,-5.54,-0.2,-1.54,-1.82,0.05,0.37,-0.62,3.58,5.4,-0.97,0.47,1,0,0
-0.26,-1.7,-2.59,1.52,-3.63,-2.97,0.58,-0.59,-0.24,-0.46,1.14,-1.28,2.35,1.44,4.24,0.42,1,0,0
0.7,3.02,1.48,-0.47,-3.23,0.19,-0.09,0.87,1.59,-2.19,2.18,-1.72,-1.29,-0.34,3.94,0.32,1,0,0
-1.99,0.28,-0.03,-2.21,-0.94,-0.59,-0.79,2.02,0.29,-0.76,0.75,2.01,-2.3,-1.22,-0.05,-1.48,1,0,0
-2.35,-1.66,3.74,1.79,1.07,-0.44,-0.37,1.48,-0.54,1.72,-0.46,1.22,-4.14,-2.64,2.15,1.06,1,0,0
3.75,3.91,4.21,0.14,2.16,2.43,-4.29,-5.17,1.16,-1.47,1.43,-2.84,-2.07,-3.45,-0.34,1.73,1,0,0
0.3,-0.27,-2.56,-0.52,-3.92,-1.7,0.06,-0.76,1.14,-4.56,-1.43,0.87,-2.71,3.1,3.35,-1.31,1,0,0
2.33,-1.94,-1.37,3.34,0.04,1.26,4.27,-1.56,0.52,3.91,-0.87,-2.24,1.44,-2.41,5.37,0.72,1,0,0
-2.32,0.93,0.78,1.75,-1.82,-2.37,-2.54,-1.36,2.54,-2.8,-2.55,2.03,-0.04,1.44,3.42,0.32,1,0,0
-1.91,-0.21,-0.31,-2.55,-2.58,-0.23,-3.3,2.9,-1.62,-0.76,4.15,1.78,0.7,-0.9,2.04,-0.96,1,0,0
-4.18,1.56,2.13,0.55,3.48,-1.2,1.44,-1.26,0.51,0.13,-2.1,2.98,-0.71,0.99,-0.07,-2.08,1,0,0
-2.26,-2.24,0.13,-1.14,0.79,5.62,-1.28,-0.42,0.32,-1.19,2.27,1.79,-3.93,0.95,-2.45,-5.33,1,0,0
-0.54,2.4,0.42,-0.17,0.22,-4.41,-1.05,0.6,0.05,2.49,1.65,-1.71,1.5,-1.2,-1.88,0.36,1,0,0
0.01,-2.19,-0.51,-1.4,-4.44,-2.48,-4.91,-4.05,-1.68,-2.21,-2.9,1.02,1.68,3.78,1.08,5.78,1,0,0
-1.24,1.34,1.28,-2.07,1.35,1.61,-2.11,-0.35,3.26,-1.49,0.48,-1.66,-4.73,3.53,-3.93,-3.73,1,0,0
-1.1,4.05,1.58,-1.9,1.03,-1.41,3.54,0.2,-0.36,-2.5,-0.46,2.9,-1.2,-3.27,4.67,0.57,1,0,0
0.72,0.74,-5.44,-1.11,-4.21,-5.89,0.74,2.68,-0.86,6.19,1.0,-2.45,6.0,0.92,-1.33,1.26,1,0,0
-1.5,0.25,-3.83,-4.07,-3.9,-4.06,-2.37,1.91,-1.51,-1.01,3.05,0.49,3.52,0.08,-0.03,1.57,1,0,0
-3.11,-1.23,-0.17,3.35,-1.99,0.6,3.26,2.42,-0.23,2.05,6.91,-2.46,0.12,-0.4,1.72,-5.05,1,0,0
0.11,-0.11,3.31,-2.88,0.21,0.14,-3.07,-2.63,-2.87,-0.85,-0.77,3.03,1.02,-4.42,2.56,6.49,1,0,0
-2.83,-1.1,1.53,1.5,-1.31,-2.33,1.76,-0.23,-0.36,0.45,-0.81,0.39,-1.3,1.57,2.89,0.02,1,0,0
3.23,4.6,-0.97,-0.03,-3.83,-1.15,1.09,-1.63,2.02,-1.5,-3.99,0.36,-0.06,-0.07,5.77,2.68,1,0,0
-1.23,0.32,-1.71,-0.21,-3.97,0.66,2.99,0.91,-0.14,-0.55,5.3,-2.3,0.04,2.19,1.13,-4.61,1,0,0
0.45,-1.59,-0.82,-5.56,-2.8,4.96,-6.35,2.6,-1.43,0.64,4.0,2.26,1.37,-4.51,-1.72,1.44,1,0,0
1.4,1.42,-1.31,-2.17,-1.32,0.19,-0.57,-2.78,-1.42,-1.34,1.85,-1.32,-2.39,1.37,-2.93,-1.4,1,0,0
-2.0,-2.62,-1.56,-0.03,1.67,-0.4,-2.31,-3.81,-1.75,0.41,-1.11,1.69,1.21,1.06,-1.59,0.29,1,0,0
3.3,-0.44,-4.49,-4.28,0.21,0.71,0.52,-1.17,-2.36,3.74,-0.23,1.09,4.99,-6.06,-1.62,3.35,1,0,0
-2.8,4.55,5.0,2.02,3.93,-0.1,0.64,1.52,1.18,1.13,2.52,1.28,-0.87,-4.23,1.89,-2.57,1,0,0
0.28,0.61,0.88,0.04,0.25,-2.27,-5.1,-0.75,1.3,2.46,0.21,-1.27,3.29,-1.66,-0.33,3.63,1,0,0
0.68,5.77,5.24,1.88,4.11,-1.74,0.31,0.08,2.46,3.32,-2.57,-1.78,-4.09,-2.46,2.02,0.4,1,0,0
-1.17,1.47,0.91,-1.22,1.56,-1.61,2.1,3.05,-0.07,4.19,-0.09,0.65,1.52,-4.47,2.21,1.95,1,0,0
3.09,2.17,-2.56,-2.02,2.33,-2.34,-5.99,2.1,2.52,5.08,-1.45,-2.21,0.38,-2.32,-3.91,0.7,1,0,0
0.31,-1.9,-1.75,0.29,2.11,-0.91,-1.8,0.82,-1.97,3.89,3.59,-1.07,1.31,-5.07,-1.29,-0.94,1,0,0
0.77,1.74,0.78,-0.03,-0.33,1.39,1.61,-0.15,-0.15,3.78,-0.69,0.58,0.56,-3.4,-0.53,0.18,1,0,0
-4.21,0.88,1.84,2.39,-0.12,-0.65,0.25,4.15,2.91,0.1,1.85,1.14,-1.92,-0.63,2.07,-4.33,1,0,0
2.8,-1.33,-4.76,-1.06,-1.49,1.23,0.7,-0.02,0.49,2.85,-1.49,-0.02,-0.26,-2.52,-1.28,-0.23,1,0,0
-0.44,4.02,3.63,2.36,-0.57,-0.2,2.37,-0.29,4.05,-3.23,1.15,-3.87,-5.84,2.84,3.58,-2.96,1,0,0
-1.16,2.42,0.48,-0.07,-1.86,-0.78,1.37,2.12,0.45,3.7,-1.51,1.93,2.38,-0.72,3.26,-0.54,1,0,0
-0.95,-0.76,0.48,1.31,-1.61,-3.56,2.16,-0.95,-0.33,2.43,-2.17,-0.28,2.56,-0.02,3.69,3.52,1,0,0
-0.8,-0.11,-0.86,1.09,1.49,-1.74,3.0,-3.32,2.64,-0.08,-1.49,-3.17,-0.4,4.66,1.25,-1.26,1,0,0
-2.7,0.36,3.81,1.75,1.38,-0.68,1.46,-2.49,1.32,-1.49,-0.26,-1.09,-2.77,2.77,1.37,-0.42,1,0,0
-4.6,-0.25,0.63,0.81,2.16,-2.2,4.11,-4.44,-0.07,-1.3,-1.94,1.06,2.12,4.1,2.08,0.05,1,0,0
-0.8,-0.61,-3.73,0.39,-0.01,-2.57,-0.01,-1.25,0.69,2.42,-2.17,1.76,7.92,-2.43,2.64,3.24,1,0,0
-2.49,0.96,1.5,2.16,0.8,-1.28,-0.64,1.03,3.6,-1.42,-1.98,1.92,-1.34,-0.11,3.78,-1.64,1,0,0
-1.79,-2.98,-3.27,-0.39,-2.71,-1.41,3.35,2.18,-1.2,3.82,1.57,-1.02,0.42,1.12,-0.78,-1.49,1,0,0
-2.42,1.11,0.39,-2.03,1.48,3.03,-1.26,4.58,-0.41,4.57,1.14,4.47,0.86,-6.15,-1.51,-2.58,1,0,0
-0.7,4.88,1.91,-0.95,2.64,-3.03,2.34,-5.98,-0.24,0.39,-3.73,-0.08,1.8,3.41,-1.78,1.47,1,0,0
1.63,-2.77,-3.17,1.9,-1.26,-0.05,-2.62,1.55,2.9,1.89,-0.8,-1.34,-1.21,-1.64,1.19,-1.13,1,0,0
-1.38,-0.1,2.86,-0.89,-0.09,1.07,-5.16,-1.52,1.61,-3.48,0.16,-0.64,-3.28,3.02,-0.19,0.93,1,0,0
-2.43,-3.03,-3.59,1.07,-0.3,-1.28,-3.41,1.89,1.94,4.53,-2.22,0.86,3.03,2.54,-1.99,-1.44,1,0,0
0.58,6.15,0.85,0.75,2.18,-1.27,3.57,1.69,3.63,3.64,-0.73,-2.45,-2.63,-0.19,-2.54,-4.78,1,0,0
0.15,-0.73,-2.05,0.55,-4.09,-2.69,-1.46,0.37,1.58,-5.69,2.69,-1.6,-2.32,2.56,5.81,-1.62,1,0,0
-1.29,-1.47,-2.87,0.46,-3.19,-5.18,-1.04,-1.26,-1.32,-2.8,1.06,-1.06,0.99,3.42,3.58,1.5,1,0,0
-2.89,1.98,0.83,0.36,3.18,-2.95,0.0,-1.03,-0.5,1.18,1.54,-0.62,1.45,1.31,0.15,-1.71,1,0,0
1.52,5.83,2.12,-3.82,3.14,-1.77,3.84,0.29,-0.59,5.63,-0.43,-1.11,1.43,-4.83,-3.11,2.39,1,0,0
-0.86,-3.24,-0.83,1.27,-1.66,-1.27,-1.01,-2.61,-1.82,-2.01,-0.24,0.28,-0.41,2.22,4.45,1.25,1,0,0
0.16,0.72,-2.42,-1.66,-3.92,-0.45,-1.25,2.9,1.71,0.86,1.75,-0.54,1.89,-0.59,1.15,0.04,1,0,0
-5.65,-2.59,0.51,-1.59,-1.77,-0.44,3.97,0.66,-4.28,-2.2,2.64,4.25,-0.44,1.09,3.44,-1.53,1,0,0
-0.63,3.28,2.07,1.13,0.49,-3.19,1.51,-0.76,1.46,0.2,1.56,-3.38,-0.09,0.61,2.55,0.96,1,0,0
-2.67,-0.71,-3.74,2.15,-1.14,-3.8,3.31,-1.5,0.21,0.18,-2.77,0.15,0.91,6.46,1.66,-2.07,1,0,0
-0.12,-2.21,-2.29,-0.27,0.33,0.43,-3.2,2.11,1.38,4.04,0.34,0.56,0.87,-3.38,-2.73,-0.65,1,0,0
-0.13,3.41,5.82,-1.27,1.16,0.28,-0.46,0.54,-0.83,1.94,2.06,-1.08,-1.54,-3.87,1.58,3.38,1,0,0
-0.45,1.97,0.49,-0.98,-1.03,-0.81,0.39,-1.98,1.15,-3.31,0.96,-0.61,-0.71,1.91,1.35,-0.3,1,0,0
1.09,1.03,-0.14,-1.15,2.02,1.42,1.45,-4.38,-1.12,2.11,-0.7,-0.27,3.18,-0.65,-0.58,0.87,1,0,0
-2.06,2.26,0.22,-1.17,4.03,-1.32,-0.68,-1.42,-0.25,0.85,-0.92,3.1,4.92,-3.35,1.65,2.15,1,0,0
-1.19,1.39,0.9,0.07,0.99,-2.98,1.46,-3.04,0.9,-2.22,-4.9,2.11,-2.64,1.96,2.02,0.71,1,0,0
0.62,4.31,0.81,-1.07,-3.19,0.52,-0.08,1.32,2.41,-0.31,1.17,-1.63,-2.03,0.85,-0.06,-1.61,1,0,0
-0.81,-1.62,-1.5,0.77,0.67,-0.53,-3.23,-1.48,-0.11,0.69,2.03,-0.57,4.57,0.29,2.8,0.8,1,0,0
-3.21,-1.22,-2.52,-0.22,-0.32,-0.67,0.31,2.97,0.4,0.3,1.01,1.8,-2.19,0.62,-0.14,-4.91,1,0,0
0.74,-1.68,-3.16,1.61,-1.29,-1.27,0.06,0.85,0.82,4.19,-1.35,-1.51,0.63,0.61,0.66,-0.28,1,0,0
0.52,-4.29,-0.26,-2.09,-3.53,4.57,4.37,-3.47,-6.57,2.17,2.58,0.76,-0.4,-1.37,-0.37,1.37,1,0,0
2.94,-3.08,-3.42,-1.69,-3.17,3.24,-1.92,-7.64,-1.88,-4.63,-1.3,1.0,1.33,1.73,2.61,2.35,1,0,0
-0.83,-6.72,-4.75,2.86,-2.07,-2.9,-2.94,-2.57,-1.95,1.65,-1.36,-0.98,2.24,4.59,1.87,1.05,1,0,0
-1.02,2.36,-0.52,-1.51,-0.48,-6.16,-2.11,1.91,-0.14,4.57,-2.99,0.91,1.26,-0.79,-2.35,2.5,1,0,0
1.69,-3.03,-3.05,-1.22,-2.79,-1.83,-1.5,-2.18,-1.29,1.35,-1.3,-0.71,-0.72,0.79,-1.48,1.66,1,0,0
0.64,-1.3,2.05,-1.47,-0.16,3.69,1.26,-0.1,-2.6,6.77,-0.25,1.08,2.61,-4.79,-0.58,3.44,1,0,0
1.59,2.22,0.48,-0.4,4.71,3.28,1.26,-3.1,1.81,0.37,-2.2,0.33,-0.73,-1.87,1.06,-0.73,1,0,0
-3.34,-1.14,-4.37,-4.83,-6.58,0.16,-4.48,7.46,0.69,-2.5,2.65,4.78,0.49,-0.92,1.93,-1.58,1,0,0
0.43,-1.61,-1.51,-1.94,-0.18,-0.91,-1.31,-5.41,-4.21,-0.68,0.71,1.54,1.75,-1.67,-2.08,2.26,1,0,0
-0.56,0.45,-0.94,1.27,-2.02,-2.75,0.03,0.6,2.05,1.29,0.98,-3.34,-1.43,2.91,-0.05,-1.93,1,0,0
-1.45,0.9,-1.98,1.83,-2.15,-2.79,0.39,2.79,2.31,1.3,-1.06,1.23,-0.42,-1.68,2.93,-1.87,1,0,0
-0.6,2.13,4.35,-2.55,1.16,3.4,-4.94,-1.63,0.88,-1.52,-3.21,4.59,-1.69,-2.35,0.94,1.94,1,0,0
-0.6,-2.83,-1.33,0.31,-1.79,5.34,0.89,-2.66,1.3,-2.93,0.02,0.92,-1.36,2.02,2.68,-2.59,1,0,0
-3.35,-0.3,0.9,-4.23,0.93,-1.65,-1.14,0.94,-0.89,0.12,-2.45,3.92,-2.67,-0.53,-2.58,0.94,1,0,0
-0.93,-2.18,-1.71,1.71,-4.7,3.93,2.97,-0.58,1.31,-5.29,3.5,-1.36,-4.05,4.19,5.56,-5.06,1,0,0
3.56,0.12,0.98,3.55,-0.93,1.75,4.62,-3.25,2.39,2.87,0.55,-5.79,-0.33,-2.12,2.88,1.05,1,0,0
2.61,-0.73,-2.35,1.71,2.26,-0.29,-2.94,0.29,3.34,2.98,-1.0,-2.17,-0.29,-2.53,0.79,-1.34,1,0,0
0.81,2.29,-0.73,0.04,1.1,-1.19,-2.22,-0.1,4.56,4.25,-3.44,-2.84,3.51,1.69,-1.94,1.48,1,0,0
2.47,8.34,2.46,-8.88,4.12,-0.91,-1.14,-1.63,-0.53,3.42,-3.51,2.32,3.94,-4.8,-5.62,5.18,1,0,0
-4.46,-0.96,0.62,-2.05,-3.04,-0.14,-1.6,3.49,0.13,0.19,2.45,2.15,-1.1,0.46,-1.63,-2.53,1,0,0
-0.4,-4.37,-2.95,3.13,-0.01,0.19,2.61,-3.47,0.39,-0.38,0.29,-2.62,0.35,4.63,2.95,-2.5,1,0,0
-1.18,0.88,2.55,-0.73,0.97,0.52,3.85,0.48,-1.53,3.94,0.96,-0.51,-1.37,-1.86,-1.09,-0.34,1,0,0
-0.68,-2.77,-2.16,1.62,1.68,0.41,-3.85,-0.25,1.34,1.79,-2.49,1.9,0.39,-0.8,0.67,-1.34,1,0,0
2.69,4.98,2.85,1.05,4.57,-3.49,-2.83,-5.59,3.4,-1.78,-5.47,-1.32,0.71,-1.01,3.53,5.07,1,0,0
1.75,2.43,2.17,-0.75,0.93,1.99,-4.71,-0.41,4.32,-0.52,-3.29,-0.27,-3.25,-1.07,1.55,1.64,1,0,0
-1.2,-0.02,-1.12,0.01,-0.81,-2.78,-0.27,-0.16,0.8,0.85,2.66,-3.01,-0.59,2.67,-3.25,-3.33,1,0,0
2.04,-4.09,0.34,2.84,0.43,4.3,0.67,1.66,1.44,2.26,2.32,-3.51,-8.93,-2.6,-0.13,-4.78,1,0,0
-1.7,4.08,2.61,-3.97,-2.12,-3.27,1.03,-1.76,-2.97,-2.62,3.17,-0.07,1.63,1.66,1.73,2.36,1,0,0
-1.01,-3.49,-0.39,2.26,-2.12,-2.69,-2.11,-2.13,-2.26,-0.82,-0.48,1.59,0.51,0.51,3.88,1.8,1,0,0
0.64,-2.65,-5.68,-3.07,-1.84,-0.75,-0.82,1.37,-0.5,3.15,1.94,-1.93,2.48,0.84,-2.26,-0.69,1,0,0
1.1,5.16,-0.78,-2.57,-0.61,-4.77,1.11,-2.88,2.03,1.7,-5.58,-0.08,1.1,2.03,-3.79,1.63,1,0,0
-0.9,-6.85,-5.92,2.49,-6.04,2.51,-0.2,-1.23,-0.72,-1.8,2.85,-1.21,-0.98,5.84,2.21,-4.84,1,0,0
-0.15,-1.86,-4.97,-0.54,-1.45,2.61,-1.91,-1.99,1.38,-0.31,-4.36,5.14,1.62,0.26,-1.05,-1.96,1,0,0
-3.21,1.23,-0.55,0.57,-1.78,-5.5,-1.08,2.79,1.85,-1.76,-0.91,0.24,-2.66,2.04,3.5,-0.11,1,0,0
-2.82,1.3,1.75,-0.5,0.56,-0.68,-0.73,0.01,-0.64,-2.21,1.39,1.74,-5.28,0.72,-1.27,-4.17,1,0,0
-1.94,-1.44,-2.6,0.82,-6.82,-3.6,-1.18,3.42,0.42,-0.1,-1.03,0.89,-3.31,3.28,1.54,-1.58,1,0,0
-2.18,-1.53,-3.17,-0.59,1.61,-1.6,0.79,1.05,-2.24,6.96,1.79,0.2,2.76,-1.13,-5.88,-3.09,1,0,0
-1.59,-1.98,1.08,2.41,1.84,0.39,0.1,-1.53,-0.78,5.04,-0.65,-0.62,2.19,0.48,0.16,0.29,1,0,0
0.34,5.44,3.16,-5.2,-0.49,1.2,-2.51,0.51,0.53,-3.09,0.68,2.4,0.41,-4.14,2.87,3.88,1,0,0
-3.35,-0.79,0.11,2.37,0.21,2.73,-2.85,-1.37,3.26,-4.0,-0.05,1.59,-1.66,3.55,2.88,-4.23,1,0,0
0.29,-2.84,-0.08,2.71,-2.68,1.19,2.76,-3.9,0.25,-0.08,-3.64,-0.06,-2.48,2.39,2.51,0.16,1,0,0
1.78,5.14,2.43,-1.45,3.99,-3.98,0.53,-7.0,-1.4,0.47,-4.56,-0.17,2.54,0.85,0.17,5.18,1,0,0
-0.91,-1.27,-2.05,3.25,-3.81,-0.57,-2.25,1.97,4.3,-1.22,-1.04,-1.25,0.42,2.63,7.54,0.25,1,0,0
0.67,-0.32,0.2,-0.62,1.19,-1.2,0.85,-5.07,-1.35,-1.55,-4.0,1.99,-1.04,-0.4,0.56,2.83,1,0,0
0.36,-0.71,-2.66,-2.67,0.53,-2.04,-4.15,-2.22,-1.52,-0.58,-1.78,1.77,-2.48,0.1,-5.64,-0.01,1,0,0
-1.67,0.23,0.28,4.3,0.83,-3.51,-0.24,2.39,4.11,1.64,0.22,-5.04,-4.06,4.43,2.08,-3.51,1,0,0
-1.6,1.54,3.69,0.89,2.07,-4.65,3.02,1.02,-2.65,4.74,-0.36,-0.39,-1.43,-2.63,1.05,2.32,1,0,0
0.57,-4.93,0.97,2.91,3.33,4.3,-0.08,-5.6,-1.63,-2.37,-1.28,1.01,-8.07,-0.39,1.04,-3.28,1,0,0
-0.34,2.3,-0.27,0.19,-0.15,-3.39,1.81,-1.47,-0.15,0.88,-0.49,-1.0,0.28,1.91,1.0,-1.24,1,0,0
-0.22,-2.69,-2.1,1.59,-0.1,1.68,-0.48,2.26,1.46,1.66,-0.02,0.32,-3.45,-2.05,1.1,-3.31,1,0,0
-1.98,-6.06,-2.36,7.33,-3.62,1.31,-1.99,0.03,4.9,-2.71,-3.39,0.99,-5.34,5.18,4.28,-5.53,1,0,0
-0.82,-5.61,-4.27,-0.66,0.21,4.49,-1.43,1.35,-0.49,1.17,2.66,0.72,-2.71,-1.58,-2.78,-4.19,1,0,0
-0.61,-3.53,0.03,0.93,-1.63,1.34,-1.11,-1.0,-1.13,-3.28,1.34,1.35,-5.53,-1.07,2.55,-1.93,1,0,0
0.63,-1.1,-0.45,1.69,2.64,-0.03,0.93,-3.79,-0.25,2.51,-1.77,-0.77,-1.07,-0.06,-2.3,-1.33,1,0,0
-3.11,-2.67,-1.25,-0.73,0.94,0.46,-4.07,0.02,0.29,1.23,-1.28,2.38,-0.18,0.85,-2.94,-1.2,1,0,0
-3.28,0.03,1.78,0.05,-2.74,-2.97,1.47,-0.5,-0.37,-2.73,-0.39,1.25,-4.23,3.02,1.05,-1.41,1,0,0
-1.77,0.82,0.02,-0.56,-1.15,-1.49,0.22,0.6,0.39,1.11,-1.85,0.43,-0.54,2.72,2.23,-0.05,1,0,0
0.14,3.25,1.87,2.24,-1.34,-8.93,0.97,-0.82,1.39,-1.36,-1.15,-4.16,-4.98,3.42,2.74,0.86,1,0,0
-0.23,-1.9,-5.6,1.55,-0.92,-2.54,1.84,-0.32,1.3,2.68,-3.53,-0.69,-1.25,3.77,-1.23,-3.44,1,0,0
-3.26,-2.51,-1.04,0.97,-4.93,-1.67,3.74,0.01,-1.35,-0.28,2.32,-1.71,-3.65,5.61,-1.64,-3.8,1,0,0
1.79,-0.32,-1.08,-1.36,-2.72,1.06,1.01,-0.46,-0.69,2.2,1.57,-1.36,-0.22,-1.32,-0.6,-0.08,1,0,0
-2.23,1.05,-1.63,2.93,-5.26,-1.05,1.66,1.39,3.6,-4.68,0.86,-0.82,-3.1,5.29,5.58,-4.8,1,0,0
-1.44,-0.87,2.1,-2.26,2.49,5.8,0.71,1.58,0.71,1.23,2.24,0.47,-5.2,-1.43,-3.22,-4.21,1,0,0
1.48,0.97,-0.63,-2.22,-1.0,1.6,-4.56,-0.84,1.81,-0.58,-1.25,0.88,1.25,-1.81,0.54,2.33,1,0,0
-1.48,-2.66,1.49,3.43,3.47,-1.57,0.47,-5.5,-2.58,0.37,-2.23,2.18,-0.19,-0.79,2.98,0.91,1,0,0
1.67,-4.42,-2.54,3.16,-0.28,3.4,-0.19,-4.4,1.25,-2.15,-2.75,0.33,-2.51,1.02,4.47,-1.29,1,0,0
2.23,-3.72,-1.13,2.19,-2.32,1.58,1.97,-1.84,0.83,1.45,-0.6,-2.9,-3.74,0.69,1.26,-1.07,1,0,0
-1.7,-1.55,-3.79,3.87,-4.5,-1.97,-2.68,0.35,4.09,-3.26,-1.38,0.31,0.36,5.51,5.87,-3.45,1,0,0
6.99,2.01,-1.2,0.94,-3.78,-0.08,-1.62,0.38,1.27,1.49,2.95,-5.8,-0.07,-3.08,5.27,1.95,1,0,0
-0.91,3.49,2.45,-2.92,3.69,-1.1,-3.47,-2.47,0.87,-2.24,-3.5,3.62,1.07,-1.35,0.84,3.4,1,0,0
-0.47,-1.39,-2.44,-4.51,0.64,1.47,-2.61,1.41,1.49,2.6,-2.41,1.53,0.14,-1.19,-4.51,1.07,1,0,0
-0.47,1.28,-0.84,-2.07,1.79,-2.75,-0.63,-2.16,-0.89,0.25,-1.23,1.4,2.39,-1.91,0.11,2.34,1,0,0
1.26,4.67,2.49,-0.4,-0.78,-1.49,-0.04,0.07,2.32,0.83,0.85,-3.17,-2.06,-0.3,0.37,-0.13,1,0,0
-0.63,3.98,1.21,-4.77,-1.03,1.77,1.42,-2.75,-2.85,-2.42,3.63,1.11,0.64,0.18,-1.93,-1.19,1,0,0
-1.37,0.3,-0.36,-1.9,2.18,3.36,-0.1,-1.37,0.42,-1.02,0.03,2.4,-2.36,0.18,-1.41,-3.74,1,0,0
-0.66,1.42,-0.7,-3.34,0.98,-3.82,-1.95,-1.92,-1.07,0.01,-0.53,0.37,1.54,1.0,-2.45,1.99,1,0,0
0.64,1.8,0.45,0.69,-0.83,-4.83,-2.48,-2.72,0.93,-2.15,-0.69,-2.8,-3.98,3.63,-1.02,-0.68,1,0,0
2.53,-0.45,-0.59,1.67,-4.02,0.33,3.0,-1.48,1.18,1.49,1.79,-6.15,-4.14,2.79,-0.84,-2.37,1,0,0
-0.29,2.6,-1.51,-3.41,-0.74,-3.07,-0.29,1.62,0.75,5.64,-4.09,0.45,2.08,0.81,-3.31,2.09,1,0,0
-3.37,-0.48,2.47,3.92,1.42,-1.11,0.01,1.51,0.87,2.35,1.91,-1.85,-1.95,1.3,2.74,-2.44,1,0,0
-0.62,3.91,1.08,-1.94,0.3,-1.67,-3.57,-2.23,1.23,0.39,-5.73,3.97,2.81,-0.22,-0.2,3.64,1,0,0
2.45,1.26,-4.4,2.01,-3.94,-5.54,1.94,3.51,2.55,8.63,-0.11,-5.39,5.88,-0.08,2.11,0.93,1,0,0
1.83,3.73,2.54,0.38,-1.19,-4.07,2.18,0.43,-0.61,1.93,0.13,-2.68,-2.18,-2.58,3.35,3.17,1,0,0
2.93,0.37,-2.64,-1.9,0.12,-2.73,-3.61,-5.93,-1.32,-0.53,-3.62,1.25,4.32,-1.01,0.98,5.26,1,0,0
1.6,1.8,0.3,-0.32,-1.6,-1.91,-4.02,-1.23,0.54,-1.97,0.81,-0.65,0.49,-1.01,3.92,2.1,1,0,0
-0.94,1.94,5.06,-3.18,0.76,2.12,-1.18,-1.28,-2.63,1.36,-0.36,4.2,2.57,-5.74,2.03,5.27,1,0,0
0.39,1.04,-1.03,0.58,0.72,0.85,0.42,-3.86,2.33,-3.79,-4.28,2.59,-2.52,-0.26,2.48,-0.48,1,0,0
-0.86,0.35,-2.28,1.27,-2.32,-2.12,-1.87,1.8,2.51,0.33,2.35,-1.91,2.47,-0.04,2.18,-0.71,1,0,0
0.5,1.09,-0.14,-2.44,-2.58,-0.77,-0.67,-0.34,-0.59,-0.44,1.22,-1.16,0.27,0.7,2.03,1.88,1,0,0
-1.68,2.86,0.67,0.19,0.46,-3.26,-2.52,0.6,-0.39,1.28,3.03,-0.77,1.01,-0.21,-1.0,-1.69,1,0,0
-2.13,4.44,-1.42,-0.1,2.89,-5.73,4.04,0.47,0.11,5.96,-4.52,2.2,4.94,-1.7,-0.72,1.01,1,0,0
2.34,-2.26,-1.86,-1.46,-3.33,2.62,1.14,-4.66,-2.18,-1.67,-1.96,0.55,-1.9,2.01,0.69,0.9,1,0,0
-1.56,1.07,-1.6,-0.35,-5.63,-2.84,1.38,3.72,0.09,2.61,4.62,-2.92,0.68,2.36,-1.25,-2.99,1,0,0
0.91,0.13,-0.31,1.03,5.47,2.01,-1.4,-0.91,2.89,2.59,-5.28,1.69,-3.08,-2.94,-0.23,-0.91,1,0,0
-1.97,3.68,-0.5,1.16,-0.9,-4.86,-3.74,-0.48,2.16,-1.28,-0.73,-0.24,2.72,3.16,1.52,0.66,1,0,0
0.54,0.28,1.6,2.97,0.13,-2.49,-1.36,-2.83,1.38,-2.79,-0.94,-1.07,-0.94,-0.23,6.49,1.91,1,0,0
2.94,-4.07,-4.61,0.86,-5.05,1.22,0.32,1.35,-1.9,4.35,1.57,-0.66,1.62,-3.55,2.72,0.05,1,0,0
0.01,0.52,-0.42,-2.28,-0.15,2.61,-1.01,-4.41,0.15,-1.92,-4.17,2.61,-1.68,2.65,-1.44,0.24,1,0,0
0.37,1.59,-0.96,-1.93,-2.05,0.46,-4.38,0.31,1.92,1.42,-2.12,1.84,3.08,-0.38,-0.57,1.67,1,0,0
-2.46,0.85,-2.17,1.9,3.14,-3.47,1.29,-1.58,4.96,3.77,-6.35,-0.75,1.84,3.85,-3.26,-1.4,1,0,0
-3.3,1.84,2.93,-0.51,1.97,0.81,-3.62,-1.51,1.09,-2.21,0.16,1.11,-3.08,3.21,-1.72,-3.01,1,0,0
0.16,5.39,3.09,0.51,3.28,-0.77,-0.33,0.4,1.95,3.87,0.82,-2.91,-0.35,0.03,-1.81,-1.54,1,0,0
3.76,-0.79,-2.31,0.65,-1.78,0.84,-2.09,-3.74,2.54,1.79,-4.9,-1.04,0.18,-1.13,-0.81,2.98,1,0,0
2.49,0.71,-2.16,1.17,0.61,-2.41,-3.18,1.04,3.27,3.4,-1.81,-2.82,-2.46,-0.78,-1.53,-1.5,1,0,0
1.74,-5.18,-5.88,0.0,-4.61,2.14,-2.87,-0.2,-2.01,1.15,2.85,-0.51,0.22,-0.06,-1.29,-2.37,1,0,0
2.7,-3.1,-1.13,1.47,-6.2,4.55,3.83,0.01,-1.78,-0.11,4.33,-2.48,-3.72,-0.23,4.99,-2.33,1,0,0
-1.02,-1.25,3.06,2.75,5.43,-0.6,1.81,-6.47,-3.12,1.07,-2.53,0.91,-2.23,0.64,0.71,-0.02,1,0,0
-2.38,-3.53,-0.82,1.3,-0.06,1.66,-1.52,0.39,0.83,-1.23,3.53,0.62,1.55,-1.36,4.11,-2.06,1,0,0
2.75,4.08,1.35,0.99,0.63,1.17,1.64,-1.46,1.0,-1.02,2.29,-2.43,-3.04,-3.47,3.0,-1.6,1,0,0
0.93,-1.29,-0.1,-0.15,1.28,3.64,2.45,0.3,0.75,4.86,1.55,-3.69,-2.12,-0.98,-1.88,-1.61,1,0,0
0.2,3.68,1.98,-2.09,-0.69,-3.34,-0.12,-5.28,-0.52,-2.57,-3.98,0.59,-2.0,3.47,-0.64,2.89,1,0,0
1.82,2.95,2.84,1.38,1.16,-1.52,1.9,-5.81,-0.33,4.39,-2.21,-2.7,2.54,0.48,-1.6,2.63,1,0,0
-0.34,-1.15,-4.84,-0.21,-1.6,-1.07,-3.32,2.41,1.66,0.1,-1.28,1.57,-1.14,-0.96,0.58,-1.4,1,0,0
-0.09,-4.21,-0.5,2.56,-2.35,3.4,-0.34,-1.23,1.82,-4.63,0.39,0.66,-2.86,0.36,8.19,-1.92,1,0,0
-4.09,-1.42,-0.19,0.32,2.68,-2.65,-1.65,0.36,-0.63,3.56,-3.02,3.76,2.01,-0.23,-2.51,-0.27,1,0,0
4.11,0.77,1.07,1.8,1.01,2.86,2.27,-3.31,2.2,1.44,1.29,-5.53,-4.13,-1.77,-0.15,-1.15,1,0,0
-3.51,2.71,1.14,1.66,4.05,-3.01,-2.67,1.28,2.1,0.95,-3.58,3.33,-0.13,-0.21,1.67,-1.25,1,0,0
-0.86,-1.76,0.41,2.01,-3.63,-1.96,0.21,1.73,-1.31,1.03,2.12,-1.0,-2.31,-0.36,4.46,0.23,1,0,0
2.99,0.26,-0.72,2.45,-1.75,3.01,-1.26,-2.33,4.6,-0.43,-0.32,-3.09,-2.51,0.6,-0.7,-2.52,1,0,0
1.44,2.59,-2.13,-4.12,-3.88,0.36,4.85,-2.03,-2.54,0.89,0.8,0.3,2.56,0.84,-1.33,-0.31,1,0,0
